0,1,692.10,191.92,199.80,485.77,0.95,-1,-1,-1
0,2,360.45,189.00,165.15,485.10,0.94,-1,-1,-1
0,3,910.80,203.40,145.80,461.25,0.94,-1,-1,-1
0,4,637.65,269.10,47.70,121.95,0.91,-1,-1,-1
0,5,616.05,264.38,48.60,119.70,0.88,-1,-1,-1
0,6,268.65,280.57,34.20,75.60,0.87,-1,-1,-1
0,7,325.12,284.17,23.85,54.90,0.86,-1,-1,-1
0,8,689.40,274.95,43.20,108.90,0.85,-1,-1,-1
0,9,348.30,283.27,22.95,55.80,0.82,-1,-1,-1
0,10,314.77,286.42,19.80,50.85,0.76,-1,-1,-1
1,1,683.93,189.23,190.60,491.08,0.96,-1,-1,-1
1,2,359.13,188.10,164.52,482.41,0.94,-1,-1,-1
1,3,896.12,202.03,155.30,465.59,0.95,-1,-1,-1
1,4,636.49,270.16,48.52,120.84,0.91,-1,-1,-1
1,5,616.05,264.46,46.30,120.54,0.88,-1,-1,-1
1,6,268.46,280.71,35.40,77.59,0.84,-1,-1,-1
1,7,324.19,284.11,23.87,55.71,0.86,-1,-1,-1
1,8,688.27,275.62,43.24,110.51,0.79,-1,-1,-1
1,9,346.98,283.21,23.36,56.61,0.82,-1,-1,-1
1,10,314.22,286.76,19.43,50.87,0.73,-1,-1,-1
2,1,674.28,185.97,192.58,497.60,0.96,-1,-1,-1
2,2,357.32,187.77,164.21,474.37,0.94,-1,-1,-1
2,3,867.91,201.96,176.45,468.28,0.94,-1,-1,-1
2,4,635.58,270.70,48.66,121.00,0.92,-1,-1,-1
2,5,616.39,264.84,44.46,119.63,0.89,-1,-1,-1
2,6,268.24,280.74,36.64,77.59,0.83,-1,-1,-1
2,7,323.84,284.80,23.17,54.80,0.85,-1,-1,-1
2,8,687.00,276.27,43.24,116.03,0.80,-1,-1,-1
2,9,345.35,282.68,23.78,57.45,0.83,-1,-1,-1
2,10,313.07,286.46,19.36,50.88,0.68,-1,-1,-1
2,11,1192.50,261.90,72.00,189.00,0.81,-1,-1,-1
2,12,1022.40,212.40,426.60,1128.60,0.71,-1,-1,-1
3,1,665.34,184.45,196.69,503.03,0.96,-1,-1,-1
3,2,355.67,185.74,164.93,470.92,0.94,-1,-1,-1
3,3,837.43,202.12,203.85,470.81,0.94,-1,-1,-1
3,4,634.30,270.63,47.98,122.75,0.92,-1,-1,-1
3,5,616.16,264.55,44.66,119.99,0.88,-1,-1,-1
3,6,268.64,280.85,37.35,77.18,0.83,-1,-1,-1
3,7,322.82,284.78,23.64,55.17,0.84,-1,-1,-1
3,8,685.94,276.75,42.54,112.73,0.81,-1,-1,-1
3,9,344.28,282.61,23.90,58.02,0.84,-1,-1,-1
3,10,312.31,285.60,19.34,51.55,0.59,-1,-1,-1
3,11,1189.19,261.92,76.37,180.09,0.80,-1,-1,-1
3,13,473.85,264.38,53.10,149.85,0.81,-1,-1,-1
3,14,1240.20,252.00,54.00,203.85,0.73,-1,-1,-1
4,1,655.49,183.24,200.03,509.10,0.96,-1,-1,-1
4,2,352.84,183.95,166.18,470.27,0.94,-1,-1,-1
4,3,815.07,204.21,230.00,472.88,0.95,-1,-1,-1
4,4,633.58,270.44,47.09,123.66,0.91,-1,-1,-1
4,5,614.06,264.63,42.76,120.79,0.89,-1,-1,-1
4,6,268.89,281.40,37.56,76.37,0.83,-1,-1,-1
4,7,321.82,284.78,24.13,55.97,0.82,-1,-1,-1
4,8,684.64,277.74,40.30,109.39,0.53,-1,-1,-1
4,9,342.95,283.12,24.58,58.19,0.84,-1,-1,-1
4,10,311.73,285.19,19.34,52.77,0.56,-1,-1,-1
4,11,1185.99,261.94,88.13,183.67,0.89,-1,-1,-1
4,13,477.36,263.97,50.99,150.65,0.85,-1,-1,-1
4,14,1227.63,252.18,77.08,197.16,0.76,-1,-1,-1
4,15,234.22,288.45,18.90,50.85,0.71,-1,-1,-1
5,1,647.37,183.23,203.68,512.51,0.95,-1,-1,-1
5,2,349.58,182.61,168.05,471.33,0.93,-1,-1,-1
5,3,802.83,206.54,246.29,475.02,0.94,-1,-1,-1
5,4,632.11,270.04,46.81,123.29,0.91,-1,-1,-1
5,5,613.07,264.66,41.51,121.05,0.89,-1,-1,-1
5,6,269.04,281.58,37.91,76.42,0.85,-1,-1,-1
5,7,321.39,284.78,23.66,55.91,0.81,-1,-1,-1
5,9,342.27,282.83,24.49,58.86,0.83,-1,-1,-1
5,10,310.98,285.87,19.67,52.52,0.59,-1,-1,-1
5,11,1182.17,262.25,92.34,185.80,0.92,-1,-1,-1
5,13,479.12,264.27,60.43,154.31,0.85,-1,-1,-1
5,14,1223.91,253.26,81.11,189.52,0.83,-1,-1,-1
5,15,231.68,287.92,20.00,51.60,0.73,-1,-1,-1
6,1,639.22,186.55,206.15,512.56,0.95,-1,-1,-1
6,2,346.86,183.25,166.81,473.38,0.94,-1,-1,-1
6,3,798.54,209.21,254.18,475.80,0.94,-1,-1,-1
6,4,630.36,269.87,46.73,124.43,0.90,-1,-1,-1
6,5,612.11,264.33,41.80,122.43,0.88,-1,-1,-1
6,6,269.13,281.76,38.33,79.00,0.86,-1,-1,-1
6,7,320.72,285.05,23.17,55.90,0.81,-1,-1,-1
6,9,341.68,283.31,24.13,58.47,0.84,-1,-1,-1
6,10,310.01,286.73,20.10,52.74,0.66,-1,-1,-1
6,11,1177.70,263.22,94.74,186.06,0.91,-1,-1,-1
6,13,480.65,264.28,65.54,156.90,0.88,-1,-1,-1
6,14,1219.60,254.52,86.68,186.31,0.83,-1,-1,-1
6,15,229.34,288.01,21.24,52.11,0.81,-1,-1,-1
7,1,630.55,190.49,209.48,513.20,0.96,-1,-1,-1
7,2,343.24,183.44,167.63,476.27,0.94,-1,-1,-1
7,3,795.23,212.35,260.38,470.14,0.94,-1,-1,-1
7,4,628.64,269.72,45.48,126.68,0.90,-1,-1,-1
7,5,611.27,264.27,40.69,123.24,0.87,-1,-1,-1
7,6,269.36,282.21,38.47,78.08,0.84,-1,-1,-1
7,7,320.56,285.23,22.69,55.90,0.80,-1,-1,-1
7,9,341.42,283.58,23.68,58.62,0.83,-1,-1,-1
7,10,310.05,287.28,19.64,52.50,0.56,-1,-1,-1
7,11,1173.22,263.54,99.10,186.71,0.91,-1,-1,-1
7,13,483.15,264.15,71.56,159.97,0.90,-1,-1,-1
7,14,1215.72,255.90,91.15,186.96,0.83,-1,-1,-1
7,15,227.82,288.54,21.34,51.57,0.73,-1,-1,-1
8,1,622.79,193.98,212.38,513.95,0.95,-1,-1,-1
8,2,339.59,184.04,169.09,478.67,0.94,-1,-1,-1
8,3,797.42,215.49,260.39,466.80,0.95,-1,-1,-1
8,4,627.42,269.70,44.40,126.85,0.88,-1,-1,-1
8,5,610.04,264.28,40.32,123.19,0.88,-1,-1,-1
8,6,269.63,282.53,39.09,79.55,0.85,-1,-1,-1
8,7,320.41,285.76,22.51,55.88,0.80,-1,-1,-1
8,9,340.93,283.99,24.13,58.65,0.85,-1,-1,-1
8,10,309.52,287.49,20.08,53.00,0.64,-1,-1,-1
8,11,1164.29,264.31,106.57,186.84,0.94,-1,-1,-1
8,13,487.67,264.28,70.58,159.57,0.89,-1,-1,-1
8,14,1214.21,257.17,93.88,186.62,0.83,-1,-1,-1
8,15,227.06,289.01,20.73,51.36,0.72,-1,-1,-1
9,1,614.79,199.53,213.99,514.10,0.95,-1,-1,-1
9,2,336.82,185.23,168.11,480.78,0.95,-1,-1,-1
9,3,799.58,215.04,253.31,468.01,0.95,-1,-1,-1
9,4,625.79,269.55,43.42,125.66,0.88,-1,-1,-1
9,5,607.46,264.60,42.10,124.07,0.87,-1,-1,-1
9,6,269.87,283.28,39.62,80.98,0.83,-1,-1,-1
9,7,320.06,286.28,22.46,55.87,0.74,-1,-1,-1
9,9,340.47,284.62,23.38,58.34,0.80,-1,-1,-1
9,10,309.19,288.20,19.93,52.87,0.50,-1,-1,-1
9,11,1156.91,265.34,106.95,186.82,0.94,-1,-1,-1
9,13,493.65,264.65,69.18,159.93,0.91,-1,-1,-1
9,14,1207.12,258.65,100.81,184.35,0.87,-1,-1,-1
9,15,225.01,289.16,20.42,51.96,0.71,-1,-1,-1
10,1,609.71,202.90,213.86,515.40,0.95,-1,-1,-1
10,2,333.03,187.02,170.27,483.54,0.95,-1,-1,-1
10,3,801.99,213.58,238.84,467.23,0.94,-1,-1,-1
10,4,625.27,270.09,42.47,123.67,0.87,-1,-1,-1
10,5,605.07,265.00,42.74,125.59,0.87,-1,-1,-1
10,6,269.96,283.50,39.79,82.11,0.84,-1,-1,-1
10,7,319.81,286.88,22.14,55.86,0.66,-1,-1,-1
10,9,340.19,285.27,22.16,57.61,0.76,-1,-1,-1
10,10,309.11,288.57,19.57,53.12,0.39,-1,-1,-1
10,11,1152.97,267.41,109.16,185.84,0.95,-1,-1,-1
10,13,499.46,265.22,69.05,160.60,0.92,-1,-1,-1
10,14,1202.17,259.77,106.84,184.60,0.87,-1,-1,-1
10,15,223.74,289.63,20.31,51.85,0.75,-1,-1,-1
11,1,604.56,204.64,216.54,515.59,0.94,-1,-1,-1
11,2,328.73,189.26,172.57,486.93,0.94,-1,-1,-1
11,3,806.53,210.66,217.92,470.25,0.94,-1,-1,-1
11,4,623.91,270.05,42.12,122.86,0.88,-1,-1,-1
11,5,603.34,265.52,42.36,124.88,0.87,-1,-1,-1
11,6,270.16,283.43,39.51,82.18,0.85,-1,-1,-1
11,7,319.73,287.26,21.40,55.84,0.66,-1,-1,-1
11,9,339.80,286.73,21.08,56.09,0.66,-1,-1,-1
11,10,308.03,288.25,20.33,53.78,0.38,-1,-1,-1
11,11,1152.00,269.20,112.14,184.46,0.94,-1,-1,-1
11,13,505.51,266.39,70.03,159.50,0.90,-1,-1,-1
11,14,1199.49,260.42,109.02,184.07,0.85,-1,-1,-1
11,15,222.75,289.96,20.26,52.10,0.79,-1,-1,-1
11,16,489.60,293.85,27.90,79.20,0.82,-1,-1,-1
12,1,598.16,206.14,221.79,515.48,0.93,-1,-1,-1
12,2,324.43,191.49,171.73,490.00,0.94,-1,-1,-1
12,3,811.41,205.48,194.83,475.60,0.94,-1,-1,-1
12,4,623.51,270.39,41.44,121.99,0.88,-1,-1,-1
12,5,602.78,266.82,41.65,123.73,0.87,-1,-1,-1
12,6,270.12,283.79,39.41,83.41,0.85,-1,-1,-1
12,7,319.17,287.93,21.46,55.55,0.72,-1,-1,-1
12,9,339.14,287.19,20.72,56.16,0.72,-1,-1,-1
12,10,307.41,288.82,20.62,53.44,0.50,-1,-1,-1
12,11,1154.40,271.20,112.05,183.39,0.93,-1,-1,-1
12,13,511.23,268.10,72.15,158.49,0.92,-1,-1,-1
12,14,1200.61,261.22,107.44,184.62,0.87,-1,-1,-1
12,15,221.55,290.16,19.63,51.59,0.69,-1,-1,-1
12,16,490.34,293.89,28.66,79.63,0.87,-1,-1,-1
13,1,598.27,206.41,213.64,512.48,0.94,-1,-1,-1
13,2,320.23,193.30,171.68,493.68,0.94,-1,-1,-1
13,3,818.33,205.38,159.90,478.63,0.94,-1,-1,-1
13,4,622.43,271.01,41.22,122.55,0.87,-1,-1,-1
13,5,601.05,268.25,42.01,121.74,0.88,-1,-1,-1
13,6,270.41,283.84,39.65,81.75,0.86,-1,-1,-1
13,7,318.68,288.23,21.19,55.72,0.66,-1,-1,-1
13,9,338.46,287.87,19.37,54.66,0.63,-1,-1,-1
13,10,307.05,289.24,20.72,53.59,0.36,-1,-1,-1
13,11,1155.35,272.50,111.82,182.63,0.96,-1,-1,-1
13,13,515.31,268.91,75.24,158.03,0.92,-1,-1,-1
13,14,1201.01,262.07,106.61,185.44,0.87,-1,-1,-1
13,15,220.74,291.22,19.71,51.08,0.63,-1,-1,-1
13,16,491.15,293.98,28.81,79.72,0.88,-1,-1,-1
14,1,597.81,205.45,201.82,511.01,0.95,-1,-1,-1
14,2,316.79,195.36,172.37,495.35,0.95,-1,-1,-1
14,3,818.70,208.41,146.04,478.46,0.95,-1,-1,-1
14,4,621.74,271.31,41.77,124.28,0.83,-1,-1,-1
14,5,600.43,268.99,41.54,120.39,0.87,-1,-1,-1
14,6,271.81,284.04,38.53,80.48,0.86,-1,-1,-1
14,7,318.32,288.69,21.09,55.19,0.55,-1,-1,-1
14,9,338.21,288.30,18.58,53.51,0.14,-1,-1,-1
14,10,307.64,289.74,20.16,53.34,0.31,-1,-1,-1
14,11,1157.02,273.20,110.40,182.36,0.96,-1,-1,-1
14,13,521.98,269.26,75.76,157.24,0.92,-1,-1,-1
14,14,1204.81,261.70,95.50,184.26,0.85,-1,-1,-1
14,15,215.40,292.85,20.66,50.59,0.72,-1,-1,-1
14,16,491.76,293.64,28.84,80.77,0.88,-1,-1,-1
15,1,596.78,204.67,192.93,505.73,0.95,-1,-1,-1
15,2,313.38,195.58,174.29,495.58,0.94,-1,-1,-1
15,3,811.34,206.79,146.16,483.90,0.96,-1,-1,-1
15,4,620.94,272.09,41.36,122.18,0.84,-1,-1,-1
15,5,600.58,269.63,40.74,118.33,0.85,-1,-1,-1
15,6,272.64,284.29,38.68,80.57,0.87,-1,-1,-1
15,7,318.18,289.03,20.75,55.27,0.65,-1,-1,-1
15,10,308.18,290.11,19.32,52.91,0.44,-1,-1,-1
15,11,1157.58,273.21,104.89,182.80,0.95,-1,-1,-1
15,13,527.43,268.06,79.34,158.08,0.93,-1,-1,-1
15,14,1206.26,262.55,83.41,182.88,0.88,-1,-1,-1
15,15,213.74,293.94,21.22,50.09,0.73,-1,-1,-1
15,16,493.33,294.11,28.15,79.04,0.85,-1,-1,-1
16,1,597.00,202.55,185.53,491.79,0.95,-1,-1,-1
16,2,309.20,196.44,176.57,495.58,0.94,-1,-1,-1
16,3,802.84,210.80,150.19,484.70,0.96,-1,-1,-1
16,4,619.83,272.57,42.46,125.93,0.80,-1,-1,-1
16,5,600.74,270.65,41.09,120.64,0.82,-1,-1,-1
16,6,273.35,284.46,38.74,82.41,0.84,-1,-1,-1
16,7,317.82,289.08,20.64,55.62,0.62,-1,-1,-1
16,10,308.07,290.92,19.32,52.16,0.44,-1,-1,-1
16,11,1156.92,272.87,99.06,183.61,0.92,-1,-1,-1
16,13,534.37,269.01,76.06,159.31,0.92,-1,-1,-1
16,14,1209.65,261.91,72.66,184.26,0.84,-1,-1,-1
16,15,213.58,292.74,22.64,51.76,0.79,-1,-1,-1
16,16,494.83,294.65,27.27,79.11,0.87,-1,-1,-1
17,1,599.45,199.13,178.63,490.03,0.95,-1,-1,-1
17,2,304.49,196.44,180.71,495.78,0.94,-1,-1,-1
17,3,794.13,211.25,156.42,487.45,0.96,-1,-1,-1
17,4,618.26,273.03,41.69,126.41,0.62,-1,-1,-1
17,5,599.33,270.70,44.24,132.85,0.77,-1,-1,-1
17,6,274.07,285.12,39.67,84.57,0.83,-1,-1,-1
17,7,317.72,289.39,20.01,55.44,0.65,-1,-1,-1
17,10,308.50,291.22,19.03,52.48,0.44,-1,-1,-1
17,11,1156.13,272.80,96.82,184.20,0.92,-1,-1,-1
17,13,540.45,268.89,78.77,162.75,0.92,-1,-1,-1
17,14,1210.18,262.03,69.04,185.70,0.84,-1,-1,-1
17,15,213.65,292.75,22.81,52.96,0.81,-1,-1,-1
17,16,495.61,295.13,27.64,81.06,0.89,-1,-1,-1
18,1,600.79,197.24,173.76,490.06,0.96,-1,-1,-1
18,2,301.57,194.76,181.65,498.05,0.94,-1,-1,-1
18,3,786.56,213.49,160.90,489.92,0.96,-1,-1,-1
18,4,617.05,274.37,43.22,130.16,0.38,-1,-1,-1
18,5,598.77,270.70,44.82,137.06,0.74,-1,-1,-1
18,6,275.44,286.09,39.41,84.20,0.83,-1,-1,-1
18,7,316.87,289.48,19.17,55.07,0.38,-1,-1,-1
18,10,309.07,291.46,18.62,52.30,0.18,-1,-1,-1
18,11,1154.64,272.44,88.68,185.32,0.90,-1,-1,-1
18,13,546.95,269.12,75.07,166.39,0.90,-1,-1,-1
18,14,1198.16,261.12,79.46,187.21,0.85,-1,-1,-1
18,15,213.33,293.03,23.23,53.12,0.81,-1,-1,-1
18,16,496.42,295.43,28.40,81.75,0.87,-1,-1,-1
18,17,187.99,293.40,24.07,54.00,0.70,-1,-1,-1
19,1,601.80,194.86,169.01,493.26,0.95,-1,-1,-1
19,2,297.01,192.87,181.46,500.00,0.94,-1,-1,-1
19,3,779.80,214.17,165.60,492.38,0.95,-1,-1,-1
19,5,595.43,270.64,49.16,142.77,0.64,-1,-1,-1
19,6,276.81,286.55,39.30,83.72,0.85,-1,-1,-1
19,10,310.30,291.34,18.16,52.22,0.16,-1,-1,-1
19,11,1152.33,272.75,85.58,185.13,0.87,-1,-1,-1
19,13,554.10,268.72,80.07,171.29,0.88,-1,-1,-1
19,14,1204.81,260.38,69.89,188.91,0.86,-1,-1,-1
19,15,213.08,293.36,23.96,53.46,0.84,-1,-1,-1
19,16,497.37,296.26,28.67,81.36,0.87,-1,-1,-1
19,17,187.21,292.54,25.54,55.84,0.74,-1,-1,-1
20,1,602.26,193.84,164.96,496.97,0.95,-1,-1,-1
20,2,291.87,192.01,182.81,500.16,0.94,-1,-1,-1
20,3,774.45,219.32,168.58,490.92,0.95,-1,-1,-1
20,5,597.31,271.07,45.63,141.10,0.60,-1,-1,-1
20,6,277.47,286.87,40.14,83.51,0.75,-1,-1,-1
20,11,1150.25,272.08,84.54,186.22,0.88,-1,-1,-1
20,13,561.59,268.12,74.33,176.89,0.86,-1,-1,-1
20,14,1200.16,261.54,74.78,188.37,0.87,-1,-1,-1
20,15,213.35,293.19,24.52,54.47,0.82,-1,-1,-1
20,16,498.59,297.01,28.77,81.49,0.87,-1,-1,-1
20,17,187.48,292.27,25.32,55.85,0.64,-1,-1,-1
21,1,593.24,193.87,170.49,499.26,0.95,-1,-1,-1
21,2,286.73,191.55,183.33,497.10,0.94,-1,-1,-1
21,3,771.48,223.34,169.76,489.46,0.95,-1,-1,-1
21,6,277.49,286.85,40.17,87.91,0.58,-1,-1,-1
21,11,1150.25,272.09,81.77,186.94,0.89,-1,-1,-1
21,13,568.41,267.88,72.47,182.24,0.87,-1,-1,-1
21,14,1189.11,263.11,87.15,188.22,0.89,-1,-1,-1
21,15,213.50,293.00,24.81,55.15,0.76,-1,-1,-1
21,16,499.88,298.05,28.21,80.62,0.88,-1,-1,-1
21,17,188.31,290.14,25.40,57.58,0.62,-1,-1,-1
22,1,578.66,196.22,181.50,501.35,0.95,-1,-1,-1
22,2,281.84,190.09,182.96,497.09,0.93,-1,-1,-1
22,3,770.02,227.03,171.30,486.32,0.95,-1,-1,-1
22,6,278.08,286.59,38.37,88.07,0.67,-1,-1,-1
22,11,1149.10,273.00,80.79,186.91,0.89,-1,-1,-1
22,13,576.16,267.44,69.93,186.28,0.86,-1,-1,-1
22,14,1183.32,264.65,92.82,187.53,0.91,-1,-1,-1
22,15,215.09,293.55,24.60,55.10,0.70,-1,-1,-1
22,16,501.85,298.51,27.37,80.59,0.87,-1,-1,-1
22,17,189.55,290.18,24.75,57.13,0.65,-1,-1,-1
23,1,567.11,199.68,188.56,501.70,0.95,-1,-1,-1
23,2,277.54,189.69,180.10,499.62,0.94,-1,-1,-1
23,3,768.75,228.67,172.76,485.72,0.94,-1,-1,-1
23,6,279.27,286.48,35.54,86.62,0.68,-1,-1,-1
23,11,1148.12,273.51,84.18,186.91,0.92,-1,-1,-1
23,13,582.97,267.27,65.31,182.23,0.83,-1,-1,-1
23,14,1183.91,266.00,91.67,186.07,0.91,-1,-1,-1
23,15,217.66,294.35,23.25,53.87,0.70,-1,-1,-1
23,16,503.09,298.51,27.68,80.59,0.86,-1,-1,-1
23,17,190.56,290.89,23.87,56.28,0.67,-1,-1,-1
24,1,558.43,202.53,193.71,501.91,0.94,-1,-1,-1
24,2,273.97,189.74,179.02,501.98,0.95,-1,-1,-1
24,3,766.74,227.62,172.74,487.79,0.94,-1,-1,-1
24,6,281.81,287.25,30.48,80.37,0.58,-1,-1,-1
24,11,1143.13,274.31,89.03,186.93,0.93,-1,-1,-1
24,13,589.19,265.62,72.28,194.98,0.11,-1,-1,-1
24,14,1176.85,268.30,100.53,184.38,0.91,-1,-1,-1
24,15,218.88,295.16,23.70,53.11,0.78,-1,-1,-1
24,16,504.12,298.85,28.40,80.30,0.86,-1,-1,-1
24,17,191.90,292.01,23.27,55.33,0.65,-1,-1,-1
25,1,553.80,205.95,195.53,500.88,0.94,-1,-1,-1
25,2,270.20,188.51,179.36,506.53,0.95,-1,-1,-1
25,3,763.98,226.82,168.10,488.65,0.94,-1,-1,-1
25,6,283.55,289.56,26.38,71.17,0.10,-1,-1,-1
25,11,1136.32,275.64,94.35,186.71,0.94,-1,-1,-1
25,14,1173.36,269.30,104.89,183.98,0.92,-1,-1,-1
25,15,219.67,295.32,25.25,53.10,0.79,-1,-1,-1
25,16,505.96,298.26,28.06,80.76,0.87,-1,-1,-1
25,17,192.69,293.55,22.75,54.35,0.54,-1,-1,-1
26,1,553.81,209.65,197.44,498.17,0.94,-1,-1,-1
26,2,267.18,187.80,180.43,510.96,0.94,-1,-1,-1
26,3,760.26,225.89,162.76,489.01,0.95,-1,-1,-1
26,11,1131.63,277.18,101.07,185.90,0.94,-1,-1,-1
26,14,1171.72,269.95,108.89,184.17,0.91,-1,-1,-1
26,15,219.72,296.04,27.29,52.51,0.75,-1,-1,-1
26,16,507.89,297.93,27.33,81.83,0.86,-1,-1,-1
27,1,554.03,214.48,199.98,492.29,0.94,-1,-1,-1
27,2,264.37,187.58,181.50,515.94,0.94,-1,-1,-1
27,3,756.09,223.56,160.23,480.41,0.96,-1,-1,-1
27,11,1129.44,278.48,106.00,184.87,0.95,-1,-1,-1
27,14,1170.76,269.70,111.59,185.18,0.92,-1,-1,-1
27,15,220.84,296.96,27.08,51.99,0.67,-1,-1,-1
27,16,509.78,297.69,26.47,82.25,0.86,-1,-1,-1
28,1,551.58,213.80,200.77,492.99,0.93,-1,-1,-1
28,2,262.74,187.91,181.45,521.64,0.94,-1,-1,-1
28,3,751.89,221.60,159.21,472.07,0.95,-1,-1,-1
28,11,1130.16,279.01,107.85,185.03,0.96,-1,-1,-1
28,14,1169.67,269.34,109.04,185.54,0.92,-1,-1,-1
28,15,222.20,297.95,26.51,50.58,0.77,-1,-1,-1
28,16,510.66,297.39,28.58,82.69,0.86,-1,-1,-1
29,1,545.54,212.81,202.97,494.27,0.92,-1,-1,-1
29,2,260.08,188.87,183.07,526.81,0.95,-1,-1,-1
29,3,746.74,219.83,160.82,467.56,0.95,-1,-1,-1
29,11,1132.69,279.51,106.28,185.78,0.95,-1,-1,-1
29,14,1170.97,269.05,103.29,186.35,0.90,-1,-1,-1
29,15,224.15,298.15,25.18,50.99,0.70,-1,-1,-1
29,16,511.90,297.39,29.35,83.18,0.86,-1,-1,-1
29,18,132.07,290.02,52.65,166.95,0.78,-1,-1,-1
29,13,638.48,263.40,80.42,214.98,0.81,-1,-1,-1
30,1,538.33,213.03,203.80,487.53,0.94,-1,-1,-1
30,2,257.69,192.44,183.41,527.88,0.96,-1,-1,-1
30,3,741.02,218.74,163.87,465.44,0.95,-1,-1,-1
30,11,1135.47,279.80,100.87,186.18,0.92,-1,-1,-1
30,14,1173.91,268.01,93.76,186.34,0.88,-1,-1,-1
30,15,225.55,298.88,25.49,49.65,0.82,-1,-1,-1
30,16,512.58,297.88,30.83,83.05,0.87,-1,-1,-1
30,18,131.95,287.27,52.73,171.78,0.83,-1,-1,-1
30,13,645.02,264.44,88.40,217.29,0.86,-1,-1,-1
31,1,531.57,212.25,198.65,479.03,0.94,-1,-1,-1
31,2,255.47,194.62,184.03,530.15,0.96,-1,-1,-1
31,3,734.80,218.43,169.14,465.70,0.95,-1,-1,-1
31,11,1138.88,279.85,96.27,184.80,0.88,-1,-1,-1
31,14,1176.86,268.16,81.41,185.40,0.89,-1,-1,-1
31,15,227.35,298.72,25.07,49.74,0.82,-1,-1,-1
31,16,513.66,298.27,31.96,84.17,0.86,-1,-1,-1
31,18,131.06,289.32,52.92,170.65,0.81,-1,-1,-1
31,13,651.42,264.30,93.48,218.49,0.84,-1,-1,-1
31,19,211.27,297.22,17.10,47.70,0.71,-1,-1,-1
32,1,525.38,211.35,191.63,475.87,0.94,-1,-1,-1
32,2,253.32,195.12,184.66,530.53,0.95,-1,-1,-1
32,3,731.38,219.29,169.78,466.39,0.95,-1,-1,-1
32,11,1141.17,280.54,85.96,183.45,0.87,-1,-1,-1
32,14,1177.17,268.61,73.02,184.38,0.88,-1,-1,-1
32,15,228.51,298.29,25.18,51.58,0.81,-1,-1,-1
32,16,515.84,298.40,32.94,85.43,0.85,-1,-1,-1
32,18,132.43,286.05,51.86,174.70,0.88,-1,-1,-1
32,13,660.56,264.26,97.08,213.63,0.87,-1,-1,-1
32,17,210.34,297.14,18.20,48.44,0.61,-1,-1,-1
33,1,518.69,210.07,193.48,477.51,0.92,-1,-1,-1
33,2,250.96,197.91,185.74,532.24,0.95,-1,-1,-1
33,3,724.97,221.63,173.21,467.91,0.95,-1,-1,-1
33,11,1141.70,279.84,85.98,184.21,0.86,-1,-1,-1
33,14,1170.48,268.25,72.95,185.27,0.86,-1,-1,-1
33,15,229.65,298.55,25.24,52.57,0.83,-1,-1,-1
33,16,516.61,298.77,33.94,86.81,0.84,-1,-1,-1
33,18,131.55,286.37,52.77,176.19,0.89,-1,-1,-1
33,13,669.98,264.49,95.14,209.79,0.84,-1,-1,-1
33,17,211.28,297.23,17.62,48.10,0.55,-1,-1,-1
34,1,513.46,207.68,188.68,484.22,0.95,-1,-1,-1
34,2,248.75,200.56,186.90,532.84,0.95,-1,-1,-1
34,3,713.59,223.19,180.89,470.23,0.95,-1,-1,-1
34,11,1139.49,278.54,88.40,185.57,0.90,-1,-1,-1
34,14,1173.36,268.77,67.95,186.51,0.80,-1,-1,-1
34,15,231.43,298.47,24.66,53.25,0.82,-1,-1,-1
34,16,518.06,299.25,34.87,84.38,0.81,-1,-1,-1
34,18,130.24,286.16,54.18,177.43,0.90,-1,-1,-1
34,13,679.25,264.79,91.84,206.23,0.89,-1,-1,-1
34,17,211.57,297.43,17.45,47.99,0.13,-1,-1,-1
35,1,508.74,205.39,187.43,490.90,0.95,-1,-1,-1
35,2,247.12,201.82,186.98,529.18,0.95,-1,-1,-1
35,3,701.48,221.60,191.32,476.02,0.95,-1,-1,-1
35,11,1136.68,278.06,90.49,187.35,0.88,-1,-1,-1
35,14,1167.94,268.36,72.64,190.21,0.85,-1,-1,-1
35,15,233.10,298.66,24.42,53.48,0.82,-1,-1,-1
35,16,519.49,299.50,33.47,84.26,0.74,-1,-1,-1
35,18,128.96,286.21,56.06,178.20,0.90,-1,-1,-1
35,13,689.24,262.26,86.91,210.03,0.87,-1,-1,-1
35,17,206.39,293.61,21.29,54.97,0.67,-1,-1,-1
35,8,663.30,285.54,40.51,120.60,0.74,-1,-1,-1
36,1,503.87,205.02,188.79,494.27,0.96,-1,-1,-1
36,2,244.93,202.13,187.57,528.83,0.94,-1,-1,-1
36,3,693.78,221.22,196.45,479.60,0.94,-1,-1,-1
36,11,1134.52,278.12,81.74,188.17,0.90,-1,-1,-1
36,14,1171.03,268.92,68.14,188.64,0.88,-1,-1,-1
36,15,234.83,298.62,23.43,53.57,0.82,-1,-1,-1
36,18,128.75,285.81,56.57,179.20,0.90,-1,-1,-1
36,13,700.16,260.93,84.38,219.02,0.85,-1,-1,-1
36,17,205.57,292.87,22.31,56.57,0.71,-1,-1,-1
36,8,663.54,287.10,42.47,113.18,0.85,-1,-1,-1
37,1,498.36,206.37,191.75,495.93,0.96,-1,-1,-1
37,2,242.23,201.16,188.70,530.68,0.94,-1,-1,-1
37,3,691.32,223.75,197.84,479.23,0.94,-1,-1,-1
37,11,1132.61,278.43,79.60,188.22,0.91,-1,-1,-1
37,14,1168.11,269.70,72.78,187.47,0.90,-1,-1,-1
37,15,236.59,298.45,22.45,53.91,0.81,-1,-1,-1
37,18,129.11,285.98,56.43,179.84,0.91,-1,-1,-1
37,13,711.13,261.45,82.84,219.94,0.81,-1,-1,-1
37,17,206.00,293.47,22.43,56.91,0.75,-1,-1,-1
37,8,664.54,288.40,43.03,109.46,0.89,-1,-1,-1
38,1,492.35,208.49,195.23,498.35,0.96,-1,-1,-1
38,2,239.78,199.26,189.38,535.36,0.94,-1,-1,-1
38,3,693.24,231.68,198.83,471.34,0.94,-1,-1,-1
38,11,1129.41,279.36,83.81,188.79,0.91,-1,-1,-1
38,14,1165.81,270.50,77.93,187.28,0.90,-1,-1,-1
38,15,238.51,298.93,21.79,53.12,0.79,-1,-1,-1
38,18,129.86,285.72,56.18,180.89,0.91,-1,-1,-1
38,13,719.65,258.05,91.90,239.71,0.78,-1,-1,-1
38,17,207.00,293.25,22.46,57.59,0.78,-1,-1,-1
38,8,663.72,289.10,44.43,107.82,0.90,-1,-1,-1
39,1,486.55,212.92,199.02,498.17,0.95,-1,-1,-1
39,2,237.09,197.85,190.32,534.97,0.94,-1,-1,-1
39,3,696.74,236.51,198.05,463.64,0.95,-1,-1,-1
39,11,1122.38,280.44,91.30,187.70,0.93,-1,-1,-1
39,14,1166.78,271.55,81.11,186.94,0.90,-1,-1,-1
39,15,239.70,299.36,21.57,52.83,0.80,-1,-1,-1
39,18,130.45,285.74,55.35,180.97,0.90,-1,-1,-1
39,17,207.88,294.16,22.17,56.95,0.79,-1,-1,-1
39,8,663.32,289.08,44.97,106.99,0.89,-1,-1,-1
40,1,482.61,216.30,199.22,498.72,0.95,-1,-1,-1
40,2,235.10,194.21,190.00,540.18,0.94,-1,-1,-1
40,3,699.33,237.90,196.42,461.15,0.94,-1,-1,-1
40,11,1115.30,281.30,101.08,187.15,0.93,-1,-1,-1
40,14,1170.34,272.09,81.17,188.92,0.89,-1,-1,-1
40,15,240.80,299.26,21.81,52.73,0.77,-1,-1,-1
40,18,130.71,285.63,55.60,181.27,0.90,-1,-1,-1
40,17,208.90,294.26,22.04,57.28,0.77,-1,-1,-1
40,8,663.63,289.32,44.55,106.44,0.89,-1,-1,-1
41,1,476.81,218.77,202.20,498.79,0.95,-1,-1,-1
41,2,233.10,191.53,188.63,547.16,0.93,-1,-1,-1
41,3,700.08,237.77,193.90,461.37,0.94,-1,-1,-1
41,11,1110.09,281.92,107.14,186.89,0.94,-1,-1,-1
41,14,1172.75,272.28,81.15,187.83,0.88,-1,-1,-1
41,15,242.34,299.23,22.20,52.68,0.79,-1,-1,-1
41,18,130.29,285.76,57.03,181.46,0.91,-1,-1,-1
41,17,210.37,294.02,21.75,57.37,0.78,-1,-1,-1
41,8,664.85,289.24,42.55,106.25,0.89,-1,-1,-1
41,13,760.50,253.87,105.75,261.67,0.86,-1,-1,-1
42,1,473.11,220.29,202.13,496.40,0.95,-1,-1,-1
42,2,230.37,188.19,188.03,553.87,0.94,-1,-1,-1
42,3,698.82,236.17,192.30,460.61,0.94,-1,-1,-1
42,11,1108.76,283.35,110.69,185.29,0.95,-1,-1,-1
42,14,1163.10,272.16,93.01,186.54,0.89,-1,-1,-1
42,15,243.87,299.54,24.15,52.36,0.83,-1,-1,-1
42,18,129.43,285.54,59.19,182.40,0.91,-1,-1,-1
42,17,211.52,294.86,21.86,57.09,0.70,-1,-1,-1
42,8,665.11,289.07,41.17,106.22,0.89,-1,-1,-1
42,13,768.01,252.82,122.40,265.44,0.89,-1,-1,-1
43,1,466.57,221.22,203.81,494.53,0.95,-1,-1,-1
43,2,227.84,186.13,186.64,555.11,0.95,-1,-1,-1
43,3,695.82,234.31,183.85,453.86,0.95,-1,-1,-1
43,11,1110.17,282.87,113.18,186.07,0.96,-1,-1,-1
43,14,1162.52,272.03,95.07,185.77,0.89,-1,-1,-1
43,15,245.82,299.76,24.00,51.95,0.70,-1,-1,-1
43,18,128.68,285.55,59.98,182.90,0.91,-1,-1,-1
43,17,213.00,295.42,21.37,56.08,0.57,-1,-1,-1
43,8,666.14,289.29,39.43,106.26,0.87,-1,-1,-1
43,13,780.19,252.00,127.45,270.17,0.91,-1,-1,-1
43,20,113.17,300.60,28.12,79.65,0.70,-1,-1,-1
44,1,461.36,222.47,206.17,492.84,0.96,-1,-1,-1
44,2,224.97,184.98,186.08,556.71,0.95,-1,-1,-1
44,3,692.40,231.56,172.68,448.51,0.95,-1,-1,-1
44,11,1112.49,283.14,114.07,185.88,0.95,-1,-1,-1
44,14,1154.75,271.68,100.45,187.25,0.90,-1,-1,-1
44,15,247.49,299.85,23.33,52.68,0.71,-1,-1,-1
44,18,128.49,285.28,61.44,183.62,0.91,-1,-1,-1
44,17,213.83,294.47,22.00,57.17,0.57,-1,-1,-1
44,8,666.51,288.78,38.80,107.50,0.88,-1,-1,-1
44,13,794.12,252.15,127.14,273.16,0.91,-1,-1,-1
44,20,113.92,301.10,27.57,79.69,0.73,-1,-1,-1
45,1,457.39,222.33,205.29,493.49,0.96,-1,-1,-1
45,2,221.44,183.86,184.70,558.36,0.94,-1,-1,-1
45,3,687.54,228.97,163.67,447.67,0.96,-1,-1,-1
45,11,1115.83,283.14,110.87,186.30,0.96,-1,-1,-1
45,14,1152.94,271.90,99.09,189.32,0.90,-1,-1,-1
45,15,249.99,300.39,19.17,49.99,0.66,-1,-1,-1
45,18,127.96,285.24,60.66,183.89,0.92,-1,-1,-1
45,17,217.21,294.62,20.46,55.50,0.67,-1,-1,-1
45,8,666.88,288.04,37.98,107.40,0.88,-1,-1,-1
45,13,809.61,249.32,136.13,280.73,0.93,-1,-1,-1
45,20,114.80,300.04,28.03,80.76,0.79,-1,-1,-1
45,4,607.45,281.04,38.75,114.41,0.65,-1,-1,-1
45,5,593.07,275.27,38.78,113.61,0.66,-1,-1,-1
46,1,454.67,221.17,202.51,486.85,0.96,-1,-1,-1
46,2,219.05,183.56,182.66,561.55,0.94,-1,-1,-1
46,3,683.26,226.65,160.49,451.33,0.96,-1,-1,-1
46,11,1119.21,284.08,107.15,185.31,0.94,-1,-1,-1
46,14,1158.37,271.90,83.21,188.95,0.87,-1,-1,-1
46,15,251.30,300.39,17.22,47.13,0.68,-1,-1,-1
46,18,126.87,284.87,61.95,184.91,0.93,-1,-1,-1
46,17,218.33,295.23,20.76,51.85,0.36,-1,-1,-1
46,8,667.71,287.76,36.47,108.01,0.87,-1,-1,-1
46,13,824.93,247.67,136.42,286.53,0.93,-1,-1,-1
46,20,115.18,299.38,28.34,82.15,0.80,-1,-1,-1
46,4,607.90,280.74,37.96,110.44,0.69,-1,-1,-1
46,5,593.89,275.22,37.23,112.46,0.69,-1,-1,-1
47,1,452.89,219.69,198.45,475.46,0.96,-1,-1,-1
47,2,217.06,181.93,180.95,563.99,0.93,-1,-1,-1
47,3,677.79,225.08,161.31,455.90,0.97,-1,-1,-1
47,11,1121.68,283.99,103.29,185.38,0.92,-1,-1,-1
47,14,1162.52,270.87,72.88,189.69,0.88,-1,-1,-1
47,15,251.92,300.14,16.62,47.34,0.24,-1,-1,-1
47,18,125.96,284.81,62.86,185.85,0.93,-1,-1,-1
47,17,220.44,296.00,20.12,50.15,0.46,-1,-1,-1
47,8,667.32,287.26,39.04,110.05,0.85,-1,-1,-1
47,13,840.37,245.77,140.44,294.07,0.94,-1,-1,-1
47,20,115.74,299.57,27.75,82.22,0.77,-1,-1,-1
47,4,606.72,280.40,39.64,117.88,0.72,-1,-1,-1
47,5,594.70,275.89,35.56,111.15,0.64,-1,-1,-1
48,1,451.95,218.03,194.42,471.26,0.96,-1,-1,-1
48,2,214.44,182.37,177.91,568.65,0.93,-1,-1,-1
48,3,671.74,225.40,164.06,460.22,0.97,-1,-1,-1
48,11,1122.56,284.39,95.73,186.11,0.91,-1,-1,-1
48,14,1165.17,270.47,66.79,190.50,0.89,-1,-1,-1
48,18,124.97,284.89,64.49,186.87,0.92,-1,-1,-1
48,17,223.11,297.15,18.58,48.32,0.38,-1,-1,-1
48,8,668.13,287.34,39.33,114.05,0.82,-1,-1,-1
48,13,856.70,244.03,146.17,299.55,0.94,-1,-1,-1
48,20,116.50,299.28,28.35,84.44,0.64,-1,-1,-1
48,4,606.08,280.10,41.44,123.45,0.62,-1,-1,-1
48,5,595.36,277.20,38.21,117.35,0.46,-1,-1,-1
49,1,452.65,216.36,189.97,469.96,0.96,-1,-1,-1
49,2,211.01,182.45,176.95,573.18,0.93,-1,-1,-1
49,3,666.01,228.20,167.59,462.21,0.96,-1,-1,-1
49,11,1122.94,284.93,94.13,185.65,0.89,-1,-1,-1
49,14,1166.73,270.12,64.83,192.75,0.88,-1,-1,-1
49,18,124.31,286.02,65.69,187.09,0.93,-1,-1,-1
49,17,224.65,297.75,17.78,42.45,0.13,-1,-1,-1
49,8,668.70,287.37,38.27,116.45,0.78,-1,-1,-1
49,13,873.95,243.34,149.80,303.89,0.93,-1,-1,-1
49,20,117.47,300.00,27.14,76.72,0.66,-1,-1,-1
49,4,607.92,281.05,37.91,120.76,0.60,-1,-1,-1
49,5,595.25,278.27,37.29,119.26,0.52,-1,-1,-1
50,1,454.69,214.31,185.87,471.85,0.95,-1,-1,-1
50,2,208.04,181.97,178.00,572.01,0.92,-1,-1,-1
50,3,661.43,231.02,169.51,463.58,0.96,-1,-1,-1
50,11,1120.74,284.67,97.22,186.23,0.91,-1,-1,-1
50,14,1164.20,270.44,69.24,192.56,0.85,-1,-1,-1
50,18,123.87,286.35,66.70,187.45,0.93,-1,-1,-1
50,17,227.69,299.00,17.51,42.91,0.13,-1,-1,-1
50,8,668.08,288.08,39.68,116.18,0.79,-1,-1,-1
50,13,892.83,241.76,153.10,307.93,0.94,-1,-1,-1
50,20,118.16,300.85,27.63,82.20,0.67,-1,-1,-1
50,4,607.79,281.52,38.37,120.86,0.68,-1,-1,-1
50,5,595.26,278.61,37.56,120.30,0.55,-1,-1,-1
51,1,456.55,213.74,179.72,473.86,0.94,-1,-1,-1
51,2,205.04,180.26,178.15,585.13,0.92,-1,-1,-1
51,3,656.14,232.08,172.07,465.77,0.96,-1,-1,-1
51,11,1120.33,284.05,99.54,187.45,0.88,-1,-1,-1
51,14,1163.11,270.50,70.77,193.91,0.84,-1,-1,-1
51,18,123.69,286.39,67.06,188.25,0.93,-1,-1,-1
51,8,668.61,288.34,40.79,120.18,0.75,-1,-1,-1
51,13,912.61,239.98,154.58,314.24,0.93,-1,-1,-1
51,20,118.91,301.02,28.43,85.47,0.58,-1,-1,-1
51,4,595.73,278.48,51.37,162.32,0.74,-1,-1,-1
51,5,596.05,279.02,42.56,126.09,0.17,-1,-1,-1
52,1,458.16,215.43,175.48,474.51,0.94,-1,-1,-1
52,2,201.38,178.84,177.87,596.28,0.91,-1,-1,-1
52,3,650.16,241.67,174.19,460.31,0.96,-1,-1,-1
52,11,1120.76,282.77,95.64,189.83,0.78,-1,-1,-1
52,14,1154.25,269.79,79.80,199.00,0.90,-1,-1,-1
52,18,123.76,286.47,67.74,188.96,0.93,-1,-1,-1
52,8,669.10,289.29,41.79,118.14,0.75,-1,-1,-1
52,13,933.51,238.73,159.34,323.53,0.92,-1,-1,-1
52,20,119.74,298.00,31.74,94.18,0.58,-1,-1,-1
52,4,595.66,278.89,51.49,148.82,0.66,-1,-1,-1
52,5,603.28,283.87,42.01,123.77,0.22,-1,-1,-1
53,1,459.14,217.56,172.23,477.42,0.94,-1,-1,-1
53,2,198.19,177.61,179.64,603.70,0.91,-1,-1,-1
53,3,645.67,244.66,176.22,460.55,0.95,-1,-1,-1
53,11,1125.76,283.08,79.57,190.39,0.77,-1,-1,-1
53,14,1152.09,271.34,81.96,199.54,0.90,-1,-1,-1
53,18,124.30,286.52,68.28,189.77,0.93,-1,-1,-1
53,8,669.86,289.91,41.00,116.97,0.73,-1,-1,-1
53,13,953.85,237.04,157.64,333.31,0.89,-1,-1,-1
53,20,121.26,300.07,29.05,85.55,0.56,-1,-1,-1
53,4,592.91,278.36,52.53,149.75,0.69,-1,-1,-1
53,5,602.95,282.69,44.14,127.89,0.52,-1,-1,-1
54,1,459.16,223.00,163.94,475.10,0.93,-1,-1,-1
54,2,193.74,176.16,182.97,612.99,0.91,-1,-1,-1
54,3,642.10,236.18,177.55,470.19,0.95,-1,-1,-1
54,11,1130.36,284.27,70.86,189.84,0.80,-1,-1,-1
54,14,1154.81,270.65,80.45,200.43,0.88,-1,-1,-1
54,18,124.43,286.69,70.21,190.49,0.93,-1,-1,-1
54,8,669.87,290.61,41.87,114.42,0.57,-1,-1,-1
54,13,978.82,236.45,162.65,349.43,0.91,-1,-1,-1
54,20,122.47,300.36,28.32,84.19,0.43,-1,-1,-1
54,4,597.99,280.83,49.98,136.25,0.72,-1,-1,-1
54,5,597.30,280.47,45.50,129.67,0.40,-1,-1,-1
55,1,456.86,225.45,166.42,476.43,0.94,-1,-1,-1
55,2,190.82,174.72,188.03,616.26,0.92,-1,-1,-1
55,3,639.05,233.09,178.59,475.93,0.94,-1,-1,-1
55,11,1136.24,284.40,65.55,188.40,0.81,-1,-1,-1
55,14,1164.12,273.78,75.04,195.51,0.85,-1,-1,-1
55,18,125.15,287.00,70.32,190.70,0.94,-1,-1,-1
55,8,670.36,290.83,41.59,116.73,0.75,-1,-1,-1
55,13,999.95,228.67,159.80,371.66,0.87,-1,-1,-1
55,20,123.78,300.10,28.04,83.37,0.61,-1,-1,-1
55,4,597.95,280.43,51.23,131.81,0.77,-1,-1,-1
56,1,454.44,229.48,166.65,476.13,0.94,-1,-1,-1
56,2,187.07,173.89,187.93,617.60,0.90,-1,-1,-1
56,3,637.87,233.84,174.28,474.01,0.94,-1,-1,-1
56,11,1137.07,286.00,56.21,167.02,0.52,-1,-1,-1
56,14,1171.75,270.08,65.65,199.82,0.73,-1,-1,-1
56,18,125.59,286.99,71.23,191.88,0.93,-1,-1,-1
56,8,671.84,290.80,39.70,109.03,0.58,-1,-1,-1
56,13,1024.85,226.11,173.91,391.08,0.87,-1,-1,-1
56,20,126.14,293.40,33.70,95.76,0.41,-1,-1,-1
56,4,597.75,279.41,52.27,129.01,0.82,-1,-1,-1
56,21,354.15,285.97,48.15,108.00,0.77,-1,-1,-1
57,1,451.23,233.93,170.82,472.96,0.94,-1,-1,-1
57,2,183.15,172.32,190.02,622.95,0.91,-1,-1,-1
57,3,638.24,233.19,169.67,463.87,0.94,-1,-1,-1
57,14,1154.89,269.86,91.31,205.98,0.11,-1,-1,-1
57,18,126.38,287.17,72.31,192.41,0.93,-1,-1,-1
57,8,676.03,290.87,34.75,95.58,0.49,-1,-1,-1
57,13,1049.94,223.52,188.29,405.98,0.86,-1,-1,-1
57,20,129.02,290.60,34.02,98.19,0.26,-1,-1,-1
57,4,598.32,278.54,52.06,127.88,0.84,-1,-1,-1
57,21,360.61,286.75,42.78,105.16,0.70,-1,-1,-1
58,1,447.23,234.95,171.04,470.02,0.94,-1,-1,-1
58,2,177.54,173.08,189.50,626.18,0.91,-1,-1,-1
58,3,638.53,241.22,165.51,445.46,0.95,-1,-1,-1
58,18,127.53,287.07,70.92,193.63,0.90,-1,-1,-1
58,13,1077.58,220.73,207.48,408.93,0.89,-1,-1,-1
58,20,129.04,297.45,31.34,90.97,0.29,-1,-1,-1
58,4,597.38,278.10,53.10,128.04,0.87,-1,-1,-1
58,21,363.88,286.91,44.58,108.12,0.81,-1,-1,-1
59,1,443.70,234.65,171.20,472.55,0.95,-1,-1,-1
59,2,173.15,173.25,191.37,628.28,0.92,-1,-1,-1
59,3,638.18,232.80,164.01,448.47,0.95,-1,-1,-1
59,18,128.55,286.73,68.72,194.06,0.92,-1,-1,-1
59,13,1106.73,217.19,205.04,432.13,0.87,-1,-1,-1
59,20,129.60,300.60,30.21,88.21,0.51,-1,-1,-1
59,4,599.10,278.52,51.13,128.67,0.88,-1,-1,-1
59,21,366.15,286.91,44.43,106.29,0.79,-1,-1,-1
60,1,438.57,234.82,173.72,467.91,0.95,-1,-1,-1
60,2,169.60,172.80,193.04,627.18,0.92,-1,-1,-1
60,3,637.88,231.43,161.11,443.50,0.95,-1,-1,-1
60,18,129.66,286.35,68.46,193.92,0.91,-1,-1,-1
60,13,1142.12,212.04,177.10,461.02,0.83,-1,-1,-1
60,20,129.90,301.36,31.61,89.60,0.44,-1,-1,-1
60,4,600.13,283.51,48.51,124.71,0.83,-1,-1,-1
60,21,366.36,285.57,51.45,112.41,0.85,-1,-1,-1
61,1,433.01,234.22,176.60,462.50,0.94,-1,-1,-1
61,2,166.50,173.57,195.99,623.80,0.92,-1,-1,-1
61,3,636.94,231.51,158.84,442.83,0.95,-1,-1,-1
61,18,130.78,285.75,68.80,194.84,0.91,-1,-1,-1
61,13,1175.44,210.45,154.15,458.65,0.75,-1,-1,-1
61,20,131.75,302.06,32.25,89.78,0.42,-1,-1,-1
61,4,602.32,281.33,45.66,127.68,0.84,-1,-1,-1
61,21,369.34,285.44,54.62,113.38,0.86,-1,-1,-1
62,1,429.22,232.49,179.80,454.98,0.95,-1,-1,-1
62,2,163.37,173.44,200.27,630.17,0.90,-1,-1,-1
62,3,635.85,232.21,156.87,442.80,0.95,-1,-1,-1
62,18,131.23,285.42,67.44,196.57,0.90,-1,-1,-1
62,13,1210.87,249.86,133.27,409.29,0.15,-1,-1,-1
62,20,132.31,300.73,35.13,97.29,0.17,-1,-1,-1
62,4,601.65,278.35,47.05,131.78,0.86,-1,-1,-1
62,21,371.30,285.30,58.73,112.08,0.85,-1,-1,-1
62,11,1125.37,288.97,83.32,179.42,0.77,-1,-1,-1
62,14,1172.06,274.73,66.37,192.63,0.73,-1,-1,-1
63,1,427.20,230.00,181.19,449.75,0.95,-1,-1,-1
63,2,159.37,173.75,206.08,632.96,0.91,-1,-1,-1
63,3,635.26,232.16,155.00,444.88,0.95,-1,-1,-1
63,18,132.83,285.61,66.76,196.57,0.90,-1,-1,-1
63,20,134.06,300.98,35.37,98.89,0.31,-1,-1,-1
63,4,605.33,283.40,43.97,126.81,0.87,-1,-1,-1
63,21,376.45,284.79,57.01,113.35,0.82,-1,-1,-1
63,11,1128.70,289.10,79.32,181.84,0.54,-1,-1,-1
63,14,1167.24,275.03,67.53,190.07,0.60,-1,-1,-1
64,1,424.66,226.23,184.10,451.75,0.95,-1,-1,-1
64,2,156.70,172.74,210.84,650.60,0.91,-1,-1,-1
64,3,632.93,233.09,155.00,446.40,0.96,-1,-1,-1
64,18,133.77,285.89,66.07,197.32,0.89,-1,-1,-1
64,4,605.45,280.31,44.61,130.27,0.86,-1,-1,-1
64,21,382.34,284.97,53.09,114.08,0.80,-1,-1,-1
64,11,1128.20,288.91,80.41,183.90,0.77,-1,-1,-1
64,14,1161.93,274.28,72.60,192.34,0.83,-1,-1,-1
65,1,422.49,223.96,185.93,456.93,0.95,-1,-1,-1
65,2,152.60,171.92,216.78,663.98,0.91,-1,-1,-1
65,3,623.19,235.14,163.48,449.71,0.95,-1,-1,-1
65,18,134.18,286.32,66.71,197.64,0.88,-1,-1,-1
65,4,607.06,283.55,46.05,127.72,0.86,-1,-1,-1
65,21,387.99,285.85,52.05,114.04,0.83,-1,-1,-1
65,11,1129.43,286.77,78.48,188.95,0.81,-1,-1,-1
65,14,1163.89,275.19,72.00,193.69,0.79,-1,-1,-1
66,1,421.05,223.52,187.02,461.29,0.96,-1,-1,-1
66,2,148.12,173.37,224.28,661.06,0.91,-1,-1,-1
66,3,613.44,239.71,170.12,448.72,0.94,-1,-1,-1
66,18,135.49,286.72,64.85,198.25,0.88,-1,-1,-1
66,4,608.50,285.01,47.17,126.35,0.87,-1,-1,-1
66,21,392.25,287.47,49.49,110.30,0.85,-1,-1,-1
66,11,1125.66,285.25,84.55,191.05,0.87,-1,-1,-1
66,14,1169.28,276.14,69.37,192.50,0.80,-1,-1,-1
66,16,598.50,296.99,41.39,98.08,0.64,-1,-1,-1
67,1,418.18,224.59,189.84,464.94,0.95,-1,-1,-1
67,2,142.55,176.63,231.83,663.77,0.92,-1,-1,-1
67,3,606.58,243.27,175.08,448.53,0.94,-1,-1,-1
67,18,136.85,287.38,66.12,200.47,0.82,-1,-1,-1
67,4,609.63,286.65,48.79,124.98,0.90,-1,-1,-1
67,21,395.89,288.44,52.78,109.19,0.83,-1,-1,-1
67,11,1123.90,285.34,84.59,192.14,0.86,-1,-1,-1
67,14,1170.25,276.98,69.67,192.59,0.87,-1,-1,-1
67,16,599.91,297.20,39.68,99.81,0.63,-1,-1,-1
67,22,380.02,297.00,23.40,53.55,0.75,-1,-1,-1
67,23,360.00,296.55,20.70,54.00,0.71,-1,-1,-1
68,1,417.03,227.95,190.12,464.46,0.96,-1,-1,-1
68,2,137.28,182.15,239.21,659.32,0.92,-1,-1,-1
68,3,604.90,242.74,178.72,452.57,0.93,-1,-1,-1
68,18,138.04,287.58,65.55,199.76,0.72,-1,-1,-1
68,4,610.30,287.64,49.98,123.54,0.89,-1,-1,-1
68,21,399.53,288.43,51.59,111.17,0.83,-1,-1,-1
68,11,1123.68,285.61,82.14,193.33,0.88,-1,-1,-1
68,14,1168.64,277.35,73.44,192.47,0.88,-1,-1,-1
68,16,601.20,297.36,37.84,102.47,0.56,-1,-1,-1
68,22,382.01,296.23,23.42,54.66,0.74,-1,-1,-1
68,23,361.43,296.50,21.44,54.39,0.79,-1,-1,-1
69,1,413.46,232.26,192.88,465.53,0.96,-1,-1,-1
69,2,130.79,186.24,248.75,673.70,0.91,-1,-1,-1
69,3,607.38,240.78,179.52,456.51,0.93,-1,-1,-1
69,18,138.54,286.97,61.59,188.60,0.16,-1,-1,-1
69,4,610.88,289.85,49.85,120.91,0.88,-1,-1,-1
69,21,400.78,288.33,51.65,113.41,0.80,-1,-1,-1
69,11,1123.17,287.12,83.40,193.28,0.86,-1,-1,-1
69,14,1165.78,279.76,78.38,192.31,0.87,-1,-1,-1
69,16,602.49,299.27,35.32,101.99,0.63,-1,-1,-1
69,22,383.35,296.50,23.08,54.54,0.78,-1,-1,-1
69,23,363.35,296.56,21.59,54.83,0.74,-1,-1,-1
70,1,411.45,237.11,193.75,466.81,0.96,-1,-1,-1
70,2,126.64,190.80,255.53,658.78,0.91,-1,-1,-1
70,3,610.24,243.23,179.19,454.12,0.92,-1,-1,-1
70,18,139.28,284.84,65.31,199.84,0.28,-1,-1,-1
70,4,611.35,290.74,49.78,119.63,0.89,-1,-1,-1
70,21,402.16,286.59,56.15,134.18,0.84,-1,-1,-1
70,11,1118.91,287.20,89.65,193.64,0.91,-1,-1,-1
70,14,1165.25,278.63,82.60,195.11,0.88,-1,-1,-1
70,16,604.34,300.25,34.40,101.75,0.51,-1,-1,-1
70,22,385.16,296.64,22.25,54.13,0.73,-1,-1,-1
70,23,365.36,296.98,21.28,54.60,0.72,-1,-1,-1
71,1,409.84,242.18,194.02,467.01,0.95,-1,-1,-1
71,2,121.47,190.70,263.09,662.93,0.91,-1,-1,-1
71,3,611.71,253.69,177.80,440.07,0.93,-1,-1,-1
71,4,612.05,293.76,47.95,114.66,0.76,-1,-1,-1
71,21,404.32,287.08,53.46,137.59,0.82,-1,-1,-1
71,11,1112.71,287.85,98.85,194.02,0.94,-1,-1,-1
71,14,1160.95,279.11,91.19,195.88,0.89,-1,-1,-1
71,16,606.40,289.69,35.96,112.73,0.53,-1,-1,-1
71,22,386.94,296.66,22.70,54.34,0.77,-1,-1,-1
71,23,367.36,297.26,21.51,54.52,0.73,-1,-1,-1
72,1,408.43,246.13,194.06,466.74,0.96,-1,-1,-1
72,2,115.64,191.36,271.14,657.63,0.91,-1,-1,-1
72,3,610.26,255.63,177.81,439.07,0.93,-1,-1,-1
72,4,609.84,293.29,47.23,111.90,0.76,-1,-1,-1
72,21,407.08,286.98,58.13,146.03,0.85,-1,-1,-1
72,11,1108.51,290.17,105.81,192.30,0.94,-1,-1,-1
72,14,1159.77,278.51,97.89,197.79,0.89,-1,-1,-1
72,16,607.65,285.52,37.12,114.15,0.42,-1,-1,-1
72,22,388.90,296.63,23.17,54.41,0.83,-1,-1,-1
72,23,369.06,297.49,21.91,54.48,0.72,-1,-1,-1
73,1,406.79,249.34,194.65,464.19,0.96,-1,-1,-1
73,2,111.68,190.83,276.68,673.50,0.91,-1,-1,-1
73,3,607.09,256.86,177.20,432.71,0.94,-1,-1,-1
73,4,608.98,285.56,42.75,117.66,0.67,-1,-1,-1
73,21,410.94,286.08,58.09,145.82,0.84,-1,-1,-1
73,11,1106.77,290.71,111.94,192.75,0.94,-1,-1,-1
73,14,1156.40,280.29,107.35,196.70,0.90,-1,-1,-1
73,16,611.28,287.52,42.93,117.55,0.42,-1,-1,-1
73,22,390.44,296.61,23.66,54.43,0.83,-1,-1,-1
73,23,370.66,297.70,21.73,54.46,0.67,-1,-1,-1
74,1,404.78,250.69,194.15,460.42,0.96,-1,-1,-1
74,2,108.95,190.08,280.29,680.20,0.91,-1,-1,-1
74,3,602.65,255.36,170.30,427.85,0.95,-1,-1,-1
74,21,413.97,285.91,59.01,148.13,0.86,-1,-1,-1
74,11,1108.18,292.06,114.28,191.93,0.95,-1,-1,-1
74,14,1155.95,281.21,109.92,195.92,0.89,-1,-1,-1
74,16,610.31,283.15,46.76,128.38,0.48,-1,-1,-1
74,22,392.78,296.36,23.51,54.43,0.85,-1,-1,-1
74,23,372.56,297.84,21.03,54.13,0.71,-1,-1,-1
75,1,403.93,250.58,191.81,458.51,0.96,-1,-1,-1
75,2,103.84,188.20,285.17,687.06,0.92,-1,-1,-1
75,3,598.37,252.35,162.30,425.01,0.96,-1,-1,-1
75,21,418.08,285.76,56.88,147.79,0.84,-1,-1,-1
75,11,1111.87,292.68,115.14,192.36,0.94,-1,-1,-1
75,14,1157.71,282.55,108.63,194.01,0.89,-1,-1,-1
75,16,609.85,281.10,47.20,129.38,0.49,-1,-1,-1
75,22,394.76,296.18,23.46,54.44,0.86,-1,-1,-1
75,23,374.52,297.79,21.10,54.02,0.73,-1,-1,-1
76,1,404.02,248.96,188.76,457.52,0.96,-1,-1,-1
76,2,104.37,186.11,285.09,694.10,0.91,-1,-1,-1
76,3,593.87,249.69,159.32,426.47,0.96,-1,-1,-1
76,21,422.54,286.29,56.27,150.46,0.84,-1,-1,-1
76,11,1115.14,292.20,116.48,193.54,0.94,-1,-1,-1
76,14,1161.94,282.32,101.00,194.64,0.88,-1,-1,-1
76,22,396.95,296.56,23.44,53.83,0.87,-1,-1,-1
76,23,375.94,297.44,21.12,54.60,0.75,-1,-1,-1
76,4,607.63,281.42,44.68,128.20,0.64,-1,-1,-1
77,1,403.96,246.53,186.00,452.41,0.96,-1,-1,-1
77,2,100.50,185.05,290.28,691.06,0.92,-1,-1,-1
77,3,589.59,247.93,160.76,428.78,0.96,-1,-1,-1
77,21,426.60,286.09,55.29,156.07,0.86,-1,-1,-1
77,11,1119.96,291.84,111.15,194.10,0.93,-1,-1,-1
77,14,1164.87,281.14,94.28,194.44,0.84,-1,-1,-1
77,22,399.32,296.59,22.83,53.92,0.88,-1,-1,-1
77,23,378.17,297.81,20.52,54.21,0.75,-1,-1,-1
77,4,608.01,280.39,44.45,123.98,0.70,-1,-1,-1
77,24,362.70,301.50,20.25,51.30,0.76,-1,-1,-1
78,1,404.82,242.61,182.94,446.76,0.95,-1,-1,-1
78,2,96.74,180.64,293.18,698.89,0.92,-1,-1,-1
78,3,585.75,247.19,162.47,430.90,0.96,-1,-1,-1
78,21,428.94,285.76,56.68,173.78,0.82,-1,-1,-1
78,11,1124.90,290.64,106.42,193.24,0.89,-1,-1,-1
78,14,1170.81,279.64,83.17,199.00,0.85,-1,-1,-1
78,22,401.53,296.34,22.89,54.25,0.86,-1,-1,-1
78,23,380.19,297.68,20.30,54.36,0.74,-1,-1,-1
78,4,609.69,280.27,42.54,117.24,0.62,-1,-1,-1
78,24,365.91,301.76,19.19,50.97,0.72,-1,-1,-1
79,1,406.45,239.41,179.68,440.56,0.96,-1,-1,-1
79,2,91.78,177.20,297.64,704.35,0.92,-1,-1,-1
79,3,582.87,246.84,164.46,433.17,0.96,-1,-1,-1
79,21,432.87,285.90,56.35,181.30,0.71,-1,-1,-1
79,11,1127.45,290.31,103.40,191.86,0.89,-1,-1,-1
79,14,1174.97,278.58,77.79,198.51,0.85,-1,-1,-1
79,22,403.37,296.37,22.94,54.39,0.86,-1,-1,-1
79,23,382.27,297.15,20.24,55.34,0.74,-1,-1,-1
79,4,611.80,280.05,42.45,117.43,0.28,-1,-1,-1
79,24,367.92,301.39,20.05,51.62,0.71,-1,-1,-1
80,1,409.10,237.01,174.38,438.43,0.96,-1,-1,-1
80,2,88.50,172.01,300.35,709.99,0.92,-1,-1,-1
80,3,579.57,246.72,167.60,438.35,0.96,-1,-1,-1
80,21,436.94,285.25,58.57,186.40,0.59,-1,-1,-1
80,11,1129.16,289.97,97.39,192.56,0.89,-1,-1,-1
80,14,1177.13,278.42,75.96,200.01,0.87,-1,-1,-1
80,22,405.80,296.69,22.65,53.85,0.86,-1,-1,-1
80,23,384.33,297.11,20.82,55.11,0.76,-1,-1,-1
80,4,614.72,279.87,41.80,113.93,0.14,-1,-1,-1
80,24,370.34,301.18,19.97,51.12,0.69,-1,-1,-1
80,8,697.52,291.04,46.75,117.82,0.75,-1,-1,-1
81,1,412.78,235.28,169.24,439.36,0.96,-1,-1,-1
81,2,85.43,169.14,300.81,717.14,0.92,-1,-1,-1
81,3,576.05,247.31,169.36,440.73,0.96,-1,-1,-1
81,21,434.77,286.15,70.08,192.25,0.14,-1,-1,-1
81,11,1129.56,288.93,98.69,193.93,0.87,-1,-1,-1
81,14,1178.24,278.47,74.11,200.33,0.86,-1,-1,-1
81,22,408.49,297.30,22.23,53.32,0.86,-1,-1,-1
81,23,386.44,297.28,21.04,55.30,0.78,-1,-1,-1
81,24,373.25,300.80,19.23,51.94,0.76,-1,-1,-1
81,8,699.84,290.71,46.47,113.88,0.78,-1,-1,-1
81,25,356.62,303.52,17.55,49.95,0.73,-1,-1,-1
82,1,415.78,234.85,165.49,441.27,0.96,-1,-1,-1
82,2,82.14,171.20,301.14,713.45,0.92,-1,-1,-1
82,3,573.14,246.58,171.71,445.17,0.96,-1,-1,-1
82,11,1129.70,288.12,87.12,195.45,0.87,-1,-1,-1
82,14,1181.68,278.55,72.22,200.72,0.89,-1,-1,-1
82,22,410.40,297.57,22.38,53.13,0.87,-1,-1,-1
82,23,388.60,297.08,20.21,55.36,0.81,-1,-1,-1
82,24,375.30,300.58,19.96,52.53,0.82,-1,-1,-1
82,8,701.96,290.38,47.47,116.80,0.80,-1,-1,-1
82,25,358.60,304.01,17.57,49.26,0.74,-1,-1,-1
83,1,418.18,236.29,161.99,443.38,0.96,-1,-1,-1
83,2,78.34,175.70,301.12,708.47,0.92,-1,-1,-1
83,3,570.95,251.13,172.67,442.81,0.96,-1,-1,-1
83,11,1130.48,288.03,86.37,196.52,0.85,-1,-1,-1
83,14,1182.39,279.06,72.88,201.36,0.87,-1,-1,-1
83,22,412.32,297.92,22.44,53.38,0.83,-1,-1,-1
83,23,390.91,297.71,20.21,55.10,0.72,-1,-1,-1
83,24,378.05,300.77,19.58,51.78,0.70,-1,-1,-1
83,8,704.51,290.94,46.11,117.01,0.84,-1,-1,-1
83,25,360.56,303.85,18.62,49.50,0.82,-1,-1,-1
83,26,681.75,300.82,35.10,96.75,0.78,-1,-1,-1
84,1,418.91,238.67,160.68,445.71,0.96,-1,-1,-1
84,2,77.59,181.09,299.15,708.17,0.91,-1,-1,-1
84,3,568.79,259.75,173.04,437.06,0.96,-1,-1,-1
84,11,1130.76,288.13,84.91,197.63,0.87,-1,-1,-1
84,14,1170.41,280.52,86.59,202.07,0.91,-1,-1,-1
84,22,414.64,298.37,22.47,53.17,0.83,-1,-1,-1
84,23,393.38,298.28,20.22,54.69,0.61,-1,-1,-1
84,24,380.82,301.18,19.12,51.49,0.70,-1,-1,-1
84,8,705.47,291.01,46.74,120.31,0.85,-1,-1,-1
84,25,363.14,304.60,18.63,48.49,0.81,-1,-1,-1
84,26,685.62,301.69,34.43,97.19,0.78,-1,-1,-1
85,1,419.16,242.52,159.01,445.96,0.95,-1,-1,-1
85,2,71.44,185.59,302.00,703.24,0.92,-1,-1,-1
85,3,567.47,263.56,172.48,435.42,0.96,-1,-1,-1
85,11,1130.09,289.09,84.39,198.30,0.87,-1,-1,-1
85,14,1168.37,281.74,90.23,201.96,0.89,-1,-1,-1
85,22,416.47,298.63,22.77,53.39,0.84,-1,-1,-1
85,23,395.27,298.43,20.21,55.13,0.68,-1,-1,-1
85,24,382.63,301.59,19.57,51.69,0.81,-1,-1,-1
85,8,705.75,291.76,48.12,114.45,0.86,-1,-1,-1
85,25,365.55,305.10,18.58,48.50,0.84,-1,-1,-1
85,26,689.94,303.44,32.90,94.16,0.81,-1,-1,-1
85,27,375.07,299.02,16.65,49.50,0.72,-1,-1,-1
86,1,418.00,246.58,157.78,444.74,0.95,-1,-1,-1
86,2,67.45,187.79,303.09,702.84,0.92,-1,-1,-1
86,3,566.72,266.35,170.36,436.47,0.96,-1,-1,-1
86,11,1130.19,290.48,85.41,197.42,0.89,-1,-1,-1
86,14,1168.97,282.63,93.96,201.97,0.90,-1,-1,-1
86,22,418.56,298.78,22.58,53.76,0.79,-1,-1,-1
86,23,397.99,298.54,19.60,54.98,0.61,-1,-1,-1
86,24,384.87,301.49,19.42,52.04,0.73,-1,-1,-1
86,8,708.04,292.59,47.43,110.83,0.88,-1,-1,-1
86,25,368.02,305.49,18.21,47.85,0.82,-1,-1,-1
86,26,692.34,304.79,35.97,97.02,0.83,-1,-1,-1
86,28,337.95,304.42,20.70,48.60,0.79,-1,-1,-1
87,1,415.27,249.66,157.99,444.43,0.95,-1,-1,-1
87,2,64.61,190.36,302.88,705.63,0.92,-1,-1,-1
87,3,566.61,267.56,167.27,432.95,0.96,-1,-1,-1
87,11,1131.64,291.60,88.28,197.11,0.90,-1,-1,-1
87,14,1172.95,284.58,94.29,200.96,0.90,-1,-1,-1
87,22,420.61,298.63,22.52,54.81,0.73,-1,-1,-1
87,23,400.42,299.28,19.08,54.03,0.56,-1,-1,-1
87,24,387.41,301.87,19.07,52.19,0.70,-1,-1,-1
87,8,711.05,293.11,45.98,110.11,0.87,-1,-1,-1
87,25,370.35,305.55,18.09,47.65,0.84,-1,-1,-1
87,26,695.67,305.87,36.25,99.27,0.83,-1,-1,-1
87,28,339.90,305.18,21.45,49.00,0.84,-1,-1,-1
88,1,411.85,251.62,159.00,442.59,0.96,-1,-1,-1
88,2,58.93,189.99,304.55,723.39,0.92,-1,-1,-1
88,3,566.69,267.44,164.25,430.93,0.96,-1,-1,-1
88,11,1132.80,292.94,91.73,197.00,0.92,-1,-1,-1
88,14,1176.92,285.63,96.68,201.19,0.92,-1,-1,-1
88,22,422.94,299.41,22.19,53.43,0.72,-1,-1,-1
88,23,402.44,299.80,18.90,54.29,0.60,-1,-1,-1
88,24,389.92,302.55,18.63,51.93,0.79,-1,-1,-1
88,8,713.35,294.02,44.79,109.26,0.86,-1,-1,-1
88,25,372.78,305.80,17.72,48.23,0.84,-1,-1,-1
88,26,697.28,306.46,39.50,103.57,0.87,-1,-1,-1
88,28,342.40,305.50,21.25,48.73,0.85,-1,-1,-1
88,21,474.22,285.49,67.99,187.71,0.61,-1,-1,-1
89,1,407.63,252.89,160.68,443.12,0.95,-1,-1,-1
89,2,56.75,190.57,302.41,728.96,0.91,-1,-1,-1
89,3,566.57,266.56,161.35,423.14,0.96,-1,-1,-1
89,11,1132.72,293.67,97.78,196.94,0.92,-1,-1,-1
89,14,1180.28,285.94,96.40,201.56,0.91,-1,-1,-1
89,22,425.14,299.53,22.08,53.80,0.73,-1,-1,-1
89,23,404.52,300.11,18.53,54.38,0.74,-1,-1,-1
89,24,392.01,302.34,19.08,52.44,0.78,-1,-1,-1
89,8,715.12,294.61,45.56,108.65,0.81,-1,-1,-1
89,25,375.16,306.18,17.59,48.14,0.85,-1,-1,-1
89,26,700.58,307.07,40.62,105.34,0.83,-1,-1,-1
89,28,345.04,305.67,21.17,48.27,0.85,-1,-1,-1
89,21,482.18,285.40,67.62,183.11,0.78,-1,-1,-1
89,29,385.20,300.38,16.65,50.85,0.72,-1,-1,-1
90,1,402.31,253.67,164.23,442.06,0.96,-1,-1,-1
90,2,56.18,191.48,299.25,737.00,0.91,-1,-1,-1
90,3,565.96,264.84,159.12,415.79,0.96,-1,-1,-1
90,11,1133.11,294.19,102.41,197.75,0.94,-1,-1,-1
90,14,1179.06,285.98,102.12,201.35,0.91,-1,-1,-1
90,22,427.05,299.62,22.94,55.42,0.68,-1,-1,-1
90,23,407.14,301.48,19.02,53.21,0.64,-1,-1,-1
90,24,394.19,302.76,19.26,52.32,0.76,-1,-1,-1
90,8,718.33,294.84,43.46,108.40,0.84,-1,-1,-1
90,25,377.43,306.36,18.17,48.10,0.85,-1,-1,-1
90,26,704.34,306.80,39.78,106.18,0.87,-1,-1,-1
90,28,347.92,305.90,21.15,48.46,0.84,-1,-1,-1
90,21,488.33,284.97,68.13,180.27,0.85,-1,-1,-1
91,1,396.07,253.23,169.02,441.76,0.96,-1,-1,-1
91,2,57.45,190.80,295.00,740.33,0.91,-1,-1,-1
91,3,567.37,261.50,154.71,413.05,0.96,-1,-1,-1
91,11,1138.03,294.02,101.88,198.65,0.94,-1,-1,-1
91,14,1180.48,285.47,101.96,202.93,0.92,-1,-1,-1
91,22,429.67,299.42,21.79,53.66,0.51,-1,-1,-1
91,23,409.27,300.99,18.90,52.48,0.59,-1,-1,-1
91,24,396.58,303.14,19.32,51.67,0.82,-1,-1,-1
91,8,713.16,301.28,49.35,108.06,0.89,-1,-1,-1
91,25,380.18,306.18,18.08,48.10,0.84,-1,-1,-1
91,28,350.55,306.21,21.47,48.54,0.87,-1,-1,-1
91,21,490.78,284.54,72.50,175.22,0.87,-1,-1,-1
92,1,390.07,251.65,172.33,435.06,0.96,-1,-1,-1
92,2,59.95,192.81,289.15,723.85,0.91,-1,-1,-1
92,3,566.34,256.45,153.73,416.02,0.96,-1,-1,-1
92,11,1142.94,293.39,99.26,199.33,0.94,-1,-1,-1
92,14,1184.00,284.26,94.78,203.11,0.91,-1,-1,-1
92,22,431.62,299.16,20.72,52.08,0.33,-1,-1,-1
92,23,411.48,300.78,19.17,51.93,0.60,-1,-1,-1
92,24,398.73,303.10,19.65,51.44,0.80,-1,-1,-1
92,8,713.61,302.49,50.84,110.07,0.88,-1,-1,-1
92,25,382.46,306.24,18.04,48.12,0.84,-1,-1,-1
92,28,352.79,306.44,21.90,49.54,0.86,-1,-1,-1
92,21,496.15,284.79,74.13,172.52,0.87,-1,-1,-1
92,30,326.92,301.50,22.50,54.90,0.71,-1,-1,-1
93,1,384.30,248.18,175.17,427.70,0.96,-1,-1,-1
93,2,59.48,191.97,285.81,714.48,0.92,-1,-1,-1
93,3,566.09,254.44,152.18,417.78,0.96,-1,-1,-1
93,11,1147.02,293.10,92.21,199.17,0.93,-1,-1,-1
93,14,1189.41,283.01,85.77,202.32,0.91,-1,-1,-1
93,22,434.35,299.53,18.49,47.83,0.11,-1,-1,-1
93,23,413.86,301.46,18.96,50.80,0.20,-1,-1,-1
93,24,401.10,303.55,19.47,51.03,0.70,-1,-1,-1
93,8,715.80,299.93,51.98,114.05,0.90,-1,-1,-1
93,25,385.03,306.26,18.02,48.11,0.82,-1,-1,-1
93,28,356.12,306.68,21.74,49.25,0.85,-1,-1,-1
93,21,500.50,284.71,76.49,180.97,0.86,-1,-1,-1
93,30,329.82,302.03,21.81,54.22,0.67,-1,-1,-1
94,1,380.49,244.83,176.85,426.44,0.95,-1,-1,-1
94,2,58.98,188.72,284.08,710.78,0.92,-1,-1,-1
94,3,565.78,252.99,151.69,421.27,0.96,-1,-1,-1
94,11,1149.66,292.50,85.82,197.11,0.91,-1,-1,-1
94,14,1194.39,282.36,76.19,200.91,0.89,-1,-1,-1
94,23,416.37,301.30,18.29,48.56,0.24,-1,-1,-1
94,24,403.61,303.76,20.00,50.87,0.60,-1,-1,-1
94,8,719.54,296.16,49.50,118.45,0.89,-1,-1,-1
94,25,387.76,306.17,18.32,48.40,0.83,-1,-1,-1
94,28,358.67,306.96,21.98,48.82,0.87,-1,-1,-1
94,21,505.86,284.12,77.98,182.51,0.86,-1,-1,-1
94,30,332.25,302.19,22.03,54.08,0.79,-1,-1,-1
95,1,376.71,239.77,178.57,430.13,0.95,-1,-1,-1
95,2,55.97,184.52,285.59,710.19,0.92,-1,-1,-1
95,3,564.44,252.13,152.10,423.84,0.96,-1,-1,-1
95,11,1150.46,291.00,83.47,197.09,0.90,-1,-1,-1
95,14,1196.66,281.73,71.50,201.16,0.86,-1,-1,-1
95,23,418.50,301.47,16.81,44.68,0.17,-1,-1,-1
95,24,406.33,303.63,18.70,49.00,0.28,-1,-1,-1
95,8,725.09,294.40,38.84,103.71,0.30,-1,-1,-1
95,25,389.98,306.37,18.72,48.21,0.82,-1,-1,-1
95,28,361.11,306.68,22.36,49.58,0.87,-1,-1,-1
95,21,512.38,283.23,76.14,184.61,0.85,-1,-1,-1
95,30,334.72,302.27,22.43,54.02,0.84,-1,-1,-1
95,26,725.17,303.13,45.59,111.44,0.88,-1,-1,-1
96,1,373.70,236.75,181.49,434.60,0.96,-1,-1,-1
96,2,52.35,177.03,287.13,718.40,0.91,-1,-1,-1
96,3,562.46,253.04,153.57,425.47,0.95,-1,-1,-1
96,11,1150.13,289.92,85.16,197.56,0.86,-1,-1,-1
96,14,1191.71,280.81,76.34,201.01,0.86,-1,-1,-1
96,23,420.35,301.41,15.97,43.32,0.13,-1,-1,-1
96,24,408.56,303.92,17.89,46.18,0.32,-1,-1,-1
96,8,728.42,293.21,36.57,107.04,0.53,-1,-1,-1
96,25,392.32,306.18,18.58,48.45,0.73,-1,-1,-1
96,28,363.53,306.76,22.81,49.56,0.87,-1,-1,-1
96,21,516.71,282.00,77.80,180.08,0.85,-1,-1,-1
96,30,337.68,302.99,21.88,53.32,0.84,-1,-1,-1
96,26,729.34,301.92,44.22,113.27,0.89,-1,-1,-1
97,1,372.52,235.50,178.52,438.54,0.95,-1,-1,-1
97,2,50.89,175.83,287.95,699.88,0.91,-1,-1,-1
97,3,559.07,258.64,155.88,422.08,0.95,-1,-1,-1
97,11,1151.74,288.90,91.79,198.49,0.90,-1,-1,-1
97,14,1200.23,280.20,69.51,202.25,0.90,-1,-1,-1
97,24,412.49,303.86,16.06,42.06,0.12,-1,-1,-1
97,25,394.74,305.95,17.91,46.74,0.68,-1,-1,-1
97,28,365.98,306.62,22.96,49.24,0.87,-1,-1,-1
97,21,518.78,280.77,83.08,186.05,0.85,-1,-1,-1
97,30,341.18,303.51,21.35,52.77,0.80,-1,-1,-1
97,26,734.33,302.45,41.89,112.98,0.90,-1,-1,-1
97,16,652.61,290.55,37.95,106.46,0.71,-1,-1,-1
98,1,370.51,235.92,177.24,440.84,0.94,-1,-1,-1
98,2,45.82,175.35,292.19,691.28,0.92,-1,-1,-1
98,3,556.98,262.70,157.42,420.24,0.95,-1,-1,-1
98,11,1154.35,288.37,87.24,200.53,0.90,-1,-1,-1
98,14,1203.15,280.54,69.47,202.23,0.90,-1,-1,-1
98,25,397.46,306.46,17.05,43.98,0.43,-1,-1,-1
98,28,368.39,306.55,23.32,49.14,0.85,-1,-1,-1
98,21,526.12,280.47,80.48,188.73,0.87,-1,-1,-1
98,30,344.26,303.33,21.17,52.94,0.80,-1,-1,-1
98,26,739.75,302.79,42.22,113.51,0.89,-1,-1,-1
98,16,648.38,289.91,44.85,113.97,0.77,-1,-1,-1
98,8,731.76,292.69,38.90,110.30,0.79,-1,-1,-1
99,1,370.22,239.23,178.25,440.97,0.96,-1,-1,-1
99,2,43.09,180.54,295.00,676.74,0.93,-1,-1,-1
99,3,555.96,265.79,156.27,418.82,0.95,-1,-1,-1
99,11,1156.34,288.30,81.76,200.77,0.91,-1,-1,-1
99,14,1203.95,281.08,70.74,201.41,0.87,-1,-1,-1
99,25,399.93,306.57,17.36,43.27,0.47,-1,-1,-1
99,28,371.50,306.62,22.86,49.08,0.85,-1,-1,-1
99,21,532.37,280.13,78.77,191.46,0.87,-1,-1,-1
99,30,347.33,303.66,20.80,52.67,0.81,-1,-1,-1
99,26,743.67,303.84,42.95,113.05,0.86,-1,-1,-1
99,16,648.65,290.00,47.46,120.22,0.80,-1,-1,-1
99,8,734.33,292.00,39.02,109.60,0.71,-1,-1,-1
100,1,370.19,244.63,177.37,439.29,0.96,-1,-1,-1
100,2,42.86,182.85,294.76,668.95,0.93,-1,-1,-1
100,3,553.84,267.79,156.38,418.98,0.95,-1,-1,-1
100,11,1157.03,288.81,82.19,201.64,0.91,-1,-1,-1
100,14,1201.79,281.51,76.08,202.50,0.88,-1,-1,-1
100,25,402.39,306.72,17.76,43.96,0.56,-1,-1,-1
100,28,374.35,306.73,22.66,49.67,0.85,-1,-1,-1
100,21,539.29,279.24,76.87,196.20,0.88,-1,-1,-1
100,30,349.67,302.92,21.93,53.84,0.83,-1,-1,-1
100,26,747.98,304.53,44.39,112.87,0.91,-1,-1,-1
100,16,650.16,290.32,49.07,120.18,0.84,-1,-1,-1
100,8,737.35,293.11,38.42,109.34,0.84,-1,-1,-1
101,1,369.53,248.79,178.37,439.92,0.96,-1,-1,-1
101,2,42.82,177.51,294.24,681.92,0.92,-1,-1,-1
101,3,553.12,269.73,156.44,418.54,0.95,-1,-1,-1
101,11,1154.33,289.79,87.21,202.45,0.94,-1,-1,-1
101,14,1196.39,282.75,85.12,203.09,0.88,-1,-1,-1
101,25,404.86,307.09,17.92,43.63,0.49,-1,-1,-1
101,28,377.40,306.65,21.99,49.90,0.85,-1,-1,-1
101,21,545.60,279.37,74.94,200.81,0.88,-1,-1,-1
101,30,352.53,302.98,21.73,53.97,0.85,-1,-1,-1
101,26,752.19,305.86,45.52,112.80,0.91,-1,-1,-1
101,16,651.32,290.76,52.04,124.08,0.85,-1,-1,-1
101,8,739.98,293.73,38.77,109.54,0.86,-1,-1,-1
102,1,368.70,254.12,178.74,437.76,0.96,-1,-1,-1
102,2,45.07,178.69,292.86,687.52,0.92,-1,-1,-1
102,3,550.93,270.84,159.01,416.62,0.95,-1,-1,-1
102,11,1149.11,291.88,96.19,201.26,0.95,-1,-1,-1
102,14,1195.36,283.91,92.06,202.56,0.86,-1,-1,-1
102,25,407.74,308.01,17.99,43.22,0.43,-1,-1,-1
102,28,380.05,307.25,21.44,49.08,0.84,-1,-1,-1
102,21,551.76,280.30,71.26,191.79,0.85,-1,-1,-1
102,30,355.11,303.33,21.36,54.32,0.83,-1,-1,-1
102,26,756.73,308.21,45.39,111.26,0.92,-1,-1,-1
102,16,652.14,292.50,53.79,124.60,0.85,-1,-1,-1
102,8,742.83,294.20,37.73,111.97,0.85,-1,-1,-1
102,4,649.66,286.94,40.55,115.69,0.67,-1,-1,-1
103,1,367.93,257.65,179.42,435.69,0.96,-1,-1,-1
103,2,48.80,181.98,289.70,696.04,0.91,-1,-1,-1
103,3,550.01,270.43,159.22,415.84,0.95,-1,-1,-1
103,11,1145.35,293.14,105.27,201.50,0.95,-1,-1,-1
103,14,1191.46,285.25,103.88,202.33,0.87,-1,-1,-1
103,25,410.70,308.26,17.40,43.99,0.46,-1,-1,-1
103,28,382.46,307.07,21.52,49.36,0.84,-1,-1,-1
103,21,556.97,279.71,72.25,202.17,0.84,-1,-1,-1
103,30,357.80,302.60,21.81,55.05,0.85,-1,-1,-1
103,26,761.05,310.14,45.27,110.34,0.91,-1,-1,-1
103,16,653.40,293.60,55.54,124.72,0.85,-1,-1,-1
103,8,745.42,295.14,37.26,109.31,0.87,-1,-1,-1
103,4,651.57,287.19,39.17,115.38,0.70,-1,-1,-1
104,1,367.33,259.93,179.74,433.51,0.96,-1,-1,-1
104,2,53.17,187.04,286.98,693.53,0.92,-1,-1,-1
104,3,549.76,268.40,157.44,411.92,0.95,-1,-1,-1
104,11,1144.91,293.76,112.23,201.99,0.94,-1,-1,-1
104,14,1191.52,286.66,109.61,202.18,0.86,-1,-1,-1
104,25,413.25,308.29,17.48,43.97,0.26,-1,-1,-1
104,28,385.72,307.39,20.64,47.96,0.80,-1,-1,-1
104,21,558.74,279.89,73.79,202.23,0.20,-1,-1,-1
104,30,360.57,303.17,21.67,54.70,0.83,-1,-1,-1
104,26,765.79,310.66,44.60,111.48,0.91,-1,-1,-1
104,16,656.49,293.81,55.58,127.10,0.85,-1,-1,-1
104,8,747.81,296.08,37.67,107.63,0.88,-1,-1,-1
104,4,652.49,286.63,40.64,117.71,0.70,-1,-1,-1
105,1,367.03,261.30,179.05,433.23,0.96,-1,-1,-1
105,2,55.05,192.52,286.94,696.05,0.92,-1,-1,-1
105,3,549.99,266.38,153.72,404.99,0.96,-1,-1,-1
105,11,1146.85,295.19,116.08,201.22,0.95,-1,-1,-1
105,14,1190.22,287.49,115.24,203.58,0.86,-1,-1,-1
105,25,416.05,309.01,17.50,42.47,0.41,-1,-1,-1
105,28,389.09,308.09,20.00,47.12,0.82,-1,-1,-1
105,30,363.75,303.50,21.31,54.56,0.83,-1,-1,-1
105,26,770.31,310.51,44.32,113.67,0.91,-1,-1,-1
105,16,658.48,294.59,56.10,127.93,0.86,-1,-1,-1
105,8,750.94,296.57,36.60,106.97,0.87,-1,-1,-1
105,4,654.53,287.46,41.14,117.64,0.76,-1,-1,-1
106,1,366.48,261.91,178.73,431.05,0.96,-1,-1,-1
106,2,55.66,194.71,288.99,694.71,0.92,-1,-1,-1
106,3,550.45,264.53,152.43,400.34,0.96,-1,-1,-1
106,11,1150.77,296.25,118.75,200.68,0.95,-1,-1,-1
106,14,1195.09,287.57,110.69,200.42,0.83,-1,-1,-1
106,25,419.06,309.29,17.22,42.84,0.28,-1,-1,-1
106,28,391.07,308.05,20.71,48.05,0.80,-1,-1,-1
106,30,366.42,304.10,20.88,54.52,0.81,-1,-1,-1
106,26,774.34,310.55,44.83,114.83,0.91,-1,-1,-1
106,16,659.25,294.85,56.89,127.05,0.86,-1,-1,-1
106,8,753.94,296.72,36.82,107.07,0.87,-1,-1,-1
106,4,655.59,287.89,41.96,119.14,0.76,-1,-1,-1
107,1,366.32,261.20,177.06,427.73,0.96,-1,-1,-1
107,2,57.99,196.88,289.02,686.08,0.92,-1,-1,-1
107,3,550.92,261.90,151.94,400.85,0.96,-1,-1,-1
107,11,1155.55,296.05,117.38,201.60,0.95,-1,-1,-1
107,14,1200.37,286.99,101.57,198.55,0.82,-1,-1,-1
107,25,421.57,310.00,16.21,40.57,0.24,-1,-1,-1
107,28,394.11,308.80,20.07,47.48,0.79,-1,-1,-1
107,30,368.96,304.63,21.02,53.88,0.81,-1,-1,-1
107,26,779.15,310.85,44.41,115.22,0.91,-1,-1,-1
107,16,663.23,295.11,54.79,123.04,0.87,-1,-1,-1
107,8,756.66,297.24,36.28,106.77,0.86,-1,-1,-1
107,4,657.94,287.76,41.05,115.76,0.77,-1,-1,-1
108,1,365.52,259.05,175.38,421.13,0.96,-1,-1,-1
108,2,60.45,197.18,288.91,678.21,0.92,-1,-1,-1
108,3,551.68,259.70,151.80,403.53,0.96,-1,-1,-1
108,11,1160.34,295.63,114.40,203.13,0.93,-1,-1,-1
108,14,1204.81,285.97,99.12,204.63,0.83,-1,-1,-1
108,25,426.00,310.09,15.52,39.73,0.16,-1,-1,-1
108,28,396.73,309.51,20.13,47.27,0.80,-1,-1,-1
108,30,371.85,304.51,20.78,54.25,0.80,-1,-1,-1
108,26,784.64,310.77,43.65,115.65,0.90,-1,-1,-1
108,16,665.86,294.70,53.31,121.48,0.86,-1,-1,-1
108,8,758.44,296.80,34.27,107.25,0.87,-1,-1,-1
108,4,660.22,287.98,40.09,114.14,0.76,-1,-1,-1
109,1,364.73,251.98,173.81,419.45,0.96,-1,-1,-1
109,2,69.90,197.35,281.25,676.02,0.92,-1,-1,-1
109,3,551.74,257.96,153.53,407.57,0.96,-1,-1,-1
109,11,1164.51,294.86,103.66,200.40,0.90,-1,-1,-1
109,14,1211.16,285.01,92.18,205.08,0.81,-1,-1,-1
109,28,399.46,309.87,19.85,48.10,0.69,-1,-1,-1
109,30,374.22,304.56,20.99,54.68,0.78,-1,-1,-1
109,26,788.94,309.80,44.55,116.98,0.90,-1,-1,-1
109,16,669.22,293.90,51.51,121.80,0.84,-1,-1,-1
109,8,760.85,297.21,33.51,107.13,0.87,-1,-1,-1
109,4,661.63,288.02,39.72,113.85,0.70,-1,-1,-1
109,21,613.75,284.07,61.60,179.04,0.60,-1,-1,-1
110,1,365.01,247.60,171.75,417.04,0.96,-1,-1,-1
110,2,73.45,194.99,278.40,671.11,0.92,-1,-1,-1
110,3,551.75,258.00,153.62,410.27,0.96,-1,-1,-1
110,11,1167.41,294.22,104.31,201.52,0.88,-1,-1,-1
110,14,1221.60,284.16,79.70,205.43,0.81,-1,-1,-1
110,28,402.25,309.62,19.15,49.02,0.20,-1,-1,-1
110,30,377.17,304.80,21.67,53.66,0.78,-1,-1,-1
110,26,792.20,309.22,46.07,118.09,0.90,-1,-1,-1
110,16,671.29,293.83,50.83,123.14,0.83,-1,-1,-1
110,8,763.16,296.71,33.86,107.42,0.88,-1,-1,-1
110,4,666.32,287.53,35.94,106.52,0.70,-1,-1,-1
110,21,618.81,277.28,75.20,207.33,0.79,-1,-1,-1
111,1,366.13,245.81,169.84,416.74,0.96,-1,-1,-1
111,2,73.50,192.87,277.69,670.00,0.93,-1,-1,-1
111,3,551.23,259.62,156.10,410.97,0.95,-1,-1,-1
111,11,1170.19,293.08,100.96,202.19,0.91,-1,-1,-1
111,14,1225.32,282.92,76.39,205.23,0.83,-1,-1,-1
111,30,379.75,305.01,21.64,54.17,0.73,-1,-1,-1
111,26,795.69,308.45,47.24,119.96,0.91,-1,-1,-1
111,16,675.34,293.43,47.56,117.05,0.80,-1,-1,-1
111,8,764.26,295.38,37.03,107.83,0.87,-1,-1,-1
111,4,668.63,287.09,37.06,109.03,0.66,-1,-1,-1
111,21,627.03,276.48,87.74,214.96,0.87,-1,-1,-1
112,1,367.80,245.11,167.91,416.37,0.96,-1,-1,-1
112,2,74.54,189.00,276.05,673.22,0.92,-1,-1,-1
112,3,550.75,261.71,157.59,412.10,0.95,-1,-1,-1
112,11,1171.09,292.93,99.64,202.13,0.89,-1,-1,-1
112,14,1230.17,282.45,77.82,206.34,0.83,-1,-1,-1
112,30,382.40,305.47,20.72,52.55,0.70,-1,-1,-1
112,26,798.00,307.67,50.02,121.23,0.92,-1,-1,-1
112,16,680.12,292.78,43.84,114.99,0.79,-1,-1,-1
112,8,766.35,294.25,38.17,108.85,0.86,-1,-1,-1
112,21,631.84,274.08,95.01,222.00,0.86,-1,-1,-1
113,1,368.73,244.95,166.68,416.68,0.96,-1,-1,-1
113,2,68.07,186.09,282.59,676.75,0.92,-1,-1,-1
113,3,551.19,263.31,155.84,412.75,0.95,-1,-1,-1
113,11,1174.53,292.45,91.93,203.17,0.85,-1,-1,-1
113,14,1234.98,282.30,71.05,206.75,0.82,-1,-1,-1
113,30,385.52,306.17,19.46,47.41,0.49,-1,-1,-1
113,26,800.59,307.42,52.25,122.00,0.91,-1,-1,-1
113,16,684.26,292.59,38.76,103.35,0.73,-1,-1,-1
113,8,768.61,294.03,37.46,108.36,0.87,-1,-1,-1
113,21,635.25,272.91,107.01,229.68,0.90,-1,-1,-1
114,1,369.98,246.44,165.36,418.04,0.96,-1,-1,-1
114,2,64.74,182.65,285.79,683.49,0.92,-1,-1,-1
114,3,552.87,266.78,153.97,412.84,0.95,-1,-1,-1
114,11,1175.70,291.24,95.26,205.21,0.86,-1,-1,-1
114,14,1237.16,282.40,66.05,208.24,0.79,-1,-1,-1
114,30,387.90,307.07,19.93,47.06,0.46,-1,-1,-1
114,26,805.50,307.05,53.11,124.03,0.90,-1,-1,-1
114,16,689.41,292.06,33.14,92.07,0.18,-1,-1,-1
114,8,770.26,293.52,37.16,108.46,0.85,-1,-1,-1
114,21,641.20,271.92,112.37,233.99,0.91,-1,-1,-1
115,1,370.41,249.74,165.22,417.15,0.96,-1,-1,-1
115,2,61.28,180.06,287.79,686.86,0.92,-1,-1,-1
115,3,554.07,269.15,152.08,408.29,0.95,-1,-1,-1
115,11,1178.51,292.61,88.01,205.67,0.88,-1,-1,-1
115,14,1240.94,283.97,63.17,207.63,0.77,-1,-1,-1
115,30,391.03,307.41,19.50,46.34,0.35,-1,-1,-1
115,26,809.30,306.95,55.75,125.98,0.88,-1,-1,-1
115,8,771.67,293.97,37.65,108.21,0.88,-1,-1,-1
115,21,650.66,270.73,113.92,237.32,0.93,-1,-1,-1
116,1,370.37,251.90,166.07,418.27,0.96,-1,-1,-1
116,2,59.24,181.22,288.77,689.78,0.92,-1,-1,-1
116,3,555.50,271.23,150.74,407.68,0.95,-1,-1,-1
116,11,1181.88,292.86,87.71,205.80,0.89,-1,-1,-1
116,14,1228.04,284.06,81.32,211.77,0.78,-1,-1,-1
116,30,393.99,307.20,18.73,44.57,0.36,-1,-1,-1
116,26,816.44,307.51,53.27,126.05,0.89,-1,-1,-1
116,8,773.03,293.86,38.41,108.98,0.88,-1,-1,-1
116,21,659.13,269.41,116.09,244.27,0.93,-1,-1,-1
116,22,489.14,304.14,20.70,53.54,0.72,-1,-1,-1
117,1,369.84,255.33,165.60,418.22,0.96,-1,-1,-1
117,2,57.87,184.39,288.66,692.06,0.93,-1,-1,-1
117,3,556.88,272.55,148.39,409.36,0.95,-1,-1,-1
117,11,1186.10,293.35,85.17,205.58,0.89,-1,-1,-1
117,14,1224.70,284.85,85.85,213.86,0.83,-1,-1,-1
117,30,396.10,307.36,18.75,45.21,0.53,-1,-1,-1
117,26,825.89,308.21,55.17,126.37,0.82,-1,-1,-1
117,8,775.23,293.84,38.08,109.89,0.87,-1,-1,-1
117,21,666.53,269.50,120.24,246.33,0.93,-1,-1,-1
117,22,491.44,304.22,20.73,53.35,0.80,-1,-1,-1
118,1,369.29,259.46,165.31,414.44,0.96,-1,-1,-1
118,2,58.15,186.53,287.48,697.89,0.92,-1,-1,-1
118,3,558.68,273.75,144.52,406.82,0.95,-1,-1,-1
118,11,1186.95,295.58,91.69,202.49,0.87,-1,-1,-1
118,14,1226.66,285.29,84.32,215.33,0.81,-1,-1,-1
118,30,399.13,306.96,19.68,48.79,0.40,-1,-1,-1
118,26,833.15,309.63,50.02,124.36,0.86,-1,-1,-1
118,8,776.94,294.42,39.73,109.32,0.86,-1,-1,-1
118,21,672.17,268.53,124.06,252.37,0.94,-1,-1,-1
118,22,494.39,304.54,20.14,52.97,0.83,-1,-1,-1
119,1,368.31,262.04,165.40,413.22,0.96,-1,-1,-1
119,2,59.96,190.93,283.70,694.73,0.93,-1,-1,-1
119,3,559.01,273.41,143.14,403.05,0.94,-1,-1,-1
119,11,1187.27,296.71,92.81,204.61,0.91,-1,-1,-1
119,14,1232.80,287.37,78.89,211.25,0.72,-1,-1,-1
119,30,401.49,306.08,21.81,53.63,0.66,-1,-1,-1
119,26,837.50,310.61,50.95,125.66,0.85,-1,-1,-1
119,8,780.17,294.35,39.18,110.00,0.80,-1,-1,-1
119,21,683.33,269.07,128.35,255.46,0.94,-1,-1,-1
119,22,496.58,305.56,20.53,51.92,0.86,-1,-1,-1
119,4,673.22,290.17,54.23,127.59,0.64,-1,-1,-1
120,1,367.66,264.52,164.92,411.56,0.96,-1,-1,-1
120,2,59.69,195.26,283.22,690.85,0.93,-1,-1,-1
120,3,558.51,272.66,143.35,397.42,0.95,-1,-1,-1
120,11,1187.84,298.51,95.68,202.99,0.93,-1,-1,-1
120,14,1232.67,287.59,84.07,207.40,0.74,-1,-1,-1
120,30,404.79,306.66,20.32,51.74,0.46,-1,-1,-1
120,26,842.55,311.98,54.27,126.12,0.85,-1,-1,-1
120,8,778.94,293.69,44.32,125.44,0.70,-1,-1,-1
120,21,694.39,270.62,127.70,258.08,0.94,-1,-1,-1
120,22,498.51,305.97,20.67,51.82,0.86,-1,-1,-1
120,4,675.01,290.72,51.47,127.15,0.75,-1,-1,-1
120,31,484.20,307.35,17.10,47.25,0.71,-1,-1,-1
121,1,366.92,265.53,164.73,411.70,0.96,-1,-1,-1
121,2,60.32,201.33,280.74,682.14,0.93,-1,-1,-1
121,3,558.39,271.44,144.04,392.32,0.96,-1,-1,-1
121,11,1190.40,298.91,97.93,203.25,0.93,-1,-1,-1
121,14,1236.17,287.40,81.21,205.30,0.59,-1,-1,-1
121,30,407.37,306.43,20.28,51.82,0.56,-1,-1,-1
121,26,847.31,312.64,53.75,127.73,0.87,-1,-1,-1
121,8,783.41,294.90,42.22,111.50,0.67,-1,-1,-1
121,21,708.44,269.34,126.66,264.95,0.94,-1,-1,-1
121,22,501.02,305.95,20.72,52.37,0.87,-1,-1,-1
121,4,676.95,290.92,48.92,126.94,0.66,-1,-1,-1
121,31,487.31,307.53,17.12,47.64,0.66,-1,-1,-1
121,16,693.87,295.47,46.32,123.32,0.77,-1,-1,-1
122,1,366.63,265.32,164.91,412.21,0.96,-1,-1,-1
122,2,58.87,205.71,280.54,678.06,0.93,-1,-1,-1
122,3,557.67,269.68,145.47,388.04,0.96,-1,-1,-1
122,11,1194.11,299.33,96.39,202.73,0.91,-1,-1,-1
122,14,1241.55,286.42,77.59,208.71,0.53,-1,-1,-1
122,30,410.30,306.99,19.06,49.17,0.42,-1,-1,-1
122,26,851.19,312.53,55.26,129.50,0.86,-1,-1,-1
122,8,789.51,296.46,35.29,103.37,0.65,-1,-1,-1
122,21,719.08,268.65,130.77,271.39,0.95,-1,-1,-1
122,22,503.91,306.15,20.13,52.27,0.87,-1,-1,-1
122,4,679.06,291.08,46.09,125.90,0.67,-1,-1,-1
122,31,490.08,307.71,17.13,47.37,0.69,-1,-1,-1
122,16,695.93,296.59,46.18,125.48,0.87,-1,-1,-1
123,1,366.22,264.72,165.28,407.57,0.96,-1,-1,-1
123,2,58.05,202.73,277.83,681.77,0.92,-1,-1,-1
123,3,555.91,267.50,149.01,389.02,0.96,-1,-1,-1
123,11,1200.33,300.72,92.18,202.26,0.91,-1,-1,-1
123,14,1250.90,293.85,66.47,202.25,0.14,-1,-1,-1
123,30,412.90,307.49,17.67,45.11,0.25,-1,-1,-1
123,26,856.37,312.21,56.40,130.46,0.88,-1,-1,-1
123,8,791.41,297.18,39.52,116.86,0.52,-1,-1,-1
123,21,730.21,266.08,135.74,279.92,0.94,-1,-1,-1
123,22,506.08,306.22,20.50,52.55,0.87,-1,-1,-1
123,31,492.09,308.04,17.12,48.68,0.63,-1,-1,-1
123,16,697.94,297.97,47.13,125.08,0.86,-1,-1,-1
123,32,296.10,302.85,34.65,100.80,0.82,-1,-1,-1
124,1,366.90,264.08,164.47,398.78,0.96,-1,-1,-1
124,2,58.63,206.48,275.11,672.41,0.93,-1,-1,-1
124,3,554.74,266.13,151.62,393.65,0.96,-1,-1,-1
124,11,1206.32,299.21,89.41,203.12,0.89,-1,-1,-1
124,26,863.28,311.77,53.91,131.96,0.88,-1,-1,-1
124,8,791.06,286.50,44.34,127.46,0.29,-1,-1,-1
124,21,742.46,265.99,137.07,285.39,0.95,-1,-1,-1
124,22,508.09,306.59,21.25,52.64,0.87,-1,-1,-1
124,31,494.64,308.00,17.12,50.75,0.62,-1,-1,-1
124,16,699.95,298.27,46.92,125.34,0.88,-1,-1,-1
124,32,298.21,303.04,34.70,104.47,0.83,-1,-1,-1
124,33,322.42,310.05,22.50,62.55,0.78,-1,-1,-1
125,1,368.67,261.67,163.12,394.02,0.96,-1,-1,-1
125,2,56.63,205.86,275.01,668.11,0.92,-1,-1,-1
125,3,554.43,265.62,153.79,396.00,0.96,-1,-1,-1
125,11,1211.26,299.34,83.54,200.59,0.89,-1,-1,-1
125,26,868.52,311.42,54.70,133.39,0.88,-1,-1,-1
125,21,754.33,264.36,139.20,294.47,0.95,-1,-1,-1
125,22,510.10,306.25,21.52,52.97,0.85,-1,-1,-1
125,31,497.83,308.27,16.46,50.79,0.55,-1,-1,-1
125,16,701.40,298.52,47.35,124.18,0.79,-1,-1,-1
125,32,300.36,302.77,36.45,107.25,0.84,-1,-1,-1
125,33,325.39,311.13,22.17,61.51,0.68,-1,-1,-1
126,1,370.64,258.29,161.11,394.47,0.96,-1,-1,-1
126,2,56.36,202.96,275.20,663.44,0.92,-1,-1,-1
126,3,554.41,266.43,155.77,397.68,0.95,-1,-1,-1
126,11,1213.62,297.85,80.15,203.25,0.87,-1,-1,-1
126,26,874.85,309.92,54.08,135.08,0.83,-1,-1,-1
126,21,767.16,262.40,141.66,301.76,0.95,-1,-1,-1
126,22,512.93,306.52,21.03,52.79,0.87,-1,-1,-1
126,31,500.48,308.46,16.23,50.43,0.63,-1,-1,-1
126,16,703.46,298.15,47.47,124.49,0.64,-1,-1,-1
126,32,303.17,303.23,35.99,107.13,0.87,-1,-1,-1
126,33,328.36,310.64,22.11,62.71,0.78,-1,-1,-1
127,1,372.88,254.72,158.81,398.14,0.96,-1,-1,-1
127,2,55.21,197.23,276.32,667.42,0.92,-1,-1,-1
127,3,553.81,268.65,158.81,396.36,0.95,-1,-1,-1
127,11,1214.84,297.47,77.74,203.48,0.87,-1,-1,-1
127,26,882.94,309.49,50.81,115.60,0.81,-1,-1,-1
127,21,779.62,261.21,146.82,308.61,0.95,-1,-1,-1
127,22,515.38,306.42,21.43,53.02,0.86,-1,-1,-1
127,31,503.15,308.62,16.15,50.57,0.61,-1,-1,-1
127,16,704.77,297.54,48.02,125.40,0.88,-1,-1,-1
127,32,305.45,303.13,36.76,107.66,0.87,-1,-1,-1
127,33,331.19,311.21,22.06,62.04,0.72,-1,-1,-1
128,1,375.08,252.96,157.85,400.93,0.96,-1,-1,-1
128,2,56.38,193.31,275.07,667.17,0.92,-1,-1,-1
128,3,554.49,270.70,158.77,397.07,0.95,-1,-1,-1
128,11,1217.65,295.97,75.71,205.21,0.86,-1,-1,-1
128,26,890.92,308.54,49.24,116.53,0.82,-1,-1,-1
128,21,793.73,258.31,151.35,317.63,0.95,-1,-1,-1
128,22,518.62,306.23,20.98,53.09,0.87,-1,-1,-1
128,31,506.50,308.68,16.13,49.37,0.59,-1,-1,-1
128,16,707.29,296.59,47.04,126.54,0.91,-1,-1,-1
128,32,308.53,302.77,36.35,108.11,0.87,-1,-1,-1
128,33,334.12,311.57,22.39,62.12,0.80,-1,-1,-1
128,4,696.06,289.82,42.71,124.95,0.81,-1,-1,-1
129,1,376.88,252.55,157.48,403.46,0.96,-1,-1,-1
129,2,58.95,193.01,273.58,658.14,0.92,-1,-1,-1
129,3,554.47,273.03,160.00,395.64,0.95,-1,-1,-1
129,11,1221.16,295.09,77.57,207.40,0.85,-1,-1,-1
129,26,897.02,308.55,47.80,115.95,0.82,-1,-1,-1
129,21,808.23,256.09,155.42,326.52,0.94,-1,-1,-1
129,22,520.93,306.54,21.41,53.13,0.86,-1,-1,-1
129,31,509.74,308.93,15.53,49.53,0.55,-1,-1,-1
129,16,709.73,295.55,46.63,128.10,0.89,-1,-1,-1
129,32,311.34,303.53,35.57,107.93,0.87,-1,-1,-1
129,33,337.02,311.92,22.83,61.49,0.77,-1,-1,-1
129,4,698.44,290.31,42.37,123.82,0.82,-1,-1,-1
129,8,803.68,295.35,37.00,111.45,0.79,-1,-1,-1
130,1,378.01,254.03,158.40,403.95,0.96,-1,-1,-1
130,2,60.97,194.23,272.63,645.25,0.93,-1,-1,-1
130,3,555.36,275.36,159.82,394.47,0.95,-1,-1,-1
130,11,1222.87,294.14,79.47,208.78,0.86,-1,-1,-1
130,26,904.76,308.23,46.98,126.06,0.84,-1,-1,-1
130,21,823.66,254.94,160.06,332.37,0.94,-1,-1,-1
130,22,523.51,306.76,21.57,52.54,0.86,-1,-1,-1
130,31,512.02,308.96,15.31,48.96,0.58,-1,-1,-1
130,16,711.78,295.42,47.03,128.03,0.84,-1,-1,-1
130,32,313.65,303.59,36.53,107.83,0.87,-1,-1,-1
130,33,340.15,312.93,22.97,60.62,0.78,-1,-1,-1
130,4,700.75,290.13,43.47,123.45,0.52,-1,-1,-1
130,8,806.41,295.89,36.79,111.87,0.86,-1,-1,-1
131,1,378.33,257.51,160.21,402.69,0.96,-1,-1,-1
131,2,62.11,193.70,273.20,635.83,0.93,-1,-1,-1
131,3,557.35,276.13,156.84,393.16,0.95,-1,-1,-1
131,11,1223.57,293.96,85.06,208.65,0.88,-1,-1,-1
131,26,912.54,307.59,47.03,128.02,0.69,-1,-1,-1
131,21,838.87,253.99,166.20,340.69,0.94,-1,-1,-1
131,22,525.73,306.63,22.23,53.24,0.86,-1,-1,-1
131,31,514.74,309.20,15.25,48.46,0.61,-1,-1,-1
131,16,714.50,294.72,47.18,128.86,0.90,-1,-1,-1
131,32,316.61,304.46,36.27,107.49,0.87,-1,-1,-1
131,33,343.57,313.35,22.41,60.66,0.68,-1,-1,-1
131,4,702.36,290.27,44.50,124.26,0.86,-1,-1,-1
131,8,808.50,296.42,37.96,111.38,0.88,-1,-1,-1
132,1,378.70,260.72,162.50,402.30,0.96,-1,-1,-1
132,2,61.98,193.45,275.31,640.84,0.93,-1,-1,-1
132,3,560.89,276.33,152.63,393.20,0.95,-1,-1,-1
132,11,1223.13,293.57,87.12,208.81,0.90,-1,-1,-1
132,21,854.31,252.74,173.06,348.30,0.95,-1,-1,-1
132,22,528.35,306.65,22.47,53.48,0.86,-1,-1,-1
132,31,517.24,309.06,15.84,49.18,0.62,-1,-1,-1
132,16,717.61,294.71,47.19,128.79,0.89,-1,-1,-1
132,32,318.95,304.38,37.99,108.57,0.87,-1,-1,-1
132,33,346.67,313.87,22.80,59.74,0.76,-1,-1,-1
132,4,702.64,290.85,46.66,122.76,0.88,-1,-1,-1
132,8,811.03,296.24,38.37,111.51,0.88,-1,-1,-1
133,1,380.00,264.30,163.88,400.96,0.96,-1,-1,-1
133,2,63.08,195.56,276.20,636.93,0.93,-1,-1,-1
133,3,563.38,276.84,150.34,391.29,0.96,-1,-1,-1
133,11,1218.59,294.90,97.32,204.84,0.90,-1,-1,-1
133,21,871.17,252.95,178.15,351.03,0.94,-1,-1,-1
133,22,530.99,306.51,22.54,53.87,0.85,-1,-1,-1
133,31,520.14,309.15,15.45,48.83,0.66,-1,-1,-1
133,16,719.86,295.94,47.73,127.21,0.89,-1,-1,-1
133,32,321.68,304.61,37.99,109.24,0.87,-1,-1,-1
133,33,350.26,313.23,22.93,60.65,0.80,-1,-1,-1
133,4,702.93,291.71,48.62,121.58,0.87,-1,-1,-1
133,8,813.31,295.90,38.51,112.50,0.87,-1,-1,-1
133,25,510.28,307.77,18.89,51.26,0.68,-1,-1,-1
134,1,381.96,266.75,164.30,400.33,0.96,-1,-1,-1
134,2,65.95,197.20,275.11,640.49,0.93,-1,-1,-1
134,3,567.24,276.65,146.39,386.25,0.96,-1,-1,-1
134,11,1217.11,296.48,102.19,201.88,0.90,-1,-1,-1
134,21,886.73,252.77,186.54,356.68,0.94,-1,-1,-1
134,22,533.34,306.54,22.55,53.69,0.85,-1,-1,-1
134,31,522.87,308.96,15.29,48.98,0.61,-1,-1,-1
134,16,722.59,296.38,47.88,127.09,0.90,-1,-1,-1
134,32,325.03,304.90,37.64,109.13,0.87,-1,-1,-1
134,33,353.16,313.50,23.56,60.36,0.82,-1,-1,-1
134,4,704.31,292.58,49.33,121.10,0.89,-1,-1,-1
134,8,814.50,296.16,39.76,112.56,0.88,-1,-1,-1
134,25,513.63,307.61,18.94,51.46,0.68,-1,-1,-1
135,1,384.29,268.77,164.72,399.50,0.96,-1,-1,-1
135,2,69.17,197.60,273.04,652.02,0.93,-1,-1,-1
135,3,571.12,274.81,143.24,380.32,0.96,-1,-1,-1
135,11,1219.09,298.10,100.75,200.38,0.87,-1,-1,-1
135,21,905.27,249.98,193.27,365.34,0.94,-1,-1,-1
135,22,535.96,306.92,22.56,53.64,0.86,-1,-1,-1
135,31,525.63,309.41,15.25,49.95,0.61,-1,-1,-1
135,16,724.86,296.74,49.73,127.64,0.90,-1,-1,-1
135,32,328.86,304.80,36.62,110.01,0.88,-1,-1,-1
135,33,356.49,313.23,23.51,61.19,0.82,-1,-1,-1
135,4,706.95,292.94,48.45,121.27,0.89,-1,-1,-1
135,8,815.92,297.48,40.84,110.54,0.88,-1,-1,-1
135,25,516.29,307.78,18.96,52.42,0.63,-1,-1,-1
136,1,386.47,270.85,165.92,396.97,0.96,-1,-1,-1
136,2,72.82,199.69,272.35,657.43,0.92,-1,-1,-1
136,3,575.52,273.20,140.29,375.14,0.96,-1,-1,-1
136,11,1223.32,299.46,98.90,200.29,0.85,-1,-1,-1
136,21,923.66,243.55,198.08,375.61,0.94,-1,-1,-1
136,22,538.63,307.07,22.56,53.61,0.85,-1,-1,-1
136,31,528.04,309.58,15.24,49.71,0.61,-1,-1,-1
136,16,727.70,297.19,50.41,127.51,0.91,-1,-1,-1
136,32,332.43,305.21,36.23,110.02,0.89,-1,-1,-1
136,33,359.42,313.28,24.09,61.20,0.85,-1,-1,-1
136,4,710.86,293.37,46.29,120.73,0.89,-1,-1,-1
136,8,818.13,298.41,41.25,110.11,0.89,-1,-1,-1
136,25,518.33,307.71,19.56,53.07,0.69,-1,-1,-1
137,1,387.98,272.06,166.85,394.08,0.96,-1,-1,-1
137,2,75.69,204.26,272.71,656.38,0.93,-1,-1,-1
137,3,577.98,271.55,139.91,375.87,0.96,-1,-1,-1
137,11,1228.45,300.81,94.62,200.26,0.74,-1,-1,-1
137,21,943.72,243.98,212.54,376.48,0.94,-1,-1,-1
137,22,541.32,307.29,22.56,53.90,0.85,-1,-1,-1
137,31,530.93,309.66,15.25,49.92,0.56,-1,-1,-1
137,16,729.60,297.96,51.25,127.12,0.89,-1,-1,-1
137,32,335.74,305.39,36.39,110.61,0.88,-1,-1,-1
137,33,362.34,313.02,24.60,61.80,0.84,-1,-1,-1
137,4,714.06,293.82,46.07,121.45,0.89,-1,-1,-1
137,8,820.96,299.48,40.82,109.37,0.88,-1,-1,-1
137,25,521.64,307.86,19.20,53.00,0.67,-1,-1,-1
138,1,389.54,273.00,166.66,393.02,0.96,-1,-1,-1
138,2,79.69,207.64,271.29,654.15,0.92,-1,-1,-1
138,3,580.59,270.45,139.14,378.14,0.96,-1,-1,-1
138,11,1233.82,303.17,95.29,198.76,0.40,-1,-1,-1
138,21,964.81,244.54,223.66,385.59,0.94,-1,-1,-1
138,22,543.99,307.32,21.95,54.29,0.83,-1,-1,-1
138,31,533.07,309.93,15.85,49.69,0.62,-1,-1,-1
138,16,731.96,299.72,52.11,125.44,0.90,-1,-1,-1
138,32,338.36,304.77,36.73,111.40,0.89,-1,-1,-1
138,33,365.10,313.28,25.36,61.72,0.85,-1,-1,-1
138,4,716.31,294.40,46.56,120.82,0.89,-1,-1,-1
138,8,819.79,301.05,44.21,108.22,0.87,-1,-1,-1
138,25,524.21,308.17,19.04,54.13,0.65,-1,-1,-1
138,26,950.76,310.69,58.83,142.89,0.77,-1,-1,-1
139,1,390.83,271.60,165.92,389.62,0.96,-1,-1,-1
139,2,85.23,212.20,269.96,645.63,0.92,-1,-1,-1
139,3,582.69,270.70,138.99,379.92,0.96,-1,-1,-1
139,11,1237.52,299.42,95.57,203.90,0.18,-1,-1,-1
139,21,986.46,242.87,224.64,398.89,0.94,-1,-1,-1
139,22,546.70,307.84,21.73,53.84,0.84,-1,-1,-1
139,31,535.58,309.94,16.08,49.89,0.66,-1,-1,-1
139,16,735.15,300.41,51.27,124.75,0.90,-1,-1,-1
139,32,340.59,304.78,38.07,112.28,0.89,-1,-1,-1
139,33,368.27,313.33,25.37,62.28,0.85,-1,-1,-1
139,4,718.28,294.93,46.18,121.18,0.89,-1,-1,-1
139,8,822.53,302.37,43.74,106.89,0.89,-1,-1,-1
139,25,526.85,308.50,18.38,53.36,0.69,-1,-1,-1
139,26,956.63,313.18,59.66,146.35,0.87,-1,-1,-1
140,1,391.74,271.12,165.10,382.81,0.96,-1,-1,-1
140,2,90.10,214.96,268.53,636.40,0.92,-1,-1,-1
140,3,584.61,271.96,139.52,380.61,0.96,-1,-1,-1
140,21,1009.51,240.68,228.12,414.69,0.94,-1,-1,-1
140,22,549.42,308.44,21.63,53.36,0.84,-1,-1,-1
140,31,538.22,310.48,16.16,50.55,0.59,-1,-1,-1
140,16,738.36,300.34,49.69,125.37,0.91,-1,-1,-1
140,32,342.56,304.55,38.56,112.88,0.89,-1,-1,-1
140,33,371.77,313.12,25.05,62.78,0.84,-1,-1,-1
140,4,721.02,294.64,45.40,121.61,0.89,-1,-1,-1
140,8,824.38,303.12,44.09,106.73,0.87,-1,-1,-1
140,25,528.91,308.44,19.34,54.82,0.64,-1,-1,-1
140,26,962.16,314.65,63.38,148.44,0.91,-1,-1,-1
141,1,392.55,268.79,164.21,378.57,0.96,-1,-1,-1
141,2,92.82,216.21,267.52,628.30,0.92,-1,-1,-1
141,3,586.38,273.04,140.36,381.57,0.96,-1,-1,-1
141,21,1032.45,238.88,235.11,433.26,0.93,-1,-1,-1
141,22,552.37,308.82,21.00,53.48,0.83,-1,-1,-1
141,31,539.65,310.69,16.79,50.21,0.55,-1,-1,-1
141,16,740.63,300.61,50.27,125.31,0.92,-1,-1,-1
141,32,346.35,304.62,38.14,113.10,0.89,-1,-1,-1
141,33,374.67,313.64,25.21,62.38,0.85,-1,-1,-1
141,4,723.41,294.54,45.71,122.39,0.88,-1,-1,-1
141,8,828.23,303.69,43.04,106.11,0.89,-1,-1,-1
141,25,531.59,309.16,19.68,54.77,0.63,-1,-1,-1
141,26,968.17,313.61,63.66,151.98,0.92,-1,-1,-1
142,1,394.18,266.00,163.06,376.41,0.96,-1,-1,-1
142,2,94.37,214.10,268.66,625.26,0.92,-1,-1,-1
142,3,587.26,275.46,141.26,381.88,0.96,-1,-1,-1
142,21,1056.36,238.73,246.81,450.56,0.93,-1,-1,-1
142,22,554.56,308.56,21.36,53.82,0.85,-1,-1,-1
142,31,542.17,310.97,16.43,50.66,0.61,-1,-1,-1
142,16,743.44,300.18,50.46,125.85,0.92,-1,-1,-1
142,32,349.22,304.10,38.55,113.74,0.88,-1,-1,-1
142,33,377.62,312.83,25.56,62.81,0.86,-1,-1,-1
142,4,725.08,294.55,45.81,122.67,0.89,-1,-1,-1
142,8,832.85,303.79,40.80,106.19,0.89,-1,-1,-1
142,25,533.69,309.05,19.80,54.71,0.60,-1,-1,-1
142,26,978.34,311.97,60.21,154.72,0.92,-1,-1,-1
143,1,397.28,263.47,161.03,378.14,0.95,-1,-1,-1
143,2,92.19,210.57,274.33,629.13,0.92,-1,-1,-1
143,3,589.32,279.06,141.06,381.45,0.96,-1,-1,-1
143,21,1082.49,233.68,249.00,472.79,0.91,-1,-1,-1
143,22,557.08,308.47,21.50,53.65,0.84,-1,-1,-1
143,31,545.42,311.09,15.69,49.64,0.56,-1,-1,-1
143,16,746.52,302.25,48.15,123.06,0.92,-1,-1,-1
143,32,353.45,304.22,37.23,113.67,0.89,-1,-1,-1
143,33,380.39,313.00,25.98,62.67,0.86,-1,-1,-1
143,4,726.84,293.96,44.67,123.37,0.90,-1,-1,-1
143,8,836.95,304.56,37.53,95.74,0.89,-1,-1,-1
143,25,536.74,309.33,19.84,54.38,0.65,-1,-1,-1
143,26,986.86,311.60,59.97,156.31,0.92,-1,-1,-1
143,34,332.55,312.52,36.00,99.90,0.71,-1,-1,-1
144,1,400.46,261.91,159.65,379.46,0.96,-1,-1,-1
144,2,91.72,205.74,276.43,633.79,0.93,-1,-1,-1
144,3,591.47,282.17,140.98,380.71,0.96,-1,-1,-1
144,21,1109.50,233.01,231.02,488.24,0.90,-1,-1,-1
144,22,559.68,308.41,21.55,53.58,0.83,-1,-1,-1
144,31,547.08,310.95,16.01,49.54,0.63,-1,-1,-1
144,16,748.74,300.90,46.02,123.79,0.91,-1,-1,-1
144,32,356.69,304.23,37.30,114.22,0.88,-1,-1,-1
144,33,383.66,312.87,25.54,62.91,0.86,-1,-1,-1
144,4,728.57,292.96,44.22,124.53,0.89,-1,-1,-1
144,8,839.21,304.00,37.56,92.73,0.89,-1,-1,-1
144,25,539.23,310.30,18.66,52.75,0.65,-1,-1,-1
144,26,992.16,310.71,62.21,157.88,0.91,-1,-1,-1
144,34,331.75,312.76,39.63,102.84,0.67,-1,-1,-1
145,1,403.36,262.80,159.14,379.12,0.96,-1,-1,-1
145,2,92.56,199.69,275.78,643.97,0.93,-1,-1,-1
145,3,594.27,284.33,139.75,379.40,0.96,-1,-1,-1
145,21,1138.85,229.37,210.19,501.46,0.88,-1,-1,-1
145,22,562.01,308.36,21.57,53.56,0.85,-1,-1,-1
145,31,549.37,310.57,16.13,50.11,0.50,-1,-1,-1
145,16,751.24,299.48,44.62,125.26,0.89,-1,-1,-1
145,32,359.40,304.20,37.92,114.71,0.88,-1,-1,-1
145,33,386.84,313.24,25.96,62.40,0.87,-1,-1,-1
145,4,729.08,293.45,43.46,124.07,0.88,-1,-1,-1
145,8,841.72,303.93,36.97,93.61,0.88,-1,-1,-1
145,25,540.28,309.89,20.03,53.02,0.60,-1,-1,-1
145,26,1000.94,309.62,60.70,159.73,0.89,-1,-1,-1
145,34,336.26,312.78,36.95,103.75,0.76,-1,-1,-1
146,1,407.08,263.45,157.81,380.00,0.96,-1,-1,-1
146,2,92.98,196.96,275.52,647.18,0.93,-1,-1,-1
146,3,597.08,284.94,138.75,378.24,0.96,-1,-1,-1
146,21,1171.59,224.05,196.11,510.84,0.74,-1,-1,-1
146,22,564.62,308.18,21.58,53.26,0.85,-1,-1,-1
146,31,552.26,310.41,16.17,49.43,0.47,-1,-1,-1
146,16,753.33,297.43,44.14,126.72,0.92,-1,-1,-1
146,32,362.10,304.19,38.16,114.89,0.88,-1,-1,-1
146,33,389.86,312.78,26.11,63.11,0.88,-1,-1,-1
146,4,729.86,293.32,43.80,124.50,0.88,-1,-1,-1
146,8,843.83,302.80,38.00,101.88,0.91,-1,-1,-1
146,25,544.47,309.43,19.93,53.12,0.69,-1,-1,-1
146,26,1008.94,309.18,62.44,161.29,0.90,-1,-1,-1
146,34,338.25,313.63,39.55,103.00,0.80,-1,-1,-1
147,1,409.28,264.05,157.99,381.30,0.96,-1,-1,-1
147,2,92.51,194.10,276.47,650.97,0.93,-1,-1,-1
147,3,599.55,285.16,137.85,378.45,0.96,-1,-1,-1
147,21,1206.55,230.39,163.91,475.10,0.28,-1,-1,-1
147,22,566.99,308.30,22.19,53.45,0.84,-1,-1,-1
147,31,554.75,310.70,16.20,49.77,0.58,-1,-1,-1
147,16,755.54,296.68,43.38,127.86,0.91,-1,-1,-1
147,32,364.77,304.55,38.56,114.95,0.87,-1,-1,-1
147,33,392.65,312.52,25.88,63.38,0.87,-1,-1,-1
147,4,730.99,293.30,46.94,124.67,0.87,-1,-1,-1
147,8,845.74,301.96,38.99,105.47,0.90,-1,-1,-1
147,25,546.87,309.75,19.89,52.56,0.67,-1,-1,-1
147,26,1017.09,309.31,61.93,163.59,0.90,-1,-1,-1
147,34,340.88,312.75,39.36,103.74,0.76,-1,-1,-1
148,1,410.90,266.37,158.05,380.34,0.96,-1,-1,-1
148,2,92.33,197.78,277.29,644.08,0.93,-1,-1,-1
148,3,602.46,284.77,136.30,376.32,0.96,-1,-1,-1
148,22,569.54,308.65,22.41,53.22,0.81,-1,-1,-1
148,31,557.04,310.66,16.20,50.20,0.49,-1,-1,-1
148,16,758.04,295.98,43.72,128.58,0.92,-1,-1,-1
148,32,366.97,304.67,39.29,114.96,0.88,-1,-1,-1
148,33,395.19,312.56,26.07,63.77,0.86,-1,-1,-1
148,4,732.21,293.75,46.92,123.53,0.89,-1,-1,-1
148,8,848.42,301.80,38.77,106.01,0.89,-1,-1,-1
148,25,548.83,309.12,19.86,52.94,0.58,-1,-1,-1
148,26,1023.46,308.52,62.86,165.58,0.91,-1,-1,-1
148,34,344.83,312.59,36.35,102.02,0.70,-1,-1,-1
149,1,411.24,266.97,159.18,380.97,0.96,-1,-1,-1
149,2,91.53,198.51,278.26,646.76,0.93,-1,-1,-1
149,3,605.26,284.44,134.59,372.45,0.96,-1,-1,-1
149,22,571.88,308.19,22.50,53.74,0.82,-1,-1,-1
149,31,559.59,310.66,16.21,49.77,0.45,-1,-1,-1
149,16,760.70,295.28,43.87,130.04,0.92,-1,-1,-1
149,32,370.17,304.74,39.28,115.56,0.87,-1,-1,-1
149,33,397.64,312.01,26.44,64.52,0.87,-1,-1,-1
149,4,734.11,294.23,46.33,123.41,0.90,-1,-1,-1
149,8,850.26,300.69,39.90,107.72,0.89,-1,-1,-1
149,25,551.53,308.76,19.85,53.69,0.71,-1,-1,-1
149,26,1031.03,308.51,63.21,166.31,0.92,-1,-1,-1
149,34,346.28,312.55,35.94,105.59,0.81,-1,-1,-1
