0,1,495.00,288.45,89.10,212.40,0.94,-1,-1,-1
0,2,591.75,304.65,31.50,84.60,0.90,-1,-1,-1
0,3,442.57,293.17,65.92,177.97,0.90,-1,-1,-1
0,4,1023.30,318.82,23.40,49.95,0.86,-1,-1,-1
0,5,976.50,316.12,21.60,47.25,0.84,-1,-1,-1
0,6,622.80,310.27,23.40,63.90,0.81,-1,-1,-1
0,7,561.60,306.67,28.80,80.10,0.76,-1,-1,-1
1,1,496.47,287.94,87.59,214.62,0.95,-1,-1,-1
1,2,590.92,304.34,32.30,85.41,0.90,-1,-1,-1
1,3,440.51,293.65,67.13,179.60,0.90,-1,-1,-1
1,4,1022.64,319.08,24.97,49.97,0.85,-1,-1,-1
1,5,976.60,316.18,21.61,47.66,0.84,-1,-1,-1
1,6,622.37,311.33,23.41,63.14,0.82,-1,-1,-1
1,7,563.10,307.54,28.04,79.35,0.59,-1,-1,-1
2,1,498.44,287.39,85.95,215.95,0.95,-1,-1,-1
2,2,591.10,304.34,31.76,85.93,0.90,-1,-1,-1
2,3,442.52,294.67,63.89,180.81,0.91,-1,-1,-1
2,4,1022.66,319.16,25.26,50.34,0.86,-1,-1,-1
2,5,977.42,316.24,21.62,48.09,0.85,-1,-1,-1
2,6,622.29,311.92,23.42,63.03,0.83,-1,-1,-1
2,7,570.79,310.22,22.23,60.55,0.64,-1,-1,-1
3,1,499.77,287.15,85.43,216.93,0.95,-1,-1,-1
3,2,590.50,304.27,32.24,86.39,0.91,-1,-1,-1
3,3,439.08,296.27,66.66,182.13,0.91,-1,-1,-1
3,4,1022.52,318.62,25.31,51.12,0.86,-1,-1,-1
3,5,977.54,316.20,21.61,48.21,0.86,-1,-1,-1
3,6,621.58,311.66,24.10,63.68,0.84,-1,-1,-1
3,7,573.02,312.61,20.55,53.43,0.69,-1,-1,-1
3,8,837.45,321.07,18.00,37.35,0.71,-1,-1,-1
4,1,500.83,287.07,85.31,217.20,0.95,-1,-1,-1
4,2,590.34,304.24,31.73,86.52,0.91,-1,-1,-1
4,3,438.04,297.57,66.53,184.00,0.91,-1,-1,-1
4,4,1022.48,318.60,25.30,51.36,0.86,-1,-1,-1
4,5,977.57,316.34,21.61,48.23,0.86,-1,-1,-1
4,6,621.06,311.88,24.98,63.56,0.84,-1,-1,-1
4,7,572.36,312.85,20.96,53.32,0.68,-1,-1,-1
4,8,836.45,323.70,19.45,35.57,0.70,-1,-1,-1
5,1,501.42,287.69,85.96,218.85,0.95,-1,-1,-1
5,2,589.95,304.22,31.55,86.54,0.91,-1,-1,-1
5,3,436.92,298.76,66.00,184.42,0.92,-1,-1,-1
5,4,1023.09,318.74,25.29,51.43,0.86,-1,-1,-1
5,5,978.19,316.69,21.61,47.90,0.86,-1,-1,-1
5,6,620.24,312.25,25.90,63.19,0.84,-1,-1,-1
5,7,573.12,313.58,19.77,52.69,0.67,-1,-1,-1
5,8,835.26,321.40,20.41,38.05,0.77,-1,-1,-1
6,1,502.18,288.52,86.84,218.78,0.95,-1,-1,-1
6,2,589.50,303.87,32.13,87.17,0.91,-1,-1,-1
6,3,436.07,298.63,65.64,187.51,0.93,-1,-1,-1
6,4,1022.69,318.62,25.28,51.44,0.84,-1,-1,-1
6,5,978.40,316.64,21.61,48.10,0.86,-1,-1,-1
6,6,619.32,312.67,26.83,62.74,0.84,-1,-1,-1
6,7,572.56,313.39,20.15,52.73,0.59,-1,-1,-1
6,8,832.43,319.57,22.78,40.21,0.75,-1,-1,-1
7,1,503.45,289.40,86.52,218.97,0.95,-1,-1,-1
7,2,589.43,303.71,32.33,87.68,0.91,-1,-1,-1
7,3,435.15,298.49,65.65,190.38,0.93,-1,-1,-1
7,4,1021.91,318.25,26.50,51.73,0.83,-1,-1,-1
7,5,978.46,316.44,21.60,48.47,0.86,-1,-1,-1
7,6,619.99,312.76,25.94,62.57,0.84,-1,-1,-1
7,7,570.83,313.09,21.57,55.15,0.60,-1,-1,-1
7,8,831.19,319.47,24.19,40.21,0.78,-1,-1,-1
8,1,505.08,290.45,85.77,218.21,0.95,-1,-1,-1
8,2,589.39,303.17,32.39,88.45,0.90,-1,-1,-1
8,3,433.47,297.93,66.42,192.42,0.92,-1,-1,-1
8,4,1019.73,318.09,29.33,51.82,0.83,-1,-1,-1
8,5,979.00,316.18,21.60,48.90,0.86,-1,-1,-1
8,6,620.24,312.76,25.55,62.51,0.83,-1,-1,-1
8,7,568.35,310.77,23.91,66.27,0.62,-1,-1,-1
8,8,830.11,319.17,25.27,40.42,0.80,-1,-1,-1
9,1,505.61,291.30,86.12,218.39,0.95,-1,-1,-1
9,2,589.68,303.30,31.81,89.03,0.90,-1,-1,-1
9,3,432.10,296.95,67.16,194.49,0.93,-1,-1,-1
9,4,1021.29,317.76,28.08,52.15,0.83,-1,-1,-1
9,5,979.23,315.96,21.60,49.06,0.85,-1,-1,-1
9,6,620.65,312.92,24.79,62.20,0.85,-1,-1,-1
9,7,570.36,311.40,21.84,61.59,0.49,-1,-1,-1
9,8,828.88,318.98,26.22,41.07,0.79,-1,-1,-1
10,1,507.00,291.87,85.64,217.51,0.95,-1,-1,-1
10,2,589.52,302.87,32.19,89.83,0.91,-1,-1,-1
10,3,430.17,295.63,68.64,196.08,0.94,-1,-1,-1
10,4,1018.94,317.31,31.12,52.56,0.83,-1,-1,-1
10,5,979.29,315.69,21.59,49.41,0.86,-1,-1,-1
10,6,620.84,312.94,24.49,62.08,0.84,-1,-1,-1
10,7,570.60,311.03,21.60,61.00,0.39,-1,-1,-1
10,8,827.87,317.99,27.13,42.49,0.79,-1,-1,-1
11,1,508.18,292.43,85.48,216.80,0.95,-1,-1,-1
11,2,589.55,302.92,32.34,90.08,0.91,-1,-1,-1
11,3,428.87,293.86,69.64,197.89,0.94,-1,-1,-1
11,4,1022.64,316.84,27.63,52.99,0.83,-1,-1,-1
11,5,979.89,315.59,21.59,49.52,0.86,-1,-1,-1
11,6,621.29,312.38,24.38,62.33,0.83,-1,-1,-1
11,7,570.76,310.35,21.52,62.29,0.36,-1,-1,-1
11,8,827.25,317.81,27.44,42.67,0.79,-1,-1,-1
12,1,508.73,292.60,86.04,216.60,0.95,-1,-1,-1
12,2,589.14,302.93,32.39,90.48,0.91,-1,-1,-1
12,3,427.50,291.37,70.16,200.96,0.94,-1,-1,-1
12,4,1024.91,316.70,26.07,52.86,0.82,-1,-1,-1
12,5,980.11,315.74,21.60,49.27,0.85,-1,-1,-1
12,6,622.26,312.01,23.12,62.75,0.81,-1,-1,-1
12,7,570.69,309.79,21.51,63.08,0.29,-1,-1,-1
12,8,827.32,317.65,25.16,42.41,0.77,-1,-1,-1
13,1,509.27,292.65,86.25,217.11,0.95,-1,-1,-1
13,2,588.76,303.10,32.41,90.61,0.91,-1,-1,-1
13,3,426.52,289.70,70.93,204.26,0.94,-1,-1,-1
13,4,1025.73,316.36,25.50,53.39,0.81,-1,-1,-1
13,5,980.81,315.80,21.60,49.16,0.82,-1,-1,-1
13,6,622.69,311.58,22.65,63.20,0.82,-1,-1,-1
13,7,569.81,309.14,22.72,63.37,0.30,-1,-1,-1
13,8,827.47,317.77,24.16,41.96,0.75,-1,-1,-1
14,1,509.37,292.38,86.93,217.31,0.95,-1,-1,-1
14,2,588.87,303.35,31.82,90.65,0.91,-1,-1,-1
14,3,424.64,287.93,71.80,206.65,0.93,-1,-1,-1
14,4,1027.22,315.83,25.30,54.18,0.84,-1,-1,-1
14,5,981.03,316.15,21.60,48.82,0.83,-1,-1,-1
14,6,623.10,311.75,21.88,63.08,0.82,-1,-1,-1
14,7,570.62,309.68,21.98,60.80,0.28,-1,-1,-1
14,8,827.23,318.47,23.18,41.47,0.70,-1,-1,-1
15,1,510.26,292.01,86.61,216.50,0.95,-1,-1,-1
15,2,589.23,303.94,31.60,90.35,0.90,-1,-1,-1
15,3,424.11,287.62,71.68,207.50,0.93,-1,-1,-1
15,4,1027.79,315.52,25.23,54.78,0.85,-1,-1,-1
15,5,981.74,316.48,21.60,48.69,0.83,-1,-1,-1
15,6,623.24,311.55,21.60,63.34,0.82,-1,-1,-1
15,7,572.75,310.24,20.49,58.90,0.29,-1,-1,-1
15,8,826.90,318.64,17.90,41.26,0.66,-1,-1,-1
15,9,862.20,318.38,14.40,38.70,0.73,-1,-1,-1
15,10,849.60,320.40,14.40,36.45,0.71,-1,-1,-1
16,1,511.14,291.88,86.49,213.83,0.94,-1,-1,-1
16,2,589.65,304.19,31.52,90.84,0.90,-1,-1,-1
16,3,422.73,287.55,72.52,210.74,0.93,-1,-1,-1
16,4,1028.65,315.01,25.20,55.59,0.86,-1,-1,-1
16,5,982.05,316.48,21.61,48.95,0.84,-1,-1,-1
16,6,622.98,311.51,22.13,63.74,0.82,-1,-1,-1
16,7,572.90,310.93,19.94,58.22,0.22,-1,-1,-1
16,8,826.56,318.30,17.84,42.08,0.76,-1,-1,-1
16,9,862.31,317.94,15.13,39.45,0.71,-1,-1,-1
16,10,848.62,320.51,15.85,36.48,0.77,-1,-1,-1
17,1,512.03,291.06,85.85,212.64,0.95,-1,-1,-1
17,2,589.50,304.27,31.50,91.30,0.90,-1,-1,-1
17,3,421.82,288.28,72.67,212.60,0.93,-1,-1,-1
17,4,1028.88,314.93,25.20,55.88,0.86,-1,-1,-1
17,5,982.08,316.59,21.61,49.04,0.83,-1,-1,-1
17,6,622.56,311.48,22.33,63.88,0.85,-1,-1,-1
17,8,826.10,318.30,17.19,41.77,0.76,-1,-1,-1
17,9,863.01,317.69,15.28,39.59,0.64,-1,-1,-1
17,10,847.09,320.71,17.48,36.83,0.78,-1,-1,-1
18,1,512.29,289.71,85.61,213.28,0.94,-1,-1,-1
18,2,588.82,304.17,32.09,91.77,0.89,-1,-1,-1
18,3,419.84,290.08,73.46,212.37,0.93,-1,-1,-1
18,4,1028.95,314.94,25.20,55.98,0.87,-1,-1,-1
18,5,982.69,316.66,21.61,49.08,0.84,-1,-1,-1
18,6,622.07,311.64,22.41,63.94,0.85,-1,-1,-1
18,8,825.33,317.89,16.35,42.24,0.66,-1,-1,-1
18,9,863.20,318.28,15.32,39.28,0.49,-1,-1,-1
18,10,846.16,320.57,18.06,36.94,0.72,-1,-1,-1
19,1,512.99,288.90,84.93,215.32,0.95,-1,-1,-1
19,2,588.89,303.67,32.31,92.52,0.90,-1,-1,-1
19,3,418.00,291.96,74.03,213.67,0.93,-1,-1,-1
19,4,1029.57,314.93,25.20,56.00,0.87,-1,-1,-1
19,5,982.91,316.51,21.61,49.38,0.85,-1,-1,-1
19,6,621.92,311.83,22.45,63.95,0.86,-1,-1,-1
19,8,824.80,318.02,15.45,42.40,0.65,-1,-1,-1
19,9,863.91,318.60,14.65,38.83,0.46,-1,-1,-1
19,10,845.23,320.65,18.86,36.96,0.77,-1,-1,-1
20,1,513.48,288.55,84.67,215.80,0.95,-1,-1,-1
20,2,588.88,302.84,32.39,93.68,0.90,-1,-1,-1
20,3,416.11,292.19,74.52,217.50,0.92,-1,-1,-1
20,4,1029.73,314.91,25.20,55.99,0.87,-1,-1,-1
20,5,982.93,316.58,21.61,49.20,0.85,-1,-1,-1
20,6,621.52,312.01,22.46,63.66,0.86,-1,-1,-1
20,8,823.65,319.69,15.16,40.96,0.33,-1,-1,-1
20,9,864.41,318.67,14.43,38.69,0.45,-1,-1,-1
20,10,844.26,320.82,19.12,36.95,0.67,-1,-1,-1
21,1,514.36,288.22,84.58,217.66,0.94,-1,-1,-1
21,2,589.02,301.74,32.42,95.01,0.90,-1,-1,-1
21,3,414.38,292.80,75.29,221.59,0.93,-1,-1,-1
21,4,1029.99,315.03,25.20,55.99,0.87,-1,-1,-1
21,5,982.54,316.56,22.80,49.14,0.84,-1,-1,-1
21,6,621.22,312.18,23.07,63.55,0.86,-1,-1,-1
21,8,822.82,320.45,15.72,40.10,0.57,-1,-1,-1
21,9,865.04,318.97,14.36,38.34,0.52,-1,-1,-1
21,10,844.11,320.52,18.56,37.59,0.73,-1,-1,-1
22,1,514.62,287.98,85.13,219.35,0.94,-1,-1,-1
22,2,588.73,301.19,32.42,95.48,0.90,-1,-1,-1
22,3,413.01,293.50,74.80,224.05,0.92,-1,-1,-1
22,4,1030.50,314.95,25.19,56.26,0.86,-1,-1,-1
22,5,982.24,316.58,23.24,49.10,0.83,-1,-1,-1
22,6,620.75,312.26,23.29,63.50,0.86,-1,-1,-1
22,8,820.30,320.14,17.14,40.98,0.55,-1,-1,-1
22,9,865.11,318.77,14.98,38.85,0.49,-1,-1,-1
22,10,843.98,319.81,17.06,38.42,0.59,-1,-1,-1
23,1,514.99,288.64,85.92,219.47,0.94,-1,-1,-1
23,2,588.30,301.14,32.41,95.61,0.89,-1,-1,-1
23,3,410.20,293.17,76.06,226.03,0.92,-1,-1,-1
23,4,1030.54,314.77,25.19,56.33,0.86,-1,-1,-1
23,5,981.97,316.42,23.40,49.37,0.82,-1,-1,-1
23,6,620.54,312.73,23.37,63.16,0.86,-1,-1,-1
23,8,818.44,321.35,18.25,39.50,0.58,-1,-1,-1
23,9,864.73,318.83,15.19,39.02,0.47,-1,-1,-1
23,10,843.26,320.00,15.85,38.09,0.59,-1,-1,-1
24,1,515.10,289.58,87.41,218.78,0.94,-1,-1,-1
24,2,587.54,300.78,33.00,96.24,0.90,-1,-1,-1
24,3,408.44,292.39,76.36,227.62,0.93,-1,-1,-1
24,4,1030.58,314.69,25.18,56.36,0.86,-1,-1,-1
24,5,982.50,316.34,23.45,49.47,0.82,-1,-1,-1
24,6,620.47,312.86,23.40,63.04,0.86,-1,-1,-1
24,8,816.90,321.63,19.26,39.24,0.56,-1,-1,-1
24,9,865.20,318.67,14.66,39.09,0.47,-1,-1,-1
24,10,843.07,321.26,14.15,36.74,0.41,-1,-1,-1
25,1,515.40,290.53,88.56,218.20,0.95,-1,-1,-1
25,2,586.96,300.63,33.22,96.16,0.89,-1,-1,-1
25,3,407.38,290.31,76.31,230.49,0.92,-1,-1,-1
25,4,1030.56,314.48,25.18,56.66,0.85,-1,-1,-1
25,5,982.67,316.13,23.47,49.81,0.83,-1,-1,-1
25,6,620.45,313.04,23.41,62.69,0.86,-1,-1,-1
25,8,817.48,322.61,18.50,37.93,0.38,-1,-1,-1
25,9,865.66,318.28,15.08,39.43,0.46,-1,-1,-1
25,10,841.74,322.80,13.57,35.30,0.56,-1,-1,-1
26,1,515.46,291.52,89.00,217.10,0.95,-1,-1,-1
26,2,586.12,301.37,33.31,95.82,0.89,-1,-1,-1
26,3,404.76,288.36,78.21,233.01,0.92,-1,-1,-1
26,4,1031.76,314.30,23.99,56.77,0.86,-1,-1,-1
26,5,983.35,315.94,23.47,50.23,0.83,-1,-1,-1
26,6,620.41,313.14,23.41,62.57,0.86,-1,-1,-1
26,8,818.09,319.20,17.58,41.11,0.53,-1,-1,-1
26,9,866.12,317.86,15.23,39.86,0.56,-1,-1,-1
26,10,840.69,323.08,13.39,34.78,0.59,-1,-1,-1
27,1,516.07,292.45,88.57,216.10,0.95,-1,-1,-1
27,2,585.25,300.58,33.93,96.58,0.90,-1,-1,-1
27,3,401.92,285.82,79.36,236.86,0.92,-1,-1,-1
27,4,1031.66,314.21,24.76,56.80,0.85,-1,-1,-1
27,5,983.66,315.85,23.47,50.40,0.84,-1,-1,-1
27,6,620.44,313.14,23.41,62.24,0.86,-1,-1,-1
27,8,818.42,319.56,17.24,40.78,0.35,-1,-1,-1
27,9,866.63,317.99,15.29,39.72,0.56,-1,-1,-1
27,10,839.14,321.30,14.61,36.76,0.69,-1,-1,-1
28,1,516.63,293.11,88.97,215.38,0.94,-1,-1,-1
28,2,584.67,300.61,34.16,96.53,0.90,-1,-1,-1
28,3,397.00,284.01,83.45,239.67,0.92,-1,-1,-1
28,4,1032.74,313.90,23.84,57.09,0.85,-1,-1,-1
28,5,983.71,315.82,23.46,50.14,0.84,-1,-1,-1
28,6,619.88,313.15,24.00,61.80,0.86,-1,-1,-1
28,8,819.15,319.88,15.90,40.63,0.22,-1,-1,-1
28,9,866.47,318.34,15.30,39.35,0.54,-1,-1,-1
28,10,837.99,320.67,15.02,37.16,0.72,-1,-1,-1
29,1,517.66,293.43,88.55,215.76,0.94,-1,-1,-1
29,2,584.42,300.70,33.65,96.82,0.90,-1,-1,-1
29,3,394.65,282.83,85.44,242.48,0.92,-1,-1,-1
29,4,1033.20,313.86,23.50,57.21,0.84,-1,-1,-1
29,5,984.38,315.74,23.45,50.35,0.86,-1,-1,-1
29,6,619.65,312.94,24.23,61.66,0.85,-1,-1,-1
29,9,866.73,318.41,15.31,38.92,0.55,-1,-1,-1
29,10,836.42,320.21,16.39,37.92,0.71,-1,-1,-1
30,1,519.53,293.55,87.17,215.86,0.94,-1,-1,-1
30,2,582.55,300.61,34.64,97.78,0.90,-1,-1,-1
30,3,392.24,282.71,87.18,244.89,0.93,-1,-1,-1
30,4,1033.27,313.86,23.37,57.23,0.84,-1,-1,-1
30,5,984.54,315.72,23.45,50.42,0.87,-1,-1,-1
30,6,619.26,312.56,24.31,61.90,0.86,-1,-1,-1
30,9,867.06,317.98,15.91,39.05,0.56,-1,-1,-1
30,10,834.34,320.18,18.06,37.90,0.75,-1,-1,-1
31,1,521.13,293.24,86.04,215.61,0.94,-1,-1,-1
31,2,582.78,301.28,33.83,96.95,0.89,-1,-1,-1
31,3,389.95,282.36,88.12,248.66,0.92,-1,-1,-1
31,4,1033.92,313.96,23.33,56.94,0.84,-1,-1,-1
31,5,984.62,315.67,24.63,50.44,0.86,-1,-1,-1
31,6,618.55,312.52,24.93,61.99,0.88,-1,-1,-1
31,9,867.49,317.18,16.13,39.71,0.56,-1,-1,-1
31,10,832.16,320.29,19.85,37.89,0.76,-1,-1,-1
32,1,523.09,293.28,84.47,212.33,0.94,-1,-1,-1
32,2,582.21,302.01,34.12,96.96,0.88,-1,-1,-1
32,3,385.88,283.75,90.40,250.58,0.93,-1,-1,-1
32,4,1035.48,314.31,22.13,56.85,0.85,-1,-1,-1
32,5,984.77,315.96,25.09,50.47,0.86,-1,-1,-1
32,6,617.93,312.83,25.18,62.06,0.88,-1,-1,-1
32,9,867.70,316.30,16.82,41.16,0.59,-1,-1,-1
32,10,831.35,319.30,20.57,39.38,0.73,-1,-1,-1
33,1,524.49,292.92,85.07,211.60,0.94,-1,-1,-1
33,2,581.79,301.76,34.22,97.20,0.87,-1,-1,-1
33,3,382.66,284.40,92.51,255.37,0.93,-1,-1,-1
33,4,1034.67,314.20,22.91,57.08,0.83,-1,-1,-1
33,5,985.28,316.12,24.07,50.45,0.85,-1,-1,-1
33,6,617.75,312.72,25.25,62.06,0.88,-1,-1,-1
33,9,867.42,316.18,16.48,41.68,0.59,-1,-1,-1
33,10,831.02,316.50,20.27,42.56,0.62,-1,-1,-1
34,1,525.59,292.56,84.69,211.51,0.94,-1,-1,-1
34,2,581.37,301.61,34.25,97.89,0.85,-1,-1,-1
34,3,379.91,285.18,94.60,260.06,0.93,-1,-1,-1
34,4,1035.62,314.27,21.99,57.17,0.84,-1,-1,-1
34,5,985.51,316.14,23.66,50.44,0.85,-1,-1,-1
34,6,617.43,312.62,25.28,62.06,0.88,-1,-1,-1
34,9,867.63,316.53,15.74,41.29,0.52,-1,-1,-1
34,10,830.12,316.54,20.70,42.91,0.47,-1,-1,-1
35,1,526.87,291.59,83.96,212.43,0.94,-1,-1,-1
35,2,580.65,301.03,34.85,99.34,0.81,-1,-1,-1
35,3,377.59,286.43,95.50,264.45,0.93,-1,-1,-1
35,4,1036.65,314.40,21.65,57.50,0.84,-1,-1,-1
35,5,986.26,316.39,23.50,50.44,0.85,-1,-1,-1
35,6,617.04,312.35,25.87,62.38,0.87,-1,-1,-1
35,9,867.75,315.87,16.06,42.33,0.47,-1,-1,-1
35,10,829.85,314.91,20.28,44.19,0.15,-1,-1,-1
36,1,527.90,290.84,83.09,213.03,0.94,-1,-1,-1
36,2,580.97,301.02,33.88,96.30,0.81,-1,-1,-1
36,3,375.65,286.70,96.09,266.40,0.94,-1,-1,-1
36,4,1036.89,314.33,21.53,57.61,0.85,-1,-1,-1
36,5,986.43,316.67,23.44,50.13,0.85,-1,-1,-1
36,6,616.88,312.01,26.09,62.78,0.87,-1,-1,-1
36,9,867.42,315.23,16.77,42.99,0.42,-1,-1,-1
37,1,528.85,290.75,82.18,214.34,0.94,-1,-1,-1
37,2,580.83,301.06,33.51,93.91,0.81,-1,-1,-1
37,3,372.94,286.41,97.75,272.79,0.94,-1,-1,-1
37,4,1037.02,314.34,21.50,57.95,0.84,-1,-1,-1
37,5,986.53,316.80,23.42,50.02,0.85,-1,-1,-1
37,6,616.55,312.52,26.17,62.34,0.87,-1,-1,-1
37,9,866.15,315.02,18.21,42.95,0.35,-1,-1,-1
38,1,529.67,291.43,81.32,214.86,0.95,-1,-1,-1
38,2,580.42,300.72,33.40,96.05,0.82,-1,-1,-1
38,3,370.96,286.46,98.71,276.93,0.94,-1,-1,-1
38,4,1037.66,314.06,21.51,58.38,0.85,-1,-1,-1
38,5,987.16,316.58,23.43,50.28,0.86,-1,-1,-1
38,6,616.66,313.12,25.62,62.18,0.87,-1,-1,-1
38,9,865.65,315.00,18.20,42.62,0.33,-1,-1,-1
39,1,530.05,291.46,81.54,215.63,0.95,-1,-1,-1
39,2,580.08,299.64,33.32,95.05,0.80,-1,-1,-1
39,3,370.02,285.45,99.07,280.86,0.94,-1,-1,-1
39,4,1037.88,313.87,21.51,58.53,0.85,-1,-1,-1
39,5,987.40,316.24,23.41,50.67,0.86,-1,-1,-1
39,6,616.51,312.83,25.37,62.71,0.86,-1,-1,-1
40,1,530.46,291.77,81.62,216.18,0.94,-1,-1,-1
40,2,579.06,299.10,34.49,98.85,0.80,-1,-1,-1
40,3,370.81,284.21,98.12,284.84,0.93,-1,-1,-1
40,4,1037.87,313.95,21.51,58.27,0.85,-1,-1,-1
40,5,987.40,315.96,23.40,50.81,0.86,-1,-1,-1
40,6,616.75,313.17,24.68,62.61,0.85,-1,-1,-1
41,1,531.19,292.20,81.68,216.70,0.95,-1,-1,-1
41,2,579.01,299.05,34.33,97.31,0.80,-1,-1,-1
41,3,368.69,283.00,99.63,288.17,0.93,-1,-1,-1
41,4,1037.89,313.68,21.52,58.46,0.85,-1,-1,-1
41,5,987.44,315.71,23.40,50.86,0.87,-1,-1,-1
41,6,616.87,313.75,24.41,61.97,0.86,-1,-1,-1
42,1,532.00,292.65,81.13,216.60,0.95,-1,-1,-1
42,2,578.40,298.59,34.87,99.39,0.76,-1,-1,-1
42,3,365.85,280.20,101.97,291.99,0.93,-1,-1,-1
42,4,1038.50,313.56,21.53,58.54,0.85,-1,-1,-1
42,5,987.45,315.74,23.40,50.88,0.87,-1,-1,-1
42,6,616.90,313.96,24.32,61.73,0.86,-1,-1,-1
43,1,533.20,293.72,80.91,215.92,0.94,-1,-1,-1
43,2,578.20,299.76,35.06,98.36,0.73,-1,-1,-1
43,3,363.58,277.96,102.64,295.03,0.93,-1,-1,-1
43,4,1038.05,313.69,21.53,58.55,0.85,-1,-1,-1
43,5,987.98,315.78,23.39,50.87,0.87,-1,-1,-1
43,6,616.63,314.34,24.28,61.04,0.87,-1,-1,-1
44,1,533.84,294.42,80.86,215.70,0.95,-1,-1,-1
44,2,577.19,299.78,35.72,98.56,0.78,-1,-1,-1
44,3,361.95,276.69,103.32,298.62,0.93,-1,-1,-1
44,4,1037.90,313.60,21.54,58.56,0.85,-1,-1,-1
44,5,988.20,315.65,23.40,50.88,0.88,-1,-1,-1
44,6,616.49,314.33,24.28,61.09,0.88,-1,-1,-1
45,1,534.75,294.77,80.26,215.55,0.94,-1,-1,-1
45,2,576.62,299.28,35.98,99.50,0.81,-1,-1,-1
45,3,360.07,276.21,104.15,301.98,0.94,-1,-1,-1
45,4,1037.81,313.42,21.55,58.84,0.84,-1,-1,-1
45,5,988.86,315.77,23.40,50.86,0.87,-1,-1,-1
45,6,616.22,314.40,24.28,60.80,0.88,-1,-1,-1
46,1,534.66,295.14,80.64,215.25,0.94,-1,-1,-1
46,2,576.63,299.80,35.47,97.79,0.81,-1,-1,-1
46,3,355.47,276.56,107.35,307.93,0.92,-1,-1,-1
46,4,1038.38,313.25,21.56,58.96,0.84,-1,-1,-1
46,5,989.70,315.84,22.20,50.57,0.86,-1,-1,-1
46,6,616.65,314.24,23.68,60.41,0.87,-1,-1,-1
47,1,534.27,294.73,80.82,216.06,0.94,-1,-1,-1
47,2,576.35,299.31,35.87,98.33,0.81,-1,-1,-1
47,3,353.87,277.67,107.55,312.77,0.94,-1,-1,-1
47,4,1038.65,313.51,21.57,58.71,0.85,-1,-1,-1
47,5,989.45,315.61,22.98,51.06,0.86,-1,-1,-1
47,6,616.81,313.93,24.07,60.88,0.87,-1,-1,-1
48,1,533.77,293.99,80.90,217.89,0.94,-1,-1,-1
48,2,576.23,299.31,36.02,99.74,0.82,-1,-1,-1
48,3,350.80,277.85,109.20,319.23,0.94,-1,-1,-1
48,4,1038.17,313.79,22.77,58.61,0.84,-1,-1,-1
48,5,989.96,315.40,23.25,51.55,0.87,-1,-1,-1
48,6,616.85,313.69,24.21,61.37,0.87,-1,-1,-1
48,11,537.30,299.02,39.60,107.55,0.81,-1,-1,-1
49,1,533.26,293.30,80.90,213.17,0.94,-1,-1,-1
49,2,575.60,298.47,36.66,101.73,0.82,-1,-1,-1
49,3,348.27,281.19,109.74,321.08,0.94,-1,-1,-1
49,4,1038.47,313.68,23.21,58.56,0.85,-1,-1,-1
49,5,990.06,315.40,23.35,51.43,0.87,-1,-1,-1
49,6,616.26,313.05,24.86,62.14,0.88,-1,-1,-1
49,11,537.49,299.47,38.91,105.82,0.75,-1,-1,-1
50,1,532.20,291.87,81.50,213.45,0.94,-1,-1,-1
50,2,575.42,298.48,36.88,102.16,0.78,-1,-1,-1
50,3,345.10,281.50,111.37,329.10,0.93,-1,-1,-1
50,4,1038.58,313.98,23.37,58.54,0.85,-1,-1,-1
50,5,990.09,315.44,23.39,51.67,0.88,-1,-1,-1
50,6,615.49,312.39,26.28,62.73,0.87,-1,-1,-1
50,11,537.54,301.68,35.29,96.06,0.67,-1,-1,-1
50,12,738.90,318.82,19.80,36.90,0.74,-1,-1,-1
51,1,531.44,291.37,81.76,213.91,0.94,-1,-1,-1
51,2,574.44,297.93,38.16,105.90,0.78,-1,-1,-1
51,3,338.87,281.65,115.81,336.80,0.94,-1,-1,-1
51,4,1038.69,313.95,23.44,58.54,0.85,-1,-1,-1
51,5,990.75,315.32,23.41,52.07,0.88,-1,-1,-1
51,6,614.87,312.18,26.82,62.96,0.87,-1,-1,-1
51,11,536.88,300.31,37.06,102.48,0.71,-1,-1,-1
51,12,738.53,318.94,19.10,36.93,0.64,-1,-1,-1
52,1,530.49,291.01,82.43,213.32,0.94,-1,-1,-1
52,2,574.01,298.00,38.04,104.34,0.64,-1,-1,-1
52,3,334.64,281.39,116.56,345.42,0.94,-1,-1,-1
52,4,1038.59,313.95,23.45,58.83,0.84,-1,-1,-1
52,5,990.85,315.28,23.41,52.20,0.87,-1,-1,-1
52,6,614.28,311.48,27.02,63.93,0.88,-1,-1,-1
52,11,536.67,300.07,36.89,101.60,0.65,-1,-1,-1
52,12,737.70,318.29,19.66,38.67,0.76,-1,-1,-1
53,1,529.96,289.82,82.66,214.69,0.94,-1,-1,-1
53,2,574.58,296.97,36.78,104.26,0.68,-1,-1,-1
53,3,329.91,282.73,118.52,350.55,0.94,-1,-1,-1
53,4,1039.15,314.21,23.45,58.62,0.85,-1,-1,-1
53,5,990.91,315.38,23.40,52.24,0.87,-1,-1,-1
53,6,614.17,311.20,25.91,64.57,0.88,-1,-1,-1
53,11,535.75,298.48,36.83,103.24,0.71,-1,-1,-1
53,12,736.81,317.82,19.14,38.90,0.68,-1,-1,-1
54,1,529.72,289.02,82.77,215.64,0.94,-1,-1,-1
54,2,574.51,296.24,36.29,103.38,0.70,-1,-1,-1
54,3,326.14,278.19,119.83,360.17,0.94,-1,-1,-1
54,4,1039.60,314.33,23.45,58.58,0.85,-1,-1,-1
54,5,991.13,315.59,23.40,52.28,0.88,-1,-1,-1
54,6,613.84,311.21,25.47,64.55,0.88,-1,-1,-1
54,11,534.46,298.22,36.19,97.20,0.74,-1,-1,-1
54,12,736.26,318.33,18.27,38.26,0.49,-1,-1,-1
54,13,892.80,312.75,18.00,47.25,0.74,-1,-1,-1
55,1,529.25,288.15,82.81,217.41,0.94,-1,-1,-1
55,2,575.59,296.28,34.31,94.63,0.54,-1,-1,-1
55,3,320.52,276.47,123.23,365.34,0.94,-1,-1,-1
55,4,1038.32,314.15,24.63,58.84,0.84,-1,-1,-1
55,5,990.97,315.60,23.40,51.97,0.88,-1,-1,-1
55,6,613.02,311.06,25.90,64.80,0.87,-1,-1,-1
55,11,533.64,298.16,35.34,93.68,0.72,-1,-1,-1
55,12,735.32,318.49,17.99,37.34,0.58,-1,-1,-1
55,13,893.20,312.99,18.01,47.28,0.73,-1,-1,-1
56,1,529.14,288.44,83.40,218.36,0.94,-1,-1,-1
56,2,574.25,295.25,36.00,98.04,0.54,-1,-1,-1
56,3,315.05,273.77,125.04,370.62,0.94,-1,-1,-1
56,4,1037.88,314.12,25.07,59.23,0.84,-1,-1,-1
56,5,990.94,315.63,23.40,51.85,0.87,-1,-1,-1
56,6,612.19,311.77,26.06,63.99,0.86,-1,-1,-1
56,11,532.82,297.69,35.68,96.02,0.81,-1,-1,-1
56,12,734.77,318.56,16.62,37.01,0.48,-1,-1,-1
56,13,893.66,313.23,18.02,46.95,0.69,-1,-1,-1
57,1,528.48,289.00,84.22,217.68,0.94,-1,-1,-1
57,2,573.75,294.88,36.60,100.12,0.41,-1,-1,-1
57,3,309.78,271.13,127.44,375.57,0.94,-1,-1,-1
57,4,1038.29,313.95,25.23,59.38,0.84,-1,-1,-1
57,5,990.92,315.64,23.40,51.80,0.87,-1,-1,-1
57,6,611.27,312.04,26.71,63.68,0.86,-1,-1,-1
57,11,532.22,296.91,37.05,99.95,0.83,-1,-1,-1
57,12,733.63,318.26,16.17,37.54,0.42,-1,-1,-1
57,13,893.77,312.74,19.42,47.88,0.74,-1,-1,-1
58,1,528.34,290.87,84.50,216.60,0.94,-1,-1,-1
58,2,573.07,295.20,36.82,98.80,0.26,-1,-1,-1
58,3,304.26,269.69,131.48,380.52,0.95,-1,-1,-1
58,4,1038.39,313.72,25.28,59.71,0.84,-1,-1,-1
58,5,990.86,315.63,23.39,51.77,0.87,-1,-1,-1
58,6,611.01,312.13,26.35,63.54,0.86,-1,-1,-1
58,11,531.22,296.48,38.14,103.48,0.83,-1,-1,-1
58,12,732.35,318.45,15.39,37.10,0.10,-1,-1,-1
58,13,894.42,313.57,19.20,47.15,0.59,-1,-1,-1
59,1,527.64,291.93,85.83,216.22,0.94,-1,-1,-1
59,2,575.15,296.29,34.54,88.40,0.19,-1,-1,-1
59,3,295.16,267.78,137.70,384.95,0.94,-1,-1,-1
59,4,1036.73,313.65,27.66,59.55,0.83,-1,-1,-1
59,5,991.49,315.50,23.40,51.76,0.87,-1,-1,-1
59,6,610.90,312.67,25.62,62.60,0.83,-1,-1,-1
59,11,529.61,296.83,38.57,105.13,0.82,-1,-1,-1
59,12,727.78,317.94,17.73,38.18,0.31,-1,-1,-1
59,13,896.29,313.87,17.79,46.24,0.59,-1,-1,-1
60,1,527.31,292.31,85.73,216.40,0.94,-1,-1,-1
60,2,576.53,296.41,33.04,85.68,0.47,-1,-1,-1
60,3,289.20,266.17,141.21,390.60,0.95,-1,-1,-1
60,4,1034.92,313.32,29.69,59.78,0.85,-1,-1,-1
60,5,991.69,315.29,23.40,52.06,0.87,-1,-1,-1
60,6,611.11,312.86,24.14,62.55,0.80,-1,-1,-1
60,11,528.67,297.56,38.72,103.67,0.83,-1,-1,-1
60,12,727.37,318.20,17.31,38.27,0.46,-1,-1,-1
60,13,896.54,313.46,17.93,46.90,0.68,-1,-1,-1
61,1,527.20,293.38,86.28,215.90,0.94,-1,-1,-1
61,2,576.12,296.63,32.50,85.41,0.38,-1,-1,-1
61,3,282.34,265.31,145.41,403.78,0.95,-1,-1,-1
61,4,1035.42,313.10,29.35,60.18,0.84,-1,-1,-1
61,5,991.82,315.26,23.40,52.18,0.86,-1,-1,-1
61,6,610.62,313.11,23.58,62.54,0.82,-1,-1,-1
61,11,527.45,298.04,37.58,101.89,0.77,-1,-1,-1
61,12,725.85,318.49,17.14,38.90,0.30,-1,-1,-1
61,13,897.28,316.01,17.34,44.64,0.60,-1,-1,-1
62,1,528.21,293.46,85.85,215.34,0.94,-1,-1,-1
62,2,577.62,298.07,29.87,81.67,0.11,-1,-1,-1
62,3,274.57,266.17,150.10,412.62,0.95,-1,-1,-1
62,4,1036.21,312.85,29.17,60.30,0.83,-1,-1,-1
62,5,991.86,315.09,23.40,52.21,0.86,-1,-1,-1
62,6,609.66,313.78,23.38,61.92,0.84,-1,-1,-1
62,11,526.88,299.41,36.52,97.56,0.80,-1,-1,-1
62,12,724.52,317.83,17.68,39.72,0.26,-1,-1,-1
63,1,528.77,293.23,85.72,216.09,0.94,-1,-1,-1
63,3,263.80,268.21,157.71,419.62,0.94,-1,-1,-1
63,4,1034.81,312.93,30.27,60.36,0.83,-1,-1,-1
63,5,992.50,315.04,23.41,52.23,0.86,-1,-1,-1
63,6,608.93,313.03,23.33,62.61,0.83,-1,-1,-1
63,11,525.67,300.13,36.75,100.24,0.83,-1,-1,-1
63,12,723.12,318.06,15.51,38.85,0.10,-1,-1,-1
64,1,529.96,293.45,86.23,216.60,0.94,-1,-1,-1
64,3,258.04,269.78,159.69,428.82,0.95,-1,-1,-1
64,4,1035.36,313.11,30.67,60.36,0.84,-1,-1,-1
64,5,992.66,315.18,23.40,52.22,0.84,-1,-1,-1
64,6,608.12,312.45,23.31,62.85,0.84,-1,-1,-1
64,11,525.03,300.40,37.43,102.07,0.83,-1,-1,-1
64,12,722.08,318.31,14.64,38.18,0.12,-1,-1,-1
65,1,530.43,293.49,86.41,216.83,0.94,-1,-1,-1
65,3,253.95,270.95,159.74,440.97,0.95,-1,-1,-1
65,4,1036.83,313.34,29.64,60.36,0.84,-1,-1,-1
65,5,992.79,315.39,23.40,52.22,0.85,-1,-1,-1
65,6,607.57,312.36,22.71,62.65,0.86,-1,-1,-1
65,11,524.55,300.61,37.68,103.38,0.84,-1,-1,-1
65,12,723.39,318.08,15.61,38.84,0.22,-1,-1,-1
66,1,531.43,293.55,85.31,212.73,0.94,-1,-1,-1
66,3,248.84,271.63,161.16,452.87,0.95,-1,-1,-1
66,4,1037.39,313.42,29.21,60.36,0.85,-1,-1,-1
66,5,993.39,315.61,23.40,51.93,0.86,-1,-1,-1
66,6,606.72,312.21,22.50,62.58,0.86,-1,-1,-1
66,11,523.74,300.43,38.39,106.25,0.85,-1,-1,-1
66,12,724.38,318.77,14.15,38.19,0.23,-1,-1,-1
67,1,531.51,292.46,85.47,212.23,0.94,-1,-1,-1
67,3,243.27,270.99,162.18,463.35,0.94,-1,-1,-1
67,4,1038.78,313.41,27.85,60.35,0.84,-1,-1,-1
67,5,993.01,315.65,24.60,52.11,0.85,-1,-1,-1
67,6,605.83,311.81,23.03,62.85,0.86,-1,-1,-1
67,11,523.17,300.31,37.46,105.84,0.85,-1,-1,-1
67,12,724.87,319.29,13.59,37.63,0.46,-1,-1,-1
68,1,532.48,290.23,84.94,212.08,0.94,-1,-1,-1
68,3,237.54,269.83,164.83,472.74,0.94,-1,-1,-1
68,4,1036.99,313.24,29.74,60.35,0.85,-1,-1,-1
68,5,992.96,315.65,25.04,51.89,0.85,-1,-1,-1
68,6,605.88,311.50,22.64,63.56,0.80,-1,-1,-1
68,11,523.05,300.38,38.30,103.29,0.86,-1,-1,-1
68,12,723.25,319.16,14.66,37.73,0.46,-1,-1,-1
69,1,534.60,289.10,82.92,213.24,0.94,-1,-1,-1
69,3,230.09,267.77,169.22,479.18,0.94,-1,-1,-1
69,4,1038.65,312.94,28.07,60.65,0.83,-1,-1,-1
69,5,993.48,315.55,25.21,52.10,0.85,-1,-1,-1
69,6,605.59,311.40,22.49,63.52,0.82,-1,-1,-1
69,11,522.40,300.41,38.60,105.60,0.87,-1,-1,-1
69,12,720.88,318.83,15.62,38.67,0.52,-1,-1,-1
70,1,535.86,288.26,82.22,214.44,0.94,-1,-1,-1
70,3,221.46,264.58,174.54,489.43,0.93,-1,-1,-1
70,4,1039.86,312.72,27.40,60.76,0.83,-1,-1,-1
70,5,993.60,315.42,25.28,52.18,0.85,-1,-1,-1
70,6,604.78,311.21,23.06,63.51,0.86,-1,-1,-1
70,11,521.16,299.26,39.93,111.19,0.88,-1,-1,-1
70,12,719.01,319.27,17.17,38.43,0.71,-1,-1,-1
71,1,536.79,287.97,82.47,214.09,0.94,-1,-1,-1
71,3,212.16,259.93,178.54,501.43,0.93,-1,-1,-1
71,4,1041.49,312.50,25.91,60.78,0.83,-1,-1,-1
71,5,993.64,315.07,25.27,52.50,0.87,-1,-1,-1
71,6,605.25,311.02,22.05,59.01,0.79,-1,-1,-1
71,11,520.02,297.94,41.55,114.43,0.89,-1,-1,-1
71,12,718.71,319.05,18.90,38.32,0.57,-1,-1,-1
72,1,537.77,287.75,81.98,213.76,0.94,-1,-1,-1
72,3,203.64,254.59,183.21,507.86,0.94,-1,-1,-1
72,4,1042.67,312.54,25.36,60.47,0.83,-1,-1,-1
72,5,994.22,314.76,25.27,52.60,0.86,-1,-1,-1
72,6,605.81,311.29,21.07,54.19,0.79,-1,-1,-1
72,11,519.10,296.58,42.75,117.67,0.90,-1,-1,-1
72,12,718.37,318.52,19.02,38.27,0.45,-1,-1,-1
72,14,767.25,316.80,16.20,43.65,0.76,-1,-1,-1
72,15,736.20,318.15,17.10,39.15,0.75,-1,-1,-1
73,1,539.01,287.84,80.60,213.20,0.94,-1,-1,-1
73,3,193.42,249.32,188.96,510.05,0.93,-1,-1,-1
73,4,1041.85,312.27,26.39,60.65,0.82,-1,-1,-1
73,5,995.03,314.36,24.07,52.94,0.87,-1,-1,-1
73,6,605.72,311.09,20.71,52.80,0.82,-1,-1,-1
73,11,518.47,295.61,43.20,119.47,0.90,-1,-1,-1
73,12,717.69,317.72,18.46,38.85,0.63,-1,-1,-1
73,14,766.18,318.99,16.21,41.51,0.74,-1,-1,-1
73,15,736.55,318.00,17.11,39.17,0.73,-1,-1,-1
73,16,778.95,320.17,22.50,39.60,0.70,-1,-1,-1
74,1,539.68,287.44,80.15,213.83,0.95,-1,-1,-1
74,3,182.34,244.86,193.84,515.04,0.93,-1,-1,-1
74,4,1041.71,311.25,26.78,61.64,0.83,-1,-1,-1
74,5,995.47,314.04,23.62,53.08,0.87,-1,-1,-1
74,6,605.67,311.19,20.00,52.37,0.81,-1,-1,-1
74,11,518.19,295.11,42.80,120.16,0.91,-1,-1,-1
74,12,717.20,317.87,17.65,38.49,0.56,-1,-1,-1
74,14,765.31,319.06,15.52,40.75,0.80,-1,-1,-1
74,15,736.64,317.45,17.12,39.54,0.75,-1,-1,-1
74,16,778.99,319.12,22.52,40.71,0.77,-1,-1,-1
75,1,540.56,288.06,79.36,214.13,0.94,-1,-1,-1
75,3,171.22,241.33,200.73,532.15,0.93,-1,-1,-1
75,4,1040.88,310.74,26.91,61.98,0.84,-1,-1,-1
75,5,996.08,313.79,23.44,53.11,0.87,-1,-1,-1
75,6,604.76,312.15,20.36,52.54,0.71,-1,-1,-1
75,11,516.70,294.65,43.78,121.20,0.90,-1,-1,-1
75,12,716.12,317.19,16.12,39.52,0.48,-1,-1,-1
75,14,762.47,316.93,18.15,42.98,0.78,-1,-1,-1
75,15,737.70,317.07,17.11,39.98,0.71,-1,-1,-1
75,16,780.37,318.92,20.44,40.92,0.56,-1,-1,-1
76,1,540.88,288.49,79.68,214.40,0.94,-1,-1,-1
76,3,157.84,238.48,208.44,545.59,0.93,-1,-1,-1
76,4,1041.19,310.73,26.97,61.81,0.83,-1,-1,-1
76,5,996.34,313.88,23.38,52.82,0.87,-1,-1,-1
76,6,604.79,313.14,20.50,51.72,0.74,-1,-1,-1
76,11,515.31,294.52,44.15,121.85,0.90,-1,-1,-1
76,12,715.18,316.68,15.54,39.91,0.50,-1,-1,-1
76,14,761.02,317.46,18.94,42.01,0.81,-1,-1,-1
76,15,739.08,316.82,16.43,40.11,0.69,-1,-1,-1
76,16,780.83,320.59,17.54,38.54,0.69,-1,-1,-1
77,1,541.16,288.38,80.43,215.14,0.94,-1,-1,-1
77,3,143.21,236.43,216.05,573.77,0.92,-1,-1,-1
77,4,1041.89,310.47,26.99,62.04,0.84,-1,-1,-1
77,5,996.40,313.65,23.37,53.02,0.88,-1,-1,-1
77,6,603.81,313.07,20.56,51.47,0.76,-1,-1,-1
77,11,514.10,294.80,44.27,122.07,0.91,-1,-1,-1
77,12,714.81,316.81,14.12,39.76,0.33,-1,-1,-1
77,14,758.63,318.87,21.05,40.64,0.82,-1,-1,-1
77,15,738.44,316.59,16.87,40.14,0.58,-1,-1,-1
77,16,780.85,320.26,14.64,38.48,0.65,-1,-1,-1
78,1,542.54,289.41,78.94,214.96,0.93,-1,-1,-1
78,3,128.99,236.90,222.75,591.87,0.91,-1,-1,-1
78,4,1042.22,310.22,27.00,62.13,0.84,-1,-1,-1
78,5,996.49,313.42,23.36,53.09,0.88,-1,-1,-1
78,6,603.85,313.05,19.99,50.80,0.75,-1,-1,-1
78,11,513.19,295.83,44.90,121.21,0.91,-1,-1,-1
78,12,713.87,316.73,13.60,39.99,0.14,-1,-1,-1
78,14,757.00,318.39,22.40,41.13,0.83,-1,-1,-1
78,15,739.25,316.05,17.02,40.45,0.72,-1,-1,-1
78,16,780.13,319.97,13.32,38.15,0.56,-1,-1,-1
79,1,542.02,289.72,79.60,215.08,0.92,-1,-1,-1
79,3,113.35,239.24,230.52,613.78,0.91,-1,-1,-1
79,4,1041.15,310.08,28.20,62.46,0.83,-1,-1,-1
79,5,996.50,313.27,23.37,53.42,0.88,-1,-1,-1
79,6,602.58,312.50,20.40,51.81,0.74,-1,-1,-1
79,11,512.18,296.30,45.72,121.16,0.91,-1,-1,-1
79,14,755.78,317.82,23.47,41.94,0.78,-1,-1,-1
79,15,739.47,316.10,19.58,41.19,0.74,-1,-1,-1
79,16,778.84,320.09,12.36,38.40,0.38,-1,-1,-1
80,1,541.22,289.84,79.86,216.58,0.92,-1,-1,-1
80,3,96.13,240.99,237.38,628.95,0.90,-1,-1,-1
80,4,1041.27,309.85,28.65,62.87,0.84,-1,-1,-1
80,5,996.44,312.90,23.37,53.83,0.88,-1,-1,-1
80,6,602.14,312.44,20.55,51.59,0.70,-1,-1,-1
80,11,510.95,296.79,46.02,121.38,0.91,-1,-1,-1
80,14,755.34,316.68,23.85,43.45,0.81,-1,-1,-1
80,15,740.11,315.65,19.89,42.65,0.76,-1,-1,-1
80,16,777.09,319.63,12.88,38.82,0.60,-1,-1,-1
81,1,540.59,291.65,80.51,216.20,0.94,-1,-1,-1
81,3,77.41,242.55,245.82,639.24,0.90,-1,-1,-1
81,4,1042.34,310.85,27.62,61.52,0.85,-1,-1,-1
81,5,996.28,313.09,23.36,53.38,0.88,-1,-1,-1
81,6,599.86,312.25,21.80,53.32,0.76,-1,-1,-1
81,11,510.22,296.51,46.09,122.29,0.91,-1,-1,-1
81,14,754.59,317.32,23.35,41.88,0.83,-1,-1,-1
81,15,739.99,315.79,21.17,42.28,0.81,-1,-1,-1
81,16,775.23,319.76,13.03,38.67,0.82,-1,-1,-1
82,1,540.40,292.29,80.81,216.41,0.93,-1,-1,-1
82,3,54.56,240.99,256.21,657.67,0.89,-1,-1,-1
82,4,1042.99,311.33,27.23,61.01,0.85,-1,-1,-1
82,5,996.43,313.11,23.37,53.21,0.88,-1,-1,-1
82,6,598.54,311.99,22.86,54.58,0.73,-1,-1,-1
82,11,509.44,296.07,45.53,123.24,0.91,-1,-1,-1
82,14,753.92,317.54,22.52,41.27,0.81,-1,-1,-1
82,15,740.07,315.80,21.07,42.12,0.81,-1,-1,-1
82,16,773.17,319.45,14.41,38.94,0.81,-1,-1,-1
83,1,540.27,292.58,80.93,210.53,0.94,-1,-1,-1
83,3,31.71,232.25,266.28,693.83,0.88,-1,-1,-1
83,4,1044.40,311.38,25.88,61.12,0.83,-1,-1,-1
83,5,996.45,312.85,23.38,53.45,0.88,-1,-1,-1
83,6,597.71,311.64,23.27,54.78,0.71,-1,-1,-1
83,11,508.84,295.52,44.71,124.46,0.91,-1,-1,-1
83,14,753.69,317.51,21.55,41.05,0.82,-1,-1,-1
83,15,740.04,315.86,21.59,42.04,0.83,-1,-1,-1
83,16,770.95,319.23,16.08,39.35,0.83,-1,-1,-1
84,1,538.71,290.67,82.16,208.75,0.94,-1,-1,-1
84,3,5.56,227.53,278.63,728.92,0.88,-1,-1,-1
84,4,1044.30,311.26,26.59,61.47,0.84,-1,-1,-1
84,5,996.44,312.75,23.38,53.54,0.88,-1,-1,-1
84,6,596.53,310.74,23.42,56.34,0.68,-1,-1,-1
84,11,508.94,294.68,43.78,125.78,0.91,-1,-1,-1
84,14,753.06,317.48,20.55,40.97,0.78,-1,-1,-1
84,15,739.72,316.32,21.19,41.10,0.77,-1,-1,-1
84,16,768.96,319.43,17.89,39.21,0.83,-1,-1,-1
85,1,538.44,289.64,82.60,208.98,0.94,-1,-1,-1
85,3,-19.96,220.55,290.40,772.51,0.85,-1,-1,-1
85,4,1044.78,311.19,25.65,61.59,0.83,-1,-1,-1
85,5,996.97,312.56,23.38,53.86,0.88,-1,-1,-1
85,6,596.41,310.38,22.29,56.32,0.60,-1,-1,-1
85,11,507.84,293.31,44.61,127.41,0.91,-1,-1,-1
85,14,751.95,316.24,20.14,41.84,0.78,-1,-1,-1
85,15,740.46,316.17,19.81,41.03,0.77,-1,-1,-1
85,16,767.34,317.82,19.16,40.66,0.82,-1,-1,-1
86,1,539.47,289.11,81.58,209.86,0.94,-1,-1,-1
86,3,-40.90,207.72,297.14,821.68,0.82,-1,-1,-1
86,4,1044.95,311.34,25.29,61.34,0.83,-1,-1,-1
86,5,997.16,312.51,23.38,53.98,0.87,-1,-1,-1
86,6,596.05,310.55,21.84,53.65,0.57,-1,-1,-1
86,11,506.51,292.21,45.51,128.61,0.92,-1,-1,-1
86,14,751.86,315.95,18.77,42.46,0.76,-1,-1,-1
86,15,740.09,316.12,19.26,41.01,0.78,-1,-1,-1
86,16,765.86,317.24,20.24,41.19,0.80,-1,-1,-1
87,1,537.79,288.88,83.57,210.78,0.94,-1,-1,-1
87,3,-58.00,202.09,301.31,839.52,0.79,-1,-1,-1
87,4,1044.96,311.21,25.16,61.54,0.83,-1,-1,-1
87,5,996.59,312.45,24.57,54.02,0.87,-1,-1,-1
87,6,595.66,309.68,21.67,54.43,0.34,-1,-1,-1
87,11,505.76,291.47,45.84,129.90,0.92,-1,-1,-1
87,14,751.27,315.81,17.00,42.69,0.59,-1,-1,-1
87,15,739.94,316.37,19.05,40.69,0.69,-1,-1,-1
87,16,764.73,315.80,21.23,42.58,0.79,-1,-1,-1
88,1,539.19,289.17,81.97,210.91,0.92,-1,-1,-1
88,3,-89.35,193.24,315.66,877.51,0.75,-1,-1,-1
88,4,1045.07,311.24,25.13,61.63,0.82,-1,-1,-1
88,5,999.41,312.07,21.51,54.64,0.78,-1,-1,-1
88,6,594.92,309.14,21.62,55.92,0.13,-1,-1,-1
88,11,503.68,290.83,47.75,130.69,0.92,-1,-1,-1
88,14,750.20,316.73,16.37,42.19,0.34,-1,-1,-1
88,15,740.81,316.40,17.77,39.68,0.39,-1,-1,-1
88,16,764.36,316.66,20.48,41.34,0.65,-1,-1,-1
89,1,542.44,288.90,78.93,211.55,0.90,-1,-1,-1
89,3,-91.29,193.34,303.84,843.22,0.71,-1,-1,-1
89,4,1045.68,311.32,25.12,61.36,0.81,-1,-1,-1
89,5,1002.40,311.71,19.00,55.17,0.82,-1,-1,-1
89,11,502.93,290.52,48.46,130.95,0.92,-1,-1,-1
89,14,747.36,317.46,18.04,41.39,0.11,-1,-1,-1
89,16,764.30,318.14,19.56,40.24,0.35,-1,-1,-1
90,1,547.00,289.28,74.16,211.36,0.90,-1,-1,-1
90,3,-121.82,192.34,318.80,890.92,0.72,-1,-1,-1
90,4,1045.91,310.78,25.13,61.86,0.77,-1,-1,-1
90,5,1003.43,312.63,18.14,54.18,0.34,-1,-1,-1
90,11,501.51,290.30,49.89,133.37,0.91,-1,-1,-1
91,1,548.99,288.81,72.40,212.76,0.91,-1,-1,-1
91,3,-138.57,202.30,320.67,874.06,0.68,-1,-1,-1
91,4,1046.57,310.55,23.93,61.74,0.80,-1,-1,-1
91,5,1003.73,314.01,17.87,52.59,0.15,-1,-1,-1
91,11,500.72,290.06,50.43,133.66,0.91,-1,-1,-1
92,1,550.08,289.76,70.57,212.08,0.91,-1,-1,-1
92,3,-136.39,217.89,296.81,821.05,0.45,-1,-1,-1
92,4,1046.22,310.26,24.71,61.99,0.83,-1,-1,-1
92,11,500.29,289.77,49.42,134.30,0.89,-1,-1,-1
93,1,549.37,291.60,73.66,213.03,0.91,-1,-1,-1
93,3,-142.89,245.07,285.85,765.02,0.27,-1,-1,-1
93,4,1046.03,310.06,25.00,62.68,0.83,-1,-1,-1
93,11,499.13,291.30,49.63,134.22,0.90,-1,-1,-1
93,17,547.20,285.52,51.30,144.45,0.75,-1,-1,-1
94,1,549.05,291.93,74.76,213.32,0.91,-1,-1,-1
94,3,-109.23,296.04,225.40,636.74,0.13,-1,-1,-1
94,4,1046.64,309.90,25.10,62.96,0.83,-1,-1,-1
94,11,498.07,291.67,49.68,134.80,0.91,-1,-1,-1
94,17,547.41,285.20,49.89,142.05,0.73,-1,-1,-1
95,1,547.45,294.33,77.03,211.92,0.91,-1,-1,-1
95,3,-116.54,314.92,199.65,634.45,0.18,-1,-1,-1
95,4,1045.73,309.66,26.35,63.65,0.78,-1,-1,-1
95,11,496.26,292.03,50.89,136.17,0.90,-1,-1,-1
95,17,547.46,285.62,46.14,136.72,0.72,-1,-1,-1
96,1,548.89,294.96,76.09,212.46,0.91,-1,-1,-1
96,4,1046.58,309.52,25.64,63.92,0.79,-1,-1,-1
96,11,495.89,292.19,50.15,137.56,0.91,-1,-1,-1
96,17,547.92,286.50,43.43,134.19,0.77,-1,-1,-1
97,1,550.60,295.84,74.56,212.66,0.91,-1,-1,-1
97,4,1049.29,311.10,22.96,61.63,0.60,-1,-1,-1
97,11,494.88,291.89,50.46,139.83,0.91,-1,-1,-1
97,17,546.62,286.44,44.94,136.00,0.24,-1,-1,-1
98,1,553.43,295.90,72.17,212.03,0.92,-1,-1,-1
98,4,1048.30,310.51,24.43,62.83,0.74,-1,-1,-1
98,11,494.07,291.83,51.14,141.47,0.91,-1,-1,-1
98,17,543.37,285.46,47.38,138.24,0.61,-1,-1,-1
99,1,554.44,296.04,71.87,204.93,0.92,-1,-1,-1
99,4,1050.93,312.58,22.54,60.30,0.52,-1,-1,-1
99,11,492.60,291.04,52.55,143.55,0.90,-1,-1,-1
99,17,542.27,285.45,48.22,138.74,0.65,-1,-1,-1
99,16,748.51,314.46,23.30,44.46,0.62,-1,-1,-1
100,1,555.95,295.39,71.16,205.48,0.92,-1,-1,-1
100,11,490.26,290.09,54.24,144.63,0.90,-1,-1,-1
100,17,540.03,284.74,49.76,145.84,0.83,-1,-1,-1
100,16,747.92,313.92,22.87,45.26,0.31,-1,-1,-1
101,1,555.32,294.59,72.78,206.19,0.92,-1,-1,-1
101,11,489.74,289.04,53.74,145.61,0.91,-1,-1,-1
101,17,538.40,285.00,51.56,149.61,0.86,-1,-1,-1
101,16,751.70,314.95,19.16,43.19,0.27,-1,-1,-1
102,1,556.23,294.09,73.33,207.10,0.92,-1,-1,-1
102,11,489.02,287.86,53.47,146.73,0.91,-1,-1,-1
102,17,538.13,284.47,51.59,153.29,0.87,-1,-1,-1
102,16,746.83,314.10,18.92,44.14,0.21,-1,-1,-1
103,1,551.48,292.75,79.55,208.17,0.94,-1,-1,-1
103,11,486.98,286.59,55.15,148.98,0.92,-1,-1,-1
103,17,537.50,284.02,52.78,154.71,0.89,-1,-1,-1
103,16,744.46,315.21,18.24,43.63,0.50,-1,-1,-1
104,1,549.43,291.57,82.46,210.07,0.93,-1,-1,-1
104,11,485.95,285.90,55.79,149.78,0.92,-1,-1,-1
104,17,537.00,283.65,53.23,155.16,0.90,-1,-1,-1
104,16,743.34,316.00,18.01,43.11,0.47,-1,-1,-1
105,1,550.10,291.45,82.39,210.47,0.94,-1,-1,-1
105,11,484.46,285.53,56.59,150.60,0.92,-1,-1,-1
105,17,536.30,281.89,54.55,157.02,0.90,-1,-1,-1
105,16,743.30,316.32,16.70,42.31,0.38,-1,-1,-1
106,1,550.97,291.67,81.76,210.34,0.94,-1,-1,-1
106,11,483.94,285.66,56.89,150.59,0.92,-1,-1,-1
106,17,534.91,280.75,56.22,158.57,0.91,-1,-1,-1
106,16,743.72,317.45,15.61,40.80,0.61,-1,-1,-1
106,18,785.25,314.32,23.40,44.10,0.79,-1,-1,-1
106,15,759.51,315.68,18.01,40.96,0.71,-1,-1,-1
107,1,551.55,292.10,81.45,209.97,0.94,-1,-1,-1
107,11,481.69,285.77,58.13,150.82,0.92,-1,-1,-1
107,17,533.20,280.08,57.40,159.98,0.91,-1,-1,-1
107,16,742.92,317.33,15.24,40.84,0.37,-1,-1,-1
107,15,759.99,313.72,18.64,43.20,0.42,-1,-1,-1
108,1,552.33,292.61,81.35,210.15,0.94,-1,-1,-1
108,11,480.53,286.32,58.62,151.48,0.92,-1,-1,-1
108,17,531.95,280.33,57.85,159.28,0.92,-1,-1,-1
108,16,741.43,317.00,15.76,41.47,0.35,-1,-1,-1
108,15,759.59,313.26,20.04,43.91,0.46,-1,-1,-1
109,1,553.44,292.80,81.25,210.75,0.94,-1,-1,-1
109,11,478.91,286.99,59.34,152.53,0.92,-1,-1,-1
109,17,530.57,280.16,58.55,161.57,0.92,-1,-1,-1
109,16,740.51,316.88,15.34,41.40,0.48,-1,-1,-1
109,15,760.45,313.85,19.97,43.27,0.56,-1,-1,-1
110,1,553.54,293.37,81.82,211.17,0.94,-1,-1,-1
110,11,477.41,287.75,59.02,153.52,0.91,-1,-1,-1
110,17,529.47,280.15,58.22,163.31,0.92,-1,-1,-1
110,16,739.32,317.78,15.20,40.48,0.40,-1,-1,-1
110,15,761.36,315.18,18.74,41.81,0.48,-1,-1,-1
111,1,554.19,294.54,81.41,211.91,0.94,-1,-1,-1
111,11,474.86,288.11,61.24,154.44,0.92,-1,-1,-1
111,17,529.13,280.37,58.05,164.80,0.91,-1,-1,-1
111,16,737.13,317.88,16.39,40.74,0.49,-1,-1,-1
111,15,762.60,315.76,18.25,41.55,0.62,-1,-1,-1
112,1,555.26,295.58,80.73,212.12,0.94,-1,-1,-1
112,11,473.50,288.39,61.53,156.42,0.92,-1,-1,-1
112,17,528.37,280.76,58.61,166.38,0.90,-1,-1,-1
112,16,736.21,318.25,16.83,40.59,0.58,-1,-1,-1
112,15,764.07,316.91,16.87,40.60,0.45,-1,-1,-1
113,1,555.03,295.92,81.03,212.75,0.94,-1,-1,-1
113,11,472.73,288.00,61.60,157.99,0.92,-1,-1,-1
113,17,528.11,281.46,58.78,168.09,0.90,-1,-1,-1
113,16,735.25,318.17,17.00,40.53,0.43,-1,-1,-1
113,15,764.46,315.62,17.60,42.05,0.45,-1,-1,-1
114,1,555.21,296.37,81.11,212.62,0.94,-1,-1,-1
114,11,472.79,287.14,60.98,159.99,0.92,-1,-1,-1
114,17,527.44,282.22,59.40,169.22,0.90,-1,-1,-1
114,16,735.15,318.93,17.07,39.89,0.54,-1,-1,-1
114,15,764.54,315.78,17.25,41.98,0.43,-1,-1,-1
115,1,554.96,296.25,81.13,214.07,0.94,-1,-1,-1
115,11,471.38,286.54,61.91,161.31,0.92,-1,-1,-1
115,17,526.34,282.53,60.21,170.20,0.91,-1,-1,-1
115,16,733.68,318.31,18.88,40.87,0.42,-1,-1,-1
115,15,764.52,315.56,17.12,41.95,0.43,-1,-1,-1
116,1,554.32,296.27,81.69,206.49,0.94,-1,-1,-1
116,11,469.54,285.68,62.81,162.51,0.93,-1,-1,-1
116,17,525.74,282.60,59.88,171.25,0.91,-1,-1,-1
116,16,732.76,318.42,18.96,40.90,0.41,-1,-1,-1
116,15,764.08,316.42,17.07,41.29,0.53,-1,-1,-1
116,19,866.25,315.22,20.70,40.05,0.75,-1,-1,-1
116,20,906.30,312.30,16.20,47.25,0.71,-1,-1,-1
117,1,553.77,295.30,81.88,205.38,0.94,-1,-1,-1
117,11,468.89,284.55,62.52,164.08,0.93,-1,-1,-1
117,17,525.25,282.12,59.71,172.76,0.92,-1,-1,-1
117,15,763.25,315.33,18.26,42.25,0.20,-1,-1,-1
117,19,866.13,315.19,21.44,40.45,0.63,-1,-1,-1
117,20,906.58,310.28,17.65,49.82,0.72,-1,-1,-1
118,1,553.69,294.42,81.96,206.73,0.94,-1,-1,-1
118,11,468.51,283.17,61.81,165.88,0.92,-1,-1,-1
118,17,524.64,282.02,59.64,173.04,0.92,-1,-1,-1
118,15,763.44,314.57,17.52,42.91,0.14,-1,-1,-1
118,19,865.98,315.16,21.59,40.55,0.66,-1,-1,-1
118,20,907.24,309.21,17.59,51.36,0.74,-1,-1,-1
118,21,916.65,309.38,20.25,53.10,0.70,-1,-1,-1
119,1,553.77,293.22,81.94,207.71,0.95,-1,-1,-1
119,11,467.09,282.56,62.08,167.28,0.92,-1,-1,-1
119,17,523.67,281.13,60.16,174.46,0.92,-1,-1,-1
119,19,864.40,314.75,21.62,41.24,0.62,-1,-1,-1
119,20,907.27,308.95,17.90,51.50,0.69,-1,-1,-1
119,21,917.56,308.41,20.98,53.87,0.65,-1,-1,-1
120,1,553.54,291.67,82.51,209.10,0.95,-1,-1,-1
120,11,466.36,281.99,61.57,168.33,0.93,-1,-1,-1
120,17,523.09,280.75,59.74,174.61,0.92,-1,-1,-1
120,19,863.20,314.55,22.29,41.44,0.70,-1,-1,-1
120,20,907.55,308.49,18.33,51.81,0.63,-1,-1,-1
120,21,918.77,308.36,20.09,54.02,0.57,-1,-1,-1
121,1,553.57,290.66,82.78,209.39,0.95,-1,-1,-1
121,11,464.97,281.79,62.00,170.62,0.92,-1,-1,-1
121,17,522.10,279.26,60.21,176.28,0.92,-1,-1,-1
121,19,862.85,314.53,22.52,41.52,0.64,-1,-1,-1
121,20,908.32,309.85,18.16,50.32,0.62,-1,-1,-1
121,21,920.05,309.56,19.79,52.68,0.62,-1,-1,-1
122,1,554.11,289.73,82.84,208.83,0.95,-1,-1,-1
122,11,463.27,282.52,62.73,171.38,0.92,-1,-1,-1
122,17,521.41,277.42,60.95,178.58,0.92,-1,-1,-1
122,19,862.26,314.87,23.21,41.20,0.62,-1,-1,-1
122,20,909.01,310.04,17.45,50.07,0.61,-1,-1,-1
122,21,920.19,309.94,19.71,51.88,0.67,-1,-1,-1
123,1,554.09,289.63,83.56,208.73,0.95,-1,-1,-1
123,11,459.41,283.06,66.05,172.00,0.92,-1,-1,-1
123,17,519.74,276.81,61.89,179.51,0.92,-1,-1,-1
123,19,862.32,314.39,22.86,41.09,0.68,-1,-1,-1
123,20,909.78,309.02,17.53,50.63,0.71,-1,-1,-1
123,21,921.06,308.24,19.73,53.32,0.76,-1,-1,-1
124,1,553.97,290.29,84.29,207.89,0.94,-1,-1,-1
124,11,456.23,283.50,68.94,172.90,0.93,-1,-1,-1
124,17,516.41,275.94,64.51,181.11,0.91,-1,-1,-1
124,19,861.94,314.16,22.68,41.32,0.66,-1,-1,-1
124,20,909.90,308.62,17.84,50.79,0.68,-1,-1,-1
124,21,921.52,307.94,19.71,53.77,0.74,-1,-1,-1
125,1,553.25,290.75,85.75,207.71,0.94,-1,-1,-1
125,11,454.10,283.72,70.04,174.96,0.92,-1,-1,-1
125,17,511.58,275.69,69.00,183.12,0.90,-1,-1,-1
125,19,862.02,313.96,21.38,41.39,0.70,-1,-1,-1
125,20,910.10,308.50,17.65,50.83,0.69,-1,-1,-1
125,21,921.54,307.70,19.72,54.24,0.71,-1,-1,-1
126,1,553.30,291.91,86.32,208.34,0.93,-1,-1,-1
126,11,452.01,283.89,70.62,176.96,0.92,-1,-1,-1
126,17,508.90,276.13,71.31,184.67,0.92,-1,-1,-1
126,19,862.26,313.97,20.27,41.43,0.68,-1,-1,-1
126,20,911.57,307.77,18.19,51.48,0.58,-1,-1,-1
126,21,922.33,307.53,19.74,54.43,0.66,-1,-1,-1
127,1,553.59,292.85,87.15,209.01,0.94,-1,-1,-1
127,11,450.80,284.17,70.68,178.99,0.93,-1,-1,-1
127,17,508.74,276.81,71.06,185.92,0.92,-1,-1,-1
127,19,862.32,313.97,19.25,41.44,0.73,-1,-1,-1
127,20,913.23,308.56,17.80,50.80,0.62,-1,-1,-1
127,21,922.53,309.29,19.75,52.96,0.70,-1,-1,-1
128,1,554.09,293.61,87.42,209.97,0.94,-1,-1,-1
128,11,449.49,284.24,70.80,180.85,0.93,-1,-1,-1
128,17,509.45,278.38,69.71,186.46,0.92,-1,-1,-1
128,19,862.07,314.08,18.90,41.43,0.79,-1,-1,-1
128,20,914.16,308.67,17.94,51.14,0.59,-1,-1,-1
128,21,923.20,309.91,19.76,52.39,0.71,-1,-1,-1
129,1,554.23,294.74,88.08,208.86,0.94,-1,-1,-1
129,11,448.41,284.36,70.79,181.96,0.93,-1,-1,-1
129,17,510.34,279.38,68.53,187.66,0.92,-1,-1,-1
129,19,861.95,313.96,18.17,41.42,0.76,-1,-1,-1
129,20,914.73,309.16,17.69,50.66,0.65,-1,-1,-1
129,21,924.60,310.73,18.54,51.59,0.77,-1,-1,-1
129,22,1007.10,312.07,25.20,56.70,0.73,-1,-1,-1
130,1,554.99,294.90,88.34,209.62,0.94,-1,-1,-1
130,11,448.03,284.31,70.05,183.36,0.93,-1,-1,-1
130,17,510.54,280.84,68.07,189.69,0.92,-1,-1,-1
130,19,861.72,313.76,17.30,41.72,0.72,-1,-1,-1
130,20,915.02,309.48,16.99,50.48,0.58,-1,-1,-1
130,21,924.58,311.16,19.34,51.29,0.72,-1,-1,-1
130,22,1008.11,312.21,25.22,56.75,0.79,-1,-1,-1
131,1,556.39,295.21,88.42,209.65,0.94,-1,-1,-1
131,11,447.28,283.80,69.74,184.61,0.93,-1,-1,-1
131,17,510.58,281.50,66.69,191.19,0.92,-1,-1,-1
131,19,861.62,313.82,16.39,41.53,0.71,-1,-1,-1
131,20,915.69,309.59,16.73,50.72,0.57,-1,-1,-1
131,21,925.14,312.36,18.42,49.99,0.64,-1,-1,-1
131,22,1008.35,312.26,25.23,56.77,0.76,-1,-1,-1
132,1,558.98,294.76,86.65,210.83,0.94,-1,-1,-1
132,11,446.15,282.18,70.20,187.08,0.93,-1,-1,-1
132,17,509.13,282.24,67.35,192.72,0.93,-1,-1,-1
132,19,861.56,313.87,15.46,41.45,0.64,-1,-1,-1
132,20,915.85,309.19,17.25,51.40,0.44,-1,-1,-1
132,21,925.27,311.26,19.30,51.35,0.53,-1,-1,-1
132,22,1008.93,312.20,25.22,56.74,0.79,-1,-1,-1
133,1,561.19,293.90,85.33,211.20,0.94,-1,-1,-1
133,11,444.95,281.03,69.74,188.94,0.94,-1,-1,-1
133,17,508.37,282.12,67.55,195.26,0.93,-1,-1,-1
133,19,861.18,313.80,15.16,41.41,0.72,-1,-1,-1
133,20,917.00,309.40,16.84,51.34,0.28,-1,-1,-1
133,21,925.22,310.63,19.61,52.13,0.59,-1,-1,-1
133,22,1008.97,312.10,25.21,56.71,0.83,-1,-1,-1
134,1,563.76,292.94,83.02,209.89,0.94,-1,-1,-1
134,11,443.16,279.53,69.69,191.25,0.93,-1,-1,-1
134,17,507.18,281.30,68.81,197.24,0.94,-1,-1,-1
134,19,860.75,313.77,15.08,41.40,0.68,-1,-1,-1
134,21,924.59,309.78,20.92,53.04,0.65,-1,-1,-1
134,22,1009.63,312.07,25.20,56.71,0.84,-1,-1,-1
135,1,565.65,291.70,81.56,208.48,0.94,-1,-1,-1
135,11,442.75,279.00,69.52,192.07,0.94,-1,-1,-1
135,17,506.54,280.11,68.68,199.11,0.94,-1,-1,-1
135,19,860.66,313.77,15.07,41.39,0.71,-1,-1,-1
135,21,924.99,311.40,20.25,51.59,0.55,-1,-1,-1
135,22,1009.87,312.37,25.20,56.38,0.85,-1,-1,-1
136,1,566.31,290.74,81.62,208.39,0.94,-1,-1,-1
136,11,441.48,277.87,69.43,194.07,0.92,-1,-1,-1
136,17,504.26,278.86,70.98,201.08,0.94,-1,-1,-1
136,19,860.30,313.73,15.09,41.38,0.65,-1,-1,-1
136,21,923.89,314.09,21.16,48.62,0.59,-1,-1,-1
136,22,1009.89,312.45,25.20,56.26,0.87,-1,-1,-1
136,23,1063.80,310.72,27.00,62.55,0.72,-1,-1,-1
137,1,565.28,289.96,83.48,209.14,0.94,-1,-1,-1
137,11,439.21,277.62,70.59,195.54,0.94,-1,-1,-1
137,17,503.09,277.22,72.43,203.28,0.94,-1,-1,-1
137,19,860.19,313.44,15.11,41.69,0.73,-1,-1,-1
137,21,924.09,313.73,21.50,48.75,0.59,-1,-1,-1
137,22,1009.89,312.33,26.43,56.54,0.88,-1,-1,-1
137,23,1066.16,310.79,25.57,62.59,0.76,-1,-1,-1
138,1,568.19,289.38,81.19,209.11,0.94,-1,-1,-1
138,11,437.86,277.41,71.01,198.55,0.92,-1,-1,-1
138,17,501.26,275.28,74.72,205.67,0.94,-1,-1,-1
138,19,860.18,313.49,15.13,41.50,0.75,-1,-1,-1
138,21,924.76,316.62,21.62,45.78,0.49,-1,-1,-1
138,22,1009.88,312.14,26.88,56.94,0.89,-1,-1,-1
138,23,1064.52,310.47,26.71,63.64,0.82,-1,-1,-1
138,24,898.20,313.88,17.10,39.60,0.72,-1,-1,-1
139,1,569.59,289.20,80.29,209.39,0.93,-1,-1,-1
139,11,436.26,278.23,71.73,200.79,0.93,-1,-1,-1
139,17,500.06,273.38,76.13,207.97,0.94,-1,-1,-1
139,19,860.18,313.25,15.15,41.72,0.76,-1,-1,-1
139,21,925.00,317.72,21.65,44.69,0.51,-1,-1,-1
139,22,1010.44,311.96,27.03,57.09,0.89,-1,-1,-1
139,23,1064.56,310.53,27.06,63.62,0.77,-1,-1,-1
139,24,899.01,314.14,16.38,39.26,0.72,-1,-1,-1
140,1,570.64,289.31,80.01,209.05,0.93,-1,-1,-1
140,11,435.08,279.63,71.43,201.44,0.92,-1,-1,-1
140,17,499.01,271.82,76.68,210.27,0.94,-1,-1,-1
140,19,860.19,313.29,15.17,41.51,0.73,-1,-1,-1
140,21,925.09,311.30,22.85,51.09,0.57,-1,-1,-1
140,22,1010.63,311.85,27.08,57.14,0.89,-1,-1,-1
140,23,1065.27,310.34,27.14,63.92,0.75,-1,-1,-1
140,24,898.81,312.97,16.95,40.24,0.64,-1,-1,-1
141,1,571.54,290.28,79.34,208.69,0.93,-1,-1,-1
141,11,430.72,281.68,74.29,201.98,0.93,-1,-1,-1
141,17,497.69,270.81,77.47,211.88,0.94,-1,-1,-1
141,19,859.93,313.49,15.19,41.44,0.75,-1,-1,-1
141,21,925.75,309.84,23.30,52.73,0.69,-1,-1,-1
141,22,1011.37,311.54,27.10,57.47,0.88,-1,-1,-1
141,23,1064.29,310.14,28.45,63.68,0.63,-1,-1,-1
141,24,899.43,313.60,16.44,40.22,0.63,-1,-1,-1
142,1,573.06,292.06,78.48,206.59,0.94,-1,-1,-1
142,11,428.60,282.08,74.75,203.72,0.92,-1,-1,-1
142,17,496.10,270.82,78.89,213.28,0.94,-1,-1,-1
142,19,859.82,313.64,15.20,41.40,0.75,-1,-1,-1
142,21,925.97,309.77,23.46,53.38,0.68,-1,-1,-1
142,22,1011.59,311.65,27.10,57.59,0.88,-1,-1,-1
142,23,1063.88,310.13,30.12,63.89,0.74,-1,-1,-1
142,24,899.93,312.86,16.25,40.84,0.42,-1,-1,-1
142,15,753.74,315.61,18.90,40.09,0.62,-1,-1,-1
143,1,573.89,293.17,78.20,206.54,0.94,-1,-1,-1
143,11,426.52,281.78,75.66,206.23,0.94,-1,-1,-1
143,17,494.93,271.28,79.43,215.35,0.94,-1,-1,-1
143,19,859.77,313.49,15.22,41.69,0.70,-1,-1,-1
143,21,927.20,309.54,22.35,53.61,0.69,-1,-1,-1
143,22,1012.83,311.62,25.90,57.62,0.88,-1,-1,-1
143,23,1065.52,309.58,29.52,64.89,0.81,-1,-1,-1
143,24,899.73,311.92,16.85,42.33,0.20,-1,-1,-1
143,15,753.82,315.84,18.92,40.34,0.52,-1,-1,-1
144,1,574.72,294.01,77.53,208.52,0.94,-1,-1,-1
144,11,424.25,281.79,77.47,208.51,0.93,-1,-1,-1
144,17,493.90,272.34,79.62,219.67,0.95,-1,-1,-1
144,19,859.19,313.44,15.83,41.80,0.70,-1,-1,-1
144,21,928.33,309.47,21.90,53.41,0.66,-1,-1,-1
144,22,1012.74,311.46,26.65,57.94,0.88,-1,-1,-1
144,23,1065.02,309.70,30.45,64.95,0.80,-1,-1,-1
144,24,896.54,310.04,20.20,43.45,0.12,-1,-1,-1
144,15,754.45,316.22,18.93,40.71,0.46,-1,-1,-1
145,1,574.99,295.07,77.30,208.84,0.94,-1,-1,-1
145,11,422.12,279.43,78.30,212.27,0.93,-1,-1,-1
145,17,492.66,273.64,79.66,220.38,0.94,-1,-1,-1
145,19,859.30,313.42,16.06,41.85,0.66,-1,-1,-1
145,21,929.96,309.60,20.53,53.32,0.55,-1,-1,-1
145,22,1013.32,311.55,26.92,58.06,0.88,-1,-1,-1
145,23,1067.24,310.21,28.39,64.65,0.82,-1,-1,-1
145,15,755.63,315.14,20.13,42.08,0.63,-1,-1,-1
146,1,575.33,295.59,76.61,209.06,0.94,-1,-1,-1
146,11,420.94,277.63,78.42,214.77,0.93,-1,-1,-1
146,17,491.94,274.30,79.62,222.73,0.95,-1,-1,-1
146,19,859.25,313.54,16.15,41.85,0.59,-1,-1,-1
146,21,931.66,309.64,20.00,53.26,0.53,-1,-1,-1
146,22,1013.38,311.57,27.01,58.08,0.89,-1,-1,-1
146,23,1069.20,310.08,26.29,64.81,0.79,-1,-1,-1
146,15,756.87,315.01,18.81,42.27,0.49,-1,-1,-1
147,1,575.47,295.94,76.39,208.45,0.94,-1,-1,-1
147,11,418.52,275.79,79.93,217.77,0.92,-1,-1,-1
147,17,491.16,274.72,80.19,225.82,0.94,-1,-1,-1
147,19,859.36,313.62,16.18,41.86,0.57,-1,-1,-1
147,21,932.40,310.89,19.82,52.35,0.40,-1,-1,-1
147,22,1013.55,311.76,27.05,58.10,0.89,-1,-1,-1
147,23,1070.05,310.51,25.52,64.28,0.79,-1,-1,-1
147,15,759.03,314.85,18.27,42.35,0.28,-1,-1,-1
148,1,575.74,295.88,76.30,209.25,0.93,-1,-1,-1
148,11,415.13,274.18,82.07,220.31,0.93,-1,-1,-1
148,17,490.26,275.14,80.95,228.38,0.94,-1,-1,-1
148,19,859.63,313.93,16.19,41.56,0.51,-1,-1,-1
148,21,934.37,313.15,18.54,49.59,0.42,-1,-1,-1
148,22,1014.10,311.82,27.05,58.10,0.89,-1,-1,-1
148,23,1070.23,310.22,26.49,64.97,0.78,-1,-1,-1
148,15,760.96,315.21,17.46,41.77,0.47,-1,-1,-1
149,1,575.87,294.86,75.67,203.84,0.94,-1,-1,-1
149,11,412.52,272.02,83.72,223.51,0.94,-1,-1,-1
149,17,490.05,274.93,81.19,231.60,0.94,-1,-1,-1
149,19,860.03,313.83,15.60,41.44,0.50,-1,-1,-1
149,21,935.06,314.09,19.31,48.53,0.34,-1,-1,-1
149,22,1014.26,311.77,27.04,58.09,0.90,-1,-1,-1
149,23,1070.84,309.74,26.82,65.81,0.82,-1,-1,-1
149,15,762.29,315.13,16.54,41.83,0.42,-1,-1,-1
