0,1,465.30,216.67,162.90,455.62,0.95,-1,-1,-1
0,2,601.65,263.70,136.80,374.85,0.92,-1,-1,-1
0,3,986.40,286.20,39.60,120.15,0.92,-1,-1,-1
0,4,954.00,283.27,41.40,119.25,0.92,-1,-1,-1
0,5,936.90,293.40,30.60,79.65,0.88,-1,-1,-1
0,6,1010.70,295.20,36.00,104.85,0.88,-1,-1,-1
0,7,748.35,284.85,45.90,81.00,0.88,-1,-1,-1
0,8,688.05,277.88,71.10,159.75,0.88,-1,-1,-1
0,9,315.90,268.42,88.20,161.55,0.86,-1,-1,-1
0,10,797.85,286.20,34.20,76.50,0.85,-1,-1,-1
0,11,375.30,266.40,56.70,149.40,0.82,-1,-1,-1
0,12,661.50,266.40,54.90,162.45,0.81,-1,-1,-1
0,13,395.10,261.00,60.75,164.70,0.79,-1,-1,-1
0,14,570.60,255.60,53.10,141.30,0.74,-1,-1,-1
0,15,927.00,290.25,25.20,72.00,0.73,-1,-1,-1
0,16,869.40,286.65,29.70,64.80,0.72,-1,-1,-1
1,1,465.60,214.10,162.16,453.63,0.95,-1,-1,-1
1,2,601.60,262.90,140.74,377.32,0.91,-1,-1,-1
1,3,985.69,286.00,41.17,120.19,0.92,-1,-1,-1
1,4,954.06,282.49,41.41,119.68,0.92,-1,-1,-1
1,5,936.96,293.20,30.61,79.68,0.88,-1,-1,-1
1,6,1011.56,294.81,36.01,106.06,0.88,-1,-1,-1
1,7,749.52,285.04,45.13,81.03,0.88,-1,-1,-1
1,8,689.98,277.67,70.34,161.37,0.88,-1,-1,-1
1,9,314.59,268.98,88.22,162.39,0.89,-1,-1,-1
1,10,797.47,285.80,34.21,76.92,0.85,-1,-1,-1
1,11,374.20,268.13,54.37,145.15,0.80,-1,-1,-1
1,12,661.86,263.84,54.91,166.80,0.81,-1,-1,-1
1,13,392.83,261.17,63.89,164.36,0.68,-1,-1,-1
1,14,571.32,255.19,53.11,142.13,0.74,-1,-1,-1
1,15,927.05,289.66,25.21,73.20,0.60,-1,-1,-1
1,16,869.82,286.25,29.71,64.82,0.52,-1,-1,-1
2,1,465.85,212.30,161.34,448.84,0.95,-1,-1,-1
2,2,603.22,262.41,142.82,379.68,0.91,-1,-1,-1
2,3,986.33,286.21,41.45,120.25,0.92,-1,-1,-1
2,4,954.12,282.42,41.41,119.11,0.91,-1,-1,-1
2,5,937.01,293.93,30.61,79.02,0.88,-1,-1,-1
2,6,1011.78,294.47,36.01,107.02,0.88,-1,-1,-1
2,7,749.68,285.10,43.59,80.72,0.87,-1,-1,-1
2,8,690.25,278.53,70.92,161.37,0.90,-1,-1,-1
2,9,313.43,269.23,85.79,162.96,0.89,-1,-1,-1
2,10,797.74,285.25,33.51,77.38,0.85,-1,-1,-1
2,11,371.51,267.17,53.98,146.98,0.82,-1,-1,-1
2,12,662.20,263.59,54.92,167.98,0.81,-1,-1,-1
2,13,388.44,261.35,65.47,167.55,0.61,-1,-1,-1
2,14,571.68,254.76,52.42,141.99,0.76,-1,-1,-1
2,15,927.10,289.10,25.21,74.14,0.63,-1,-1,-1
2,16,870.26,286.76,29.01,64.51,0.68,-1,-1,-1
3,1,465.66,210.41,161.13,443.13,0.95,-1,-1,-1
3,2,606.52,261.98,145.49,382.63,0.92,-1,-1,-1
3,3,986.48,286.42,41.51,120.23,0.92,-1,-1,-1
3,4,954.08,282.38,41.42,118.53,0.92,-1,-1,-1
3,5,937.66,293.27,30.62,79.82,0.88,-1,-1,-1
3,6,1011.76,294.49,36.02,107.26,0.89,-1,-1,-1
3,7,750.06,285.30,41.73,80.94,0.87,-1,-1,-1
3,8,690.66,278.66,71.81,161.28,0.91,-1,-1,-1
3,9,311.69,269.56,82.93,163.06,0.89,-1,-1,-1
3,10,798.17,284.74,32.60,77.48,0.84,-1,-1,-1
3,11,369.28,262.98,55.99,153.39,0.83,-1,-1,-1
3,12,662.33,263.08,55.62,172.99,0.82,-1,-1,-1
3,13,385.13,259.96,66.63,164.74,0.68,-1,-1,-1
3,14,572.54,254.17,51.52,142.22,0.71,-1,-1,-1
3,15,927.75,288.73,25.21,74.73,0.66,-1,-1,-1
3,16,871.40,286.57,28.80,65.07,0.52,-1,-1,-1
4,1,465.39,208.88,160.38,440.00,0.95,-1,-1,-1
4,2,608.64,262.51,145.60,383.72,0.91,-1,-1,-1
4,3,986.49,286.29,41.51,120.51,0.92,-1,-1,-1
4,4,954.05,282.19,41.42,117.99,0.92,-1,-1,-1
4,5,937.18,292.86,30.61,80.06,0.87,-1,-1,-1
4,6,1009.71,294.49,38.68,106.93,0.88,-1,-1,-1
4,7,750.55,285.01,39.84,79.99,0.86,-1,-1,-1
4,8,690.84,278.67,66.78,161.85,0.89,-1,-1,-1
4,9,311.03,269.32,79.71,164.68,0.89,-1,-1,-1
4,10,798.33,284.91,31.65,77.15,0.85,-1,-1,-1
4,11,368.45,260.81,56.96,157.04,0.82,-1,-1,-1
4,12,662.43,262.76,55.83,174.84,0.83,-1,-1,-1
4,13,381.36,258.65,66.28,167.03,0.68,-1,-1,-1
4,14,571.54,254.16,52.58,149.22,0.73,-1,-1,-1
4,15,927.95,287.62,25.21,75.85,0.69,-1,-1,-1
4,16,873.09,286.32,27.39,64.24,0.68,-1,-1,-1
4,17,781.65,284.85,18.90,48.60,0.72,-1,-1,-1
5,1,465.00,207.56,159.51,441.70,0.95,-1,-1,-1
5,2,610.60,264.64,144.90,384.99,0.92,-1,-1,-1
5,3,986.55,286.74,41.49,120.29,0.92,-1,-1,-1
5,4,953.45,282.30,42.71,118.15,0.92,-1,-1,-1
5,5,937.08,292.25,30.61,80.78,0.87,-1,-1,-1
5,6,1009.10,294.67,39.56,106.81,0.88,-1,-1,-1
5,7,751.40,285.08,37.97,78.38,0.86,-1,-1,-1
5,8,690.57,278.34,65.71,162.37,0.90,-1,-1,-1
5,9,305.72,268.92,84.46,166.18,0.90,-1,-1,-1
5,10,798.09,284.99,31.38,77.03,0.86,-1,-1,-1
5,11,366.52,260.30,56.64,158.84,0.83,-1,-1,-1
5,12,663.46,263.17,54.61,171.23,0.83,-1,-1,-1
5,13,379.74,260.82,66.74,169.40,0.69,-1,-1,-1
5,14,572.52,254.96,51.02,147.78,0.71,-1,-1,-1
5,15,928.06,288.70,25.21,73.98,0.61,-1,-1,-1
5,16,873.66,286.24,27.62,63.96,0.75,-1,-1,-1
5,17,781.68,284.71,18.91,48.99,0.80,-1,-1,-1
6,1,464.20,207.36,159.25,443.51,0.95,-1,-1,-1
6,2,609.91,265.11,146.49,386.90,0.91,-1,-1,-1
6,3,986.52,287.22,41.48,120.52,0.92,-1,-1,-1
6,4,953.20,282.20,43.16,118.54,0.92,-1,-1,-1
6,5,936.99,291.59,30.61,81.34,0.87,-1,-1,-1
6,6,1008.84,295.21,39.85,106.75,0.88,-1,-1,-1
6,7,752.94,284.96,36.13,77.83,0.86,-1,-1,-1
6,8,690.76,278.24,64.76,163.16,0.92,-1,-1,-1
6,9,303.54,268.34,83.52,168.24,0.89,-1,-1,-1
6,10,797.96,284.73,30.03,76.98,0.86,-1,-1,-1
6,11,363.99,264.76,56.18,155.92,0.83,-1,-1,-1
6,12,664.09,262.88,54.17,174.23,0.83,-1,-1,-1
6,13,401.63,265.09,52.80,152.65,0.69,-1,-1,-1
6,14,571.87,254.99,51.12,148.37,0.69,-1,-1,-1
6,15,928.67,286.91,25.21,75.81,0.57,-1,-1,-1
6,16,874.41,286.39,27.07,63.23,0.76,-1,-1,-1
6,17,781.67,284.53,19.61,49.42,0.79,-1,-1,-1
7,1,463.02,206.60,159.75,447.08,0.95,-1,-1,-1
7,2,607.14,266.13,150.05,387.16,0.91,-1,-1,-1
7,3,987.07,287.50,41.46,120.59,0.91,-1,-1,-1
7,4,953.07,282.13,43.29,118.98,0.92,-1,-1,-1
7,5,936.29,290.40,31.85,82.75,0.88,-1,-1,-1
7,6,1008.11,295.53,41.13,106.40,0.88,-1,-1,-1
7,7,753.72,285.19,34.94,77.04,0.87,-1,-1,-1
7,8,689.86,277.69,65.74,165.27,0.92,-1,-1,-1
7,9,300.88,267.59,84.42,169.85,0.90,-1,-1,-1
7,10,796.92,284.75,30.23,76.64,0.85,-1,-1,-1
7,11,361.18,262.36,60.34,159.34,0.84,-1,-1,-1
7,12,664.30,263.51,54.00,171.83,0.82,-1,-1,-1
7,13,384.46,261.88,65.91,166.50,0.64,-1,-1,-1
7,14,571.64,256.18,51.15,144.80,0.72,-1,-1,-1
7,15,929.46,286.56,25.20,76.12,0.60,-1,-1,-1
7,16,875.23,286.56,26.26,62.04,0.70,-1,-1,-1
7,17,781.65,284.41,19.84,49.89,0.79,-1,-1,-1
8,1,462.22,207.02,160.63,450.39,0.95,-1,-1,-1
8,2,606.64,266.83,149.55,387.28,0.91,-1,-1,-1
8,3,987.34,288.25,41.46,120.64,0.91,-1,-1,-1
8,4,953.09,282.30,43.34,118.87,0.92,-1,-1,-1
8,5,936.70,289.56,31.09,83.58,0.87,-1,-1,-1
8,6,1007.33,295.68,42.79,106.60,0.88,-1,-1,-1
8,7,754.60,285.31,33.99,76.80,0.87,-1,-1,-1
8,8,689.83,276.92,66.76,167.90,0.92,-1,-1,-1
8,9,298.97,267.08,80.49,170.74,0.89,-1,-1,-1
8,10,796.27,285.12,30.33,75.93,0.84,-1,-1,-1
8,11,358.61,260.81,64.22,162.69,0.85,-1,-1,-1
8,12,665.26,265.80,53.35,165.07,0.82,-1,-1,-1
8,13,376.96,260.77,67.31,169.74,0.38,-1,-1,-1
8,14,572.44,257.89,49.96,138.51,0.79,-1,-1,-1
8,15,930.40,285.13,25.21,78.07,0.64,-1,-1,-1
8,16,876.15,286.66,25.37,61.33,0.68,-1,-1,-1
8,17,781.99,284.42,19.89,50.03,0.74,-1,-1,-1
8,18,21.35,252.00,114.33,354.60,0.81,-1,-1,-1
9,1,460.67,207.68,162.17,452.40,0.95,-1,-1,-1
9,2,605.16,266.47,149.28,385.76,0.91,-1,-1,-1
9,3,987.38,288.54,41.46,120.36,0.91,-1,-1,-1
9,4,953.06,282.39,43.35,119.15,0.92,-1,-1,-1
9,5,936.82,289.45,30.79,83.57,0.87,-1,-1,-1
9,6,1007.01,296.06,43.39,106.68,0.87,-1,-1,-1
9,7,754.50,285.84,33.09,75.82,0.86,-1,-1,-1
9,8,690.08,276.35,67.76,169.15,0.91,-1,-1,-1
9,9,296.31,266.29,77.79,172.24,0.89,-1,-1,-1
9,10,795.38,284.97,30.39,75.36,0.80,-1,-1,-1
9,11,356.44,261.16,65.68,164.48,0.83,-1,-1,-1
9,12,665.85,266.81,53.12,163.48,0.83,-1,-1,-1
9,13,391.45,261.54,58.28,161.92,0.71,-1,-1,-1
9,14,572.68,258.83,49.53,135.27,0.80,-1,-1,-1
9,15,930.69,285.39,25.21,78.17,0.66,-1,-1,-1
9,16,876.70,286.72,25.09,62.02,0.62,-1,-1,-1
9,17,782.06,284.11,19.89,50.71,0.64,-1,-1,-1
9,18,17.90,251.32,116.28,345.50,0.73,-1,-1,-1
10,1,460.58,209.29,163.29,454.64,0.95,-1,-1,-1
10,2,605.60,264.74,146.05,383.79,0.91,-1,-1,-1
10,3,987.96,289.34,41.43,119.29,0.91,-1,-1,-1
10,4,953.03,282.07,43.32,119.51,0.92,-1,-1,-1
10,5,936.85,289.37,30.66,83.51,0.88,-1,-1,-1
10,6,1005.68,296.29,43.57,106.67,0.87,-1,-1,-1
10,7,754.48,285.97,32.84,75.15,0.86,-1,-1,-1
10,8,690.25,275.79,69.94,170.11,0.90,-1,-1,-1
10,9,291.32,265.35,81.51,172.99,0.89,-1,-1,-1
10,10,794.49,285.32,29.80,74.52,0.83,-1,-1,-1
10,11,354.86,261.43,65.87,165.30,0.82,-1,-1,-1
10,12,667.04,267.58,52.41,157.96,0.82,-1,-1,-1
10,13,396.52,260.25,54.82,162.80,0.68,-1,-1,-1
10,14,572.57,259.71,48.76,131.63,0.80,-1,-1,-1
10,15,930.76,285.76,25.20,77.55,0.65,-1,-1,-1
10,16,877.18,286.83,24.38,61.66,0.57,-1,-1,-1
10,17,781.80,284.43,19.88,50.29,0.64,-1,-1,-1
10,18,11.07,249.06,125.92,345.08,0.52,-1,-1,-1
11,1,460.91,210.84,164.34,456.95,0.95,-1,-1,-1
11,2,604.58,263.18,143.00,385.42,0.91,-1,-1,-1
11,3,988.21,289.59,41.44,118.89,0.90,-1,-1,-1
11,4,953.06,282.38,43.31,119.33,0.92,-1,-1,-1
11,5,936.90,289.49,30.62,83.46,0.88,-1,-1,-1
11,6,1005.82,296.19,42.42,106.96,0.86,-1,-1,-1
11,7,754.80,286.00,32.18,74.32,0.85,-1,-1,-1
11,8,692.44,274.84,68.98,162.03,0.89,-1,-1,-1
11,9,288.91,264.45,78.04,175.02,0.88,-1,-1,-1
11,10,794.23,285.75,28.99,74.22,0.83,-1,-1,-1
11,11,353.50,261.74,64.42,166.12,0.76,-1,-1,-1
11,12,669.03,268.46,49.73,148.55,0.82,-1,-1,-1
11,13,398.10,259.36,51.81,162.50,0.32,-1,-1,-1
11,14,573.48,260.17,47.28,126.65,0.77,-1,-1,-1
11,15,930.81,286.35,25.20,76.38,0.66,-1,-1,-1
11,16,877.35,286.86,24.78,62.15,0.61,-1,-1,-1
11,17,781.43,284.54,19.87,50.11,0.68,-1,-1,-1
11,18,4.42,248.36,134.10,327.92,0.17,-1,-1,-1
12,1,460.44,212.05,167.12,458.38,0.95,-1,-1,-1
12,2,608.13,262.32,134.56,381.80,0.91,-1,-1,-1
12,3,988.27,289.68,41.43,118.75,0.90,-1,-1,-1
12,4,953.65,282.51,43.30,119.27,0.92,-1,-1,-1
12,5,936.89,289.71,30.61,83.13,0.88,-1,-1,-1
12,6,1005.88,296.01,41.94,107.06,0.86,-1,-1,-1
12,7,755.17,286.33,32.00,72.21,0.86,-1,-1,-1
12,8,694.76,274.35,67.99,170.20,0.91,-1,-1,-1
12,9,286.29,263.84,77.95,174.84,0.87,-1,-1,-1
12,10,793.51,285.77,29.33,73.52,0.82,-1,-1,-1
12,11,351.25,260.70,65.00,170.23,0.82,-1,-1,-1
12,12,669.70,268.45,50.00,151.47,0.79,-1,-1,-1
12,13,398.61,260.87,52.69,161.49,0.36,-1,-1,-1
12,14,575.01,260.79,44.91,119.96,0.79,-1,-1,-1
12,15,930.78,286.30,25.20,76.22,0.68,-1,-1,-1
12,16,877.36,286.73,24.93,63.54,0.69,-1,-1,-1
12,17,781.27,284.60,19.86,50.04,0.71,-1,-1,-1
12,18,10.54,246.14,127.82,333.09,0.40,-1,-1,-1
13,1,460.23,213.06,169.58,459.71,0.95,-1,-1,-1
13,2,607.47,260.01,129.63,377.73,0.91,-1,-1,-1
13,3,988.96,289.54,41.45,118.46,0.90,-1,-1,-1
13,4,953.93,282.84,43.31,118.70,0.92,-1,-1,-1
13,5,936.34,289.80,30.62,83.03,0.88,-1,-1,-1
13,6,1006.61,295.62,40.56,106.25,0.87,-1,-1,-1
13,7,755.25,286.59,31.38,70.89,0.84,-1,-1,-1
13,8,696.44,272.84,67.67,176.14,0.91,-1,-1,-1
13,9,282.58,263.17,77.38,175.11,0.87,-1,-1,-1
13,10,792.64,286.07,29.49,73.31,0.82,-1,-1,-1
13,11,348.45,260.74,65.81,172.10,0.80,-1,-1,-1
13,12,670.14,268.27,51.35,157.77,0.79,-1,-1,-1
13,13,398.25,262.17,52.73,160.30,0.42,-1,-1,-1
13,14,576.05,260.80,43.49,115.54,0.75,-1,-1,-1
13,15,930.80,285.68,25.22,75.59,0.51,-1,-1,-1
13,16,877.36,286.81,25.02,63.50,0.56,-1,-1,-1
13,17,781.19,284.30,19.25,50.34,0.68,-1,-1,-1
13,18,15.55,243.84,120.77,339.89,0.46,-1,-1,-1
14,1,463.61,213.61,168.44,459.67,0.96,-1,-1,-1
14,2,609.58,258.09,121.66,372.16,0.91,-1,-1,-1
14,3,989.13,288.83,41.43,117.97,0.89,-1,-1,-1
14,4,954.59,282.94,43.28,118.39,0.91,-1,-1,-1
14,5,936.10,289.66,30.60,83.22,0.88,-1,-1,-1
14,6,1007.42,294.98,39.99,106.46,0.87,-1,-1,-1
14,7,755.97,286.49,29.94,68.86,0.80,-1,-1,-1
14,8,698.39,272.68,67.50,181.49,0.92,-1,-1,-1
14,9,280.25,262.92,75.93,178.91,0.86,-1,-1,-1
14,10,791.80,286.44,29.53,73.49,0.76,-1,-1,-1
14,11,345.79,259.44,69.00,174.38,0.78,-1,-1,-1
14,12,670.44,266.82,53.63,172.85,0.81,-1,-1,-1
14,13,396.31,262.95,52.45,159.44,0.31,-1,-1,-1
14,14,576.93,261.39,42.37,111.84,0.69,-1,-1,-1
14,15,931.37,284.97,25.21,76.20,0.50,-1,-1,-1
14,16,877.35,286.51,25.65,65.24,0.71,-1,-1,-1
14,17,781.54,284.46,18.39,50.10,0.69,-1,-1,-1
14,18,24.19,238.53,111.67,346.05,0.15,-1,-1,-1
15,1,466.11,214.27,168.09,460.10,0.96,-1,-1,-1
15,2,610.45,256.08,116.45,370.53,0.91,-1,-1,-1
15,3,989.27,288.77,41.45,116.38,0.88,-1,-1,-1
15,4,955.49,283.18,43.29,118.07,0.91,-1,-1,-1
15,5,936.66,289.82,30.62,83.04,0.88,-1,-1,-1
15,6,1007.23,294.66,39.80,106.62,0.87,-1,-1,-1
15,7,755.50,286.35,29.49,72.21,0.79,-1,-1,-1
15,8,699.87,273.72,68.70,180.41,0.93,-1,-1,-1
15,9,276.51,263.48,75.18,183.10,0.78,-1,-1,-1
15,10,791.15,286.64,29.58,73.02,0.82,-1,-1,-1
15,11,342.99,257.09,69.95,176.19,0.75,-1,-1,-1
15,12,670.68,265.75,55.12,178.61,0.84,-1,-1,-1
15,13,393.87,263.12,52.41,161.06,0.10,-1,-1,-1
15,14,578.26,262.09,40.18,107.62,0.69,-1,-1,-1
15,15,931.61,284.32,25.22,76.17,0.40,-1,-1,-1
15,16,877.33,286.60,26.51,66.23,0.75,-1,-1,-1
15,17,781.61,284.73,18.09,50.04,0.66,-1,-1,-1
16,1,467.56,214.16,168.36,458.51,0.96,-1,-1,-1
16,2,612.09,254.56,110.88,371.44,0.91,-1,-1,-1
16,3,988.61,288.43,42.61,117.24,0.89,-1,-1,-1
16,4,956.95,283.10,42.05,118.19,0.91,-1,-1,-1
16,5,936.80,290.03,30.60,82.92,0.88,-1,-1,-1
16,6,1007.65,293.93,39.69,107.22,0.86,-1,-1,-1
16,7,755.04,286.26,29.34,74.87,0.82,-1,-1,-1
16,8,702.24,274.55,67.89,179.79,0.93,-1,-1,-1
16,9,275.24,263.90,71.53,181.91,0.83,-1,-1,-1
16,10,790.64,286.52,29.58,74.03,0.84,-1,-1,-1
16,11,340.06,255.08,70.20,177.01,0.84,-1,-1,-1
16,12,671.12,264.68,55.63,180.46,0.86,-1,-1,-1
16,13,392.45,262.35,52.37,161.59,0.22,-1,-1,-1
16,14,579.15,262.41,39.41,104.66,0.68,-1,-1,-1
16,15,931.63,284.38,24.00,74.92,0.37,-1,-1,-1
16,16,877.57,286.61,26.81,66.27,0.78,-1,-1,-1
16,17,781.96,284.95,17.35,49.99,0.66,-1,-1,-1
17,1,468.89,213.47,169.07,456.20,0.96,-1,-1,-1
17,2,613.84,253.70,106.56,372.22,0.92,-1,-1,-1
17,3,989.58,288.15,41.86,117.30,0.89,-1,-1,-1
17,4,957.51,283.07,41.59,117.67,0.91,-1,-1,-1
17,5,936.87,290.70,30.59,82.30,0.88,-1,-1,-1
17,6,1007.25,293.21,39.65,107.48,0.87,-1,-1,-1
17,7,754.84,286.50,28.71,75.91,0.82,-1,-1,-1
17,8,702.76,275.16,68.19,180.14,0.93,-1,-1,-1
17,9,269.86,264.95,76.10,173.99,0.83,-1,-1,-1
17,10,789.86,286.91,29.00,75.32,0.81,-1,-1,-1
17,11,334.62,253.13,73.21,178.77,0.80,-1,-1,-1
17,12,670.93,263.22,57.60,179.68,0.86,-1,-1,-1
17,13,391.07,261.58,53.29,162.14,0.47,-1,-1,-1
17,14,580.30,262.49,37.95,99.43,0.66,-1,-1,-1
17,15,932.24,285.01,23.54,74.16,0.34,-1,-1,-1
17,16,877.65,286.61,26.93,67.18,0.74,-1,-1,-1
17,17,781.76,285.02,17.72,49.68,0.57,-1,-1,-1
17,19,216.90,278.77,34.65,83.25,0.73,-1,-1,-1
18,1,471.54,212.02,167.51,456.39,0.95,-1,-1,-1
18,2,614.76,253.41,104.58,373.35,0.93,-1,-1,-1
18,3,989.90,287.71,41.57,118.21,0.90,-1,-1,-1
18,4,958.87,283.02,40.21,117.45,0.91,-1,-1,-1
18,5,936.87,290.63,30.59,82.33,0.88,-1,-1,-1
18,6,1008.26,292.61,38.42,108.14,0.87,-1,-1,-1
18,7,755.08,286.43,27.90,73.33,0.83,-1,-1,-1
18,8,702.93,274.63,68.30,182.54,0.93,-1,-1,-1
18,9,267.82,265.22,73.53,166.91,0.86,-1,-1,-1
18,10,789.29,287.62,28.18,71.93,0.80,-1,-1,-1
18,11,333.16,251.98,73.45,182.87,0.79,-1,-1,-1
18,12,672.91,262.50,57.16,176.00,0.85,-1,-1,-1
18,13,388.72,261.28,55.44,163.80,0.66,-1,-1,-1
18,14,582.28,262.48,35.61,93.94,0.63,-1,-1,-1
18,15,932.42,285.69,23.38,73.56,0.30,-1,-1,-1
18,16,877.95,286.58,26.38,66.61,0.58,-1,-1,-1
18,17,781.39,285.17,17.85,49.25,0.58,-1,-1,-1
18,19,215.66,278.78,35.84,84.73,0.70,-1,-1,-1
19,1,473.62,210.27,166.35,455.96,0.95,-1,-1,-1
19,2,615.31,252.89,102.81,375.53,0.92,-1,-1,-1
19,3,990.04,287.25,41.46,118.87,0.90,-1,-1,-1
19,4,959.39,282.56,39.71,116.80,0.91,-1,-1,-1
19,5,936.88,290.76,30.59,82.06,0.88,-1,-1,-1
19,6,1009.29,292.40,37.97,108.11,0.87,-1,-1,-1
19,7,754.52,286.10,28.27,76.58,0.81,-1,-1,-1
19,8,705.02,274.30,70.15,184.34,0.91,-1,-1,-1
19,9,264.96,265.03,74.10,170.42,0.83,-1,-1,-1
19,10,788.78,288.05,27.28,70.95,0.80,-1,-1,-1
19,11,331.26,251.58,71.74,184.11,0.73,-1,-1,-1
19,12,673.92,261.95,58.17,179.63,0.81,-1,-1,-1
19,13,387.46,259.69,55.38,165.95,0.32,-1,-1,-1
19,14,583.83,262.31,32.95,90.96,0.56,-1,-1,-1
19,15,932.50,286.10,23.33,73.66,0.25,-1,-1,-1
19,16,878.35,286.88,26.18,65.79,0.66,-1,-1,-1
19,17,781.24,284.78,18.51,49.70,0.46,-1,-1,-1
19,19,214.92,279.14,36.42,84.34,0.71,-1,-1,-1
20,1,474.80,208.44,166.50,456.34,0.95,-1,-1,-1
20,2,615.26,252.89,101.70,377.38,0.92,-1,-1,-1
20,3,989.57,286.93,42.62,119.12,0.90,-1,-1,-1
20,4,959.64,282.24,39.54,116.25,0.91,-1,-1,-1
20,5,937.58,291.57,30.60,81.05,0.88,-1,-1,-1
20,6,1010.96,292.48,36.60,107.48,0.88,-1,-1,-1
20,7,754.72,285.69,27.81,78.93,0.70,-1,-1,-1
20,8,705.88,273.15,71.44,186.72,0.91,-1,-1,-1
20,9,262.95,264.54,71.31,172.27,0.83,-1,-1,-1
20,10,788.42,287.45,26.97,69.69,0.81,-1,-1,-1
20,11,329.30,251.79,70.43,181.54,0.82,-1,-1,-1
20,12,674.39,261.02,59.13,180.64,0.80,-1,-1,-1
20,13,385.65,257.48,55.95,170.60,0.46,-1,-1,-1
20,14,585.70,261.93,31.47,88.51,0.53,-1,-1,-1
20,15,933.21,285.81,23.32,73.40,0.15,-1,-1,-1
20,16,879.48,286.84,25.50,65.77,0.65,-1,-1,-1
20,17,781.29,284.34,18.76,50.17,0.38,-1,-1,-1
20,19,214.62,279.44,36.78,86.28,0.74,-1,-1,-1
21,1,475.95,207.52,166.61,453.25,0.95,-1,-1,-1
21,2,614.78,252.82,101.47,380.07,0.92,-1,-1,-1
21,3,989.92,286.84,43.07,119.22,0.90,-1,-1,-1
21,4,959.64,281.99,39.50,116.07,0.91,-1,-1,-1
21,5,937.76,292.20,30.61,80.38,0.88,-1,-1,-1
21,6,1010.90,292.10,37.33,106.96,0.88,-1,-1,-1
21,7,755.91,285.73,25.85,70.44,0.53,-1,-1,-1
21,8,706.35,272.18,72.54,188.78,0.92,-1,-1,-1
21,9,257.29,264.45,74.89,176.57,0.84,-1,-1,-1
21,10,787.61,287.41,26.88,68.34,0.79,-1,-1,-1
21,11,326.84,251.69,69.63,181.07,0.80,-1,-1,-1
21,12,674.72,260.14,60.10,181.88,0.81,-1,-1,-1
21,13,383.06,257.62,57.08,173.24,0.36,-1,-1,-1
21,14,585.53,261.37,31.68,89.08,0.46,-1,-1,-1
21,15,933.98,284.53,23.34,71.81,0.17,-1,-1,-1
21,16,880.71,286.87,24.66,65.17,0.52,-1,-1,-1
21,17,781.21,284.67,18.27,49.75,0.37,-1,-1,-1
21,19,214.02,279.59,36.97,86.56,0.71,-1,-1,-1
22,1,477.05,206.83,166.58,446.10,0.95,-1,-1,-1
22,2,614.35,253.58,101.45,382.07,0.92,-1,-1,-1
22,3,990.05,286.85,43.22,119.24,0.91,-1,-1,-1
22,4,959.64,282.09,39.48,115.99,0.91,-1,-1,-1
22,5,937.84,293.22,30.60,78.93,0.89,-1,-1,-1
22,6,1010.87,292.45,37.59,106.74,0.87,-1,-1,-1
22,7,755.14,285.77,26.41,70.40,0.44,-1,-1,-1
22,8,707.14,270.81,74.10,190.51,0.92,-1,-1,-1
22,9,253.97,263.22,75.56,182.89,0.77,-1,-1,-1
22,10,787.07,286.96,27.45,67.86,0.82,-1,-1,-1
22,11,324.64,251.68,68.98,180.81,0.79,-1,-1,-1
22,12,674.89,259.69,61.01,182.87,0.82,-1,-1,-1
22,13,382.08,257.98,57.19,174.49,0.24,-1,-1,-1
22,14,585.20,261.34,31.78,90.61,0.21,-1,-1,-1
22,15,935.48,283.19,23.34,71.22,0.18,-1,-1,-1
22,16,883.00,287.06,23.13,62.53,0.41,-1,-1,-1
22,17,781.22,283.62,19.89,50.78,0.16,-1,-1,-1
22,19,214.15,279.27,36.68,88.55,0.70,-1,-1,-1
23,1,477.92,206.25,166.03,441.76,0.95,-1,-1,-1
23,2,613.19,255.26,102.18,383.32,0.93,-1,-1,-1
23,3,990.68,286.87,43.28,119.27,0.91,-1,-1,-1
23,4,960.21,282.00,39.50,116.59,0.91,-1,-1,-1
23,5,937.26,293.31,31.80,78.70,0.88,-1,-1,-1
23,6,1010.85,293.06,37.70,106.68,0.86,-1,-1,-1
23,7,756.35,287.02,24.18,65.27,0.40,-1,-1,-1
23,8,709.11,269.00,74.71,193.06,0.92,-1,-1,-1
23,9,250.76,263.26,76.45,187.64,0.82,-1,-1,-1
23,10,786.25,287.43,28.28,66.81,0.78,-1,-1,-1
23,11,322.15,251.46,71.73,184.56,0.80,-1,-1,-1
23,12,676.34,259.57,60.19,183.22,0.82,-1,-1,-1
23,14,584.06,260.75,33.10,95.83,0.18,-1,-1,-1
23,15,935.41,282.57,23.35,71.92,0.16,-1,-1,-1
23,16,885.03,287.30,21.34,59.11,0.30,-1,-1,-1
23,17,781.48,283.71,20.47,50.28,0.11,-1,-1,-1
23,19,213.64,278.74,36.89,89.23,0.70,-1,-1,-1
24,1,477.52,205.98,166.51,441.63,0.95,-1,-1,-1
24,2,612.70,257.33,101.99,383.99,0.92,-1,-1,-1
24,3,990.36,287.66,44.51,119.30,0.91,-1,-1,-1
24,4,960.45,281.85,39.54,117.74,0.91,-1,-1,-1
24,5,937.07,293.53,32.27,78.65,0.87,-1,-1,-1
24,6,1011.48,293.92,37.77,106.08,0.87,-1,-1,-1
24,7,758.68,287.86,21.51,57.16,0.22,-1,-1,-1
24,8,711.28,268.54,74.38,194.16,0.93,-1,-1,-1
24,9,247.60,261.95,78.02,195.92,0.84,-1,-1,-1
24,10,785.07,287.65,29.21,67.37,0.78,-1,-1,-1
24,11,320.26,252.40,73.08,187.74,0.69,-1,-1,-1
24,12,676.24,260.20,61.07,183.94,0.83,-1,-1,-1
24,15,934.79,283.13,24.57,71.92,0.17,-1,-1,-1
24,16,885.73,287.42,20.74,57.26,0.33,-1,-1,-1
24,19,213.35,278.50,36.67,90.37,0.73,-1,-1,-1
24,20,983.70,286.20,27.00,94.95,0.74,-1,-1,-1
25,1,477.48,205.21,167.14,444.21,0.95,-1,-1,-1
25,2,611.37,258.99,103.10,384.94,0.90,-1,-1,-1
25,3,990.70,288.27,43.76,118.36,0.92,-1,-1,-1
25,4,960.41,282.26,39.53,117.83,0.92,-1,-1,-1
25,5,936.90,294.05,31.24,78.00,0.88,-1,-1,-1
25,6,1011.57,295.31,37.77,105.80,0.88,-1,-1,-1
25,8,712.68,268.67,74.75,195.01,0.93,-1,-1,-1
25,9,242.18,261.38,82.70,197.80,0.83,-1,-1,-1
25,10,783.44,288.02,29.54,66.06,0.78,-1,-1,-1
25,11,318.98,249.93,75.28,195.60,0.64,-1,-1,-1
25,12,675.04,260.58,63.11,187.64,0.85,-1,-1,-1
25,15,934.46,283.82,25.00,73.68,0.45,-1,-1,-1
25,16,887.12,287.47,19.91,57.83,0.68,-1,-1,-1
25,19,213.23,278.79,36.86,91.62,0.59,-1,-1,-1
25,20,984.52,286.10,27.02,95.71,0.64,-1,-1,-1
26,1,477.65,205.65,166.85,445.19,0.95,-1,-1,-1
26,2,609.93,259.74,101.81,387.32,0.91,-1,-1,-1
26,3,990.90,288.77,43.47,118.03,0.92,-1,-1,-1
26,4,960.45,282.38,39.54,117.89,0.92,-1,-1,-1
26,5,937.49,294.21,30.84,77.19,0.87,-1,-1,-1
26,6,1011.68,295.94,37.79,106.03,0.88,-1,-1,-1
26,8,713.75,268.71,76.69,196.23,0.93,-1,-1,-1
26,9,238.45,260.72,90.00,199.96,0.85,-1,-1,-1
26,10,782.56,287.37,29.68,66.52,0.63,-1,-1,-1
26,11,316.37,248.99,79.35,198.60,0.68,-1,-1,-1
26,12,674.84,260.71,63.89,188.76,0.83,-1,-1,-1
26,15,933.79,284.20,25.18,72.88,0.28,-1,-1,-1
26,16,886.98,287.30,20.28,57.47,0.30,-1,-1,-1
26,19,212.59,278.75,36.63,91.77,0.69,-1,-1,-1
26,20,984.05,285.90,28.43,97.28,0.65,-1,-1,-1
26,21,1161.00,298.35,147.60,241.65,0.84,-1,-1,-1
27,1,477.14,206.65,167.30,448.02,0.95,-1,-1,-1
27,2,608.53,260.45,101.35,388.31,0.91,-1,-1,-1
27,3,991.57,289.41,42.15,117.91,0.92,-1,-1,-1
27,4,959.86,282.58,40.75,118.21,0.92,-1,-1,-1
27,5,937.12,293.97,31.89,77.80,0.87,-1,-1,-1
27,6,1012.31,296.63,37.79,105.52,0.88,-1,-1,-1
27,8,714.45,269.19,79.16,197.06,0.93,-1,-1,-1
27,9,234.73,260.47,95.94,200.99,0.85,-1,-1,-1
27,10,780.79,286.68,30.31,68.51,0.49,-1,-1,-1
27,11,317.09,246.73,81.46,204.35,0.72,-1,-1,-1
27,12,675.66,261.07,64.16,194.14,0.84,-1,-1,-1
27,15,934.12,284.21,25.24,71.97,0.18,-1,-1,-1
27,16,887.23,287.24,20.41,58.57,0.22,-1,-1,-1
27,19,212.30,278.72,36.54,90.88,0.65,-1,-1,-1
27,20,983.83,286.51,28.89,98.46,0.72,-1,-1,-1
27,21,1150.46,298.95,154.92,240.52,0.86,-1,-1,-1
28,1,476.02,208.06,168.66,450.73,0.95,-1,-1,-1
28,2,605.59,260.23,103.05,385.52,0.90,-1,-1,-1
28,3,991.79,289.61,41.65,118.46,0.92,-1,-1,-1
28,4,960.20,283.52,40.02,117.42,0.92,-1,-1,-1
28,5,936.96,293.83,32.27,78.04,0.87,-1,-1,-1
28,6,1013.71,296.10,36.60,105.92,0.88,-1,-1,-1
28,8,714.65,269.50,81.25,198.34,0.93,-1,-1,-1
28,9,231.34,260.22,94.58,208.04,0.85,-1,-1,-1
28,10,780.42,286.99,29.97,68.07,0.45,-1,-1,-1
28,11,318.03,247.04,79.64,208.50,0.57,-1,-1,-1
28,12,677.71,261.63,63.06,194.95,0.84,-1,-1,-1
28,15,934.81,284.78,25.26,73.13,0.29,-1,-1,-1
28,16,886.05,287.33,22.31,61.39,0.19,-1,-1,-1
28,19,211.75,278.23,36.50,92.31,0.60,-1,-1,-1
28,20,983.05,286.83,28.99,98.11,0.72,-1,-1,-1
28,21,1154.65,297.48,141.33,243.27,0.80,-1,-1,-1
28,22,1125.90,305.55,118.80,202.05,0.71,-1,-1,-1
29,1,474.75,209.51,170.33,452.97,0.94,-1,-1,-1
29,2,603.39,259.71,104.28,383.40,0.90,-1,-1,-1
29,3,991.93,290.17,41.46,118.37,0.91,-1,-1,-1
29,4,960.39,284.36,39.72,116.83,0.92,-1,-1,-1
29,5,936.97,293.37,32.41,77.84,0.87,-1,-1,-1
29,6,1014.29,295.93,36.14,106.08,0.88,-1,-1,-1
29,8,714.18,269.81,83.78,200.41,0.92,-1,-1,-1
29,9,228.19,260.86,95.96,208.49,0.85,-1,-1,-1
29,10,780.39,287.44,29.82,65.81,0.26,-1,-1,-1
29,11,314.58,247.76,81.20,211.20,0.77,-1,-1,-1
29,12,678.55,262.75,63.19,193.43,0.84,-1,-1,-1
29,15,935.72,284.89,25.26,70.89,0.18,-1,-1,-1
29,16,886.57,287.55,22.99,61.57,0.17,-1,-1,-1
29,19,210.64,277.00,37.61,97.90,0.32,-1,-1,-1
29,20,983.50,287.14,28.99,96.31,0.72,-1,-1,-1
29,21,1153.02,299.46,126.33,231.22,0.85,-1,-1,-1
29,22,1118.97,305.27,111.70,198.92,0.78,-1,-1,-1
30,1,473.78,211.82,171.02,453.34,0.95,-1,-1,-1
30,2,601.55,258.75,105.41,379.55,0.89,-1,-1,-1
30,3,992.55,290.35,40.21,118.08,0.91,-1,-1,-1
30,4,960.42,284.65,39.64,116.94,0.92,-1,-1,-1
30,5,936.93,293.47,31.29,78.39,0.87,-1,-1,-1
30,6,1014.47,295.54,37.20,107.37,0.88,-1,-1,-1
30,8,716.46,270.07,83.60,203.12,0.92,-1,-1,-1
30,9,224.91,263.34,88.33,203.44,0.85,-1,-1,-1
30,10,780.32,286.99,29.77,65.90,0.30,-1,-1,-1
30,11,309.28,247.77,84.15,213.96,0.85,-1,-1,-1
30,12,678.42,263.02,63.26,195.50,0.83,-1,-1,-1
30,15,936.61,284.76,24.07,68.84,0.20,-1,-1,-1
30,16,885.51,287.17,24.45,64.03,0.20,-1,-1,-1
30,20,983.01,287.21,28.97,94.72,0.70,-1,-1,-1
30,21,1141.54,299.57,118.42,221.62,0.87,-1,-1,-1
30,22,1111.26,304.86,107.50,194.18,0.72,-1,-1,-1
30,23,638.10,255.15,73.80,204.30,0.72,-1,-1,-1
31,1,472.22,212.81,173.01,454.51,0.94,-1,-1,-1
31,2,599.69,258.51,110.00,373.16,0.91,-1,-1,-1
31,3,992.14,290.11,39.73,118.56,0.91,-1,-1,-1
31,4,959.80,285.50,39.59,116.39,0.92,-1,-1,-1
31,5,936.90,293.50,30.84,78.31,0.88,-1,-1,-1
31,6,1015.10,295.70,37.59,105.48,0.89,-1,-1,-1
31,8,718.20,270.75,83.46,204.39,0.92,-1,-1,-1
31,9,220.48,265.45,87.66,207.35,0.84,-1,-1,-1
31,10,780.02,286.51,29.16,72.56,0.65,-1,-1,-1
31,11,305.27,248.93,85.23,216.09,0.78,-1,-1,-1
31,12,679.24,262.37,62.65,195.35,0.82,-1,-1,-1
31,15,936.92,285.17,23.61,68.10,0.26,-1,-1,-1
31,16,885.37,287.17,25.00,64.07,0.11,-1,-1,-1
31,20,983.44,287.54,27.70,93.53,0.71,-1,-1,-1
31,21,1125.88,296.56,122.25,217.89,0.87,-1,-1,-1
31,22,1096.39,304.52,106.11,192.72,0.68,-1,-1,-1
31,23,637.60,256.32,76.76,208.78,0.79,-1,-1,-1
32,1,472.33,212.45,173.05,455.45,0.95,-1,-1,-1
32,2,597.04,256.49,121.05,370.72,0.88,-1,-1,-1
32,3,991.97,289.80,39.54,118.43,0.91,-1,-1,-1
32,4,959.56,285.45,40.76,116.47,0.92,-1,-1,-1
32,5,936.88,293.14,30.66,78.87,0.88,-1,-1,-1
32,6,1015.30,295.54,37.71,105.33,0.89,-1,-1,-1
32,8,717.98,271.36,85.09,205.82,0.93,-1,-1,-1
32,9,218.59,267.09,85.49,202.39,0.80,-1,-1,-1
32,10,779.36,286.25,28.90,71.79,0.18,-1,-1,-1
32,11,299.83,249.23,86.13,216.77,0.81,-1,-1,-1
32,12,680.48,261.86,61.77,195.49,0.82,-1,-1,-1
32,15,937.02,285.10,23.43,68.13,0.16,-1,-1,-1
32,16,887.94,287.25,24.61,64.95,0.46,-1,-1,-1
32,20,983.59,287.44,27.20,93.74,0.64,-1,-1,-1
32,21,1110.24,295.57,118.25,212.34,0.85,-1,-1,-1
32,22,1083.97,304.05,100.24,187.25,0.42,-1,-1,-1
32,23,640.26,257.54,75.95,208.96,0.80,-1,-1,-1
33,1,472.64,212.63,172.43,455.49,0.95,-1,-1,-1
33,2,594.86,255.03,125.77,369.99,0.91,-1,-1,-1
33,3,991.24,289.42,39.48,118.68,0.92,-1,-1,-1
33,4,958.82,285.30,41.18,116.20,0.92,-1,-1,-1
33,5,936.23,293.04,31.79,79.38,0.88,-1,-1,-1
33,6,1015.91,295.36,37.76,104.98,0.88,-1,-1,-1
33,8,717.53,272.66,87.44,207.34,0.92,-1,-1,-1
33,9,217.79,267.29,81.86,202.61,0.82,-1,-1,-1
33,11,294.28,249.98,89.95,217.22,0.86,-1,-1,-1
33,12,681.48,261.70,62.02,196.98,0.82,-1,-1,-1
33,15,936.39,285.25,24.57,71.18,0.20,-1,-1,-1
33,16,889.77,287.31,24.45,64.98,0.31,-1,-1,-1
33,20,982.36,287.58,28.26,93.84,0.58,-1,-1,-1
33,21,1096.82,295.78,114.62,205.73,0.86,-1,-1,-1
33,22,1067.67,303.94,101.25,183.61,0.64,-1,-1,-1
33,23,641.56,258.82,76.33,209.12,0.82,-1,-1,-1
34,1,473.75,211.84,171.06,455.04,0.94,-1,-1,-1
34,2,592.68,253.45,132.89,371.02,0.90,-1,-1,-1
34,3,990.99,289.02,39.48,119.04,0.92,-1,-1,-1
34,4,958.56,284.85,40.18,116.66,0.92,-1,-1,-1
34,5,935.42,292.62,32.22,79.85,0.88,-1,-1,-1
34,6,1016.14,294.59,38.99,105.42,0.89,-1,-1,-1
34,8,716.52,273.43,90.09,207.79,0.92,-1,-1,-1
34,9,215.15,268.20,76.65,203.32,0.81,-1,-1,-1
34,11,290.93,250.07,89.67,218.70,0.83,-1,-1,-1
34,12,682.20,260.44,62.74,195.67,0.83,-1,-1,-1
34,15,936.18,285.08,25.00,71.99,0.20,-1,-1,-1
34,16,891.67,287.41,23.80,65.25,0.42,-1,-1,-1
34,20,981.34,287.68,28.66,94.78,0.64,-1,-1,-1
34,21,1082.48,295.62,111.09,199.05,0.86,-1,-1,-1
34,22,1060.30,302.69,93.91,178.44,0.25,-1,-1,-1
34,23,643.32,259.34,77.16,210.95,0.82,-1,-1,-1
35,1,475.71,210.02,168.56,455.59,0.95,-1,-1,-1
35,2,591.02,252.00,141.79,373.66,0.89,-1,-1,-1
35,3,990.83,288.42,39.45,119.76,0.92,-1,-1,-1
35,4,958.41,284.21,39.75,117.14,0.92,-1,-1,-1
35,5,935.06,292.73,32.35,79.72,0.88,-1,-1,-1
35,6,1016.73,294.31,38.22,105.29,0.88,-1,-1,-1
35,8,716.37,274.06,91.00,208.64,0.93,-1,-1,-1
35,9,213.25,267.08,75.36,204.74,0.72,-1,-1,-1
35,11,288.92,248.55,90.87,221.68,0.52,-1,-1,-1
35,12,682.74,259.56,62.93,192.13,0.82,-1,-1,-1
35,15,936.03,284.84,25.14,74.08,0.24,-1,-1,-1
35,16,892.31,287.26,23.52,65.64,0.39,-1,-1,-1
35,20,981.50,288.17,27.57,93.92,0.67,-1,-1,-1
35,21,1070.37,294.66,111.33,196.07,0.88,-1,-1,-1
35,23,645.78,259.04,76.06,214.78,0.83,-1,-1,-1
36,1,477.04,207.40,166.41,458.96,0.94,-1,-1,-1
36,2,589.84,251.04,145.80,376.65,0.91,-1,-1,-1
36,3,990.81,287.77,40.65,120.34,0.91,-1,-1,-1
36,4,958.39,283.54,39.59,116.73,0.92,-1,-1,-1
36,5,934.97,292.05,32.40,80.58,0.88,-1,-1,-1
36,6,1018.18,293.78,36.73,105.55,0.88,-1,-1,-1
36,8,716.60,273.72,91.89,210.41,0.93,-1,-1,-1
36,9,213.88,266.34,72.49,204.37,0.77,-1,-1,-1
36,11,286.48,248.12,91.58,224.38,0.75,-1,-1,-1
36,12,682.63,258.51,65.38,193.17,0.80,-1,-1,-1
36,15,936.01,284.77,25.19,71.93,0.16,-1,-1,-1
36,16,894.95,287.22,21.62,61.63,0.20,-1,-1,-1
36,20,981.02,288.36,27.14,93.61,0.65,-1,-1,-1
36,21,1044.79,294.22,121.56,192.01,0.85,-1,-1,-1
36,23,648.49,259.39,75.67,211.52,0.84,-1,-1,-1
37,1,478.35,205.11,163.87,459.53,0.94,-1,-1,-1
37,2,587.06,250.14,150.80,378.73,0.91,-1,-1,-1
37,3,990.21,287.24,41.11,119.09,0.91,-1,-1,-1
37,4,958.39,283.30,39.55,116.59,0.92,-1,-1,-1
37,5,934.34,291.66,32.42,80.90,0.88,-1,-1,-1
37,6,1019.32,293.14,36.18,105.67,0.83,-1,-1,-1
37,8,718.10,272.87,91.63,212.97,0.93,-1,-1,-1
37,9,211.83,266.41,74.14,204.51,0.66,-1,-1,-1
37,11,282.90,247.13,93.89,226.24,0.63,-1,-1,-1
37,12,682.53,257.40,67.48,198.63,0.80,-1,-1,-1
37,15,935.39,284.46,25.21,67.79,0.13,-1,-1,-1
37,16,896.52,287.38,20.29,57.03,0.18,-1,-1,-1
37,20,981.46,288.14,27.00,94.13,0.64,-1,-1,-1
37,21,1043.72,295.49,112.07,183.82,0.88,-1,-1,-1
37,23,648.37,257.16,78.07,218.89,0.83,-1,-1,-1
38,1,478.56,203.08,162.33,459.09,0.94,-1,-1,-1
38,2,586.34,250.43,153.24,379.50,0.90,-1,-1,-1
38,3,990.60,287.35,40.10,118.30,0.91,-1,-1,-1
38,4,958.41,283.22,39.53,116.84,0.92,-1,-1,-1
38,5,934.13,290.93,32.43,81.61,0.88,-1,-1,-1
38,6,1019.13,293.07,35.98,108.09,0.83,-1,-1,-1
38,8,718.98,272.25,92.66,214.18,0.94,-1,-1,-1
38,9,212.66,266.89,64.55,186.21,0.24,-1,-1,-1
38,11,280.36,247.08,94.73,228.03,0.85,-1,-1,-1
38,12,682.51,256.71,68.85,202.13,0.78,-1,-1,-1
38,16,896.74,287.30,19.83,55.66,0.31,-1,-1,-1
38,20,981.05,287.76,26.95,95.22,0.51,-1,-1,-1
38,21,1037.08,294.72,107.17,179.27,0.86,-1,-1,-1
38,23,648.31,256.22,81.36,221.92,0.83,-1,-1,-1
39,1,478.21,200.61,161.82,460.15,0.93,-1,-1,-1
39,2,584.57,250.93,155.87,382.21,0.90,-1,-1,-1
39,3,990.71,287.45,39.72,117.71,0.90,-1,-1,-1
39,4,958.37,283.10,39.54,117.24,0.92,-1,-1,-1
39,5,934.01,290.42,32.43,82.48,0.88,-1,-1,-1
39,6,1019.01,293.54,34.72,108.72,0.58,-1,-1,-1
39,8,720.10,272.23,93.03,214.46,0.94,-1,-1,-1
39,9,211.65,266.69,59.01,170.10,0.11,-1,-1,-1
39,11,277.59,245.67,93.56,228.36,0.87,-1,-1,-1
39,12,683.56,256.23,69.38,206.55,0.80,-1,-1,-1
39,16,895.81,287.17,20.30,57.04,0.36,-1,-1,-1
39,20,980.87,287.36,26.95,95.65,0.47,-1,-1,-1
39,21,1027.10,299.66,105.58,169.36,0.85,-1,-1,-1
39,23,647.25,254.86,84.98,232.82,0.83,-1,-1,-1
40,1,476.70,199.95,162.38,455.43,0.93,-1,-1,-1
40,2,581.76,252.13,158.65,384.50,0.90,-1,-1,-1
40,3,990.17,287.54,42.02,118.43,0.86,-1,-1,-1
40,4,958.37,282.81,39.57,117.73,0.92,-1,-1,-1
40,5,933.97,291.93,31.26,81.34,0.87,-1,-1,-1
40,6,1020.18,293.48,30.62,100.96,0.41,-1,-1,-1
40,8,721.60,272.01,92.02,215.75,0.94,-1,-1,-1
40,11,272.58,245.00,91.33,228.75,0.78,-1,-1,-1
40,12,685.04,256.30,67.84,206.63,0.77,-1,-1,-1
40,16,896.65,287.33,19.89,57.27,0.31,-1,-1,-1
40,20,981.42,287.41,26.97,94.94,0.36,-1,-1,-1
40,21,1014.14,297.21,107.65,168.53,0.84,-1,-1,-1
40,23,649.07,253.56,85.79,236.89,0.84,-1,-1,-1
41,1,475.85,198.86,163.09,449.66,0.94,-1,-1,-1
41,2,580.41,253.85,159.51,384.36,0.90,-1,-1,-1
41,3,989.95,287.78,41.66,116.83,0.82,-1,-1,-1
41,4,958.38,282.75,40.76,117.53,0.91,-1,-1,-1
41,5,933.40,292.40,30.79,80.83,0.87,-1,-1,-1
41,6,1021.20,294.12,27.82,92.65,0.23,-1,-1,-1
41,8,722.32,271.08,92.12,217.08,0.94,-1,-1,-1
41,11,269.03,243.48,90.37,231.92,0.86,-1,-1,-1
41,12,687.27,255.66,64.18,201.42,0.76,-1,-1,-1
41,16,896.67,287.14,19.73,57.64,0.26,-1,-1,-1
41,20,980.43,287.03,26.96,95.20,0.18,-1,-1,-1
41,21,1003.74,297.97,108.39,164.14,0.83,-1,-1,-1
41,23,651.73,252.68,85.39,232.83,0.84,-1,-1,-1
42,1,475.22,198.34,163.42,448.69,0.94,-1,-1,-1
42,2,579.95,254.44,158.61,385.96,0.90,-1,-1,-1
42,3,988.76,288.09,40.33,112.95,0.80,-1,-1,-1
42,4,958.45,283.25,40.03,116.87,0.90,-1,-1,-1
42,5,932.05,292.36,31.83,81.25,0.87,-1,-1,-1
42,6,1020.30,294.58,29.48,89.08,0.42,-1,-1,-1
42,8,722.89,270.67,92.74,218.30,0.93,-1,-1,-1
42,11,263.90,243.02,90.60,235.45,0.83,-1,-1,-1
42,12,688.11,256.72,66.43,205.68,0.79,-1,-1,-1
42,16,897.93,287.15,19.69,58.40,0.34,-1,-1,-1
42,21,993.78,298.62,108.76,162.54,0.85,-1,-1,-1
42,23,653.32,250.64,88.79,246.10,0.85,-1,-1,-1
42,24,109.74,187.87,170.38,471.82,0.71,-1,-1,-1
43,1,475.30,197.97,162.35,446.14,0.94,-1,-1,-1
43,2,579.86,255.12,155.79,387.55,0.89,-1,-1,-1
43,3,987.09,288.36,39.82,117.26,0.76,-1,-1,-1
43,4,958.47,283.59,39.74,115.72,0.89,-1,-1,-1
43,5,931.55,292.49,32.21,81.10,0.87,-1,-1,-1
43,6,1014.55,294.42,36.07,103.39,0.11,-1,-1,-1
43,8,724.27,270.22,92.95,220.18,0.94,-1,-1,-1
43,11,261.09,242.28,89.18,242.89,0.50,-1,-1,-1
43,12,688.41,257.86,66.64,207.35,0.77,-1,-1,-1
43,16,898.96,287.30,19.68,57.80,0.33,-1,-1,-1
43,21,982.68,299.31,108.96,158.46,0.85,-1,-1,-1
43,23,654.78,250.34,90.03,252.24,0.86,-1,-1,-1
43,24,87.88,186.77,188.62,448.73,0.72,-1,-1,-1
44,1,473.36,197.83,164.44,447.19,0.93,-1,-1,-1
44,2,580.05,254.77,151.13,388.26,0.88,-1,-1,-1
44,3,986.52,288.15,40.85,119.75,0.43,-1,-1,-1
44,4,959.69,283.71,39.65,110.24,0.76,-1,-1,-1
44,5,931.39,292.23,32.37,81.37,0.87,-1,-1,-1
44,6,1008.63,294.79,45.15,117.70,0.13,-1,-1,-1
44,8,724.99,270.34,94.23,220.92,0.93,-1,-1,-1
44,11,258.72,241.73,87.77,243.12,0.32,-1,-1,-1
44,12,689.59,258.73,66.74,207.29,0.77,-1,-1,-1
44,16,898.41,287.34,20.30,57.90,0.33,-1,-1,-1
44,21,973.60,300.31,109.14,154.17,0.84,-1,-1,-1
44,23,656.36,250.67,89.92,250.05,0.86,-1,-1,-1
44,24,99.21,187.19,178.22,462.38,0.69,-1,-1,-1
45,1,472.46,198.96,165.16,449.06,0.94,-1,-1,-1
45,2,578.17,253.32,147.40,387.06,0.88,-1,-1,-1
45,3,992.21,289.89,37.66,111.50,0.42,-1,-1,-1
45,4,958.92,284.24,41.99,113.94,0.78,-1,-1,-1
45,5,930.73,292.16,33.60,80.55,0.87,-1,-1,-1
45,6,1014.24,296.54,41.30,108.74,0.66,-1,-1,-1
45,8,728.52,270.13,92.88,223.76,0.91,-1,-1,-1
45,11,255.90,241.25,87.48,244.20,0.58,-1,-1,-1
45,12,689.17,259.69,66.14,208.05,0.68,-1,-1,-1
45,16,899.06,287.54,19.93,56.13,0.36,-1,-1,-1
45,21,970.62,301.46,101.99,148.47,0.82,-1,-1,-1
45,23,656.98,251.14,92.73,248.94,0.87,-1,-1,-1
45,24,112.28,188.34,167.78,470.05,0.65,-1,-1,-1
46,1,470.48,198.81,167.33,452.36,0.94,-1,-1,-1
46,2,577.41,252.18,140.66,384.94,0.88,-1,-1,-1
46,3,990.22,290.23,40.13,115.66,0.57,-1,-1,-1
46,4,958.70,284.87,44.05,115.92,0.83,-1,-1,-1
46,5,930.54,292.13,34.09,80.27,0.86,-1,-1,-1
46,6,1016.50,296.67,39.36,105.90,0.80,-1,-1,-1
46,8,732.18,270.64,92.99,227.83,0.92,-1,-1,-1
46,11,251.42,242.15,88.03,243.29,0.74,-1,-1,-1
46,12,688.61,260.35,67.15,213.43,0.67,-1,-1,-1
46,16,899.32,287.61,19.81,56.10,0.34,-1,-1,-1
46,21,964.08,301.69,99.41,148.88,0.86,-1,-1,-1
46,23,656.81,251.34,96.76,263.91,0.87,-1,-1,-1
46,24,110.68,190.03,170.21,477.92,0.76,-1,-1,-1
47,1,469.61,199.37,168.63,454.63,0.94,-1,-1,-1
47,2,577.30,251.44,130.06,383.66,0.87,-1,-1,-1
47,3,990.07,291.41,40.96,114.70,0.56,-1,-1,-1
47,4,958.56,285.71,42.49,114.84,0.79,-1,-1,-1
47,5,929.85,291.08,34.24,81.93,0.85,-1,-1,-1
47,6,1017.30,297.02,38.57,105.09,0.81,-1,-1,-1
47,8,735.94,271.14,92.35,231.30,0.92,-1,-1,-1
47,11,245.03,242.92,92.36,245.28,0.73,-1,-1,-1
47,12,691.42,261.78,66.87,207.69,0.63,-1,-1,-1
47,16,899.06,287.93,20.36,56.38,0.38,-1,-1,-1
47,21,960.83,302.07,93.59,145.75,0.83,-1,-1,-1
47,23,656.79,251.86,101.11,280.79,0.90,-1,-1,-1
47,24,116.63,191.84,165.46,468.70,0.56,-1,-1,-1
47,25,-8.30,277.20,93.35,181.80,0.76,-1,-1,-1
48,1,468.61,201.29,170.43,456.60,0.94,-1,-1,-1
48,2,577.90,250.03,118.20,374.55,0.88,-1,-1,-1
48,3,993.01,291.08,38.95,115.85,0.75,-1,-1,-1
48,4,959.74,285.70,41.88,115.65,0.76,-1,-1,-1
48,5,929.63,291.12,35.50,85.53,0.86,-1,-1,-1
48,6,1017.66,296.81,38.28,107.78,0.87,-1,-1,-1
48,8,738.49,272.23,93.36,233.20,0.92,-1,-1,-1
48,11,239.23,245.70,92.57,248.06,0.81,-1,-1,-1
48,12,694.52,263.40,68.00,197.92,0.76,-1,-1,-1
48,16,899.87,288.04,21.17,58.61,0.35,-1,-1,-1
48,21,958.97,301.25,85.40,143.27,0.85,-1,-1,-1
48,23,659.02,253.54,102.84,273.83,0.89,-1,-1,-1
48,24,116.06,192.67,167.17,493.70,0.83,-1,-1,-1
49,1,467.96,203.91,171.61,457.46,0.95,-1,-1,-1
49,2,577.21,248.56,110.82,371.41,0.89,-1,-1,-1
49,3,992.88,291.26,39.35,119.27,0.81,-1,-1,-1
49,4,960.72,285.71,44.01,118.93,0.77,-1,-1,-1
49,5,928.92,291.30,35.95,90.09,0.84,-1,-1,-1
49,6,1017.74,296.90,38.14,107.88,0.89,-1,-1,-1
49,8,740.83,273.22,96.06,233.25,0.91,-1,-1,-1
49,11,237.75,247.88,89.91,239.00,0.82,-1,-1,-1
49,12,696.81,264.27,68.38,193.59,0.77,-1,-1,-1
49,16,900.99,287.95,22.94,63.57,0.32,-1,-1,-1
49,21,953.07,301.87,83.88,141.63,0.86,-1,-1,-1
49,23,659.25,255.24,106.31,271.38,0.88,-1,-1,-1
49,24,109.97,195.74,176.56,502.39,0.67,-1,-1,-1
49,26,645.30,265.95,53.10,187.20,0.71,-1,-1,-1
50,1,467.60,205.56,173.15,458.96,0.95,-1,-1,-1
50,2,574.59,247.48,108.39,370.03,0.89,-1,-1,-1
50,3,992.80,291.22,39.48,118.15,0.83,-1,-1,-1
50,4,961.64,285.46,43.60,120.71,0.79,-1,-1,-1
50,5,928.65,290.97,36.10,92.68,0.83,-1,-1,-1
50,6,1017.74,296.98,38.05,106.66,0.89,-1,-1,-1
50,8,742.32,274.09,97.61,234.30,0.91,-1,-1,-1
50,11,233.41,248.90,89.12,241.32,0.79,-1,-1,-1
50,12,699.80,264.02,67.30,191.66,0.81,-1,-1,-1
50,16,901.12,287.95,23.31,63.69,0.25,-1,-1,-1
50,21,945.67,302.29,83.42,137.16,0.83,-1,-1,-1
50,23,660.85,256.52,109.86,271.24,0.88,-1,-1,-1
50,24,111.05,195.25,178.03,502.37,0.81,-1,-1,-1
50,26,645.23,265.28,55.30,187.64,0.74,-1,-1,-1
51,1,467.13,206.94,174.95,460.10,0.94,-1,-1,-1
51,2,572.77,246.99,107.71,369.53,0.89,-1,-1,-1
51,3,992.28,291.09,39.54,116.85,0.85,-1,-1,-1
51,4,964.47,285.84,41.07,118.45,0.66,-1,-1,-1
51,5,928.66,289.59,37.34,97.76,0.82,-1,-1,-1
51,6,1019.05,296.75,36.82,106.80,0.90,-1,-1,-1
51,8,744.03,275.04,98.80,236.48,0.91,-1,-1,-1
51,11,229.04,248.86,88.48,240.88,0.76,-1,-1,-1
51,12,701.50,264.09,66.90,197.24,0.80,-1,-1,-1
51,16,901.82,287.70,24.04,64.90,0.13,-1,-1,-1
51,21,931.71,300.94,90.81,135.13,0.88,-1,-1,-1
51,23,662.61,257.93,112.95,273.81,0.87,-1,-1,-1
51,24,121.93,196.25,164.57,484.26,0.81,-1,-1,-1
51,26,643.84,264.32,59.17,206.68,0.76,-1,-1,-1
52,1,467.33,207.42,175.53,462.18,0.94,-1,-1,-1
52,2,572.82,246.50,106.94,371.11,0.89,-1,-1,-1
52,3,991.40,290.87,40.75,118.13,0.87,-1,-1,-1
52,4,966.09,285.67,38.84,115.44,0.79,-1,-1,-1
52,5,928.03,289.18,37.78,104.85,0.77,-1,-1,-1
52,6,1019.48,296.79,36.32,106.22,0.91,-1,-1,-1
52,8,745.19,274.77,99.78,239.85,0.93,-1,-1,-1
52,11,222.12,245.34,90.89,257.16,0.21,-1,-1,-1
52,12,701.48,260.96,69.70,209.83,0.78,-1,-1,-1
52,21,927.99,301.96,87.47,135.13,0.84,-1,-1,-1
52,23,664.71,258.42,115.78,272.25,0.88,-1,-1,-1
52,24,119.15,198.49,171.33,494.87,0.76,-1,-1,-1
52,26,642.72,263.93,60.48,212.78,0.80,-1,-1,-1
53,1,467.96,208.31,175.73,462.22,0.94,-1,-1,-1
53,2,571.91,246.77,106.17,372.50,0.89,-1,-1,-1
53,3,990.43,290.76,41.20,116.22,0.91,-1,-1,-1
53,4,967.22,285.58,36.80,111.90,0.76,-1,-1,-1
53,5,928.93,289.87,35.59,98.76,0.69,-1,-1,-1
53,6,1020.19,296.64,36.13,105.99,0.91,-1,-1,-1
53,8,746.10,274.79,99.53,242.41,0.92,-1,-1,-1
53,11,215.68,243.57,93.64,273.47,0.23,-1,-1,-1
53,12,701.10,260.33,71.91,214.27,0.75,-1,-1,-1
53,21,919.47,302.61,89.60,128.86,0.87,-1,-1,-1
53,23,665.44,258.43,119.12,271.67,0.88,-1,-1,-1
53,24,127.77,200.83,160.84,464.37,0.69,-1,-1,-1
53,26,644.00,263.49,60.79,216.17,0.80,-1,-1,-1
54,1,468.86,209.62,175.15,460.55,0.95,-1,-1,-1
54,2,571.97,247.00,105.98,374.69,0.89,-1,-1,-1
54,3,991.27,290.55,40.17,116.69,0.90,-1,-1,-1
54,4,967.62,285.37,36.08,111.80,0.82,-1,-1,-1
54,5,928.13,287.77,38.32,111.86,0.64,-1,-1,-1
54,6,1020.48,296.55,36.05,105.59,0.91,-1,-1,-1
54,8,748.20,274.61,97.02,243.45,0.92,-1,-1,-1
54,11,211.51,241.25,94.07,264.07,0.34,-1,-1,-1
54,12,699.19,257.12,75.08,224.17,0.77,-1,-1,-1
54,21,919.32,302.05,82.30,127.64,0.83,-1,-1,-1
54,23,665.44,257.49,123.23,276.99,0.89,-1,-1,-1
54,24,127.69,203.45,160.73,433.19,0.65,-1,-1,-1
54,26,644.21,263.79,62.08,218.34,0.83,-1,-1,-1
55,1,470.33,210.15,173.78,457.57,0.94,-1,-1,-1
55,2,570.77,248.20,106.04,375.14,0.90,-1,-1,-1
55,3,992.23,290.50,39.79,115.69,0.90,-1,-1,-1
55,4,965.93,285.17,38.30,117.81,0.86,-1,-1,-1
55,5,929.02,286.34,39.30,115.17,0.67,-1,-1,-1
55,6,1020.62,296.55,36.03,105.15,0.90,-1,-1,-1
55,8,750.40,274.72,92.47,244.25,0.93,-1,-1,-1
55,12,701.89,255.08,73.98,223.58,0.74,-1,-1,-1
55,21,918.65,301.72,77.10,128.86,0.82,-1,-1,-1
55,23,665.95,255.70,127.10,279.84,0.89,-1,-1,-1
55,24,124.28,204.85,139.76,399.69,0.26,-1,-1,-1
55,26,644.89,264.12,63.12,221.15,0.84,-1,-1,-1
56,1,470.44,208.79,173.74,458.14,0.94,-1,-1,-1
56,2,568.95,248.78,106.09,376.29,0.89,-1,-1,-1
56,3,993.19,290.17,39.63,117.69,0.91,-1,-1,-1
56,4,965.33,284.79,39.08,123.82,0.89,-1,-1,-1
56,5,930.58,286.62,34.99,104.64,0.48,-1,-1,-1
56,6,1021.26,296.84,36.00,105.85,0.91,-1,-1,-1
56,8,752.72,274.58,91.91,245.18,0.93,-1,-1,-1
56,12,703.59,254.56,75.24,228.48,0.73,-1,-1,-1
56,21,906.24,300.97,82.85,128.17,0.82,-1,-1,-1
56,23,668.51,254.68,129.06,287.26,0.87,-1,-1,-1
56,24,119.99,201.97,176.70,463.99,0.78,-1,-1,-1
56,26,645.85,264.37,65.25,223.87,0.84,-1,-1,-1
56,11,230.47,243.23,83.38,237.62,0.80,-1,-1,-1
57,1,471.19,208.20,172.66,459.54,0.94,-1,-1,-1
57,2,566.38,250.59,107.47,376.56,0.89,-1,-1,-1
57,3,993.57,290.09,39.60,118.47,0.91,-1,-1,-1
57,4,965.69,285.57,38.23,119.46,0.90,-1,-1,-1
57,5,931.84,286.52,31.99,97.73,0.32,-1,-1,-1
57,6,1022.13,297.29,36.02,106.15,0.91,-1,-1,-1
57,8,755.55,273.41,94.79,248.21,0.92,-1,-1,-1
57,12,707.05,255.92,75.16,226.84,0.55,-1,-1,-1
57,21,906.49,300.75,77.97,126.54,0.84,-1,-1,-1
57,23,670.82,253.50,131.55,288.63,0.88,-1,-1,-1
57,24,125.02,199.62,173.42,487.85,0.79,-1,-1,-1
57,26,646.71,265.15,65.44,226.24,0.83,-1,-1,-1
57,11,233.94,243.96,80.17,232.49,0.83,-1,-1,-1
57,27,632.70,260.32,51.30,174.15,0.73,-1,-1,-1
57,9,111.48,257.25,90.67,260.29,0.72,-1,-1,-1
57,16,903.35,289.05,28.07,78.25,0.69,-1,-1,-1
58,1,472.03,207.46,171.12,459.50,0.95,-1,-1,-1
58,2,565.14,251.95,107.49,377.29,0.89,-1,-1,-1
58,3,993.74,290.09,39.61,119.37,0.91,-1,-1,-1
58,4,966.45,285.91,37.92,118.28,0.91,-1,-1,-1
58,5,932.32,291.55,32.19,93.94,0.37,-1,-1,-1
58,6,1023.09,297.78,36.04,106.56,0.91,-1,-1,-1
58,8,758.03,273.02,94.12,250.21,0.93,-1,-1,-1
58,12,710.40,259.49,72.78,223.15,0.45,-1,-1,-1
58,21,903.17,301.47,73.39,126.05,0.80,-1,-1,-1
58,23,672.54,252.22,133.08,292.58,0.87,-1,-1,-1
58,24,139.06,199.64,158.84,479.08,0.83,-1,-1,-1
58,26,646.42,265.82,66.68,228.76,0.84,-1,-1,-1
58,11,233.59,244.61,79.49,232.71,0.80,-1,-1,-1
58,27,632.61,259.89,52.80,182.18,0.71,-1,-1,-1
58,9,108.33,256.43,91.90,275.05,0.77,-1,-1,-1
58,16,903.74,289.39,26.93,76.10,0.68,-1,-1,-1
59,1,473.08,206.82,169.85,459.02,0.95,-1,-1,-1
59,2,563.62,252.70,107.49,377.44,0.88,-1,-1,-1
59,3,993.14,290.19,40.79,119.66,0.91,-1,-1,-1
59,4,966.68,286.44,37.79,117.18,0.91,-1,-1,-1
59,5,933.06,293.64,32.25,92.83,0.66,-1,-1,-1
59,6,1023.37,298.36,36.03,107.27,0.91,-1,-1,-1
59,8,760.72,272.97,93.81,250.67,0.93,-1,-1,-1
59,12,716.77,264.70,66.39,213.23,0.11,-1,-1,-1
59,21,898.52,301.53,73.05,125.31,0.83,-1,-1,-1
59,23,676.72,252.44,130.60,291.96,0.87,-1,-1,-1
59,24,144.70,199.24,162.06,471.85,0.76,-1,-1,-1
59,26,646.08,266.01,67.67,233.03,0.82,-1,-1,-1
59,11,231.41,244.15,80.17,231.58,0.73,-1,-1,-1
59,27,632.63,259.47,53.77,181.99,0.72,-1,-1,-1
59,9,105.78,256.72,92.14,282.05,0.79,-1,-1,-1
59,16,900.87,289.31,28.25,77.55,0.35,-1,-1,-1
60,1,473.72,206.62,168.77,454.71,0.94,-1,-1,-1
60,2,563.07,254.22,106.32,378.12,0.87,-1,-1,-1
60,3,992.92,290.90,41.23,119.77,0.92,-1,-1,-1
60,4,966.15,287.15,38.95,116.49,0.92,-1,-1,-1
60,5,932.11,294.46,33.49,99.38,0.77,-1,-1,-1
60,6,1024.07,299.39,36.02,106.65,0.91,-1,-1,-1
60,8,762.23,273.31,95.48,252.88,0.92,-1,-1,-1
60,21,895.23,302.23,70.53,121.50,0.84,-1,-1,-1
60,23,678.86,252.43,129.51,287.05,0.90,-1,-1,-1
60,24,145.21,198.33,168.86,475.79,0.77,-1,-1,-1
60,26,645.91,266.72,69.77,232.75,0.84,-1,-1,-1
60,11,228.47,245.19,80.75,230.98,0.69,-1,-1,-1
60,27,631.26,258.60,56.85,189.21,0.73,-1,-1,-1
60,9,100.64,256.75,94.46,287.14,0.73,-1,-1,-1
60,16,899.82,289.79,29.31,80.70,0.27,-1,-1,-1
61,1,474.11,206.56,167.92,447.99,0.94,-1,-1,-1
61,2,561.63,255.49,106.63,377.09,0.87,-1,-1,-1
61,3,993.58,291.69,41.43,119.57,0.92,-1,-1,-1
61,4,966.09,287.79,39.42,116.28,0.92,-1,-1,-1
61,5,930.70,294.55,33.99,104.14,0.82,-1,-1,-1
61,6,1025.08,300.45,36.05,105.86,0.91,-1,-1,-1
61,8,764.23,272.79,97.38,256.30,0.92,-1,-1,-1
61,21,890.08,303.48,69.75,120.55,0.82,-1,-1,-1
61,23,681.66,251.64,127.95,284.90,0.92,-1,-1,-1
61,24,144.48,197.37,162.21,472.19,0.41,-1,-1,-1
61,26,647.28,267.10,70.60,233.46,0.84,-1,-1,-1
61,11,223.99,246.59,82.57,241.21,0.38,-1,-1,-1
61,27,631.43,258.42,57.21,188.59,0.77,-1,-1,-1
61,9,98.97,257.27,91.40,278.80,0.78,-1,-1,-1
61,16,898.94,290.06,28.59,84.53,0.19,-1,-1,-1
62,1,474.98,206.49,167.44,442.74,0.95,-1,-1,-1
62,2,560.91,255.81,106.06,375.27,0.87,-1,-1,-1
62,3,993.61,292.93,41.46,118.22,0.92,-1,-1,-1
62,4,966.46,288.37,39.55,116.73,0.92,-1,-1,-1
62,5,930.57,295.48,32.95,93.96,0.83,-1,-1,-1
62,6,1025.82,301.33,36.02,105.49,0.91,-1,-1,-1
62,8,767.52,273.66,96.81,257.08,0.92,-1,-1,-1
62,21,881.56,303.06,73.78,120.52,0.82,-1,-1,-1
62,23,685.33,251.24,125.37,286.53,0.92,-1,-1,-1
62,24,151.78,197.15,151.35,472.50,0.71,-1,-1,-1
62,26,647.53,267.39,71.38,234.33,0.85,-1,-1,-1
62,11,221.91,246.79,81.40,239.38,0.21,-1,-1,-1
62,27,631.25,258.26,57.82,190.35,0.79,-1,-1,-1
62,9,93.76,256.99,92.47,275.91,0.81,-1,-1,-1
62,16,898.42,290.48,30.61,86.52,0.30,-1,-1,-1
63,1,474.53,205.96,168.01,443.37,0.94,-1,-1,-1
63,2,559.98,255.36,105.97,373.56,0.86,-1,-1,-1
63,3,993.73,293.86,41.50,118.35,0.93,-1,-1,-1
63,4,966.10,289.19,40.82,116.36,0.92,-1,-1,-1
63,5,930.61,295.99,33.78,91.91,0.86,-1,-1,-1
63,6,1026.80,302.26,36.04,105.10,0.91,-1,-1,-1
63,8,770.48,274.32,97.24,258.62,0.92,-1,-1,-1
63,21,881.34,303.23,69.04,119.11,0.87,-1,-1,-1
63,23,688.69,250.54,123.84,291.39,0.93,-1,-1,-1
63,24,155.05,196.37,144.44,475.32,0.54,-1,-1,-1
63,26,647.26,267.53,72.87,235.84,0.87,-1,-1,-1
63,27,631.45,258.57,58.03,192.53,0.82,-1,-1,-1
63,9,88.64,256.11,93.21,276.56,0.81,-1,-1,-1
63,16,898.01,290.81,31.09,83.54,0.50,-1,-1,-1
63,22,693.83,262.27,54.10,173.28,0.66,-1,-1,-1
64,1,475.00,205.32,167.59,446.11,0.95,-1,-1,-1
64,2,559.71,253.67,105.93,370.76,0.87,-1,-1,-1
64,3,993.71,294.78,41.50,117.78,0.92,-1,-1,-1
64,4,965.90,289.78,41.29,116.20,0.92,-1,-1,-1
64,5,930.58,295.99,34.08,91.47,0.86,-1,-1,-1
64,6,1027.68,302.89,36.04,104.63,0.91,-1,-1,-1
64,8,773.88,274.27,96.78,260.85,0.91,-1,-1,-1
64,21,872.10,303.88,73.10,116.53,0.83,-1,-1,-1
64,23,692.57,252.35,123.19,294.59,0.92,-1,-1,-1
64,24,159.07,194.44,138.67,468.33,0.76,-1,-1,-1
64,26,647.46,267.86,73.38,236.54,0.88,-1,-1,-1
64,27,631.26,259.00,58.66,191.96,0.81,-1,-1,-1
64,9,84.27,256.96,89.47,268.97,0.78,-1,-1,-1
64,16,895.48,291.05,33.00,84.33,0.49,-1,-1,-1
64,22,691.80,262.06,54.58,171.97,0.77,-1,-1,-1
65,1,474.69,205.26,167.95,449.26,0.95,-1,-1,-1
65,2,558.85,254.03,107.08,368.60,0.86,-1,-1,-1
65,3,993.68,295.27,41.47,118.14,0.93,-1,-1,-1
65,4,966.40,290.14,41.44,116.41,0.92,-1,-1,-1
65,5,930.57,296.43,34.17,90.09,0.85,-1,-1,-1
65,6,1028.56,303.10,36.01,105.04,0.91,-1,-1,-1
65,8,776.90,274.66,97.13,264.98,0.90,-1,-1,-1
65,21,872.79,304.25,66.46,115.92,0.80,-1,-1,-1
65,23,696.39,254.51,122.85,297.16,0.92,-1,-1,-1
65,24,160.32,196.02,137.46,430.73,0.32,-1,-1,-1
65,26,648.48,268.24,74.07,236.64,0.88,-1,-1,-1
65,27,632.18,260.06,57.60,192.53,0.82,-1,-1,-1
65,9,78.87,257.65,89.82,268.34,0.82,-1,-1,-1
65,16,891.93,291.28,35.71,90.46,0.25,-1,-1,-1
65,22,690.44,261.53,55.82,177.06,0.77,-1,-1,-1
65,28,136.57,246.15,87.75,276.30,0.72,-1,-1,-1
66,1,474.45,205.61,167.63,452.39,0.95,-1,-1,-1
66,2,558.78,253.18,109.41,365.69,0.87,-1,-1,-1
66,3,994.34,295.59,41.49,118.90,0.92,-1,-1,-1
66,4,967.25,290.72,40.34,116.52,0.91,-1,-1,-1
66,5,931.22,296.44,34.23,88.41,0.85,-1,-1,-1
66,6,1028.37,303.31,37.23,105.53,0.92,-1,-1,-1
66,8,780.04,275.15,97.93,272.17,0.89,-1,-1,-1
66,21,869.55,303.95,64.88,116.71,0.81,-1,-1,-1
66,23,698.91,258.78,123.40,298.60,0.91,-1,-1,-1
66,24,127.64,230.76,117.00,350.67,0.84,-1,-1,-1
66,26,648.24,267.69,75.54,239.48,0.88,-1,-1,-1
66,27,632.19,261.12,58.43,194.27,0.83,-1,-1,-1
66,9,74.76,259.42,89.71,270.32,0.82,-1,-1,-1
66,16,897.68,294.29,31.99,83.57,0.39,-1,-1,-1
66,22,692.18,261.75,56.34,181.68,0.76,-1,-1,-1
67,1,474.66,206.11,166.87,455.54,0.95,-1,-1,-1
67,2,558.21,253.07,109.67,364.03,0.86,-1,-1,-1
67,3,994.59,296.26,41.48,118.60,0.92,-1,-1,-1
67,4,967.57,291.48,39.89,115.97,0.91,-1,-1,-1
67,5,931.48,296.23,34.24,90.53,0.87,-1,-1,-1
67,6,1029.47,303.35,36.49,105.71,0.92,-1,-1,-1
67,8,783.22,275.71,98.20,275.88,0.90,-1,-1,-1
67,21,867.34,304.09,62.52,118.27,0.82,-1,-1,-1
67,23,702.45,261.08,122.36,304.55,0.91,-1,-1,-1
67,24,111.95,245.84,108.93,314.69,0.84,-1,-1,-1
67,26,647.86,267.54,78.97,241.23,0.89,-1,-1,-1
67,27,632.81,261.89,58.09,194.26,0.84,-1,-1,-1
67,9,69.33,261.14,89.31,271.00,0.84,-1,-1,-1
67,16,898.97,294.68,29.09,77.88,0.47,-1,-1,-1
67,22,694.01,260.75,56.54,187.60,0.79,-1,-1,-1
68,1,473.60,206.99,167.11,457.62,0.95,-1,-1,-1
68,2,558.06,253.12,112.69,361.99,0.86,-1,-1,-1
68,3,994.55,296.45,41.45,119.04,0.92,-1,-1,-1
68,4,966.96,291.55,40.90,116.62,0.91,-1,-1,-1
68,5,930.87,296.84,34.23,89.80,0.86,-1,-1,-1
68,6,1029.11,303.15,37.38,106.04,0.92,-1,-1,-1
68,8,785.76,277.18,98.83,278.44,0.89,-1,-1,-1
68,21,863.59,304.23,62.33,118.26,0.83,-1,-1,-1
68,23,707.55,262.47,120.69,308.70,0.92,-1,-1,-1
68,24,101.56,250.11,107.30,319.30,0.84,-1,-1,-1
68,26,647.98,266.54,81.37,242.90,0.90,-1,-1,-1
68,27,633.64,262.27,57.91,196.24,0.84,-1,-1,-1
68,9,64.39,258.73,91.54,284.72,0.85,-1,-1,-1
68,16,902.74,297.35,26.46,70.83,0.28,-1,-1,-1
68,22,695.29,260.79,55.96,190.03,0.75,-1,-1,-1
68,12,716.13,262.23,76.25,233.91,0.70,-1,-1,-1
69,1,472.47,208.17,167.25,459.16,0.96,-1,-1,-1
69,2,556.75,253.56,119.75,360.67,0.87,-1,-1,-1
69,3,993.99,296.66,41.44,119.25,0.93,-1,-1,-1
69,4,967.38,291.57,41.28,117.21,0.91,-1,-1,-1
69,5,930.08,297.51,35.42,88.66,0.85,-1,-1,-1
69,6,1029.64,303.07,37.71,106.20,0.93,-1,-1,-1
69,8,789.88,278.18,96.71,279.87,0.90,-1,-1,-1
69,21,861.81,305.03,59.27,115.04,0.83,-1,-1,-1
69,23,711.72,261.63,120.08,313.42,0.91,-1,-1,-1
69,24,94.01,250.90,105.37,317.38,0.74,-1,-1,-1
69,26,647.10,265.09,84.03,246.94,0.90,-1,-1,-1
69,27,633.89,263.13,57.83,196.41,0.82,-1,-1,-1
69,9,57.95,260.70,93.45,292.84,0.82,-1,-1,-1
69,16,903.17,296.10,26.46,73.30,0.33,-1,-1,-1
69,22,696.57,261.57,56.40,190.66,0.73,-1,-1,-1
69,12,714.92,259.82,80.35,251.06,0.74,-1,-1,-1
70,1,470.95,209.48,167.81,459.56,0.95,-1,-1,-1
70,2,555.46,254.29,122.92,360.98,0.87,-1,-1,-1
70,3,993.07,296.55,41.42,119.28,0.92,-1,-1,-1
70,4,968.03,291.25,40.21,117.39,0.91,-1,-1,-1
70,5,929.71,298.18,35.85,88.82,0.84,-1,-1,-1
70,6,1029.70,302.71,37.81,106.52,0.92,-1,-1,-1
70,8,792.20,279.41,97.02,282.57,0.90,-1,-1,-1
70,21,859.49,305.60,57.57,104.74,0.77,-1,-1,-1
70,23,716.16,261.40,119.78,315.75,0.92,-1,-1,-1
70,24,89.24,249.78,103.28,324.23,0.81,-1,-1,-1
70,26,646.77,264.81,86.70,248.61,0.90,-1,-1,-1
70,27,632.81,263.26,60.16,199.05,0.84,-1,-1,-1
70,9,51.34,262.27,93.74,294.60,0.83,-1,-1,-1
70,16,902.33,294.90,26.14,74.11,0.41,-1,-1,-1
70,22,697.18,262.77,57.15,192.25,0.69,-1,-1,-1
70,12,715.35,258.68,81.18,259.18,0.80,-1,-1,-1
71,1,469.51,210.67,168.61,459.53,0.95,-1,-1,-1
71,2,553.85,254.96,124.69,362.49,0.86,-1,-1,-1
71,3,992.74,296.32,41.40,119.28,0.93,-1,-1,-1
71,4,968.28,291.08,39.79,117.45,0.91,-1,-1,-1
71,5,929.58,298.83,36.00,90.39,0.84,-1,-1,-1
71,6,1029.71,302.69,37.84,106.94,0.93,-1,-1,-1
71,8,791.49,278.34,101.31,287.05,0.88,-1,-1,-1
71,21,856.99,305.45,55.80,114.75,0.84,-1,-1,-1
71,23,720.42,260.95,120.86,317.71,0.92,-1,-1,-1
71,24,83.15,247.48,109.15,333.30,0.81,-1,-1,-1
71,26,646.66,264.52,89.41,250.18,0.91,-1,-1,-1
71,27,633.01,263.11,61.00,201.03,0.85,-1,-1,-1
71,9,42.52,261.93,98.19,299.83,0.83,-1,-1,-1
71,16,901.10,294.24,26.95,77.74,0.49,-1,-1,-1
71,22,696.92,262.75,58.64,200.35,0.73,-1,-1,-1
71,12,717.86,257.63,80.85,261.97,0.80,-1,-1,-1
71,20,963.93,295.62,30.60,81.52,0.64,-1,-1,-1
72,1,468.39,211.22,168.95,460.94,0.95,-1,-1,-1
72,2,552.40,256.08,124.20,365.86,0.85,-1,-1,-1
72,3,992.74,295.91,41.40,119.91,0.93,-1,-1,-1
72,4,969.69,291.29,38.44,117.50,0.90,-1,-1,-1
72,5,929.65,299.79,36.06,86.25,0.84,-1,-1,-1
72,6,1029.83,302.51,37.85,106.82,0.92,-1,-1,-1
72,8,794.18,277.02,101.74,292.56,0.89,-1,-1,-1
72,21,855.74,305.97,52.77,118.35,0.84,-1,-1,-1
72,23,725.53,258.37,122.48,321.39,0.91,-1,-1,-1
72,24,70.66,246.17,121.16,341.21,0.83,-1,-1,-1
72,26,648.69,264.09,89.28,252.53,0.91,-1,-1,-1
72,27,632.24,262.87,62.50,202.23,0.86,-1,-1,-1
72,9,35.93,260.01,99.43,303.54,0.81,-1,-1,-1
72,16,901.64,294.42,26.35,78.22,0.45,-1,-1,-1
72,22,697.86,264.19,58.00,198.43,0.72,-1,-1,-1
72,12,718.30,256.62,81.29,263.86,0.82,-1,-1,-1
72,20,962.51,295.52,30.63,83.04,0.74,-1,-1,-1
73,1,467.50,211.76,169.04,460.75,0.95,-1,-1,-1
73,2,550.21,256.09,126.87,370.50,0.86,-1,-1,-1
73,3,992.74,295.48,41.39,120.41,0.92,-1,-1,-1
73,4,970.81,291.55,37.93,117.19,0.91,-1,-1,-1
73,5,929.10,300.47,36.06,85.55,0.84,-1,-1,-1
73,6,1030.45,302.61,37.84,106.74,0.92,-1,-1,-1
73,8,799.30,277.28,98.90,294.65,0.89,-1,-1,-1
73,21,852.37,306.34,51.77,122.71,0.71,-1,-1,-1
73,23,730.66,256.24,122.46,325.86,0.91,-1,-1,-1
73,24,58.91,242.62,130.70,337.68,0.85,-1,-1,-1
73,26,649.58,264.13,90.88,253.72,0.91,-1,-1,-1
73,27,631.15,262.22,64.81,204.07,0.87,-1,-1,-1
73,9,31.94,259.89,99.52,303.29,0.72,-1,-1,-1
73,16,901.86,294.66,25.52,76.59,0.43,-1,-1,-1
73,22,698.08,264.22,58.94,201.36,0.72,-1,-1,-1
73,12,719.69,257.02,80.81,264.24,0.82,-1,-1,-1
73,20,961.45,296.15,30.64,83.39,0.81,-1,-1,-1
74,1,466.38,211.48,168.56,459.43,0.95,-1,-1,-1
74,2,548.94,257.25,133.20,371.17,0.87,-1,-1,-1
74,3,992.70,295.27,41.41,120.63,0.92,-1,-1,-1
74,4,971.16,291.89,37.77,116.80,0.91,-1,-1,-1
74,5,928.84,300.67,34.89,83.52,0.85,-1,-1,-1
74,6,1030.63,302.75,37.85,106.44,0.92,-1,-1,-1
74,8,802.24,275.43,99.04,296.74,0.89,-1,-1,-1
74,23,736.21,254.36,121.32,328.88,0.92,-1,-1,-1
74,24,48.92,240.29,135.59,335.41,0.87,-1,-1,-1
74,26,650.05,264.57,93.25,254.31,0.91,-1,-1,-1
74,27,630.87,261.20,66.29,207.29,0.87,-1,-1,-1
74,9,22.39,257.81,100.39,304.59,0.69,-1,-1,-1
74,16,901.86,294.71,25.23,77.48,0.48,-1,-1,-1
74,22,697.47,263.47,59.92,205.26,0.73,-1,-1,-1
74,12,722.43,257.02,80.64,270.37,0.84,-1,-1,-1
74,20,960.43,296.48,30.65,83.56,0.81,-1,-1,-1
74,11,165.74,241.13,91.66,286.45,0.68,-1,-1,-1
75,1,465.12,211.06,167.71,459.12,0.95,-1,-1,-1
75,2,548.79,257.98,132.62,373.12,0.87,-1,-1,-1
75,3,992.59,295.07,41.39,120.38,0.92,-1,-1,-1
75,4,971.19,292.04,37.70,116.33,0.91,-1,-1,-1
75,5,928.07,300.59,34.42,83.08,0.85,-1,-1,-1
75,6,1030.59,302.83,37.84,106.59,0.93,-1,-1,-1
75,8,807.68,275.91,97.84,298.54,0.89,-1,-1,-1
75,23,739.32,252.48,123.22,332.22,0.91,-1,-1,-1
75,24,38.82,238.72,140.10,333.15,0.87,-1,-1,-1
75,26,650.80,265.94,94.65,253.20,0.91,-1,-1,-1
75,27,631.06,260.67,67.38,209.45,0.88,-1,-1,-1
75,9,17.80,259.20,98.91,294.72,0.26,-1,-1,-1
75,16,901.49,294.90,24.82,78.09,0.49,-1,-1,-1
75,22,696.99,262.61,61.44,207.81,0.75,-1,-1,-1
75,12,721.95,255.88,85.84,285.71,0.84,-1,-1,-1
75,20,959.39,296.46,30.64,83.92,0.82,-1,-1,-1
75,11,160.71,240.24,90.77,288.66,0.61,-1,-1,-1
76,1,464.34,209.81,166.32,461.44,0.95,-1,-1,-1
76,2,550.25,258.05,128.30,375.67,0.87,-1,-1,-1
76,3,992.65,295.16,41.42,120.59,0.92,-1,-1,-1
76,4,972.47,292.26,36.51,116.17,0.90,-1,-1,-1
76,5,927.87,301.03,34.27,82.05,0.85,-1,-1,-1
76,6,1030.07,303.17,39.05,106.67,0.93,-1,-1,-1
76,8,813.26,273.21,98.06,301.24,0.90,-1,-1,-1
76,23,743.06,251.54,124.60,334.32,0.92,-1,-1,-1
76,24,31.15,237.99,145.33,333.71,0.85,-1,-1,-1
76,26,651.09,266.26,96.95,254.53,0.91,-1,-1,-1
76,27,631.14,258.79,69.00,212.91,0.88,-1,-1,-1
76,16,901.72,295.00,24.39,79.81,0.41,-1,-1,-1
76,22,697.75,262.07,62.65,210.80,0.76,-1,-1,-1
76,12,724.10,254.94,87.26,283.48,0.85,-1,-1,-1
76,20,959.73,296.31,29.44,84.37,0.81,-1,-1,-1
76,11,154.57,240.68,92.30,289.47,0.75,-1,-1,-1
77,1,463.91,208.80,165.07,463.19,0.95,-1,-1,-1
77,2,550.37,257.68,128.24,376.50,0.88,-1,-1,-1
77,3,992.00,295.16,42.59,120.63,0.92,-1,-1,-1
77,4,972.26,292.60,37.26,115.78,0.91,-1,-1,-1
77,5,927.76,301.44,34.19,81.38,0.86,-1,-1,-1
77,6,1029.77,303.56,39.47,106.36,0.93,-1,-1,-1
77,8,814.63,271.23,102.24,304.72,0.90,-1,-1,-1
77,23,745.54,251.00,127.39,337.99,0.92,-1,-1,-1
77,24,9.75,235.73,155.32,333.64,0.83,-1,-1,-1
77,26,653.88,266.30,96.54,255.77,0.92,-1,-1,-1
77,27,632.13,256.82,69.53,214.98,0.88,-1,-1,-1
77,16,902.38,295.43,23.01,78.06,0.31,-1,-1,-1
77,22,698.43,261.21,63.04,210.31,0.76,-1,-1,-1
77,12,726.71,255.12,90.03,285.46,0.86,-1,-1,-1
77,20,959.84,296.51,28.97,83.91,0.85,-1,-1,-1
77,11,149.42,241.32,92.04,290.14,0.68,-1,-1,-1
78,1,463.16,207.74,165.28,465.79,0.95,-1,-1,-1
78,2,550.43,257.88,128.24,375.32,0.87,-1,-1,-1
78,3,992.98,295.78,41.86,120.04,0.92,-1,-1,-1
78,4,972.21,292.89,37.55,115.64,0.91,-1,-1,-1
78,5,927.76,301.45,32.97,81.46,0.86,-1,-1,-1
78,6,1029.69,304.17,39.63,106.55,0.93,-1,-1,-1
78,8,815.96,269.05,107.65,308.03,0.89,-1,-1,-1
78,23,750.79,250.86,127.89,344.02,0.92,-1,-1,-1
78,24,-0.05,235.88,149.34,341.85,0.83,-1,-1,-1
78,26,654.96,265.93,98.11,258.42,0.92,-1,-1,-1
78,27,632.81,255.54,69.73,216.89,0.88,-1,-1,-1
78,16,902.95,295.47,22.83,77.37,0.29,-1,-1,-1
78,22,698.73,260.65,62.60,208.26,0.76,-1,-1,-1
78,12,728.28,255.84,93.42,283.17,0.88,-1,-1,-1
78,20,959.33,296.45,28.81,84.04,0.86,-1,-1,-1
78,11,142.83,241.09,96.55,297.68,0.80,-1,-1,-1
79,1,462.37,206.97,165.81,465.87,0.95,-1,-1,-1
79,2,551.71,257.14,125.10,371.72,0.88,-1,-1,-1
79,3,993.96,296.38,41.53,119.82,0.92,-1,-1,-1
79,4,972.76,293.21,37.63,115.59,0.91,-1,-1,-1
79,5,927.76,301.94,32.49,81.83,0.86,-1,-1,-1
79,6,1030.23,304.92,39.65,106.62,0.93,-1,-1,-1
79,8,821.34,270.91,108.73,310.96,0.91,-1,-1,-1
79,23,755.93,252.29,128.53,351.81,0.93,-1,-1,-1
79,24,-4.19,236.90,130.46,347.37,0.80,-1,-1,-1
79,26,655.68,265.46,99.15,263.81,0.92,-1,-1,-1
79,27,633.40,255.33,69.69,218.44,0.88,-1,-1,-1
79,16,902.53,295.97,23.37,77.40,0.18,-1,-1,-1
79,22,699.51,259.09,64.13,209.62,0.79,-1,-1,-1
79,12,731.50,256.13,97.49,285.38,0.88,-1,-1,-1
79,20,958.56,296.78,29.94,84.10,0.87,-1,-1,-1
79,11,136.03,242.30,98.70,298.99,0.84,-1,-1,-1
80,1,461.63,206.85,166.83,468.36,0.95,-1,-1,-1
80,2,552.72,256.56,121.05,366.39,0.88,-1,-1,-1
80,3,994.38,297.08,41.46,119.47,0.93,-1,-1,-1
80,4,973.61,293.95,37.72,115.01,0.90,-1,-1,-1
80,5,927.81,302.31,32.36,81.70,0.86,-1,-1,-1
80,6,1031.10,305.81,39.70,106.67,0.93,-1,-1,-1
80,8,824.19,270.55,113.65,318.84,0.91,-1,-1,-1
80,23,761.85,254.42,128.91,358.29,0.93,-1,-1,-1
80,24,-13.65,239.08,123.73,356.40,0.84,-1,-1,-1
80,26,656.45,265.26,100.80,268.36,0.91,-1,-1,-1
80,27,633.54,255.11,70.92,221.38,0.89,-1,-1,-1
80,16,902.71,296.36,23.91,78.63,0.26,-1,-1,-1
80,22,699.76,257.30,67.72,215.03,0.78,-1,-1,-1
80,12,733.53,257.24,101.47,290.32,0.86,-1,-1,-1
80,20,958.34,297.23,31.58,83.84,0.88,-1,-1,-1
80,11,127.44,243.95,102.85,302.68,0.83,-1,-1,-1
81,1,461.32,206.44,168.44,469.69,0.95,-1,-1,-1
81,2,553.06,256.13,116.50,363.12,0.88,-1,-1,-1
81,3,995.19,297.89,41.44,119.06,0.92,-1,-1,-1
81,4,973.96,294.77,37.76,114.83,0.90,-1,-1,-1
81,5,927.87,302.24,32.32,83.20,0.86,-1,-1,-1
81,6,1032.08,306.40,38.53,106.71,0.93,-1,-1,-1
81,8,827.83,272.13,115.82,325.34,0.91,-1,-1,-1
81,23,768.09,256.22,129.05,363.52,0.93,-1,-1,-1
81,24,-18.32,238.94,126.44,351.97,0.83,-1,-1,-1
81,26,656.40,265.13,102.57,270.69,0.91,-1,-1,-1
81,27,633.86,255.13,71.38,222.93,0.90,-1,-1,-1
81,16,902.80,296.01,24.72,82.97,0.29,-1,-1,-1
81,22,700.42,256.58,70.83,222.08,0.81,-1,-1,-1
81,12,736.87,259.38,104.72,294.53,0.87,-1,-1,-1
81,20,957.14,297.50,33.38,84.07,0.88,-1,-1,-1
81,11,119.47,245.84,105.46,313.02,0.85,-1,-1,-1
82,1,461.50,206.92,169.64,467.72,0.95,-1,-1,-1
82,2,553.18,255.84,113.60,362.04,0.89,-1,-1,-1
82,3,995.42,298.65,41.43,118.30,0.92,-1,-1,-1
82,4,974.61,295.54,37.77,114.45,0.91,-1,-1,-1
82,5,927.24,302.22,32.32,84.36,0.86,-1,-1,-1
82,6,1031.77,307.22,38.07,106.12,0.92,-1,-1,-1
82,8,826.46,274.82,120.98,332.39,0.90,-1,-1,-1
82,23,774.12,256.94,127.88,370.05,0.92,-1,-1,-1
82,24,-29.21,239.34,131.51,353.33,0.83,-1,-1,-1
82,26,657.20,264.52,103.78,273.82,0.92,-1,-1,-1
82,27,633.64,255.63,71.52,225.64,0.90,-1,-1,-1
82,16,901.29,295.75,26.51,85.75,0.60,-1,-1,-1
82,22,701.24,256.35,70.86,215.33,0.81,-1,-1,-1
82,12,738.39,261.11,105.93,296.87,0.86,-1,-1,-1
82,20,956.63,297.61,32.91,84.14,0.89,-1,-1,-1
82,11,111.91,246.46,110.64,340.33,0.84,-1,-1,-1
83,1,460.81,206.75,171.19,464.66,0.95,-1,-1,-1
83,2,553.00,255.35,111.91,363.34,0.90,-1,-1,-1
83,3,995.39,299.00,41.40,118.57,0.92,-1,-1,-1
83,4,974.74,295.88,37.76,114.87,0.91,-1,-1,-1
83,5,926.93,302.12,32.31,85.67,0.84,-1,-1,-1
83,6,1031.52,307.13,37.88,106.45,0.92,-1,-1,-1
83,8,827.54,275.79,123.44,340.69,0.91,-1,-1,-1
83,23,778.59,257.43,128.54,381.95,0.93,-1,-1,-1
83,24,-31.98,243.54,120.98,347.75,0.82,-1,-1,-1
83,26,657.52,263.61,105.30,278.66,0.92,-1,-1,-1
83,27,633.60,255.76,70.90,228.58,0.91,-1,-1,-1
83,16,899.48,297.16,27.75,84.44,0.65,-1,-1,-1
83,22,701.30,255.32,71.95,216.03,0.81,-1,-1,-1
83,12,743.87,262.29,104.52,297.82,0.85,-1,-1,-1
83,20,956.37,297.71,32.68,84.14,0.89,-1,-1,-1
83,11,103.72,247.16,115.60,345.74,0.84,-1,-1,-1
84,1,460.22,207.53,173.43,462.38,0.95,-1,-1,-1
84,2,552.72,255.54,110.14,363.81,0.88,-1,-1,-1
84,3,996.02,299.28,41.40,118.96,0.92,-1,-1,-1
84,4,974.82,296.02,38.97,115.32,0.91,-1,-1,-1
84,5,926.28,301.80,32.32,86.45,0.83,-1,-1,-1
84,6,1032.06,307.25,36.62,106.26,0.92,-1,-1,-1
84,8,828.79,276.79,128.15,342.54,0.91,-1,-1,-1
84,23,784.63,258.98,127.03,387.33,0.94,-1,-1,-1
84,24,-36.51,243.91,125.70,349.95,0.87,-1,-1,-1
84,26,657.70,263.78,106.45,285.53,0.91,-1,-1,-1
84,27,633.36,256.47,71.26,229.60,0.91,-1,-1,-1
84,22,702.28,254.87,72.94,213.68,0.82,-1,-1,-1
84,12,748.37,262.20,105.09,299.78,0.86,-1,-1,-1
84,20,955.16,298.21,33.77,84.13,0.90,-1,-1,-1
84,11,97.01,246.41,118.75,357.72,0.81,-1,-1,-1
85,1,459.32,208.62,174.94,461.52,0.95,-1,-1,-1
85,2,552.04,255.53,108.27,366.10,0.89,-1,-1,-1
85,3,996.85,300.09,41.39,119.11,0.93,-1,-1,-1
85,4,975.44,295.87,39.40,116.69,0.90,-1,-1,-1
85,5,925.45,301.04,33.52,92.38,0.85,-1,-1,-1
85,6,1031.66,307.25,37.34,105.89,0.92,-1,-1,-1
85,8,832.40,278.73,132.46,347.92,0.89,-1,-1,-1
85,23,790.33,258.34,128.18,392.45,0.93,-1,-1,-1
85,24,-40.88,244.15,123.28,358.22,0.83,-1,-1,-1
85,26,661.60,262.75,105.03,295.53,0.91,-1,-1,-1
85,27,633.00,256.98,71.93,231.97,0.91,-1,-1,-1
85,22,703.28,254.66,75.60,217.20,0.81,-1,-1,-1
85,12,750.34,261.19,112.24,304.27,0.85,-1,-1,-1
85,20,954.73,298.36,34.16,84.72,0.90,-1,-1,-1
85,11,90.99,246.26,121.05,364.49,0.84,-1,-1,-1
85,29,316.57,250.20,79.20,228.15,0.76,-1,-1,-1
86,1,458.84,209.78,175.52,460.01,0.95,-1,-1,-1
86,2,551.69,256.43,106.43,367.40,0.88,-1,-1,-1
86,3,997.18,300.74,41.38,118.91,0.92,-1,-1,-1
86,4,977.45,295.56,38.38,117.24,0.90,-1,-1,-1
86,5,925.15,301.38,33.97,91.43,0.84,-1,-1,-1
86,6,1032.13,307.30,36.42,106.39,0.92,-1,-1,-1
86,8,838.61,281.41,132.08,350.10,0.90,-1,-1,-1
86,23,794.92,258.69,129.20,396.72,0.93,-1,-1,-1
86,24,-46.98,243.45,117.73,359.23,0.78,-1,-1,-1
86,26,665.36,261.80,103.84,302.30,0.91,-1,-1,-1
86,27,633.35,257.19,71.58,234.07,0.91,-1,-1,-1
86,22,703.30,254.17,78.92,228.47,0.80,-1,-1,-1
86,12,754.72,260.24,114.94,307.74,0.86,-1,-1,-1
86,20,954.60,298.60,34.31,84.67,0.90,-1,-1,-1
86,11,83.53,245.73,123.01,364.87,0.83,-1,-1,-1
86,29,315.32,251.34,79.62,233.36,0.73,-1,-1,-1
87,1,458.79,211.66,174.97,458.57,0.95,-1,-1,-1
87,2,549.39,255.84,107.03,370.90,0.89,-1,-1,-1
87,3,997.86,300.93,41.38,119.14,0.93,-1,-1,-1
87,4,978.18,295.25,37.99,117.45,0.90,-1,-1,-1
87,5,925.61,302.07,32.95,89.24,0.78,-1,-1,-1
87,6,1031.68,306.98,37.28,106.58,0.92,-1,-1,-1
87,8,850.00,282.98,129.18,356.97,0.89,-1,-1,-1
87,23,799.42,257.46,131.36,400.39,0.93,-1,-1,-1
87,24,-57.68,239.98,120.58,367.78,0.70,-1,-1,-1
87,26,667.61,261.69,103.93,310.35,0.91,-1,-1,-1
87,27,632.86,257.24,72.61,236.57,0.91,-1,-1,-1
87,22,703.85,255.13,83.07,233.00,0.77,-1,-1,-1
87,12,756.35,259.54,112.44,309.56,0.88,-1,-1,-1
87,20,953.96,298.95,34.35,84.96,0.89,-1,-1,-1
87,11,75.14,244.30,126.64,360.66,0.82,-1,-1,-1
87,29,312.89,251.37,81.79,240.78,0.66,-1,-1,-1
87,30,1058.40,300.82,32.40,85.05,0.73,-1,-1,-1
88,1,459.01,213.83,174.34,458.43,0.95,-1,-1,-1
88,2,546.21,255.12,109.14,373.36,0.88,-1,-1,-1
88,3,998.73,301.03,41.40,119.51,0.93,-1,-1,-1
88,4,979.05,295.16,37.85,117.81,0.90,-1,-1,-1
88,5,936.08,298.35,27.75,80.88,0.65,-1,-1,-1
88,6,1032.12,306.58,36.42,107.24,0.92,-1,-1,-1
88,8,863.79,283.34,120.90,364.67,0.90,-1,-1,-1
88,23,803.35,254.85,132.80,404.94,0.94,-1,-1,-1
88,24,-55.52,251.53,113.86,349.39,0.53,-1,-1,-1
88,26,669.65,262.62,105.16,310.38,0.90,-1,-1,-1
88,27,631.83,257.95,74.19,238.01,0.91,-1,-1,-1
88,22,705.54,256.49,82.96,236.39,0.76,-1,-1,-1
88,12,759.58,258.16,110.19,312.75,0.89,-1,-1,-1
88,20,953.76,299.27,34.36,85.94,0.89,-1,-1,-1
88,11,58.57,241.70,139.01,372.45,0.82,-1,-1,-1
88,29,310.93,251.28,83.20,243.04,0.73,-1,-1,-1
88,30,1058.58,301.29,30.99,81.87,0.73,-1,-1,-1
89,1,458.94,215.51,174.56,459.02,0.95,-1,-1,-1
89,2,544.25,255.29,109.28,375.36,0.87,-1,-1,-1
89,3,998.99,300.94,41.37,119.62,0.93,-1,-1,-1
89,4,978.71,295.16,38.98,117.01,0.90,-1,-1,-1
89,5,940.77,305.31,24.44,72.70,0.10,-1,-1,-1
89,6,1032.23,306.31,36.07,106.86,0.92,-1,-1,-1
89,8,874.62,285.07,125.73,367.98,0.89,-1,-1,-1
89,23,806.46,250.63,136.19,411.24,0.94,-1,-1,-1
89,26,670.73,262.71,106.70,312.31,0.91,-1,-1,-1
89,27,630.34,257.18,75.90,241.37,0.91,-1,-1,-1
89,22,706.27,256.46,83.35,245.02,0.77,-1,-1,-1
89,12,760.15,257.06,110.97,315.10,0.87,-1,-1,-1
89,20,953.67,299.85,34.33,82.13,0.87,-1,-1,-1
89,11,54.94,240.80,137.57,363.85,0.85,-1,-1,-1
89,29,308.56,251.07,84.20,248.81,0.53,-1,-1,-1
89,30,1058.59,301.50,30.70,79.48,0.78,-1,-1,-1
90,1,458.83,216.84,174.14,460.23,0.95,-1,-1,-1
90,2,542.98,256.51,109.33,375.14,0.86,-1,-1,-1
90,3,1000.23,301.02,40.16,119.64,0.92,-1,-1,-1
90,4,979.13,294.98,39.38,116.09,0.88,-1,-1,-1
90,6,1032.22,305.89,35.94,106.99,0.92,-1,-1,-1
90,8,884.89,286.27,126.22,370.19,0.89,-1,-1,-1
90,23,807.77,246.80,140.06,417.67,0.94,-1,-1,-1
90,26,671.70,262.57,108.40,313.89,0.91,-1,-1,-1
90,27,629.50,256.72,77.09,242.39,0.91,-1,-1,-1
90,22,709.18,257.72,80.50,239.62,0.78,-1,-1,-1
90,12,761.77,256.18,110.00,315.98,0.87,-1,-1,-1
90,20,954.23,300.35,33.11,82.46,0.83,-1,-1,-1
90,11,48.76,238.94,139.50,363.06,0.84,-1,-1,-1
90,29,307.58,249.69,83.17,246.40,0.37,-1,-1,-1
90,30,1058.48,302.06,30.59,77.96,0.81,-1,-1,-1
91,1,459.15,218.44,175.07,462.16,0.95,-1,-1,-1
91,2,543.36,258.86,107.61,373.94,0.85,-1,-1,-1
91,3,1001.33,300.82,39.72,119.68,0.92,-1,-1,-1
91,4,980.49,294.54,38.36,116.67,0.87,-1,-1,-1
91,6,1031.66,305.96,37.11,107.07,0.91,-1,-1,-1
91,8,890.11,285.48,129.66,374.93,0.90,-1,-1,-1
91,23,809.00,242.79,144.78,423.58,0.94,-1,-1,-1
91,26,673.45,262.61,109.06,317.37,0.91,-1,-1,-1
91,27,627.37,255.60,79.90,244.98,0.91,-1,-1,-1
91,22,710.86,258.04,80.55,244.48,0.76,-1,-1,-1
91,12,764.65,255.05,109.62,317.47,0.89,-1,-1,-1
91,20,952.69,295.81,36.27,101.19,0.47,-1,-1,-1
91,11,42.98,238.20,139.33,363.15,0.82,-1,-1,-1
91,29,304.84,248.03,84.99,257.09,0.45,-1,-1,-1
91,30,1058.47,302.10,29.21,77.94,0.74,-1,-1,-1
92,1,458.50,218.85,175.89,464.54,0.95,-1,-1,-1
92,2,539.60,261.07,109.43,372.43,0.83,-1,-1,-1
92,3,1001.71,300.71,40.77,118.50,0.91,-1,-1,-1
92,4,980.98,294.20,39.18,117.78,0.84,-1,-1,-1
92,6,1031.45,305.95,37.55,107.40,0.91,-1,-1,-1
92,8,899.82,285.26,127.72,377.34,0.90,-1,-1,-1
92,23,809.90,239.35,150.08,430.53,0.93,-1,-1,-1
92,26,675.52,262.91,108.70,315.65,0.90,-1,-1,-1
92,27,626.83,254.56,80.96,247.37,0.90,-1,-1,-1
92,22,709.67,256.08,88.83,261.80,0.75,-1,-1,-1
92,12,768.02,255.06,110.04,319.87,0.89,-1,-1,-1
92,11,35.71,237.80,140.89,371.19,0.86,-1,-1,-1
92,29,302.21,246.07,86.55,259.41,0.58,-1,-1,-1
92,30,1058.45,302.89,28.78,75.67,0.74,-1,-1,-1
93,1,458.37,219.39,177.60,466.98,0.95,-1,-1,-1
93,2,536.25,259.62,109.47,371.92,0.78,-1,-1,-1
93,3,1001.82,300.35,42.34,118.33,0.91,-1,-1,-1
93,4,982.32,294.21,39.46,117.29,0.82,-1,-1,-1
93,6,1031.34,305.94,37.71,107.80,0.91,-1,-1,-1
93,8,906.88,282.49,124.47,382.73,0.92,-1,-1,-1
93,23,811.02,237.33,156.37,439.22,0.94,-1,-1,-1
93,26,676.61,262.71,110.85,316.54,0.89,-1,-1,-1
93,27,626.41,253.71,81.30,248.31,0.90,-1,-1,-1
93,22,709.28,255.60,89.58,262.80,0.74,-1,-1,-1
93,12,769.83,254.76,109.53,326.82,0.88,-1,-1,-1
93,11,29.40,237.32,141.21,373.76,0.87,-1,-1,-1
93,29,299.94,244.41,84.92,259.72,0.27,-1,-1,-1
93,30,1057.76,302.96,28.65,73.97,0.75,-1,-1,-1
94,1,458.39,219.88,179.41,469.33,0.95,-1,-1,-1
94,2,530.18,249.06,113.19,383.45,0.76,-1,-1,-1
94,3,1003.09,300.29,41.79,118.00,0.91,-1,-1,-1
94,4,986.43,294.89,36.04,113.24,0.80,-1,-1,-1
94,6,1031.98,306.61,37.80,107.08,0.91,-1,-1,-1
94,8,911.11,282.83,128.10,385.17,0.91,-1,-1,-1
94,23,812.51,235.68,162.93,450.23,0.94,-1,-1,-1
94,26,679.60,260.71,111.72,324.82,0.87,-1,-1,-1
94,27,625.05,252.80,83.82,250.86,0.90,-1,-1,-1
94,22,713.73,255.26,91.61,267.73,0.70,-1,-1,-1
94,12,772.81,254.63,110.59,333.71,0.88,-1,-1,-1
94,11,21.72,237.70,140.76,375.55,0.87,-1,-1,-1
94,29,296.00,242.96,87.99,260.17,0.29,-1,-1,-1
94,30,1058.23,303.35,27.38,71.23,0.77,-1,-1,-1
95,1,458.11,221.43,183.00,471.65,0.95,-1,-1,-1
95,2,526.66,246.36,115.84,384.90,0.72,-1,-1,-1
95,3,1004.19,300.42,41.59,115.22,0.87,-1,-1,-1
95,4,987.39,293.95,34.72,112.33,0.16,-1,-1,-1
95,6,1031.66,307.32,37.85,106.82,0.91,-1,-1,-1
95,8,913.12,281.05,135.41,390.91,0.89,-1,-1,-1
95,23,813.52,234.81,166.70,466.95,0.95,-1,-1,-1
95,26,682.09,261.17,111.51,324.73,0.88,-1,-1,-1
95,27,624.75,251.78,84.81,254.03,0.91,-1,-1,-1
95,22,714.51,254.59,93.00,270.44,0.76,-1,-1,-1
95,12,776.47,255.51,115.18,338.11,0.87,-1,-1,-1
95,11,13.05,239.17,144.75,386.23,0.85,-1,-1,-1
95,29,293.10,242.53,89.74,267.80,0.18,-1,-1,-1
95,30,1057.16,303.78,28.24,69.73,0.68,-1,-1,-1
96,1,457.83,223.48,185.49,472.72,0.94,-1,-1,-1
96,2,525.18,249.53,119.19,380.59,0.71,-1,-1,-1
96,3,1005.20,300.32,41.51,115.06,0.87,-1,-1,-1
96,6,1031.55,308.04,37.86,107.61,0.90,-1,-1,-1
96,8,916.97,279.78,141.92,397.02,0.90,-1,-1,-1
96,23,814.43,234.11,170.95,479.09,0.94,-1,-1,-1
96,26,684.24,262.55,113.14,330.99,0.87,-1,-1,-1
96,27,624.73,251.57,88.06,254.40,0.91,-1,-1,-1
96,22,712.81,254.35,94.05,281.84,0.50,-1,-1,-1
96,12,779.60,256.60,114.54,342.10,0.89,-1,-1,-1
96,11,4.97,240.48,145.28,389.08,0.85,-1,-1,-1
96,30,1056.80,303.29,28.54,70.84,0.66,-1,-1,-1
97,1,457.73,226.26,188.21,473.85,0.94,-1,-1,-1
97,2,525.10,253.72,120.37,370.10,0.69,-1,-1,-1
97,3,1008.49,300.72,39.06,114.38,0.80,-1,-1,-1
97,6,1032.05,308.58,37.84,106.98,0.85,-1,-1,-1
97,8,920.00,280.45,151.28,399.08,0.90,-1,-1,-1
97,23,815.58,236.20,176.75,484.01,0.94,-1,-1,-1
97,26,686.84,262.61,113.66,335.37,0.86,-1,-1,-1
97,27,625.12,251.47,89.81,256.44,0.92,-1,-1,-1
97,22,713.35,252.79,95.50,282.82,0.50,-1,-1,-1
97,12,785.18,258.92,114.15,341.79,0.89,-1,-1,-1
97,11,-2.13,242.53,146.62,384.44,0.84,-1,-1,-1
97,30,1056.61,303.25,28.65,71.26,0.73,-1,-1,-1
98,1,457.91,227.49,190.51,478.08,0.95,-1,-1,-1
98,2,523.92,250.86,122.65,372.86,0.69,-1,-1,-1
98,3,1015.31,307.06,33.25,94.94,0.27,-1,-1,-1
98,6,1034.74,309.55,35.47,99.29,0.81,-1,-1,-1
98,8,932.29,279.87,151.26,410.99,0.90,-1,-1,-1
98,23,815.99,238.25,183.66,495.70,0.94,-1,-1,-1
98,26,689.83,261.95,116.26,343.06,0.87,-1,-1,-1
98,27,624.69,252.38,92.25,258.99,0.92,-1,-1,-1
98,22,711.51,250.32,97.83,284.40,0.26,-1,-1,-1
98,12,789.01,261.17,114.64,348.27,0.88,-1,-1,-1
98,11,-10.11,244.18,146.28,388.06,0.84,-1,-1,-1
98,30,1056.67,303.39,28.71,70.56,0.74,-1,-1,-1
99,1,458.79,228.81,191.90,482.59,0.95,-1,-1,-1
99,2,518.15,241.76,129.36,380.44,0.64,-1,-1,-1
99,6,1034.42,310.53,35.77,93.88,0.78,-1,-1,-1
99,8,946.20,281.43,148.76,428.23,0.89,-1,-1,-1
99,23,816.24,241.00,189.99,504.74,0.93,-1,-1,-1
99,26,693.45,257.91,116.63,354.36,0.87,-1,-1,-1
99,27,624.44,253.65,93.72,261.94,0.92,-1,-1,-1
99,12,792.62,261.90,115.38,354.57,0.88,-1,-1,-1
99,11,-13.75,246.15,141.83,378.20,0.84,-1,-1,-1
99,30,1056.58,303.30,28.74,72.18,0.75,-1,-1,-1
99,31,105.41,252.00,123.30,355.50,0.81,-1,-1,-1
100,1,459.54,230.79,195.33,485.34,0.95,-1,-1,-1
100,2,519.86,252.06,130.73,374.30,0.22,-1,-1,-1
100,6,1037.91,312.10,32.28,87.01,0.71,-1,-1,-1
100,8,953.14,282.30,152.39,441.62,0.91,-1,-1,-1
100,23,817.74,241.96,196.12,510.63,0.93,-1,-1,-1
100,26,696.60,256.96,117.32,360.25,0.85,-1,-1,-1
100,27,626.18,254.61,92.50,265.43,0.91,-1,-1,-1
100,12,796.29,263.05,115.63,362.67,0.87,-1,-1,-1
100,11,-21.17,247.23,142.63,380.17,0.78,-1,-1,-1
100,30,1055.95,303.10,28.76,75.78,0.67,-1,-1,-1
100,31,98.37,252.46,126.86,357.66,0.71,-1,-1,-1
101,1,460.35,232.52,198.94,486.46,0.95,-1,-1,-1
101,2,521.17,256.68,132.95,371.56,0.15,-1,-1,-1
101,6,1033.03,307.83,38.47,106.68,0.40,-1,-1,-1
101,8,956.24,285.28,161.88,452.15,0.89,-1,-1,-1
101,23,820.88,241.79,199.83,514.08,0.93,-1,-1,-1
101,26,699.50,256.48,120.49,370.96,0.85,-1,-1,-1
101,27,628.92,255.59,91.35,266.03,0.91,-1,-1,-1
101,12,799.96,263.36,117.46,368.09,0.87,-1,-1,-1
101,11,-23.58,247.29,137.38,380.49,0.83,-1,-1,-1
101,30,1053.99,302.36,31.17,83.95,0.59,-1,-1,-1
101,31,91.89,253.36,125.90,357.65,0.78,-1,-1,-1
102,1,461.33,233.81,203.06,488.02,0.95,-1,-1,-1
102,8,958.34,286.15,173.40,462.57,0.88,-1,-1,-1
102,23,824.89,240.70,203.32,518.93,0.93,-1,-1,-1
102,26,702.58,262.38,122.15,363.47,0.85,-1,-1,-1
102,27,631.48,256.95,91.98,268.61,0.91,-1,-1,-1
102,12,804.16,263.30,117.45,373.00,0.88,-1,-1,-1
102,11,-29.44,246.69,135.96,384.76,0.83,-1,-1,-1
102,30,1050.25,297.49,35.53,97.04,0.20,-1,-1,-1
102,31,84.41,254.36,127.32,359.04,0.78,-1,-1,-1
103,1,461.48,235.43,211.13,491.77,0.94,-1,-1,-1
103,8,966.44,286.50,176.81,471.25,0.89,-1,-1,-1
103,23,828.36,239.12,207.26,521.38,0.93,-1,-1,-1
103,26,706.51,266.23,121.04,356.57,0.85,-1,-1,-1
103,27,634.37,258.21,89.87,270.97,0.91,-1,-1,-1
103,12,808.85,263.41,118.36,375.95,0.88,-1,-1,-1
103,11,-34.71,244.83,134.52,397.32,0.77,-1,-1,-1
103,31,73.65,253.79,127.02,366.83,0.69,-1,-1,-1
104,1,461.44,235.96,229.17,492.88,0.94,-1,-1,-1
104,8,976.89,286.29,175.60,475.55,0.90,-1,-1,-1
104,23,833.41,236.74,209.99,527.07,0.93,-1,-1,-1
104,26,709.79,267.35,125.83,360.16,0.85,-1,-1,-1
104,27,635.58,258.20,92.55,276.54,0.91,-1,-1,-1
104,12,812.90,262.23,120.38,379.37,0.87,-1,-1,-1
104,11,-39.91,244.51,130.35,387.26,0.31,-1,-1,-1
104,31,65.48,254.18,125.98,368.85,0.62,-1,-1,-1
105,1,463.11,235.84,245.67,494.89,0.95,-1,-1,-1
105,8,987.72,285.25,176.06,472.57,0.91,-1,-1,-1
105,23,838.17,232.83,214.33,531.98,0.94,-1,-1,-1
105,26,712.67,267.66,129.30,366.45,0.87,-1,-1,-1
105,27,636.28,258.52,94.08,279.32,0.91,-1,-1,-1
105,12,816.93,261.09,121.37,382.89,0.88,-1,-1,-1
105,11,-31.38,267.85,113.61,343.36,0.26,-1,-1,-1
105,31,61.29,255.26,128.02,364.53,0.74,-1,-1,-1
105,22,734.65,258.01,79.76,245.33,0.69,-1,-1,-1
106,1,464.78,236.14,258.40,493.83,0.95,-1,-1,-1
106,8,996.38,283.40,180.80,488.07,0.90,-1,-1,-1
106,23,843.11,227.82,220.23,550.28,0.94,-1,-1,-1
106,26,715.10,267.46,128.24,368.28,0.87,-1,-1,-1
106,27,638.51,257.73,94.03,283.05,0.91,-1,-1,-1
106,12,820.98,258.59,125.54,387.75,0.88,-1,-1,-1
106,11,-47.37,250.31,121.79,377.28,0.49,-1,-1,-1
106,31,54.71,254.92,127.59,371.10,0.78,-1,-1,-1
106,22,734.97,258.77,79.63,244.84,0.72,-1,-1,-1
107,1,467.78,232.84,264.89,494.16,0.94,-1,-1,-1
107,8,1005.21,281.20,183.55,507.36,0.90,-1,-1,-1
107,23,846.92,223.56,226.59,572.12,0.94,-1,-1,-1
107,26,717.09,265.37,132.40,378.35,0.88,-1,-1,-1
107,27,639.34,255.13,96.87,287.11,0.92,-1,-1,-1
107,12,825.01,255.96,127.87,392.76,0.87,-1,-1,-1
107,11,-57.86,241.27,126.07,390.79,0.37,-1,-1,-1
107,31,47.74,253.85,125.83,370.11,0.72,-1,-1,-1
107,22,735.77,258.33,81.31,249.74,0.75,-1,-1,-1
108,1,468.16,233.65,271.39,491.53,0.94,-1,-1,-1
108,8,1013.15,277.66,189.26,520.11,0.91,-1,-1,-1
108,23,850.70,215.52,234.25,590.78,0.93,-1,-1,-1
108,26,721.07,264.97,135.74,380.47,0.86,-1,-1,-1
108,27,641.17,254.55,98.55,288.43,0.91,-1,-1,-1
108,12,831.49,254.47,126.15,396.16,0.88,-1,-1,-1
108,11,-65.88,237.52,128.48,400.76,0.18,-1,-1,-1
108,31,33.84,252.17,133.10,385.32,0.72,-1,-1,-1
108,22,734.56,258.10,84.40,264.52,0.80,-1,-1,-1
109,1,469.31,233.02,272.53,491.55,0.95,-1,-1,-1
109,8,1020.03,275.10,195.92,525.97,0.91,-1,-1,-1
109,23,854.92,211.77,242.20,596.93,0.94,-1,-1,-1
109,26,723.60,263.38,137.49,386.24,0.86,-1,-1,-1
109,27,641.75,252.88,100.87,291.26,0.91,-1,-1,-1
109,12,832.29,252.82,130.41,400.04,0.87,-1,-1,-1
109,31,31.77,250.92,123.41,386.68,0.75,-1,-1,-1
109,22,734.87,256.85,88.51,276.87,0.82,-1,-1,-1
110,1,471.45,230.91,265.99,484.25,0.94,-1,-1,-1
110,8,1025.48,271.14,205.54,533.22,0.91,-1,-1,-1
110,23,858.53,207.74,250.29,606.89,0.94,-1,-1,-1
110,26,725.68,261.62,139.41,388.95,0.86,-1,-1,-1
110,27,646.34,251.98,98.90,293.48,0.91,-1,-1,-1
110,12,835.19,251.89,132.39,402.32,0.90,-1,-1,-1
110,31,23.18,249.79,125.88,399.89,0.50,-1,-1,-1
110,22,737.03,254.30,93.11,286.95,0.80,-1,-1,-1
111,1,470.87,230.09,258.81,481.93,0.93,-1,-1,-1
111,8,1029.57,268.29,215.89,547.25,0.91,-1,-1,-1
111,23,861.52,204.02,259.99,624.24,0.93,-1,-1,-1
111,26,729.31,261.27,139.95,388.25,0.86,-1,-1,-1
111,27,649.90,250.78,98.56,296.20,0.91,-1,-1,-1
111,12,836.70,251.34,136.50,403.78,0.90,-1,-1,-1
111,31,15.66,246.58,130.36,400.17,0.41,-1,-1,-1
111,22,737.51,252.16,97.11,293.05,0.80,-1,-1,-1
112,1,471.99,229.36,247.84,482.40,0.94,-1,-1,-1
112,8,1043.15,266.66,222.37,562.50,0.87,-1,-1,-1
112,23,864.94,203.61,270.83,641.03,0.93,-1,-1,-1
112,26,732.66,261.29,142.03,394.17,0.84,-1,-1,-1
112,27,652.93,249.02,97.93,299.60,0.90,-1,-1,-1
112,12,843.93,250.34,134.98,407.91,0.86,-1,-1,-1
112,31,-1.56,244.83,143.68,413.26,0.49,-1,-1,-1
112,22,738.24,248.37,113.31,308.12,0.82,-1,-1,-1
113,1,473.25,225.89,232.05,488.56,0.94,-1,-1,-1
113,8,1052.42,265.65,227.07,569.89,0.90,-1,-1,-1
113,23,867.08,201.35,282.67,660.03,0.93,-1,-1,-1
113,26,735.92,260.10,143.93,399.36,0.86,-1,-1,-1
113,27,654.91,246.42,98.85,303.39,0.91,-1,-1,-1
113,12,848.12,249.98,138.73,411.20,0.86,-1,-1,-1
113,31,-10.08,244.32,147.17,405.30,0.52,-1,-1,-1
113,22,739.91,244.43,120.55,318.72,0.83,-1,-1,-1
114,1,472.85,229.60,218.09,486.04,0.94,-1,-1,-1
114,8,1063.79,264.27,235.71,585.73,0.87,-1,-1,-1
114,23,869.77,201.60,290.90,673.33,0.93,-1,-1,-1
114,26,742.94,259.38,141.68,401.35,0.84,-1,-1,-1
114,27,657.39,245.35,100.37,305.64,0.91,-1,-1,-1
114,12,843.40,250.67,148.04,413.75,0.86,-1,-1,-1
114,31,-17.91,245.39,145.12,419.82,0.23,-1,-1,-1
114,22,741.40,241.78,107.10,314.83,0.81,-1,-1,-1
115,1,472.90,230.29,209.43,488.04,0.94,-1,-1,-1
115,8,1075.05,263.59,242.53,595.10,0.85,-1,-1,-1
115,23,871.35,200.00,302.16,702.77,0.93,-1,-1,-1
115,26,747.62,259.42,146.75,408.28,0.84,-1,-1,-1
115,27,658.84,244.09,103.35,307.97,0.89,-1,-1,-1
115,12,851.36,251.34,146.47,416.38,0.85,-1,-1,-1
115,31,-25.23,245.11,145.66,406.33,0.30,-1,-1,-1
115,22,741.92,238.55,121.68,321.47,0.79,-1,-1,-1
116,1,473.50,231.87,205.84,489.97,0.95,-1,-1,-1
116,8,1085.00,264.50,242.79,618.98,0.85,-1,-1,-1
116,23,873.88,199.56,311.34,729.47,0.92,-1,-1,-1
116,26,749.57,259.13,152.16,418.61,0.85,-1,-1,-1
116,27,658.74,243.62,104.49,313.34,0.88,-1,-1,-1
116,12,863.82,250.83,139.84,419.34,0.87,-1,-1,-1
116,31,-35.74,244.60,146.80,421.73,0.11,-1,-1,-1
116,22,743.81,237.61,116.09,322.03,0.77,-1,-1,-1
117,1,473.86,229.00,204.54,494.76,0.94,-1,-1,-1
117,8,1095.44,266.45,242.50,634.71,0.85,-1,-1,-1
117,23,875.03,200.18,321.16,741.89,0.91,-1,-1,-1
117,26,754.92,259.43,153.53,422.67,0.85,-1,-1,-1
117,27,661.07,243.29,103.05,319.12,0.90,-1,-1,-1
117,12,871.44,251.08,140.67,421.15,0.86,-1,-1,-1
117,22,743.67,236.98,110.43,327.80,0.76,-1,-1,-1
118,1,474.20,233.73,202.50,493.74,0.95,-1,-1,-1
118,8,1108.32,267.99,238.88,648.31,0.85,-1,-1,-1
118,23,876.17,198.88,331.98,758.20,0.92,-1,-1,-1
118,26,761.39,258.99,147.65,414.92,0.84,-1,-1,-1
118,27,661.05,242.62,104.92,323.79,0.88,-1,-1,-1
118,12,874.33,250.76,145.81,425.09,0.86,-1,-1,-1
118,22,745.76,236.78,104.65,324.52,0.82,-1,-1,-1
119,1,474.76,235.91,200.50,496.78,0.95,-1,-1,-1
119,8,1125.16,268.41,235.93,661.73,0.82,-1,-1,-1
119,23,876.75,195.21,343.55,780.80,0.92,-1,-1,-1
119,26,763.12,258.18,149.91,412.05,0.83,-1,-1,-1
119,27,664.00,242.62,106.71,328.82,0.89,-1,-1,-1
119,12,872.30,249.13,155.83,429.77,0.87,-1,-1,-1
119,22,748.92,237.14,99.92,322.42,0.85,-1,-1,-1
120,1,473.39,236.95,200.53,501.27,0.94,-1,-1,-1
120,8,1139.46,265.98,235.91,674.33,0.63,-1,-1,-1
120,23,878.28,189.38,351.68,802.24,0.91,-1,-1,-1
120,26,760.67,256.89,159.04,427.06,0.83,-1,-1,-1
120,27,666.51,243.01,107.98,333.84,0.90,-1,-1,-1
120,12,875.42,247.66,166.60,436.14,0.87,-1,-1,-1
120,22,750.90,237.37,99.41,323.83,0.85,-1,-1,-1
121,1,471.93,238.23,200.55,500.19,0.95,-1,-1,-1
121,8,1153.45,276.87,228.55,645.29,0.53,-1,-1,-1
121,23,882.00,182.05,358.21,822.88,0.91,-1,-1,-1
121,26,765.20,255.47,160.64,424.16,0.85,-1,-1,-1
121,27,668.59,242.80,109.55,338.34,0.91,-1,-1,-1
121,12,883.15,243.09,168.70,446.94,0.83,-1,-1,-1
121,22,753.39,237.56,99.76,326.25,0.84,-1,-1,-1
122,1,472.40,237.13,198.33,502.47,0.95,-1,-1,-1
122,8,1169.18,268.72,235.37,672.52,0.24,-1,-1,-1
122,23,887.51,174.17,364.16,850.98,0.90,-1,-1,-1
122,26,783.39,255.69,150.13,420.52,0.87,-1,-1,-1
122,27,671.79,243.38,108.43,341.05,0.92,-1,-1,-1
122,12,898.67,237.82,164.56,456.74,0.82,-1,-1,-1
122,22,756.75,237.98,99.97,329.98,0.86,-1,-1,-1
123,1,472.52,236.19,196.30,498.74,0.95,-1,-1,-1
123,8,1183.01,266.97,234.20,682.51,0.26,-1,-1,-1
123,23,892.19,159.62,371.59,899.76,0.90,-1,-1,-1
123,26,793.96,255.80,148.17,424.44,0.85,-1,-1,-1
123,27,674.39,243.89,109.08,343.77,0.92,-1,-1,-1
123,12,909.60,233.20,162.98,467.77,0.83,-1,-1,-1
123,22,759.72,237.86,101.19,338.45,0.86,-1,-1,-1
123,32,58.61,225.11,106.20,352.24,0.74,-1,-1,-1
124,1,472.58,235.63,194.37,495.33,0.95,-1,-1,-1
124,8,1200.93,262.53,240.71,698.60,0.18,-1,-1,-1
124,23,899.47,145.16,375.56,940.47,0.89,-1,-1,-1
124,26,801.58,255.27,151.91,429.39,0.82,-1,-1,-1
124,27,676.81,243.51,109.86,347.03,0.92,-1,-1,-1
124,12,920.38,228.85,163.12,485.63,0.82,-1,-1,-1
124,22,763.17,238.57,102.21,342.32,0.86,-1,-1,-1
125,1,472.98,231.64,192.51,503.03,0.95,-1,-1,-1
125,23,910.04,135.78,378.81,972.62,0.88,-1,-1,-1
125,26,807.52,255.33,157.71,435.78,0.83,-1,-1,-1
125,27,679.46,242.16,111.30,350.41,0.92,-1,-1,-1
125,12,926.01,222.38,170.20,509.50,0.78,-1,-1,-1
125,22,766.49,238.97,104.37,348.44,0.85,-1,-1,-1
125,33,30.77,221.40,117.73,356.40,0.72,-1,-1,-1
126,1,473.83,227.08,190.61,507.45,0.94,-1,-1,-1
126,23,921.53,124.99,387.82,1008.57,0.87,-1,-1,-1
126,26,819.55,256.44,156.29,441.47,0.88,-1,-1,-1
126,27,681.59,240.38,112.36,353.77,0.91,-1,-1,-1
126,12,931.97,219.84,176.24,522.37,0.79,-1,-1,-1
126,22,770.90,238.16,107.50,348.72,0.86,-1,-1,-1
127,1,474.02,222.73,190.13,509.00,0.95,-1,-1,-1
127,23,936.68,121.18,396.02,1038.92,0.84,-1,-1,-1
127,26,826.85,256.56,161.43,450.90,0.89,-1,-1,-1
127,27,684.19,238.91,113.41,358.53,0.90,-1,-1,-1
127,12,942.58,218.00,179.80,538.86,0.78,-1,-1,-1
127,22,775.33,237.65,111.11,357.62,0.87,-1,-1,-1
128,1,474.43,219.73,189.89,506.72,0.95,-1,-1,-1
128,23,950.37,104.39,405.61,1088.13,0.82,-1,-1,-1
128,26,836.63,258.05,162.32,455.03,0.91,-1,-1,-1
128,27,685.90,236.87,114.86,362.09,0.90,-1,-1,-1
128,12,949.77,216.37,182.10,542.24,0.81,-1,-1,-1
128,22,776.53,235.99,117.06,367.74,0.87,-1,-1,-1
129,1,474.45,216.63,189.92,500.60,0.95,-1,-1,-1
129,23,963.56,107.02,409.18,1113.76,0.77,-1,-1,-1
129,26,847.45,259.73,159.38,456.51,0.91,-1,-1,-1
129,27,687.87,235.15,116.00,364.83,0.87,-1,-1,-1
129,12,955.17,216.18,184.10,541.61,0.83,-1,-1,-1
129,22,781.19,234.10,120.51,370.37,0.87,-1,-1,-1
130,1,475.12,214.32,189.95,494.23,0.95,-1,-1,-1
130,23,980.13,97.40,414.82,1158.99,0.79,-1,-1,-1
130,26,857.54,260.67,156.64,458.28,0.90,-1,-1,-1
130,27,690.92,233.04,117.56,368.90,0.89,-1,-1,-1
130,12,961.66,217.52,188.24,550.13,0.83,-1,-1,-1
130,22,783.79,230.81,123.51,379.88,0.86,-1,-1,-1
131,1,474.99,211.97,191.35,494.02,0.95,-1,-1,-1
131,23,1000.48,97.25,433.46,1183.37,0.77,-1,-1,-1
131,26,866.23,261.42,157.19,462.85,0.90,-1,-1,-1
131,27,693.52,229.86,119.38,374.47,0.88,-1,-1,-1
131,12,976.97,216.97,189.88,570.39,0.83,-1,-1,-1
131,22,787.99,225.85,126.46,392.04,0.86,-1,-1,-1
132,1,474.30,209.47,193.14,496.82,0.95,-1,-1,-1
132,23,1019.50,91.16,435.85,1217.63,0.76,-1,-1,-1
132,26,873.88,263.23,160.38,466.98,0.89,-1,-1,-1
132,27,695.83,228.61,120.66,377.69,0.87,-1,-1,-1
132,12,976.63,217.04,205.71,589.81,0.86,-1,-1,-1
132,22,791.76,223.23,129.90,400.77,0.88,-1,-1,-1
133,1,474.50,208.02,193.78,501.13,0.95,-1,-1,-1
133,23,1040.43,93.92,428.08,1217.38,0.79,-1,-1,-1
133,26,881.75,263.55,163.29,467.78,0.90,-1,-1,-1
133,27,698.71,227.57,122.84,379.99,0.88,-1,-1,-1
133,12,965.96,216.65,234.48,616.53,0.86,-1,-1,-1
133,22,794.82,220.92,133.46,407.90,0.88,-1,-1,-1
134,1,475.18,207.24,194.61,503.04,0.95,-1,-1,-1
134,23,1067.05,107.84,412.76,1184.76,0.69,-1,-1,-1
134,26,893.03,262.17,164.04,473.57,0.90,-1,-1,-1
134,27,702.98,226.71,122.43,383.30,0.88,-1,-1,-1
134,12,972.29,215.39,245.69,630.63,0.84,-1,-1,-1
134,22,799.99,217.89,135.90,415.55,0.88,-1,-1,-1
135,1,476.42,206.97,194.50,508.05,0.95,-1,-1,-1
135,23,1092.36,147.29,357.78,1083.07,0.40,-1,-1,-1
135,26,901.80,262.02,166.80,476.18,0.89,-1,-1,-1
135,27,706.81,226.08,122.93,386.85,0.89,-1,-1,-1
135,12,973.08,215.45,266.18,663.22,0.86,-1,-1,-1
135,22,803.91,214.67,140.11,423.93,0.89,-1,-1,-1
136,1,476.73,207.58,195.05,513.49,0.95,-1,-1,-1
136,23,1119.14,178.17,341.15,1041.69,0.29,-1,-1,-1
136,26,911.49,262.77,168.08,490.53,0.89,-1,-1,-1
136,27,703.87,225.87,131.35,391.11,0.86,-1,-1,-1
136,12,976.49,211.86,284.31,695.97,0.86,-1,-1,-1
136,22,808.07,214.87,140.49,431.20,0.89,-1,-1,-1
137,1,476.89,207.40,195.33,515.74,0.95,-1,-1,-1
137,26,919.57,261.60,173.02,502.09,0.89,-1,-1,-1
137,27,694.79,226.05,144.38,393.29,0.85,-1,-1,-1
137,12,985.90,208.31,301.70,723.45,0.86,-1,-1,-1
137,22,813.00,215.66,141.45,436.39,0.89,-1,-1,-1
137,34,699.75,300.60,18.90,52.65,0.77,-1,-1,-1
138,1,476.36,208.62,196.52,516.86,0.95,-1,-1,-1
138,26,927.45,261.46,174.75,525.80,0.88,-1,-1,-1
138,27,689.39,227.25,157.86,393.92,0.87,-1,-1,-1
138,12,997.75,205.01,319.59,748.68,0.84,-1,-1,-1
138,22,819.60,217.55,140.77,430.87,0.89,-1,-1,-1
138,34,699.26,300.74,18.92,52.71,0.71,-1,-1,-1
139,1,477.02,209.87,196.96,521.24,0.94,-1,-1,-1
139,26,934.83,263.88,178.88,532.53,0.88,-1,-1,-1
139,27,689.12,227.53,163.77,396.30,0.89,-1,-1,-1
139,12,1007.42,201.61,326.54,764.82,0.85,-1,-1,-1
139,22,827.58,217.76,139.51,436.13,0.88,-1,-1,-1
139,34,698.76,300.80,18.24,52.04,0.70,-1,-1,-1
140,1,477.49,210.93,197.88,531.44,0.94,-1,-1,-1
140,26,941.70,267.11,187.60,547.47,0.88,-1,-1,-1
140,27,691.62,227.08,165.60,400.48,0.89,-1,-1,-1
140,12,1031.92,200.52,308.74,766.62,0.85,-1,-1,-1
140,22,832.98,217.65,141.46,442.48,0.87,-1,-1,-1
140,34,697.66,300.91,18.72,51.79,0.66,-1,-1,-1
141,1,476.63,211.74,200.42,533.31,0.94,-1,-1,-1
141,26,950.37,269.20,194.19,556.17,0.88,-1,-1,-1
141,27,692.65,227.06,168.29,403.37,0.91,-1,-1,-1
141,12,1050.80,195.24,301.65,780.47,0.85,-1,-1,-1
141,22,838.08,219.04,143.46,444.24,0.88,-1,-1,-1
141,34,697.02,300.70,18.86,51.71,0.44,-1,-1,-1
142,1,477.43,211.97,200.69,537.59,0.94,-1,-1,-1
142,26,959.27,269.71,200.07,574.58,0.87,-1,-1,-1
142,27,695.60,227.91,169.16,406.51,0.91,-1,-1,-1
142,12,1047.05,188.48,325.82,805.43,0.84,-1,-1,-1
142,22,841.62,219.59,148.82,459.57,0.86,-1,-1,-1
142,34,696.15,299.61,18.90,53.34,0.48,-1,-1,-1
143,1,477.05,211.66,202.52,537.75,0.94,-1,-1,-1
143,26,968.75,268.78,206.86,592.46,0.88,-1,-1,-1
143,27,700.44,227.03,170.47,411.20,0.88,-1,-1,-1
143,12,1052.97,180.34,334.64,831.29,0.83,-1,-1,-1
143,22,847.13,220.89,149.88,470.06,0.86,-1,-1,-1
143,34,694.53,298.96,19.54,53.58,0.63,-1,-1,-1
144,1,478.42,211.38,202.53,533.53,0.94,-1,-1,-1
144,26,977.39,267.42,213.95,601.45,0.88,-1,-1,-1
144,27,709.90,225.97,170.21,415.54,0.86,-1,-1,-1
144,12,1060.82,179.89,329.60,831.19,0.84,-1,-1,-1
144,22,859.42,220.83,143.35,469.68,0.88,-1,-1,-1
144,34,693.06,298.61,20.38,53.65,0.68,-1,-1,-1
144,35,712.80,308.47,32.40,53.10,0.74,-1,-1,-1
145,1,480.07,209.87,202.45,525.10,0.94,-1,-1,-1
145,26,987.30,262.55,221.16,614.71,0.88,-1,-1,-1
145,27,723.89,223.30,159.91,419.02,0.85,-1,-1,-1
145,12,1072.20,173.99,324.71,842.46,0.80,-1,-1,-1
145,22,869.92,221.13,142.50,467.93,0.87,-1,-1,-1
145,34,692.34,298.01,20.67,53.62,0.73,-1,-1,-1
145,35,711.55,308.11,32.42,53.14,0.76,-1,-1,-1
146,1,482.88,207.37,200.04,529.77,0.94,-1,-1,-1
146,26,997.27,257.85,223.86,623.87,0.89,-1,-1,-1
146,27,744.56,221.22,153.92,433.36,0.86,-1,-1,-1
146,12,1082.84,167.80,332.05,859.49,0.79,-1,-1,-1
146,22,880.75,219.83,141.55,474.65,0.88,-1,-1,-1
146,34,691.70,298.03,20.17,53.32,0.57,-1,-1,-1
146,35,709.80,308.09,32.43,52.83,0.75,-1,-1,-1
147,1,483.35,204.64,200.41,532.16,0.94,-1,-1,-1
147,26,1007.41,250.99,230.68,644.99,0.89,-1,-1,-1
147,27,756.03,218.89,152.32,444.68,0.86,-1,-1,-1
147,12,1096.74,199.57,334.81,815.20,0.70,-1,-1,-1
147,22,888.59,217.09,143.33,483.44,0.88,-1,-1,-1
147,34,691.29,297.72,19.97,53.82,0.73,-1,-1,-1
147,35,709.40,307.15,31.02,53.75,0.71,-1,-1,-1
147,36,677.25,299.70,19.80,53.10,0.73,-1,-1,-1
148,1,484.07,201.64,199.91,536.51,0.94,-1,-1,-1
148,26,1016.75,246.56,238.95,663.30,0.89,-1,-1,-1
148,27,759.38,215.72,157.11,458.53,0.85,-1,-1,-1
148,12,1105.21,210.84,344.99,812.52,0.59,-1,-1,-1
148,22,896.86,213.49,144.84,501.83,0.88,-1,-1,-1
148,34,690.21,297.38,19.89,53.99,0.65,-1,-1,-1
148,35,707.59,306.90,31.27,54.36,0.64,-1,-1,-1
148,37,1013.40,300.15,43.20,125.10,0.83,-1,-1,-1
148,38,1032.30,304.20,43.20,110.25,0.75,-1,-1,-1
149,1,484.56,198.44,199.81,529.32,0.95,-1,-1,-1
149,26,1027.74,240.19,247.92,696.41,0.88,-1,-1,-1
149,27,766.13,212.45,162.48,473.47,0.86,-1,-1,-1
149,12,1114.13,275.70,322.03,718.62,0.20,-1,-1,-1
149,22,905.15,208.59,147.82,514.67,0.88,-1,-1,-1
149,34,689.25,297.11,20.47,54.06,0.71,-1,-1,-1
149,35,706.75,307.47,30.71,52.94,0.81,-1,-1,-1
149,37,1014.21,300.22,41.79,128.13,0.67,-1,-1,-1
149,38,1029.53,303.39,46.11,121.90,0.61,-1,-1,-1
