0,1,577.80,154.12,178.20,617.17,0.90,-1,-1,-1
0,2,398.70,222.75,252.00,669.60,0.86,-1,-1,-1
0,3,280.35,246.37,194.40,601.42,0.83,-1,-1,-1
0,4,766.80,312.07,30.60,67.05,0.75,-1,-1,-1
0,5,-147.38,168.75,278.10,842.85,0.73,-1,-1,-1
1,1,577.82,155.28,179.05,620.08,0.90,-1,-1,-1
1,2,397.50,223.74,260.68,673.11,0.86,-1,-1,-1
1,3,290.63,244.44,185.30,598.86,0.85,-1,-1,-1
1,4,771.95,312.88,33.73,66.68,0.80,-1,-1,-1
1,5,-139.46,202.93,261.41,814.38,0.71,-1,-1,-1
1,6,765.45,311.40,23.40,65.25,0.74,-1,-1,-1
2,1,579.93,157.90,177.82,615.40,0.91,-1,-1,-1
2,2,393.81,222.31,254.61,668.70,0.85,-1,-1,-1
2,3,291.47,245.15,180.72,592.50,0.86,-1,-1,-1
2,4,775.59,312.48,35.64,66.97,0.71,-1,-1,-1
2,5,-146.54,196.28,256.62,789.30,0.51,-1,-1,-1
2,7,41.03,308.70,78.10,187.65,0.79,-1,-1,-1
3,1,581.26,159.74,176.69,610.69,0.91,-1,-1,-1
3,2,389.17,224.07,267.61,649.42,0.87,-1,-1,-1
3,3,288.91,245.90,184.94,578.57,0.86,-1,-1,-1
3,4,780.33,311.29,33.61,68.78,0.69,-1,-1,-1
3,5,-141.83,228.60,233.25,685.74,0.12,-1,-1,-1
3,7,38.80,308.72,78.98,167.57,0.86,-1,-1,-1
3,8,-21.97,273.60,99.03,255.60,0.84,-1,-1,-1
4,1,581.63,160.61,175.03,606.29,0.92,-1,-1,-1
4,2,382.74,216.91,268.04,657.26,0.86,-1,-1,-1
4,3,285.05,245.83,191.02,575.07,0.86,-1,-1,-1
4,4,786.15,311.27,34.78,70.02,0.79,-1,-1,-1
4,7,38.90,308.94,76.03,164.82,0.86,-1,-1,-1
4,8,-25.51,272.92,99.90,256.09,0.88,-1,-1,-1
5,1,580.37,161.46,172.46,605.51,0.92,-1,-1,-1
5,2,375.05,216.34,275.96,673.01,0.87,-1,-1,-1
5,3,281.22,246.55,195.85,595.50,0.86,-1,-1,-1
5,4,791.34,311.10,34.50,70.40,0.73,-1,-1,-1
5,7,36.29,308.73,75.79,165.20,0.86,-1,-1,-1
5,8,-27.19,272.37,97.57,262.43,0.87,-1,-1,-1
5,9,845.55,309.15,31.50,69.30,0.73,-1,-1,-1
6,1,579.25,162.30,167.88,602.94,0.93,-1,-1,-1
6,2,366.88,212.31,288.02,675.71,0.86,-1,-1,-1
6,3,275.96,245.86,195.58,591.74,0.86,-1,-1,-1
6,4,796.50,310.41,33.13,72.06,0.78,-1,-1,-1
6,7,32.46,308.70,76.72,165.39,0.88,-1,-1,-1
6,8,-28.29,272.23,93.65,267.65,0.85,-1,-1,-1
6,9,846.39,309.15,30.08,68.98,0.79,-1,-1,-1
7,1,577.27,162.23,166.95,604.28,0.93,-1,-1,-1
7,2,359.86,207.81,293.46,682.14,0.86,-1,-1,-1
7,3,270.61,246.82,202.58,611.45,0.85,-1,-1,-1
7,4,802.52,309.25,36.39,74.46,0.81,-1,-1,-1
7,7,29.78,308.66,77.27,165.80,0.86,-1,-1,-1
7,8,-40.06,266.83,101.31,279.44,0.85,-1,-1,-1
7,9,848.33,308.44,29.09,69.26,0.81,-1,-1,-1
8,1,575.35,160.61,167.34,610.08,0.92,-1,-1,-1
8,2,355.06,201.22,297.09,689.10,0.86,-1,-1,-1
8,3,265.02,249.14,205.23,610.44,0.85,-1,-1,-1
8,4,808.15,308.36,38.70,76.22,0.81,-1,-1,-1
8,7,27.32,308.18,76.86,166.74,0.84,-1,-1,-1
8,8,-43.05,272.02,100.31,274.03,0.87,-1,-1,-1
8,9,849.24,308.37,28.77,68.64,0.78,-1,-1,-1
9,1,573.13,159.10,167.53,605.86,0.92,-1,-1,-1
9,2,347.49,199.06,299.41,690.51,0.85,-1,-1,-1
9,3,259.40,249.41,211.79,621.44,0.84,-1,-1,-1
9,4,815.12,308.23,39.57,76.83,0.80,-1,-1,-1
9,7,21.39,307.87,80.85,167.23,0.89,-1,-1,-1
9,8,-48.63,272.14,101.71,273.86,0.84,-1,-1,-1
9,9,850.80,308.74,26.64,67.07,0.64,-1,-1,-1
9,10,805.05,309.15,27.90,72.00,0.73,-1,-1,-1
10,1,570.44,155.58,167.71,610.78,0.92,-1,-1,-1
10,2,341.55,196.84,301.50,702.32,0.83,-1,-1,-1
10,3,253.51,247.66,216.46,641.23,0.81,-1,-1,-1
10,4,820.89,307.17,41.07,79.73,0.81,-1,-1,-1
10,7,18.05,306.82,81.12,168.70,0.89,-1,-1,-1
10,8,-52.95,268.89,101.14,270.17,0.84,-1,-1,-1
10,9,851.56,307.22,26.69,70.57,0.67,-1,-1,-1
10,10,810.18,307.71,26.48,74.21,0.78,-1,-1,-1
11,1,568.31,152.92,167.79,617.21,0.92,-1,-1,-1
11,2,337.95,191.62,298.33,706.21,0.84,-1,-1,-1
11,3,246.15,243.86,218.09,634.38,0.81,-1,-1,-1
11,4,827.04,306.47,36.36,80.48,0.74,-1,-1,-1
11,7,14.56,306.42,81.83,169.51,0.88,-1,-1,-1
11,8,-58.53,268.78,101.60,269.10,0.82,-1,-1,-1
11,9,852.08,306.24,27.38,75.78,0.62,-1,-1,-1
11,10,815.44,307.24,26.90,75.67,0.77,-1,-1,-1
12,1,565.77,150.56,169.15,622.20,0.92,-1,-1,-1
12,2,335.56,196.35,278.03,694.04,0.88,-1,-1,-1
12,3,237.50,239.09,228.56,636.53,0.80,-1,-1,-1
12,4,834.33,306.57,39.31,82.46,0.76,-1,-1,-1
12,7,12.09,306.02,81.81,170.81,0.88,-1,-1,-1
12,8,-60.98,271.57,99.29,267.51,0.75,-1,-1,-1
12,9,854.11,306.08,27.64,79.75,0.41,-1,-1,-1
12,10,823.39,308.68,24.94,73.72,0.23,-1,-1,-1
13,1,562.79,147.59,172.01,628.01,0.92,-1,-1,-1
13,2,331.17,193.13,273.43,709.21,0.87,-1,-1,-1
13,3,232.27,236.97,228.00,637.27,0.80,-1,-1,-1
13,4,841.55,306.08,38.56,85.54,0.83,-1,-1,-1
13,7,5.13,305.64,86.22,172.06,0.89,-1,-1,-1
13,8,-61.01,277.69,93.18,261.73,0.65,-1,-1,-1
13,9,855.74,306.54,27.74,79.45,0.11,-1,-1,-1
13,10,831.25,308.85,23.59,74.40,0.76,-1,-1,-1
14,1,560.16,146.54,176.12,624.85,0.93,-1,-1,-1
14,2,327.98,192.79,276.84,720.61,0.87,-1,-1,-1
14,3,230.03,239.54,227.64,654.15,0.75,-1,-1,-1
14,4,849.13,305.67,40.01,87.27,0.82,-1,-1,-1
14,7,-0.40,305.88,88.67,173.72,0.90,-1,-1,-1
14,8,-60.37,279.73,88.34,262.93,0.53,-1,-1,-1
14,10,838.39,308.59,25.97,77.24,0.63,-1,-1,-1
15,1,557.45,147.86,178.78,629.80,0.93,-1,-1,-1
15,2,327.52,196.16,273.02,718.78,0.89,-1,-1,-1
15,3,227.72,237.41,219.27,635.50,0.83,-1,-1,-1
15,4,857.01,305.05,47.57,90.48,0.86,-1,-1,-1
15,7,-2.36,306.83,88.03,174.25,0.87,-1,-1,-1
15,8,-61.12,299.90,84.18,245.60,0.18,-1,-1,-1
15,10,845.49,309.87,26.68,77.25,0.56,-1,-1,-1
16,1,555.36,146.76,180.49,637.19,0.92,-1,-1,-1
16,2,327.90,196.85,269.88,719.88,0.88,-1,-1,-1
16,3,225.96,237.74,215.34,636.28,0.82,-1,-1,-1
16,4,865.68,305.26,50.41,92.26,0.87,-1,-1,-1
16,7,-7.44,307.77,90.36,175.19,0.88,-1,-1,-1
16,10,852.83,308.93,30.04,81.25,0.77,-1,-1,-1
17,1,554.64,149.23,179.89,626.82,0.93,-1,-1,-1
17,2,328.69,201.20,267.61,717.15,0.89,-1,-1,-1
17,3,226.39,237.90,212.28,628.26,0.83,-1,-1,-1
17,4,874.68,304.37,49.00,94.64,0.84,-1,-1,-1
17,7,-8.17,308.12,88.19,175.95,0.88,-1,-1,-1
17,10,861.55,308.17,30.09,82.07,0.76,-1,-1,-1
18,1,554.08,149.97,180.29,618.95,0.93,-1,-1,-1
18,2,329.49,210.28,264.91,709.96,0.88,-1,-1,-1
18,3,225.32,237.92,207.32,622.67,0.82,-1,-1,-1
18,4,883.55,304.97,49.21,96.67,0.86,-1,-1,-1
18,7,-6.91,308.07,84.10,176.82,0.89,-1,-1,-1
18,10,870.00,306.43,30.07,87.45,0.83,-1,-1,-1
18,9,856.69,307.86,26.24,70.75,0.81,-1,-1,-1
19,1,553.71,149.79,182.04,618.42,0.93,-1,-1,-1
19,2,328.83,212.90,265.54,707.77,0.89,-1,-1,-1
19,3,222.35,240.69,204.35,611.89,0.82,-1,-1,-1
19,4,892.84,305.81,50.10,97.68,0.85,-1,-1,-1
19,7,-7.66,308.17,82.38,177.40,0.89,-1,-1,-1
19,10,878.27,306.08,31.20,90.58,0.82,-1,-1,-1
19,9,857.56,307.93,26.10,69.78,0.85,-1,-1,-1
20,1,553.65,149.90,183.28,619.53,0.93,-1,-1,-1
20,2,333.67,213.88,261.17,708.62,0.87,-1,-1,-1
20,3,224.14,240.57,199.65,612.61,0.83,-1,-1,-1
20,4,903.19,304.68,55.05,101.21,0.82,-1,-1,-1
20,7,-10.35,308.24,83.37,178.77,0.89,-1,-1,-1
20,10,885.00,305.65,34.54,91.74,0.76,-1,-1,-1
20,9,859.05,307.66,26.06,69.77,0.86,-1,-1,-1
21,1,553.08,150.25,182.55,619.05,0.93,-1,-1,-1
21,2,339.37,214.97,257.61,706.34,0.88,-1,-1,-1
21,3,223.89,245.17,193.98,601.66,0.82,-1,-1,-1
21,4,913.84,303.37,56.37,104.25,0.83,-1,-1,-1
21,7,-14.69,308.26,84.81,179.25,0.89,-1,-1,-1
21,10,896.28,305.48,34.96,94.46,0.80,-1,-1,-1
21,9,859.56,307.68,26.05,69.80,0.86,-1,-1,-1
22,1,552.31,150.34,179.87,615.40,0.93,-1,-1,-1
22,2,344.05,213.36,255.61,709.90,0.88,-1,-1,-1
22,3,224.22,247.01,193.39,601.77,0.82,-1,-1,-1
22,4,925.09,302.86,58.85,105.68,0.82,-1,-1,-1
22,7,-17.59,307.94,84.97,180.33,0.88,-1,-1,-1
22,10,907.25,305.27,34.79,97.21,0.83,-1,-1,-1
22,9,860.06,307.67,26.05,69.85,0.85,-1,-1,-1
23,1,551.78,150.38,176.43,612.16,0.93,-1,-1,-1
23,2,345.84,210.94,257.93,711.13,0.86,-1,-1,-1
23,3,223.78,249.17,195.11,600.91,0.83,-1,-1,-1
23,4,937.84,302.36,62.07,108.19,0.83,-1,-1,-1
23,7,-20.70,307.66,85.87,181.13,0.87,-1,-1,-1
23,10,917.65,304.44,37.03,101.12,0.82,-1,-1,-1
23,9,861.10,307.49,25.46,70.19,0.85,-1,-1,-1
24,1,551.62,151.27,172.71,607.68,0.93,-1,-1,-1
24,2,349.03,207.28,258.96,710.06,0.87,-1,-1,-1
24,3,224.13,250.36,195.17,612.50,0.84,-1,-1,-1
24,4,950.61,302.15,68.99,111.13,0.88,-1,-1,-1
24,7,-21.82,307.05,83.86,182.14,0.87,-1,-1,-1
24,10,929.47,303.95,39.01,103.73,0.82,-1,-1,-1
24,9,861.43,306.78,25.23,70.94,0.86,-1,-1,-1
25,1,550.15,151.44,172.57,608.71,0.92,-1,-1,-1
25,2,348.74,206.18,263.62,700.51,0.86,-1,-1,-1
25,3,224.62,250.17,199.17,609.85,0.83,-1,-1,-1
25,4,964.05,300.37,71.70,115.42,0.85,-1,-1,-1
25,7,-24.42,306.83,84.21,183.13,0.85,-1,-1,-1
25,10,942.05,303.36,42.06,106.44,0.83,-1,-1,-1
25,9,861.34,306.38,26.37,71.25,0.85,-1,-1,-1
26,1,548.99,151.08,173.73,617.94,0.92,-1,-1,-1
26,2,347.08,203.11,269.54,697.13,0.86,-1,-1,-1
26,3,224.81,250.84,199.19,601.79,0.83,-1,-1,-1
26,4,978.80,297.97,72.73,120.20,0.85,-1,-1,-1
26,7,-26.16,306.62,83.56,183.32,0.86,-1,-1,-1
26,10,954.68,302.58,45.50,109.45,0.82,-1,-1,-1
26,9,861.52,306.10,27.38,71.38,0.83,-1,-1,-1
27,1,546.80,150.20,176.01,629.60,0.91,-1,-1,-1
27,2,354.41,199.29,268.87,688.40,0.86,-1,-1,-1
27,3,225.08,250.77,202.22,594.28,0.82,-1,-1,-1
27,4,995.29,298.33,75.36,122.58,0.85,-1,-1,-1
27,7,-28.04,307.32,82.18,183.50,0.85,-1,-1,-1
27,10,968.54,301.98,46.86,112.00,0.80,-1,-1,-1
27,9,861.58,305.68,27.18,71.73,0.83,-1,-1,-1
28,1,545.99,149.84,176.86,632.25,0.91,-1,-1,-1
28,2,358.37,194.54,267.97,698.11,0.86,-1,-1,-1
28,3,223.92,250.38,205.80,598.48,0.81,-1,-1,-1
28,4,1012.35,296.61,76.34,126.61,0.81,-1,-1,-1
28,7,-30.82,307.84,82.22,182.96,0.85,-1,-1,-1
28,10,983.51,299.72,48.50,118.72,0.82,-1,-1,-1
28,9,861.85,305.67,27.09,71.58,0.83,-1,-1,-1
29,1,546.13,149.15,177.17,634.83,0.92,-1,-1,-1
29,2,359.82,191.21,266.55,698.74,0.87,-1,-1,-1
29,3,226.13,249.35,204.10,593.07,0.83,-1,-1,-1
29,4,1030.86,295.21,72.03,132.11,0.83,-1,-1,-1
29,7,-32.64,308.36,80.50,182.08,0.82,-1,-1,-1
29,10,1000.00,299.69,51.38,121.24,0.82,-1,-1,-1
29,9,862.56,305.50,26.46,71.51,0.85,-1,-1,-1
30,1,544.97,148.57,178.45,633.48,0.91,-1,-1,-1
30,2,362.16,190.73,264.64,694.50,0.86,-1,-1,-1
30,3,228.39,246.65,201.61,589.55,0.82,-1,-1,-1
30,4,1050.68,295.59,72.55,135.08,0.83,-1,-1,-1
30,7,-37.35,309.71,82.16,180.57,0.78,-1,-1,-1
30,10,1017.03,297.15,53.62,126.48,0.82,-1,-1,-1
30,9,863.38,305.17,26.21,71.50,0.85,-1,-1,-1
31,1,545.16,147.35,178.91,632.13,0.91,-1,-1,-1
31,2,364.33,190.04,263.76,685.68,0.88,-1,-1,-1
31,3,224.48,241.45,211.44,593.67,0.82,-1,-1,-1
31,4,1071.82,294.49,72.70,142.49,0.88,-1,-1,-1
31,7,-43.54,306.63,84.44,183.56,0.69,-1,-1,-1
31,10,1034.87,296.77,54.46,133.33,0.88,-1,-1,-1
31,9,863.94,304.77,26.12,71.79,0.85,-1,-1,-1
32,1,544.66,145.43,179.69,633.67,0.90,-1,-1,-1
32,2,365.82,187.47,263.61,696.84,0.86,-1,-1,-1
32,3,221.71,237.90,216.52,598.42,0.82,-1,-1,-1
32,4,1095.97,291.53,76.24,151.88,0.84,-1,-1,-1
32,7,-48.38,304.48,85.42,186.01,0.40,-1,-1,-1
32,10,1055.39,293.95,58.18,138.80,0.86,-1,-1,-1
32,9,865.93,304.64,25.49,71.91,0.86,-1,-1,-1
33,1,547.48,143.28,178.27,627.45,0.91,-1,-1,-1
33,2,365.40,184.99,274.41,698.57,0.86,-1,-1,-1
33,3,219.45,236.08,219.12,597.95,0.81,-1,-1,-1
33,4,1121.74,289.42,76.42,160.07,0.85,-1,-1,-1
33,7,-48.71,305.86,81.45,185.76,0.44,-1,-1,-1
33,10,1078.55,291.88,60.76,147.76,0.87,-1,-1,-1
33,9,867.62,304.65,25.26,71.97,0.86,-1,-1,-1
34,1,551.00,142.26,176.51,624.10,0.92,-1,-1,-1
34,2,366.12,186.12,274.88,691.27,0.85,-1,-1,-1
34,3,219.24,234.60,220.94,598.64,0.82,-1,-1,-1
34,4,1150.60,288.09,85.79,166.64,0.87,-1,-1,-1
34,10,1102.24,292.00,66.28,154.03,0.86,-1,-1,-1
34,9,868.51,304.86,25.18,71.99,0.87,-1,-1,-1
35,1,554.72,142.82,174.74,616.06,0.91,-1,-1,-1
35,2,366.89,192.65,286.41,677.84,0.84,-1,-1,-1
35,3,231.21,235.65,208.72,598.71,0.82,-1,-1,-1
35,4,1181.30,286.44,96.09,178.71,0.86,-1,-1,-1
35,10,1127.76,289.37,74.06,164.43,0.85,-1,-1,-1
35,9,869.48,304.96,25.17,72.30,0.85,-1,-1,-1
36,1,556.45,143.66,175.31,614.31,0.92,-1,-1,-1
36,2,368.04,199.24,284.34,680.87,0.85,-1,-1,-1
36,3,247.91,237.31,194.79,602.99,0.84,-1,-1,-1
36,4,1216.88,287.23,90.25,185.94,0.77,-1,-1,-1
36,10,1156.22,288.50,81.62,175.54,0.85,-1,-1,-1
36,9,870.18,304.87,25.17,72.73,0.85,-1,-1,-1
37,1,558.33,143.92,174.78,620.57,0.91,-1,-1,-1
37,2,370.07,201.42,286.15,677.08,0.86,-1,-1,-1
37,3,255.19,235.85,190.40,603.57,0.84,-1,-1,-1
37,10,1188.83,286.67,87.93,188.24,0.85,-1,-1,-1
37,9,871.18,304.71,24.56,73.15,0.85,-1,-1,-1
38,1,560.21,144.43,173.98,610.86,0.92,-1,-1,-1
38,2,371.09,203.81,283.80,674.97,0.86,-1,-1,-1
38,3,255.26,236.60,192.23,607.51,0.86,-1,-1,-1
38,10,1222.95,284.63,84.92,203.46,0.70,-1,-1,-1
38,9,871.81,304.00,24.94,73.90,0.84,-1,-1,-1
39,1,561.48,143.42,173.66,614.38,0.92,-1,-1,-1
39,2,372.32,204.50,277.45,677.09,0.86,-1,-1,-1
39,3,251.44,237.02,199.24,614.78,0.86,-1,-1,-1
39,9,872.59,303.72,24.48,73.88,0.84,-1,-1,-1
40,1,561.04,143.05,175.39,628.05,0.91,-1,-1,-1
40,2,373.47,202.81,274.00,687.74,0.86,-1,-1,-1
40,3,247.72,235.30,204.28,620.67,0.85,-1,-1,-1
40,9,873.51,303.64,24.31,73.88,0.84,-1,-1,-1
41,1,562.98,142.51,174.90,636.55,0.91,-1,-1,-1
41,2,375.86,200.10,265.40,689.93,0.86,-1,-1,-1
41,3,244.69,238.25,208.62,616.30,0.85,-1,-1,-1
41,9,874.47,303.75,24.86,73.57,0.85,-1,-1,-1
42,1,566.34,143.66,172.21,634.48,0.91,-1,-1,-1
42,2,377.90,197.84,266.87,697.84,0.85,-1,-1,-1
42,3,241.58,239.95,214.28,621.03,0.86,-1,-1,-1
42,9,875.59,303.83,25.06,73.73,0.86,-1,-1,-1
43,1,567.01,144.04,173.55,624.16,0.91,-1,-1,-1
43,2,378.77,197.49,268.43,691.99,0.86,-1,-1,-1
43,3,240.09,243.32,216.64,617.35,0.85,-1,-1,-1
43,9,876.32,303.54,25.13,73.80,0.86,-1,-1,-1
44,1,568.02,144.31,173.71,629.85,0.91,-1,-1,-1
44,2,381.32,194.42,267.54,705.12,0.86,-1,-1,-1
44,3,238.95,244.84,221.14,616.51,0.85,-1,-1,-1
44,9,877.18,303.32,25.78,74.13,0.85,-1,-1,-1
45,1,568.72,145.34,173.60,630.60,0.91,-1,-1,-1
45,2,383.50,190.89,262.22,715.48,0.86,-1,-1,-1
45,3,236.98,243.10,229.25,627.49,0.84,-1,-1,-1
45,9,878.07,302.89,25.41,74.25,0.84,-1,-1,-1
46,1,568.68,145.91,174.82,624.13,0.91,-1,-1,-1
46,2,385.34,189.03,261.07,716.37,0.88,-1,-1,-1
46,3,236.28,241.47,232.06,627.84,0.84,-1,-1,-1
46,9,879.01,302.59,25.87,74.28,0.85,-1,-1,-1
47,1,568.87,146.44,175.84,615.38,0.91,-1,-1,-1
47,2,386.21,190.29,264.24,713.80,0.87,-1,-1,-1
47,3,236.55,238.75,236.53,629.99,0.82,-1,-1,-1
47,9,880.17,302.22,26.04,74.59,0.86,-1,-1,-1
48,1,566.89,146.75,179.86,620.48,0.91,-1,-1,-1
48,2,388.00,191.07,269.71,707.80,0.88,-1,-1,-1
48,3,238.42,235.93,238.54,635.60,0.82,-1,-1,-1
48,9,881.88,301.47,25.52,75.01,0.86,-1,-1,-1
49,1,565.21,146.68,183.15,626.12,0.91,-1,-1,-1
49,2,388.60,191.23,275.94,704.38,0.89,-1,-1,-1
49,3,239.72,233.97,239.22,631.40,0.83,-1,-1,-1
49,9,882.46,301.01,25.91,75.17,0.86,-1,-1,-1
50,1,563.95,146.23,185.45,627.41,0.91,-1,-1,-1
50,2,389.82,187.42,280.67,713.12,0.88,-1,-1,-1
50,3,243.81,229.78,235.71,625.59,0.83,-1,-1,-1
50,9,883.75,300.74,26.05,75.21,0.85,-1,-1,-1
51,1,564.04,145.32,186.92,632.84,0.91,-1,-1,-1
51,2,392.14,183.66,285.89,721.75,0.88,-1,-1,-1
51,3,248.46,226.32,232.37,624.43,0.83,-1,-1,-1
51,9,885.12,300.80,26.10,74.92,0.84,-1,-1,-1
52,1,563.21,144.38,189.20,637.25,0.90,-1,-1,-1
52,2,395.79,180.77,287.37,723.18,0.88,-1,-1,-1
52,3,251.56,225.50,228.78,629.49,0.82,-1,-1,-1
52,9,886.80,300.40,26.11,74.81,0.85,-1,-1,-1
53,1,561.74,143.84,191.94,640.73,0.89,-1,-1,-1
53,2,398.18,180.02,290.85,721.18,0.89,-1,-1,-1
53,3,260.31,223.50,222.89,623.84,0.83,-1,-1,-1
53,9,888.99,299.89,25.54,75.37,0.86,-1,-1,-1
54,1,563.48,145.62,190.52,639.11,0.88,-1,-1,-1
54,2,403.56,179.96,292.47,727.57,0.87,-1,-1,-1
54,3,266.08,223.99,223.13,630.58,0.81,-1,-1,-1
54,9,890.27,299.61,25.31,75.86,0.85,-1,-1,-1
54,11,281.92,271.80,73.80,228.15,0.77,-1,-1,-1
55,1,559.46,146.92,197.06,640.18,0.87,-1,-1,-1
55,2,409.01,183.15,290.83,728.80,0.88,-1,-1,-1
55,3,271.81,226.64,218.45,628.86,0.81,-1,-1,-1
55,9,890.74,299.67,26.43,76.04,0.84,-1,-1,-1
55,11,282.10,272.96,75.30,234.76,0.86,-1,-1,-1
56,1,556.42,146.68,205.32,648.08,0.87,-1,-1,-1
56,2,417.77,194.37,285.33,718.85,0.88,-1,-1,-1
56,3,279.53,227.70,213.64,636.46,0.80,-1,-1,-1
56,9,891.96,300.15,26.25,76.10,0.84,-1,-1,-1
56,11,281.25,272.87,78.01,238.79,0.87,-1,-1,-1
57,1,557.38,146.09,209.60,653.51,0.87,-1,-1,-1
57,2,426.74,203.83,278.99,708.85,0.88,-1,-1,-1
57,3,286.43,229.84,211.72,641.66,0.79,-1,-1,-1
57,9,893.05,300.13,27.96,76.41,0.84,-1,-1,-1
57,11,283.09,273.10,77.88,240.45,0.88,-1,-1,-1
58,1,560.02,146.53,213.47,650.64,0.86,-1,-1,-1
58,2,434.07,206.51,277.13,696.87,0.89,-1,-1,-1
58,3,290.70,231.02,211.46,644.65,0.80,-1,-1,-1
58,9,895.37,300.10,27.14,76.52,0.86,-1,-1,-1
58,11,281.47,273.11,79.06,241.18,0.88,-1,-1,-1
59,1,561.36,144.60,215.41,645.77,0.86,-1,-1,-1
59,2,441.77,209.52,274.59,695.93,0.89,-1,-1,-1
59,3,296.09,232.34,207.45,661.64,0.78,-1,-1,-1
59,9,897.07,299.61,27.68,76.84,0.84,-1,-1,-1
59,11,280.00,273.09,80.05,241.94,0.88,-1,-1,-1
60,1,565.17,141.93,213.68,653.17,0.86,-1,-1,-1
60,2,447.54,209.22,273.62,701.98,0.89,-1,-1,-1
60,3,302.25,238.12,205.06,643.73,0.79,-1,-1,-1
60,9,898.27,299.41,27.28,76.95,0.84,-1,-1,-1
60,11,279.76,272.91,83.16,240.99,0.88,-1,-1,-1
61,1,571.55,141.67,204.77,627.44,0.88,-1,-1,-1
61,2,453.14,208.59,272.97,701.65,0.89,-1,-1,-1
61,3,306.76,245.63,204.21,618.95,0.81,-1,-1,-1
61,9,899.58,299.04,27.44,77.30,0.85,-1,-1,-1
61,11,279.98,272.89,84.60,240.64,0.89,-1,-1,-1
62,1,573.97,141.93,198.76,634.68,0.87,-1,-1,-1
62,2,460.25,206.24,269.53,706.93,0.90,-1,-1,-1
62,3,313.06,249.19,202.08,620.35,0.80,-1,-1,-1
62,9,900.87,298.83,27.19,77.42,0.83,-1,-1,-1
62,11,279.78,273.06,87.16,239.09,0.90,-1,-1,-1
63,1,575.13,141.26,194.67,626.75,0.89,-1,-1,-1
63,2,465.42,204.68,267.66,707.13,0.89,-1,-1,-1
63,3,318.09,252.96,206.02,621.94,0.80,-1,-1,-1
63,9,901.60,298.88,27.38,77.16,0.78,-1,-1,-1
63,11,279.73,273.70,89.26,238.17,0.90,-1,-1,-1
64,1,576.42,139.94,194.38,631.23,0.88,-1,-1,-1
64,2,469.83,201.64,265.22,709.12,0.90,-1,-1,-1
64,3,318.42,253.23,209.76,619.25,0.79,-1,-1,-1
64,9,902.77,298.91,25.97,74.69,0.73,-1,-1,-1
64,11,280.13,273.16,90.01,238.93,0.90,-1,-1,-1
65,1,577.45,139.43,193.70,634.69,0.88,-1,-1,-1
65,2,474.27,199.26,263.17,708.05,0.88,-1,-1,-1
65,3,316.45,250.69,218.20,607.91,0.77,-1,-1,-1
65,9,903.14,298.58,26.64,76.15,0.68,-1,-1,-1
65,11,279.87,273.09,90.24,238.73,0.90,-1,-1,-1
65,12,328.27,291.82,60.75,188.77,0.71,-1,-1,-1
66,1,579.25,139.72,192.21,619.19,0.88,-1,-1,-1
66,2,477.78,201.48,263.61,690.80,0.88,-1,-1,-1
66,3,312.90,248.75,224.57,600.40,0.80,-1,-1,-1
66,9,904.98,298.50,28.06,75.21,0.62,-1,-1,-1
66,11,279.59,272.75,91.43,238.65,0.92,-1,-1,-1
66,12,326.81,291.25,63.30,189.05,0.80,-1,-1,-1
67,1,581.73,139.38,190.50,617.12,0.88,-1,-1,-1
67,2,481.34,196.90,260.27,691.55,0.87,-1,-1,-1
67,3,312.90,247.08,225.57,605.89,0.79,-1,-1,-1
67,9,906.60,298.01,30.06,75.45,0.59,-1,-1,-1
67,11,279.67,272.03,91.26,238.93,0.92,-1,-1,-1
67,12,326.88,290.44,64.82,198.84,0.86,-1,-1,-1
68,1,584.27,138.39,189.75,618.85,0.89,-1,-1,-1
68,2,486.84,195.21,250.48,684.76,0.89,-1,-1,-1
68,3,317.21,245.50,221.49,604.76,0.76,-1,-1,-1
68,9,908.46,297.32,30.52,78.53,0.68,-1,-1,-1
68,11,279.26,271.57,92.27,239.50,0.93,-1,-1,-1
68,12,326.63,289.81,66.34,202.80,0.88,-1,-1,-1
69,1,588.30,137.32,187.82,618.75,0.89,-1,-1,-1
69,2,490.91,192.70,245.83,680.55,0.89,-1,-1,-1
69,3,325.26,238.69,219.56,613.32,0.76,-1,-1,-1
69,9,910.24,296.65,31.00,78.22,0.12,-1,-1,-1
69,11,279.20,270.46,95.32,241.23,0.93,-1,-1,-1
69,12,325.98,288.76,67.48,204.30,0.87,-1,-1,-1
70,1,590.63,135.47,189.00,627.76,0.89,-1,-1,-1
70,2,494.01,191.22,240.67,675.47,0.89,-1,-1,-1
70,3,332.33,235.15,218.89,589.94,0.80,-1,-1,-1
70,11,278.44,268.77,102.63,242.91,0.92,-1,-1,-1
70,12,325.75,287.52,68.16,205.22,0.83,-1,-1,-1
71,1,594.74,134.68,187.62,605.69,0.89,-1,-1,-1
71,2,495.58,187.72,237.00,675.42,0.89,-1,-1,-1
71,3,352.51,231.72,206.34,580.66,0.83,-1,-1,-1
71,11,278.19,266.66,106.81,244.71,0.92,-1,-1,-1
71,12,325.40,285.55,68.64,206.29,0.82,-1,-1,-1
72,1,599.83,133.65,185.37,592.91,0.90,-1,-1,-1
72,2,497.50,185.55,234.01,669.88,0.88,-1,-1,-1
72,3,371.90,228.09,192.42,583.51,0.84,-1,-1,-1
72,11,277.22,263.97,110.45,247.92,0.92,-1,-1,-1
72,12,324.49,284.73,69.09,206.72,0.81,-1,-1,-1
73,1,601.61,133.36,187.57,596.72,0.90,-1,-1,-1
73,2,497.72,185.29,237.90,667.06,0.87,-1,-1,-1
73,3,376.04,225.05,195.00,587.00,0.85,-1,-1,-1
73,11,276.86,263.17,112.38,249.52,0.93,-1,-1,-1
73,12,320.21,283.30,74.71,212.25,0.77,-1,-1,-1
74,1,602.43,133.82,190.18,597.45,0.89,-1,-1,-1
74,2,497.93,186.68,264.03,672.25,0.86,-1,-1,-1
74,3,375.04,223.91,198.80,595.13,0.85,-1,-1,-1
74,11,276.11,262.40,114.50,251.27,0.93,-1,-1,-1
74,12,317.58,282.58,76.16,216.00,0.76,-1,-1,-1
75,1,607.77,133.95,189.40,595.52,0.90,-1,-1,-1
75,2,499.22,188.66,272.98,669.85,0.87,-1,-1,-1
75,3,374.67,223.47,199.22,599.52,0.85,-1,-1,-1
75,11,275.64,262.81,117.27,253.05,0.93,-1,-1,-1
75,12,312.39,283.47,82.26,218.93,0.80,-1,-1,-1
76,1,613.21,135.42,187.94,597.15,0.90,-1,-1,-1
76,2,499.81,192.95,274.81,667.98,0.87,-1,-1,-1
76,3,370.46,225.81,207.12,595.87,0.84,-1,-1,-1
76,11,274.96,264.11,119.46,253.83,0.92,-1,-1,-1
76,12,305.62,284.36,89.46,226.03,0.82,-1,-1,-1
76,13,379.57,292.27,66.60,192.37,0.74,-1,-1,-1
77,1,614.59,136.14,190.43,610.57,0.90,-1,-1,-1
77,2,499.07,196.83,271.35,671.98,0.87,-1,-1,-1
77,3,368.82,229.62,211.88,596.14,0.84,-1,-1,-1
77,11,274.61,264.51,121.40,256.00,0.93,-1,-1,-1
77,12,304.44,285.64,90.57,228.03,0.81,-1,-1,-1
77,13,378.65,292.95,65.94,192.68,0.82,-1,-1,-1
78,1,616.20,135.88,192.47,623.45,0.89,-1,-1,-1
78,2,499.26,200.70,259.14,676.05,0.87,-1,-1,-1
78,3,368.03,230.06,215.39,604.01,0.84,-1,-1,-1
78,11,274.50,264.39,123.20,258.10,0.93,-1,-1,-1
78,12,302.34,286.60,92.59,226.58,0.78,-1,-1,-1
78,13,379.68,293.03,65.46,194.14,0.82,-1,-1,-1
79,1,619.11,137.52,193.19,612.28,0.91,-1,-1,-1
79,2,499.57,201.79,251.32,684.99,0.88,-1,-1,-1
79,3,369.16,235.83,213.70,599.16,0.84,-1,-1,-1
79,11,274.42,264.13,124.66,260.45,0.93,-1,-1,-1
79,12,303.41,287.20,90.37,227.03,0.79,-1,-1,-1
79,13,379.91,293.15,66.32,195.42,0.85,-1,-1,-1
80,1,620.69,135.13,195.24,621.74,0.90,-1,-1,-1
80,2,499.87,201.55,247.86,684.85,0.88,-1,-1,-1
80,3,372.11,238.76,210.64,598.69,0.83,-1,-1,-1
80,11,273.93,264.91,125.44,261.30,0.93,-1,-1,-1
80,12,307.74,287.56,84.66,224.59,0.77,-1,-1,-1
80,13,379.08,293.34,66.93,194.60,0.88,-1,-1,-1
81,1,623.27,135.30,196.57,621.17,0.90,-1,-1,-1
81,2,497.81,200.38,253.22,692.61,0.87,-1,-1,-1
81,3,374.02,239.84,207.63,598.47,0.84,-1,-1,-1
81,11,273.05,265.51,126.52,262.44,0.94,-1,-1,-1
81,12,308.33,287.69,83.52,221.45,0.71,-1,-1,-1
81,13,378.16,293.07,68.41,195.56,0.88,-1,-1,-1
82,1,630.95,134.45,192.91,617.68,0.91,-1,-1,-1
82,2,496.69,201.22,259.98,690.95,0.87,-1,-1,-1
82,3,378.50,240.50,204.11,595.74,0.83,-1,-1,-1
82,11,272.24,265.13,127.16,264.31,0.94,-1,-1,-1
82,12,310.93,287.42,82.48,212.71,0.73,-1,-1,-1
82,13,378.12,292.63,67.65,196.50,0.88,-1,-1,-1
82,9,928.01,296.07,25.36,75.28,0.60,-1,-1,-1
83,1,632.02,134.29,194.50,625.12,0.90,-1,-1,-1
83,2,497.76,200.33,262.56,695.61,0.88,-1,-1,-1
83,3,383.73,241.93,198.00,583.95,0.82,-1,-1,-1
83,11,271.87,264.11,126.16,266.44,0.94,-1,-1,-1
83,12,314.56,286.72,82.35,203.27,0.76,-1,-1,-1
83,13,377.87,292.34,67.97,198.21,0.88,-1,-1,-1
83,9,930.30,296.38,25.15,72.23,0.64,-1,-1,-1
84,1,634.42,132.74,195.10,632.87,0.90,-1,-1,-1
84,2,499.35,199.08,268.28,699.35,0.87,-1,-1,-1
84,3,387.40,242.73,196.37,578.59,0.82,-1,-1,-1
84,11,271.51,264.17,126.00,267.02,0.94,-1,-1,-1
84,12,315.39,285.54,81.38,205.90,0.74,-1,-1,-1
84,13,378.30,292.23,68.07,198.47,0.88,-1,-1,-1
84,9,930.34,296.14,27.56,75.91,0.75,-1,-1,-1
85,1,636.99,132.77,194.70,639.95,0.90,-1,-1,-1
85,2,499.90,198.00,273.34,697.20,0.87,-1,-1,-1
85,3,387.70,241.95,197.00,569.36,0.82,-1,-1,-1
85,11,271.35,264.95,125.87,267.36,0.94,-1,-1,-1
85,12,317.32,285.13,75.88,202.36,0.73,-1,-1,-1
85,13,378.43,292.05,68.69,199.60,0.89,-1,-1,-1
85,9,935.07,295.78,27.21,79.27,0.78,-1,-1,-1
86,1,634.84,132.92,199.32,643.38,0.89,-1,-1,-1
86,2,502.96,198.76,265.24,689.25,0.89,-1,-1,-1
86,3,386.44,241.31,199.69,569.10,0.82,-1,-1,-1
86,11,271.38,263.46,125.48,269.83,0.94,-1,-1,-1
86,12,318.30,283.91,77.15,203.95,0.75,-1,-1,-1
86,13,378.28,291.67,68.91,200.01,0.89,-1,-1,-1
86,9,936.26,295.35,29.49,81.16,0.82,-1,-1,-1
87,1,638.34,132.97,198.05,650.61,0.89,-1,-1,-1
87,2,505.53,195.73,259.58,693.18,0.90,-1,-1,-1
87,3,385.49,239.08,203.69,576.24,0.82,-1,-1,-1
87,11,271.46,262.27,124.98,272.54,0.94,-1,-1,-1
87,12,319.45,283.75,72.78,207.00,0.75,-1,-1,-1
87,13,378.29,290.92,69.57,201.96,0.89,-1,-1,-1
87,9,938.40,295.81,29.15,81.29,0.81,-1,-1,-1
88,1,639.92,133.87,198.10,651.48,0.89,-1,-1,-1
88,2,507.99,192.78,258.03,703.57,0.89,-1,-1,-1
88,3,385.69,236.42,205.19,584.95,0.82,-1,-1,-1
88,11,271.86,262.09,124.14,273.81,0.95,-1,-1,-1
88,12,320.53,284.12,71.42,205.62,0.76,-1,-1,-1
88,13,378.19,290.61,70.40,202.36,0.90,-1,-1,-1
88,9,937.99,295.82,31.38,81.01,0.82,-1,-1,-1
88,14,268.65,290.02,61.20,209.02,0.75,-1,-1,-1
89,1,641.51,132.77,199.37,658.55,0.88,-1,-1,-1
89,2,510.83,192.62,254.54,707.80,0.90,-1,-1,-1
89,3,390.92,234.13,202.86,592.04,0.83,-1,-1,-1
89,11,272.19,260.19,123.23,277.06,0.95,-1,-1,-1
89,12,321.85,284.04,73.12,202.41,0.77,-1,-1,-1
89,13,377.45,289.82,71.91,204.13,0.89,-1,-1,-1
89,9,935.44,295.71,34.52,80.59,0.79,-1,-1,-1
89,14,267.97,289.65,60.87,207.36,0.75,-1,-1,-1
90,1,646.06,133.21,197.95,655.13,0.89,-1,-1,-1
90,2,514.13,191.78,252.53,709.99,0.90,-1,-1,-1
90,3,397.67,232.16,197.53,582.65,0.84,-1,-1,-1
90,11,273.74,259.68,121.32,278.51,0.94,-1,-1,-1
90,12,324.17,283.94,70.41,203.01,0.75,-1,-1,-1
90,13,377.67,289.45,72.14,204.14,0.89,-1,-1,-1
90,9,940.21,295.93,32.32,80.70,0.76,-1,-1,-1
90,14,267.42,289.17,63.92,217.48,0.76,-1,-1,-1
90,15,931.50,294.30,34.20,79.20,0.72,-1,-1,-1
91,1,649.43,133.38,197.43,657.93,0.89,-1,-1,-1
91,2,519.43,191.03,250.05,704.75,0.91,-1,-1,-1
91,3,402.89,230.54,190.91,565.63,0.85,-1,-1,-1
91,11,274.38,258.79,120.30,280.35,0.94,-1,-1,-1
91,12,324.46,283.03,71.87,203.57,0.71,-1,-1,-1
91,13,377.82,288.30,72.21,208.16,0.88,-1,-1,-1
91,9,943.30,295.87,31.33,80.15,0.74,-1,-1,-1
91,14,266.50,289.56,64.61,218.96,0.79,-1,-1,-1
91,15,932.54,293.58,35.65,80.33,0.79,-1,-1,-1
92,1,649.44,133.21,200.75,656.35,0.89,-1,-1,-1
92,2,523.20,189.61,248.49,704.30,0.92,-1,-1,-1
92,3,410.42,228.77,184.03,555.52,0.84,-1,-1,-1
92,11,275.34,256.70,120.77,283.59,0.94,-1,-1,-1
92,12,324.66,282.71,71.48,203.45,0.70,-1,-1,-1
92,13,378.14,287.29,72.50,210.18,0.88,-1,-1,-1
92,9,945.56,296.16,30.94,79.60,0.50,-1,-1,-1
92,14,265.67,287.70,64.37,223.04,0.76,-1,-1,-1
92,15,933.48,294.13,38.67,80.20,0.84,-1,-1,-1
93,1,650.53,133.52,203.85,656.55,0.89,-1,-1,-1
93,2,528.96,187.70,246.85,701.41,0.92,-1,-1,-1
93,3,417.70,226.30,175.70,549.01,0.85,-1,-1,-1
93,11,277.23,255.61,119.50,285.41,0.94,-1,-1,-1
93,12,324.30,282.43,68.98,203.62,0.65,-1,-1,-1
93,13,378.17,286.30,72.92,212.72,0.88,-1,-1,-1
93,9,948.19,295.47,30.80,80.60,0.74,-1,-1,-1
93,14,264.35,287.07,64.25,219.78,0.74,-1,-1,-1
93,15,935.05,294.81,39.73,79.44,0.83,-1,-1,-1
94,1,652.06,133.31,205.07,649.81,0.88,-1,-1,-1
94,2,534.35,187.88,248.15,701.28,0.91,-1,-1,-1
94,3,425.60,226.77,168.05,547.30,0.86,-1,-1,-1
94,11,279.48,254.49,117.84,288.08,0.94,-1,-1,-1
94,12,325.25,282.63,72.04,203.53,0.69,-1,-1,-1
94,13,378.24,286.09,73.37,214.81,0.88,-1,-1,-1
94,9,951.54,294.84,29.55,81.85,0.78,-1,-1,-1
94,14,263.98,286.21,63.56,221.41,0.77,-1,-1,-1
94,15,936.17,294.90,38.69,78.52,0.85,-1,-1,-1
94,16,838.80,291.15,45.00,82.80,0.78,-1,-1,-1
95,1,652.88,134.03,207.32,654.89,0.89,-1,-1,-1
95,2,538.95,188.93,250.51,706.38,0.91,-1,-1,-1
95,3,432.11,225.39,164.68,551.55,0.84,-1,-1,-1
95,11,282.23,253.72,115.13,291.29,0.94,-1,-1,-1
95,12,325.25,282.64,72.86,204.28,0.52,-1,-1,-1
95,13,378.54,286.25,75.91,216.91,0.89,-1,-1,-1
95,9,952.77,295.13,30.28,82.03,0.81,-1,-1,-1
95,14,263.54,286.15,62.98,218.04,0.83,-1,-1,-1
95,15,937.16,294.80,38.24,78.24,0.85,-1,-1,-1
95,16,843.82,290.84,47.19,84.30,0.83,-1,-1,-1
96,1,653.41,135.13,208.25,657.42,0.88,-1,-1,-1
96,2,544.75,190.94,252.73,710.27,0.91,-1,-1,-1
96,3,434.90,228.47,163.70,550.94,0.84,-1,-1,-1
96,11,284.64,253.75,112.67,294.02,0.95,-1,-1,-1
96,12,326.17,282.20,76.48,206.04,0.65,-1,-1,-1
96,13,378.56,286.61,79.83,218.37,0.91,-1,-1,-1
96,9,954.39,295.26,30.56,82.96,0.83,-1,-1,-1
96,14,263.48,287.06,63.72,219.31,0.83,-1,-1,-1
96,15,938.72,294.92,38.07,78.48,0.84,-1,-1,-1
96,16,850.69,292.21,45.57,84.24,0.77,-1,-1,-1
97,1,655.35,136.58,209.10,653.41,0.88,-1,-1,-1
97,2,549.23,194.68,255.30,713.49,0.90,-1,-1,-1
97,3,435.74,231.29,168.94,569.27,0.82,-1,-1,-1
97,11,286.89,255.38,111.14,295.14,0.94,-1,-1,-1
97,12,326.54,282.60,76.66,207.00,0.47,-1,-1,-1
97,13,379.33,287.17,81.44,220.20,0.91,-1,-1,-1
97,9,953.75,295.77,33.03,83.01,0.85,-1,-1,-1
97,14,262.59,288.13,64.57,220.79,0.83,-1,-1,-1
97,15,941.10,295.12,37.98,78.90,0.82,-1,-1,-1
97,16,859.95,293.69,43.57,82.45,0.80,-1,-1,-1
97,17,850.05,291.15,31.50,78.75,0.76,-1,-1,-1
98,1,657.79,138.33,214.69,649.27,0.87,-1,-1,-1
98,2,553.49,195.35,257.44,721.74,0.90,-1,-1,-1
98,3,436.89,235.45,170.89,561.32,0.83,-1,-1,-1
98,11,288.22,256.03,111.21,297.77,0.94,-1,-1,-1
98,12,328.22,285.28,74.04,205.97,0.34,-1,-1,-1
98,13,379.27,288.13,82.75,221.21,0.91,-1,-1,-1
98,9,954.59,296.37,35.10,82.69,0.83,-1,-1,-1
98,14,262.09,289.29,65.48,222.00,0.84,-1,-1,-1
98,15,943.07,295.61,37.93,79.04,0.86,-1,-1,-1
98,16,867.95,293.90,40.93,81.18,0.81,-1,-1,-1
98,17,855.81,291.24,32.24,79.15,0.78,-1,-1,-1
99,1,658.27,138.17,221.50,652.75,0.86,-1,-1,-1
99,2,558.40,193.63,258.29,730.44,0.89,-1,-1,-1
99,3,436.42,239.26,174.74,564.22,0.83,-1,-1,-1
99,11,288.49,256.85,110.98,299.94,0.94,-1,-1,-1
99,12,329.41,287.61,69.42,205.76,0.15,-1,-1,-1
99,13,378.79,289.06,84.11,221.88,0.90,-1,-1,-1
99,9,959.43,296.44,32.46,82.57,0.81,-1,-1,-1
99,14,260.85,290.29,65.51,222.14,0.84,-1,-1,-1
99,15,944.91,295.61,36.69,79.42,0.85,-1,-1,-1
99,16,876.45,293.58,38.16,82.48,0.75,-1,-1,-1
99,17,862.83,294.56,29.64,77.16,0.55,-1,-1,-1
99,18,443.70,272.47,72.00,208.58,0.77,-1,-1,-1
100,1,660.11,137.46,222.24,648.83,0.88,-1,-1,-1
100,2,561.89,196.30,258.50,726.25,0.90,-1,-1,-1
100,3,436.86,242.22,176.90,553.73,0.83,-1,-1,-1
100,11,289.04,256.93,110.58,302.55,0.94,-1,-1,-1
100,13,379.93,289.63,83.54,222.33,0.91,-1,-1,-1
100,9,962.99,296.54,30.10,82.79,0.82,-1,-1,-1
100,14,260.45,290.71,66.38,223.76,0.84,-1,-1,-1
100,15,946.64,295.99,34.97,79.24,0.81,-1,-1,-1
100,16,882.01,292.91,45.81,88.34,0.81,-1,-1,-1
100,17,870.36,295.22,28.74,78.24,0.73,-1,-1,-1
100,18,445.05,272.91,74.39,212.99,0.85,-1,-1,-1
101,1,656.98,136.25,227.68,660.92,0.88,-1,-1,-1
101,2,564.88,195.21,260.29,729.45,0.89,-1,-1,-1
101,3,441.09,244.04,175.33,554.25,0.83,-1,-1,-1
101,11,289.48,256.62,110.74,305.30,0.94,-1,-1,-1
101,13,379.93,289.51,84.58,224.27,0.91,-1,-1,-1
101,9,966.15,296.33,29.22,83.48,0.84,-1,-1,-1
101,14,260.75,290.81,66.97,225.27,0.86,-1,-1,-1
101,15,947.28,296.02,33.10,78.89,0.78,-1,-1,-1
101,16,891.74,290.13,48.64,91.62,0.84,-1,-1,-1
101,17,878.90,292.17,33.42,85.02,0.82,-1,-1,-1
101,18,446.71,273.16,73.48,215.44,0.85,-1,-1,-1
102,1,659.27,136.08,214.43,646.93,0.88,-1,-1,-1
102,2,567.38,198.92,261.51,717.40,0.89,-1,-1,-1
102,3,446.65,245.24,170.39,550.82,0.84,-1,-1,-1
102,11,287.43,256.19,113.51,308.30,0.94,-1,-1,-1
102,13,379.25,289.73,86.26,225.52,0.90,-1,-1,-1
102,9,967.18,296.50,30.11,84.02,0.81,-1,-1,-1
102,14,256.95,290.81,71.33,226.36,0.85,-1,-1,-1
102,15,947.40,296.29,32.45,76.94,0.67,-1,-1,-1
102,16,902.07,289.33,50.06,93.71,0.83,-1,-1,-1
102,17,887.72,291.43,35.13,88.18,0.80,-1,-1,-1
102,18,447.96,273.55,72.78,215.84,0.83,-1,-1,-1
102,19,581.40,274.50,46.80,138.15,0.73,-1,-1,-1
103,1,661.88,135.24,209.71,641.68,0.89,-1,-1,-1
103,2,569.94,199.11,262.01,716.35,0.88,-1,-1,-1
103,3,449.77,246.70,173.45,551.88,0.83,-1,-1,-1
103,11,286.74,256.04,114.87,309.37,0.94,-1,-1,-1
103,13,380.27,289.81,85.57,227.73,0.91,-1,-1,-1
103,9,969.30,296.39,30.45,84.51,0.84,-1,-1,-1
103,14,256.66,290.81,72.39,227.93,0.86,-1,-1,-1
103,15,948.64,296.51,31.00,77.75,0.63,-1,-1,-1
103,16,911.40,288.42,52.07,94.75,0.84,-1,-1,-1
103,17,896.22,288.98,37.58,92.32,0.79,-1,-1,-1
103,18,449.27,273.49,74.64,217.74,0.87,-1,-1,-1
103,19,582.67,274.72,46.83,138.22,0.72,-1,-1,-1
104,1,664.57,135.22,209.13,631.61,0.89,-1,-1,-1
104,2,571.05,199.45,260.94,706.94,0.90,-1,-1,-1
104,3,452.01,247.32,174.56,550.06,0.83,-1,-1,-1
104,11,286.45,255.96,116.57,309.98,0.94,-1,-1,-1
104,13,381.54,290.11,84.65,228.80,0.91,-1,-1,-1
104,9,969.99,296.49,31.76,85.28,0.78,-1,-1,-1
104,14,255.71,290.48,74.22,229.96,0.86,-1,-1,-1
104,15,950.23,296.88,30.51,81.65,0.51,-1,-1,-1
104,16,922.00,291.06,47.82,93.88,0.72,-1,-1,-1
104,17,905.96,288.37,36.99,95.57,0.79,-1,-1,-1
104,18,450.45,272.62,74.75,216.84,0.87,-1,-1,-1
104,19,583.63,274.06,47.53,140.33,0.76,-1,-1,-1
105,1,666.40,135.31,203.58,620.25,0.90,-1,-1,-1
105,2,574.88,199.36,255.81,702.67,0.91,-1,-1,-1
105,3,452.40,247.03,177.44,548.43,0.82,-1,-1,-1
105,11,286.58,255.47,117.83,310.59,0.94,-1,-1,-1
105,13,381.98,289.90,84.88,230.06,0.91,-1,-1,-1
105,9,971.98,296.91,31.08,80.82,0.65,-1,-1,-1
105,14,253.29,290.33,76.38,231.29,0.86,-1,-1,-1
105,15,952.62,296.22,32.84,83.11,0.15,-1,-1,-1
105,16,933.60,291.15,47.27,94.09,0.72,-1,-1,-1
105,17,915.40,287.82,43.90,97.01,0.80,-1,-1,-1
105,18,452.84,271.66,74.00,216.48,0.87,-1,-1,-1
105,19,584.89,273.63,46.37,135.44,0.77,-1,-1,-1
106,1,667.67,134.55,199.64,628.77,0.89,-1,-1,-1
106,2,577.12,198.22,253.82,703.81,0.91,-1,-1,-1
106,3,454.22,244.59,178.51,553.23,0.82,-1,-1,-1
106,11,288.81,255.09,116.81,310.37,0.93,-1,-1,-1
106,13,382.87,289.48,84.78,231.13,0.91,-1,-1,-1
106,9,972.75,296.34,33.20,84.25,0.68,-1,-1,-1
106,14,250.59,290.21,78.62,232.10,0.87,-1,-1,-1
106,16,944.26,288.96,54.30,100.71,0.85,-1,-1,-1
106,17,925.77,287.50,40.83,99.24,0.80,-1,-1,-1
106,18,452.39,270.98,75.28,214.80,0.87,-1,-1,-1
106,19,586.27,273.15,45.96,134.84,0.76,-1,-1,-1
107,1,669.53,132.84,195.14,627.37,0.90,-1,-1,-1
107,2,579.30,197.53,246.43,698.73,0.91,-1,-1,-1
107,3,454.35,241.90,182.59,565.08,0.83,-1,-1,-1
107,11,291.03,254.99,115.79,310.74,0.93,-1,-1,-1
107,13,383.07,289.35,84.85,232.32,0.91,-1,-1,-1
107,14,250.21,289.90,78.27,232.89,0.88,-1,-1,-1
107,16,956.03,287.75,60.21,106.61,0.85,-1,-1,-1
107,17,938.36,288.91,39.26,98.50,0.73,-1,-1,-1
107,18,453.86,270.16,73.73,211.95,0.87,-1,-1,-1
107,19,587.30,272.72,46.50,135.67,0.75,-1,-1,-1
108,1,671.67,132.92,192.29,620.84,0.90,-1,-1,-1
108,2,581.16,197.84,242.45,684.35,0.91,-1,-1,-1
108,3,453.26,239.07,185.14,568.44,0.84,-1,-1,-1
108,11,294.03,254.33,114.79,312.34,0.93,-1,-1,-1
108,13,383.09,289.27,85.14,233.34,0.91,-1,-1,-1
108,14,250.65,289.45,76.60,234.66,0.87,-1,-1,-1
108,16,969.58,286.43,62.58,110.34,0.85,-1,-1,-1
108,17,948.77,289.35,41.01,99.89,0.72,-1,-1,-1
108,18,454.79,269.40,72.05,209.55,0.88,-1,-1,-1
108,19,587.90,272.57,49.23,144.94,0.72,-1,-1,-1
109,1,672.10,131.91,192.57,631.63,0.90,-1,-1,-1
109,2,582.03,199.01,238.08,681.68,0.91,-1,-1,-1
109,3,451.11,236.22,187.48,573.93,0.84,-1,-1,-1
109,11,296.59,253.23,114.14,315.31,0.93,-1,-1,-1
109,13,382.91,288.98,85.11,234.60,0.91,-1,-1,-1
109,14,249.64,289.32,77.72,235.92,0.87,-1,-1,-1
109,16,982.83,285.64,63.50,114.06,0.87,-1,-1,-1
109,17,961.30,289.54,39.32,101.54,0.70,-1,-1,-1
109,18,453.83,269.32,73.62,207.95,0.89,-1,-1,-1
109,19,586.87,271.94,52.02,151.23,0.74,-1,-1,-1
110,1,671.21,132.13,194.52,633.29,0.89,-1,-1,-1
110,2,583.06,197.32,236.50,677.48,0.90,-1,-1,-1
110,3,445.26,232.75,194.68,569.44,0.83,-1,-1,-1
110,11,298.48,252.06,112.99,317.71,0.93,-1,-1,-1
110,13,383.20,288.84,84.33,235.92,0.91,-1,-1,-1
110,14,249.20,288.64,76.63,237.53,0.87,-1,-1,-1
110,16,997.47,283.47,67.26,119.21,0.89,-1,-1,-1
110,17,975.23,287.26,38.56,103.57,0.76,-1,-1,-1
110,18,453.53,269.28,73.73,205.26,0.90,-1,-1,-1
110,19,587.56,271.24,52.45,155.05,0.75,-1,-1,-1
110,15,955.33,295.96,30.80,78.46,0.81,-1,-1,-1
111,1,671.70,129.75,195.91,636.50,0.89,-1,-1,-1
111,2,582.38,197.66,243.29,678.74,0.88,-1,-1,-1
111,3,454.90,230.18,190.39,564.24,0.85,-1,-1,-1
111,11,299.17,250.52,112.29,320.27,0.93,-1,-1,-1
111,13,383.05,287.25,85.07,238.51,0.90,-1,-1,-1
111,14,249.25,288.33,77.37,239.64,0.88,-1,-1,-1
111,16,1012.70,283.88,72.11,121.47,0.86,-1,-1,-1
111,17,988.52,284.89,39.46,107.83,0.79,-1,-1,-1
111,18,452.10,269.08,75.60,205.11,0.90,-1,-1,-1
111,19,588.95,270.48,51.98,154.06,0.70,-1,-1,-1
111,15,955.96,295.89,33.19,80.20,0.85,-1,-1,-1
112,1,674.27,127.58,196.46,632.66,0.89,-1,-1,-1
112,2,581.23,196.33,249.38,688.17,0.88,-1,-1,-1
112,3,461.71,227.20,186.23,569.29,0.86,-1,-1,-1
112,11,299.50,248.22,112.02,323.48,0.92,-1,-1,-1
112,13,383.98,286.54,85.33,240.13,0.89,-1,-1,-1
112,14,249.72,287.51,76.14,241.08,0.88,-1,-1,-1
112,16,1030.35,283.07,70.60,124.84,0.87,-1,-1,-1
112,17,1003.22,282.69,40.96,117.52,0.82,-1,-1,-1
112,18,452.53,268.15,75.09,205.06,0.91,-1,-1,-1
112,19,591.31,269.64,50.55,151.11,0.62,-1,-1,-1
112,15,955.01,295.87,35.09,81.02,0.86,-1,-1,-1
112,9,989.64,294.84,29.18,85.13,0.73,-1,-1,-1
113,1,675.48,126.30,197.85,630.17,0.89,-1,-1,-1
113,2,578.63,194.15,253.44,688.96,0.88,-1,-1,-1
113,3,459.24,224.59,188.93,569.99,0.86,-1,-1,-1
113,11,298.66,246.57,112.82,325.97,0.93,-1,-1,-1
113,13,383.86,285.77,86.74,241.14,0.89,-1,-1,-1
113,14,249.33,286.40,76.22,242.62,0.88,-1,-1,-1
113,16,1048.64,280.89,73.33,130.71,0.87,-1,-1,-1
113,17,1019.05,280.55,45.01,122.08,0.81,-1,-1,-1
113,18,452.96,267.46,73.07,205.08,0.90,-1,-1,-1
113,19,592.46,268.86,49.97,148.69,0.64,-1,-1,-1
113,15,954.60,295.55,36.97,81.63,0.88,-1,-1,-1
113,9,989.25,294.86,32.77,86.09,0.84,-1,-1,-1
114,1,675.85,124.14,200.24,630.44,0.88,-1,-1,-1
114,2,575.74,189.55,259.80,690.49,0.88,-1,-1,-1
114,3,453.59,222.28,193.97,562.15,0.87,-1,-1,-1
114,11,297.74,245.79,113.45,327.36,0.93,-1,-1,-1
114,13,384.29,284.88,87.28,243.01,0.89,-1,-1,-1
114,14,247.58,285.08,78.05,244.69,0.88,-1,-1,-1
114,16,1068.70,278.17,83.56,134.96,0.88,-1,-1,-1
114,17,1036.98,278.54,48.85,125.28,0.80,-1,-1,-1
114,18,452.57,267.36,71.86,203.51,0.91,-1,-1,-1
114,19,594.91,268.26,47.94,139.31,0.61,-1,-1,-1
114,15,953.30,295.55,40.02,81.88,0.88,-1,-1,-1
114,9,991.71,294.38,32.58,87.03,0.83,-1,-1,-1
115,1,676.04,123.44,202.93,633.31,0.88,-1,-1,-1
115,2,572.12,185.50,258.05,700.67,0.88,-1,-1,-1
115,3,445.90,220.77,205.13,578.29,0.86,-1,-1,-1
115,11,296.51,244.57,114.29,329.37,0.93,-1,-1,-1
115,13,383.71,283.86,89.10,245.87,0.90,-1,-1,-1
115,14,246.15,284.52,79.90,246.15,0.88,-1,-1,-1
115,16,1090.75,276.60,96.34,142.21,0.85,-1,-1,-1
115,17,1056.79,276.13,54.88,132.40,0.81,-1,-1,-1
115,18,452.21,267.37,72.48,202.07,0.91,-1,-1,-1
115,19,596.25,268.22,45.94,134.07,0.43,-1,-1,-1
115,15,952.18,296.07,42.33,81.02,0.88,-1,-1,-1
115,9,997.28,294.26,28.92,87.32,0.84,-1,-1,-1
116,1,677.44,124.16,203.94,632.53,0.88,-1,-1,-1
116,2,568.75,179.77,254.94,703.70,0.89,-1,-1,-1
116,3,440.88,219.72,212.38,589.17,0.86,-1,-1,-1
116,11,294.45,243.75,114.90,332.70,0.93,-1,-1,-1
116,13,386.37,283.70,86.96,249.21,0.89,-1,-1,-1
116,14,243.60,284.08,76.17,247.93,0.87,-1,-1,-1
116,16,1114.35,272.17,96.10,153.59,0.89,-1,-1,-1
116,17,1078.97,274.08,60.61,138.57,0.82,-1,-1,-1
116,18,451.88,268.06,71.52,199.52,0.89,-1,-1,-1
116,15,951.66,295.95,45.52,81.62,0.87,-1,-1,-1
116,9,1000.50,293.93,28.73,88.34,0.86,-1,-1,-1
117,1,679.77,126.24,205.04,641.30,0.88,-1,-1,-1
117,2,565.11,175.70,255.68,711.02,0.90,-1,-1,-1
117,3,432.82,219.85,224.59,600.00,0.86,-1,-1,-1
117,11,291.57,243.53,116.99,336.89,0.93,-1,-1,-1
117,13,386.82,283.86,86.76,252.08,0.88,-1,-1,-1
117,14,240.70,284.59,75.62,250.06,0.87,-1,-1,-1
117,16,1141.56,270.38,96.94,163.40,0.88,-1,-1,-1
117,17,1103.49,272.81,71.83,144.09,0.81,-1,-1,-1
117,18,451.78,269.12,70.60,198.18,0.88,-1,-1,-1
117,15,951.03,296.17,49.05,81.85,0.88,-1,-1,-1
117,9,1004.12,293.76,28.69,89.31,0.84,-1,-1,-1
118,1,681.86,128.77,206.78,649.72,0.88,-1,-1,-1
118,2,560.80,174.95,258.49,714.00,0.90,-1,-1,-1
118,3,427.09,225.27,231.14,605.58,0.86,-1,-1,-1
118,11,288.03,244.40,120.22,340.16,0.93,-1,-1,-1
118,13,389.47,285.31,83.89,253.49,0.88,-1,-1,-1
118,14,238.38,285.31,79.06,251.79,0.87,-1,-1,-1
118,16,1171.67,269.82,106.40,173.25,0.90,-1,-1,-1
118,17,1128.81,271.33,78.58,147.37,0.80,-1,-1,-1
118,18,451.12,270.90,68.50,196.89,0.88,-1,-1,-1
118,15,952.10,296.84,50.47,81.96,0.88,-1,-1,-1
118,9,1006.15,293.99,29.92,90.00,0.85,-1,-1,-1
119,1,682.79,131.87,208.57,638.62,0.88,-1,-1,-1
119,2,556.75,178.79,263.05,715.77,0.89,-1,-1,-1
119,3,421.68,229.49,235.29,597.52,0.85,-1,-1,-1
119,11,284.69,245.08,123.48,343.82,0.93,-1,-1,-1
119,13,390.49,286.91,81.87,254.87,0.89,-1,-1,-1
119,14,236.74,287.08,79.44,252.57,0.88,-1,-1,-1
119,16,1204.73,268.43,103.33,185.18,0.87,-1,-1,-1
119,17,1158.06,270.42,100.02,172.37,0.82,-1,-1,-1
119,18,451.64,275.64,66.04,189.27,0.88,-1,-1,-1
119,15,954.01,297.62,49.84,81.96,0.87,-1,-1,-1
119,9,1007.78,294.31,30.37,90.50,0.85,-1,-1,-1
120,1,685.19,135.37,209.10,644.97,0.88,-1,-1,-1
120,2,553.82,180.50,265.21,717.42,0.91,-1,-1,-1
120,3,418.82,233.09,237.81,593.85,0.84,-1,-1,-1
120,11,281.19,245.80,126.41,346.83,0.93,-1,-1,-1
120,13,390.76,287.52,82.44,256.91,0.87,-1,-1,-1
120,14,235.11,288.34,81.29,254.09,0.87,-1,-1,-1
120,16,1236.03,273.74,92.45,178.83,0.15,-1,-1,-1
120,17,1188.86,269.45,86.66,174.15,0.77,-1,-1,-1
120,18,450.66,275.56,67.58,200.07,0.86,-1,-1,-1
120,15,955.87,297.52,50.66,81.94,0.89,-1,-1,-1
120,9,1010.00,293.91,31.72,91.84,0.85,-1,-1,-1
121,1,685.84,136.35,214.47,650.46,0.86,-1,-1,-1
121,2,551.95,181.30,267.58,718.00,0.91,-1,-1,-1
121,3,415.23,235.26,238.49,590.46,0.85,-1,-1,-1
121,11,276.87,245.54,130.94,350.25,0.94,-1,-1,-1
121,13,391.95,287.66,82.44,259.25,0.87,-1,-1,-1
121,14,233.43,289.28,82.21,254.76,0.88,-1,-1,-1
121,17,1224.48,267.48,80.66,188.67,0.76,-1,-1,-1
121,18,449.92,274.73,67.95,204.21,0.86,-1,-1,-1
121,15,957.20,297.37,50.93,81.64,0.90,-1,-1,-1
121,9,1012.57,294.26,31.03,91.74,0.85,-1,-1,-1
122,1,687.47,134.50,219.39,657.47,0.86,-1,-1,-1
122,2,550.70,181.96,270.18,723.25,0.91,-1,-1,-1
122,3,413.69,236.08,236.81,597.27,0.86,-1,-1,-1
122,11,272.88,244.74,135.24,354.14,0.93,-1,-1,-1
122,13,393.79,287.86,81.40,261.01,0.88,-1,-1,-1
122,14,232.08,288.31,82.53,257.68,0.87,-1,-1,-1
122,18,449.09,274.24,68.10,205.00,0.83,-1,-1,-1
122,15,958.73,297.11,50.97,82.39,0.89,-1,-1,-1
122,9,1015.09,294.35,30.75,91.64,0.87,-1,-1,-1
123,1,693.39,130.07,219.48,665.04,0.87,-1,-1,-1
123,2,550.31,181.05,272.32,723.47,0.91,-1,-1,-1
123,3,414.38,235.63,231.90,593.74,0.85,-1,-1,-1
123,11,269.64,244.75,138.91,356.45,0.93,-1,-1,-1
123,13,393.40,287.21,82.68,262.98,0.87,-1,-1,-1
123,14,230.43,287.81,83.52,259.80,0.87,-1,-1,-1
123,18,448.51,273.60,66.97,203.69,0.82,-1,-1,-1
123,15,959.39,297.19,52.13,82.39,0.89,-1,-1,-1
123,9,1018.41,294.42,30.65,91.89,0.85,-1,-1,-1
123,12,328.08,292.93,77.39,233.50,0.70,-1,-1,-1
124,1,698.86,127.66,218.34,663.82,0.87,-1,-1,-1
124,2,553.76,182.71,270.21,720.93,0.92,-1,-1,-1
124,3,415.47,234.45,225.35,590.66,0.85,-1,-1,-1
124,11,269.88,244.40,138.28,359.43,0.92,-1,-1,-1
124,13,392.63,286.72,84.68,265.72,0.87,-1,-1,-1
124,14,229.11,287.54,82.13,262.17,0.88,-1,-1,-1
124,18,448.59,273.40,65.38,200.78,0.81,-1,-1,-1
124,15,962.54,296.76,50.22,82.67,0.87,-1,-1,-1
124,9,1021.37,294.29,30.62,92.26,0.86,-1,-1,-1
124,12,329.01,292.77,77.54,233.00,0.79,-1,-1,-1
125,1,702.95,126.18,217.17,659.55,0.87,-1,-1,-1
125,2,558.15,184.41,268.04,717.53,0.91,-1,-1,-1
125,3,417.38,233.38,223.14,589.35,0.84,-1,-1,-1
125,11,266.61,243.67,141.43,362.76,0.93,-1,-1,-1
125,13,392.68,286.37,86.00,267.68,0.88,-1,-1,-1
125,14,228.24,287.26,82.80,264.29,0.88,-1,-1,-1
125,18,448.53,272.40,64.03,198.76,0.81,-1,-1,-1
125,15,964.29,296.46,48.20,82.47,0.85,-1,-1,-1
125,9,1023.51,294.24,31.79,92.37,0.87,-1,-1,-1
125,12,330.45,293.29,76.97,233.68,0.76,-1,-1,-1
126,1,705.67,125.30,218.46,658.79,0.87,-1,-1,-1
126,2,561.68,185.18,267.77,713.71,0.91,-1,-1,-1
126,3,418.34,232.94,221.22,591.26,0.85,-1,-1,-1
126,11,268.98,243.67,139.07,365.42,0.92,-1,-1,-1
126,13,394.50,287.09,84.42,268.07,0.89,-1,-1,-1
126,14,227.34,287.12,84.44,266.83,0.87,-1,-1,-1
126,18,446.89,271.39,64.31,201.03,0.78,-1,-1,-1
126,15,966.20,295.73,47.41,82.99,0.85,-1,-1,-1
126,9,1026.68,294.08,31.05,93.00,0.86,-1,-1,-1
126,12,329.24,294.34,78.54,233.61,0.77,-1,-1,-1
127,1,714.32,123.78,211.71,663.92,0.87,-1,-1,-1
127,2,565.07,184.84,268.16,717.15,0.91,-1,-1,-1
127,3,419.89,233.31,220.40,595.04,0.85,-1,-1,-1
127,11,269.61,243.01,136.83,368.46,0.93,-1,-1,-1
127,13,392.39,286.43,87.06,269.66,0.88,-1,-1,-1
127,14,226.66,286.69,86.78,270.43,0.86,-1,-1,-1
127,18,446.24,270.07,65.02,206.09,0.75,-1,-1,-1
127,15,968.05,295.94,45.89,83.20,0.85,-1,-1,-1
127,9,1029.55,294.21,30.74,92.64,0.87,-1,-1,-1
127,12,327.66,294.36,80.87,235.97,0.72,-1,-1,-1
128,1,714.13,123.81,215.50,667.31,0.86,-1,-1,-1
128,2,567.78,184.72,270.17,718.44,0.91,-1,-1,-1
128,3,422.99,234.07,218.81,598.83,0.85,-1,-1,-1
128,11,269.24,242.53,135.68,371.29,0.93,-1,-1,-1
128,13,392.16,285.62,89.84,273.17,0.86,-1,-1,-1
128,14,225.80,286.59,85.05,271.74,0.86,-1,-1,-1
128,18,446.72,269.47,63.68,201.35,0.77,-1,-1,-1
128,15,970.51,296.44,41.69,82.38,0.84,-1,-1,-1
128,9,1031.72,294.22,31.84,93.38,0.87,-1,-1,-1
128,12,326.13,294.70,82.37,236.23,0.71,-1,-1,-1
129,1,716.68,122.96,216.54,674.73,0.86,-1,-1,-1
129,2,571.48,186.01,270.84,714.83,0.91,-1,-1,-1
129,3,425.27,232.25,215.29,602.56,0.85,-1,-1,-1
129,11,268.45,242.92,134.88,373.42,0.93,-1,-1,-1
129,13,392.09,286.03,91.16,275.16,0.87,-1,-1,-1
129,14,224.68,288.29,84.02,269.48,0.87,-1,-1,-1
129,18,447.86,269.07,61.66,195.72,0.70,-1,-1,-1
129,15,972.59,296.63,37.59,82.06,0.84,-1,-1,-1
129,9,1034.21,293.93,32.24,93.35,0.87,-1,-1,-1
129,12,325.45,295.38,83.19,237.16,0.73,-1,-1,-1
130,1,716.00,119.07,220.82,671.33,0.86,-1,-1,-1
130,2,574.28,186.19,272.90,718.33,0.90,-1,-1,-1
130,3,428.92,231.55,209.63,606.38,0.85,-1,-1,-1
130,11,266.90,243.09,135.17,375.06,0.93,-1,-1,-1
130,13,392.99,285.16,92.99,276.03,0.88,-1,-1,-1
130,14,222.85,287.77,84.52,270.66,0.87,-1,-1,-1
130,18,449.74,269.24,58.51,182.17,0.68,-1,-1,-1
130,15,974.51,296.26,34.91,82.25,0.85,-1,-1,-1
130,9,1036.25,293.68,33.57,93.63,0.87,-1,-1,-1
130,12,323.03,294.88,85.56,240.04,0.63,-1,-1,-1
131,1,715.05,115.83,223.58,674.40,0.86,-1,-1,-1
131,2,577.06,186.10,277.21,728.73,0.89,-1,-1,-1
131,3,434.05,229.50,205.86,612.53,0.84,-1,-1,-1
131,11,262.46,243.60,138.23,376.03,0.92,-1,-1,-1
131,13,394.93,284.23,88.82,278.66,0.88,-1,-1,-1
131,14,221.45,286.22,86.18,275.95,0.86,-1,-1,-1
131,18,450.42,269.01,57.09,179.63,0.62,-1,-1,-1
131,15,977.00,295.97,32.78,82.62,0.86,-1,-1,-1
131,9,1039.28,293.29,32.91,94.62,0.85,-1,-1,-1
131,12,321.81,294.83,86.73,240.35,0.61,-1,-1,-1
132,1,734.10,114.60,205.08,678.23,0.89,-1,-1,-1
132,2,583.95,188.25,277.63,727.18,0.90,-1,-1,-1
132,3,439.35,227.06,197.70,611.72,0.85,-1,-1,-1
132,11,256.19,241.84,141.73,380.33,0.92,-1,-1,-1
132,13,391.40,282.97,96.78,281.38,0.88,-1,-1,-1
132,14,220.60,286.93,85.02,275.11,0.88,-1,-1,-1
132,18,450.92,267.69,56.31,179.74,0.51,-1,-1,-1
132,15,978.40,296.13,32.11,81.27,0.86,-1,-1,-1
132,9,1042.12,292.52,33.82,95.28,0.85,-1,-1,-1
132,12,323.23,296.25,85.38,237.75,0.80,-1,-1,-1
133,1,743.88,109.21,197.62,681.68,0.90,-1,-1,-1
133,2,588.27,187.19,278.20,726.69,0.90,-1,-1,-1
133,3,445.66,224.39,189.56,610.41,0.87,-1,-1,-1
133,11,249.63,239.56,146.50,384.61,0.92,-1,-1,-1
133,13,392.21,281.79,98.55,284.18,0.87,-1,-1,-1
133,14,219.33,287.06,84.50,276.55,0.87,-1,-1,-1
133,18,451.79,267.42,55.59,178.68,0.36,-1,-1,-1
133,15,979.44,295.47,31.92,81.98,0.87,-1,-1,-1
133,9,1044.29,292.13,35.32,96.13,0.84,-1,-1,-1
133,12,318.05,286.64,89.83,248.59,0.74,-1,-1,-1
134,1,742.99,108.66,201.81,685.29,0.89,-1,-1,-1
134,2,592.31,185.98,279.02,734.09,0.90,-1,-1,-1
134,3,452.15,222.91,182.61,601.39,0.88,-1,-1,-1
134,11,245.29,237.33,149.18,389.63,0.92,-1,-1,-1
134,13,392.10,281.45,100.11,285.13,0.88,-1,-1,-1
134,14,218.17,286.04,84.91,278.77,0.87,-1,-1,-1
134,18,452.83,267.27,54.16,175.31,0.36,-1,-1,-1
134,15,981.05,295.25,31.91,81.93,0.87,-1,-1,-1
134,9,1046.86,291.42,37.05,96.13,0.84,-1,-1,-1
134,12,315.28,281.99,93.23,255.48,0.79,-1,-1,-1
135,1,744.57,106.56,204.90,684.14,0.90,-1,-1,-1
135,2,595.70,185.07,279.96,731.42,0.90,-1,-1,-1
135,3,455.01,221.51,179.22,598.58,0.87,-1,-1,-1
135,11,241.90,236.83,151.39,394.74,0.92,-1,-1,-1
135,13,391.60,280.78,102.17,286.33,0.89,-1,-1,-1
135,14,215.66,285.98,85.68,281.07,0.85,-1,-1,-1
135,18,454.60,266.95,54.31,176.00,0.31,-1,-1,-1
135,15,982.73,295.17,31.95,82.22,0.86,-1,-1,-1
135,9,1048.88,288.47,37.72,98.80,0.84,-1,-1,-1
135,12,311.44,277.61,95.70,263.69,0.76,-1,-1,-1
136,1,736.65,102.50,217.54,698.51,0.88,-1,-1,-1
136,2,598.71,179.91,280.38,745.24,0.89,-1,-1,-1
136,3,454.45,221.01,177.92,598.73,0.86,-1,-1,-1
136,11,236.10,235.06,157.51,399.15,0.93,-1,-1,-1
136,13,393.24,280.37,102.96,288.73,0.88,-1,-1,-1
136,14,213.24,284.36,86.29,285.38,0.85,-1,-1,-1
136,18,455.89,267.12,54.43,176.89,0.34,-1,-1,-1
136,15,983.28,295.01,33.24,82.61,0.87,-1,-1,-1
136,9,1052.47,290.61,36.81,97.12,0.84,-1,-1,-1
136,12,311.39,275.96,96.66,267.45,0.81,-1,-1,-1
137,1,735.46,100.96,224.13,707.42,0.88,-1,-1,-1
137,2,600.69,176.19,283.00,760.19,0.89,-1,-1,-1
137,3,452.00,222.34,184.08,610.17,0.84,-1,-1,-1
137,11,234.62,234.28,160.17,403.77,0.93,-1,-1,-1
137,13,397.24,280.55,102.82,292.16,0.87,-1,-1,-1
137,14,211.05,282.15,89.16,291.76,0.86,-1,-1,-1
137,18,457.41,267.49,53.47,171.01,0.22,-1,-1,-1
137,15,984.79,295.83,33.73,82.18,0.85,-1,-1,-1
137,9,1056.30,291.90,34.08,95.86,0.85,-1,-1,-1
137,12,307.44,275.41,99.36,274.29,0.75,-1,-1,-1
138,1,740.05,107.61,224.32,704.46,0.87,-1,-1,-1
138,2,603.66,175.57,283.35,761.73,0.90,-1,-1,-1
138,3,447.33,225.27,193.43,614.18,0.85,-1,-1,-1
138,11,231.35,233.79,162.57,408.76,0.94,-1,-1,-1
138,13,401.03,280.81,101.39,295.77,0.85,-1,-1,-1
138,14,209.21,282.85,87.88,295.16,0.87,-1,-1,-1
138,18,458.42,269.34,52.99,168.49,0.24,-1,-1,-1
138,15,985.11,296.38,35.14,81.68,0.86,-1,-1,-1
138,9,1059.22,293.37,34.21,95.02,0.85,-1,-1,-1
138,12,302.26,275.14,102.11,300.52,0.73,-1,-1,-1
139,1,741.57,109.36,229.32,706.36,0.86,-1,-1,-1
139,2,604.81,174.81,284.00,762.07,0.90,-1,-1,-1
139,3,441.99,231.34,202.73,623.76,0.84,-1,-1,-1
139,11,224.58,234.98,171.23,411.82,0.94,-1,-1,-1
139,13,412.11,281.99,93.06,298.06,0.87,-1,-1,-1
139,14,207.55,283.45,88.98,296.94,0.87,-1,-1,-1
139,18,460.11,271.25,52.85,170.98,0.23,-1,-1,-1
139,15,986.45,296.31,35.67,82.99,0.86,-1,-1,-1
139,9,1061.47,293.79,35.45,95.30,0.87,-1,-1,-1
139,12,300.61,272.83,105.16,321.20,0.77,-1,-1,-1
140,1,743.45,114.15,233.87,701.83,0.86,-1,-1,-1
140,2,605.89,176.58,282.49,762.01,0.90,-1,-1,-1
140,3,439.41,234.65,200.80,625.86,0.84,-1,-1,-1
140,11,220.70,234.39,175.77,417.85,0.93,-1,-1,-1
140,13,415.81,282.56,92.25,300.59,0.89,-1,-1,-1
140,14,205.81,284.26,90.14,298.21,0.86,-1,-1,-1
140,18,462.02,272.22,52.23,172.30,0.22,-1,-1,-1
140,15,987.48,296.12,37.07,83.20,0.88,-1,-1,-1
140,9,1064.01,294.23,35.92,95.12,0.88,-1,-1,-1
140,12,302.09,274.48,101.10,330.29,0.80,-1,-1,-1
141,1,742.70,115.92,239.76,701.63,0.86,-1,-1,-1
141,2,606.59,178.23,280.46,757.08,0.90,-1,-1,-1
141,3,436.59,236.19,208.62,627.78,0.86,-1,-1,-1
141,11,215.58,234.59,180.23,422.30,0.94,-1,-1,-1
141,13,417.50,283.21,94.92,302.59,0.90,-1,-1,-1
141,14,204.66,285.41,90.63,300.16,0.84,-1,-1,-1
141,18,464.01,272.72,51.98,169.81,0.20,-1,-1,-1
141,15,988.39,296.44,37.58,82.96,0.87,-1,-1,-1
141,9,1065.40,294.20,37.25,95.93,0.87,-1,-1,-1
141,12,303.56,274.72,99.57,336.19,0.80,-1,-1,-1
141,20,406.35,288.90,58.05,193.50,0.71,-1,-1,-1
141,19,617.88,273.03,45.02,135.94,0.61,-1,-1,-1
142,1,741.79,118.91,244.85,699.72,0.86,-1,-1,-1
142,2,607.98,179.55,277.84,749.63,0.90,-1,-1,-1
142,3,434.38,237.86,212.66,625.48,0.85,-1,-1,-1
142,11,213.84,234.30,177.20,427.12,0.93,-1,-1,-1
142,13,421.19,283.97,94.25,304.46,0.90,-1,-1,-1
142,14,203.31,285.02,92.19,299.80,0.84,-1,-1,-1
142,18,465.31,272.81,53.12,169.55,0.18,-1,-1,-1
142,15,989.31,296.81,38.95,83.17,0.87,-1,-1,-1
142,9,1066.48,294.29,38.91,96.24,0.87,-1,-1,-1
142,12,310.42,277.23,97.16,300.27,0.75,-1,-1,-1
142,20,406.75,289.32,58.46,194.01,0.76,-1,-1,-1
142,19,619.11,273.82,45.65,135.93,0.75,-1,-1,-1
143,1,746.32,118.75,242.80,701.57,0.86,-1,-1,-1
143,2,609.92,181.44,272.52,734.41,0.90,-1,-1,-1
143,3,433.30,238.61,214.08,617.03,0.85,-1,-1,-1
143,11,220.09,234.21,168.99,429.29,0.92,-1,-1,-1
143,13,422.39,285.43,96.80,305.01,0.89,-1,-1,-1
143,14,202.61,285.29,93.09,300.82,0.83,-1,-1,-1
143,18,464.90,272.83,60.11,192.34,0.14,-1,-1,-1
143,15,991.85,297.11,37.11,83.53,0.87,-1,-1,-1
143,9,1068.42,294.49,37.20,96.62,0.88,-1,-1,-1
143,12,314.05,276.95,95.86,288.79,0.77,-1,-1,-1
143,20,407.57,289.41,59.23,195.84,0.76,-1,-1,-1
143,19,619.80,274.22,46.42,137.42,0.74,-1,-1,-1
144,1,747.40,117.59,243.11,704.87,0.86,-1,-1,-1
144,2,612.92,181.54,264.55,730.00,0.91,-1,-1,-1
144,3,432.68,236.30,217.72,624.22,0.86,-1,-1,-1
144,11,219.09,232.71,168.74,435.07,0.92,-1,-1,-1
144,13,421.96,287.02,99.68,305.33,0.88,-1,-1,-1
144,14,201.61,285.11,92.76,302.67,0.83,-1,-1,-1
144,18,465.54,272.12,61.53,200.09,0.14,-1,-1,-1
144,15,993.41,297.22,36.37,83.97,0.88,-1,-1,-1
144,9,1070.29,294.71,37.69,96.47,0.88,-1,-1,-1
144,12,316.07,275.50,95.67,286.04,0.76,-1,-1,-1
144,20,408.28,289.75,59.64,196.40,0.80,-1,-1,-1
144,19,621.49,274.20,46.71,140.10,0.74,-1,-1,-1
145,1,748.28,114.61,243.17,715.41,0.87,-1,-1,-1
145,2,614.50,180.52,259.21,724.62,0.90,-1,-1,-1
145,3,431.98,235.27,224.21,620.75,0.85,-1,-1,-1
145,11,213.84,232.16,173.08,437.42,0.93,-1,-1,-1
145,13,419.77,286.88,105.34,308.19,0.88,-1,-1,-1
145,14,200.21,285.79,91.73,306.10,0.82,-1,-1,-1
145,18,466.87,270.95,60.34,195.94,0.19,-1,-1,-1
145,15,994.49,296.95,37.31,84.43,0.88,-1,-1,-1
145,9,1072.05,294.77,37.87,96.70,0.87,-1,-1,-1
145,12,303.77,273.05,104.27,330.74,0.78,-1,-1,-1
145,20,408.79,289.52,59.75,196.49,0.75,-1,-1,-1
145,19,623.26,274.18,46.82,141.69,0.75,-1,-1,-1
146,1,747.70,114.94,245.20,709.32,0.88,-1,-1,-1
146,2,618.36,179.83,254.90,722.74,0.90,-1,-1,-1
146,3,431.14,233.05,227.83,615.25,0.85,-1,-1,-1
146,11,212.73,230.64,174.75,441.31,0.93,-1,-1,-1
146,13,420.62,288.00,107.48,306.28,0.88,-1,-1,-1
146,14,198.67,286.34,92.51,308.56,0.83,-1,-1,-1
146,18,467.05,270.48,58.66,190.18,0.21,-1,-1,-1
146,15,995.51,296.70,37.65,84.31,0.86,-1,-1,-1
146,9,1073.30,294.95,39.11,96.80,0.88,-1,-1,-1
146,12,302.42,273.28,106.56,331.87,0.63,-1,-1,-1
146,20,409.91,289.91,59.76,198.29,0.79,-1,-1,-1
146,19,625.10,274.16,46.85,142.59,0.76,-1,-1,-1
147,1,750.04,114.91,243.21,700.47,0.88,-1,-1,-1
147,2,620.54,181.81,255.80,729.79,0.87,-1,-1,-1
147,3,434.89,228.58,225.02,628.75,0.86,-1,-1,-1
147,11,210.65,232.10,177.01,441.19,0.94,-1,-1,-1
147,13,421.42,288.39,108.85,304.28,0.88,-1,-1,-1
147,14,197.41,286.66,92.26,311.94,0.82,-1,-1,-1
147,18,465.22,271.46,60.40,194.36,0.23,-1,-1,-1
147,15,996.39,297.20,36.59,84.26,0.87,-1,-1,-1
147,9,1075.41,294.86,39.57,96.83,0.88,-1,-1,-1
147,12,299.68,272.54,108.28,340.35,0.79,-1,-1,-1
147,20,410.38,289.70,59.26,200.14,0.76,-1,-1,-1
147,19,626.90,274.13,46.25,142.59,0.79,-1,-1,-1
148,1,749.99,114.92,240.85,694.54,0.89,-1,-1,-1
148,2,622.51,181.22,259.79,734.27,0.87,-1,-1,-1
148,3,440.60,225.74,224.39,638.37,0.85,-1,-1,-1
148,11,210.72,230.78,175.94,445.20,0.94,-1,-1,-1
148,13,428.50,288.66,104.04,301.76,0.88,-1,-1,-1
148,14,195.91,286.34,93.03,321.21,0.83,-1,-1,-1
148,18,467.25,271.09,58.08,187.73,0.26,-1,-1,-1
148,15,998.44,297.52,33.77,83.62,0.86,-1,-1,-1
148,9,1077.28,294.80,40.90,97.11,0.88,-1,-1,-1
148,12,305.50,272.72,105.95,347.88,0.80,-1,-1,-1
148,20,411.05,290.39,57.66,200.56,0.78,-1,-1,-1
148,19,629.37,275.00,45.41,139.54,0.78,-1,-1,-1
149,1,751.71,114.00,239.94,698.76,0.88,-1,-1,-1
149,2,625.83,183.65,260.77,728.41,0.86,-1,-1,-1
149,3,446.11,224.51,223.67,640.79,0.86,-1,-1,-1
149,11,210.74,230.11,176.37,449.22,0.94,-1,-1,-1
149,13,432.92,288.60,100.90,299.19,0.87,-1,-1,-1
149,14,194.02,285.90,92.35,314.48,0.84,-1,-1,-1
149,18,467.94,271.23,59.58,197.76,0.21,-1,-1,-1
149,15,999.82,297.65,32.71,82.80,0.86,-1,-1,-1
149,9,1079.76,294.65,41.40,97.54,0.91,-1,-1,-1
149,12,305.81,272.36,106.17,354.03,0.82,-1,-1,-1
149,20,411.51,290.17,58.02,201.47,0.82,-1,-1,-1
149,19,631.12,275.17,45.10,137.49,0.78,-1,-1,-1
