0,1,476.10,231.52,120.60,371.48,0.94,-1,-1,-1
0,2,605.70,240.30,108.00,340.20,0.93,-1,-1,-1
0,3,794.70,233.55,108.90,293.40,0.91,-1,-1,-1
0,4,153.11,219.82,194.29,546.97,0.91,-1,-1,-1
0,5,929.70,260.10,82.80,277.20,0.91,-1,-1,-1
0,6,871.20,243.90,98.10,265.05,0.89,-1,-1,-1
0,7,678.60,243.00,76.50,268.65,0.89,-1,-1,-1
0,8,734.85,256.50,84.60,274.05,0.88,-1,-1,-1
0,9,1184.40,260.32,45.00,156.15,0.84,-1,-1,-1
0,10,849.60,235.35,81.90,253.80,0.81,-1,-1,-1
0,11,785.25,227.81,74.70,271.24,0.80,-1,-1,-1
0,12,1156.50,274.27,41.40,129.60,0.80,-1,-1,-1
0,13,1128.60,276.75,41.40,122.40,0.76,-1,-1,-1
0,14,509.40,247.50,92.70,245.70,0.70,-1,-1,-1
1,1,475.22,231.35,121.44,376.11,0.95,-1,-1,-1
1,2,605.26,240.91,108.05,338.18,0.93,-1,-1,-1
1,3,802.14,232.01,104.26,296.24,0.93,-1,-1,-1
1,4,143.22,218.29,195.64,548.74,0.92,-1,-1,-1
1,5,933.68,260.13,84.40,280.82,0.90,-1,-1,-1
1,6,873.99,242.36,100.10,268.66,0.88,-1,-1,-1
1,7,678.58,239.12,78.88,280.86,0.89,-1,-1,-1
1,8,735.63,257.31,84.64,276.11,0.88,-1,-1,-1
1,9,1186.92,259.56,45.02,153.48,0.84,-1,-1,-1
1,10,846.52,235.95,85.06,255.26,0.81,-1,-1,-1
1,11,783.32,226.85,81.76,273.10,0.83,-1,-1,-1
1,12,1159.79,275.08,39.86,124.18,0.83,-1,-1,-1
1,13,1131.10,277.95,39.86,113.86,0.81,-1,-1,-1
1,14,510.88,249.09,90.40,235.64,0.66,-1,-1,-1
2,1,474.16,232.64,120.86,380.27,0.95,-1,-1,-1
2,2,604.34,242.03,106.63,339.08,0.93,-1,-1,-1
2,3,806.95,232.43,102.74,299.01,0.93,-1,-1,-1
2,4,132.91,218.58,200.06,557.08,0.91,-1,-1,-1
2,5,938.57,260.68,81.87,282.83,0.91,-1,-1,-1
2,6,877.95,242.80,101.83,272.24,0.88,-1,-1,-1
2,7,682.63,240.99,76.49,285.39,0.88,-1,-1,-1
2,8,737.09,259.01,85.33,276.44,0.88,-1,-1,-1
2,9,1190.30,259.52,46.42,157.70,0.83,-1,-1,-1
2,10,840.09,236.25,92.17,259.68,0.78,-1,-1,-1
2,11,780.90,227.38,85.69,273.92,0.85,-1,-1,-1
2,12,1161.17,274.05,42.44,130.46,0.83,-1,-1,-1
2,13,1133.76,278.04,39.59,114.99,0.79,-1,-1,-1
2,14,511.66,250.02,90.00,229.76,0.63,-1,-1,-1
3,1,473.04,234.87,121.36,382.57,0.95,-1,-1,-1
3,2,604.20,243.11,105.51,342.57,0.93,-1,-1,-1
3,3,811.73,232.27,101.68,301.30,0.94,-1,-1,-1
3,4,121.78,218.90,205.52,566.74,0.91,-1,-1,-1
3,5,941.33,260.83,83.83,285.23,0.91,-1,-1,-1
3,6,880.12,242.96,102.69,274.12,0.89,-1,-1,-1
3,7,686.81,242.25,74.29,294.37,0.86,-1,-1,-1
3,8,737.92,259.21,82.14,278.01,0.87,-1,-1,-1
3,9,1192.41,259.58,45.52,156.88,0.83,-1,-1,-1
3,10,844.83,236.32,90.23,256.77,0.79,-1,-1,-1
3,11,783.39,227.24,85.61,281.49,0.83,-1,-1,-1
3,12,1163.33,274.31,43.25,128.28,0.83,-1,-1,-1
3,13,1139.85,277.96,38.14,117.08,0.79,-1,-1,-1
3,14,504.45,246.48,95.45,262.10,0.62,-1,-1,-1
3,15,1132.20,279.22,34.20,111.60,0.76,-1,-1,-1
4,1,472.09,234.88,121.54,388.16,0.95,-1,-1,-1
4,2,604.22,243.90,103.86,344.86,0.93,-1,-1,-1
4,3,814.10,232.19,104.12,304.61,0.93,-1,-1,-1
4,4,110.26,219.64,211.15,573.01,0.91,-1,-1,-1
4,5,944.13,260.67,87.11,289.41,0.91,-1,-1,-1
4,6,882.10,242.99,104.24,277.60,0.88,-1,-1,-1
4,7,688.39,243.93,75.01,299.78,0.86,-1,-1,-1
4,8,739.88,259.87,81.76,279.82,0.87,-1,-1,-1
4,9,1195.06,259.42,45.17,159.52,0.82,-1,-1,-1
4,10,853.49,235.97,84.61,255.02,0.76,-1,-1,-1
4,11,790.30,227.65,82.79,284.07,0.83,-1,-1,-1
4,12,1166.05,274.73,43.47,130.07,0.81,-1,-1,-1
4,13,1141.72,277.73,39.08,122.10,0.75,-1,-1,-1
4,14,502.51,247.88,94.62,266.75,0.68,-1,-1,-1
4,15,1133.86,279.80,34.22,111.67,0.70,-1,-1,-1
4,16,534.15,255.60,72.90,205.65,0.72,-1,-1,-1
5,1,471.44,236.08,120.94,391.84,0.95,-1,-1,-1
5,2,603.55,244.10,104.00,348.12,0.93,-1,-1,-1
5,3,814.03,231.50,108.18,307.56,0.93,-1,-1,-1
5,4,96.53,218.42,219.54,585.23,0.92,-1,-1,-1
5,5,947.44,260.90,89.49,292.97,0.91,-1,-1,-1
5,6,885.81,239.77,107.27,283.47,0.88,-1,-1,-1
5,7,690.69,245.25,74.64,304.70,0.86,-1,-1,-1
5,8,742.06,256.65,79.72,285.05,0.87,-1,-1,-1
5,9,1197.07,259.18,46.35,162.93,0.83,-1,-1,-1
5,10,864.32,235.49,75.98,246.64,0.78,-1,-1,-1
5,11,787.46,225.69,90.11,286.86,0.85,-1,-1,-1
5,12,1167.48,275.64,46.05,133.20,0.78,-1,-1,-1
5,13,1144.09,278.10,39.40,124.41,0.76,-1,-1,-1
5,14,501.61,248.46,92.91,266.52,0.70,-1,-1,-1
5,15,1134.87,280.24,34.23,111.00,0.68,-1,-1,-1
5,16,534.69,256.34,72.23,206.13,0.78,-1,-1,-1
6,1,470.54,236.45,120.74,394.70,0.94,-1,-1,-1
6,2,602.66,244.45,104.10,351.21,0.94,-1,-1,-1
6,3,818.26,230.17,107.75,312.21,0.93,-1,-1,-1
6,4,82.18,216.21,226.58,594.34,0.91,-1,-1,-1
6,5,951.07,260.69,90.30,296.42,0.93,-1,-1,-1
6,6,888.03,241.14,109.23,284.31,0.88,-1,-1,-1
6,7,691.68,247.70,74.54,306.19,0.81,-1,-1,-1
6,8,742.10,256.61,81.65,286.46,0.87,-1,-1,-1
6,9,1199.73,258.22,45.51,161.65,0.84,-1,-1,-1
6,10,864.81,235.34,77.49,249.00,0.74,-1,-1,-1
6,11,792.57,226.71,85.32,282.99,0.81,-1,-1,-1
6,12,1169.93,275.24,45.72,132.45,0.74,-1,-1,-1
6,13,1145.56,278.13,40.79,123.65,0.76,-1,-1,-1
6,14,502.28,248.36,88.47,254.92,0.73,-1,-1,-1
6,15,1137.32,279.53,34.23,111.47,0.60,-1,-1,-1
6,16,535.40,256.65,72.12,206.83,0.78,-1,-1,-1
7,1,468.44,235.55,121.85,400.09,0.94,-1,-1,-1
7,2,601.74,244.79,105.37,354.28,0.92,-1,-1,-1
7,3,821.80,229.74,107.17,314.23,0.93,-1,-1,-1
7,4,66.52,211.80,234.96,610.79,0.91,-1,-1,-1
7,5,953.39,258.10,92.94,301.46,0.91,-1,-1,-1
7,6,890.48,241.80,108.61,286.37,0.88,-1,-1,-1
7,7,691.59,246.67,75.11,316.19,0.83,-1,-1,-1
7,8,741.73,254.85,80.42,288.18,0.86,-1,-1,-1
7,9,1203.52,257.69,45.16,162.89,0.83,-1,-1,-1
7,10,866.11,234.32,77.95,251.37,0.71,-1,-1,-1
7,11,791.34,225.36,90.70,288.63,0.84,-1,-1,-1
7,12,1172.42,274.58,45.50,133.61,0.74,-1,-1,-1
7,13,1147.66,277.79,41.26,125.71,0.77,-1,-1,-1
7,14,502.37,246.86,89.37,263.44,0.77,-1,-1,-1
7,15,1139.24,278.25,34.21,112.61,0.76,-1,-1,-1
7,16,534.02,257.40,74.14,207.28,0.78,-1,-1,-1
8,1,467.14,234.64,122.49,403.96,0.94,-1,-1,-1
8,2,599.71,244.90,106.66,356.11,0.92,-1,-1,-1
8,3,825.36,227.99,108.66,318.36,0.93,-1,-1,-1
8,4,48.92,207.98,244.66,621.72,0.90,-1,-1,-1
8,5,958.71,257.19,92.85,304.11,0.90,-1,-1,-1
8,6,893.72,238.90,108.79,290.81,0.87,-1,-1,-1
8,7,692.59,243.81,76.12,324.40,0.83,-1,-1,-1
8,8,742.06,256.32,77.68,277.86,0.86,-1,-1,-1
8,9,1207.13,256.83,45.12,166.75,0.82,-1,-1,-1
8,10,871.69,232.32,75.20,250.85,0.67,-1,-1,-1
8,11,795.91,222.22,90.96,297.91,0.86,-1,-1,-1
8,12,1176.18,273.99,45.46,132.52,0.76,-1,-1,-1
8,13,1150.03,277.33,40.29,120.70,0.83,-1,-1,-1
8,14,500.33,246.54,90.47,271.80,0.83,-1,-1,-1
8,15,1140.85,278.49,34.25,111.73,0.74,-1,-1,-1
8,16,535.00,255.98,72.87,208.48,0.85,-1,-1,-1
9,1,465.22,231.85,122.58,409.26,0.93,-1,-1,-1
9,2,597.55,244.22,106.42,358.40,0.92,-1,-1,-1
9,3,827.96,226.90,110.62,321.03,0.94,-1,-1,-1
9,4,29.93,202.77,253.69,637.99,0.90,-1,-1,-1
9,5,963.54,255.86,92.64,307.11,0.90,-1,-1,-1
9,6,897.16,233.78,111.14,296.30,0.87,-1,-1,-1
9,7,693.93,240.55,77.00,331.06,0.86,-1,-1,-1
9,8,740.71,255.49,78.49,278.51,0.87,-1,-1,-1
9,9,1208.98,255.50,47.51,173.04,0.82,-1,-1,-1
9,10,879.11,229.46,71.66,250.21,0.67,-1,-1,-1
9,11,803.23,221.69,86.04,296.59,0.85,-1,-1,-1
9,12,1179.94,273.64,44.16,130.62,0.80,-1,-1,-1
9,13,1153.22,277.63,38.64,117.54,0.88,-1,-1,-1
9,14,498.46,245.08,90.80,277.05,0.78,-1,-1,-1
9,15,1142.57,278.27,32.96,110.49,0.77,-1,-1,-1
9,16,535.81,254.57,71.00,209.76,0.83,-1,-1,-1
10,1,463.96,229.63,123.03,415.31,0.93,-1,-1,-1
10,2,595.39,242.77,105.56,361.06,0.92,-1,-1,-1
10,3,831.01,224.78,110.55,323.85,0.93,-1,-1,-1
10,4,9.22,198.25,264.47,657.43,0.89,-1,-1,-1
10,5,966.62,253.46,93.56,310.51,0.92,-1,-1,-1
10,6,901.93,230.51,109.71,298.35,0.88,-1,-1,-1
10,7,694.35,238.43,79.64,334.95,0.87,-1,-1,-1
10,8,735.24,250.80,83.59,282.46,0.86,-1,-1,-1
10,9,1211.23,254.75,47.11,171.24,0.82,-1,-1,-1
10,10,880.98,227.82,72.59,250.94,0.69,-1,-1,-1
10,11,805.46,218.75,86.40,302.54,0.86,-1,-1,-1
10,12,1181.73,270.62,44.80,133.97,0.78,-1,-1,-1
10,13,1154.84,276.36,39.21,119.90,0.82,-1,-1,-1
10,14,494.74,243.68,94.45,278.14,0.80,-1,-1,-1
10,15,1143.75,278.05,32.45,110.85,0.72,-1,-1,-1
10,16,536.29,252.04,69.62,212.27,0.85,-1,-1,-1
11,1,461.56,226.70,123.98,419.01,0.93,-1,-1,-1
11,2,592.75,241.06,106.62,363.72,0.92,-1,-1,-1
11,3,833.34,222.26,112.45,327.34,0.94,-1,-1,-1
11,4,-9.22,189.07,272.52,674.39,0.88,-1,-1,-1
11,5,970.85,251.05,95.21,315.78,0.92,-1,-1,-1
11,6,903.79,228.09,112.27,303.98,0.89,-1,-1,-1
11,7,695.36,234.68,86.10,341.20,0.88,-1,-1,-1
11,8,730.34,244.73,88.53,289.39,0.84,-1,-1,-1
11,9,1214.19,253.95,48.22,168.75,0.81,-1,-1,-1
11,10,879.82,224.11,76.74,268.75,0.44,-1,-1,-1
11,11,808.39,219.44,86.04,301.01,0.88,-1,-1,-1
11,12,1186.30,270.50,43.89,131.97,0.74,-1,-1,-1
11,13,1157.53,275.24,39.47,120.52,0.82,-1,-1,-1
11,14,494.76,244.13,92.93,273.78,0.77,-1,-1,-1
11,15,1145.06,276.99,34.85,112.30,0.75,-1,-1,-1
11,16,535.07,250.14,71.80,214.98,0.86,-1,-1,-1
12,1,459.81,224.76,124.16,421.25,0.94,-1,-1,-1
12,2,588.45,239.22,108.08,364.53,0.92,-1,-1,-1
12,3,837.86,219.93,111.52,331.76,0.94,-1,-1,-1
12,4,-26.82,182.21,276.56,695.94,0.86,-1,-1,-1
12,5,973.93,248.20,96.86,320.84,0.92,-1,-1,-1
12,6,909.60,226.28,112.47,308.45,0.89,-1,-1,-1
12,7,696.20,226.36,97.12,352.55,0.90,-1,-1,-1
12,8,733.35,243.41,85.61,287.41,0.85,-1,-1,-1
12,9,1217.93,253.55,48.56,165.28,0.82,-1,-1,-1
12,10,883.06,223.66,79.06,270.86,0.38,-1,-1,-1
12,11,808.96,217.36,89.39,304.46,0.88,-1,-1,-1
12,12,1191.30,271.26,41.03,129.03,0.60,-1,-1,-1
12,13,1159.38,275.29,38.32,119.21,0.84,-1,-1,-1
12,14,497.88,242.34,87.37,252.17,0.78,-1,-1,-1
12,15,1146.46,276.76,34.45,112.50,0.80,-1,-1,-1
12,16,535.22,248.39,70.03,217.86,0.86,-1,-1,-1
13,1,457.87,223.34,124.21,419.85,0.94,-1,-1,-1
13,2,586.02,237.78,108.15,364.75,0.92,-1,-1,-1
13,3,841.30,218.19,111.83,336.36,0.93,-1,-1,-1
13,4,-46.75,171.23,283.47,717.30,0.84,-1,-1,-1
13,5,979.19,246.44,97.55,326.36,0.92,-1,-1,-1
13,6,910.86,224.15,115.88,312.47,0.90,-1,-1,-1
13,7,696.26,219.94,100.93,363.93,0.92,-1,-1,-1
13,8,725.33,239.65,88.72,291.54,0.83,-1,-1,-1
13,9,1219.94,253.23,49.92,158.78,0.82,-1,-1,-1
13,10,883.94,222.65,80.36,271.08,0.24,-1,-1,-1
13,11,809.75,216.02,88.94,308.43,0.88,-1,-1,-1
13,12,1196.82,270.62,38.76,128.51,0.27,-1,-1,-1
13,13,1161.28,275.45,37.92,118.10,0.84,-1,-1,-1
13,14,491.77,242.34,92.13,270.45,0.81,-1,-1,-1
13,15,1148.24,276.07,34.32,112.27,0.82,-1,-1,-1
13,16,536.24,247.49,68.83,219.92,0.86,-1,-1,-1
14,1,455.31,223.08,124.64,420.34,0.94,-1,-1,-1
14,2,582.21,236.98,108.88,367.60,0.93,-1,-1,-1
14,3,846.91,216.47,109.66,342.52,0.93,-1,-1,-1
14,4,-61.03,172.51,282.29,732.21,0.82,-1,-1,-1
14,5,982.04,246.13,100.25,330.84,0.92,-1,-1,-1
14,6,912.74,222.88,118.44,317.18,0.89,-1,-1,-1
14,7,696.36,214.90,105.96,374.45,0.93,-1,-1,-1
14,8,723.73,239.06,88.77,295.38,0.76,-1,-1,-1
14,9,1224.76,252.53,54.02,154.93,0.81,-1,-1,-1
14,10,890.10,223.07,75.28,261.17,0.32,-1,-1,-1
14,11,811.37,215.17,90.01,311.81,0.88,-1,-1,-1
14,12,1197.30,275.40,40.49,123.60,0.56,-1,-1,-1
14,13,1163.00,275.84,39.04,117.78,0.83,-1,-1,-1
14,14,491.94,242.25,90.35,276.39,0.79,-1,-1,-1
14,15,1149.96,275.39,33.09,112.87,0.82,-1,-1,-1
14,16,535.66,246.78,68.48,222.62,0.87,-1,-1,-1
15,1,452.52,223.71,125.35,421.37,0.94,-1,-1,-1
15,2,578.02,237.15,110.31,368.02,0.93,-1,-1,-1
15,3,851.68,215.87,108.16,348.17,0.92,-1,-1,-1
15,4,-72.16,172.19,279.63,758.13,0.82,-1,-1,-1
15,5,988.03,246.80,98.86,335.98,0.91,-1,-1,-1
15,6,916.34,223.36,119.05,321.98,0.88,-1,-1,-1
15,7,695.31,212.36,114.15,382.63,0.93,-1,-1,-1
15,8,721.21,246.66,91.70,287.15,0.57,-1,-1,-1
15,9,1227.35,252.74,53.26,169.69,0.82,-1,-1,-1
15,10,896.05,224.65,74.18,257.93,0.38,-1,-1,-1
15,11,811.09,213.18,93.94,319.34,0.89,-1,-1,-1
15,12,1198.93,269.53,42.29,131.83,0.71,-1,-1,-1
15,13,1163.85,275.68,40.64,118.52,0.84,-1,-1,-1
15,14,489.90,242.23,91.41,285.89,0.82,-1,-1,-1
15,15,1150.17,275.59,33.84,113.05,0.82,-1,-1,-1
15,16,535.34,247.76,66.51,222.59,0.86,-1,-1,-1
15,17,694.80,260.55,54.00,177.75,0.79,-1,-1,-1
16,1,450.19,224.96,126.59,421.02,0.94,-1,-1,-1
16,2,574.96,237.84,111.97,366.10,0.93,-1,-1,-1
16,3,856.41,216.66,105.72,352.29,0.93,-1,-1,-1
16,4,-86.26,169.62,276.46,791.43,0.81,-1,-1,-1
16,5,993.76,247.98,100.58,341.16,0.92,-1,-1,-1
16,6,920.02,223.76,122.11,326.31,0.86,-1,-1,-1
16,7,697.32,212.00,117.84,392.69,0.93,-1,-1,-1
16,8,722.22,261.30,88.61,270.87,0.23,-1,-1,-1
16,9,1229.85,253.41,52.85,172.79,0.83,-1,-1,-1
16,10,898.12,224.22,73.77,263.68,0.58,-1,-1,-1
16,11,813.09,212.34,95.35,326.20,0.89,-1,-1,-1
16,12,1201.70,268.63,41.76,133.49,0.77,-1,-1,-1
16,13,1166.95,276.51,40.04,119.03,0.86,-1,-1,-1
16,14,488.27,243.57,91.16,290.30,0.84,-1,-1,-1
16,15,1151.34,275.66,35.30,114.26,0.82,-1,-1,-1
16,16,535.77,248.77,66.38,219.66,0.86,-1,-1,-1
16,17,694.69,261.07,56.23,183.71,0.84,-1,-1,-1
17,1,447.90,225.65,127.58,416.73,0.94,-1,-1,-1
17,2,572.07,238.61,113.13,363.35,0.93,-1,-1,-1
17,3,859.98,218.47,104.46,355.58,0.92,-1,-1,-1
17,4,-102.13,167.78,274.58,796.38,0.80,-1,-1,-1
17,5,997.36,248.95,102.33,346.10,0.92,-1,-1,-1
17,6,924.38,224.60,120.54,329.89,0.89,-1,-1,-1
17,7,699.43,210.61,130.60,411.42,0.94,-1,-1,-1
17,8,719.30,234.37,90.32,302.50,0.19,-1,-1,-1
17,9,1231.57,253.74,51.46,167.68,0.85,-1,-1,-1
17,10,903.74,223.62,69.67,242.22,0.45,-1,-1,-1
17,11,812.78,212.54,97.58,329.16,0.89,-1,-1,-1
17,12,1202.34,268.78,42.74,133.77,0.82,-1,-1,-1
17,13,1168.98,276.71,40.98,120.08,0.83,-1,-1,-1
17,14,488.02,244.15,91.62,290.70,0.84,-1,-1,-1
17,15,1152.06,275.73,37.02,116.16,0.77,-1,-1,-1
17,16,534.99,249.52,68.17,220.67,0.87,-1,-1,-1
17,17,694.93,261.66,56.67,190.35,0.84,-1,-1,-1
17,18,596.70,252.22,86.40,254.47,0.73,-1,-1,-1
18,1,446.10,226.20,128.58,411.07,0.94,-1,-1,-1
18,2,568.04,238.89,115.97,361.29,0.93,-1,-1,-1
18,3,863.09,218.89,104.05,360.76,0.92,-1,-1,-1
18,4,-109.46,187.69,263.20,783.33,0.66,-1,-1,-1
18,5,1001.17,249.51,105.36,351.16,0.92,-1,-1,-1
18,6,926.70,224.67,122.28,334.29,0.90,-1,-1,-1
18,7,699.72,210.03,154.59,429.21,0.93,-1,-1,-1
18,8,716.82,245.81,82.67,276.67,0.46,-1,-1,-1
18,9,1234.85,254.07,49.72,159.69,0.85,-1,-1,-1
18,10,905.80,225.67,70.67,241.00,0.52,-1,-1,-1
18,11,812.12,212.80,100.20,332.58,0.90,-1,-1,-1
18,12,1205.20,268.61,43.11,134.23,0.76,-1,-1,-1
18,13,1171.76,276.68,40.16,119.64,0.85,-1,-1,-1
18,14,486.98,245.84,93.02,294.43,0.83,-1,-1,-1
18,15,1152.60,276.27,37.68,116.03,0.79,-1,-1,-1
18,16,535.23,250.11,67.06,220.84,0.83,-1,-1,-1
18,17,695.82,262.67,56.10,191.95,0.86,-1,-1,-1
18,18,593.91,252.69,89.40,254.43,0.78,-1,-1,-1
19,1,444.61,225.90,129.82,409.56,0.94,-1,-1,-1
19,2,565.50,238.87,116.88,361.42,0.93,-1,-1,-1
19,3,863.65,218.49,104.69,365.22,0.92,-1,-1,-1
19,4,-112.57,202.65,247.55,757.84,0.53,-1,-1,-1
19,5,1005.75,249.38,106.35,355.93,0.92,-1,-1,-1
19,6,929.64,224.66,123.94,338.25,0.90,-1,-1,-1
19,7,701.98,210.78,176.51,439.77,0.93,-1,-1,-1
19,8,714.70,254.08,80.75,265.10,0.65,-1,-1,-1
19,9,1233.71,254.01,51.41,158.99,0.84,-1,-1,-1
19,10,907.18,223.67,72.47,253.76,0.51,-1,-1,-1
19,11,811.70,214.10,101.62,333.13,0.87,-1,-1,-1
19,12,1206.38,268.95,43.20,134.29,0.82,-1,-1,-1
19,13,1174.14,276.45,39.78,119.99,0.86,-1,-1,-1
19,14,485.59,245.15,91.65,294.34,0.85,-1,-1,-1
19,15,1151.20,276.25,40.24,116.48,0.81,-1,-1,-1
19,16,537.25,250.80,64.14,221.91,0.83,-1,-1,-1
19,17,695.41,263.21,56.52,191.44,0.87,-1,-1,-1
19,18,593.00,252.37,88.56,254.01,0.80,-1,-1,-1
20,1,443.23,226.05,130.41,409.82,0.95,-1,-1,-1
20,2,563.85,239.18,117.19,364.63,0.93,-1,-1,-1
20,3,865.84,218.21,104.63,369.16,0.93,-1,-1,-1
20,4,-140.67,206.24,258.43,763.24,0.25,-1,-1,-1
20,5,1010.28,249.17,109.02,360.86,0.92,-1,-1,-1
20,6,934.19,224.02,125.69,341.04,0.88,-1,-1,-1
20,7,703.53,211.76,199.21,451.24,0.93,-1,-1,-1
20,8,706.73,257.51,89.24,262.30,0.72,-1,-1,-1
20,9,1237.88,254.25,49.65,157.79,0.83,-1,-1,-1
20,10,908.48,222.58,73.45,257.20,0.62,-1,-1,-1
20,11,816.22,214.27,99.18,335.23,0.88,-1,-1,-1
20,12,1207.83,269.50,43.22,136.04,0.85,-1,-1,-1
20,13,1175.46,275.42,40.84,121.57,0.86,-1,-1,-1
20,14,482.84,245.94,92.31,290.65,0.85,-1,-1,-1
20,15,1153.46,276.06,38.88,117.19,0.79,-1,-1,-1
20,16,538.11,251.83,62.47,225.94,0.84,-1,-1,-1
20,17,694.68,263.52,56.65,191.40,0.86,-1,-1,-1
20,18,593.96,253.13,89.63,249.65,0.83,-1,-1,-1
21,1,441.88,226.46,131.82,413.75,0.94,-1,-1,-1
21,2,561.26,238.97,119.07,368.22,0.93,-1,-1,-1
21,3,868.06,218.01,104.94,373.27,0.92,-1,-1,-1
21,4,-159.62,202.49,259.26,780.14,0.20,-1,-1,-1
21,5,1017.20,249.37,110.02,364.67,0.91,-1,-1,-1
21,6,937.62,223.33,126.32,344.50,0.90,-1,-1,-1
21,7,705.54,209.85,215.98,470.47,0.94,-1,-1,-1
21,8,705.39,258.85,107.32,276.45,0.79,-1,-1,-1
21,9,1241.86,254.01,47.74,164.91,0.81,-1,-1,-1
21,10,911.57,221.63,73.55,244.79,0.65,-1,-1,-1
21,11,805.14,213.50,112.48,336.46,0.87,-1,-1,-1
21,12,1210.74,269.54,44.42,140.25,0.82,-1,-1,-1
21,13,1177.13,274.85,41.23,122.46,0.87,-1,-1,-1
21,14,483.37,245.77,91.37,286.00,0.85,-1,-1,-1
21,15,1155.59,275.52,38.30,117.75,0.82,-1,-1,-1
21,16,538.40,252.79,61.29,226.25,0.82,-1,-1,-1
21,17,692.86,263.43,59.88,193.86,0.87,-1,-1,-1
21,18,593.64,253.00,88.64,246.93,0.82,-1,-1,-1
21,19,710.10,258.75,83.70,271.80,0.76,-1,-1,-1
22,1,440.19,227.26,132.88,416.95,0.94,-1,-1,-1
22,2,558.84,238.58,121.49,372.55,0.94,-1,-1,-1
22,3,870.23,218.34,105.33,376.71,0.92,-1,-1,-1
22,5,1022.03,249.78,113.84,369.24,0.91,-1,-1,-1
22,6,938.78,222.52,132.40,349.25,0.89,-1,-1,-1
22,7,706.58,208.99,228.56,493.68,0.95,-1,-1,-1
22,8,703.15,259.31,109.81,278.33,0.84,-1,-1,-1
22,9,1245.04,253.54,45.80,164.88,0.82,-1,-1,-1
22,10,913.47,221.32,75.08,264.39,0.61,-1,-1,-1
22,11,799.97,213.83,125.46,338.90,0.86,-1,-1,-1
22,12,1213.51,269.31,44.86,143.30,0.84,-1,-1,-1
22,13,1177.66,273.95,43.75,130.83,0.84,-1,-1,-1
22,14,482.37,245.68,93.39,282.98,0.85,-1,-1,-1
22,15,1157.52,275.06,38.05,124.51,0.79,-1,-1,-1
22,16,538.74,254.03,60.27,220.67,0.77,-1,-1,-1
22,17,691.87,263.06,63.43,196.85,0.83,-1,-1,-1
22,18,592.52,252.61,88.93,245.17,0.72,-1,-1,-1
23,1,439.28,228.02,132.86,420.81,0.94,-1,-1,-1
23,2,557.86,238.75,122.42,376.96,0.94,-1,-1,-1
23,3,871.20,217.09,107.02,381.48,0.91,-1,-1,-1
23,5,1027.87,250.27,114.12,373.62,0.91,-1,-1,-1
23,6,940.89,222.40,137.03,353.56,0.88,-1,-1,-1
23,7,707.16,209.28,234.45,510.15,0.93,-1,-1,-1
23,8,700.83,260.07,94.70,280.67,0.84,-1,-1,-1
23,9,1248.03,253.23,45.11,169.08,0.80,-1,-1,-1
23,10,917.95,219.24,73.00,250.16,0.71,-1,-1,-1
23,11,805.66,211.75,121.74,346.80,0.85,-1,-1,-1
23,12,1215.77,268.97,45.03,144.49,0.82,-1,-1,-1
23,13,1179.65,273.07,44.69,132.82,0.83,-1,-1,-1
23,14,482.46,245.05,94.16,284.59,0.84,-1,-1,-1
23,15,1158.89,274.49,37.96,122.69,0.81,-1,-1,-1
23,16,538.41,255.57,59.35,215.41,0.77,-1,-1,-1
23,17,692.32,263.55,64.15,198.86,0.78,-1,-1,-1
23,18,592.36,252.48,89.05,244.10,0.66,-1,-1,-1
24,1,437.52,228.29,134.01,426.17,0.94,-1,-1,-1
24,2,557.60,238.80,122.74,379.83,0.94,-1,-1,-1
24,3,869.14,216.05,112.41,386.17,0.91,-1,-1,-1
24,5,1033.57,249.59,115.33,378.73,0.92,-1,-1,-1
24,6,946.33,221.13,134.12,356.39,0.90,-1,-1,-1
24,7,709.65,204.55,240.51,527.01,0.93,-1,-1,-1
24,8,700.47,258.98,99.20,284.10,0.87,-1,-1,-1
24,9,1249.12,253.30,44.88,163.87,0.79,-1,-1,-1
24,10,921.09,218.01,73.11,248.90,0.69,-1,-1,-1
24,11,825.71,210.44,106.47,350.30,0.85,-1,-1,-1
24,12,1218.43,268.73,43.89,142.27,0.84,-1,-1,-1
24,13,1181.04,272.90,45.05,128.29,0.85,-1,-1,-1
24,14,483.15,244.35,92.66,285.95,0.85,-1,-1,-1
24,15,1160.65,274.90,37.92,120.73,0.73,-1,-1,-1
24,16,538.28,255.82,59.66,216.80,0.79,-1,-1,-1
24,17,692.56,262.80,66.16,199.56,0.71,-1,-1,-1
24,18,592.67,253.85,91.60,248.09,0.65,-1,-1,-1
25,1,435.79,228.07,134.91,430.93,0.94,-1,-1,-1
25,2,556.61,239.01,124.04,383.42,0.94,-1,-1,-1
25,3,874.30,214.76,112.13,390.53,0.89,-1,-1,-1
25,5,1038.05,247.97,119.32,384.56,0.92,-1,-1,-1
25,6,951.41,220.05,137.64,360.62,0.88,-1,-1,-1
25,7,715.04,199.56,233.42,534.41,0.91,-1,-1,-1
25,8,699.30,257.97,103.10,284.57,0.89,-1,-1,-1
25,9,1245.23,252.96,52.11,163.57,0.80,-1,-1,-1
25,10,923.17,216.97,74.69,242.07,0.70,-1,-1,-1
25,11,833.20,209.25,100.82,353.76,0.76,-1,-1,-1
25,12,1220.61,268.42,44.67,141.02,0.85,-1,-1,-1
25,13,1183.36,272.48,45.18,127.31,0.86,-1,-1,-1
25,14,483.36,243.25,92.71,283.52,0.86,-1,-1,-1
25,15,1161.36,274.39,40.29,119.62,0.59,-1,-1,-1
25,16,538.42,254.89,59.22,217.27,0.77,-1,-1,-1
25,17,694.32,262.68,66.91,204.82,0.43,-1,-1,-1
25,18,592.05,252.68,91.91,247.96,0.76,-1,-1,-1
25,20,743.85,260.77,62.10,223.87,0.75,-1,-1,-1
26,1,433.99,227.40,136.12,436.60,0.94,-1,-1,-1
26,2,555.85,237.50,126.15,388.78,0.93,-1,-1,-1
26,3,884.40,212.35,104.71,396.28,0.89,-1,-1,-1
26,5,1045.92,248.44,120.66,388.17,0.91,-1,-1,-1
26,6,956.05,216.90,137.62,365.42,0.90,-1,-1,-1
26,7,725.16,189.34,229.34,548.28,0.93,-1,-1,-1
26,8,697.30,256.46,114.96,290.70,0.88,-1,-1,-1
26,9,1246.62,252.97,54.61,162.58,0.77,-1,-1,-1
26,10,927.29,215.72,74.01,242.01,0.74,-1,-1,-1
26,11,851.56,209.04,90.76,344.58,0.41,-1,-1,-1
26,12,1221.23,268.44,47.28,139.65,0.83,-1,-1,-1
26,13,1184.64,271.70,46.36,127.55,0.85,-1,-1,-1
26,14,481.22,241.67,94.44,282.59,0.86,-1,-1,-1
26,16,537.99,253.52,60.24,221.52,0.77,-1,-1,-1
26,18,591.07,251.84,94.37,250.59,0.75,-1,-1,-1
26,20,745.89,263.47,75.80,250.51,0.77,-1,-1,-1
27,1,432.19,225.90,136.16,441.07,0.93,-1,-1,-1
27,2,555.34,236.46,128.60,394.16,0.93,-1,-1,-1
27,3,886.90,210.07,106.65,403.29,0.88,-1,-1,-1
27,5,1053.49,241.95,123.37,399.12,0.90,-1,-1,-1
27,6,959.47,211.52,157.58,373.99,0.85,-1,-1,-1
27,7,741.89,180.06,222.70,562.77,0.92,-1,-1,-1
27,8,696.26,254.11,113.73,293.93,0.91,-1,-1,-1
27,9,1254.04,252.91,47.47,163.16,0.74,-1,-1,-1
27,10,929.32,214.16,76.12,239.61,0.64,-1,-1,-1
27,12,1224.31,267.97,47.06,141.22,0.84,-1,-1,-1
27,13,1186.82,271.68,46.76,127.33,0.85,-1,-1,-1
27,14,481.03,240.44,95.01,283.73,0.87,-1,-1,-1
27,16,538.73,251.48,61.19,227.86,0.74,-1,-1,-1
27,18,592.22,251.35,95.20,249.62,0.73,-1,-1,-1
27,20,747.15,273.34,88.01,255.53,0.85,-1,-1,-1
28,1,430.24,224.23,136.86,446.85,0.93,-1,-1,-1
28,2,555.31,236.38,131.37,397.37,0.92,-1,-1,-1
28,3,874.56,206.40,121.76,408.92,0.81,-1,-1,-1
28,5,1060.20,236.38,125.63,408.78,0.93,-1,-1,-1
28,6,964.04,207.16,154.85,381.54,0.86,-1,-1,-1
28,7,767.13,173.60,215.30,582.69,0.90,-1,-1,-1
28,8,693.69,251.98,110.79,296.11,0.91,-1,-1,-1
28,9,1259.88,252.04,43.25,162.96,0.70,-1,-1,-1
28,10,935.25,212.11,74.58,252.09,0.69,-1,-1,-1
28,12,1228.20,266.19,46.98,144.98,0.86,-1,-1,-1
28,13,1188.01,271.13,49.28,126.84,0.75,-1,-1,-1
28,14,480.84,240.05,94.70,283.98,0.86,-1,-1,-1
28,16,537.33,249.56,62.82,231.60,0.80,-1,-1,-1
28,18,593.97,250.12,93.15,252.00,0.80,-1,-1,-1
28,20,750.23,278.62,94.71,257.20,0.87,-1,-1,-1
29,1,428.55,223.39,137.01,452.49,0.93,-1,-1,-1
29,2,555.79,235.74,131.26,402.14,0.93,-1,-1,-1
29,3,878.74,199.34,123.90,411.08,0.35,-1,-1,-1
29,5,1069.35,231.89,127.66,417.19,0.89,-1,-1,-1
29,6,972.39,205.68,200.33,387.31,0.85,-1,-1,-1
29,7,796.34,158.41,209.35,614.31,0.91,-1,-1,-1
29,8,687.12,249.86,111.96,299.38,0.90,-1,-1,-1
29,9,1262.24,251.39,40.54,162.14,0.36,-1,-1,-1
29,10,941.78,210.28,72.82,242.39,0.70,-1,-1,-1
29,12,1231.22,265.19,46.96,146.22,0.86,-1,-1,-1
29,13,1190.57,270.14,46.77,124.39,0.40,-1,-1,-1
29,14,481.77,240.17,94.02,278.35,0.85,-1,-1,-1
29,16,537.20,247.33,62.87,228.79,0.79,-1,-1,-1
29,18,595.72,248.45,91.16,254.32,0.80,-1,-1,-1
29,20,751.45,279.45,98.23,258.78,0.88,-1,-1,-1
29,17,727.60,252.41,68.36,228.57,0.71,-1,-1,-1
30,1,427.33,222.49,137.08,457.59,0.93,-1,-1,-1
30,2,556.50,234.73,134.16,406.21,0.91,-1,-1,-1
30,3,902.14,200.41,116.30,384.67,0.10,-1,-1,-1
30,5,1077.20,228.62,131.93,425.26,0.92,-1,-1,-1
30,6,987.74,203.63,189.04,393.39,0.83,-1,-1,-1
30,7,823.85,145.08,214.78,641.44,0.90,-1,-1,-1
30,8,681.55,247.04,108.26,303.01,0.89,-1,-1,-1
30,10,948.81,207.83,72.19,235.92,0.17,-1,-1,-1
30,12,1236.17,264.70,45.77,146.55,0.82,-1,-1,-1
30,14,481.76,240.68,89.59,282.92,0.84,-1,-1,-1
30,16,537.04,245.10,63.51,233.44,0.81,-1,-1,-1
30,18,597.73,246.72,88.60,257.69,0.82,-1,-1,-1
30,20,754.03,278.86,97.41,261.28,0.90,-1,-1,-1
30,17,731.29,251.61,69.69,238.21,0.76,-1,-1,-1
30,21,805.95,265.50,72.00,246.60,0.72,-1,-1,-1
31,1,425.39,222.12,137.33,456.74,0.93,-1,-1,-1
31,2,557.61,233.73,138.25,412.01,0.92,-1,-1,-1
31,5,1086.28,226.54,134.78,435.75,0.93,-1,-1,-1
31,6,998.86,203.03,158.75,399.48,0.88,-1,-1,-1
31,7,836.37,127.57,251.06,692.81,0.89,-1,-1,-1
31,8,676.86,245.98,103.81,307.13,0.90,-1,-1,-1
31,12,1237.86,264.29,52.54,149.42,0.26,-1,-1,-1
31,14,484.08,240.54,86.14,276.37,0.84,-1,-1,-1
31,16,535.98,243.83,65.59,231.80,0.80,-1,-1,-1
31,18,598.11,245.33,87.71,260.67,0.82,-1,-1,-1
31,20,756.87,278.01,98.68,264.47,0.90,-1,-1,-1
31,17,732.33,250.90,70.18,240.73,0.78,-1,-1,-1
31,21,808.51,267.02,70.63,252.69,0.79,-1,-1,-1
31,11,853.32,196.97,120.50,389.95,0.79,-1,-1,-1
32,1,423.26,222.10,139.03,456.89,0.93,-1,-1,-1
32,2,557.66,232.44,139.19,414.02,0.92,-1,-1,-1
32,5,1093.62,226.31,140.47,444.24,0.92,-1,-1,-1
32,6,1013.33,203.64,140.95,400.44,0.86,-1,-1,-1
32,7,845.57,116.37,299.23,738.83,0.91,-1,-1,-1
32,8,673.00,246.01,103.88,311.01,0.89,-1,-1,-1
32,14,484.84,241.66,86.73,272.48,0.87,-1,-1,-1
32,16,536.06,243.18,65.78,228.75,0.79,-1,-1,-1
32,18,597.52,245.23,89.82,261.48,0.82,-1,-1,-1
32,20,758.68,277.85,98.98,268.48,0.90,-1,-1,-1
32,17,733.40,250.76,69.76,241.61,0.79,-1,-1,-1
32,21,809.66,267.08,68.97,255.34,0.86,-1,-1,-1
32,11,856.66,196.35,117.79,396.46,0.83,-1,-1,-1
33,1,421.45,222.89,139.66,456.94,0.94,-1,-1,-1
33,2,558.13,232.30,139.48,417.28,0.93,-1,-1,-1
33,5,1097.52,226.41,150.72,453.61,0.91,-1,-1,-1
33,6,1024.44,203.69,133.41,406.16,0.83,-1,-1,-1
33,7,853.43,106.15,358.92,776.36,0.91,-1,-1,-1
33,8,673.28,246.37,100.89,314.17,0.90,-1,-1,-1
33,14,486.73,243.03,83.94,271.64,0.88,-1,-1,-1
33,16,535.32,243.00,68.21,232.01,0.84,-1,-1,-1
33,18,596.19,245.26,92.39,262.01,0.81,-1,-1,-1
33,20,759.38,278.50,100.13,271.19,0.91,-1,-1,-1
33,17,735.85,250.76,67.79,242.98,0.81,-1,-1,-1
33,21,812.24,267.04,69.10,257.09,0.87,-1,-1,-1
33,11,860.93,197.44,108.21,380.24,0.84,-1,-1,-1
33,3,910.20,205.36,130.96,402.02,0.68,-1,-1,-1
34,1,419.54,223.26,140.82,458.00,0.94,-1,-1,-1
34,2,558.05,232.48,137.66,418.24,0.93,-1,-1,-1
34,5,1107.82,228.91,151.14,458.46,0.90,-1,-1,-1
34,6,1031.60,204.53,131.96,420.74,0.73,-1,-1,-1
34,7,862.10,101.37,421.61,813.52,0.90,-1,-1,-1
34,8,669.24,247.93,102.09,315.44,0.90,-1,-1,-1
34,14,487.78,244.50,82.87,271.40,0.88,-1,-1,-1
34,16,534.46,243.17,69.08,231.34,0.85,-1,-1,-1
34,18,595.66,244.60,93.90,267.74,0.84,-1,-1,-1
34,20,760.38,278.27,106.95,276.51,0.90,-1,-1,-1
34,17,735.33,251.01,70.01,245.93,0.82,-1,-1,-1
34,21,813.58,268.29,68.46,258.45,0.87,-1,-1,-1
34,11,859.02,197.36,111.71,388.33,0.84,-1,-1,-1
34,3,916.46,206.53,123.23,419.09,0.82,-1,-1,-1
35,1,417.67,223.34,141.35,458.83,0.94,-1,-1,-1
35,2,556.86,232.62,138.20,416.75,0.93,-1,-1,-1
35,5,1121.69,230.34,148.92,464.40,0.89,-1,-1,-1
35,7,881.72,108.45,444.27,837.90,0.81,-1,-1,-1
35,8,667.57,249.18,102.60,318.54,0.90,-1,-1,-1
35,14,487.53,244.67,83.18,274.54,0.89,-1,-1,-1
35,16,533.54,243.33,69.46,233.47,0.85,-1,-1,-1
35,18,595.17,244.73,94.52,270.50,0.83,-1,-1,-1
35,20,761.08,279.07,113.60,280.54,0.92,-1,-1,-1
35,17,734.54,251.15,73.24,247.58,0.84,-1,-1,-1
35,21,814.98,268.24,69.65,262.26,0.88,-1,-1,-1
35,11,859.28,196.32,110.99,400.91,0.88,-1,-1,-1
35,3,919.94,205.05,116.05,435.26,0.84,-1,-1,-1
36,1,416.13,223.26,140.60,454.86,0.94,-1,-1,-1
36,2,556.42,231.54,136.56,415.01,0.93,-1,-1,-1
36,5,1128.54,230.27,154.96,472.28,0.85,-1,-1,-1
36,7,900.86,103.01,444.41,921.64,0.75,-1,-1,-1
36,8,665.54,251.04,102.76,321.11,0.91,-1,-1,-1
36,14,486.21,244.16,83.92,278.26,0.88,-1,-1,-1
36,16,532.89,243.89,68.98,234.54,0.85,-1,-1,-1
36,18,594.07,245.28,94.13,272.67,0.81,-1,-1,-1
36,20,761.85,279.81,116.11,282.84,0.92,-1,-1,-1
36,17,735.90,251.69,70.93,247.52,0.83,-1,-1,-1
36,21,816.02,268.44,73.23,265.70,0.88,-1,-1,-1
36,11,861.33,195.76,114.44,410.93,0.86,-1,-1,-1
36,3,913.98,203.85,126.49,438.94,0.81,-1,-1,-1
36,10,963.14,200.75,95.66,319.68,0.72,-1,-1,-1
37,1,414.62,223.92,140.75,449.30,0.94,-1,-1,-1
37,2,556.33,231.60,135.89,411.12,0.93,-1,-1,-1
37,7,922.60,98.42,419.89,958.41,0.70,-1,-1,-1
37,8,662.55,251.77,104.62,324.37,0.90,-1,-1,-1
37,14,485.46,244.13,84.83,281.32,0.89,-1,-1,-1
37,16,532.70,244.14,69.37,237.00,0.85,-1,-1,-1
37,18,594.00,245.52,93.38,273.44,0.79,-1,-1,-1
37,20,762.16,280.50,119.28,285.53,0.91,-1,-1,-1
37,17,737.26,251.92,70.59,247.97,0.83,-1,-1,-1
37,21,817.02,268.36,74.51,270.11,0.87,-1,-1,-1
37,11,863.30,195.29,113.96,417.31,0.87,-1,-1,-1
37,3,911.15,205.02,140.31,450.28,0.85,-1,-1,-1
37,10,969.00,199.72,91.92,326.13,0.78,-1,-1,-1
37,6,1052.51,204.03,137.87,446.39,0.78,-1,-1,-1
38,1,413.40,224.60,140.31,449.04,0.95,-1,-1,-1
38,2,556.31,231.98,134.99,407.93,0.92,-1,-1,-1
38,7,952.26,97.69,441.54,1052.89,0.61,-1,-1,-1
38,8,663.85,252.95,101.71,323.64,0.90,-1,-1,-1
38,14,484.58,244.00,85.18,284.32,0.90,-1,-1,-1
38,16,532.34,244.87,70.68,238.11,0.85,-1,-1,-1
38,18,592.76,245.80,93.65,277.00,0.77,-1,-1,-1
38,20,764.19,281.18,119.79,289.17,0.92,-1,-1,-1
38,17,739.11,252.04,72.23,251.52,0.83,-1,-1,-1
38,21,818.76,269.87,74.32,272.16,0.87,-1,-1,-1
38,11,865.94,195.77,116.91,417.97,0.85,-1,-1,-1
38,3,913.57,204.48,133.42,457.44,0.88,-1,-1,-1
38,10,969.89,200.94,93.69,332.78,0.79,-1,-1,-1
38,6,1059.46,202.59,138.78,441.82,0.85,-1,-1,-1
39,1,411.98,225.05,141.14,452.20,0.95,-1,-1,-1
39,2,555.14,232.65,135.19,403.36,0.93,-1,-1,-1
39,7,987.78,119.71,463.19,1010.66,0.33,-1,-1,-1
39,8,665.11,253.32,99.94,327.12,0.91,-1,-1,-1
39,14,483.67,243.56,87.10,286.91,0.90,-1,-1,-1
39,16,531.93,245.23,70.56,238.94,0.84,-1,-1,-1
39,18,592.90,246.58,93.13,279.02,0.77,-1,-1,-1
39,20,766.11,281.62,119.22,292.52,0.92,-1,-1,-1
39,17,740.34,252.16,70.45,251.46,0.82,-1,-1,-1
39,21,820.88,270.21,74.80,273.26,0.87,-1,-1,-1
39,11,868.06,194.22,119.12,424.72,0.84,-1,-1,-1
39,3,922.75,204.35,129.08,470.68,0.88,-1,-1,-1
39,10,974.24,200.48,93.15,326.59,0.78,-1,-1,-1
39,6,1045.61,201.02,165.44,447.36,0.83,-1,-1,-1
40,1,410.76,225.21,141.34,457.81,0.95,-1,-1,-1
40,2,554.17,232.29,134.56,403.12,0.92,-1,-1,-1
40,7,1051.80,145.83,424.51,1047.60,0.33,-1,-1,-1
40,8,665.63,253.40,98.00,328.11,0.90,-1,-1,-1
40,14,482.24,242.31,90.15,291.36,0.91,-1,-1,-1
40,16,533.93,245.33,68.06,242.02,0.80,-1,-1,-1
40,18,592.68,246.69,92.26,281.74,0.74,-1,-1,-1
40,20,768.45,281.98,119.36,295.24,0.91,-1,-1,-1
40,17,741.81,252.01,69.70,246.53,0.82,-1,-1,-1
40,21,822.98,266.33,74.91,280.32,0.87,-1,-1,-1
40,11,869.50,193.42,126.58,432.90,0.85,-1,-1,-1
40,3,931.27,204.01,134.51,483.07,0.89,-1,-1,-1
40,10,980.23,199.84,91.62,339.52,0.76,-1,-1,-1
40,6,1042.17,199.49,190.51,453.16,0.83,-1,-1,-1
41,1,408.88,224.97,141.78,464.08,0.95,-1,-1,-1
41,2,553.73,232.05,132.46,403.19,0.93,-1,-1,-1
41,8,664.02,253.20,97.86,326.58,0.90,-1,-1,-1
41,14,481.29,242.31,91.26,293.13,0.91,-1,-1,-1
41,16,534.60,245.41,67.66,243.38,0.81,-1,-1,-1
41,18,591.92,246.80,90.69,282.08,0.75,-1,-1,-1
41,20,769.85,281.45,122.82,298.65,0.91,-1,-1,-1
41,17,742.85,251.46,69.38,244.50,0.83,-1,-1,-1
41,21,824.60,264.86,77.30,284.74,0.87,-1,-1,-1
41,11,872.33,191.25,122.38,440.26,0.87,-1,-1,-1
41,3,934.94,201.98,139.92,494.66,0.89,-1,-1,-1
41,10,983.04,197.95,94.47,352.11,0.79,-1,-1,-1
41,6,1032.41,195.97,247.14,464.20,0.88,-1,-1,-1
41,5,1169.55,225.46,153.72,491.19,0.82,-1,-1,-1
42,1,406.48,224.16,143.26,470.08,0.95,-1,-1,-1
42,2,553.52,230.97,131.04,405.42,0.93,-1,-1,-1
42,8,663.44,252.72,97.21,321.53,0.91,-1,-1,-1
42,14,480.55,241.91,91.67,295.02,0.91,-1,-1,-1
42,16,534.47,245.64,67.50,244.50,0.82,-1,-1,-1
42,18,590.97,247.04,89.49,282.80,0.78,-1,-1,-1
42,20,771.18,280.25,124.05,302.88,0.91,-1,-1,-1
42,17,744.02,251.03,68.06,237.32,0.84,-1,-1,-1
42,21,827.22,266.01,76.96,285.81,0.87,-1,-1,-1
42,11,876.34,187.93,120.51,446.33,0.86,-1,-1,-1
42,3,937.42,199.09,140.76,504.61,0.89,-1,-1,-1
42,10,987.55,197.10,95.49,355.29,0.80,-1,-1,-1
42,6,1032.76,193.20,264.83,474.59,0.86,-1,-1,-1
42,5,1180.05,224.56,154.35,506.64,0.77,-1,-1,-1
42,22,703.80,256.05,59.40,223.65,0.71,-1,-1,-1
43,1,404.26,222.39,144.29,476.61,0.95,-1,-1,-1
43,2,553.53,229.26,129.21,410.48,0.93,-1,-1,-1
43,8,663.93,251.23,94.50,318.72,0.90,-1,-1,-1
43,14,479.17,240.60,94.12,297.96,0.91,-1,-1,-1
43,16,534.48,245.77,67.38,246.00,0.77,-1,-1,-1
43,18,590.38,246.58,87.78,280.85,0.71,-1,-1,-1
43,20,772.51,278.35,126.09,307.86,0.92,-1,-1,-1
43,17,745.29,249.27,68.11,239.78,0.85,-1,-1,-1
43,21,830.24,265.65,76.13,286.91,0.87,-1,-1,-1
43,11,880.73,184.35,122.03,452.20,0.86,-1,-1,-1
43,3,942.32,194.73,139.70,516.39,0.90,-1,-1,-1
43,10,989.09,194.36,99.26,373.24,0.81,-1,-1,-1
43,6,1038.16,190.35,275.38,482.61,0.86,-1,-1,-1
43,5,1193.63,221.29,147.19,508.68,0.72,-1,-1,-1
43,22,704.30,254.25,60.81,226.76,0.78,-1,-1,-1
44,1,402.48,220.26,144.65,486.23,0.95,-1,-1,-1
44,2,552.01,227.44,129.76,416.65,0.93,-1,-1,-1
44,8,663.58,249.71,93.52,317.18,0.91,-1,-1,-1
44,14,478.00,239.13,95.61,300.68,0.91,-1,-1,-1
44,16,534.73,246.33,66.74,246.96,0.72,-1,-1,-1
44,18,588.02,244.56,87.78,278.68,0.63,-1,-1,-1
44,20,773.62,277.57,128.56,311.29,0.92,-1,-1,-1
44,17,745.74,248.15,68.74,240.05,0.86,-1,-1,-1
44,21,832.29,265.06,77.00,287.79,0.86,-1,-1,-1
44,11,885.10,180.30,121.05,463.35,0.86,-1,-1,-1
44,3,953.13,191.47,134.45,527.74,0.91,-1,-1,-1
44,10,997.35,192.34,97.16,358.15,0.80,-1,-1,-1
44,6,1042.80,187.03,278.34,490.41,0.87,-1,-1,-1
44,5,1204.02,216.80,148.18,516.59,0.71,-1,-1,-1
44,22,704.70,252.47,61.76,230.25,0.75,-1,-1,-1
45,1,400.34,218.71,145.91,491.01,0.95,-1,-1,-1
45,2,550.92,226.24,129.45,422.02,0.94,-1,-1,-1
45,8,661.09,248.14,96.90,316.83,0.91,-1,-1,-1
45,14,477.95,237.92,95.05,302.26,0.91,-1,-1,-1
45,16,533.99,246.33,67.16,246.84,0.74,-1,-1,-1
45,18,586.31,242.95,88.46,277.37,0.63,-1,-1,-1
45,20,775.15,276.65,131.83,314.66,0.92,-1,-1,-1
45,17,745.54,246.70,69.04,241.07,0.86,-1,-1,-1
45,21,834.45,263.17,77.97,288.92,0.87,-1,-1,-1
45,11,888.36,174.84,119.53,470.29,0.86,-1,-1,-1
45,3,959.36,186.92,134.92,540.40,0.90,-1,-1,-1
45,10,1002.67,189.46,97.53,351.60,0.79,-1,-1,-1
45,6,1048.41,183.49,279.21,498.96,0.87,-1,-1,-1
45,5,1213.34,208.33,161.90,529.28,0.54,-1,-1,-1
45,22,703.21,250.51,64.21,233.97,0.76,-1,-1,-1
46,1,398.32,217.48,145.52,495.66,0.95,-1,-1,-1
46,2,549.88,224.86,128.78,428.11,0.93,-1,-1,-1
46,8,659.58,246.30,96.97,318.74,0.92,-1,-1,-1
46,14,477.29,236.54,94.23,305.99,0.90,-1,-1,-1
46,16,534.85,246.71,66.13,247.12,0.68,-1,-1,-1
46,18,585.06,241.70,88.15,274.37,0.58,-1,-1,-1
46,20,777.15,274.63,131.87,318.88,0.93,-1,-1,-1
46,17,745.39,245.37,69.17,240.00,0.86,-1,-1,-1
46,21,836.40,260.04,79.52,296.91,0.87,-1,-1,-1
46,11,890.11,170.10,123.73,478.22,0.87,-1,-1,-1
46,3,963.35,181.82,137.48,551.53,0.91,-1,-1,-1
46,10,1011.11,186.18,95.31,324.00,0.79,-1,-1,-1
46,6,1054.64,177.11,287.29,509.95,0.88,-1,-1,-1
46,22,703.07,248.65,64.32,237.10,0.79,-1,-1,-1
47,1,397.04,217.20,145.44,493.85,0.94,-1,-1,-1
47,2,549.39,224.98,128.75,432.32,0.93,-1,-1,-1
47,8,656.86,244.94,99.56,321.81,0.92,-1,-1,-1
47,14,476.04,235.87,94.65,307.76,0.91,-1,-1,-1
47,16,535.35,246.22,66.47,248.95,0.68,-1,-1,-1
47,18,582.99,239.24,88.78,280.57,0.55,-1,-1,-1
47,20,779.27,271.33,133.70,325.04,0.92,-1,-1,-1
47,17,745.48,244.00,69.34,238.81,0.87,-1,-1,-1
47,21,836.99,257.52,82.60,301.60,0.87,-1,-1,-1
47,11,892.34,165.77,131.67,489.53,0.88,-1,-1,-1
47,3,963.71,177.33,145.79,560.15,0.92,-1,-1,-1
47,10,1011.97,181.86,101.72,358.18,0.78,-1,-1,-1
47,6,1064.06,170.14,268.87,521.99,0.88,-1,-1,-1
47,22,703.22,247.33,65.67,238.96,0.80,-1,-1,-1
48,1,394.62,216.20,146.34,498.82,0.94,-1,-1,-1
48,2,546.46,226.40,130.47,438.00,0.93,-1,-1,-1
48,8,654.04,244.17,102.25,324.00,0.92,-1,-1,-1
48,14,474.34,235.93,95.92,310.00,0.91,-1,-1,-1
48,16,536.07,244.99,67.16,249.61,0.51,-1,-1,-1
48,18,581.29,241.76,87.17,278.12,0.64,-1,-1,-1
48,20,781.13,269.09,135.43,332.00,0.92,-1,-1,-1
48,17,745.99,243.39,69.35,237.47,0.87,-1,-1,-1
48,21,839.43,256.19,82.52,306.28,0.87,-1,-1,-1
48,11,894.82,162.06,129.96,498.14,0.87,-1,-1,-1
48,3,966.60,174.12,147.65,565.56,0.92,-1,-1,-1
48,10,1020.31,179.99,100.54,340.26,0.80,-1,-1,-1
48,6,1071.20,165.27,253.42,532.77,0.91,-1,-1,-1
48,22,703.23,246.77,66.68,240.74,0.80,-1,-1,-1
49,1,392.00,216.96,146.24,500.05,0.94,-1,-1,-1
49,2,543.48,228.44,132.34,443.88,0.93,-1,-1,-1
49,8,650.55,245.76,105.66,325.87,0.91,-1,-1,-1
49,14,472.70,236.19,96.41,314.38,0.91,-1,-1,-1
49,16,536.22,245.04,66.83,247.46,0.33,-1,-1,-1
49,18,580.27,243.57,85.98,277.76,0.60,-1,-1,-1
49,20,782.58,268.48,137.80,338.99,0.91,-1,-1,-1
49,17,745.75,244.01,70.57,237.28,0.88,-1,-1,-1
49,21,842.59,257.10,83.06,306.81,0.86,-1,-1,-1
49,11,898.54,158.27,133.92,508.86,0.89,-1,-1,-1
49,3,976.29,171.80,145.99,572.53,0.91,-1,-1,-1
49,10,1028.68,179.00,98.83,318.87,0.76,-1,-1,-1
49,6,1081.48,164.11,250.90,543.90,0.89,-1,-1,-1
49,22,701.61,246.84,68.24,245.62,0.76,-1,-1,-1
50,1,390.09,218.30,146.56,499.67,0.94,-1,-1,-1
50,2,542.76,229.84,132.78,451.55,0.93,-1,-1,-1
50,8,647.40,247.34,105.44,328.65,0.92,-1,-1,-1
50,14,471.50,238.81,97.41,317.16,0.91,-1,-1,-1
50,16,535.14,243.68,68.68,249.23,0.27,-1,-1,-1
50,18,577.33,243.31,87.57,275.02,0.70,-1,-1,-1
50,20,785.48,271.82,140.12,342.14,0.91,-1,-1,-1
50,17,746.51,244.58,71.20,238.04,0.87,-1,-1,-1
50,21,844.72,256.17,85.23,314.73,0.85,-1,-1,-1
50,11,904.11,156.76,133.12,523.24,0.88,-1,-1,-1
50,3,988.67,170.26,144.48,582.50,0.92,-1,-1,-1
50,10,1029.27,180.30,107.89,367.29,0.67,-1,-1,-1
50,6,1091.73,163.83,250.34,558.39,0.88,-1,-1,-1
50,22,701.56,247.69,68.34,255.62,0.82,-1,-1,-1
51,1,388.93,220.58,145.88,489.23,0.94,-1,-1,-1
51,2,542.86,230.66,131.44,460.03,0.92,-1,-1,-1
51,8,643.47,250.34,106.27,330.76,0.92,-1,-1,-1
51,14,470.30,241.12,98.15,318.49,0.91,-1,-1,-1
51,16,536.54,246.42,68.63,248.97,0.21,-1,-1,-1
51,18,575.65,243.64,87.39,274.38,0.73,-1,-1,-1
51,20,787.13,273.59,142.71,347.34,0.92,-1,-1,-1
51,17,746.22,245.29,73.06,240.29,0.86,-1,-1,-1
51,21,845.68,256.62,88.78,322.11,0.85,-1,-1,-1
51,11,909.29,157.48,137.72,531.54,0.88,-1,-1,-1
51,3,995.66,171.70,148.27,584.71,0.91,-1,-1,-1
51,10,1039.83,185.73,105.28,342.16,0.65,-1,-1,-1
51,6,1101.92,165.93,244.70,566.16,0.86,-1,-1,-1
51,22,702.90,248.50,67.55,258.49,0.83,-1,-1,-1
52,1,387.98,221.93,146.09,486.29,0.93,-1,-1,-1
52,2,543.09,231.13,130.96,462.78,0.93,-1,-1,-1
52,8,641.30,252.23,107.77,332.66,0.92,-1,-1,-1
52,14,469.44,242.02,99.61,321.69,0.91,-1,-1,-1
52,16,533.64,241.35,71.59,251.19,0.19,-1,-1,-1
52,18,575.52,244.23,86.75,271.10,0.66,-1,-1,-1
52,20,788.41,274.55,144.81,352.51,0.92,-1,-1,-1
52,17,745.92,245.72,73.77,241.99,0.87,-1,-1,-1
52,21,848.16,258.41,89.26,326.54,0.85,-1,-1,-1
52,11,913.60,157.25,140.62,540.39,0.90,-1,-1,-1
52,3,1002.35,172.17,153.24,582.76,0.91,-1,-1,-1
52,10,1048.08,185.73,104.10,333.67,0.67,-1,-1,-1
52,6,1115.25,166.65,237.57,572.86,0.85,-1,-1,-1
52,22,702.33,248.68,69.05,254.57,0.82,-1,-1,-1
53,1,386.68,221.32,147.04,488.11,0.94,-1,-1,-1
53,2,542.83,230.67,130.77,463.18,0.93,-1,-1,-1
53,8,637.53,252.30,109.49,335.19,0.91,-1,-1,-1
53,14,469.34,242.59,100.15,320.52,0.90,-1,-1,-1
53,16,531.59,238.21,73.87,256.83,0.23,-1,-1,-1
53,18,576.04,245.01,85.91,269.94,0.71,-1,-1,-1
53,20,791.16,273.72,146.13,359.72,0.93,-1,-1,-1
53,17,746.32,245.41,75.80,243.13,0.88,-1,-1,-1
53,21,851.67,259.70,88.50,325.23,0.85,-1,-1,-1
53,11,918.09,155.01,145.19,551.41,0.89,-1,-1,-1
53,3,1010.61,170.62,157.43,595.44,0.90,-1,-1,-1
53,10,1049.25,181.89,111.93,376.13,0.40,-1,-1,-1
53,6,1129.11,165.64,229.90,581.89,0.84,-1,-1,-1
53,22,703.87,249.04,68.97,253.24,0.84,-1,-1,-1
54,1,386.15,221.54,147.34,479.37,0.94,-1,-1,-1
54,2,541.78,229.90,131.12,460.55,0.93,-1,-1,-1
54,8,635.12,252.77,111.75,336.12,0.92,-1,-1,-1
54,14,469.32,242.35,100.78,320.01,0.91,-1,-1,-1
54,16,531.31,236.61,75.22,259.30,0.17,-1,-1,-1
54,18,575.86,245.61,87.30,273.07,0.76,-1,-1,-1
54,20,792.14,273.41,151.08,365.70,0.94,-1,-1,-1
54,17,748.25,245.77,77.04,244.54,0.87,-1,-1,-1
54,21,855.54,260.09,89.51,330.21,0.84,-1,-1,-1
54,11,922.81,152.59,147.55,563.24,0.90,-1,-1,-1
54,3,1017.50,168.60,163.45,604.50,0.89,-1,-1,-1
54,10,1062.70,184.84,106.58,350.82,0.56,-1,-1,-1
54,6,1139.13,165.46,231.57,592.07,0.83,-1,-1,-1
54,22,707.54,249.05,66.41,250.32,0.85,-1,-1,-1
55,1,385.13,220.67,147.85,473.20,0.94,-1,-1,-1
55,2,540.63,228.83,132.55,459.13,0.93,-1,-1,-1
55,8,633.27,252.76,114.43,337.54,0.91,-1,-1,-1
55,14,469.10,242.07,101.08,320.56,0.91,-1,-1,-1
55,16,529.55,234.07,76.95,260.67,0.30,-1,-1,-1
55,18,576.26,246.70,87.89,272.49,0.74,-1,-1,-1
55,20,795.07,273.57,152.73,371.46,0.93,-1,-1,-1
55,17,750.10,245.74,77.56,247.30,0.88,-1,-1,-1
55,21,856.08,257.28,94.36,338.54,0.85,-1,-1,-1
55,11,928.10,151.05,149.67,571.26,0.90,-1,-1,-1
55,3,1024.78,168.39,170.49,612.38,0.88,-1,-1,-1
55,10,1079.97,188.00,97.16,315.13,0.26,-1,-1,-1
55,6,1155.99,203.91,204.66,554.19,0.42,-1,-1,-1
55,22,707.63,248.90,66.66,252.62,0.86,-1,-1,-1
56,1,383.89,218.95,148.33,475.32,0.94,-1,-1,-1
56,2,540.26,228.33,134.29,452.89,0.93,-1,-1,-1
56,8,631.24,252.44,115.43,336.21,0.91,-1,-1,-1
56,14,470.54,241.63,100.57,322.77,0.90,-1,-1,-1
56,18,576.79,247.85,88.12,271.47,0.70,-1,-1,-1
56,20,796.57,271.46,155.92,379.23,0.92,-1,-1,-1
56,17,751.19,245.29,75.36,249.32,0.88,-1,-1,-1
56,21,859.00,256.82,95.31,344.82,0.83,-1,-1,-1
56,11,933.13,148.62,152.75,579.53,0.91,-1,-1,-1
56,3,1032.86,168.52,176.64,624.18,0.90,-1,-1,-1
56,6,1184.19,212.26,185.25,557.15,0.25,-1,-1,-1
56,22,706.54,248.26,69.16,254.85,0.86,-1,-1,-1
57,1,383.44,217.92,148.86,479.97,0.93,-1,-1,-1
57,2,539.59,228.50,137.24,442.70,0.93,-1,-1,-1
57,8,629.95,252.20,116.88,332.65,0.91,-1,-1,-1
57,14,470.29,241.06,101.48,323.84,0.89,-1,-1,-1
57,18,577.93,247.86,89.95,282.24,0.66,-1,-1,-1
57,20,800.21,270.98,159.62,384.51,0.91,-1,-1,-1
57,17,752.09,245.18,75.64,250.82,0.89,-1,-1,-1
57,21,866.39,256.99,94.37,346.94,0.83,-1,-1,-1
57,11,938.30,145.67,157.27,586.67,0.89,-1,-1,-1
57,3,1036.77,165.07,188.11,636.20,0.90,-1,-1,-1
57,6,1200.77,259.07,163.28,500.41,0.24,-1,-1,-1
57,22,708.15,247.92,68.84,257.46,0.86,-1,-1,-1
58,1,382.74,217.44,149.55,485.18,0.94,-1,-1,-1
58,2,537.85,226.37,142.41,437.47,0.92,-1,-1,-1
58,8,628.88,252.31,116.73,331.18,0.92,-1,-1,-1
58,14,471.38,240.73,101.15,318.73,0.90,-1,-1,-1
58,18,578.03,247.46,93.55,287.60,0.68,-1,-1,-1
58,20,804.94,271.59,160.28,388.00,0.92,-1,-1,-1
58,17,752.59,244.47,78.67,252.17,0.89,-1,-1,-1
58,21,869.60,255.54,96.27,355.73,0.85,-1,-1,-1
58,11,944.68,142.07,158.83,592.01,0.90,-1,-1,-1
58,3,1045.40,160.66,194.66,646.96,0.90,-1,-1,-1
58,6,1215.21,281.63,145.62,468.23,0.33,-1,-1,-1
58,22,707.77,247.43,69.85,260.08,0.86,-1,-1,-1
59,1,381.89,215.65,149.56,493.22,0.94,-1,-1,-1
59,2,537.25,226.22,145.00,431.25,0.93,-1,-1,-1
59,8,628.35,250.29,117.28,334.38,0.90,-1,-1,-1
59,14,472.41,239.75,101.06,316.59,0.91,-1,-1,-1
59,18,579.90,247.19,92.59,287.58,0.69,-1,-1,-1
59,20,806.88,270.15,163.46,394.65,0.92,-1,-1,-1
59,17,753.49,243.37,81.00,255.75,0.88,-1,-1,-1
59,21,874.48,255.34,95.81,359.74,0.87,-1,-1,-1
59,11,950.20,140.48,160.58,595.54,0.91,-1,-1,-1
59,3,1052.97,157.57,205.29,651.70,0.90,-1,-1,-1
59,6,1218.09,288.30,148.47,465.16,0.23,-1,-1,-1
59,22,706.55,247.76,71.43,266.95,0.87,-1,-1,-1
60,1,380.45,214.73,149.65,499.56,0.93,-1,-1,-1
60,2,536.39,223.00,145.92,435.27,0.93,-1,-1,-1
60,8,628.19,247.98,118.01,338.40,0.89,-1,-1,-1
60,14,472.11,238.55,103.37,315.43,0.91,-1,-1,-1
60,18,583.58,246.70,87.98,278.43,0.73,-1,-1,-1
60,20,812.85,268.11,164.56,401.34,0.92,-1,-1,-1
60,17,755.29,242.63,81.85,258.67,0.88,-1,-1,-1
60,21,881.04,254.39,97.91,364.49,0.86,-1,-1,-1
60,11,956.98,134.03,170.51,607.38,0.91,-1,-1,-1
60,3,1067.97,150.37,210.41,669.86,0.90,-1,-1,-1
60,22,706.96,246.22,73.16,271.51,0.87,-1,-1,-1
61,1,378.19,212.48,151.48,505.84,0.93,-1,-1,-1
61,2,536.71,221.67,146.25,436.57,0.93,-1,-1,-1
61,8,628.50,246.20,117.07,342.53,0.90,-1,-1,-1
61,14,472.03,237.50,105.42,317.33,0.91,-1,-1,-1
61,18,588.96,246.19,81.96,268.77,0.75,-1,-1,-1
61,20,815.65,265.85,166.66,409.53,0.91,-1,-1,-1
61,17,757.41,241.44,81.56,261.18,0.89,-1,-1,-1
61,21,885.46,252.56,97.80,370.24,0.86,-1,-1,-1
61,11,964.07,129.85,168.47,614.03,0.90,-1,-1,-1
61,3,1078.26,144.61,218.06,691.22,0.86,-1,-1,-1
61,22,708.58,244.87,73.22,273.59,0.87,-1,-1,-1
62,1,376.68,210.88,152.16,508.12,0.94,-1,-1,-1
62,2,536.28,219.01,148.08,445.40,0.93,-1,-1,-1
62,8,629.20,243.76,117.25,347.49,0.90,-1,-1,-1
62,14,475.35,236.43,105.57,319.00,0.91,-1,-1,-1
62,18,593.61,244.36,79.76,268.03,0.74,-1,-1,-1
62,20,820.16,263.58,172.63,418.26,0.90,-1,-1,-1
62,17,759.14,240.68,82.60,262.05,0.89,-1,-1,-1
62,21,891.09,250.30,98.91,374.75,0.86,-1,-1,-1
62,11,971.14,122.18,174.57,630.46,0.89,-1,-1,-1
62,3,1085.76,141.42,231.26,706.29,0.85,-1,-1,-1
62,22,710.50,242.42,73.82,278.52,0.88,-1,-1,-1
63,1,374.23,208.27,152.02,512.00,0.94,-1,-1,-1
63,2,533.79,216.24,152.83,453.94,0.93,-1,-1,-1
63,8,629.03,242.29,119.05,351.19,0.90,-1,-1,-1
63,14,475.98,234.96,110.33,321.59,0.91,-1,-1,-1
63,18,595.94,242.36,80.83,273.04,0.78,-1,-1,-1
63,20,824.72,263.90,177.17,423.25,0.92,-1,-1,-1
63,17,759.99,239.61,84.72,264.09,0.89,-1,-1,-1
63,21,896.72,246.37,100.41,382.32,0.87,-1,-1,-1
63,11,979.16,117.50,176.70,635.03,0.91,-1,-1,-1
63,3,1096.28,136.91,233.93,712.64,0.85,-1,-1,-1
63,22,713.49,243.03,72.19,277.99,0.88,-1,-1,-1
64,1,370.63,206.11,154.00,511.16,0.94,-1,-1,-1
64,2,532.73,214.15,155.86,462.52,0.93,-1,-1,-1
64,8,629.21,240.85,120.95,355.61,0.91,-1,-1,-1
64,14,476.34,234.11,112.74,324.76,0.90,-1,-1,-1
64,18,598.44,239.67,82.49,278.15,0.79,-1,-1,-1
64,20,828.41,260.22,182.73,430.38,0.91,-1,-1,-1
64,17,763.17,237.69,86.72,266.98,0.90,-1,-1,-1
64,21,903.17,243.68,103.67,390.47,0.86,-1,-1,-1
64,11,985.62,108.53,178.69,647.40,0.90,-1,-1,-1
64,3,1106.03,129.75,230.25,720.39,0.81,-1,-1,-1
64,22,714.83,241.81,73.38,281.57,0.89,-1,-1,-1
65,1,367.41,203.56,154.62,512.86,0.95,-1,-1,-1
65,2,530.11,213.01,162.91,470.30,0.93,-1,-1,-1
65,8,630.09,239.94,121.09,360.59,0.91,-1,-1,-1
65,14,477.42,232.82,116.62,328.96,0.91,-1,-1,-1
65,18,599.78,238.29,81.95,281.03,0.80,-1,-1,-1
65,20,831.49,260.40,190.12,436.73,0.91,-1,-1,-1
65,17,765.19,235.59,89.85,271.15,0.89,-1,-1,-1
65,21,909.38,241.91,105.79,397.83,0.85,-1,-1,-1
65,11,993.34,101.40,182.93,669.62,0.89,-1,-1,-1
65,3,1122.06,124.46,238.05,725.15,0.70,-1,-1,-1
65,22,716.43,240.55,75.02,285.40,0.90,-1,-1,-1
66,1,364.86,202.08,156.71,515.01,0.94,-1,-1,-1
66,2,529.39,213.17,166.21,477.81,0.93,-1,-1,-1
66,8,630.96,241.32,130.69,364.08,0.87,-1,-1,-1
66,14,478.74,232.91,123.37,333.16,0.90,-1,-1,-1
66,18,600.12,237.42,83.63,286.01,0.80,-1,-1,-1
66,20,837.58,258.39,193.21,449.58,0.90,-1,-1,-1
66,17,767.77,234.36,92.81,273.91,0.89,-1,-1,-1
66,21,916.59,241.05,106.34,403.65,0.86,-1,-1,-1
66,11,1005.34,99.49,181.08,675.00,0.91,-1,-1,-1
66,3,1139.36,114.97,225.89,751.42,0.76,-1,-1,-1
66,22,718.61,240.85,75.69,284.73,0.91,-1,-1,-1
66,23,818.10,263.70,115.20,324.90,0.70,-1,-1,-1
67,1,361.96,202.60,159.70,515.25,0.94,-1,-1,-1
67,2,526.56,215.44,170.63,485.68,0.93,-1,-1,-1
67,8,631.40,243.58,132.17,367.60,0.87,-1,-1,-1
67,14,480.68,234.13,126.16,336.67,0.90,-1,-1,-1
67,18,599.99,237.78,87.41,289.04,0.83,-1,-1,-1
67,20,840.09,259.86,202.75,457.74,0.90,-1,-1,-1
67,17,770.38,234.97,96.42,278.58,0.91,-1,-1,-1
67,21,920.37,241.93,111.73,411.91,0.85,-1,-1,-1
67,11,1014.18,91.00,190.04,720.82,0.89,-1,-1,-1
67,3,1153.82,103.54,224.69,800.64,0.62,-1,-1,-1
67,22,719.28,241.18,76.66,287.77,0.90,-1,-1,-1
67,23,822.31,264.33,117.97,330.62,0.61,-1,-1,-1
68,1,359.30,203.58,162.09,510.63,0.94,-1,-1,-1
68,2,527.17,217.80,171.05,490.97,0.93,-1,-1,-1
68,8,632.65,245.46,129.67,371.78,0.87,-1,-1,-1
68,14,481.68,235.48,127.72,339.54,0.89,-1,-1,-1
68,18,601.27,238.20,88.22,290.31,0.83,-1,-1,-1
68,20,844.80,260.99,208.61,467.45,0.90,-1,-1,-1
68,17,771.73,236.08,97.75,281.33,0.91,-1,-1,-1
68,21,928.42,242.25,112.58,420.57,0.87,-1,-1,-1
68,11,1024.64,88.43,196.86,738.86,0.88,-1,-1,-1
68,3,1162.10,103.83,218.15,801.68,0.49,-1,-1,-1
68,22,720.51,242.76,76.99,287.50,0.90,-1,-1,-1
68,23,824.43,270.03,118.56,330.40,0.57,-1,-1,-1
69,1,358.23,204.80,163.77,509.55,0.94,-1,-1,-1
69,2,521.12,219.96,177.75,493.42,0.93,-1,-1,-1
69,8,634.89,246.63,129.49,371.25,0.86,-1,-1,-1
69,14,484.04,235.40,125.01,343.82,0.89,-1,-1,-1
69,18,601.99,238.55,90.10,292.14,0.82,-1,-1,-1
69,20,853.03,262.62,190.84,473.32,0.89,-1,-1,-1
69,17,774.20,237.16,95.63,282.08,0.91,-1,-1,-1
69,21,935.75,243.92,114.90,426.43,0.88,-1,-1,-1
69,11,1034.98,89.85,205.91,751.45,0.86,-1,-1,-1
69,3,1165.19,117.06,200.50,751.72,0.63,-1,-1,-1
69,22,721.89,242.81,78.68,291.24,0.90,-1,-1,-1
69,23,825.34,279.53,117.40,325.54,0.65,-1,-1,-1
70,1,357.70,204.93,163.94,514.89,0.94,-1,-1,-1
70,2,522.99,220.92,176.20,496.21,0.93,-1,-1,-1
70,8,635.87,247.40,133.56,372.10,0.86,-1,-1,-1
70,14,488.20,237.00,119.72,346.08,0.90,-1,-1,-1
70,18,602.62,239.16,90.21,295.54,0.81,-1,-1,-1
70,20,856.05,262.61,188.85,484.64,0.91,-1,-1,-1
70,17,776.21,237.49,94.75,285.31,0.90,-1,-1,-1
70,21,939.61,244.38,119.26,433.18,0.88,-1,-1,-1
70,11,1043.55,83.84,215.12,772.73,0.86,-1,-1,-1
70,3,1171.50,131.02,181.34,685.99,0.56,-1,-1,-1
70,22,719.91,242.59,81.66,299.00,0.90,-1,-1,-1
70,23,827.58,280.30,116.36,328.97,0.55,-1,-1,-1
71,1,357.56,205.05,165.03,519.32,0.94,-1,-1,-1
71,2,517.18,220.60,183.00,497.36,0.92,-1,-1,-1
71,8,637.52,248.01,138.49,366.26,0.87,-1,-1,-1
71,14,489.92,238.39,116.94,348.09,0.89,-1,-1,-1
71,18,603.52,239.29,90.77,300.12,0.81,-1,-1,-1
71,20,858.78,262.91,186.16,492.05,0.89,-1,-1,-1
71,17,778.08,236.17,96.68,289.95,0.90,-1,-1,-1
71,21,943.13,244.02,121.96,441.85,0.88,-1,-1,-1
71,11,1052.81,77.69,224.21,792.01,0.85,-1,-1,-1
71,3,1180.52,134.47,171.87,651.31,0.43,-1,-1,-1
71,22,721.21,242.38,83.30,299.30,0.90,-1,-1,-1
71,23,830.52,274.14,121.57,340.54,0.63,-1,-1,-1
72,1,358.35,206.64,165.25,521.26,0.93,-1,-1,-1
72,2,519.15,220.21,181.42,497.08,0.93,-1,-1,-1
72,8,639.36,249.17,129.24,360.08,0.89,-1,-1,-1
72,14,493.25,237.61,114.68,346.85,0.88,-1,-1,-1
72,18,604.15,239.83,91.55,303.73,0.77,-1,-1,-1
72,20,865.38,264.40,183.58,504.46,0.88,-1,-1,-1
72,17,778.78,235.13,100.90,295.47,0.91,-1,-1,-1
72,21,949.02,244.37,122.94,449.51,0.87,-1,-1,-1
72,11,1063.73,72.00,232.24,816.46,0.84,-1,-1,-1
72,3,1184.55,129.59,177.56,662.63,0.19,-1,-1,-1
72,22,721.43,241.46,85.07,305.23,0.89,-1,-1,-1
72,23,834.32,244.50,154.30,376.93,0.80,-1,-1,-1
73,1,359.40,207.02,166.80,525.35,0.93,-1,-1,-1
73,2,522.03,219.44,177.74,498.04,0.93,-1,-1,-1
73,8,639.85,249.04,124.83,359.65,0.90,-1,-1,-1
73,14,497.39,237.89,110.22,346.11,0.88,-1,-1,-1
73,18,604.09,240.81,92.44,307.02,0.79,-1,-1,-1
73,20,866.51,263.95,186.22,515.41,0.91,-1,-1,-1
73,17,780.39,234.38,102.50,299.75,0.92,-1,-1,-1
73,21,951.23,247.03,127.93,453.33,0.88,-1,-1,-1
73,11,1076.16,63.95,249.08,847.40,0.81,-1,-1,-1
73,22,722.53,239.41,84.54,313.05,0.88,-1,-1,-1
73,23,841.29,233.44,165.29,395.59,0.77,-1,-1,-1
74,1,360.09,207.94,170.76,523.49,0.93,-1,-1,-1
74,2,527.61,218.22,171.44,496.59,0.92,-1,-1,-1
74,8,641.07,249.19,121.37,352.21,0.91,-1,-1,-1
74,14,499.73,237.50,108.54,347.94,0.90,-1,-1,-1
74,18,604.51,240.36,91.57,316.04,0.76,-1,-1,-1
74,20,870.33,263.15,190.72,521.62,0.90,-1,-1,-1
74,17,783.61,233.83,101.30,301.73,0.91,-1,-1,-1
74,21,956.46,243.45,130.95,463.23,0.87,-1,-1,-1
74,11,1090.20,59.16,252.14,865.70,0.78,-1,-1,-1
74,22,725.08,238.07,83.12,317.54,0.88,-1,-1,-1
74,23,846.18,230.13,169.84,403.77,0.79,-1,-1,-1
75,1,360.99,207.90,174.00,530.70,0.94,-1,-1,-1
75,2,533.12,216.27,164.76,495.27,0.92,-1,-1,-1
75,8,642.02,248.62,120.11,351.56,0.91,-1,-1,-1
75,14,500.19,236.21,106.12,348.49,0.88,-1,-1,-1
75,18,605.05,241.18,88.22,297.55,0.73,-1,-1,-1
75,20,874.28,263.14,193.31,526.64,0.88,-1,-1,-1
75,17,785.81,233.39,103.15,303.83,0.92,-1,-1,-1
75,21,961.96,240.50,134.35,474.13,0.88,-1,-1,-1
75,11,1103.52,50.53,254.16,891.82,0.74,-1,-1,-1
75,22,726.35,236.86,83.69,321.35,0.89,-1,-1,-1
75,23,846.54,226.75,176.85,412.34,0.77,-1,-1,-1
76,1,362.07,207.48,176.83,537.20,0.93,-1,-1,-1
76,2,540.51,214.49,156.17,491.95,0.93,-1,-1,-1
76,8,643.06,248.04,118.45,353.98,0.91,-1,-1,-1
76,14,501.99,234.95,104.04,344.23,0.89,-1,-1,-1
76,18,605.34,242.08,86.96,283.84,0.71,-1,-1,-1
76,20,876.21,262.60,200.18,533.78,0.90,-1,-1,-1
76,17,787.79,231.98,104.40,307.44,0.91,-1,-1,-1
76,21,966.77,237.36,139.11,486.29,0.88,-1,-1,-1
76,11,1115.20,44.55,258.27,897.40,0.70,-1,-1,-1
76,22,727.74,236.20,83.31,323.96,0.89,-1,-1,-1
76,23,846.29,224.84,180.81,418.20,0.80,-1,-1,-1
77,1,363.68,208.51,175.26,538.82,0.93,-1,-1,-1
77,2,545.81,212.75,150.48,487.95,0.93,-1,-1,-1
77,8,644.06,247.24,117.19,353.94,0.90,-1,-1,-1
77,14,503.99,234.56,102.67,341.60,0.91,-1,-1,-1
77,18,603.69,240.63,90.07,311.90,0.68,-1,-1,-1
77,20,878.34,263.20,206.42,537.07,0.89,-1,-1,-1
77,17,788.92,230.57,108.31,310.17,0.92,-1,-1,-1
77,21,975.92,234.76,140.82,492.97,0.89,-1,-1,-1
77,11,1125.45,38.19,257.25,891.77,0.72,-1,-1,-1
77,22,728.16,235.25,84.30,326.70,0.89,-1,-1,-1
77,23,848.75,222.96,185.13,424.69,0.87,-1,-1,-1
78,1,364.17,208.58,171.31,540.07,0.93,-1,-1,-1
78,2,542.84,210.56,152.82,487.45,0.92,-1,-1,-1
78,8,643.40,245.42,117.98,357.54,0.89,-1,-1,-1
78,14,503.79,231.49,105.26,342.81,0.90,-1,-1,-1
78,18,599.94,240.67,92.99,316.94,0.66,-1,-1,-1
78,20,881.24,253.07,214.66,554.07,0.89,-1,-1,-1
78,17,789.35,229.33,110.37,313.00,0.92,-1,-1,-1
78,21,979.90,230.98,146.05,499.57,0.85,-1,-1,-1
78,11,1138.11,39.81,260.15,864.78,0.66,-1,-1,-1
78,22,729.46,232.83,84.64,331.74,0.89,-1,-1,-1
78,23,850.91,221.41,188.10,430.66,0.88,-1,-1,-1
79,1,364.90,206.60,169.44,540.37,0.93,-1,-1,-1
79,2,547.45,207.48,147.61,490.46,0.93,-1,-1,-1
79,8,643.59,244.50,118.87,359.56,0.88,-1,-1,-1
79,14,505.21,230.78,102.61,340.98,0.90,-1,-1,-1
79,18,598.44,239.42,95.26,322.33,0.58,-1,-1,-1
79,20,885.02,245.93,221.43,568.85,0.89,-1,-1,-1
79,17,790.89,227.49,112.24,315.50,0.91,-1,-1,-1
79,21,987.08,228.60,150.29,502.27,0.88,-1,-1,-1
79,11,1152.89,32.05,277.46,874.77,0.63,-1,-1,-1
79,22,731.75,230.78,84.16,335.71,0.89,-1,-1,-1
79,23,853.60,218.71,192.96,438.00,0.88,-1,-1,-1
79,24,1119.60,211.50,149.40,500.40,0.76,-1,-1,-1
80,1,365.53,203.87,166.38,539.15,0.93,-1,-1,-1
80,2,546.63,203.86,147.00,499.46,0.92,-1,-1,-1
80,8,644.32,243.93,119.27,364.05,0.89,-1,-1,-1
80,14,504.04,228.71,104.72,344.05,0.90,-1,-1,-1
80,18,594.93,237.98,98.50,333.38,0.62,-1,-1,-1
80,20,886.73,238.69,229.61,583.76,0.89,-1,-1,-1
80,17,792.55,225.29,112.96,319.56,0.91,-1,-1,-1
80,21,994.54,223.17,154.22,509.55,0.87,-1,-1,-1
80,11,1169.64,112.09,239.32,744.47,0.27,-1,-1,-1
80,22,732.46,228.72,85.16,340.67,0.89,-1,-1,-1
80,23,856.92,216.82,195.35,444.52,0.90,-1,-1,-1
80,24,1127.91,228.21,142.24,479.97,0.76,-1,-1,-1
81,1,364.55,201.68,165.02,541.43,0.93,-1,-1,-1
81,2,546.52,200.72,147.41,506.56,0.92,-1,-1,-1
81,8,644.43,242.75,117.59,367.26,0.90,-1,-1,-1
81,14,503.58,227.07,104.88,346.99,0.91,-1,-1,-1
81,18,592.93,236.32,97.35,333.93,0.64,-1,-1,-1
81,20,892.11,236.06,235.18,589.29,0.89,-1,-1,-1
81,17,794.60,222.96,112.54,323.67,0.92,-1,-1,-1
81,21,1004.59,219.35,156.78,520.92,0.86,-1,-1,-1
81,11,1185.62,145.24,206.44,649.42,0.18,-1,-1,-1
81,22,733.64,225.36,85.51,346.48,0.89,-1,-1,-1
81,23,860.38,214.29,195.35,451.38,0.90,-1,-1,-1
81,24,1138.55,215.25,147.88,498.88,0.77,-1,-1,-1
82,1,361.84,199.25,165.36,540.35,0.93,-1,-1,-1
82,2,544.05,199.32,150.71,515.16,0.93,-1,-1,-1
82,8,642.13,242.67,118.25,369.57,0.89,-1,-1,-1
82,14,502.45,224.44,106.81,351.58,0.90,-1,-1,-1
82,18,592.22,234.55,95.13,326.27,0.53,-1,-1,-1
82,20,896.68,237.10,244.04,598.06,0.90,-1,-1,-1
82,17,796.40,220.75,115.93,328.52,0.92,-1,-1,-1
82,21,1013.59,216.55,162.40,534.76,0.86,-1,-1,-1
82,22,733.61,221.08,87.45,354.82,0.88,-1,-1,-1
82,23,863.04,211.89,197.86,458.56,0.90,-1,-1,-1
82,24,1151.66,216.96,149.73,505.46,0.79,-1,-1,-1
83,1,357.90,197.45,167.58,537.30,0.93,-1,-1,-1
83,2,541.87,198.79,152.57,520.55,0.92,-1,-1,-1
83,8,641.48,243.16,119.09,373.61,0.89,-1,-1,-1
83,14,501.98,223.42,106.95,354.12,0.88,-1,-1,-1
83,18,591.61,234.26,94.25,325.63,0.60,-1,-1,-1
83,20,901.59,230.58,253.37,617.14,0.89,-1,-1,-1
83,17,798.62,219.11,120.96,334.76,0.92,-1,-1,-1
83,21,1019.78,212.06,169.11,554.69,0.84,-1,-1,-1
83,22,735.78,217.70,86.99,362.15,0.89,-1,-1,-1
83,23,866.98,211.13,199.77,464.81,0.89,-1,-1,-1
83,24,1163.50,210.06,154.15,517.18,0.82,-1,-1,-1
84,1,356.62,197.82,166.56,535.51,0.94,-1,-1,-1
84,2,539.06,200.86,155.76,524.85,0.92,-1,-1,-1
84,8,639.92,245.14,119.48,375.73,0.89,-1,-1,-1
84,14,501.28,224.03,109.44,359.76,0.88,-1,-1,-1
84,18,591.87,235.21,93.36,315.67,0.62,-1,-1,-1
84,20,907.19,225.38,261.35,635.57,0.88,-1,-1,-1
84,17,800.85,218.31,121.47,340.83,0.92,-1,-1,-1
84,21,1030.18,212.71,174.03,564.04,0.84,-1,-1,-1
84,22,738.59,219.24,86.83,366.48,0.90,-1,-1,-1
84,23,871.35,212.00,202.76,474.79,0.88,-1,-1,-1
84,24,1176.17,209.32,159.42,526.70,0.85,-1,-1,-1
85,1,355.99,198.72,165.86,536.36,0.94,-1,-1,-1
85,2,535.71,205.38,158.90,526.14,0.93,-1,-1,-1
85,8,638.61,247.25,121.53,379.11,0.88,-1,-1,-1
85,14,499.59,225.56,112.26,365.72,0.87,-1,-1,-1
85,18,593.63,237.09,90.71,301.60,0.70,-1,-1,-1
85,20,912.79,226.18,271.49,666.40,0.86,-1,-1,-1
85,17,802.51,217.51,126.68,346.27,0.93,-1,-1,-1
85,21,1040.56,215.21,181.79,573.87,0.83,-1,-1,-1
85,22,739.55,220.40,86.84,371.10,0.90,-1,-1,-1
85,23,875.60,212.85,201.89,482.49,0.90,-1,-1,-1
85,24,1187.91,211.82,157.57,537.42,0.84,-1,-1,-1
86,1,356.59,198.63,164.19,538.18,0.94,-1,-1,-1
86,2,532.00,209.32,160.63,528.60,0.93,-1,-1,-1
86,8,637.38,248.25,142.44,382.72,0.86,-1,-1,-1
86,14,498.30,227.37,114.47,372.00,0.88,-1,-1,-1
86,18,593.89,238.95,92.09,304.01,0.76,-1,-1,-1
86,20,917.98,226.47,285.27,691.37,0.84,-1,-1,-1
86,17,804.29,218.12,124.53,351.11,0.94,-1,-1,-1
86,21,1045.44,215.56,191.57,595.59,0.82,-1,-1,-1
86,22,740.23,222.36,87.99,366.16,0.89,-1,-1,-1
86,23,879.17,216.57,206.85,489.88,0.85,-1,-1,-1
86,24,1198.83,220.89,147.92,547.68,0.57,-1,-1,-1
87,1,356.23,198.60,164.60,540.22,0.94,-1,-1,-1
87,2,529.68,213.40,161.71,529.75,0.93,-1,-1,-1
87,8,635.50,249.44,147.73,382.84,0.86,-1,-1,-1
87,14,497.17,229.95,118.72,376.17,0.88,-1,-1,-1
87,18,594.26,240.28,91.90,304.16,0.79,-1,-1,-1
87,20,925.87,221.46,295.17,734.29,0.85,-1,-1,-1
87,17,806.92,219.17,122.55,354.69,0.94,-1,-1,-1
87,21,1052.82,216.07,200.84,617.32,0.81,-1,-1,-1
87,22,741.59,223.50,88.90,364.58,0.89,-1,-1,-1
87,23,883.90,217.20,203.78,493.36,0.88,-1,-1,-1
87,24,1205.84,254.26,141.49,535.50,0.18,-1,-1,-1
87,25,-56.19,140.85,180.62,506.70,0.75,-1,-1,-1
88,1,355.85,199.02,166.01,540.28,0.93,-1,-1,-1
88,2,527.73,216.42,162.30,525.69,0.92,-1,-1,-1
88,8,634.65,250.06,132.22,381.37,0.89,-1,-1,-1
88,14,496.19,231.25,122.22,378.73,0.89,-1,-1,-1
88,18,593.09,240.81,94.34,307.31,0.81,-1,-1,-1
88,20,930.90,218.29,314.21,772.40,0.79,-1,-1,-1
88,17,809.78,219.10,122.48,359.54,0.94,-1,-1,-1
88,21,1056.61,214.45,213.79,633.95,0.74,-1,-1,-1
88,22,742.42,223.45,89.92,377.30,0.90,-1,-1,-1
88,23,890.29,222.07,205.89,498.98,0.85,-1,-1,-1
88,24,1217.17,252.78,159.49,554.58,0.13,-1,-1,-1
89,1,355.74,199.46,168.34,542.57,0.92,-1,-1,-1
89,2,526.09,219.11,162.36,516.02,0.92,-1,-1,-1
89,8,635.07,249.99,124.16,377.11,0.91,-1,-1,-1
89,14,494.65,231.65,123.44,382.08,0.88,-1,-1,-1
89,18,593.12,240.87,95.17,310.51,0.83,-1,-1,-1
89,20,938.21,208.80,346.28,814.80,0.80,-1,-1,-1
89,17,812.18,218.38,125.56,363.72,0.93,-1,-1,-1
89,21,1050.14,209.20,248.13,672.76,0.58,-1,-1,-1
89,22,744.45,222.52,90.23,385.56,0.90,-1,-1,-1
89,23,922.78,222.26,191.34,521.52,0.60,-1,-1,-1
89,26,895.95,223.20,202.05,498.60,0.87,-1,-1,-1
90,1,355.27,200.09,171.60,549.72,0.91,-1,-1,-1
90,2,525.11,219.96,159.98,519.55,0.92,-1,-1,-1
90,8,635.79,249.40,120.63,374.69,0.91,-1,-1,-1
90,14,494.24,231.83,123.27,385.17,0.87,-1,-1,-1
90,18,592.47,241.07,96.07,313.17,0.84,-1,-1,-1
90,20,945.56,200.48,362.24,847.50,0.80,-1,-1,-1
90,17,815.38,218.20,127.28,367.67,0.92,-1,-1,-1
90,21,1069.11,216.16,236.37,661.69,0.22,-1,-1,-1
90,22,744.86,221.79,92.09,395.04,0.91,-1,-1,-1
90,23,911.52,222.56,200.04,511.38,0.89,-1,-1,-1
91,1,355.82,200.32,169.54,559.12,0.93,-1,-1,-1
91,2,523.77,220.72,159.03,522.97,0.93,-1,-1,-1
91,8,636.89,248.30,119.95,373.30,0.90,-1,-1,-1
91,14,493.95,232.20,122.55,386.69,0.88,-1,-1,-1
91,18,593.02,241.62,95.79,309.36,0.82,-1,-1,-1
91,20,956.92,206.18,372.97,878.27,0.69,-1,-1,-1
91,17,817.69,218.28,132.60,372.63,0.92,-1,-1,-1
91,21,1053.16,209.82,247.88,662.47,0.25,-1,-1,-1
91,22,746.69,220.78,92.75,401.83,0.92,-1,-1,-1
91,23,911.05,218.81,203.12,514.58,0.91,-1,-1,-1
92,1,356.47,201.03,169.22,565.66,0.93,-1,-1,-1
92,2,522.39,220.97,158.73,524.88,0.92,-1,-1,-1
92,8,638.52,248.04,119.15,374.75,0.90,-1,-1,-1
92,14,493.84,232.65,120.49,384.83,0.87,-1,-1,-1
92,18,595.03,242.42,95.11,310.92,0.84,-1,-1,-1
92,20,963.10,165.87,399.87,1005.38,0.61,-1,-1,-1
92,17,821.45,217.89,135.21,377.83,0.94,-1,-1,-1
92,21,1056.88,204.43,238.57,662.46,0.15,-1,-1,-1
92,22,749.15,219.82,93.02,408.44,0.92,-1,-1,-1
92,23,915.14,219.17,201.61,516.22,0.90,-1,-1,-1
93,1,357.38,200.39,168.64,563.42,0.92,-1,-1,-1
93,2,522.47,218.03,157.87,523.29,0.93,-1,-1,-1
93,8,639.60,247.17,118.76,378.06,0.91,-1,-1,-1
93,14,494.07,231.74,119.56,383.48,0.86,-1,-1,-1
93,18,597.19,242.83,94.15,311.62,0.84,-1,-1,-1
93,20,973.33,154.08,407.64,1052.28,0.52,-1,-1,-1
93,17,825.54,215.85,138.09,382.39,0.93,-1,-1,-1
93,21,1015.64,179.40,310.60,752.87,0.14,-1,-1,-1
93,22,751.03,218.82,94.78,413.69,0.92,-1,-1,-1
93,23,918.32,217.88,205.51,529.43,0.90,-1,-1,-1
94,1,357.49,200.59,169.94,564.87,0.93,-1,-1,-1
94,2,522.66,216.44,158.18,525.36,0.93,-1,-1,-1
94,8,642.87,245.80,116.84,381.06,0.91,-1,-1,-1
94,14,492.47,229.53,120.41,384.88,0.85,-1,-1,-1
94,18,599.65,242.69,94.40,320.35,0.83,-1,-1,-1
94,20,984.09,173.07,400.08,1011.23,0.68,-1,-1,-1
94,17,829.30,214.15,146.19,388.01,0.90,-1,-1,-1
94,21,1072.82,190.46,230.95,625.34,0.69,-1,-1,-1
94,22,753.36,217.88,95.43,419.49,0.92,-1,-1,-1
94,23,923.18,210.25,213.17,543.98,0.89,-1,-1,-1
94,27,945.90,285.75,30.60,87.75,0.73,-1,-1,-1
95,1,356.86,199.73,172.84,567.53,0.92,-1,-1,-1
95,2,522.42,213.39,159.52,526.21,0.93,-1,-1,-1
95,8,647.10,244.51,115.55,384.79,0.91,-1,-1,-1
95,14,490.64,228.21,120.13,386.17,0.84,-1,-1,-1
95,18,602.01,242.88,93.31,323.68,0.83,-1,-1,-1
95,20,992.84,169.34,409.43,1024.72,0.72,-1,-1,-1
95,17,832.44,211.79,153.89,394.74,0.91,-1,-1,-1
95,21,1108.09,193.25,191.68,568.37,0.66,-1,-1,-1
95,22,755.09,215.67,97.45,425.80,0.93,-1,-1,-1
95,23,928.48,204.95,217.23,557.09,0.88,-1,-1,-1
95,27,946.14,286.20,30.63,87.87,0.79,-1,-1,-1
96,1,357.23,199.00,172.35,570.88,0.93,-1,-1,-1
96,2,521.36,211.07,162.34,526.69,0.93,-1,-1,-1
96,8,649.95,243.42,118.07,387.65,0.90,-1,-1,-1
96,14,490.77,225.94,119.95,381.24,0.86,-1,-1,-1
96,18,604.52,242.05,92.24,326.15,0.84,-1,-1,-1
96,20,1009.21,180.20,389.35,981.58,0.65,-1,-1,-1
96,17,835.29,208.64,156.18,401.51,0.92,-1,-1,-1
96,21,1132.78,190.88,174.61,547.39,0.71,-1,-1,-1
96,22,757.79,211.98,98.73,434.40,0.93,-1,-1,-1
96,23,937.33,201.63,215.04,569.53,0.88,-1,-1,-1
96,27,947.56,285.39,29.24,88.93,0.84,-1,-1,-1
97,1,356.96,196.85,172.36,574.90,0.94,-1,-1,-1
97,2,521.74,209.23,164.05,530.84,0.93,-1,-1,-1
97,8,654.21,242.85,117.27,387.97,0.91,-1,-1,-1
97,14,489.77,223.92,121.11,375.32,0.86,-1,-1,-1
97,18,606.55,241.25,91.89,324.47,0.85,-1,-1,-1
97,20,1023.91,189.17,379.74,983.75,0.66,-1,-1,-1
97,17,839.32,206.11,154.71,408.26,0.93,-1,-1,-1
97,21,1147.82,186.28,169.13,558.67,0.73,-1,-1,-1
97,22,762.05,208.35,99.21,442.72,0.93,-1,-1,-1
97,23,945.49,196.74,224.86,583.71,0.88,-1,-1,-1
97,27,946.57,284.95,30.21,89.97,0.77,-1,-1,-1
98,1,356.36,192.91,173.49,578.04,0.93,-1,-1,-1
98,2,522.54,206.73,166.42,532.75,0.93,-1,-1,-1
98,8,659.06,243.94,118.74,392.50,0.91,-1,-1,-1
98,14,488.86,221.56,119.71,370.89,0.86,-1,-1,-1
98,18,606.96,239.86,92.94,325.27,0.86,-1,-1,-1
98,20,1040.33,200.24,373.38,958.30,0.60,-1,-1,-1
98,17,841.57,202.06,160.12,415.06,0.93,-1,-1,-1
98,21,1160.56,183.02,173.56,561.17,0.75,-1,-1,-1
98,22,765.34,204.39,101.11,449.57,0.93,-1,-1,-1
98,23,954.18,191.08,234.25,594.23,0.87,-1,-1,-1
98,27,946.81,283.91,30.51,91.90,0.45,-1,-1,-1
99,1,355.10,189.02,174.01,585.57,0.93,-1,-1,-1
99,2,523.18,204.15,169.05,532.86,0.93,-1,-1,-1
99,8,662.33,244.36,117.48,395.24,0.90,-1,-1,-1
99,14,489.16,219.48,120.34,371.51,0.89,-1,-1,-1
99,18,608.90,236.93,93.91,325.10,0.85,-1,-1,-1
99,20,1057.57,241.05,357.59,861.25,0.50,-1,-1,-1
99,17,847.35,198.05,163.54,424.88,0.93,-1,-1,-1
99,21,1175.18,178.30,173.89,575.71,0.67,-1,-1,-1
99,22,767.74,201.01,104.13,456.71,0.92,-1,-1,-1
99,23,958.60,186.37,241.24,606.66,0.86,-1,-1,-1
99,27,946.92,282.91,30.60,92.83,0.73,-1,-1,-1
100,1,354.13,185.05,174.85,597.54,0.92,-1,-1,-1
100,2,523.22,201.08,172.45,536.31,0.93,-1,-1,-1
100,8,667.42,245.36,116.46,395.83,0.90,-1,-1,-1
100,14,489.06,217.51,120.61,374.68,0.88,-1,-1,-1
100,18,611.13,235.32,94.92,324.77,0.86,-1,-1,-1
100,20,1082.40,243.53,340.58,797.69,0.21,-1,-1,-1
100,17,852.13,195.45,168.60,432.03,0.93,-1,-1,-1
100,21,1191.01,176.20,165.58,570.58,0.62,-1,-1,-1
100,22,771.83,195.57,104.14,466.80,0.92,-1,-1,-1
100,23,964.19,180.29,252.05,623.99,0.83,-1,-1,-1
100,27,945.67,281.83,31.91,92.45,0.82,-1,-1,-1
101,1,352.21,181.58,179.31,602.35,0.91,-1,-1,-1
101,2,523.58,200.88,176.35,543.26,0.92,-1,-1,-1
101,8,672.42,246.65,118.68,395.92,0.90,-1,-1,-1
101,14,488.47,217.14,121.49,380.58,0.88,-1,-1,-1
101,18,613.25,233.56,95.46,318.23,0.86,-1,-1,-1
101,20,1112.66,256.00,322.40,671.82,0.11,-1,-1,-1
101,17,857.36,194.16,178.85,438.66,0.92,-1,-1,-1
101,21,1208.18,175.21,159.04,546.44,0.40,-1,-1,-1
101,22,775.62,193.80,106.66,475.46,0.93,-1,-1,-1
101,23,975.52,177.20,265.75,642.30,0.81,-1,-1,-1
101,27,947.14,281.39,29.96,90.44,0.61,-1,-1,-1
102,1,351.50,180.43,181.35,599.05,0.92,-1,-1,-1
102,2,525.16,200.79,180.21,547.87,0.92,-1,-1,-1
102,8,679.17,247.94,118.37,397.39,0.91,-1,-1,-1
102,14,488.53,217.44,123.04,385.64,0.89,-1,-1,-1
102,18,616.61,234.18,95.09,312.57,0.87,-1,-1,-1
102,17,862.63,193.54,180.24,446.05,0.93,-1,-1,-1
102,22,779.52,193.98,108.83,484.12,0.92,-1,-1,-1
102,23,990.86,178.01,263.04,655.66,0.82,-1,-1,-1
103,1,350.81,177.98,184.58,601.91,0.92,-1,-1,-1
103,2,526.91,200.95,182.80,550.11,0.92,-1,-1,-1
103,8,683.93,249.14,120.63,396.13,0.92,-1,-1,-1
103,14,488.53,218.33,126.56,390.54,0.87,-1,-1,-1
103,18,618.66,233.96,96.71,312.95,0.88,-1,-1,-1
103,17,867.35,193.28,182.90,454.20,0.94,-1,-1,-1
103,22,783.45,193.39,111.38,493.96,0.93,-1,-1,-1
103,23,1000.64,175.65,269.78,676.17,0.85,-1,-1,-1
104,1,350.10,176.32,187.63,590.89,0.93,-1,-1,-1
104,2,530.23,202.07,183.08,553.77,0.92,-1,-1,-1
104,8,688.89,249.59,122.63,392.36,0.91,-1,-1,-1
104,14,489.13,219.79,126.67,394.85,0.87,-1,-1,-1
104,18,619.68,234.04,98.48,314.21,0.89,-1,-1,-1
104,17,873.47,192.08,182.89,463.65,0.94,-1,-1,-1
104,22,787.83,193.53,112.86,502.56,0.91,-1,-1,-1
104,23,1011.82,174.42,274.52,696.80,0.84,-1,-1,-1
105,1,348.01,176.57,190.32,590.24,0.92,-1,-1,-1
105,2,531.03,204.09,185.43,556.52,0.92,-1,-1,-1
105,8,695.23,249.70,122.15,382.24,0.91,-1,-1,-1
105,14,489.18,220.30,123.65,400.06,0.87,-1,-1,-1
105,18,619.83,234.19,101.47,317.01,0.89,-1,-1,-1
105,17,877.62,191.23,184.75,471.13,0.93,-1,-1,-1
105,22,791.63,192.74,112.73,512.16,0.92,-1,-1,-1
105,23,1017.56,170.99,284.30,710.83,0.80,-1,-1,-1
106,1,346.45,175.23,191.18,603.32,0.93,-1,-1,-1
106,2,532.81,206.09,182.16,560.62,0.92,-1,-1,-1
106,8,702.93,248.55,119.57,374.58,0.89,-1,-1,-1
106,14,489.82,221.05,126.09,405.74,0.86,-1,-1,-1
106,18,619.87,234.15,104.97,319.82,0.89,-1,-1,-1
106,17,883.31,190.98,185.40,479.23,0.93,-1,-1,-1
106,22,794.84,192.96,115.59,520.62,0.92,-1,-1,-1
106,23,1027.29,168.60,283.36,724.24,0.82,-1,-1,-1
107,1,344.51,174.66,192.51,609.40,0.93,-1,-1,-1
107,2,533.13,209.23,181.89,559.33,0.93,-1,-1,-1
107,8,711.52,248.19,117.91,370.54,0.90,-1,-1,-1
107,14,490.64,221.55,122.75,409.14,0.86,-1,-1,-1
107,18,620.89,234.24,107.41,321.18,0.90,-1,-1,-1
107,17,887.94,190.18,187.77,487.83,0.93,-1,-1,-1
107,22,798.04,192.35,117.76,528.12,0.92,-1,-1,-1
107,23,1039.11,168.63,277.82,733.69,0.82,-1,-1,-1
107,28,1042.20,189.00,199.80,495.00,0.82,-1,-1,-1
108,1,343.17,176.32,203.00,610.38,0.93,-1,-1,-1
108,2,533.21,211.86,181.84,557.89,0.92,-1,-1,-1
108,8,716.76,248.49,116.75,370.35,0.89,-1,-1,-1
108,14,492.11,223.03,122.10,412.20,0.87,-1,-1,-1
108,18,619.82,234.11,112.48,324.37,0.91,-1,-1,-1
108,17,892.50,188.40,191.34,497.37,0.93,-1,-1,-1
108,22,801.72,190.34,118.60,535.46,0.91,-1,-1,-1
108,23,1047.91,170.44,274.42,736.82,0.80,-1,-1,-1
108,28,1049.19,187.46,201.65,503.30,0.84,-1,-1,-1
109,1,342.25,177.60,212.62,612.22,0.93,-1,-1,-1
109,2,534.19,214.04,181.65,553.49,0.93,-1,-1,-1
109,8,720.04,248.16,119.87,374.32,0.89,-1,-1,-1
109,14,493.96,223.74,121.77,415.95,0.87,-1,-1,-1
109,18,619.71,234.38,116.07,326.35,0.91,-1,-1,-1
109,17,897.01,187.52,193.66,505.06,0.93,-1,-1,-1
109,22,805.09,188.63,120.23,540.93,0.92,-1,-1,-1
109,23,1059.80,172.21,270.41,749.95,0.80,-1,-1,-1
109,28,1053.39,186.71,204.79,512.12,0.85,-1,-1,-1
110,1,340.07,177.16,215.25,621.99,0.92,-1,-1,-1
110,2,535.31,215.89,188.10,559.30,0.91,-1,-1,-1
110,8,724.65,249.00,119.81,379.84,0.90,-1,-1,-1
110,14,495.70,223.41,119.19,417.98,0.88,-1,-1,-1
110,18,618.95,234.38,118.57,329.95,0.92,-1,-1,-1
110,17,901.61,186.72,196.79,511.47,0.93,-1,-1,-1
110,22,808.05,187.34,122.50,548.96,0.92,-1,-1,-1
110,23,1076.71,168.50,262.71,771.24,0.78,-1,-1,-1
110,28,1060.93,186.37,207.05,518.70,0.86,-1,-1,-1
111,1,338.29,176.99,212.45,627.25,0.92,-1,-1,-1
111,2,536.32,218.01,194.02,561.33,0.91,-1,-1,-1
111,8,724.98,250.92,125.19,382.60,0.90,-1,-1,-1
111,14,496.97,223.01,120.05,417.58,0.88,-1,-1,-1
111,18,618.04,234.63,120.06,331.52,0.92,-1,-1,-1
111,17,906.42,184.78,198.75,521.37,0.92,-1,-1,-1
111,22,810.52,186.25,124.21,552.27,0.91,-1,-1,-1
111,23,1093.49,167.36,256.03,776.29,0.76,-1,-1,-1
111,28,1067.10,180.34,211.66,534.26,0.87,-1,-1,-1
112,1,336.33,177.07,205.58,622.15,0.92,-1,-1,-1
112,2,537.93,217.59,189.50,561.19,0.92,-1,-1,-1
112,8,726.46,252.30,127.02,383.42,0.90,-1,-1,-1
112,14,498.11,221.73,121.41,417.57,0.89,-1,-1,-1
112,18,618.88,234.61,119.82,333.49,0.91,-1,-1,-1
112,17,911.90,182.00,199.45,529.53,0.92,-1,-1,-1
112,22,813.11,184.81,126.95,557.95,0.89,-1,-1,-1
112,23,1106.50,156.59,259.27,795.00,0.77,-1,-1,-1
112,28,1074.03,176.78,215.47,547.12,0.88,-1,-1,-1
113,1,334.13,178.25,200.90,622.39,0.92,-1,-1,-1
113,2,543.32,215.06,187.52,562.37,0.90,-1,-1,-1
113,8,730.36,252.47,126.42,386.72,0.90,-1,-1,-1
113,14,498.18,219.92,121.24,416.93,0.89,-1,-1,-1
113,18,619.73,233.37,121.36,335.96,0.92,-1,-1,-1
113,17,917.92,177.47,201.26,533.84,0.93,-1,-1,-1
113,22,816.01,181.65,128.70,563.37,0.90,-1,-1,-1
113,23,1118.08,149.82,263.87,806.85,0.69,-1,-1,-1
113,28,1082.46,168.76,217.81,560.03,0.88,-1,-1,-1
114,1,330.80,177.88,202.71,619.42,0.92,-1,-1,-1
114,2,547.92,211.19,179.45,564.40,0.92,-1,-1,-1
114,8,733.43,253.59,123.74,382.60,0.89,-1,-1,-1
114,14,498.68,217.69,119.94,416.18,0.91,-1,-1,-1
114,18,620.25,232.44,121.87,337.74,0.92,-1,-1,-1
114,17,922.77,172.71,206.87,545.88,0.91,-1,-1,-1
114,22,819.39,176.19,131.60,576.17,0.89,-1,-1,-1
114,23,1132.33,152.05,230.68,782.87,0.55,-1,-1,-1
114,28,1089.70,163.69,222.22,568.99,0.86,-1,-1,-1
115,1,327.52,174.27,200.82,622.08,0.91,-1,-1,-1
115,2,550.72,204.73,175.69,567.43,0.93,-1,-1,-1
115,8,736.01,253.93,122.66,370.05,0.88,-1,-1,-1
115,14,497.25,214.82,120.00,416.82,0.91,-1,-1,-1
115,18,619.98,232.64,121.93,338.91,0.90,-1,-1,-1
115,17,927.67,168.28,208.77,554.53,0.91,-1,-1,-1
115,22,820.31,169.03,136.09,598.72,0.87,-1,-1,-1
115,23,1142.72,153.58,214.99,778.29,0.36,-1,-1,-1
115,28,1095.38,157.83,228.47,581.28,0.87,-1,-1,-1
116,1,323.61,169.74,200.67,630.12,0.91,-1,-1,-1
116,2,552.24,198.26,177.26,574.77,0.93,-1,-1,-1
116,8,740.48,253.06,124.02,363.76,0.87,-1,-1,-1
116,14,495.62,211.76,121.13,418.45,0.91,-1,-1,-1
116,18,617.57,231.97,124.23,340.75,0.89,-1,-1,-1
116,17,935.04,162.79,205.70,565.08,0.91,-1,-1,-1
116,22,805.16,165.36,158.82,609.23,0.86,-1,-1,-1
116,23,1158.31,157.86,208.39,761.78,0.56,-1,-1,-1
116,28,1108.79,155.37,223.31,590.07,0.86,-1,-1,-1
117,1,320.80,168.31,201.52,632.93,0.92,-1,-1,-1
117,2,551.66,190.81,178.99,577.05,0.93,-1,-1,-1
117,8,743.15,250.29,124.86,367.57,0.88,-1,-1,-1
117,14,491.92,210.38,124.39,411.68,0.92,-1,-1,-1
117,18,616.11,230.45,125.97,342.15,0.88,-1,-1,-1
117,17,940.13,156.88,212.15,574.51,0.91,-1,-1,-1
117,22,802.77,156.72,167.77,623.01,0.85,-1,-1,-1
117,23,1178.90,172.12,207.08,727.94,0.32,-1,-1,-1
117,28,1117.05,145.23,226.57,602.15,0.85,-1,-1,-1
118,1,317.35,166.85,203.17,636.77,0.91,-1,-1,-1
118,2,551.05,184.65,182.33,583.04,0.93,-1,-1,-1
118,8,747.45,248.87,125.37,355.09,0.88,-1,-1,-1
118,14,488.65,208.99,127.60,406.26,0.92,-1,-1,-1
118,18,612.61,227.97,129.14,345.95,0.85,-1,-1,-1
118,17,945.76,151.56,218.35,585.12,0.89,-1,-1,-1
118,22,803.60,149.10,172.78,639.56,0.85,-1,-1,-1
118,23,1194.84,181.12,188.53,657.48,0.11,-1,-1,-1
118,28,1127.54,142.94,223.19,596.00,0.86,-1,-1,-1
119,1,313.26,168.14,205.79,640.97,0.92,-1,-1,-1
119,2,550.55,181.23,189.20,585.53,0.91,-1,-1,-1
119,8,751.68,247.29,128.66,368.69,0.90,-1,-1,-1
119,14,486.92,208.37,129.56,405.73,0.91,-1,-1,-1
119,18,611.93,227.82,130.43,347.56,0.86,-1,-1,-1
119,17,953.01,148.58,214.96,596.38,0.91,-1,-1,-1
119,22,822.87,145.29,161.67,649.48,0.87,-1,-1,-1
119,28,1138.32,143.29,221.94,598.77,0.86,-1,-1,-1
120,1,308.98,170.34,208.34,644.30,0.91,-1,-1,-1
120,2,550.47,178.53,186.37,587.96,0.91,-1,-1,-1
120,8,754.96,246.82,130.21,371.64,0.91,-1,-1,-1
120,14,486.42,208.69,129.44,409.02,0.91,-1,-1,-1
120,18,606.58,224.20,134.13,354.34,0.73,-1,-1,-1
120,17,961.01,146.83,208.00,607.68,0.89,-1,-1,-1
120,22,834.23,144.65,158.49,658.94,0.89,-1,-1,-1
120,28,1149.45,148.62,221.91,598.31,0.78,-1,-1,-1
121,1,307.04,172.74,208.94,638.05,0.91,-1,-1,-1
121,2,552.07,179.02,185.78,587.09,0.91,-1,-1,-1
121,8,757.82,245.52,131.58,368.30,0.92,-1,-1,-1
121,14,487.51,209.57,126.54,413.25,0.91,-1,-1,-1
121,18,605.76,222.96,132.74,358.70,0.71,-1,-1,-1
121,17,967.50,146.48,208.20,619.55,0.90,-1,-1,-1
121,22,838.83,145.18,163.25,664.71,0.88,-1,-1,-1
121,28,1163.84,155.87,222.39,613.77,0.74,-1,-1,-1
122,1,305.67,174.67,209.14,643.63,0.91,-1,-1,-1
122,2,554.11,179.90,187.37,587.57,0.90,-1,-1,-1
122,8,758.82,244.48,134.47,363.31,0.92,-1,-1,-1
122,14,488.50,211.21,124.81,417.38,0.92,-1,-1,-1
122,18,607.87,227.99,130.93,349.63,0.71,-1,-1,-1
122,17,975.30,148.83,213.09,638.57,0.90,-1,-1,-1
122,22,843.54,145.97,168.54,670.26,0.89,-1,-1,-1
122,28,1175.79,161.51,217.72,625.77,0.76,-1,-1,-1
123,1,305.42,175.26,209.89,650.53,0.91,-1,-1,-1
123,2,556.11,181.98,191.39,595.04,0.90,-1,-1,-1
123,8,761.97,244.00,138.43,363.09,0.92,-1,-1,-1
123,14,489.18,212.15,124.62,422.65,0.92,-1,-1,-1
123,18,609.70,229.28,128.88,345.34,0.55,-1,-1,-1
123,17,982.38,148.71,217.12,652.88,0.89,-1,-1,-1
123,22,852.68,145.31,170.55,674.49,0.88,-1,-1,-1
123,28,1189.26,161.38,212.06,639.11,0.72,-1,-1,-1
123,29,1170.90,265.05,57.60,184.95,0.72,-1,-1,-1
124,1,305.39,174.39,210.25,656.82,0.91,-1,-1,-1
124,2,558.15,184.07,187.93,594.77,0.91,-1,-1,-1
124,8,762.85,243.56,141.54,366.67,0.92,-1,-1,-1
124,14,489.12,213.42,124.46,427.29,0.92,-1,-1,-1
124,18,612.91,233.95,126.73,337.45,0.58,-1,-1,-1
124,17,989.59,146.66,221.97,663.73,0.89,-1,-1,-1
124,22,857.16,144.16,175.51,678.03,0.89,-1,-1,-1
124,28,1200.85,207.82,215.92,612.34,0.14,-1,-1,-1
124,29,1172.56,266.51,56.30,187.55,0.75,-1,-1,-1
125,1,305.14,172.79,213.17,658.78,0.91,-1,-1,-1
125,2,560.22,186.07,189.67,601.74,0.89,-1,-1,-1
125,8,766.00,243.71,143.94,370.85,0.92,-1,-1,-1
125,14,489.19,214.99,123.85,431.30,0.91,-1,-1,-1
125,18,611.86,233.08,130.19,336.56,0.50,-1,-1,-1
125,17,1000.27,140.86,226.25,681.68,0.89,-1,-1,-1
125,22,864.38,143.00,179.76,686.64,0.89,-1,-1,-1
125,28,1212.56,296.68,190.84,593.66,0.15,-1,-1,-1
125,29,1174.06,267.13,57.48,189.26,0.77,-1,-1,-1
125,30,1190.70,266.40,75.60,196.65,0.81,-1,-1,-1
126,1,305.49,172.31,213.71,662.80,0.91,-1,-1,-1
126,2,563.61,187.92,193.71,604.08,0.90,-1,-1,-1
126,8,769.64,245.03,143.48,373.40,0.91,-1,-1,-1
126,14,489.81,217.38,123.48,433.36,0.91,-1,-1,-1
126,18,617.70,243.39,127.16,323.56,0.48,-1,-1,-1
126,17,1010.18,137.34,243.04,694.29,0.85,-1,-1,-1
126,22,870.15,140.37,186.94,704.68,0.88,-1,-1,-1
126,29,1173.24,267.31,59.16,185.65,0.76,-1,-1,-1
126,30,1197.10,268.13,75.77,192.85,0.81,-1,-1,-1
127,1,304.88,170.13,222.08,663.95,0.90,-1,-1,-1
127,2,566.01,190.45,190.22,605.74,0.92,-1,-1,-1
127,8,774.67,247.67,141.30,374.71,0.92,-1,-1,-1
127,14,488.85,218.85,123.22,437.36,0.91,-1,-1,-1
127,18,619.90,249.37,126.44,315.40,0.19,-1,-1,-1
127,17,1020.89,136.48,246.74,702.80,0.89,-1,-1,-1
127,22,877.65,137.00,191.72,725.52,0.89,-1,-1,-1
127,29,1171.00,267.63,59.60,191.89,0.71,-1,-1,-1
127,30,1197.54,268.32,77.19,191.78,0.80,-1,-1,-1
128,1,304.64,169.80,223.56,660.57,0.91,-1,-1,-1
128,2,568.26,192.58,192.02,597.28,0.91,-1,-1,-1
128,8,778.45,249.76,142.31,376.78,0.93,-1,-1,-1
128,14,488.43,219.43,123.84,441.50,0.91,-1,-1,-1
128,17,1030.86,132.68,235.27,712.90,0.83,-1,-1,-1
128,22,886.16,133.44,198.60,742.78,0.89,-1,-1,-1
128,29,1167.75,267.70,61.03,189.62,0.29,-1,-1,-1
128,30,1192.35,269.32,79.01,195.40,0.66,-1,-1,-1
129,1,304.76,168.05,228.22,660.91,0.92,-1,-1,-1
129,2,570.92,195.91,197.83,595.24,0.91,-1,-1,-1
129,8,781.85,250.71,143.38,376.15,0.94,-1,-1,-1
129,14,488.37,219.85,123.29,443.51,0.90,-1,-1,-1
129,17,1042.44,133.21,248.33,722.66,0.81,-1,-1,-1
129,22,893.40,124.87,208.69,762.14,0.89,-1,-1,-1
129,30,1187.48,269.55,84.83,196.94,0.64,-1,-1,-1
130,1,304.91,165.53,229.48,660.16,0.91,-1,-1,-1
130,2,572.16,196.49,205.20,598.44,0.90,-1,-1,-1
130,8,786.25,251.93,144.57,368.18,0.94,-1,-1,-1
130,14,487.46,219.03,123.00,446.36,0.90,-1,-1,-1
130,17,1055.30,128.08,255.17,733.90,0.83,-1,-1,-1
130,22,903.28,116.95,216.06,786.01,0.89,-1,-1,-1
130,30,1192.72,268.53,82.90,195.89,0.71,-1,-1,-1
131,1,304.81,165.15,228.16,658.27,0.91,-1,-1,-1
131,2,573.36,197.10,200.33,599.18,0.93,-1,-1,-1
131,8,791.95,251.74,145.02,371.41,0.94,-1,-1,-1
131,14,487.02,217.46,123.55,447.51,0.90,-1,-1,-1
131,17,1069.49,124.96,253.04,753.50,0.84,-1,-1,-1
131,22,909.04,113.27,229.59,806.60,0.89,-1,-1,-1
132,1,305.02,164.23,228.81,654.22,0.91,-1,-1,-1
132,2,575.21,195.16,212.25,595.53,0.90,-1,-1,-1
132,8,796.10,250.45,145.47,370.01,0.94,-1,-1,-1
132,14,486.21,215.18,123.77,446.33,0.90,-1,-1,-1
132,17,1083.06,117.22,242.48,777.87,0.84,-1,-1,-1
132,22,919.58,110.85,241.35,818.92,0.89,-1,-1,-1
133,1,305.20,164.32,219.31,658.68,0.91,-1,-1,-1
133,2,577.34,191.78,219.42,602.81,0.91,-1,-1,-1
133,8,801.07,248.52,147.36,369.12,0.95,-1,-1,-1
133,14,485.35,213.04,126.24,446.71,0.91,-1,-1,-1
133,17,1101.01,107.23,235.73,800.01,0.83,-1,-1,-1
133,22,931.59,96.63,256.05,855.30,0.88,-1,-1,-1
134,1,305.44,162.67,214.96,656.60,0.92,-1,-1,-1
134,2,580.52,186.38,225.57,608.48,0.92,-1,-1,-1
134,8,805.78,245.91,147.40,361.75,0.94,-1,-1,-1
134,14,483.34,209.87,130.11,450.15,0.90,-1,-1,-1
134,17,1119.90,97.26,234.33,819.81,0.80,-1,-1,-1
134,22,945.87,82.92,271.87,885.61,0.89,-1,-1,-1
135,1,305.15,161.21,215.22,661.45,0.91,-1,-1,-1
135,2,584.75,181.63,224.08,610.00,0.91,-1,-1,-1
135,8,809.49,242.61,148.19,354.67,0.94,-1,-1,-1
135,14,482.35,206.37,131.18,448.21,0.91,-1,-1,-1
135,17,1141.44,80.09,231.75,821.54,0.70,-1,-1,-1
135,22,962.04,66.44,288.65,928.57,0.88,-1,-1,-1
136,1,304.99,160.33,216.98,666.77,0.91,-1,-1,-1
136,2,588.11,177.89,225.86,608.10,0.93,-1,-1,-1
136,8,813.93,239.17,157.23,353.34,0.90,-1,-1,-1
136,14,481.12,204.77,133.27,444.67,0.91,-1,-1,-1
136,22,977.99,55.01,308.81,968.24,0.84,-1,-1,-1
137,1,306.69,159.23,215.20,669.53,0.92,-1,-1,-1
137,2,592.23,175.46,225.35,603.69,0.94,-1,-1,-1
137,8,819.49,237.73,151.22,349.39,0.92,-1,-1,-1
137,14,481.39,204.21,133.14,437.25,0.93,-1,-1,-1
137,22,994.33,31.40,334.14,1046.25,0.73,-1,-1,-1
137,31,960.30,258.30,97.20,240.75,0.83,-1,-1,-1
138,1,307.04,158.06,216.37,678.63,0.91,-1,-1,-1
138,2,596.96,174.71,222.54,605.13,0.94,-1,-1,-1
138,8,825.45,238.46,155.27,351.15,0.90,-1,-1,-1
138,14,479.70,206.18,135.15,431.98,0.93,-1,-1,-1
138,22,1013.65,29.02,343.94,1071.76,0.73,-1,-1,-1
138,31,966.60,258.87,100.41,237.29,0.86,-1,-1,-1
139,1,308.90,158.15,216.70,685.64,0.91,-1,-1,-1
139,2,600.36,174.88,220.63,607.09,0.94,-1,-1,-1
139,8,829.85,239.34,162.63,354.35,0.90,-1,-1,-1
139,14,479.28,207.26,134.62,435.18,0.93,-1,-1,-1
139,22,1031.46,29.32,343.93,1104.32,0.72,-1,-1,-1
139,31,970.67,260.40,105.22,236.00,0.86,-1,-1,-1
140,1,312.56,158.14,215.11,690.28,0.91,-1,-1,-1
140,2,603.93,175.35,216.33,602.74,0.95,-1,-1,-1
140,8,834.39,242.84,147.77,354.60,0.91,-1,-1,-1
140,14,478.04,209.31,135.84,439.13,0.93,-1,-1,-1
140,22,1047.13,17.18,355.26,1132.26,0.63,-1,-1,-1
140,31,977.05,260.61,109.35,257.69,0.87,-1,-1,-1
141,1,315.02,159.26,213.82,694.77,0.91,-1,-1,-1
141,2,607.56,175.74,213.83,599.02,0.95,-1,-1,-1
141,8,837.34,246.05,144.24,355.85,0.90,-1,-1,-1
141,14,478.22,210.13,136.11,443.41,0.93,-1,-1,-1
141,22,1067.34,17.62,357.82,1143.66,0.51,-1,-1,-1
141,31,984.25,261.74,110.49,265.20,0.88,-1,-1,-1
142,1,316.73,160.17,215.77,694.97,0.90,-1,-1,-1
142,2,611.60,177.57,213.46,598.73,0.94,-1,-1,-1
142,8,838.56,248.97,144.50,357.71,0.90,-1,-1,-1
142,14,478.79,210.64,137.37,448.18,0.93,-1,-1,-1
142,22,1084.62,26.30,354.89,1163.89,0.47,-1,-1,-1
142,31,990.96,261.99,120.98,272.29,0.93,-1,-1,-1
142,32,1085.40,267.52,77.40,258.98,0.73,-1,-1,-1
143,1,318.53,159.97,217.93,697.19,0.91,-1,-1,-1
143,2,614.81,179.71,214.00,600.10,0.94,-1,-1,-1
143,8,840.54,252.59,154.94,357.49,0.92,-1,-1,-1
143,14,478.96,210.61,138.46,454.43,0.93,-1,-1,-1
143,22,1108.50,27.02,347.57,1142.98,0.25,-1,-1,-1
143,31,1001.01,261.09,122.23,276.91,0.95,-1,-1,-1
143,29,1097.42,267.01,73.77,249.28,0.73,-1,-1,-1
144,1,322.20,159.33,220.52,700.80,0.91,-1,-1,-1
144,2,618.63,181.16,212.36,599.60,0.94,-1,-1,-1
144,8,842.15,254.26,152.28,356.08,0.91,-1,-1,-1
144,14,477.59,210.77,141.21,459.76,0.92,-1,-1,-1
144,31,1012.25,258.62,121.19,281.13,0.94,-1,-1,-1
144,29,1100.16,267.11,75.31,250.55,0.76,-1,-1,-1
145,1,325.88,157.06,225.15,706.65,0.90,-1,-1,-1
145,2,622.53,183.20,210.46,597.26,0.94,-1,-1,-1
145,8,842.78,255.35,150.52,354.07,0.92,-1,-1,-1
145,14,478.42,211.61,139.79,451.81,0.91,-1,-1,-1
145,31,1024.40,258.35,118.14,284.59,0.93,-1,-1,-1
145,29,1107.87,267.53,75.81,256.94,0.72,-1,-1,-1
146,1,330.34,158.55,224.56,705.22,0.90,-1,-1,-1
146,2,626.87,185.46,209.69,598.86,0.94,-1,-1,-1
146,8,842.27,255.43,151.01,354.59,0.93,-1,-1,-1
146,14,479.06,211.97,138.54,442.92,0.91,-1,-1,-1
146,31,1035.33,255.26,115.57,289.82,0.93,-1,-1,-1
146,29,1105.07,295.88,67.62,221.17,0.18,-1,-1,-1
147,1,334.07,158.22,226.99,705.23,0.89,-1,-1,-1
147,2,630.95,187.57,208.46,593.33,0.94,-1,-1,-1
147,8,841.71,253.82,151.34,353.50,0.93,-1,-1,-1
147,14,480.63,212.83,137.03,431.78,0.90,-1,-1,-1
147,31,1045.56,252.46,114.66,293.47,0.93,-1,-1,-1
148,1,337.22,157.92,230.54,705.75,0.89,-1,-1,-1
148,2,634.39,190.68,209.56,586.78,0.93,-1,-1,-1
148,8,840.33,251.80,148.27,347.94,0.92,-1,-1,-1
148,14,481.81,213.60,135.64,415.54,0.90,-1,-1,-1
148,31,1053.97,249.22,114.12,298.43,0.91,-1,-1,-1
148,18,649.71,226.53,124.39,328.53,0.75,-1,-1,-1
149,1,341.55,159.38,234.38,706.41,0.89,-1,-1,-1
149,2,638.07,192.51,221.34,582.53,0.93,-1,-1,-1
149,8,837.65,248.99,146.10,339.59,0.93,-1,-1,-1
149,14,482.74,213.26,136.24,406.38,0.92,-1,-1,-1
149,31,1065.23,242.61,116.24,307.13,0.89,-1,-1,-1
149,18,653.42,225.17,119.36,329.57,0.84,-1,-1,-1
