0,1,562.50,304.88,127.80,367.42,0.93,-1,-1,-1
0,2,665.55,297.00,131.40,379.80,0.92,-1,-1,-1
0,3,476.55,287.10,102.60,366.30,0.92,-1,-1,-1
0,4,446.40,317.25,99.90,288.90,0.90,-1,-1,-1
0,5,341.10,307.57,108.45,312.52,0.89,-1,-1,-1
0,6,877.05,357.52,166.95,355.27,0.89,-1,-1,-1
0,7,838.35,338.62,26.10,66.15,0.89,-1,-1,-1
0,8,817.65,345.15,23.40,62.55,0.83,-1,-1,-1
0,9,801.90,342.67,24.30,63.90,0.80,-1,-1,-1
1,1,562.50,304.87,127.80,367.43,0.93,-1,-1,-1
1,2,665.55,296.61,131.40,379.80,0.92,-1,-1,-1
1,3,476.55,287.10,102.60,366.30,0.92,-1,-1,-1
1,4,446.40,317.25,99.90,288.90,0.90,-1,-1,-1
1,5,341.10,307.77,108.45,313.11,0.90,-1,-1,-1
1,6,877.05,357.52,166.95,355.28,0.89,-1,-1,-1
1,7,838.35,338.62,26.10,66.15,0.89,-1,-1,-1
1,8,817.65,345.15,23.40,62.55,0.83,-1,-1,-1
1,9,801.90,342.67,24.30,63.90,0.80,-1,-1,-1
2,1,562.74,307.07,127.41,369.33,0.94,-1,-1,-1
2,2,666.34,299.93,131.02,371.37,0.92,-1,-1,-1
2,3,474.17,288.40,103.56,369.08,0.92,-1,-1,-1
2,4,445.20,317.91,101.37,291.54,0.90,-1,-1,-1
2,5,337.77,309.34,109.06,316.07,0.90,-1,-1,-1
2,6,879.31,358.53,175.04,362.94,0.89,-1,-1,-1
2,7,839.13,339.43,26.16,65.92,0.88,-1,-1,-1
2,8,818.39,345.62,23.46,63.02,0.82,-1,-1,-1
2,9,802.26,343.14,24.36,64.02,0.79,-1,-1,-1
2,10,558.45,334.12,44.10,118.35,0.74,-1,-1,-1
3,1,563.03,308.22,127.09,373.00,0.94,-1,-1,-1
3,2,668.76,301.47,127.92,361.34,0.92,-1,-1,-1
3,3,473.03,288.59,103.70,373.02,0.92,-1,-1,-1
3,4,443.94,320.26,100.49,291.39,0.90,-1,-1,-1
3,5,334.06,309.22,110.81,317.02,0.90,-1,-1,-1
3,6,881.57,358.28,166.30,362.63,0.89,-1,-1,-1
3,7,840.31,339.46,25.45,65.78,0.88,-1,-1,-1
3,8,818.55,345.36,23.44,63.44,0.84,-1,-1,-1
3,9,802.31,342.88,25.03,65.02,0.82,-1,-1,-1
3,10,558.07,334.29,43.45,122.47,0.78,-1,-1,-1
3,11,765.45,348.97,18.90,46.80,0.72,-1,-1,-1
4,1,562.49,309.75,127.55,374.10,0.94,-1,-1,-1
4,2,670.55,302.29,126.17,355.19,0.92,-1,-1,-1
4,3,471.78,288.48,103.61,376.85,0.92,-1,-1,-1
4,4,441.96,320.36,102.75,292.08,0.91,-1,-1,-1
4,5,331.69,308.14,111.60,320.71,0.91,-1,-1,-1
4,6,884.60,359.28,183.60,368.11,0.89,-1,-1,-1
4,7,840.99,339.23,25.20,66.07,0.88,-1,-1,-1
4,8,818.56,345.04,24.08,63.90,0.85,-1,-1,-1
4,9,802.31,342.89,25.22,65.01,0.81,-1,-1,-1
4,10,556.16,334.26,45.41,127.61,0.80,-1,-1,-1
4,11,765.34,348.92,18.92,46.87,0.73,-1,-1,-1
5,1,562.91,310.22,127.68,376.29,0.94,-1,-1,-1
5,2,671.03,301.84,123.00,358.12,0.92,-1,-1,-1
5,3,469.45,287.79,104.18,380.58,0.92,-1,-1,-1
5,4,440.65,319.53,104.74,294.69,0.90,-1,-1,-1
5,5,328.09,307.43,114.37,325.09,0.90,-1,-1,-1
5,6,886.72,359.32,195.19,371.77,0.87,-1,-1,-1
5,7,841.12,339.66,25.13,65.52,0.87,-1,-1,-1
5,8,818.82,344.64,23.65,64.68,0.85,-1,-1,-1
5,9,802.24,342.92,24.63,65.62,0.83,-1,-1,-1
5,10,554.97,334.03,44.64,132.91,0.82,-1,-1,-1
5,11,765.59,349.12,18.93,47.24,0.74,-1,-1,-1
6,1,564.35,309.77,131.59,378.81,0.94,-1,-1,-1
6,2,671.79,299.62,120.13,359.75,0.92,-1,-1,-1
6,3,467.77,287.30,105.70,384.23,0.92,-1,-1,-1
6,4,439.33,320.88,104.21,297.41,0.90,-1,-1,-1
6,5,325.39,306.98,115.04,328.38,0.90,-1,-1,-1
6,6,888.64,360.26,201.86,379.15,0.88,-1,-1,-1
6,7,841.45,339.81,25.12,65.64,0.88,-1,-1,-1
6,8,819.22,344.20,23.49,65.24,0.85,-1,-1,-1
6,9,801.91,342.95,25.05,65.81,0.85,-1,-1,-1
6,10,552.71,334.65,45.01,135.81,0.88,-1,-1,-1
6,11,765.75,348.95,18.92,47.33,0.73,-1,-1,-1
7,1,566.28,311.72,130.45,379.49,0.94,-1,-1,-1
7,2,670.86,298.78,119.19,360.97,0.93,-1,-1,-1
7,3,464.67,287.58,111.76,387.87,0.93,-1,-1,-1
7,4,437.46,321.32,104.70,300.07,0.90,-1,-1,-1
7,5,322.05,307.58,116.73,329.78,0.90,-1,-1,-1
7,6,890.26,360.23,202.54,384.59,0.87,-1,-1,-1
7,7,841.94,339.82,24.49,65.97,0.87,-1,-1,-1
7,8,819.45,343.54,24.05,66.01,0.86,-1,-1,-1
7,9,801.88,342.92,24.57,65.84,0.83,-1,-1,-1
7,10,551.89,334.98,45.74,137.68,0.90,-1,-1,-1
7,11,766.24,348.84,18.91,47.32,0.76,-1,-1,-1
8,1,567.15,312.42,129.39,379.75,0.93,-1,-1,-1
8,2,670.71,296.63,118.34,360.38,0.93,-1,-1,-1
8,3,462.22,287.08,114.56,392.25,0.93,-1,-1,-1
8,4,434.97,321.02,106.55,303.37,0.89,-1,-1,-1
8,5,319.66,307.67,116.71,328.58,0.90,-1,-1,-1
8,6,892.24,359.63,210.66,388.37,0.87,-1,-1,-1
8,7,842.66,339.85,23.65,66.11,0.87,-1,-1,-1
8,8,820.07,343.50,23.64,66.30,0.87,-1,-1,-1
8,9,801.81,343.09,24.39,66.16,0.84,-1,-1,-1
8,10,551.55,335.43,45.99,138.22,0.88,-1,-1,-1
8,11,766.65,348.99,18.25,47.32,0.75,-1,-1,-1
9,1,569.60,314.64,124.12,374.76,0.93,-1,-1,-1
9,2,669.71,295.56,117.54,357.81,0.93,-1,-1,-1
9,3,460.31,285.72,113.96,398.03,0.92,-1,-1,-1
9,4,431.68,319.55,108.45,305.29,0.91,-1,-1,-1
9,5,317.06,306.99,116.38,332.48,0.90,-1,-1,-1
9,6,894.74,360.91,190.58,392.06,0.87,-1,-1,-1
9,7,843.24,339.40,23.37,66.78,0.87,-1,-1,-1
9,8,820.32,343.20,23.49,66.69,0.87,-1,-1,-1
9,9,801.19,343.17,24.95,66.57,0.84,-1,-1,-1
9,10,551.49,336.53,44.82,137.36,0.89,-1,-1,-1
9,11,767.13,349.04,18.03,47.31,0.80,-1,-1,-1
10,1,570.43,313.97,122.07,370.58,0.94,-1,-1,-1
10,2,669.29,295.13,116.62,354.54,0.93,-1,-1,-1
10,3,459.03,284.94,113.24,402.37,0.92,-1,-1,-1
10,4,428.94,319.48,111.47,307.17,0.91,-1,-1,-1
10,5,312.97,307.05,118.56,337.96,0.90,-1,-1,-1
10,6,896.78,361.54,189.93,397.69,0.87,-1,-1,-1
10,7,843.69,339.07,23.27,67.33,0.87,-1,-1,-1
10,8,820.66,343.09,23.42,66.82,0.87,-1,-1,-1
10,9,800.62,343.63,25.74,66.42,0.83,-1,-1,-1
10,10,550.24,336.99,44.34,137.39,0.89,-1,-1,-1
10,11,767.55,349.03,17.95,47.31,0.81,-1,-1,-1
11,1,571.22,312.74,120.74,367.57,0.94,-1,-1,-1
11,2,668.99,294.96,116.36,351.36,0.93,-1,-1,-1
11,3,456.66,284.23,114.28,405.53,0.92,-1,-1,-1
11,4,426.80,318.08,113.75,311.37,0.91,-1,-1,-1
11,5,309.82,305.90,120.52,340.92,0.90,-1,-1,-1
11,6,899.62,361.49,195.99,399.23,0.87,-1,-1,-1
11,7,844.22,338.55,23.25,68.10,0.86,-1,-1,-1
11,8,820.86,343.12,24.00,67.11,0.86,-1,-1,-1
11,9,800.52,343.71,26.63,66.61,0.82,-1,-1,-1
11,10,548.83,336.80,44.78,139.05,0.90,-1,-1,-1
11,11,767.80,348.95,17.93,47.59,0.81,-1,-1,-1
12,1,571.90,311.94,119.05,366.68,0.93,-1,-1,-1
12,2,669.35,294.92,115.08,350.49,0.93,-1,-1,-1
12,3,453.80,283.17,115.79,410.25,0.92,-1,-1,-1
12,4,425.49,316.91,113.96,316.66,0.91,-1,-1,-1
12,5,306.33,305.85,122.71,343.78,0.91,-1,-1,-1
12,6,901.18,361.25,224.43,405.22,0.87,-1,-1,-1
12,7,844.64,338.72,23.25,68.12,0.86,-1,-1,-1
12,8,821.76,343.49,23.61,67.54,0.86,-1,-1,-1
12,9,800.41,343.79,26.96,66.71,0.84,-1,-1,-1
12,10,546.94,337.01,46.15,139.99,0.90,-1,-1,-1
12,11,768.09,348.96,17.31,47.41,0.78,-1,-1,-1
13,1,571.23,309.44,119.06,362.62,0.93,-1,-1,-1
13,2,669.50,295.17,114.02,346.52,0.93,-1,-1,-1
13,3,451.08,280.64,116.87,415.97,0.92,-1,-1,-1
13,4,423.68,316.55,112.74,318.95,0.90,-1,-1,-1
13,5,302.11,303.98,125.53,350.04,0.91,-1,-1,-1
13,6,903.70,360.48,240.31,409.07,0.87,-1,-1,-1
13,7,845.06,338.58,23.87,68.69,0.86,-1,-1,-1
13,8,822.07,343.43,24.06,67.97,0.87,-1,-1,-1
13,9,800.06,343.75,28.26,66.72,0.85,-1,-1,-1
13,10,545.42,335.95,46.64,141.89,0.89,-1,-1,-1
13,11,768.17,348.90,17.09,46.71,0.78,-1,-1,-1
14,1,571.55,307.94,118.53,355.91,0.93,-1,-1,-1
14,2,669.60,295.33,113.12,346.58,0.93,-1,-1,-1
14,3,448.69,279.41,118.02,419.47,0.93,-1,-1,-1
14,4,421.61,314.97,114.82,321.70,0.90,-1,-1,-1
14,5,297.30,303.15,127.49,352.71,0.92,-1,-1,-1
14,6,907.15,359.55,246.73,407.86,0.86,-1,-1,-1
14,7,845.35,338.78,24.71,68.94,0.86,-1,-1,-1
14,8,822.62,343.66,24.23,68.46,0.88,-1,-1,-1
14,9,800.06,343.83,29.33,66.76,0.85,-1,-1,-1
14,10,544.27,334.70,47.43,144.43,0.89,-1,-1,-1
14,11,768.29,348.97,17.02,47.10,0.82,-1,-1,-1
15,1,571.34,304.60,117.72,351.47,0.93,-1,-1,-1
15,2,670.19,296.12,111.57,349.11,0.93,-1,-1,-1
15,3,445.69,279.10,120.59,422.35,0.92,-1,-1,-1
15,4,419.17,315.23,114.92,321.91,0.90,-1,-1,-1
15,5,293.34,302.06,129.31,359.53,0.92,-1,-1,-1
15,6,910.89,359.27,221.40,408.13,0.85,-1,-1,-1
15,7,845.90,339.39,24.42,68.10,0.84,-1,-1,-1
15,8,823.29,343.69,24.28,68.60,0.88,-1,-1,-1
15,9,801.71,343.78,27.97,66.75,0.84,-1,-1,-1
15,10,541.79,333.73,49.49,146.60,0.90,-1,-1,-1
15,11,768.23,349.39,17.00,46.61,0.83,-1,-1,-1
16,1,571.07,301.29,117.59,350.60,0.93,-1,-1,-1
16,2,671.48,300.19,109.35,343.41,0.94,-1,-1,-1
16,3,444.27,276.82,123.00,429.21,0.92,-1,-1,-1
16,4,416.93,313.93,114.14,325.54,0.90,-1,-1,-1
16,5,290.08,300.58,129.79,362.11,0.92,-1,-1,-1
16,6,914.92,357.48,220.37,418.71,0.84,-1,-1,-1
16,7,846.92,339.74,24.94,67.48,0.83,-1,-1,-1
16,8,823.75,343.83,24.32,68.35,0.88,-1,-1,-1
16,9,802.60,343.76,27.43,67.05,0.84,-1,-1,-1
16,10,540.73,332.95,50.30,147.55,0.90,-1,-1,-1
16,11,768.70,349.54,17.02,46.44,0.83,-1,-1,-1
17,1,570.79,303.19,119.96,350.24,0.93,-1,-1,-1
17,2,669.61,302.88,110.40,342.59,0.93,-1,-1,-1
17,3,443.40,276.04,124.12,434.53,0.92,-1,-1,-1
17,4,413.35,313.51,114.35,328.52,0.90,-1,-1,-1
17,5,287.26,299.04,130.75,366.85,0.92,-1,-1,-1
17,6,919.06,357.60,210.30,419.68,0.85,-1,-1,-1
17,7,847.65,339.93,25.72,67.52,0.81,-1,-1,-1
17,8,825.48,343.79,23.13,69.13,0.87,-1,-1,-1
17,9,801.80,343.95,28.41,67.13,0.84,-1,-1,-1
17,10,539.04,331.97,51.76,149.13,0.91,-1,-1,-1
17,11,768.65,349.64,17.02,46.66,0.81,-1,-1,-1
18,1,570.78,304.35,120.26,350.73,0.93,-1,-1,-1
18,2,669.32,303.79,110.22,343.95,0.93,-1,-1,-1
18,3,441.65,275.03,127.63,440.43,0.92,-1,-1,-1
18,4,411.18,313.20,115.76,332.44,0.90,-1,-1,-1
18,5,283.37,298.64,133.45,371.99,0.92,-1,-1,-1
18,6,922.97,356.54,217.24,424.48,0.84,-1,-1,-1
18,7,848.26,339.93,28.97,68.41,0.82,-1,-1,-1
18,8,826.17,343.86,23.28,69.98,0.87,-1,-1,-1
18,9,800.98,344.11,29.36,67.43,0.84,-1,-1,-1
18,10,538.57,331.56,52.30,150.09,0.91,-1,-1,-1
18,11,769.00,349.76,17.03,47.04,0.82,-1,-1,-1
19,1,570.83,306.50,121.25,355.37,0.92,-1,-1,-1
19,2,669.63,305.14,110.45,347.71,0.92,-1,-1,-1
19,3,438.08,274.79,131.01,447.93,0.92,-1,-1,-1
19,4,409.51,313.68,118.30,336.37,0.90,-1,-1,-1
19,5,280.10,299.46,136.20,379.33,0.92,-1,-1,-1
19,6,927.63,358.11,244.98,430.62,0.83,-1,-1,-1
19,7,849.34,339.99,30.81,69.38,0.87,-1,-1,-1
19,8,827.55,343.97,23.39,70.32,0.87,-1,-1,-1
19,9,800.03,343.96,30.95,68.17,0.86,-1,-1,-1
19,10,538.20,331.50,52.60,151.49,0.91,-1,-1,-1
19,11,769.03,350.22,17.68,46.90,0.82,-1,-1,-1
20,1,571.31,309.06,123.26,359.14,0.93,-1,-1,-1
20,2,671.02,305.57,109.20,348.16,0.92,-1,-1,-1
20,3,436.68,274.40,131.91,451.58,0.91,-1,-1,-1
20,4,408.15,314.24,119.66,340.19,0.91,-1,-1,-1
20,5,277.60,299.72,137.00,382.73,0.92,-1,-1,-1
20,6,932.55,359.08,226.60,428.62,0.82,-1,-1,-1
20,7,850.16,339.49,30.93,70.26,0.88,-1,-1,-1
20,8,828.82,344.08,23.40,70.35,0.86,-1,-1,-1
20,9,799.86,343.96,31.51,68.36,0.87,-1,-1,-1
20,10,537.15,331.55,53.20,152.24,0.91,-1,-1,-1
20,11,769.28,350.74,17.90,46.80,0.83,-1,-1,-1
20,12,587.25,339.30,44.10,131.85,0.78,-1,-1,-1
21,1,571.35,311.47,128.32,362.07,0.92,-1,-1,-1
21,2,670.22,306.37,111.33,349.70,0.92,-1,-1,-1
21,3,443.65,274.72,123.84,459.75,0.90,-1,-1,-1
21,4,406.46,315.96,121.62,343.58,0.90,-1,-1,-1
21,5,274.57,300.32,137.11,382.81,0.91,-1,-1,-1
21,6,937.37,361.12,213.56,431.23,0.87,-1,-1,-1
21,7,851.03,340.09,30.40,70.31,0.86,-1,-1,-1
21,8,830.15,344.03,23.43,70.97,0.86,-1,-1,-1
21,9,800.06,344.02,31.74,68.75,0.86,-1,-1,-1
21,10,536.04,331.85,52.88,154.14,0.91,-1,-1,-1
21,11,769.61,351.15,18.60,46.78,0.82,-1,-1,-1
21,12,585.10,338.51,46.36,138.89,0.81,-1,-1,-1
22,1,571.63,313.83,126.56,363.64,0.92,-1,-1,-1
22,2,670.20,306.19,112.00,353.92,0.92,-1,-1,-1
22,3,444.88,274.91,122.61,462.44,0.90,-1,-1,-1
22,4,405.00,316.37,124.27,347.15,0.90,-1,-1,-1
22,5,271.63,300.57,138.71,389.24,0.91,-1,-1,-1
22,6,941.99,362.28,210.86,429.91,0.86,-1,-1,-1
22,7,851.29,339.78,30.72,71.22,0.88,-1,-1,-1
22,8,831.17,343.92,23.42,71.78,0.87,-1,-1,-1
22,9,800.39,343.95,31.19,68.89,0.87,-1,-1,-1
22,10,535.35,331.93,52.67,155.86,0.92,-1,-1,-1
22,11,769.69,351.19,18.84,47.07,0.83,-1,-1,-1
22,12,583.55,338.67,47.47,142.35,0.81,-1,-1,-1
23,1,571.06,314.79,129.90,366.63,0.92,-1,-1,-1
23,2,670.72,303.24,112.16,359.71,0.92,-1,-1,-1
23,3,445.02,274.47,122.60,467.13,0.90,-1,-1,-1
23,4,403.27,316.57,124.23,349.60,0.91,-1,-1,-1
23,5,267.92,300.08,140.32,395.12,0.91,-1,-1,-1
23,6,945.86,362.48,213.34,431.85,0.85,-1,-1,-1
23,7,852.15,339.85,30.22,71.26,0.86,-1,-1,-1
23,8,831.72,343.46,24.60,71.78,0.86,-1,-1,-1
23,9,800.13,343.93,31.52,68.94,0.86,-1,-1,-1
23,10,534.47,331.74,53.10,157.65,0.91,-1,-1,-1
23,11,769.91,351.05,18.92,47.19,0.82,-1,-1,-1
23,12,581.80,338.65,48.47,146.02,0.82,-1,-1,-1
24,1,571.14,315.73,131.70,368.98,0.92,-1,-1,-1
24,2,670.63,302.12,114.02,367.27,0.92,-1,-1,-1
24,3,444.49,274.03,121.96,470.26,0.90,-1,-1,-1
24,4,402.39,316.49,124.14,351.78,0.91,-1,-1,-1
24,5,264.24,299.30,142.04,400.80,0.91,-1,-1,-1
24,6,950.20,362.42,215.41,437.74,0.88,-1,-1,-1
24,7,853.08,340.35,30.00,71.27,0.82,-1,-1,-1
24,8,832.52,343.31,25.03,71.77,0.87,-1,-1,-1
24,9,801.84,343.95,29.86,68.66,0.83,-1,-1,-1
24,10,533.28,331.83,53.25,159.92,0.91,-1,-1,-1
24,11,770.90,350.71,17.75,47.54,0.79,-1,-1,-1
24,12,580.68,338.47,49.43,146.27,0.84,-1,-1,-1
25,1,571.57,316.68,131.17,370.94,0.92,-1,-1,-1
25,2,671.26,301.71,115.91,367.04,0.92,-1,-1,-1
25,3,441.76,273.05,124.71,473.18,0.90,-1,-1,-1
25,4,401.09,315.16,125.24,355.81,0.91,-1,-1,-1
25,5,261.08,299.51,143.52,404.92,0.90,-1,-1,-1
25,6,955.29,362.67,217.32,437.94,0.89,-1,-1,-1
25,7,854.63,340.39,28.71,71.54,0.84,-1,-1,-1
25,8,832.84,343.26,26.37,71.13,0.86,-1,-1,-1
25,9,804.07,343.81,27.97,67.63,0.82,-1,-1,-1
25,10,532.40,332.05,52.68,162.31,0.90,-1,-1,-1
25,11,771.63,350.89,17.29,47.65,0.79,-1,-1,-1
25,12,579.84,338.75,49.71,148.11,0.85,-1,-1,-1
26,1,571.64,317.36,128.64,369.93,0.92,-1,-1,-1
26,2,672.04,298.45,116.72,372.49,0.93,-1,-1,-1
26,3,440.20,272.17,125.98,475.41,0.90,-1,-1,-1
26,4,399.50,315.04,124.38,359.08,0.90,-1,-1,-1
26,5,257.76,299.56,144.73,408.92,0.90,-1,-1,-1
26,6,960.67,362.61,220.52,447.66,0.89,-1,-1,-1
26,7,855.48,339.81,28.22,72.53,0.84,-1,-1,-1
26,8,832.93,343.26,27.48,72.09,0.87,-1,-1,-1
26,9,803.95,343.93,28.52,67.54,0.82,-1,-1,-1
26,10,530.22,332.35,53.69,165.41,0.90,-1,-1,-1
26,11,771.86,350.98,17.14,48.00,0.80,-1,-1,-1
26,12,578.30,338.89,51.06,151.20,0.87,-1,-1,-1
27,1,571.94,317.33,128.20,365.91,0.92,-1,-1,-1
27,2,672.61,301.59,116.98,371.37,0.93,-1,-1,-1
27,3,438.90,271.14,125.63,479.20,0.90,-1,-1,-1
27,4,396.58,315.02,123.36,362.58,0.89,-1,-1,-1
27,5,252.04,299.02,147.75,415.02,0.89,-1,-1,-1
27,6,965.50,363.26,224.00,463.07,0.90,-1,-1,-1
27,7,857.55,339.07,26.81,72.90,0.83,-1,-1,-1
27,8,833.79,343.49,27.89,72.44,0.87,-1,-1,-1
27,9,805.68,343.89,27.50,67.81,0.84,-1,-1,-1
27,10,529.13,332.95,53.44,166.09,0.89,-1,-1,-1
27,11,772.21,351.07,17.08,48.13,0.80,-1,-1,-1
27,12,576.86,338.82,52.11,155.16,0.86,-1,-1,-1
27,13,833.85,378.00,15.30,37.35,0.73,-1,-1,-1
28,1,572.43,317.17,133.93,361.50,0.92,-1,-1,-1
28,2,673.37,300.74,118.18,374.13,0.93,-1,-1,-1
28,3,438.69,269.85,127.80,481.05,0.90,-1,-1,-1
28,4,396.14,314.64,124.95,366.29,0.89,-1,-1,-1
28,5,250.47,298.77,147.85,420.79,0.90,-1,-1,-1
28,6,970.06,362.95,228.63,481.43,0.90,-1,-1,-1
28,7,859.86,338.60,26.27,72.63,0.83,-1,-1,-1
28,8,834.46,343.83,29.19,72.46,0.90,-1,-1,-1
28,9,807.34,343.69,27.09,68.72,0.85,-1,-1,-1
28,10,528.61,333.20,53.89,167.09,0.89,-1,-1,-1
28,11,772.77,350.76,17.05,48.41,0.79,-1,-1,-1
28,12,575.86,338.79,54.25,163.16,0.87,-1,-1,-1
29,1,572.55,316.74,134.28,358.48,0.92,-1,-1,-1
29,2,674.59,302.19,118.61,375.54,0.93,-1,-1,-1
29,3,438.31,267.77,129.88,486.28,0.90,-1,-1,-1
29,4,394.01,313.21,126.71,372.15,0.89,-1,-1,-1
29,5,243.82,297.94,151.68,426.85,0.90,-1,-1,-1
29,6,975.22,363.42,232.76,486.72,0.90,-1,-1,-1
29,7,861.19,338.66,25.47,73.50,0.83,-1,-1,-1
29,8,835.47,344.20,30.84,72.84,0.91,-1,-1,-1
29,9,808.11,343.69,27.57,69.14,0.86,-1,-1,-1
29,10,527.45,333.26,54.64,168.78,0.89,-1,-1,-1
29,11,773.41,350.86,17.65,48.27,0.81,-1,-1,-1
29,12,574.57,338.77,53.82,161.51,0.86,-1,-1,-1
30,1,572.62,315.39,137.40,357.93,0.93,-1,-1,-1
30,2,675.66,303.81,119.41,377.03,0.93,-1,-1,-1
30,3,436.91,266.33,132.94,491.19,0.90,-1,-1,-1
30,4,392.28,312.44,128.14,376.01,0.89,-1,-1,-1
30,5,239.99,297.41,152.84,429.56,0.90,-1,-1,-1
30,6,980.61,363.87,237.87,488.46,0.91,-1,-1,-1
30,7,861.35,338.69,25.81,73.81,0.82,-1,-1,-1
30,8,835.59,344.48,34.35,72.96,0.91,-1,-1,-1
30,9,809.00,343.99,27.75,69.29,0.86,-1,-1,-1
30,10,526.20,333.03,54.93,170.53,0.89,-1,-1,-1
30,11,773.66,350.91,17.88,48.21,0.80,-1,-1,-1
30,12,574.19,338.49,53.02,166.37,0.86,-1,-1,-1
31,1,572.38,314.17,137.35,349.11,0.94,-1,-1,-1
31,2,675.89,303.45,120.84,380.29,0.93,-1,-1,-1
31,3,435.89,264.42,132.35,494.02,0.90,-1,-1,-1
31,4,389.48,311.68,129.50,380.70,0.90,-1,-1,-1
31,5,235.75,296.81,153.17,434.27,0.91,-1,-1,-1
31,6,986.73,364.00,242.12,494.00,0.91,-1,-1,-1
31,7,862.57,339.64,25.32,73.09,0.82,-1,-1,-1
31,8,836.43,344.77,36.28,73.08,0.91,-1,-1,-1
31,9,809.86,343.98,27.82,69.71,0.87,-1,-1,-1
31,10,524.87,332.54,55.60,172.20,0.89,-1,-1,-1
31,11,773.95,351.09,17.96,47.93,0.78,-1,-1,-1
31,12,573.25,337.85,53.26,167.53,0.87,-1,-1,-1
32,1,572.76,312.16,135.41,341.53,0.94,-1,-1,-1
32,2,676.42,308.07,121.29,377.26,0.93,-1,-1,-1
32,3,432.93,262.08,132.41,500.07,0.90,-1,-1,-1
32,4,386.62,310.46,129.00,385.30,0.89,-1,-1,-1
32,5,228.72,294.91,156.40,440.71,0.89,-1,-1,-1
32,6,992.86,363.35,247.06,500.75,0.89,-1,-1,-1
32,7,863.74,339.72,24.52,72.80,0.69,-1,-1,-1
32,8,837.42,344.60,36.45,73.71,0.89,-1,-1,-1
32,9,810.29,343.84,27.23,69.86,0.87,-1,-1,-1
32,10,523.41,331.27,56.99,174.08,0.88,-1,-1,-1
32,11,773.59,351.01,18.58,47.82,0.77,-1,-1,-1
32,12,573.14,336.97,52.08,165.75,0.85,-1,-1,-1
33,1,572.74,310.35,133.53,337.44,0.94,-1,-1,-1
33,2,677.64,309.94,120.92,377.09,0.93,-1,-1,-1
33,3,431.08,259.60,134.30,503.84,0.90,-1,-1,-1
33,4,384.84,309.43,130.94,389.87,0.89,-1,-1,-1
33,5,217.57,293.24,164.45,452.59,0.87,-1,-1,-1
33,6,998.17,363.02,252.51,507.85,0.90,-1,-1,-1
33,7,865.51,340.59,23.64,72.98,0.76,-1,-1,-1
33,8,838.26,344.48,36.49,74.24,0.89,-1,-1,-1
33,9,810.59,343.74,27.03,69.90,0.88,-1,-1,-1
33,10,521.55,330.21,58.72,175.62,0.88,-1,-1,-1
33,11,773.90,351.09,18.82,47.77,0.78,-1,-1,-1
33,12,572.40,335.89,51.65,165.98,0.86,-1,-1,-1
34,1,572.91,308.94,131.63,339.60,0.95,-1,-1,-1
34,2,678.37,311.71,121.39,377.55,0.93,-1,-1,-1
34,3,428.53,255.64,132.43,512.28,0.90,-1,-1,-1
34,4,381.69,309.60,132.71,393.70,0.89,-1,-1,-1
34,5,204.88,290.45,172.17,464.86,0.88,-1,-1,-1
34,6,1004.49,360.72,259.33,516.29,0.89,-1,-1,-1
34,7,867.18,340.45,24.58,73.10,0.80,-1,-1,-1
34,8,839.01,344.26,36.50,74.82,0.90,-1,-1,-1
34,9,810.78,343.67,26.96,69.69,0.87,-1,-1,-1
34,10,519.51,329.08,60.56,178.27,0.89,-1,-1,-1
34,11,774.08,350.93,18.91,47.81,0.74,-1,-1,-1
34,12,570.83,334.94,52.09,166.76,0.87,-1,-1,-1
35,1,572.90,308.18,130.20,339.52,0.94,-1,-1,-1
35,2,679.19,313.06,121.51,376.45,0.93,-1,-1,-1
35,3,425.96,253.61,134.26,514.11,0.90,-1,-1,-1
35,4,379.10,307.81,131.65,397.45,0.88,-1,-1,-1
35,5,201.07,287.94,172.08,466.92,0.89,-1,-1,-1
35,6,1010.30,358.67,265.04,526.16,0.90,-1,-1,-1
35,7,867.56,340.29,26.11,73.53,0.82,-1,-1,-1
35,8,840.31,343.77,35.25,75.10,0.90,-1,-1,-1
35,9,811.08,343.27,26.93,69.70,0.88,-1,-1,-1
35,10,518.31,327.66,61.21,179.46,0.89,-1,-1,-1
35,11,774.78,350.64,18.93,47.99,0.73,-1,-1,-1
35,12,569.05,333.22,54.02,167.52,0.87,-1,-1,-1
36,1,572.90,307.75,127.96,342.66,0.94,-1,-1,-1
36,2,679.81,314.69,121.64,371.42,0.93,-1,-1,-1
36,3,422.34,252.92,136.83,516.94,0.89,-1,-1,-1
36,4,375.62,306.74,133.55,401.74,0.88,-1,-1,-1
36,5,194.90,285.90,172.63,478.31,0.90,-1,-1,-1
36,6,1016.58,357.36,270.80,529.18,0.88,-1,-1,-1
36,7,867.17,340.61,29.06,74.30,0.83,-1,-1,-1
36,8,841.76,343.23,33.56,75.50,0.89,-1,-1,-1
36,9,811.54,343.36,26.94,69.71,0.88,-1,-1,-1
36,10,517.61,326.69,61.48,181.06,0.90,-1,-1,-1
36,11,775.11,350.79,18.95,47.76,0.74,-1,-1,-1
36,12,568.14,331.83,55.37,170.46,0.87,-1,-1,-1
37,1,572.64,307.51,125.95,345.73,0.93,-1,-1,-1
37,2,680.65,315.43,120.53,368.64,0.93,-1,-1,-1
37,3,416.98,250.30,142.58,521.08,0.89,-1,-1,-1
37,4,372.73,305.56,131.62,406.07,0.87,-1,-1,-1
37,5,189.80,282.65,171.91,485.80,0.90,-1,-1,-1
37,6,1023.46,355.34,286.97,549.67,0.85,-1,-1,-1
37,7,867.86,341.01,30.19,73.96,0.82,-1,-1,-1
37,8,842.86,343.01,33.51,75.61,0.90,-1,-1,-1
37,9,811.40,343.25,27.55,69.69,0.88,-1,-1,-1
37,10,516.59,325.66,61.58,182.58,0.90,-1,-1,-1
37,11,775.23,351.00,18.95,47.36,0.71,-1,-1,-1
37,12,565.55,330.49,56.48,173.23,0.88,-1,-1,-1
38,1,571.27,307.63,130.68,349.25,0.94,-1,-1,-1
38,2,682.11,316.77,118.89,365.45,0.93,-1,-1,-1
38,3,412.59,247.60,147.06,527.97,0.90,-1,-1,-1
38,4,368.33,307.82,134.12,409.44,0.87,-1,-1,-1
38,5,176.40,281.47,179.22,495.03,0.89,-1,-1,-1
38,6,1030.65,355.70,289.63,562.79,0.87,-1,-1,-1
38,7,868.70,341.08,30.63,73.55,0.78,-1,-1,-1
38,8,845.36,343.15,31.09,75.36,0.90,-1,-1,-1
38,9,811.94,343.12,27.78,69.09,0.86,-1,-1,-1
38,10,514.71,325.03,61.58,184.92,0.91,-1,-1,-1
38,11,775.56,351.30,18.36,47.53,0.66,-1,-1,-1
38,12,564.25,329.89,56.88,174.71,0.88,-1,-1,-1
39,1,569.94,310.13,132.42,352.85,0.94,-1,-1,-1
39,2,683.13,317.61,117.05,363.55,0.93,-1,-1,-1
39,3,408.76,246.39,150.47,536.00,0.90,-1,-1,-1
39,4,362.42,307.49,138.00,415.25,0.86,-1,-1,-1
39,5,167.76,280.75,180.99,504.75,0.89,-1,-1,-1
39,6,1039.08,355.12,292.89,576.46,0.84,-1,-1,-1
39,7,868.77,341.00,31.37,75.28,0.81,-1,-1,-1
39,8,847.87,342.65,30.76,77.15,0.86,-1,-1,-1
39,9,812.14,343.70,27.88,68.36,0.85,-1,-1,-1
39,10,512.22,324.56,62.15,187.17,0.91,-1,-1,-1
39,11,775.35,351.73,18.13,47.65,0.66,-1,-1,-1
39,12,561.45,329.46,57.60,176.61,0.90,-1,-1,-1
40,1,567.90,314.60,134.67,355.12,0.95,-1,-1,-1
40,2,683.26,318.35,116.73,358.94,0.93,-1,-1,-1
40,3,404.73,246.11,153.46,546.08,0.90,-1,-1,-1
40,4,358.04,308.79,138.86,421.12,0.85,-1,-1,-1
40,5,161.90,280.87,179.95,515.91,0.90,-1,-1,-1
40,6,1046.78,354.89,285.37,592.47,0.84,-1,-1,-1
40,7,870.25,341.62,30.58,74.80,0.84,-1,-1,-1
40,8,850.53,342.85,31.33,77.58,0.86,-1,-1,-1
40,9,813.94,343.72,26.80,66.63,0.87,-1,-1,-1
40,10,510.03,325.13,63.14,189.17,0.91,-1,-1,-1
40,11,775.77,352.02,18.09,48.04,0.73,-1,-1,-1
40,12,560.38,329.88,58.04,178.32,0.90,-1,-1,-1
41,1,567.71,317.61,133.39,357.24,0.94,-1,-1,-1
41,2,682.46,318.72,116.93,350.04,0.93,-1,-1,-1
41,3,402.08,246.09,154.70,551.13,0.89,-1,-1,-1
41,4,354.45,308.16,140.56,422.86,0.86,-1,-1,-1
41,5,153.27,282.02,184.22,526.66,0.89,-1,-1,-1
41,6,1054.32,359.67,280.27,586.67,0.81,-1,-1,-1
41,7,872.35,341.56,28.96,75.09,0.80,-1,-1,-1
41,8,851.28,342.78,33.88,77.60,0.86,-1,-1,-1
41,9,814.78,343.72,26.31,65.89,0.88,-1,-1,-1
41,10,508.44,325.60,63.34,190.02,0.91,-1,-1,-1
41,11,776.15,352.39,18.04,48.12,0.72,-1,-1,-1
41,12,558.84,329.84,59.22,180.70,0.91,-1,-1,-1
42,1,567.29,319.80,132.31,356.43,0.93,-1,-1,-1
42,2,682.73,318.71,115.83,344.56,0.93,-1,-1,-1
42,3,398.36,245.97,156.30,559.68,0.90,-1,-1,-1
42,4,350.94,305.26,143.26,428.79,0.88,-1,-1,-1
42,5,144.61,280.71,187.27,545.08,0.88,-1,-1,-1
42,6,1061.88,360.20,273.50,595.69,0.82,-1,-1,-1
42,7,873.80,341.47,28.33,75.84,0.74,-1,-1,-1
42,8,853.07,342.85,35.41,78.84,0.88,-1,-1,-1
42,9,815.43,343.80,26.14,65.36,0.89,-1,-1,-1
42,10,505.41,326.12,64.58,190.82,0.91,-1,-1,-1
42,11,776.62,352.31,17.42,47.57,0.70,-1,-1,-1
42,12,556.75,330.04,60.25,182.23,0.91,-1,-1,-1
43,1,569.75,322.28,129.87,354.47,0.94,-1,-1,-1
43,2,683.16,318.26,114.03,344.07,0.94,-1,-1,-1
43,3,394.94,245.34,159.37,565.00,0.89,-1,-1,-1
43,4,347.82,307.90,145.20,427.40,0.88,-1,-1,-1
43,5,137.20,280.25,189.59,553.13,0.89,-1,-1,-1
43,6,1070.04,362.49,267.99,595.32,0.83,-1,-1,-1
43,7,873.79,340.88,29.26,77.21,0.80,-1,-1,-1
43,8,853.84,343.50,37.12,78.00,0.86,-1,-1,-1
43,9,816.13,343.87,25.44,65.10,0.89,-1,-1,-1
43,10,503.11,326.50,65.52,191.12,0.91,-1,-1,-1
43,11,777.01,352.29,17.16,46.70,0.69,-1,-1,-1
43,12,555.33,330.44,61.70,184.14,0.91,-1,-1,-1
44,1,571.71,323.90,127.28,352.89,0.94,-1,-1,-1
44,2,681.11,318.21,114.70,346.16,0.93,-1,-1,-1
44,3,390.12,243.73,163.29,579.26,0.89,-1,-1,-1
44,4,344.25,310.83,148.12,427.74,0.88,-1,-1,-1
44,5,129.90,281.53,190.97,554.62,0.89,-1,-1,-1
44,6,1077.98,360.89,260.11,614.74,0.82,-1,-1,-1
44,7,874.50,341.11,30.22,77.50,0.79,-1,-1,-1
44,8,855.08,344.52,38.97,77.74,0.88,-1,-1,-1
44,9,816.74,344.05,25.21,65.39,0.89,-1,-1,-1
44,10,500.55,327.39,66.52,191.37,0.91,-1,-1,-1
44,11,777.79,352.29,17.09,46.13,0.67,-1,-1,-1
44,12,553.45,331.06,62.29,185.29,0.91,-1,-1,-1
45,1,571.73,324.49,125.69,347.78,0.94,-1,-1,-1
45,2,678.94,318.46,115.55,348.54,0.93,-1,-1,-1
45,3,385.04,242.69,167.50,589.89,0.88,-1,-1,-1
45,4,341.03,311.88,152.68,431.08,0.87,-1,-1,-1
45,5,115.60,281.47,199.40,572.76,0.87,-1,-1,-1
45,6,1084.07,360.46,259.48,636.87,0.81,-1,-1,-1
45,7,877.64,342.18,28.81,75.14,0.76,-1,-1,-1
45,8,856.08,344.40,40.24,77.86,0.89,-1,-1,-1
45,9,816.95,344.07,25.13,66.06,0.88,-1,-1,-1
45,10,499.31,328.22,65.68,191.69,0.90,-1,-1,-1
45,11,778.40,352.09,17.06,45.58,0.60,-1,-1,-1
45,12,551.54,331.47,63.07,187.13,0.90,-1,-1,-1
46,1,573.07,324.79,122.56,341.40,0.93,-1,-1,-1
46,2,676.98,318.68,116.35,350.46,0.93,-1,-1,-1
46,3,381.00,240.87,168.98,591.96,0.88,-1,-1,-1
46,4,336.71,313.27,151.86,432.50,0.85,-1,-1,-1
46,5,108.91,280.11,200.93,576.05,0.86,-1,-1,-1
46,6,1090.03,360.73,267.46,634.12,0.75,-1,-1,-1
46,7,880.54,345.16,27.59,72.05,0.80,-1,-1,-1
46,8,857.21,345.39,40.09,77.55,0.89,-1,-1,-1
46,9,816.64,344.08,25.69,66.57,0.87,-1,-1,-1
46,10,497.02,328.65,65.84,192.51,0.89,-1,-1,-1
46,11,778.89,352.00,16.43,45.05,0.62,-1,-1,-1
46,12,547.77,331.61,64.44,189.84,0.91,-1,-1,-1
47,1,573.02,324.92,122.71,334.31,0.93,-1,-1,-1
47,2,676.36,319.10,116.12,353.11,0.93,-1,-1,-1
47,3,377.39,239.56,171.76,601.63,0.88,-1,-1,-1
47,4,332.39,313.73,156.12,435.84,0.86,-1,-1,-1
47,5,97.82,279.42,207.05,582.07,0.86,-1,-1,-1
47,6,1098.19,355.40,271.69,649.99,0.75,-1,-1,-1
47,7,882.33,346.16,27.77,71.85,0.81,-1,-1,-1
47,8,858.06,345.52,40.60,78.33,0.90,-1,-1,-1
47,9,816.96,344.28,25.91,66.79,0.88,-1,-1,-1
47,10,494.51,329.48,66.51,192.81,0.90,-1,-1,-1
47,11,779.50,352.18,16.21,45.18,0.63,-1,-1,-1
47,12,544.42,332.18,66.15,191.88,0.91,-1,-1,-1
48,1,572.30,324.56,122.17,326.34,0.94,-1,-1,-1
48,2,676.96,320.08,114.21,355.38,0.93,-1,-1,-1
48,3,371.48,237.24,176.94,615.16,0.87,-1,-1,-1
48,4,327.08,310.67,160.14,449.96,0.85,-1,-1,-1
48,5,79.42,277.29,219.58,605.31,0.85,-1,-1,-1
48,6,1106.93,355.87,270.85,653.33,0.74,-1,-1,-1
48,7,882.87,345.56,30.24,72.69,0.83,-1,-1,-1
48,8,858.56,347.01,41.35,78.33,0.88,-1,-1,-1
48,9,816.70,344.32,26.60,66.88,0.87,-1,-1,-1
48,10,491.16,329.72,67.33,194.40,0.90,-1,-1,-1
48,11,779.02,352.21,16.74,45.24,0.61,-1,-1,-1
48,12,543.10,331.89,66.17,196.60,0.91,-1,-1,-1
49,1,573.39,324.10,123.32,324.46,0.94,-1,-1,-1
49,2,676.56,320.44,113.60,358.43,0.93,-1,-1,-1
49,3,365.30,234.69,180.04,632.38,0.87,-1,-1,-1
49,4,320.64,304.80,166.17,477.44,0.85,-1,-1,-1
49,5,68.14,276.15,226.23,618.97,0.86,-1,-1,-1
49,6,1115.15,353.93,271.94,651.85,0.75,-1,-1,-1
49,7,883.54,345.37,31.17,73.39,0.84,-1,-1,-1
49,8,859.17,347.48,41.08,78.11,0.89,-1,-1,-1
49,9,816.99,344.68,26.29,66.69,0.88,-1,-1,-1
49,10,487.05,329.67,68.86,195.91,0.89,-1,-1,-1
49,11,778.60,352.42,18.15,45.62,0.64,-1,-1,-1
49,12,541.60,331.66,66.21,199.28,0.91,-1,-1,-1
50,1,573.96,322.85,122.95,326.69,0.93,-1,-1,-1
50,2,675.90,321.80,112.55,360.37,0.93,-1,-1,-1
50,3,357.25,229.96,183.07,651.89,0.86,-1,-1,-1
50,4,314.72,303.76,170.56,487.77,0.81,-1,-1,-1
50,5,15.87,272.05,272.67,642.62,0.85,-1,-1,-1
50,6,1123.94,354.73,268.22,647.79,0.73,-1,-1,-1
50,7,883.02,345.85,36.17,73.90,0.87,-1,-1,-1
50,8,858.37,347.44,42.05,78.56,0.89,-1,-1,-1
50,9,817.04,344.75,25.51,67.18,0.88,-1,-1,-1
50,10,483.14,328.87,69.88,197.48,0.90,-1,-1,-1
50,11,777.83,352.11,19.81,46.64,0.72,-1,-1,-1
50,12,538.92,331.11,67.83,201.55,0.91,-1,-1,-1
51,1,573.47,321.59,124.15,330.16,0.94,-1,-1,-1
51,2,675.33,322.10,111.68,362.77,0.92,-1,-1,-1
51,3,349.23,223.61,184.76,670.55,0.85,-1,-1,-1
51,4,307.66,284.98,181.08,526.70,0.76,-1,-1,-1
51,5,-6.51,268.79,286.52,655.95,0.85,-1,-1,-1
51,6,1133.14,356.31,264.62,646.82,0.67,-1,-1,-1
51,7,882.33,345.65,38.90,74.44,0.83,-1,-1,-1
51,8,858.67,348.10,41.85,78.47,0.89,-1,-1,-1
51,9,817.08,345.02,25.86,67.39,0.87,-1,-1,-1
51,10,479.22,327.37,70.90,200.36,0.89,-1,-1,-1
51,11,777.53,351.80,20.47,47.94,0.71,-1,-1,-1
51,12,535.20,330.16,70.24,204.20,0.91,-1,-1,-1
52,1,573.38,320.77,124.57,332.89,0.94,-1,-1,-1
52,2,674.79,323.91,110.77,363.16,0.92,-1,-1,-1
52,3,343.30,219.19,186.63,681.02,0.84,-1,-1,-1
52,4,300.92,267.77,192.48,565.17,0.78,-1,-1,-1
52,5,-2.62,263.55,275.00,671.59,0.87,-1,-1,-1
52,6,1140.79,358.14,263.16,638.42,0.60,-1,-1,-1
52,7,882.58,346.74,39.13,74.23,0.84,-1,-1,-1
52,8,859.40,348.62,40.53,77.71,0.88,-1,-1,-1
52,9,817.19,344.97,27.77,69.47,0.88,-1,-1,-1
52,10,475.70,324.12,71.83,204.38,0.90,-1,-1,-1
52,11,777.00,351.39,22.45,48.95,0.74,-1,-1,-1
52,12,531.97,328.59,71.12,206.32,0.91,-1,-1,-1
52,14,752.85,351.90,18.00,51.75,0.71,-1,-1,-1
53,1,572.37,320.47,121.77,335.30,0.94,-1,-1,-1
53,2,674.59,324.73,109.86,363.88,0.92,-1,-1,-1
53,3,334.74,213.14,194.47,702.20,0.86,-1,-1,-1
53,4,292.23,272.20,194.92,564.02,0.79,-1,-1,-1
53,5,-8.96,257.88,273.73,684.05,0.84,-1,-1,-1
53,6,1151.90,357.11,263.89,631.08,0.49,-1,-1,-1
53,7,882.41,347.17,39.19,73.89,0.83,-1,-1,-1
53,8,859.99,348.84,40.01,77.75,0.88,-1,-1,-1
53,9,816.96,344.98,28.48,70.56,0.89,-1,-1,-1
53,10,472.88,322.75,71.59,207.56,0.90,-1,-1,-1
53,11,776.53,351.26,23.78,50.83,0.75,-1,-1,-1
53,12,528.97,326.67,70.85,209.04,0.92,-1,-1,-1
53,14,753.03,352.13,17.29,51.43,0.75,-1,-1,-1
54,1,569.79,320.31,122.57,339.32,0.94,-1,-1,-1
54,2,673.74,324.89,108.33,360.26,0.92,-1,-1,-1
54,3,323.93,210.06,200.10,717.19,0.86,-1,-1,-1
54,4,284.49,263.29,203.57,588.07,0.76,-1,-1,-1
54,5,-25.30,252.58,279.33,703.68,0.84,-1,-1,-1
54,6,1164.52,356.49,259.47,642.09,0.36,-1,-1,-1
54,7,881.60,343.62,39.78,78.11,0.83,-1,-1,-1
54,8,860.31,347.60,39.83,79.13,0.86,-1,-1,-1
54,9,816.90,345.13,27.59,71.13,0.89,-1,-1,-1
54,10,466.86,321.11,73.25,213.72,0.90,-1,-1,-1
54,11,775.12,351.21,24.89,50.77,0.78,-1,-1,-1
54,12,525.03,324.57,71.89,212.66,0.91,-1,-1,-1
54,14,752.46,352.25,17.86,50.74,0.77,-1,-1,-1
55,1,567.41,321.22,124.73,342.49,0.94,-1,-1,-1
55,2,672.87,323.60,107.24,359.15,0.93,-1,-1,-1
55,3,312.88,207.23,207.10,731.21,0.84,-1,-1,-1
55,4,277.29,259.35,205.88,596.17,0.73,-1,-1,-1
55,5,-34.97,253.27,280.26,718.04,0.84,-1,-1,-1
55,6,1177.23,370.90,265.16,601.33,0.10,-1,-1,-1
55,7,881.52,342.57,40.87,80.23,0.82,-1,-1,-1
55,8,860.38,346.36,38.56,80.80,0.86,-1,-1,-1
55,9,816.87,345.18,27.24,71.00,0.89,-1,-1,-1
55,10,461.52,319.71,75.65,220.04,0.90,-1,-1,-1
55,11,775.14,351.05,25.32,51.00,0.79,-1,-1,-1
55,12,521.93,322.68,72.88,215.63,0.92,-1,-1,-1
55,14,752.45,352.05,17.35,49.74,0.76,-1,-1,-1
56,1,564.53,323.64,129.36,345.75,0.94,-1,-1,-1
56,2,672.47,325.45,105.88,353.61,0.93,-1,-1,-1
56,3,299.97,206.80,214.72,737.18,0.83,-1,-1,-1
56,4,270.93,257.27,203.28,603.59,0.75,-1,-1,-1
56,5,-50.53,248.73,285.64,735.57,0.81,-1,-1,-1
56,7,882.73,345.15,40.18,78.16,0.78,-1,-1,-1
56,8,861.97,345.35,36.31,82.67,0.89,-1,-1,-1
56,9,816.89,345.57,27.15,70.99,0.89,-1,-1,-1
56,10,456.03,318.65,78.46,227.57,0.89,-1,-1,-1
56,11,775.15,351.83,24.94,49.62,0.77,-1,-1,-1
56,12,517.93,321.55,75.73,219.07,0.90,-1,-1,-1
56,14,752.52,352.14,17.87,50.16,0.76,-1,-1,-1
57,1,563.07,325.96,133.95,347.68,0.93,-1,-1,-1
57,2,671.78,325.72,105.93,352.23,0.93,-1,-1,-1
57,3,283.22,201.87,228.42,752.94,0.84,-1,-1,-1
57,4,263.41,249.64,211.58,629.68,0.50,-1,-1,-1
57,5,-59.59,247.30,285.76,748.32,0.82,-1,-1,-1
57,7,884.74,346.76,37.74,76.59,0.80,-1,-1,-1
57,8,862.94,345.24,34.81,82.96,0.88,-1,-1,-1
57,9,817.05,345.85,27.10,70.57,0.90,-1,-1,-1
57,10,452.48,318.79,79.60,234.46,0.89,-1,-1,-1
57,11,775.10,352.12,24.73,48.70,0.79,-1,-1,-1
57,12,515.86,319.90,76.15,222.65,0.91,-1,-1,-1
57,14,752.75,352.20,17.37,50.26,0.77,-1,-1,-1
58,1,561.53,329.39,140.14,346.06,0.93,-1,-1,-1
58,2,670.31,325.10,106.37,350.02,0.93,-1,-1,-1
58,3,266.94,205.42,241.78,757.38,0.86,-1,-1,-1
58,4,259.20,269.63,205.08,588.35,0.37,-1,-1,-1
58,5,-64.26,247.37,283.99,752.74,0.81,-1,-1,-1
58,7,886.65,343.48,34.87,80.40,0.81,-1,-1,-1
58,8,864.16,344.66,32.99,83.51,0.87,-1,-1,-1
58,9,816.86,346.00,26.42,70.59,0.90,-1,-1,-1
58,10,448.66,318.76,81.89,242.18,0.88,-1,-1,-1
58,11,774.62,352.26,24.59,50.40,0.81,-1,-1,-1
58,12,513.95,319.63,76.70,224.30,0.92,-1,-1,-1
58,14,752.95,352.11,17.15,50.24,0.70,-1,-1,-1
59,1,559.37,331.62,140.83,345.05,0.92,-1,-1,-1
59,2,669.72,325.20,106.64,345.24,0.93,-1,-1,-1
59,3,265.80,203.21,240.55,778.10,0.83,-1,-1,-1
59,4,251.83,269.43,203.31,601.34,0.60,-1,-1,-1
59,5,-67.90,247.65,280.35,746.06,0.80,-1,-1,-1
59,7,888.00,341.17,31.97,83.00,0.82,-1,-1,-1
59,8,865.55,344.65,31.76,83.76,0.87,-1,-1,-1
59,9,816.81,346.41,26.18,70.94,0.90,-1,-1,-1
59,10,444.18,318.98,84.84,251.17,0.89,-1,-1,-1
59,11,773.86,352.67,25.12,51.63,0.83,-1,-1,-1
59,12,511.67,320.21,78.11,226.16,0.91,-1,-1,-1
59,14,752.67,352.46,17.09,49.96,0.74,-1,-1,-1
60,1,558.25,332.58,144.11,344.14,0.92,-1,-1,-1
60,2,667.49,323.71,109.27,340.11,0.93,-1,-1,-1
60,3,258.85,200.33,244.92,792.93,0.83,-1,-1,-1
60,4,243.84,273.96,199.75,591.15,0.58,-1,-1,-1
60,5,-66.94,251.55,269.05,745.64,0.81,-1,-1,-1
60,7,889.95,340.58,30.32,84.04,0.78,-1,-1,-1
60,8,865.30,345.26,33.25,84.19,0.88,-1,-1,-1
60,9,816.07,346.57,26.72,71.41,0.90,-1,-1,-1
60,10,440.85,320.98,84.13,256.89,0.89,-1,-1,-1
60,11,773.13,353.14,26.51,52.72,0.85,-1,-1,-1
60,12,508.79,320.48,78.68,229.88,0.91,-1,-1,-1
60,14,752.10,352.60,17.09,50.52,0.70,-1,-1,-1
61,1,556.85,332.71,145.08,338.70,0.94,-1,-1,-1
61,2,664.96,320.56,111.26,337.98,0.94,-1,-1,-1
61,3,242.38,193.75,257.34,816.95,0.82,-1,-1,-1
61,4,235.42,310.02,184.77,471.59,0.18,-1,-1,-1
61,5,-83.32,249.28,275.39,730.20,0.73,-1,-1,-1
61,7,891.39,339.36,30.33,85.22,0.80,-1,-1,-1
61,8,865.96,345.51,35.53,83.96,0.89,-1,-1,-1
61,9,815.71,346.49,26.29,70.62,0.90,-1,-1,-1
61,10,436.78,319.98,85.40,264.40,0.88,-1,-1,-1
61,11,772.22,353.75,26.99,52.19,0.86,-1,-1,-1
61,12,506.23,321.01,78.73,232.77,0.90,-1,-1,-1
61,14,751.25,352.65,17.68,51.61,0.66,-1,-1,-1
62,1,556.07,332.58,143.07,335.02,0.93,-1,-1,-1
62,2,663.16,320.32,112.64,337.90,0.93,-1,-1,-1
62,3,233.05,187.82,262.36,836.31,0.83,-1,-1,-1
62,5,-94.34,248.97,276.23,739.60,0.71,-1,-1,-1
62,7,892.50,338.61,30.98,86.53,0.79,-1,-1,-1
62,8,866.21,345.91,38.75,83.86,0.88,-1,-1,-1
62,9,815.00,346.45,26.73,70.62,0.91,-1,-1,-1
62,10,434.17,321.07,84.10,265.14,0.88,-1,-1,-1
62,11,771.91,353.83,26.58,52.87,0.87,-1,-1,-1
62,12,502.99,320.81,79.32,238.65,0.91,-1,-1,-1
62,14,750.36,352.52,17.90,52.01,0.69,-1,-1,-1
63,1,554.78,332.85,142.33,329.10,0.93,-1,-1,-1
63,2,660.67,320.89,113.24,339.99,0.94,-1,-1,-1
63,3,224.39,175.65,269.22,876.62,0.81,-1,-1,-1
63,5,-93.08,250.22,265.62,740.30,0.73,-1,-1,-1
63,7,892.36,337.97,32.45,89.12,0.80,-1,-1,-1
63,8,866.37,346.73,42.32,83.87,0.89,-1,-1,-1
63,9,814.79,346.65,26.91,70.97,0.90,-1,-1,-1
63,10,430.43,321.13,84.79,268.50,0.88,-1,-1,-1
63,11,771.23,354.23,26.42,53.15,0.87,-1,-1,-1
63,12,499.61,321.24,80.16,243.76,0.90,-1,-1,-1
63,14,749.43,352.70,17.99,52.79,0.82,-1,-1,-1
64,1,553.26,331.35,142.52,324.30,0.93,-1,-1,-1
64,2,659.22,323.01,112.80,339.87,0.93,-1,-1,-1
64,3,209.48,161.99,280.53,916.47,0.82,-1,-1,-1
64,5,-112.64,243.34,275.78,760.28,0.68,-1,-1,-1
64,7,892.17,337.08,33.58,91.49,0.84,-1,-1,-1
64,8,866.89,347.26,41.41,83.50,0.90,-1,-1,-1
64,9,814.37,346.36,26.97,71.34,0.91,-1,-1,-1
64,10,428.16,323.75,84.38,267.99,0.87,-1,-1,-1
64,11,770.38,354.01,25.73,53.50,0.86,-1,-1,-1
64,12,495.03,321.23,80.99,247.66,0.91,-1,-1,-1
64,14,748.49,352.69,18.01,52.15,0.76,-1,-1,-1
65,1,551.62,331.18,140.87,318.57,0.93,-1,-1,-1
65,2,656.78,324.07,113.89,341.45,0.93,-1,-1,-1
65,3,196.91,154.75,287.19,935.96,0.80,-1,-1,-1
65,5,-123.09,238.19,277.09,774.28,0.66,-1,-1,-1
65,7,892.36,337.32,34.92,91.84,0.85,-1,-1,-1
65,8,867.06,347.44,42.79,84.31,0.91,-1,-1,-1
65,9,813.57,346.52,27.60,71.53,0.91,-1,-1,-1
65,10,423.87,325.48,84.83,271.92,0.86,-1,-1,-1
65,11,770.30,354.34,23.68,53.07,0.84,-1,-1,-1
65,12,491.05,321.50,81.92,251.71,0.91,-1,-1,-1
65,14,747.45,352.67,18.03,52.53,0.80,-1,-1,-1
66,1,548.91,330.90,140.80,317.67,0.93,-1,-1,-1
66,2,654.71,323.53,114.29,345.16,0.93,-1,-1,-1
66,3,181.40,148.77,300.65,953.88,0.81,-1,-1,-1
66,5,-123.83,236.16,268.13,779.54,0.63,-1,-1,-1
66,7,892.44,338.75,36.61,90.77,0.86,-1,-1,-1
66,8,866.84,347.49,43.30,84.62,0.91,-1,-1,-1
66,9,812.99,346.85,27.84,71.31,0.90,-1,-1,-1
66,10,418.75,325.20,86.16,277.47,0.88,-1,-1,-1
66,11,769.40,354.29,23.49,53.19,0.84,-1,-1,-1
66,12,486.64,321.86,82.24,255.85,0.91,-1,-1,-1
66,14,746.79,353.38,17.44,51.78,0.77,-1,-1,-1
67,1,547.01,330.56,137.68,319.78,0.94,-1,-1,-1
67,2,651.78,323.69,114.96,347.08,0.93,-1,-1,-1
67,3,161.92,145.22,327.80,980.15,0.81,-1,-1,-1
67,5,-121.75,237.54,254.30,771.49,0.64,-1,-1,-1
67,7,891.88,339.37,38.97,90.54,0.88,-1,-1,-1
67,8,866.48,346.80,43.45,86.16,0.92,-1,-1,-1
67,9,812.27,346.88,28.50,70.87,0.90,-1,-1,-1
67,10,413.00,321.50,89.10,286.30,0.88,-1,-1,-1
67,11,768.89,354.17,23.41,53.49,0.86,-1,-1,-1
67,12,481.83,321.65,83.46,261.25,0.91,-1,-1,-1
67,14,746.69,353.41,17.20,52.36,0.74,-1,-1,-1
68,1,544.61,330.69,135.24,321.78,0.95,-1,-1,-1
68,2,648.70,325.81,115.76,348.05,0.93,-1,-1,-1
68,3,138.79,133.87,351.79,999.64,0.79,-1,-1,-1
68,5,-126.19,237.70,246.15,780.22,0.67,-1,-1,-1
68,7,892.21,340.63,38.71,89.81,0.88,-1,-1,-1
68,8,866.32,346.51,42.88,86.71,0.92,-1,-1,-1
68,9,811.13,347.01,29.92,70.09,0.90,-1,-1,-1
68,10,407.81,320.91,91.33,287.16,0.88,-1,-1,-1
68,11,767.84,354.23,23.38,53.88,0.85,-1,-1,-1
68,12,477.84,321.40,83.28,265.63,0.92,-1,-1,-1
68,14,745.78,353.38,17.10,52.86,0.77,-1,-1,-1
69,1,543.01,331.03,132.51,323.61,0.95,-1,-1,-1
69,2,646.19,326.13,115.46,349.58,0.92,-1,-1,-1
69,3,109.13,119.02,372.35,1031.84,0.73,-1,-1,-1
69,5,-140.20,243.29,253.67,800.03,0.45,-1,-1,-1
69,7,891.41,341.35,37.69,87.66,0.84,-1,-1,-1
69,8,866.82,346.49,42.04,86.85,0.92,-1,-1,-1
69,9,810.13,346.85,31.61,70.36,0.90,-1,-1,-1
69,10,403.09,319.84,93.48,290.67,0.89,-1,-1,-1
69,11,766.90,353.91,22.76,53.99,0.84,-1,-1,-1
69,12,473.06,320.74,84.37,269.38,0.92,-1,-1,-1
69,14,744.90,353.32,17.07,52.71,0.82,-1,-1,-1
70,1,541.31,332.05,129.70,323.78,0.94,-1,-1,-1
70,2,643.88,327.44,115.33,348.98,0.92,-1,-1,-1
70,3,78.43,110.84,396.65,1067.17,0.75,-1,-1,-1
70,7,891.74,340.89,36.68,87.13,0.82,-1,-1,-1
70,8,866.77,346.04,41.11,87.49,0.91,-1,-1,-1
70,9,809.24,346.65,33.41,71.07,0.90,-1,-1,-1
70,10,396.34,315.62,96.75,300.10,0.91,-1,-1,-1
70,11,766.33,353.35,22.54,54.32,0.85,-1,-1,-1
70,12,467.59,319.76,86.53,272.90,0.92,-1,-1,-1
70,14,743.75,353.46,17.67,53.25,0.84,-1,-1,-1
71,1,539.83,332.42,125.03,325.63,0.93,-1,-1,-1
71,2,639.50,327.91,117.05,349.32,0.93,-1,-1,-1
71,3,38.44,99.22,429.39,1099.17,0.73,-1,-1,-1
71,7,892.11,340.56,35.39,86.92,0.81,-1,-1,-1
71,8,867.30,345.87,38.94,87.11,0.90,-1,-1,-1
71,9,808.59,346.71,34.10,71.02,0.90,-1,-1,-1
71,10,389.98,314.31,98.68,304.69,0.90,-1,-1,-1
71,11,764.91,353.57,22.45,53.84,0.85,-1,-1,-1
71,12,462.71,318.22,87.31,276.13,0.92,-1,-1,-1
71,14,742.43,353.20,18.48,53.45,0.83,-1,-1,-1
72,1,538.06,332.86,120.95,327.66,0.94,-1,-1,-1
72,2,637.29,326.31,115.94,350.75,0.93,-1,-1,-1
72,3,1.70,85.33,439.62,1133.51,0.70,-1,-1,-1
72,7,891.68,340.92,34.30,86.86,0.71,-1,-1,-1
72,8,867.83,345.39,38.13,87.87,0.90,-1,-1,-1
72,9,807.79,346.92,34.37,70.73,0.90,-1,-1,-1
72,10,382.29,310.93,102.04,311.65,0.91,-1,-1,-1
72,11,763.21,353.54,23.04,53.96,0.85,-1,-1,-1
72,12,456.61,315.32,88.64,282.02,0.92,-1,-1,-1
72,14,741.36,353.13,18.79,53.53,0.84,-1,-1,-1
73,1,535.71,334.21,117.08,329.61,0.95,-1,-1,-1
73,2,634.81,328.66,114.32,345.30,0.94,-1,-1,-1
73,3,-37.06,66.62,469.97,1205.81,0.69,-1,-1,-1
73,7,893.36,338.95,32.69,88.31,0.81,-1,-1,-1
73,8,868.65,345.34,36.02,88.14,0.89,-1,-1,-1
73,9,806.97,346.83,33.86,70.91,0.90,-1,-1,-1
73,10,374.77,308.79,104.89,316.48,0.92,-1,-1,-1
73,11,760.87,353.37,24.45,54.00,0.83,-1,-1,-1
73,12,449.64,314.07,90.44,284.86,0.92,-1,-1,-1
73,14,740.14,353.24,19.49,53.55,0.78,-1,-1,-1
74,1,532.93,335.84,115.08,330.44,0.94,-1,-1,-1
74,2,630.25,327.72,114.22,345.73,0.93,-1,-1,-1
74,3,-63.97,60.44,498.27,1249.02,0.73,-1,-1,-1
74,7,894.20,336.48,33.61,90.66,0.84,-1,-1,-1
74,8,868.85,344.63,36.47,88.25,0.89,-1,-1,-1
74,9,806.27,346.82,33.04,71.00,0.90,-1,-1,-1
74,10,365.15,304.98,109.07,324.68,0.92,-1,-1,-1
74,11,760.47,353.32,23.80,54.02,0.83,-1,-1,-1
74,12,443.72,311.80,91.04,290.58,0.93,-1,-1,-1
74,14,737.82,353.00,20.33,53.87,0.74,-1,-1,-1
75,1,530.20,337.90,115.11,326.49,0.94,-1,-1,-1
75,2,626.00,328.50,114.26,345.80,0.93,-1,-1,-1
75,3,-97.48,41.28,520.73,1312.40,0.68,-1,-1,-1
75,7,894.87,336.07,33.06,91.54,0.84,-1,-1,-1
75,8,868.70,342.96,40.87,90.97,0.91,-1,-1,-1
75,9,805.52,346.90,32.73,71.04,0.90,-1,-1,-1
75,10,356.82,305.44,111.42,327.72,0.93,-1,-1,-1
75,11,758.67,353.40,24.74,53.73,0.80,-1,-1,-1
75,12,437.22,310.06,91.88,293.41,0.91,-1,-1,-1
75,14,736.45,353.15,20.08,53.98,0.81,-1,-1,-1
75,15,509.85,357.97,25.20,70.20,0.79,-1,-1,-1
76,1,527.09,339.38,115.74,322.22,0.95,-1,-1,-1
76,2,622.96,330.13,112.41,344.87,0.93,-1,-1,-1
76,3,-131.67,21.78,534.12,1344.83,0.60,-1,-1,-1
76,7,895.09,336.74,34.05,91.00,0.85,-1,-1,-1
76,8,868.62,342.11,43.60,92.87,0.91,-1,-1,-1
76,9,804.94,346.98,31.99,71.67,0.90,-1,-1,-1
76,10,347.58,305.32,115.39,336.38,0.93,-1,-1,-1
76,11,757.70,353.76,24.49,53.63,0.79,-1,-1,-1
76,12,431.74,308.94,92.54,296.32,0.92,-1,-1,-1
76,14,735.03,353.54,19.96,54.33,0.84,-1,-1,-1
76,15,506.85,358.41,26.65,71.31,0.83,-1,-1,-1
77,1,524.19,341.43,116.02,320.09,0.95,-1,-1,-1
77,2,618.61,328.67,112.90,342.79,0.92,-1,-1,-1
77,3,-160.08,24.31,529.83,1338.72,0.69,-1,-1,-1
77,7,896.66,338.55,33.52,90.48,0.83,-1,-1,-1
77,8,868.88,343.46,44.67,92.72,0.90,-1,-1,-1
77,9,804.15,347.35,31.10,71.62,0.89,-1,-1,-1
77,10,338.92,305.32,117.72,350.65,0.93,-1,-1,-1
77,11,757.37,354.09,23.79,53.89,0.79,-1,-1,-1
77,12,424.63,308.11,96.43,302.77,0.92,-1,-1,-1
77,14,734.22,353.57,19.31,54.76,0.81,-1,-1,-1
77,15,505.11,359.55,26.24,70.50,0.81,-1,-1,-1
78,1,521.02,342.63,115.61,318.31,0.95,-1,-1,-1
78,2,615.55,328.26,111.93,338.32,0.92,-1,-1,-1
78,3,-168.50,19.64,522.34,1360.32,0.71,-1,-1,-1
78,7,897.52,340.15,34.23,90.28,0.84,-1,-1,-1
78,8,868.94,345.04,46.83,92.34,0.90,-1,-1,-1
78,9,803.25,347.95,30.16,71.60,0.90,-1,-1,-1
78,10,326.66,305.38,124.09,367.03,0.93,-1,-1,-1
78,11,756.96,354.38,24.13,54.29,0.83,-1,-1,-1
78,12,418.05,308.59,97.75,310.56,0.93,-1,-1,-1
78,14,732.73,353.90,19.06,54.93,0.81,-1,-1,-1
78,15,503.72,360.08,26.09,70.91,0.87,-1,-1,-1
79,1,517.24,343.44,115.53,312.72,0.95,-1,-1,-1
79,2,613.03,329.39,109.19,330.19,0.93,-1,-1,-1
79,3,-169.14,43.07,501.44,1297.48,0.68,-1,-1,-1
79,7,896.34,340.82,38.95,91.37,0.82,-1,-1,-1
79,8,868.68,345.72,48.23,92.47,0.91,-1,-1,-1
79,9,802.36,348.24,29.21,71.59,0.89,-1,-1,-1
79,10,310.49,307.98,133.96,377.83,0.93,-1,-1,-1
79,11,755.36,354.41,23.66,54.14,0.83,-1,-1,-1
79,12,411.02,308.75,99.41,320.99,0.93,-1,-1,-1
79,14,731.63,354.25,18.37,54.68,0.79,-1,-1,-1
79,15,501.08,360.84,26.74,71.39,0.87,-1,-1,-1
80,1,513.22,343.68,116.17,306.44,0.95,-1,-1,-1
80,2,608.60,331.89,108.81,322.96,0.93,-1,-1,-1
80,3,-151.05,71.67,493.44,1188.40,0.69,-1,-1,-1
80,7,895.33,340.43,42.39,92.96,0.86,-1,-1,-1
80,8,868.56,345.92,48.77,93.38,0.92,-1,-1,-1
80,9,801.44,348.00,28.87,72.17,0.90,-1,-1,-1
80,10,296.77,309.62,141.50,386.46,0.94,-1,-1,-1
80,11,753.89,354.83,23.48,54.07,0.79,-1,-1,-1
80,12,401.62,309.27,104.27,327.06,0.93,-1,-1,-1
80,14,730.66,354.48,17.50,55.17,0.81,-1,-1,-1
80,15,499.33,361.04,26.31,71.87,0.88,-1,-1,-1
81,1,509.34,343.29,115.85,303.81,0.95,-1,-1,-1
81,2,604.30,332.97,109.29,322.13,0.93,-1,-1,-1
81,3,-206.25,21.42,541.15,1330.29,0.66,-1,-1,-1
81,7,894.07,342.24,46.89,92.10,0.86,-1,-1,-1
81,8,868.51,346.93,49.53,92.85,0.92,-1,-1,-1
81,9,800.22,347.95,28.76,72.11,0.89,-1,-1,-1
81,10,286.51,310.41,145.01,393.32,0.95,-1,-1,-1
81,11,752.76,354.72,24.02,54.66,0.75,-1,-1,-1
81,12,392.54,310.38,107.55,335.16,0.93,-1,-1,-1
81,14,729.10,354.75,17.80,55.07,0.82,-1,-1,-1
81,15,497.49,361.26,26.16,72.04,0.85,-1,-1,-1
82,1,505.20,342.35,115.16,304.06,0.95,-1,-1,-1
82,2,600.95,333.34,108.89,323.19,0.93,-1,-1,-1
82,3,-197.52,66.87,531.41,1203.83,0.39,-1,-1,-1
82,7,892.15,342.65,49.52,92.36,0.85,-1,-1,-1
82,8,868.19,347.48,50.39,93.54,0.92,-1,-1,-1
82,9,798.87,348.09,28.12,72.10,0.90,-1,-1,-1
82,10,282.12,309.97,142.27,402.10,0.94,-1,-1,-1
82,11,751.73,355.43,23.03,54.30,0.79,-1,-1,-1
82,12,385.29,310.80,108.78,341.72,0.93,-1,-1,-1
82,14,727.62,354.86,17.91,55.04,0.83,-1,-1,-1
82,15,495.28,361.31,26.73,72.42,0.87,-1,-1,-1
83,1,500.93,342.28,115.52,306.51,0.95,-1,-1,-1
83,2,597.86,334.50,108.75,324.89,0.93,-1,-1,-1
83,3,-190.14,91.78,523.80,1132.85,0.25,-1,-1,-1
83,7,891.93,342.91,49.42,92.71,0.85,-1,-1,-1
83,8,868.67,347.79,49.52,93.74,0.91,-1,-1,-1
83,9,797.85,348.40,27.89,72.07,0.89,-1,-1,-1
83,10,275.48,311.01,141.86,413.79,0.94,-1,-1,-1
83,11,750.57,356.27,22.65,53.53,0.75,-1,-1,-1
83,12,378.23,311.00,110.63,349.76,0.92,-1,-1,-1
83,14,726.60,354.87,17.95,55.29,0.82,-1,-1,-1
83,15,492.89,361.60,27.55,71.90,0.86,-1,-1,-1
84,1,497.05,342.84,115.09,308.09,0.94,-1,-1,-1
84,2,594.13,335.52,108.71,326.20,0.93,-1,-1,-1
84,7,891.28,342.42,48.75,93.43,0.84,-1,-1,-1
84,8,868.86,347.47,48.55,94.70,0.91,-1,-1,-1
84,9,796.60,348.38,29.02,72.65,0.88,-1,-1,-1
84,10,266.02,308.69,143.95,428.09,0.92,-1,-1,-1
84,11,749.89,357.19,21.90,52.64,0.66,-1,-1,-1
84,12,370.46,310.82,113.05,360.84,0.91,-1,-1,-1
84,14,725.36,355.18,17.97,55.39,0.82,-1,-1,-1
84,15,491.47,362.01,27.24,71.71,0.86,-1,-1,-1
85,1,492.89,342.97,114.93,311.83,0.94,-1,-1,-1
85,2,590.95,336.73,108.09,328.05,0.93,-1,-1,-1
85,7,890.70,341.19,48.72,95.20,0.84,-1,-1,-1
85,8,869.48,347.94,47.56,94.78,0.91,-1,-1,-1
85,9,795.22,348.51,28.84,72.89,0.88,-1,-1,-1
85,10,255.73,306.95,146.08,435.16,0.93,-1,-1,-1
85,11,748.39,356.91,22.24,52.93,0.68,-1,-1,-1
85,12,360.79,310.37,117.38,369.72,0.92,-1,-1,-1
85,14,723.67,355.42,18.57,55.13,0.80,-1,-1,-1
85,15,490.29,361.93,26.50,71.96,0.86,-1,-1,-1
86,1,488.81,344.08,115.53,313.43,0.94,-1,-1,-1
86,2,588.45,338.66,107.31,328.80,0.93,-1,-1,-1
86,7,890.56,339.97,48.11,97.04,0.87,-1,-1,-1
86,8,869.49,346.92,47.18,96.28,0.91,-1,-1,-1
86,9,793.91,348.56,28.79,73.57,0.89,-1,-1,-1
86,10,240.38,306.64,152.71,438.79,0.94,-1,-1,-1
86,11,746.45,356.95,22.97,53.64,0.64,-1,-1,-1
86,12,352.20,310.39,119.77,375.75,0.92,-1,-1,-1
86,14,722.54,355.97,18.21,55.04,0.81,-1,-1,-1
86,15,488.48,361.62,26.84,72.65,0.86,-1,-1,-1
87,1,484.68,344.77,116.96,316.75,0.94,-1,-1,-1
87,2,588.82,340.24,102.81,330.34,0.93,-1,-1,-1
87,7,890.19,339.66,46.95,97.44,0.85,-1,-1,-1
87,8,869.76,346.09,46.42,97.43,0.90,-1,-1,-1
87,9,792.53,348.72,28.17,74.12,0.90,-1,-1,-1
87,10,226.97,305.04,158.06,441.08,0.94,-1,-1,-1
87,11,743.94,357.11,23.84,53.61,0.57,-1,-1,-1
87,12,343.51,307.92,123.81,383.27,0.92,-1,-1,-1
87,14,720.94,356.02,18.67,55.30,0.80,-1,-1,-1
87,15,486.93,361.63,26.36,72.91,0.86,-1,-1,-1
88,1,480.88,345.16,119.28,320.87,0.94,-1,-1,-1
88,2,587.22,341.98,100.54,330.66,0.94,-1,-1,-1
88,7,890.37,339.74,45.57,97.19,0.87,-1,-1,-1
88,8,869.88,345.97,44.92,97.47,0.91,-1,-1,-1
88,9,790.93,348.70,29.75,74.26,0.90,-1,-1,-1
88,10,211.32,302.78,165.90,441.87,0.94,-1,-1,-1
88,11,742.86,357.53,22.99,52.96,0.69,-1,-1,-1
88,12,335.42,305.86,128.65,388.57,0.93,-1,-1,-1
88,14,719.34,355.96,18.84,55.64,0.80,-1,-1,-1
88,15,485.54,361.77,26.78,73.24,0.86,-1,-1,-1
89,1,475.11,345.83,124.31,322.74,0.93,-1,-1,-1
89,2,583.49,343.18,99.73,331.72,0.93,-1,-1,-1
89,7,892.60,340.16,41.73,97.17,0.87,-1,-1,-1
89,8,870.26,345.12,43.14,98.45,0.90,-1,-1,-1
89,9,790.05,348.75,29.15,74.68,0.89,-1,-1,-1
89,10,193.92,299.11,175.69,448.22,0.94,-1,-1,-1
89,11,742.74,357.73,21.45,52.77,0.38,-1,-1,-1
89,12,325.40,301.59,135.64,397.63,0.93,-1,-1,-1
89,14,718.08,356.12,18.90,55.83,0.78,-1,-1,-1
89,15,482.98,361.77,27.54,73.13,0.86,-1,-1,-1
89,16,654.75,356.85,21.60,49.95,0.76,-1,-1,-1
90,1,471.91,347.00,127.37,321.90,0.93,-1,-1,-1
90,2,579.75,342.71,100.09,331.79,0.93,-1,-1,-1
90,7,894.65,339.79,37.77,97.63,0.87,-1,-1,-1
90,8,870.68,344.57,40.64,98.70,0.90,-1,-1,-1
90,9,788.62,348.70,28.91,74.75,0.89,-1,-1,-1
90,10,177.20,293.95,184.64,456.25,0.94,-1,-1,-1
90,11,740.72,358.50,21.49,52.34,0.64,-1,-1,-1
90,12,316.44,299.52,142.61,405.16,0.93,-1,-1,-1
90,14,716.59,356.14,18.92,55.83,0.76,-1,-1,-1
90,15,480.34,361.80,29.00,73.00,0.85,-1,-1,-1
90,16,652.51,356.52,22.33,51.77,0.79,-1,-1,-1
91,1,467.82,346.79,128.51,321.07,0.94,-1,-1,-1
91,2,575.42,341.74,100.24,329.67,0.92,-1,-1,-1
91,7,897.61,339.09,34.15,97.82,0.85,-1,-1,-1
91,8,870.85,344.25,39.12,99.09,0.88,-1,-1,-1
91,9,787.54,348.70,30.01,74.79,0.88,-1,-1,-1
91,10,161.97,289.28,192.53,471.24,0.94,-1,-1,-1
91,11,738.82,357.74,21.50,53.40,0.66,-1,-1,-1
91,12,305.16,296.94,152.10,412.04,0.94,-1,-1,-1
91,14,715.48,356.00,19.51,55.85,0.81,-1,-1,-1
91,15,478.16,361.48,29.55,72.67,0.81,-1,-1,-1
91,16,650.94,356.79,22.47,52.14,0.81,-1,-1,-1
92,1,463.17,346.98,130.76,318.65,0.94,-1,-1,-1
92,2,571.35,340.58,99.77,327.85,0.93,-1,-1,-1
92,7,899.35,338.87,31.66,98.56,0.83,-1,-1,-1
92,8,871.61,344.47,38.01,99.02,0.88,-1,-1,-1
92,9,786.31,348.88,29.85,74.87,0.88,-1,-1,-1
92,10,147.40,284.92,198.49,480.04,0.94,-1,-1,-1
92,11,737.55,357.63,21.52,53.85,0.68,-1,-1,-1
92,12,296.90,292.37,157.28,420.73,0.94,-1,-1,-1
92,14,714.17,356.12,19.16,55.61,0.81,-1,-1,-1
92,15,475.66,361.65,30.94,72.91,0.82,-1,-1,-1
92,16,648.85,357.06,22.52,51.58,0.78,-1,-1,-1
93,1,459.21,346.48,134.49,318.22,0.95,-1,-1,-1
93,2,567.57,340.17,100.20,327.07,0.92,-1,-1,-1
93,7,898.54,337.97,32.79,100.26,0.80,-1,-1,-1
93,8,872.42,344.61,40.10,99.52,0.88,-1,-1,-1
93,9,785.24,348.99,30.37,75.17,0.88,-1,-1,-1
93,10,132.67,281.32,204.37,496.47,0.92,-1,-1,-1
93,11,736.79,357.93,20.33,53.41,0.76,-1,-1,-1
93,12,287.82,289.11,164.62,429.71,0.94,-1,-1,-1
93,14,713.10,356.20,19.01,55.49,0.82,-1,-1,-1
93,15,473.34,361.76,31.46,72.38,0.79,-1,-1,-1
93,16,646.64,357.67,23.20,52.05,0.79,-1,-1,-1
94,1,455.91,346.67,134.90,316.71,0.94,-1,-1,-1
94,2,564.41,338.87,99.84,328.45,0.92,-1,-1,-1
94,7,900.83,337.74,31.34,102.32,0.82,-1,-1,-1
94,8,873.12,344.65,42.65,99.95,0.89,-1,-1,-1
94,9,784.44,349.34,30.57,75.53,0.89,-1,-1,-1
94,10,119.02,274.98,210.75,522.07,0.91,-1,-1,-1
94,11,735.83,358.05,20.51,53.81,0.63,-1,-1,-1
94,12,279.10,288.08,170.89,437.99,0.94,-1,-1,-1
94,14,712.33,356.56,19.55,55.42,0.83,-1,-1,-1
94,15,471.33,361.88,31.65,73.34,0.79,-1,-1,-1
94,16,645.86,358.21,22.78,51.53,0.81,-1,-1,-1
95,1,452.95,346.75,134.79,314.25,0.94,-1,-1,-1
95,2,560.70,339.30,99.67,322.91,0.93,-1,-1,-1
95,7,900.93,338.77,33.35,103.34,0.85,-1,-1,-1
95,8,874.19,344.88,45.36,100.65,0.90,-1,-1,-1
95,9,783.84,349.81,30.62,75.64,0.89,-1,-1,-1
95,10,104.17,273.61,217.73,548.44,0.92,-1,-1,-1
95,11,734.29,358.88,21.17,52.45,0.63,-1,-1,-1
95,12,266.75,286.75,180.58,452.62,0.93,-1,-1,-1
95,14,711.19,357.02,19.75,55.07,0.82,-1,-1,-1
95,15,469.53,362.09,31.11,73.97,0.76,-1,-1,-1
95,16,645.07,358.72,21.97,51.01,0.76,-1,-1,-1
96,1,449.55,347.13,131.77,308.02,0.94,-1,-1,-1
96,2,557.32,339.22,99.05,314.28,0.93,-1,-1,-1
96,7,901.02,340.41,37.05,101.95,0.85,-1,-1,-1
96,8,874.94,345.63,50.48,102.70,0.91,-1,-1,-1
96,9,783.09,350.35,30.65,75.39,0.90,-1,-1,-1
96,10,89.89,276.36,223.88,565.25,0.93,-1,-1,-1
96,11,732.60,359.55,22.02,52.55,0.70,-1,-1,-1
96,12,257.73,286.34,186.04,461.64,0.92,-1,-1,-1
96,14,709.92,357.86,19.82,54.66,0.80,-1,-1,-1
96,15,467.39,364.02,29.10,70.96,0.71,-1,-1,-1
96,16,643.92,359.40,21.05,50.22,0.74,-1,-1,-1
97,1,446.56,347.18,127.65,303.37,0.95,-1,-1,-1
97,2,553.44,339.09,100.70,311.19,0.93,-1,-1,-1
97,7,902.00,341.53,38.74,103.80,0.86,-1,-1,-1
97,8,875.87,345.96,53.04,103.20,0.92,-1,-1,-1
97,9,781.99,350.60,31.26,75.61,0.89,-1,-1,-1
97,10,73.55,277.04,233.14,587.35,0.94,-1,-1,-1
97,11,730.54,359.10,23.53,53.50,0.69,-1,-1,-1
97,12,247.70,286.31,192.44,479.40,0.92,-1,-1,-1
97,14,709.20,358.07,19.85,54.51,0.77,-1,-1,-1
97,15,466.31,366.34,26.51,65.86,0.71,-1,-1,-1
97,16,642.64,359.86,20.74,49.64,0.71,-1,-1,-1
98,1,443.45,347.43,124.74,301.34,0.95,-1,-1,-1
98,2,551.07,338.37,101.24,312.19,0.93,-1,-1,-1
98,7,902.09,341.85,40.54,103.46,0.85,-1,-1,-1
98,8,876.84,347.46,53.71,102.35,0.92,-1,-1,-1
98,9,780.90,350.59,30.87,75.59,0.89,-1,-1,-1
98,10,58.27,275.71,242.06,604.69,0.94,-1,-1,-1
98,11,729.45,358.97,22.92,55.28,0.75,-1,-1,-1
98,12,240.81,286.08,195.50,492.97,0.92,-1,-1,-1
98,14,707.75,358.35,19.85,54.70,0.81,-1,-1,-1
98,15,465.01,366.33,24.28,65.15,0.71,-1,-1,-1
98,16,640.74,360.38,21.25,49.09,0.74,-1,-1,-1
99,1,440.38,347.79,125.35,301.96,0.95,-1,-1,-1
99,2,547.56,337.78,103.86,314.53,0.93,-1,-1,-1
99,7,900.42,341.36,44.72,103.93,0.89,-1,-1,-1
99,8,876.67,349.51,55.69,101.44,0.93,-1,-1,-1
99,9,780.24,350.71,30.12,76.20,0.89,-1,-1,-1
99,10,40.90,271.59,251.84,624.38,0.93,-1,-1,-1
99,11,730.57,358.61,20.89,55.97,0.78,-1,-1,-1
99,12,231.59,285.12,199.74,506.24,0.92,-1,-1,-1
99,14,706.64,357.68,21.03,54.49,0.82,-1,-1,-1
99,15,461.40,364.92,27.29,76.82,0.72,-1,-1,-1
99,16,639.17,360.22,20.83,49.23,0.76,-1,-1,-1
99,17,413.32,364.50,31.05,91.35,0.77,-1,-1,-1
100,1,437.53,347.92,125.30,303.50,0.95,-1,-1,-1
100,2,544.25,338.76,105.44,316.12,0.93,-1,-1,-1
100,7,900.38,340.89,45.20,105.00,0.88,-1,-1,-1
100,8,876.91,350.00,56.15,101.69,0.93,-1,-1,-1
100,9,779.14,350.77,29.84,76.44,0.89,-1,-1,-1
100,10,22.81,267.71,262.76,649.63,0.92,-1,-1,-1
100,11,730.17,358.48,20.10,55.94,0.77,-1,-1,-1
100,12,225.37,284.78,201.48,517.00,0.92,-1,-1,-1
100,14,705.67,357.74,22.05,54.72,0.81,-1,-1,-1
100,15,458.56,364.88,28.71,81.16,0.62,-1,-1,-1
100,16,637.12,359.86,20.68,49.91,0.77,-1,-1,-1
100,17,411.06,365.27,31.06,92.47,0.72,-1,-1,-1
101,1,434.92,348.01,124.59,306.01,0.95,-1,-1,-1
101,2,540.75,339.92,106.69,317.31,0.94,-1,-1,-1
101,7,900.75,341.03,44.50,106.01,0.86,-1,-1,-1
101,8,877.09,349.30,56.89,103.00,0.92,-1,-1,-1
101,9,777.95,350.97,30.35,77.14,0.89,-1,-1,-1
101,10,5.03,266.31,272.46,672.52,0.93,-1,-1,-1
101,11,728.90,358.62,20.45,55.93,0.80,-1,-1,-1
101,12,215.38,282.71,207.96,538.41,0.91,-1,-1,-1
101,14,705.10,357.80,21.88,55.13,0.83,-1,-1,-1
101,15,457.94,364.33,28.85,86.11,0.73,-1,-1,-1
101,16,636.16,360.82,20.04,48.98,0.77,-1,-1,-1
101,17,408.97,365.81,32.81,91.68,0.78,-1,-1,-1
102,1,432.58,348.23,121.26,307.54,0.94,-1,-1,-1
102,2,538.04,341.02,107.09,318.49,0.93,-1,-1,-1
102,7,901.65,341.34,43.88,106.06,0.86,-1,-1,-1
102,8,877.34,348.54,55.67,104.06,0.92,-1,-1,-1
102,9,776.87,350.99,30.52,77.39,0.88,-1,-1,-1
102,10,-12.37,264.24,282.52,694.47,0.92,-1,-1,-1
102,11,728.11,359.06,19.97,55.62,0.84,-1,-1,-1
102,12,210.35,281.39,209.36,554.58,0.91,-1,-1,-1
102,14,704.87,357.75,21.78,55.27,0.83,-1,-1,-1
102,15,456.30,364.58,28.28,82.30,0.70,-1,-1,-1
102,16,635.54,361.55,18.57,48.33,0.77,-1,-1,-1
102,17,407.30,366.58,32.02,91.02,0.78,-1,-1,-1
103,1,429.95,349.26,119.45,310.06,0.94,-1,-1,-1
103,2,535.01,342.38,107.84,319.69,0.93,-1,-1,-1
103,7,905.64,341.39,40.08,107.59,0.84,-1,-1,-1
103,8,878.40,347.88,54.27,105.38,0.92,-1,-1,-1
103,9,776.26,350.92,30.60,77.80,0.89,-1,-1,-1
103,10,-25.39,264.20,288.51,720.62,0.89,-1,-1,-1
103,11,726.98,359.75,19.80,55.51,0.81,-1,-1,-1
103,12,201.98,280.93,214.14,571.21,0.91,-1,-1,-1
103,14,704.55,357.66,21.15,54.76,0.82,-1,-1,-1
103,15,454.64,365.48,26.72,76.82,0.60,-1,-1,-1
103,16,633.20,360.66,19.93,49.94,0.74,-1,-1,-1
103,17,405.35,366.34,32.02,92.55,0.76,-1,-1,-1
104,1,427.69,351.14,116.37,311.52,0.94,-1,-1,-1
104,2,532.27,343.93,107.52,321.40,0.93,-1,-1,-1
104,7,907.41,341.98,38.26,106.93,0.80,-1,-1,-1
104,8,880.24,347.75,52.81,105.83,0.92,-1,-1,-1
104,9,775.77,351.17,30.62,77.63,0.90,-1,-1,-1
104,10,-40.59,262.46,297.50,745.82,0.88,-1,-1,-1
104,11,726.02,359.84,19.74,56.04,0.81,-1,-1,-1
104,12,190.81,279.26,221.85,589.15,0.91,-1,-1,-1
104,14,704.19,357.76,20.90,55.14,0.84,-1,-1,-1
104,15,453.30,365.97,25.82,75.55,0.64,-1,-1,-1
104,16,631.57,360.47,19.79,50.81,0.61,-1,-1,-1
104,17,403.77,365.76,32.01,93.69,0.82,-1,-1,-1
104,18,387.90,368.55,27.45,95.40,0.75,-1,-1,-1
105,1,425.32,352.97,115.09,313.29,0.94,-1,-1,-1
105,2,529.29,344.89,107.95,323.72,0.93,-1,-1,-1
105,7,909.57,340.84,36.69,109.33,0.83,-1,-1,-1
105,8,881.83,347.38,50.13,106.29,0.91,-1,-1,-1
105,9,775.04,351.08,31.22,78.15,0.89,-1,-1,-1
105,10,-57.21,252.53,306.80,778.26,0.85,-1,-1,-1
105,11,725.11,359.38,19.72,56.84,0.81,-1,-1,-1
105,12,180.00,274.23,228.50,607.96,0.90,-1,-1,-1
105,14,704.10,357.75,20.79,54.99,0.81,-1,-1,-1
105,15,451.66,365.34,26.10,77.79,0.64,-1,-1,-1
105,16,629.52,360.79,20.35,50.56,0.44,-1,-1,-1
105,17,401.90,365.18,32.95,94.71,0.83,-1,-1,-1
105,19,360.67,363.60,33.30,99.45,0.72,-1,-1,-1
106,1,422.44,354.24,114.39,313.94,0.94,-1,-1,-1
106,2,526.49,346.42,106.95,324.58,0.94,-1,-1,-1
106,7,911.22,340.37,37.05,109.32,0.81,-1,-1,-1
106,8,883.60,346.60,47.90,107.92,0.91,-1,-1,-1
106,9,774.51,351.02,31.45,78.64,0.89,-1,-1,-1
106,10,-66.54,239.86,309.66,813.68,0.85,-1,-1,-1
106,11,724.51,359.48,19.73,56.54,0.78,-1,-1,-1
106,12,167.15,266.86,237.30,628.76,0.90,-1,-1,-1
106,14,703.20,357.73,21.36,55.53,0.78,-1,-1,-1
106,15,451.27,366.29,23.66,68.28,0.51,-1,-1,-1
106,16,627.62,361.34,20.56,50.16,0.63,-1,-1,-1
106,17,400.39,364.36,32.36,95.67,0.83,-1,-1,-1
106,19,359.49,365.07,32.60,98.08,0.73,-1,-1,-1
107,1,419.55,354.65,114.55,314.74,0.94,-1,-1,-1
107,2,523.47,346.65,106.48,326.06,0.94,-1,-1,-1
107,7,914.45,339.63,36.26,109.28,0.84,-1,-1,-1
107,8,884.76,346.34,47.67,108.50,0.92,-1,-1,-1
107,9,774.00,351.00,31.51,77.91,0.88,-1,-1,-1
107,10,-83.00,232.23,320.58,837.04,0.84,-1,-1,-1
107,11,724.00,359.37,19.73,56.11,0.76,-1,-1,-1
107,12,153.46,260.76,246.56,648.54,0.90,-1,-1,-1
107,14,702.28,357.72,21.55,55.43,0.80,-1,-1,-1
107,15,450.33,365.52,22.72,65.98,0.39,-1,-1,-1
107,16,625.17,360.78,21.23,50.90,0.51,-1,-1,-1
107,17,398.26,364.16,32.41,95.68,0.80,-1,-1,-1
107,19,355.89,365.32,33.50,96.07,0.73,-1,-1,-1
107,20,380.92,369.00,27.00,93.60,0.70,-1,-1,-1
108,1,417.34,355.11,113.96,311.36,0.94,-1,-1,-1
108,2,520.44,346.42,105.77,327.10,0.94,-1,-1,-1
108,7,916.81,338.51,37.21,109.79,0.82,-1,-1,-1
108,8,885.76,346.89,50.64,107.77,0.91,-1,-1,-1
108,9,773.57,351.08,32.74,78.20,0.88,-1,-1,-1
108,10,-93.20,215.03,322.70,890.25,0.81,-1,-1,-1
108,11,723.58,359.57,19.74,55.92,0.79,-1,-1,-1
108,12,144.70,253.38,249.09,669.20,0.89,-1,-1,-1
108,14,701.99,357.67,21.04,56.56,0.82,-1,-1,-1
108,15,449.36,366.51,20.09,57.48,0.19,-1,-1,-1
108,16,622.88,360.69,21.49,51.16,0.69,-1,-1,-1
108,17,397.67,364.60,31.23,94.72,0.77,-1,-1,-1
108,19,353.63,364.54,33.46,98.38,0.82,-1,-1,-1
108,20,378.58,366.86,29.17,93.28,0.65,-1,-1,-1
109,1,414.09,353.79,113.35,307.70,0.94,-1,-1,-1
109,2,517.06,346.04,104.92,323.94,0.93,-1,-1,-1
109,7,919.19,337.94,38.47,109.98,0.85,-1,-1,-1
109,8,886.77,346.81,54.08,108.67,0.92,-1,-1,-1
109,9,773.48,350.96,34.95,78.90,0.90,-1,-1,-1
109,10,-111.00,195.39,333.19,947.56,0.80,-1,-1,-1
109,11,723.50,359.81,19.16,55.86,0.80,-1,-1,-1
109,12,126.01,245.70,260.29,686.97,0.88,-1,-1,-1
109,14,701.96,357.96,20.24,56.69,0.82,-1,-1,-1
109,16,621.23,360.96,21.59,50.97,0.70,-1,-1,-1
109,17,395.41,364.64,31.40,95.26,0.79,-1,-1,-1
109,19,348.38,364.65,36.12,99.12,0.83,-1,-1,-1
109,20,376.88,367.68,27.90,95.14,0.74,-1,-1,-1
110,1,411.51,353.30,113.77,306.35,0.94,-1,-1,-1
110,2,513.85,345.60,104.02,319.16,0.93,-1,-1,-1
110,7,920.69,337.91,41.32,110.62,0.84,-1,-1,-1
110,8,888.35,346.36,57.73,110.47,0.90,-1,-1,-1
110,9,773.53,350.95,35.80,79.46,0.90,-1,-1,-1
110,10,-124.92,193.09,336.68,943.01,0.79,-1,-1,-1
110,11,722.34,359.32,20.15,56.43,0.80,-1,-1,-1
110,12,108.99,237.04,268.55,713.68,0.88,-1,-1,-1
110,14,701.11,357.95,20.55,56.74,0.81,-1,-1,-1
110,16,619.82,360.94,21.04,51.49,0.61,-1,-1,-1
110,17,393.77,365.61,31.17,94.55,0.68,-1,-1,-1
110,19,343.63,364.24,39.18,99.83,0.86,-1,-1,-1
110,20,374.60,367.79,28.15,97.30,0.72,-1,-1,-1
111,1,407.98,350.57,113.96,304.21,0.94,-1,-1,-1
111,2,510.39,343.03,102.49,320.36,0.93,-1,-1,-1
111,7,921.53,338.06,43.84,111.44,0.87,-1,-1,-1
111,8,890.11,346.79,60.87,111.13,0.89,-1,-1,-1
111,9,773.59,350.80,36.12,80.25,0.90,-1,-1,-1
111,10,-148.94,176.30,349.42,983.12,0.79,-1,-1,-1
111,11,722.26,358.85,19.93,56.64,0.82,-1,-1,-1
111,12,90.03,228.90,277.03,741.20,0.88,-1,-1,-1
111,14,700.54,358.10,20.07,57.35,0.84,-1,-1,-1
111,16,618.47,359.90,21.43,52.57,0.37,-1,-1,-1
111,17,392.04,365.68,31.08,94.26,0.72,-1,-1,-1
111,19,340.83,363.48,39.67,101.63,0.85,-1,-1,-1
111,20,372.84,366.47,29.93,99.27,0.79,-1,-1,-1
112,1,404.00,349.06,115.84,301.55,0.93,-1,-1,-1
112,2,506.45,341.15,102.51,320.89,0.93,-1,-1,-1
112,7,921.84,336.66,49.43,113.53,0.90,-1,-1,-1
112,8,890.79,346.82,63.81,112.27,0.90,-1,-1,-1
112,9,773.62,351.04,36.23,79.97,0.90,-1,-1,-1
112,10,-159.29,169.29,345.47,989.70,0.77,-1,-1,-1
112,11,721.64,358.82,19.84,57.02,0.84,-1,-1,-1
112,12,69.55,219.28,286.20,769.64,0.87,-1,-1,-1
112,14,699.72,357.86,20.48,57.88,0.83,-1,-1,-1
112,16,616.81,358.17,22.16,54.17,0.11,-1,-1,-1
112,17,389.74,366.13,31.35,93.87,0.62,-1,-1,-1
112,19,337.92,361.17,40.07,103.96,0.86,-1,-1,-1
112,20,370.69,366.79,29.26,99.07,0.75,-1,-1,-1
113,1,399.98,347.31,115.95,296.97,0.94,-1,-1,-1
113,2,501.86,340.16,102.51,319.28,0.94,-1,-1,-1
113,7,920.86,335.58,54.94,116.36,0.89,-1,-1,-1
113,8,892.19,348.04,64.93,111.49,0.90,-1,-1,-1
113,9,773.68,351.01,35.66,80.14,0.90,-1,-1,-1
113,10,-167.91,169.40,339.22,994.94,0.77,-1,-1,-1
113,11,721.16,358.83,20.40,57.16,0.84,-1,-1,-1
113,12,49.36,208.60,294.39,795.90,0.86,-1,-1,-1
113,14,699.17,357.79,20.63,58.07,0.83,-1,-1,-1
113,16,616.27,357.53,21.26,54.77,0.12,-1,-1,-1
113,17,383.60,365.10,32.95,95.82,0.64,-1,-1,-1
113,19,336.89,361.57,38.96,103.86,0.85,-1,-1,-1
113,20,369.78,366.92,28.34,99.54,0.75,-1,-1,-1
113,21,276.07,333.45,66.15,187.65,0.74,-1,-1,-1
114,1,396.57,346.25,116.76,293.42,0.94,-1,-1,-1
114,2,497.52,338.35,101.93,315.19,0.95,-1,-1,-1
114,7,918.02,335.25,63.58,117.45,0.90,-1,-1,-1
114,8,894.22,348.44,65.63,112.53,0.90,-1,-1,-1
114,9,774.05,351.51,34.83,80.22,0.90,-1,-1,-1
114,10,-185.63,171.67,340.56,992.67,0.68,-1,-1,-1
114,11,721.03,359.06,20.02,56.92,0.83,-1,-1,-1
114,12,21.33,199.64,308.81,832.08,0.85,-1,-1,-1
114,14,698.40,357.97,20.69,58.15,0.83,-1,-1,-1
114,16,614.92,357.94,19.69,51.47,0.14,-1,-1,-1
114,17,382.33,365.96,32.96,95.37,0.65,-1,-1,-1
114,19,334.79,361.33,39.38,104.56,0.87,-1,-1,-1
114,20,366.98,366.86,28.01,100.46,0.79,-1,-1,-1
114,21,276.78,334.60,62.96,185.98,0.87,-1,-1,-1
115,1,392.50,345.71,118.52,294.64,0.94,-1,-1,-1
115,2,493.67,337.37,102.28,311.17,0.95,-1,-1,-1
115,7,915.95,335.14,68.41,118.38,0.89,-1,-1,-1
115,8,895.17,348.28,65.54,114.36,0.92,-1,-1,-1
115,9,774.45,351.69,34.49,80.52,0.90,-1,-1,-1
115,10,-191.61,185.11,328.08,977.15,0.61,-1,-1,-1
115,11,720.97,359.27,19.87,56.22,0.82,-1,-1,-1
115,12,-6.48,193.98,324.10,859.26,0.84,-1,-1,-1
115,14,698.11,358.17,20.71,57.86,0.83,-1,-1,-1
115,16,614.50,358.55,19.10,48.62,0.38,-1,-1,-1
115,17,380.99,365.96,33.24,96.06,0.64,-1,-1,-1
115,19,332.87,361.09,40.09,104.90,0.86,-1,-1,-1
115,20,364.91,366.04,31.00,101.79,0.80,-1,-1,-1
115,21,271.31,334.82,65.15,190.87,0.88,-1,-1,-1
116,1,389.14,346.16,119.36,295.79,0.94,-1,-1,-1
116,2,489.97,336.75,103.04,306.74,0.95,-1,-1,-1
116,7,917.87,335.72,68.18,119.90,0.89,-1,-1,-1
116,8,897.30,348.98,64.30,115.19,0.92,-1,-1,-1
116,9,774.94,351.48,33.76,81.22,0.90,-1,-1,-1
116,10,-203.91,171.98,323.08,1034.47,0.51,-1,-1,-1
116,11,721.29,359.83,19.81,55.35,0.82,-1,-1,-1
116,12,-34.12,168.15,338.72,939.75,0.83,-1,-1,-1
116,14,698.05,358.58,20.72,57.15,0.83,-1,-1,-1
116,16,613.49,359.12,19.51,49.43,0.37,-1,-1,-1
116,17,379.21,366.44,32.46,94.83,0.40,-1,-1,-1
116,19,329.87,361.80,41.53,104.86,0.87,-1,-1,-1
116,20,363.90,365.03,34.12,102.71,0.79,-1,-1,-1
116,21,271.59,336.29,62.72,193.50,0.90,-1,-1,-1
117,1,385.78,346.32,119.53,298.06,0.94,-1,-1,-1
117,2,486.06,336.82,105.13,305.14,0.95,-1,-1,-1
117,7,918.36,335.34,68.83,121.62,0.90,-1,-1,-1
117,8,899.28,348.92,62.59,116.06,0.92,-1,-1,-1
117,9,775.46,351.07,33.48,81.78,0.90,-1,-1,-1
117,10,-217.84,166.81,319.88,1064.03,0.48,-1,-1,-1
117,11,721.46,359.41,19.80,55.93,0.82,-1,-1,-1
117,12,-61.60,152.53,353.30,1004.53,0.83,-1,-1,-1
117,14,697.78,359.00,21.31,57.18,0.84,-1,-1,-1
117,16,613.80,359.75,18.46,45.52,0.35,-1,-1,-1
117,17,374.76,365.24,32.75,96.75,0.69,-1,-1,-1
117,19,328.71,362.52,41.76,104.65,0.85,-1,-1,-1
117,20,362.31,366.13,31.29,102.10,0.76,-1,-1,-1
117,21,268.22,336.72,63.57,195.19,0.92,-1,-1,-1
118,1,382.53,346.78,121.04,300.28,0.94,-1,-1,-1
118,2,483.19,337.12,105.89,305.80,0.95,-1,-1,-1
118,7,924.48,336.06,63.57,121.06,0.88,-1,-1,-1
118,8,902.28,347.98,59.50,117.55,0.92,-1,-1,-1
118,9,776.49,351.18,32.77,81.68,0.90,-1,-1,-1
118,11,721.78,359.22,19.79,55.25,0.84,-1,-1,-1
118,12,-83.57,139.85,362.87,1056.22,0.80,-1,-1,-1
118,14,697.06,359.11,22.12,57.48,0.84,-1,-1,-1
118,16,612.40,359.48,19.30,49.93,0.17,-1,-1,-1
118,17,373.00,365.04,32.85,98.35,0.68,-1,-1,-1
118,19,326.59,362.88,42.69,105.29,0.85,-1,-1,-1
118,20,360.71,366.81,30.02,101.51,0.71,-1,-1,-1
118,21,264.63,336.78,65.46,196.26,0.93,-1,-1,-1
119,1,379.71,347.43,121.59,302.73,0.94,-1,-1,-1
119,2,480.52,337.56,106.75,306.65,0.95,-1,-1,-1
119,7,925.08,336.66,64.87,121.08,0.88,-1,-1,-1
119,8,904.55,347.77,57.08,118.51,0.92,-1,-1,-1
119,9,777.50,351.23,32.50,81.91,0.90,-1,-1,-1
119,11,722.25,359.16,19.78,55.58,0.84,-1,-1,-1
119,12,-102.96,131.34,366.23,1092.75,0.80,-1,-1,-1
119,14,696.25,359.46,23.01,57.58,0.84,-1,-1,-1
119,16,611.09,359.25,20.19,52.58,0.11,-1,-1,-1
119,17,372.65,365.42,32.58,97.30,0.76,-1,-1,-1
119,19,324.94,361.84,43.01,106.99,0.86,-1,-1,-1
119,20,358.15,367.37,29.24,101.25,0.80,-1,-1,-1
119,21,261.71,336.47,67.35,197.44,0.92,-1,-1,-1
120,1,376.55,349.46,123.12,305.45,0.94,-1,-1,-1
120,2,477.26,337.88,107.66,308.97,0.94,-1,-1,-1
120,7,930.54,337.93,60.68,120.16,0.88,-1,-1,-1
120,8,907.44,346.06,54.67,120.18,0.92,-1,-1,-1
120,9,778.47,351.24,32.40,82.29,0.90,-1,-1,-1
120,11,722.43,359.57,20.38,56.31,0.81,-1,-1,-1
120,12,-115.00,123.93,361.43,1112.35,0.76,-1,-1,-1
120,14,695.96,359.58,23.35,58.21,0.84,-1,-1,-1
120,17,373.36,365.56,31.58,97.77,0.65,-1,-1,-1
120,19,323.53,360.86,42.81,108.20,0.85,-1,-1,-1
120,20,357.30,367.28,30.47,101.42,0.79,-1,-1,-1
120,21,258.94,336.49,68.94,198.54,0.92,-1,-1,-1
120,22,202.72,331.20,57.60,206.10,0.85,-1,-1,-1
121,1,373.39,350.54,124.28,307.65,0.93,-1,-1,-1
121,2,474.68,339.22,108.00,309.86,0.94,-1,-1,-1
121,7,937.40,337.38,55.32,121.55,0.89,-1,-1,-1
121,8,910.54,345.12,52.87,121.95,0.92,-1,-1,-1
121,9,779.72,351.55,31.77,82.42,0.90,-1,-1,-1
121,11,722.20,360.04,21.19,57.17,0.81,-1,-1,-1
121,12,-157.44,110.69,387.70,1165.72,0.79,-1,-1,-1
121,14,695.86,359.93,23.47,58.15,0.85,-1,-1,-1
121,17,371.61,366.52,30.89,96.15,0.53,-1,-1,-1
121,19,322.35,359.47,42.99,110.55,0.86,-1,-1,-1
121,20,356.31,367.26,33.28,101.46,0.79,-1,-1,-1
121,21,257.29,336.66,69.19,199.32,0.93,-1,-1,-1
121,22,200.80,332.16,58.44,208.18,0.87,-1,-1,-1
122,1,371.09,351.35,123.52,309.85,0.92,-1,-1,-1
122,2,471.72,340.43,108.71,312.49,0.93,-1,-1,-1
122,7,945.41,336.55,48.33,123.25,0.88,-1,-1,-1
122,8,913.43,344.74,52.23,122.91,0.92,-1,-1,-1
122,9,780.77,351.79,31.53,82.76,0.91,-1,-1,-1
122,11,723.00,360.17,21.50,57.80,0.80,-1,-1,-1
122,12,-207.09,96.80,422.31,1212.48,0.75,-1,-1,-1
122,14,695.54,359.72,24.10,58.42,0.83,-1,-1,-1
122,17,371.30,365.34,33.67,97.63,0.62,-1,-1,-1
122,19,322.85,358.31,42.15,112.02,0.84,-1,-1,-1
122,20,355.80,367.05,34.34,100.12,0.76,-1,-1,-1
122,21,254.50,336.36,71.35,201.07,0.92,-1,-1,-1
122,22,195.37,331.29,61.89,212.42,0.89,-1,-1,-1
122,23,219.37,357.52,46.80,148.72,0.72,-1,-1,-1
123,1,373.03,352.69,117.59,310.53,0.91,-1,-1,-1
123,2,469.55,341.63,108.99,313.97,0.94,-1,-1,-1
123,7,952.63,337.39,41.97,122.11,0.77,-1,-1,-1
123,8,916.28,344.28,53.26,123.83,0.91,-1,-1,-1
123,9,782.09,352.00,30.86,82.89,0.90,-1,-1,-1
123,11,723.95,360.36,21.62,58.04,0.82,-1,-1,-1
123,12,-238.95,91.25,435.96,1248.75,0.73,-1,-1,-1
123,14,695.76,359.62,24.33,59.12,0.83,-1,-1,-1
123,17,362.23,365.05,35.55,99.52,0.77,-1,-1,-1
123,19,321.94,357.31,42.11,113.74,0.84,-1,-1,-1
123,21,252.06,335.95,71.85,202.58,0.93,-1,-1,-1
123,22,192.77,331.16,62.22,213.64,0.89,-1,-1,-1
123,23,218.81,355.06,45.03,152.41,0.74,-1,-1,-1
123,16,608.13,360.93,19.07,52.73,0.68,-1,-1,-1
124,1,367.76,352.89,121.21,311.89,0.92,-1,-1,-1
124,2,467.10,342.83,109.08,314.62,0.94,-1,-1,-1
124,7,959.38,335.46,39.85,124.59,0.83,-1,-1,-1
124,8,919.31,343.80,53.94,124.42,0.91,-1,-1,-1
124,9,782.83,352.21,31.22,82.91,0.90,-1,-1,-1
124,11,724.59,360.26,22.84,58.70,0.82,-1,-1,-1
124,12,-252.59,87.17,431.91,1293.24,0.49,-1,-1,-1
124,14,695.86,359.57,25.00,59.66,0.83,-1,-1,-1
124,17,362.82,365.40,34.25,98.58,0.45,-1,-1,-1
124,19,321.29,357.39,42.08,113.89,0.83,-1,-1,-1
124,21,250.58,335.80,71.10,203.64,0.92,-1,-1,-1
124,22,189.97,331.48,62.28,212.83,0.91,-1,-1,-1
124,23,215.93,355.30,46.45,152.43,0.78,-1,-1,-1
124,16,607.28,360.94,19.57,53.01,0.63,-1,-1,-1
124,24,132.86,354.15,59.40,164.70,0.85,-1,-1,-1
124,20,355.55,366.44,36.13,102.18,0.73,-1,-1,-1
125,1,365.93,353.53,120.99,309.40,0.92,-1,-1,-1
125,2,464.51,343.86,109.06,315.45,0.94,-1,-1,-1
125,7,962.68,334.04,41.77,127.26,0.83,-1,-1,-1
125,8,923.02,343.52,55.09,125.34,0.91,-1,-1,-1
125,9,783.96,351.72,31.35,83.79,0.89,-1,-1,-1
125,11,724.82,360.24,23.87,58.65,0.80,-1,-1,-1
125,12,-235.81,98.92,392.90,1259.43,0.41,-1,-1,-1
125,14,696.18,359.56,25.24,60.16,0.84,-1,-1,-1
125,19,319.49,357.57,43.23,113.75,0.82,-1,-1,-1
125,21,248.50,335.57,72.24,204.11,0.93,-1,-1,-1
125,22,187.67,331.41,62.46,214.58,0.91,-1,-1,-1
125,23,214.31,355.14,47.49,153.61,0.79,-1,-1,-1
125,16,607.03,361.10,19.72,52.80,0.61,-1,-1,-1
125,24,130.91,352.93,60.51,166.76,0.91,-1,-1,-1
125,20,355.71,365.98,37.30,105.02,0.78,-1,-1,-1
125,15,441.00,363.31,30.52,76.79,0.62,-1,-1,-1
126,1,365.92,352.24,115.57,308.44,0.93,-1,-1,-1
126,2,461.25,344.06,110.26,315.03,0.95,-1,-1,-1
126,7,968.05,334.03,41.21,127.97,0.86,-1,-1,-1
126,8,926.72,343.51,56.73,126.40,0.91,-1,-1,-1
126,9,785.27,351.48,32.01,84.42,0.89,-1,-1,-1
126,11,725.21,359.73,24.85,59.51,0.82,-1,-1,-1
126,12,-244.47,93.58,379.20,1263.29,0.26,-1,-1,-1
126,14,696.32,359.21,26.50,60.63,0.82,-1,-1,-1
126,19,318.10,357.79,43.96,113.52,0.83,-1,-1,-1
126,21,246.00,334.72,74.15,205.59,0.93,-1,-1,-1
126,22,184.38,330.74,63.53,216.73,0.91,-1,-1,-1
126,23,211.72,354.91,49.79,154.48,0.76,-1,-1,-1
126,16,606.66,361.26,20.37,52.72,0.62,-1,-1,-1
126,24,128.67,352.70,60.74,167.17,0.90,-1,-1,-1
126,20,354.90,365.65,37.74,106.78,0.77,-1,-1,-1
126,15,439.49,362.32,32.99,83.55,0.76,-1,-1,-1
127,1,363.17,351.17,116.07,306.89,0.93,-1,-1,-1
127,2,458.50,342.35,110.55,313.69,0.94,-1,-1,-1
127,7,972.90,335.41,43.53,128.35,0.86,-1,-1,-1
127,8,931.01,343.70,60.90,126.92,0.91,-1,-1,-1
127,9,786.63,351.27,32.26,85.25,0.89,-1,-1,-1
127,11,725.65,359.57,26.37,59.54,0.83,-1,-1,-1
127,12,-221.97,118.65,327.18,1151.79,0.21,-1,-1,-1
127,14,698.99,359.26,24.66,60.81,0.80,-1,-1,-1
127,19,317.19,357.02,44.81,114.29,0.81,-1,-1,-1
127,21,244.25,333.82,75.73,207.00,0.93,-1,-1,-1
127,22,181.01,330.37,65.26,217.91,0.90,-1,-1,-1
127,23,209.26,355.82,49.98,153.44,0.75,-1,-1,-1
127,16,606.56,361.05,20.62,52.99,0.67,-1,-1,-1
127,24,125.67,352.61,66.73,167.27,0.89,-1,-1,-1
127,20,353.59,364.96,38.18,107.42,0.73,-1,-1,-1
127,15,438.43,360.98,35.01,90.15,0.81,-1,-1,-1
128,1,363.30,349.20,114.32,305.73,0.93,-1,-1,-1
128,2,455.96,339.09,110.20,316.35,0.94,-1,-1,-1
128,7,972.25,335.89,55.13,128.78,0.87,-1,-1,-1
128,8,934.98,342.40,65.94,129.32,0.93,-1,-1,-1
128,9,788.07,350.84,32.95,86.15,0.88,-1,-1,-1
128,11,727.02,359.75,26.96,59.54,0.84,-1,-1,-1
128,14,700.41,358.62,24.48,61.46,0.78,-1,-1,-1
128,19,316.61,356.97,44.82,114.87,0.85,-1,-1,-1
128,21,242.05,332.97,75.42,208.54,0.92,-1,-1,-1
128,22,178.30,329.10,65.49,219.37,0.89,-1,-1,-1
128,23,207.24,354.95,49.03,154.18,0.81,-1,-1,-1
128,16,606.88,361.35,20.71,52.80,0.64,-1,-1,-1
128,24,122.92,351.34,72.00,168.47,0.90,-1,-1,-1
128,20,352.10,364.93,40.11,109.43,0.75,-1,-1,-1
128,15,437.34,360.37,36.79,96.44,0.83,-1,-1,-1
129,1,362.33,346.78,113.91,304.83,0.93,-1,-1,-1
129,2,454.03,336.78,110.29,313.91,0.94,-1,-1,-1
129,7,978.48,334.50,58.25,130.58,0.89,-1,-1,-1
129,8,940.67,342.99,72.51,129.51,0.94,-1,-1,-1
129,9,790.77,350.90,32.64,86.81,0.88,-1,-1,-1
129,11,727.95,360.65,27.77,58.67,0.84,-1,-1,-1
129,14,702.50,358.91,23.24,61.43,0.82,-1,-1,-1
129,19,315.02,357.24,45.43,114.96,0.83,-1,-1,-1
129,21,240.28,331.44,73.54,210.79,0.92,-1,-1,-1
129,22,175.53,327.24,65.21,220.24,0.90,-1,-1,-1
129,23,205.41,351.96,48.97,157.29,0.79,-1,-1,-1
129,16,607.37,360.96,20.76,53.04,0.70,-1,-1,-1
129,24,120.47,350.07,72.17,170.20,0.89,-1,-1,-1
129,20,352.50,363.73,40.57,110.35,0.75,-1,-1,-1
129,15,437.15,360.40,36.96,97.30,0.84,-1,-1,-1
129,25,294.30,355.95,39.15,127.35,0.74,-1,-1,-1
130,1,360.48,344.53,113.57,301.55,0.93,-1,-1,-1
130,2,452.73,335.92,110.70,309.88,0.94,-1,-1,-1
130,7,982.51,333.42,62.92,132.67,0.90,-1,-1,-1
130,8,945.04,341.06,78.45,132.31,0.94,-1,-1,-1
130,9,792.61,350.95,32.51,87.61,0.88,-1,-1,-1
130,11,729.43,360.56,27.48,59.20,0.85,-1,-1,-1
130,14,703.24,358.59,24.57,61.68,0.78,-1,-1,-1
130,19,313.55,356.90,46.51,115.37,0.82,-1,-1,-1
130,21,239.25,330.72,72.73,211.97,0.93,-1,-1,-1
130,22,172.61,326.11,66.01,221.20,0.90,-1,-1,-1
130,23,204.38,351.33,49.52,157.89,0.80,-1,-1,-1
130,16,607.88,360.52,20.76,53.71,0.70,-1,-1,-1
130,24,118.18,349.64,72.28,170.72,0.89,-1,-1,-1
130,20,348.27,364.59,42.17,107.84,0.68,-1,-1,-1
130,15,436.59,360.58,37.83,98.37,0.84,-1,-1,-1
130,25,293.91,357.10,38.10,126.35,0.71,-1,-1,-1
131,1,358.67,343.54,114.30,295.94,0.94,-1,-1,-1
131,2,451.44,334.72,112.56,308.94,0.95,-1,-1,-1
131,7,985.61,332.81,66.97,134.01,0.91,-1,-1,-1
131,8,949.98,342.17,81.90,133.62,0.95,-1,-1,-1
131,9,794.66,351.91,32.43,86.70,0.89,-1,-1,-1
131,11,731.08,360.11,26.74,60.28,0.87,-1,-1,-1
131,14,704.34,358.51,24.44,61.17,0.75,-1,-1,-1
131,19,313.19,357.21,46.59,115.05,0.84,-1,-1,-1
131,21,238.23,330.87,70.57,212.49,0.93,-1,-1,-1
131,22,171.36,325.07,66.24,224.18,0.90,-1,-1,-1
131,23,201.99,351.53,50.27,158.81,0.80,-1,-1,-1
131,16,608.34,360.67,20.74,53.66,0.66,-1,-1,-1
131,24,116.43,349.46,72.46,171.78,0.90,-1,-1,-1
131,20,351.89,363.88,40.14,106.66,0.73,-1,-1,-1
131,15,436.51,360.51,37.69,98.42,0.83,-1,-1,-1
131,25,291.22,357.66,38.94,127.56,0.71,-1,-1,-1
132,1,356.68,342.60,115.02,295.17,0.93,-1,-1,-1
132,2,450.58,334.45,113.67,305.25,0.95,-1,-1,-1
132,7,989.15,331.82,67.43,135.71,0.90,-1,-1,-1
132,8,954.27,341.84,83.23,135.60,0.95,-1,-1,-1
132,9,796.95,352.50,33.00,86.96,0.89,-1,-1,-1
132,11,732.63,359.87,26.43,61.30,0.85,-1,-1,-1
132,14,706.87,358.69,24.38,61.58,0.77,-1,-1,-1
132,19,312.61,358.08,46.88,114.19,0.85,-1,-1,-1
132,21,237.27,330.19,70.32,213.73,0.93,-1,-1,-1
132,22,170.19,324.97,65.83,226.21,0.90,-1,-1,-1
132,23,201.26,351.61,49.61,159.47,0.80,-1,-1,-1
132,16,608.84,361.22,20.73,53.05,0.70,-1,-1,-1
132,24,114.72,350.00,68.95,172.50,0.91,-1,-1,-1
132,15,437.49,360.96,36.29,96.66,0.83,-1,-1,-1
132,25,287.89,358.70,39.20,126.37,0.61,-1,-1,-1
133,1,355.15,342.12,117.15,295.87,0.93,-1,-1,-1
133,2,449.47,333.91,114.42,302.43,0.94,-1,-1,-1
133,7,994.29,333.05,65.25,134.49,0.90,-1,-1,-1
133,8,958.60,341.57,81.41,135.97,0.94,-1,-1,-1
133,9,799.18,353.05,33.22,87.30,0.89,-1,-1,-1
133,11,734.03,359.67,26.91,61.36,0.86,-1,-1,-1
133,14,708.05,358.52,24.96,61.11,0.78,-1,-1,-1
133,19,311.76,359.18,47.00,113.05,0.82,-1,-1,-1
133,21,236.31,329.83,70.57,215.41,0.93,-1,-1,-1
133,22,168.61,324.72,66.29,228.04,0.90,-1,-1,-1
133,23,199.59,351.40,49.90,160.83,0.81,-1,-1,-1
133,16,609.03,361.06,21.33,53.40,0.70,-1,-1,-1
133,24,113.37,350.59,68.49,172.96,0.91,-1,-1,-1
133,15,438.05,361.42,35.58,95.55,0.84,-1,-1,-1
133,25,286.81,361.04,39.60,123.87,0.68,-1,-1,-1
133,17,352.38,364.50,35.98,106.45,0.69,-1,-1,-1
134,1,354.40,341.84,118.56,295.71,0.93,-1,-1,-1
134,2,449.19,333.14,115.01,303.21,0.94,-1,-1,-1
134,7,1002.63,331.58,60.79,137.38,0.88,-1,-1,-1
134,8,962.53,342.63,82.94,136.34,0.95,-1,-1,-1
134,9,800.90,353.10,33.90,88.01,0.88,-1,-1,-1
134,11,735.17,359.44,27.08,61.66,0.86,-1,-1,-1
134,14,708.51,358.00,25.77,61.51,0.72,-1,-1,-1
134,19,311.38,360.36,46.44,111.86,0.72,-1,-1,-1
134,21,235.32,329.74,70.97,216.88,0.93,-1,-1,-1
134,22,166.82,324.38,67.05,229.25,0.90,-1,-1,-1
134,23,199.84,350.91,49.25,162.35,0.82,-1,-1,-1
134,16,610.04,361.59,21.55,52.63,0.67,-1,-1,-1
134,24,111.87,350.70,70.95,173.55,0.91,-1,-1,-1
134,15,438.18,361.32,36.33,96.25,0.82,-1,-1,-1
134,25,283.20,362.27,42.32,124.89,0.71,-1,-1,-1
134,17,350.32,364.81,38.52,108.03,0.71,-1,-1,-1
135,1,354.84,342.02,116.89,295.18,0.93,-1,-1,-1
135,2,448.81,332.54,116.41,305.44,0.94,-1,-1,-1
135,7,1011.15,330.89,57.79,139.51,0.86,-1,-1,-1
135,8,969.86,342.45,80.02,137.67,0.92,-1,-1,-1
135,9,803.34,353.09,34.16,88.60,0.88,-1,-1,-1
135,11,736.79,359.49,26.55,62.08,0.86,-1,-1,-1
135,14,711.92,358.24,24.31,61.98,0.82,-1,-1,-1
135,19,312.24,361.37,45.32,111.14,0.75,-1,-1,-1
135,21,234.30,330.11,71.42,217.90,0.93,-1,-1,-1
135,22,166.10,324.81,66.44,230.02,0.91,-1,-1,-1
135,23,197.33,349.35,50.80,164.29,0.83,-1,-1,-1
135,16,610.72,361.02,21.64,52.65,0.50,-1,-1,-1
135,24,109.86,350.24,72.18,174.55,0.91,-1,-1,-1
135,15,439.35,361.41,36.90,96.50,0.81,-1,-1,-1
135,25,282.70,362.76,42.63,126.40,0.73,-1,-1,-1
135,17,351.75,364.45,38.79,108.76,0.73,-1,-1,-1
136,1,355.66,343.37,114.87,300.30,0.93,-1,-1,-1
136,2,448.98,332.69,117.04,307.98,0.94,-1,-1,-1
136,7,1020.04,329.65,51.80,142.44,0.83,-1,-1,-1
136,8,977.77,342.43,76.38,138.67,0.92,-1,-1,-1
136,9,805.35,353.28,34.84,89.07,0.89,-1,-1,-1
136,11,738.24,359.70,26.33,62.20,0.84,-1,-1,-1
136,14,713.48,358.83,25.53,63.02,0.83,-1,-1,-1
136,19,312.74,363.29,45.17,109.33,0.82,-1,-1,-1
136,21,233.55,329.74,71.87,219.93,0.93,-1,-1,-1
136,22,165.45,324.48,66.84,231.36,0.92,-1,-1,-1
136,23,195.60,348.69,51.94,165.67,0.84,-1,-1,-1
136,16,611.01,360.40,22.25,54.43,0.45,-1,-1,-1
136,24,108.87,350.45,72.44,175.43,0.91,-1,-1,-1
136,15,439.90,361.21,38.26,97.69,0.81,-1,-1,-1
136,25,283.26,362.47,42.37,126.75,0.74,-1,-1,-1
136,17,353.09,364.22,38.28,109.41,0.76,-1,-1,-1
137,1,357.21,344.87,112.02,302.71,0.93,-1,-1,-1
137,2,449.69,333.45,116.08,310.04,0.95,-1,-1,-1
137,7,1028.68,328.83,47.03,143.83,0.84,-1,-1,-1
137,8,987.23,341.92,71.34,140.66,0.92,-1,-1,-1
137,9,807.57,352.84,35.09,90.43,0.89,-1,-1,-1
137,11,740.86,360.17,25.04,61.65,0.82,-1,-1,-1
137,14,714.96,359.14,26.56,63.41,0.82,-1,-1,-1
137,19,313.53,363.49,45.11,109.72,0.80,-1,-1,-1
137,21,233.15,329.70,72.34,220.83,0.93,-1,-1,-1
137,22,164.80,324.31,66.98,233.33,0.91,-1,-1,-1
137,23,195.19,348.25,52.15,166.61,0.83,-1,-1,-1
137,16,612.02,360.25,22.48,54.81,0.50,-1,-1,-1
137,24,107.83,350.47,73.88,176.05,0.91,-1,-1,-1
137,15,440.40,361.08,39.06,98.70,0.80,-1,-1,-1
137,25,284.00,360.09,42.85,129.36,0.76,-1,-1,-1
137,17,355.11,362.89,38.37,111.42,0.68,-1,-1,-1
138,1,358.15,345.92,110.65,304.33,0.93,-1,-1,-1
138,2,450.33,334.53,115.67,311.53,0.94,-1,-1,-1
138,7,1036.40,328.27,47.90,145.48,0.83,-1,-1,-1
138,8,998.40,341.60,64.51,141.50,0.91,-1,-1,-1
138,9,809.50,352.69,35.18,91.51,0.89,-1,-1,-1
138,11,742.66,360.21,24.54,61.72,0.83,-1,-1,-1
138,14,717.51,359.57,26.36,63.54,0.83,-1,-1,-1
138,19,313.43,363.87,45.08,109.86,0.80,-1,-1,-1
138,21,233.09,329.57,72.50,221.83,0.94,-1,-1,-1
138,22,164.53,323.98,67.31,235.17,0.91,-1,-1,-1
138,23,195.07,349.01,51.98,166.61,0.84,-1,-1,-1
138,16,612.97,359.63,22.56,55.53,0.54,-1,-1,-1
138,24,106.81,351.84,74.82,175.48,0.90,-1,-1,-1
138,15,441.03,360.90,39.20,99.03,0.82,-1,-1,-1
138,25,284.06,359.07,43.30,131.35,0.77,-1,-1,-1
138,17,355.92,363.14,38.98,112.29,0.67,-1,-1,-1
139,1,359.19,347.18,109.86,307.86,0.93,-1,-1,-1
139,2,451.25,335.50,114.89,312.64,0.95,-1,-1,-1
139,7,1043.77,329.64,49.41,144.41,0.80,-1,-1,-1
139,8,1008.37,340.56,60.74,144.12,0.91,-1,-1,-1
139,9,811.03,352.14,36.97,93.07,0.88,-1,-1,-1
139,11,744.78,359.89,24.36,62.32,0.85,-1,-1,-1
139,14,719.62,359.54,26.86,63.57,0.84,-1,-1,-1
139,19,313.76,363.80,45.06,109.45,0.81,-1,-1,-1
139,21,232.73,329.35,73.43,223.16,0.93,-1,-1,-1
139,22,164.13,323.25,67.56,236.97,0.91,-1,-1,-1
139,23,196.28,350.63,50.77,165.80,0.85,-1,-1,-1
139,16,613.64,360.24,21.99,55.20,0.51,-1,-1,-1
139,24,105.44,351.59,76.87,175.96,0.90,-1,-1,-1
139,15,442.04,360.21,39.67,100.27,0.82,-1,-1,-1
139,25,284.05,358.34,43.44,133.25,0.80,-1,-1,-1
139,17,357.19,362.32,39.49,113.75,0.77,-1,-1,-1
140,1,361.96,348.28,106.64,309.24,0.93,-1,-1,-1
140,2,452.06,336.34,114.51,314.14,0.94,-1,-1,-1
140,7,1048.79,336.04,52.41,138.04,0.58,-1,-1,-1
140,8,1017.92,339.66,59.50,146.13,0.89,-1,-1,-1
140,9,813.97,351.45,36.50,94.54,0.89,-1,-1,-1
140,11,746.46,359.00,24.31,63.45,0.87,-1,-1,-1
140,14,721.60,359.06,26.47,64.47,0.84,-1,-1,-1
140,19,313.70,363.66,45.07,110.07,0.82,-1,-1,-1
140,21,232.42,329.03,73.83,224.54,0.93,-1,-1,-1
140,22,163.35,322.30,68.73,238.68,0.91,-1,-1,-1
140,23,196.34,349.97,50.56,167.12,0.84,-1,-1,-1
140,16,613.88,360.77,21.78,54.77,0.36,-1,-1,-1
140,24,104.36,350.07,77.96,177.64,0.90,-1,-1,-1
140,15,442.98,359.54,39.85,101.02,0.83,-1,-1,-1
140,25,284.63,357.51,43.49,134.86,0.81,-1,-1,-1
140,17,357.05,363.08,40.29,113.86,0.81,-1,-1,-1
141,1,364.52,349.05,104.20,310.76,0.93,-1,-1,-1
141,2,452.82,337.63,113.85,314.83,0.94,-1,-1,-1
141,7,1058.66,330.39,53.52,145.19,0.80,-1,-1,-1
141,8,1025.28,338.88,60.32,148.47,0.90,-1,-1,-1
141,9,817.04,351.17,36.87,94.78,0.89,-1,-1,-1
141,11,747.87,359.07,24.88,63.56,0.86,-1,-1,-1
141,14,723.42,359.14,26.29,65.09,0.83,-1,-1,-1
141,19,313.98,364.39,45.05,109.11,0.79,-1,-1,-1
141,21,232.05,328.22,74.82,225.89,0.93,-1,-1,-1
141,22,162.68,321.41,69.72,239.99,0.92,-1,-1,-1
141,23,195.58,349.76,51.57,167.73,0.83,-1,-1,-1
141,16,613.32,360.92,21.68,54.90,0.45,-1,-1,-1
141,24,103.36,348.33,79.03,179.28,0.90,-1,-1,-1
141,15,444.04,359.51,40.32,101.26,0.85,-1,-1,-1
141,25,285.49,356.51,43.47,135.43,0.82,-1,-1,-1
141,17,357.73,363.59,40.86,113.56,0.79,-1,-1,-1
142,1,365.77,348.94,103.09,311.48,0.93,-1,-1,-1
142,2,453.61,338.76,112.89,316.29,0.94,-1,-1,-1
142,7,1066.46,328.03,61.06,149.82,0.85,-1,-1,-1
142,8,1029.61,337.99,66.75,151.39,0.89,-1,-1,-1
142,9,818.21,350.63,39.37,95.44,0.88,-1,-1,-1
142,11,750.80,358.68,24.51,63.89,0.85,-1,-1,-1
142,14,725.60,358.60,26.23,65.62,0.84,-1,-1,-1
142,19,313.22,364.27,45.96,109.21,0.83,-1,-1,-1
142,21,231.66,327.70,75.81,226.97,0.93,-1,-1,-1
142,22,162.03,320.12,69.22,241.78,0.91,-1,-1,-1
142,23,195.49,350.07,51.22,167.05,0.86,-1,-1,-1
142,16,613.45,361.45,21.65,54.35,0.38,-1,-1,-1
142,24,103.25,347.62,79.14,180.04,0.90,-1,-1,-1
142,15,445.93,358.97,38.74,101.31,0.85,-1,-1,-1
142,25,286.76,355.60,42.56,135.91,0.84,-1,-1,-1
142,17,358.46,361.92,40.49,115.64,0.73,-1,-1,-1
143,1,365.91,348.54,103.91,308.69,0.93,-1,-1,-1
143,2,454.35,338.84,112.04,316.76,0.94,-1,-1,-1
143,7,1066.43,328.98,78.51,150.25,0.66,-1,-1,-1
143,8,1034.50,336.75,76.04,154.19,0.88,-1,-1,-1
143,9,822.57,350.24,37.99,95.05,0.88,-1,-1,-1
143,11,752.95,357.90,24.36,64.59,0.87,-1,-1,-1
143,14,727.47,358.64,26.79,65.50,0.84,-1,-1,-1
143,19,312.06,363.86,47.76,110.13,0.84,-1,-1,-1
143,21,231.27,326.86,76.14,227.87,0.93,-1,-1,-1
143,22,159.20,317.37,72.11,244.58,0.91,-1,-1,-1
143,23,194.77,349.69,51.50,167.17,0.86,-1,-1,-1
143,16,615.81,361.02,21.04,53.82,0.48,-1,-1,-1
143,24,103.02,344.33,78.67,183.22,0.89,-1,-1,-1
143,15,447.80,358.57,38.68,101.27,0.84,-1,-1,-1
143,25,287.87,354.62,41.58,136.03,0.85,-1,-1,-1
143,17,358.44,361.83,42.40,115.50,0.74,-1,-1,-1
144,1,365.25,346.28,105.91,307.62,0.93,-1,-1,-1
144,2,454.69,337.82,111.73,316.49,0.95,-1,-1,-1
144,7,1072.55,332.20,83.26,146.64,0.85,-1,-1,-1
144,8,1039.81,335.71,92.07,156.98,0.90,-1,-1,-1
144,9,826.34,350.26,37.99,94.88,0.88,-1,-1,-1
144,11,755.56,357.62,24.91,64.55,0.87,-1,-1,-1
144,14,730.27,358.37,25.81,65.73,0.83,-1,-1,-1
144,19,311.99,364.00,48.73,109.59,0.78,-1,-1,-1
144,21,231.05,325.67,75.67,229.36,0.93,-1,-1,-1
144,22,157.57,316.06,73.25,245.89,0.92,-1,-1,-1
144,23,194.58,348.81,51.90,168.25,0.87,-1,-1,-1
144,16,617.65,361.60,20.80,53.03,0.36,-1,-1,-1
144,24,102.88,343.40,79.34,184.12,0.90,-1,-1,-1
144,15,448.98,357.99,39.39,100.94,0.82,-1,-1,-1
144,25,289.86,353.82,40.91,136.19,0.84,-1,-1,-1
144,17,359.23,360.48,43.98,115.86,0.75,-1,-1,-1
145,1,364.05,344.24,108.76,305.38,0.94,-1,-1,-1
145,2,455.06,336.53,111.61,315.43,0.95,-1,-1,-1
145,7,1079.15,328.83,91.87,151.29,0.81,-1,-1,-1
145,8,1055.38,335.62,95.20,157.95,0.90,-1,-1,-1
145,9,829.95,349.52,37.98,95.97,0.90,-1,-1,-1
145,11,758.46,357.51,24.52,64.21,0.86,-1,-1,-1
145,14,732.64,358.26,25.42,65.80,0.83,-1,-1,-1
145,19,313.53,362.84,48.50,109.67,0.73,-1,-1,-1
145,21,230.66,323.76,75.76,231.33,0.93,-1,-1,-1
145,22,155.71,314.86,72.27,244.07,0.92,-1,-1,-1
145,23,194.43,348.34,51.82,168.17,0.87,-1,-1,-1
145,16,619.43,361.52,20.72,53.03,0.24,-1,-1,-1
145,24,103.95,344.41,77.79,182.76,0.90,-1,-1,-1
145,15,450.96,357.93,40.68,100.47,0.84,-1,-1,-1
145,25,290.55,353.53,41.25,136.51,0.80,-1,-1,-1
145,17,360.79,360.86,43.12,113.28,0.64,-1,-1,-1
146,1,363.27,342.57,111.33,303.37,0.93,-1,-1,-1
146,2,455.63,334.69,110.23,314.61,0.95,-1,-1,-1
146,7,1087.88,330.97,97.54,152.27,0.61,-1,-1,-1
146,8,1065.83,334.00,102.05,160.19,0.92,-1,-1,-1
146,9,833.63,349.11,39.15,96.38,0.89,-1,-1,-1
146,11,761.30,357.04,24.97,64.68,0.87,-1,-1,-1
146,14,734.98,357.79,25.28,66.13,0.83,-1,-1,-1
146,19,316.77,359.12,47.22,112.70,0.80,-1,-1,-1
146,21,230.12,322.45,76.16,232.66,0.93,-1,-1,-1
146,22,154.54,313.09,72.01,244.38,0.91,-1,-1,-1
146,23,193.97,347.56,52.15,168.73,0.87,-1,-1,-1
146,16,620.67,360.44,20.69,53.64,0.19,-1,-1,-1
146,24,103.45,334.84,79.84,192.51,0.88,-1,-1,-1
146,15,452.70,357.62,37.21,100.57,0.84,-1,-1,-1
146,25,290.62,351.94,41.38,138.71,0.80,-1,-1,-1
146,17,361.80,360.27,42.16,114.22,0.57,-1,-1,-1
147,1,363.04,340.51,112.18,297.30,0.93,-1,-1,-1
147,2,456.69,333.16,108.52,305.42,0.94,-1,-1,-1
147,7,1102.53,323.34,94.25,160.89,0.76,-1,-1,-1
147,8,1074.44,333.04,109.23,163.52,0.92,-1,-1,-1
147,9,837.33,348.15,40.17,97.13,0.90,-1,-1,-1
147,11,763.79,356.65,25.73,65.16,0.88,-1,-1,-1
147,14,737.28,356.79,25.83,67.15,0.82,-1,-1,-1
147,19,320.01,356.45,45.81,115.19,0.79,-1,-1,-1
147,21,229.54,321.12,76.89,234.36,0.93,-1,-1,-1
147,22,155.08,312.19,72.78,248.38,0.91,-1,-1,-1
147,23,193.49,347.02,52.20,168.66,0.88,-1,-1,-1
147,16,622.28,360.10,21.28,53.59,0.13,-1,-1,-1
147,24,104.26,340.80,78.39,186.68,0.90,-1,-1,-1
147,15,455.52,357.72,35.33,100.61,0.85,-1,-1,-1
147,25,291.15,350.22,41.73,140.44,0.76,-1,-1,-1
147,17,362.84,361.89,40.28,113.10,0.58,-1,-1,-1
148,1,364.62,339.57,111.49,291.41,0.93,-1,-1,-1
148,2,457.89,332.54,106.87,311.44,0.95,-1,-1,-1
148,7,1110.68,327.32,94.99,159.62,0.70,-1,-1,-1
148,8,1081.21,332.74,115.44,165.91,0.92,-1,-1,-1
148,9,840.78,348.74,43.49,96.81,0.90,-1,-1,-1
148,11,766.51,356.88,26.61,64.74,0.88,-1,-1,-1
148,14,740.23,357.38,25.45,66.93,0.81,-1,-1,-1
148,19,321.40,357.18,44.69,114.51,0.64,-1,-1,-1
148,21,229.53,320.77,77.33,235.55,0.93,-1,-1,-1
148,22,154.02,309.50,75.01,252.67,0.90,-1,-1,-1
148,23,194.11,346.96,51.93,169.81,0.86,-1,-1,-1
148,16,624.10,360.66,23.29,54.17,0.16,-1,-1,-1
148,24,104.19,340.56,78.40,187.39,0.88,-1,-1,-1
148,15,457.61,358.02,33.90,99.72,0.83,-1,-1,-1
148,25,292.28,350.89,43.96,140.48,0.76,-1,-1,-1
148,17,364.30,361.14,40.48,114.76,0.57,-1,-1,-1
149,1,366.35,339.20,111.56,289.16,0.93,-1,-1,-1
149,2,459.27,332.00,105.57,310.87,0.95,-1,-1,-1
149,8,1093.04,332.45,114.41,167.28,0.90,-1,-1,-1
149,9,844.80,348.88,46.43,97.52,0.91,-1,-1,-1
149,11,769.14,356.69,26.93,65.44,0.88,-1,-1,-1
149,14,743.26,358.23,25.27,66.21,0.77,-1,-1,-1
149,19,320.17,358.46,46.05,114.04,0.68,-1,-1,-1
149,21,230.13,320.01,77.11,237.34,0.93,-1,-1,-1
149,22,154.21,310.95,75.17,253.11,0.91,-1,-1,-1
149,23,195.94,347.17,51.24,171.05,0.87,-1,-1,-1
149,16,631.37,360.57,20.56,54.06,0.13,-1,-1,-1
149,24,105.20,342.93,77.43,185.63,0.90,-1,-1,-1
149,15,460.33,358.26,32.90,96.33,0.80,-1,-1,-1
149,25,293.25,351.70,42.11,139.80,0.78,-1,-1,-1
149,17,366.40,359.62,41.41,117.40,0.47,-1,-1,-1
