0,1,142.88,213.52,294.30,718.88,0.93,-1,-1,-1
0,2,381.60,252.45,238.50,612.00,0.92,-1,-1,-1
0,3,618.75,276.52,113.40,340.87,0.91,-1,-1,-1
0,4,582.75,416.70,126.90,433.80,0.87,-1,-1,-1
0,5,404.77,319.95,50.40,137.25,0.77,-1,-1,-1
0,6,374.40,323.32,41.40,129.15,0.70,-1,-1,-1
1,1,137.99,214.25,299.23,728.97,0.92,-1,-1,-1
1,2,380.91,252.59,238.78,617.91,0.92,-1,-1,-1
1,3,622.55,277.23,112.76,342.10,0.90,-1,-1,-1
1,4,581.08,417.71,130.97,445.06,0.87,-1,-1,-1
1,5,405.87,320.14,49.68,139.69,0.80,-1,-1,-1
1,6,374.30,324.49,41.84,128.46,0.76,-1,-1,-1
1,7,603.90,333.67,16.20,40.95,0.72,-1,-1,-1
2,1,133.83,214.27,302.45,735.17,0.92,-1,-1,-1
2,2,380.06,254.04,241.09,624.62,0.92,-1,-1,-1
2,3,626.39,275.95,112.73,346.22,0.90,-1,-1,-1
2,4,579.45,418.26,135.25,447.79,0.88,-1,-1,-1
2,5,405.87,320.38,50.65,142.06,0.80,-1,-1,-1
2,6,371.82,324.37,46.15,136.48,0.80,-1,-1,-1
2,7,605.69,333.70,15.51,40.63,0.70,-1,-1,-1
2,8,596.25,333.45,16.20,42.30,0.72,-1,-1,-1
3,1,127.97,211.02,305.98,741.19,0.92,-1,-1,-1
3,2,378.69,254.01,243.58,629.19,0.91,-1,-1,-1
3,3,629.93,275.04,113.36,349.79,0.91,-1,-1,-1
3,4,579.30,417.72,139.22,457.37,0.87,-1,-1,-1
3,5,406.44,320.29,50.94,144.43,0.79,-1,-1,-1
3,6,371.45,324.17,47.20,137.63,0.82,-1,-1,-1
3,7,606.53,333.63,16.08,41.27,0.67,-1,-1,-1
3,8,597.40,333.39,16.23,42.70,0.62,-1,-1,-1
4,1,121.98,211.74,309.04,739.64,0.92,-1,-1,-1
4,2,376.38,256.93,250.29,633.02,0.92,-1,-1,-1
4,3,630.47,274.45,115.48,353.43,0.89,-1,-1,-1
4,4,579.14,417.52,141.61,465.49,0.88,-1,-1,-1
4,5,406.35,320.06,51.64,147.25,0.75,-1,-1,-1
4,6,372.10,324.40,46.43,139.06,0.86,-1,-1,-1
4,7,607.92,333.74,15.56,41.46,0.72,-1,-1,-1
4,8,598.68,333.92,15.55,42.43,0.71,-1,-1,-1
5,1,115.78,209.57,312.34,742.91,0.92,-1,-1,-1
5,2,374.60,256.73,253.70,637.20,0.92,-1,-1,-1
5,3,634.98,273.97,114.79,356.62,0.89,-1,-1,-1
5,4,578.76,417.04,143.42,471.96,0.87,-1,-1,-1
5,5,408.46,319.93,49.89,144.24,0.82,-1,-1,-1
5,6,373.10,324.56,46.96,140.17,0.87,-1,-1,-1
5,7,608.93,333.71,15.35,41.14,0.69,-1,-1,-1
5,8,599.93,333.82,15.29,42.31,0.73,-1,-1,-1
5,9,1201.50,303.52,36.00,91.80,0.72,-1,-1,-1
5,10,1151.10,301.50,46.80,104.85,0.71,-1,-1,-1
6,1,109.62,207.35,316.11,745.24,0.92,-1,-1,-1
6,2,371.16,258.93,257.93,637.54,0.90,-1,-1,-1
6,3,639.28,270.04,114.60,363.21,0.89,-1,-1,-1
6,4,578.27,416.32,145.30,473.72,0.87,-1,-1,-1
6,5,409.64,320.20,48.64,141.25,0.82,-1,-1,-1
6,6,373.09,324.46,47.77,141.65,0.86,-1,-1,-1
6,7,609.82,333.38,15.29,41.71,0.70,-1,-1,-1
6,8,600.53,333.09,15.93,42.98,0.77,-1,-1,-1
6,9,1204.72,303.84,37.50,96.94,0.73,-1,-1,-1
7,1,104.50,206.91,317.24,746.60,0.92,-1,-1,-1
7,2,368.73,261.19,260.32,637.88,0.91,-1,-1,-1
7,3,645.69,269.35,110.74,367.70,0.89,-1,-1,-1
7,4,577.55,415.15,147.66,476.58,0.89,-1,-1,-1
7,5,411.10,320.37,47.24,138.49,0.81,-1,-1,-1
7,6,374.02,324.35,48.93,141.87,0.87,-1,-1,-1
7,7,610.75,332.99,15.28,41.24,0.67,-1,-1,-1
7,8,601.68,333.38,15.48,42.53,0.71,-1,-1,-1
7,9,1207.47,304.43,39.16,97.58,0.72,-1,-1,-1
8,1,100.18,206.88,318.06,746.14,0.92,-1,-1,-1
8,2,364.11,263.85,263.66,643.81,0.91,-1,-1,-1
8,3,650.95,267.51,108.70,371.92,0.90,-1,-1,-1
8,4,577.90,412.93,149.06,485.14,0.89,-1,-1,-1
8,5,411.09,320.16,47.72,138.44,0.81,-1,-1,-1
8,6,374.82,324.19,48.42,141.85,0.86,-1,-1,-1
8,7,612.27,332.74,14.64,40.11,0.69,-1,-1,-1
8,8,603.29,333.05,15.33,41.08,0.72,-1,-1,-1
8,9,1210.65,304.20,39.72,97.74,0.64,-1,-1,-1
9,1,94.18,204.99,321.06,746.59,0.91,-1,-1,-1
9,2,360.07,266.36,265.38,641.58,0.91,-1,-1,-1
9,3,654.54,267.52,108.01,374.54,0.90,-1,-1,-1
9,4,577.46,412.18,151.29,486.30,0.89,-1,-1,-1
9,5,411.54,319.99,48.21,140.90,0.80,-1,-1,-1
9,6,376.19,324.05,47.58,142.22,0.86,-1,-1,-1
9,7,613.40,332.71,14.42,40.02,0.63,-1,-1,-1
9,8,604.12,332.67,15.28,41.53,0.66,-1,-1,-1
9,9,1214.10,303.66,39.84,98.43,0.73,-1,-1,-1
10,1,89.19,202.22,320.18,749.55,0.91,-1,-1,-1
10,2,354.88,268.41,271.62,640.76,0.91,-1,-1,-1
10,3,661.89,268.74,104.18,376.03,0.90,-1,-1,-1
10,4,578.88,412.83,152.16,482.99,0.88,-1,-1,-1
10,5,412.91,320.23,47.22,139.10,0.82,-1,-1,-1
10,6,376.85,323.68,47.56,142.64,0.87,-1,-1,-1
10,7,615.07,332.82,14.36,39.08,0.71,-1,-1,-1
10,8,605.36,332.96,15.27,40.46,0.70,-1,-1,-1
10,9,1215.95,302.71,42.44,99.32,0.59,-1,-1,-1
11,1,83.12,199.62,318.73,750.54,0.91,-1,-1,-1
11,2,349.76,268.73,277.45,641.87,0.90,-1,-1,-1
11,3,666.41,268.30,102.69,379.58,0.90,-1,-1,-1
11,4,580.51,413.75,152.80,475.41,0.88,-1,-1,-1
11,5,413.97,319.61,47.73,140.49,0.81,-1,-1,-1
11,6,377.68,323.29,47.79,142.53,0.87,-1,-1,-1
11,7,616.11,332.49,14.33,39.96,0.65,-1,-1,-1
11,8,606.26,332.55,15.26,41.62,0.72,-1,-1,-1
11,9,1220.98,302.48,40.83,100.18,0.43,-1,-1,-1
11,11,491.40,294.97,79.20,214.88,0.72,-1,-1,-1
12,1,81.08,196.71,316.10,752.47,0.91,-1,-1,-1
12,2,344.79,267.94,282.88,644.74,0.90,-1,-1,-1
12,3,670.99,266.65,101.69,383.87,0.90,-1,-1,-1
12,4,582.39,414.48,153.70,472.81,0.88,-1,-1,-1
12,5,414.03,318.98,49.17,141.50,0.81,-1,-1,-1
12,6,378.42,323.06,47.00,141.71,0.86,-1,-1,-1
12,7,617.42,332.09,14.34,40.59,0.67,-1,-1,-1
12,8,607.51,332.42,15.27,41.74,0.75,-1,-1,-1
12,9,1226.05,302.76,40.17,100.17,0.27,-1,-1,-1
12,11,488.83,290.86,85.11,255.19,0.80,-1,-1,-1
13,1,76.76,192.54,313.35,754.35,0.91,-1,-1,-1
13,2,340.98,265.69,286.49,645.75,0.90,-1,-1,-1
13,3,675.86,264.51,100.72,389.24,0.92,-1,-1,-1
13,4,581.63,414.97,156.87,473.90,0.88,-1,-1,-1
13,5,415.70,318.37,48.95,140.51,0.82,-1,-1,-1
13,6,378.86,322.58,47.26,140.77,0.86,-1,-1,-1
13,7,618.18,331.73,14.95,42.04,0.65,-1,-1,-1
13,8,608.26,331.86,15.27,42.10,0.69,-1,-1,-1
13,9,1232.68,301.83,38.65,92.75,0.37,-1,-1,-1
13,11,488.79,286.27,90.34,270.70,0.81,-1,-1,-1
14,1,72.59,189.67,314.35,758.36,0.92,-1,-1,-1
14,2,338.99,259.87,289.54,653.88,0.89,-1,-1,-1
14,3,682.68,262.45,97.97,393.17,0.92,-1,-1,-1
14,4,581.34,414.48,159.21,477.22,0.87,-1,-1,-1
14,5,417.02,318.02,48.71,138.37,0.83,-1,-1,-1
14,6,378.81,321.99,47.95,139.53,0.86,-1,-1,-1
14,7,619.64,331.64,15.18,42.59,0.65,-1,-1,-1
14,8,608.80,331.85,15.88,41.95,0.72,-1,-1,-1
14,9,1234.44,303.61,35.59,95.33,0.14,-1,-1,-1
14,11,495.67,290.03,87.43,260.84,0.80,-1,-1,-1
15,1,69.01,184.90,320.25,766.77,0.91,-1,-1,-1
15,2,338.48,254.20,288.35,659.48,0.89,-1,-1,-1
15,3,687.52,260.80,98.03,396.48,0.92,-1,-1,-1
15,4,583.88,413.80,157.36,479.63,0.85,-1,-1,-1
15,5,417.55,317.62,48.54,137.88,0.82,-1,-1,-1
15,6,378.69,321.16,47.82,139.05,0.85,-1,-1,-1
15,7,620.49,331.29,15.24,41.31,0.71,-1,-1,-1
15,8,609.91,331.67,15.49,41.89,0.73,-1,-1,-1
15,9,1233.85,301.34,43.34,105.08,0.35,-1,-1,-1
15,11,501.20,290.00,84.00,242.91,0.77,-1,-1,-1
16,1,67.42,183.00,326.27,775.26,0.92,-1,-1,-1
16,2,341.02,251.52,287.67,658.10,0.88,-1,-1,-1
16,3,692.96,260.44,98.38,399.89,0.93,-1,-1,-1
16,4,589.06,412.68,153.36,480.28,0.85,-1,-1,-1
16,5,418.45,317.89,48.74,138.57,0.82,-1,-1,-1
16,6,379.52,321.17,47.86,140.02,0.86,-1,-1,-1
16,7,621.65,331.28,15.89,41.09,0.74,-1,-1,-1
16,8,611.48,332.04,15.36,40.95,0.76,-1,-1,-1
16,9,1238.07,298.85,42.49,112.09,0.46,-1,-1,-1
16,11,507.33,287.28,82.36,232.20,0.79,-1,-1,-1
17,1,65.79,184.77,331.06,781.01,0.91,-1,-1,-1
17,2,343.56,249.34,285.00,666.66,0.88,-1,-1,-1
17,3,698.15,258.40,100.41,405.30,0.92,-1,-1,-1
17,4,584.74,412.80,157.82,471.78,0.84,-1,-1,-1
17,5,418.75,317.71,48.23,138.55,0.80,-1,-1,-1
17,6,380.10,320.59,48.18,142.95,0.86,-1,-1,-1
17,7,623.27,331.29,15.55,40.11,0.57,-1,-1,-1
17,8,612.66,332.02,15.32,40.91,0.74,-1,-1,-1
17,9,1243.31,299.15,42.04,106.42,0.70,-1,-1,-1
17,11,507.57,284.67,92.22,255.48,0.81,-1,-1,-1
18,1,64.10,189.81,337.23,782.69,0.91,-1,-1,-1
18,2,349.43,248.32,275.80,670.47,0.89,-1,-1,-1
18,3,701.93,255.90,101.66,430.21,0.91,-1,-1,-1
18,4,590.14,414.09,148.00,471.94,0.84,-1,-1,-1
18,5,419.54,317.42,48.44,139.15,0.80,-1,-1,-1
18,6,380.88,320.44,48.24,142.38,0.87,-1,-1,-1
18,7,624.35,331.73,15.39,38.22,0.63,-1,-1,-1
18,8,613.58,332.15,15.29,40.60,0.78,-1,-1,-1
18,9,1248.54,299.06,41.80,114.81,0.47,-1,-1,-1
18,11,511.82,284.58,88.84,249.70,0.80,-1,-1,-1
18,12,1208.70,306.45,50.40,128.70,0.71,-1,-1,-1
19,1,64.67,194.84,338.05,785.18,0.90,-1,-1,-1
19,2,356.78,249.83,266.24,671.98,0.89,-1,-1,-1
19,3,703.46,255.74,112.36,448.62,0.90,-1,-1,-1
19,4,592.20,415.27,140.44,467.33,0.84,-1,-1,-1
19,5,422.43,317.41,47.63,137.61,0.81,-1,-1,-1
19,6,381.52,320.78,49.46,145.77,0.89,-1,-1,-1
19,7,625.60,331.67,15.34,38.77,0.67,-1,-1,-1
19,8,614.76,331.83,15.29,41.40,0.77,-1,-1,-1
19,9,1252.93,299.40,40.50,117.27,0.46,-1,-1,-1
19,11,511.32,283.72,97.91,263.03,0.85,-1,-1,-1
19,12,1212.73,306.09,51.93,131.72,0.62,-1,-1,-1
20,1,67.03,199.73,339.97,788.78,0.90,-1,-1,-1
20,2,366.50,251.62,254.86,671.60,0.90,-1,-1,-1
20,3,707.84,256.75,111.18,459.46,0.91,-1,-1,-1
20,4,592.32,417.38,137.13,466.06,0.85,-1,-1,-1
20,5,424.36,317.25,47.65,139.49,0.82,-1,-1,-1
20,6,382.29,321.07,50.53,148.26,0.89,-1,-1,-1
20,7,626.96,331.80,15.33,38.68,0.74,-1,-1,-1
20,8,616.10,332.01,14.69,41.12,0.73,-1,-1,-1
20,9,1258.90,299.81,36.37,105.91,0.30,-1,-1,-1
20,11,512.91,283.12,101.16,270.71,0.84,-1,-1,-1
20,12,1216.71,305.93,52.26,130.29,0.37,-1,-1,-1
20,13,291.15,317.25,69.30,205.65,0.76,-1,-1,-1
21,1,67.96,203.18,346.25,792.05,0.90,-1,-1,-1
21,2,370.81,253.25,251.05,669.60,0.89,-1,-1,-1
21,3,710.26,257.02,116.48,468.96,0.92,-1,-1,-1
21,4,594.47,418.95,132.23,464.29,0.85,-1,-1,-1
21,5,424.98,317.14,48.25,140.56,0.84,-1,-1,-1
21,6,382.48,320.97,51.50,149.55,0.89,-1,-1,-1
21,7,627.44,331.39,15.92,40.79,0.70,-1,-1,-1
21,8,617.18,331.77,15.08,40.73,0.65,-1,-1,-1
21,11,517.49,282.43,104.68,268.62,0.86,-1,-1,-1
21,12,1220.09,305.15,53.70,135.74,0.53,-1,-1,-1
21,13,292.03,316.00,70.87,209.58,0.84,-1,-1,-1
22,1,70.12,206.70,346.52,791.67,0.91,-1,-1,-1
22,2,376.70,254.14,244.68,669.47,0.90,-1,-1,-1
22,3,716.25,257.42,113.93,473.95,0.91,-1,-1,-1
22,4,591.54,420.56,134.92,465.11,0.85,-1,-1,-1
22,5,426.34,317.28,48.36,139.65,0.83,-1,-1,-1
22,6,383.14,320.98,52.48,150.76,0.89,-1,-1,-1
22,7,628.76,331.04,15.55,41.23,0.69,-1,-1,-1
22,8,619.32,331.77,14.62,39.95,0.65,-1,-1,-1
22,11,521.57,281.47,106.02,270.89,0.87,-1,-1,-1
22,12,1218.81,302.33,58.15,142.68,0.15,-1,-1,-1
22,13,295.92,316.74,69.17,211.51,0.83,-1,-1,-1
23,1,70.64,206.99,352.13,787.76,0.91,-1,-1,-1
23,2,380.07,253.82,240.80,664.24,0.90,-1,-1,-1
23,3,722.91,256.03,113.87,477.52,0.91,-1,-1,-1
23,4,583.90,421.21,141.83,472.23,0.86,-1,-1,-1
23,5,427.12,316.53,48.20,141.06,0.84,-1,-1,-1
23,6,383.40,320.46,53.07,152.03,0.89,-1,-1,-1
23,7,629.59,331.02,15.39,40.50,0.66,-1,-1,-1
23,8,620.48,331.75,14.44,39.95,0.67,-1,-1,-1
23,11,524.05,280.35,106.34,279.07,0.87,-1,-1,-1
23,13,301.59,316.52,69.87,211.13,0.85,-1,-1,-1
24,1,69.06,207.82,357.20,784.79,0.91,-1,-1,-1
24,2,380.77,252.61,238.54,666.17,0.90,-1,-1,-1
24,3,729.50,255.88,111.02,477.97,0.92,-1,-1,-1
24,4,590.88,422.34,135.10,468.50,0.86,-1,-1,-1
24,5,427.88,316.26,47.90,141.06,0.83,-1,-1,-1
24,6,383.66,320.59,53.35,151.81,0.88,-1,-1,-1
24,7,630.50,331.00,15.35,40.53,0.62,-1,-1,-1
24,8,621.80,332.17,13.78,39.38,0.64,-1,-1,-1
24,11,524.56,279.17,110.05,286.98,0.87,-1,-1,-1
24,13,305.95,316.22,70.50,210.66,0.87,-1,-1,-1
25,1,65.71,202.98,361.45,801.79,0.91,-1,-1,-1
25,2,379.03,252.55,242.50,669.47,0.90,-1,-1,-1
25,3,735.94,254.93,109.78,476.55,0.92,-1,-1,-1
25,4,588.84,423.68,137.20,469.73,0.85,-1,-1,-1
25,5,429.07,315.62,47.59,141.53,0.82,-1,-1,-1
25,6,384.27,320.70,53.08,151.99,0.88,-1,-1,-1
25,7,631.12,330.74,15.92,40.82,0.62,-1,-1,-1
25,8,622.87,332.08,13.53,38.84,0.54,-1,-1,-1
25,11,526.24,277.80,111.31,292.60,0.88,-1,-1,-1
25,13,310.72,316.01,72.28,210.33,0.88,-1,-1,-1
26,1,62.99,198.59,358.93,814.54,0.91,-1,-1,-1
26,2,375.76,252.83,244.68,669.50,0.90,-1,-1,-1
26,3,740.26,253.56,109.93,482.09,0.92,-1,-1,-1
26,4,588.63,424.72,138.00,475.35,0.86,-1,-1,-1
26,5,429.78,315.12,48.24,143.28,0.79,-1,-1,-1
26,6,384.47,320.77,52.97,153.30,0.86,-1,-1,-1
26,7,632.16,330.71,15.54,40.34,0.66,-1,-1,-1
26,8,623.77,331.49,13.45,39.27,0.54,-1,-1,-1
26,11,525.81,276.74,114.68,299.52,0.88,-1,-1,-1
26,13,312.65,316.26,76.37,210.95,0.88,-1,-1,-1
27,1,58.49,195.49,360.02,819.01,0.91,-1,-1,-1
27,2,371.39,252.03,245.52,672.30,0.90,-1,-1,-1
27,3,743.79,251.36,111.77,489.16,0.92,-1,-1,-1
27,4,590.17,426.01,136.50,471.90,0.87,-1,-1,-1
27,5,429.61,315.18,49.08,145.02,0.80,-1,-1,-1
27,6,384.91,320.76,52.61,154.84,0.86,-1,-1,-1
27,7,633.79,330.32,15.39,40.43,0.50,-1,-1,-1
27,8,625.05,330.44,14.65,40.03,0.41,-1,-1,-1
27,11,525.12,276.32,118.22,305.66,0.89,-1,-1,-1
27,13,317.43,316.17,78.10,211.48,0.86,-1,-1,-1
28,1,52.70,196.73,356.49,812.65,0.91,-1,-1,-1
28,2,365.32,252.81,249.05,666.97,0.90,-1,-1,-1
28,3,749.12,249.87,111.95,488.81,0.92,-1,-1,-1
28,4,590.68,427.49,136.65,468.74,0.87,-1,-1,-1
28,5,429.80,315.45,47.79,143.36,0.79,-1,-1,-1
28,6,385.47,320.99,51.00,151.17,0.86,-1,-1,-1
28,7,634.92,329.96,15.34,40.49,0.70,-1,-1,-1
28,8,625.75,330.13,14.50,40.03,0.58,-1,-1,-1
28,11,526.41,276.26,119.03,309.22,0.89,-1,-1,-1
28,13,320.35,316.35,79.96,211.62,0.88,-1,-1,-1
29,1,46.67,195.20,359.91,812.93,0.91,-1,-1,-1
29,2,357.82,252.51,254.83,666.87,0.90,-1,-1,-1
29,3,753.03,247.14,115.13,489.79,0.93,-1,-1,-1
29,4,590.85,428.31,136.27,463.14,0.87,-1,-1,-1
29,5,430.93,314.84,45.53,141.81,0.76,-1,-1,-1
29,6,385.55,320.81,50.12,148.24,0.84,-1,-1,-1
29,7,635.27,329.49,16.54,41.12,0.72,-1,-1,-1
29,8,626.22,329.83,15.05,40.34,0.34,-1,-1,-1
29,11,527.33,274.91,119.96,313.29,0.91,-1,-1,-1
29,13,321.76,316.28,82.78,214.01,0.85,-1,-1,-1
30,1,41.54,194.19,360.75,809.89,0.91,-1,-1,-1
30,2,349.12,250.36,262.19,673.58,0.91,-1,-1,-1
30,3,755.52,245.10,119.66,491.39,0.93,-1,-1,-1
30,4,581.89,428.65,144.96,458.26,0.85,-1,-1,-1
30,5,431.31,314.35,42.62,136.65,0.46,-1,-1,-1
30,6,385.89,320.62,50.62,151.91,0.82,-1,-1,-1
30,7,636.59,329.27,16.37,40.74,0.69,-1,-1,-1
30,8,628.18,330.14,14.06,39.24,0.34,-1,-1,-1
30,11,529.20,273.94,120.65,317.96,0.91,-1,-1,-1
30,13,322.23,316.11,89.03,213.60,0.81,-1,-1,-1
31,1,35.71,193.01,355.86,810.57,0.91,-1,-1,-1
31,2,340.65,248.32,271.93,683.26,0.90,-1,-1,-1
31,3,761.57,240.52,121.96,499.80,0.91,-1,-1,-1
31,4,587.66,427.97,138.19,459.01,0.86,-1,-1,-1
31,6,385.51,319.59,50.81,154.15,0.81,-1,-1,-1
31,7,637.32,328.99,16.30,40.89,0.66,-1,-1,-1
31,8,630.37,330.36,13.05,37.61,0.15,-1,-1,-1
31,11,531.87,271.77,120.26,324.61,0.91,-1,-1,-1
31,13,324.75,315.24,88.20,215.65,0.81,-1,-1,-1
32,1,28.61,184.86,356.38,817.46,0.91,-1,-1,-1
32,2,331.07,247.11,278.83,690.91,0.90,-1,-1,-1
32,3,766.63,237.05,124.24,504.38,0.93,-1,-1,-1
32,4,573.82,425.52,151.41,462.65,0.85,-1,-1,-1
32,6,385.00,319.40,51.57,160.45,0.80,-1,-1,-1
32,7,638.01,328.88,16.89,40.38,0.63,-1,-1,-1
32,8,633.74,329.69,12.70,35.20,0.16,-1,-1,-1
32,11,534.36,271.09,120.82,330.49,0.91,-1,-1,-1
32,13,329.03,314.84,77.81,215.55,0.80,-1,-1,-1
33,1,20.64,176.96,355.88,837.63,0.91,-1,-1,-1
33,2,321.07,243.78,281.94,701.56,0.90,-1,-1,-1
33,3,772.24,233.30,127.53,512.70,0.92,-1,-1,-1
33,4,567.07,422.59,158.01,462.03,0.85,-1,-1,-1
33,6,384.77,318.56,53.09,163.05,0.80,-1,-1,-1
33,7,638.49,328.48,17.71,41.11,0.65,-1,-1,-1
33,11,536.03,269.59,121.65,340.39,0.91,-1,-1,-1
33,13,338.10,313.64,67.60,213.58,0.80,-1,-1,-1
34,1,13.18,168.89,357.68,854.61,0.91,-1,-1,-1
34,2,313.31,238.52,284.25,708.19,0.90,-1,-1,-1
34,3,777.43,229.70,129.94,519.51,0.92,-1,-1,-1
34,4,560.02,419.93,165.80,461.64,0.85,-1,-1,-1
34,6,384.77,317.65,52.56,161.92,0.79,-1,-1,-1
34,7,640.58,328.21,16.79,41.00,0.51,-1,-1,-1
34,11,537.60,268.36,122.04,344.05,0.91,-1,-1,-1
34,13,345.74,312.11,56.90,199.91,0.83,-1,-1,-1
35,1,4.50,166.14,356.68,861.09,0.90,-1,-1,-1
35,2,304.22,231.80,289.30,718.81,0.91,-1,-1,-1
35,3,782.91,224.50,133.64,532.94,0.91,-1,-1,-1
35,4,556.04,417.18,170.96,463.83,0.85,-1,-1,-1
35,6,385.86,317.02,50.80,150.97,0.65,-1,-1,-1
35,7,641.20,327.69,17.01,41.26,0.66,-1,-1,-1
35,11,538.00,266.18,123.25,362.57,0.92,-1,-1,-1
35,13,350.06,310.90,51.02,183.97,0.81,-1,-1,-1
36,1,-6.45,154.87,361.34,890.97,0.89,-1,-1,-1
36,2,297.16,226.28,292.59,728.69,0.90,-1,-1,-1
36,3,787.33,220.98,138.95,544.61,0.91,-1,-1,-1
36,4,552.53,415.47,175.40,470.08,0.84,-1,-1,-1
36,6,387.48,316.18,50.48,148.50,0.14,-1,-1,-1
36,7,642.33,328.07,16.50,40.78,0.73,-1,-1,-1
36,11,538.63,264.29,125.56,375.28,0.92,-1,-1,-1
36,13,352.53,309.04,50.72,182.95,0.78,-1,-1,-1
37,1,-18.80,153.77,368.37,903.58,0.89,-1,-1,-1
37,2,286.91,226.77,298.01,727.78,0.91,-1,-1,-1
37,3,792.49,217.51,143.36,557.28,0.92,-1,-1,-1
37,4,546.93,414.01,180.62,479.89,0.86,-1,-1,-1
37,7,643.69,327.95,16.31,40.31,0.64,-1,-1,-1
37,11,534.70,261.98,131.77,392.68,0.93,-1,-1,-1
37,13,355.42,306.73,51.34,186.15,0.77,-1,-1,-1
38,1,-24.18,153.47,367.47,923.33,0.89,-1,-1,-1
38,2,280.68,227.78,300.96,741.29,0.90,-1,-1,-1
38,3,797.52,216.60,148.07,568.36,0.92,-1,-1,-1
38,4,541.69,416.39,184.76,489.81,0.87,-1,-1,-1
38,7,645.08,328.03,15.62,40.42,0.29,-1,-1,-1
38,11,531.19,260.97,138.65,392.83,0.91,-1,-1,-1
38,13,358.25,307.83,52.23,178.53,0.75,-1,-1,-1
39,1,-30.93,164.72,367.40,916.63,0.88,-1,-1,-1
39,2,275.13,228.94,303.17,746.81,0.89,-1,-1,-1
39,3,802.24,216.55,154.06,575.35,0.92,-1,-1,-1
39,4,537.81,421.14,187.63,500.42,0.87,-1,-1,-1
39,7,646.36,328.07,15.38,39.60,0.15,-1,-1,-1
39,11,531.01,261.06,144.89,394.57,0.91,-1,-1,-1
39,13,360.32,308.91,50.80,170.81,0.75,-1,-1,-1
40,1,-34.45,174.27,366.60,909.10,0.87,-1,-1,-1
40,2,272.38,231.23,304.80,750.60,0.90,-1,-1,-1
40,3,808.05,216.86,162.52,582.49,0.86,-1,-1,-1
40,4,531.62,426.30,193.71,503.59,0.87,-1,-1,-1
40,11,533.73,260.43,149.44,393.02,0.92,-1,-1,-1
40,13,363.17,311.18,46.56,157.02,0.76,-1,-1,-1
41,1,-43.19,180.23,375.55,903.77,0.87,-1,-1,-1
41,2,273.16,231.97,300.59,759.04,0.89,-1,-1,-1
41,3,813.34,217.60,167.32,589.57,0.91,-1,-1,-1
41,4,529.47,428.85,195.79,507.45,0.87,-1,-1,-1
41,11,536.00,258.44,151.45,396.80,0.93,-1,-1,-1
42,1,-45.69,181.87,378.94,911.47,0.83,-1,-1,-1
42,2,271.32,232.68,298.59,768.10,0.89,-1,-1,-1
42,3,818.72,215.97,173.19,593.22,0.90,-1,-1,-1
42,4,521.34,430.67,202.07,508.47,0.87,-1,-1,-1
42,11,537.08,257.55,153.66,395.99,0.94,-1,-1,-1
43,1,-60.64,184.87,393.38,921.77,0.81,-1,-1,-1
43,2,271.68,236.41,295.61,761.30,0.89,-1,-1,-1
43,3,829.00,213.67,174.40,601.43,0.90,-1,-1,-1
43,4,515.64,432.05,206.00,515.71,0.86,-1,-1,-1
43,11,538.26,255.89,157.24,404.15,0.93,-1,-1,-1
44,1,-67.63,187.38,400.66,925.02,0.81,-1,-1,-1
44,2,271.88,235.96,294.29,770.29,0.88,-1,-1,-1
44,3,836.29,211.33,178.07,619.27,0.91,-1,-1,-1
44,4,513.20,434.03,206.71,523.80,0.86,-1,-1,-1
44,11,539.27,252.68,160.78,410.21,0.94,-1,-1,-1
45,1,-64.20,179.66,392.67,927.17,0.80,-1,-1,-1
45,2,272.49,237.97,294.45,768.10,0.88,-1,-1,-1
45,3,844.95,206.46,182.59,630.23,0.90,-1,-1,-1
45,4,511.01,434.24,204.44,526.96,0.84,-1,-1,-1
45,11,541.65,250.28,163.77,416.53,0.93,-1,-1,-1
46,1,-65.33,172.08,394.77,940.44,0.80,-1,-1,-1
46,2,274.89,240.60,291.68,770.94,0.88,-1,-1,-1
46,3,852.11,200.29,189.26,642.82,0.88,-1,-1,-1
46,4,509.44,434.64,201.46,524.50,0.83,-1,-1,-1
46,11,544.59,247.63,166.42,426.03,0.94,-1,-1,-1
47,1,-71.81,165.54,404.66,947.43,0.81,-1,-1,-1
47,2,274.19,239.83,293.92,780.01,0.88,-1,-1,-1
47,3,862.00,195.72,195.87,658.48,0.89,-1,-1,-1
47,4,508.51,436.03,198.68,525.29,0.84,-1,-1,-1
47,11,548.05,244.73,169.23,443.12,0.95,-1,-1,-1
48,1,-67.91,158.76,403.02,964.71,0.81,-1,-1,-1
48,2,274.86,239.36,296.53,774.69,0.87,-1,-1,-1
48,3,873.05,189.53,199.63,671.15,0.85,-1,-1,-1
48,4,509.34,437.65,191.48,521.11,0.83,-1,-1,-1
48,11,551.30,241.35,172.02,459.17,0.95,-1,-1,-1
49,1,-64.48,150.69,402.29,971.33,0.83,-1,-1,-1
49,2,275.49,236.30,295.49,776.10,0.88,-1,-1,-1
49,3,883.96,183.55,209.29,695.33,0.88,-1,-1,-1
49,4,512.22,436.50,185.31,521.67,0.85,-1,-1,-1
49,11,554.45,236.72,177.89,482.13,0.96,-1,-1,-1
50,1,-65.11,140.83,407.02,977.01,0.83,-1,-1,-1
50,2,276.02,230.99,297.64,803.51,0.88,-1,-1,-1
50,3,892.47,176.05,217.64,708.01,0.88,-1,-1,-1
50,4,518.78,433.35,174.75,521.82,0.83,-1,-1,-1
50,11,558.16,232.95,182.76,501.41,0.95,-1,-1,-1
51,1,-66.24,126.06,407.54,994.00,0.81,-1,-1,-1
51,2,276.98,232.45,303.31,804.82,0.86,-1,-1,-1
51,3,902.41,167.59,228.71,736.01,0.86,-1,-1,-1
51,4,525.20,430.46,171.88,526.60,0.83,-1,-1,-1
51,11,562.63,229.51,185.96,514.66,0.94,-1,-1,-1
52,1,-68.20,119.96,410.80,1001.43,0.81,-1,-1,-1
52,2,278.89,227.83,304.80,814.13,0.88,-1,-1,-1
52,3,916.26,158.58,240.53,758.95,0.85,-1,-1,-1
52,4,531.12,425.59,164.26,527.33,0.84,-1,-1,-1
52,11,568.57,226.25,190.18,527.59,0.94,-1,-1,-1
53,1,-66.97,116.32,410.02,990.47,0.81,-1,-1,-1
53,2,279.75,224.01,310.23,821.86,0.87,-1,-1,-1
53,3,933.58,161.27,279.25,778.61,0.82,-1,-1,-1
53,4,536.74,422.54,162.05,535.31,0.83,-1,-1,-1
53,11,574.93,222.63,193.95,542.82,0.94,-1,-1,-1
54,1,-65.80,112.22,410.75,1011.82,0.82,-1,-1,-1
54,2,281.73,216.99,312.40,831.72,0.86,-1,-1,-1
54,3,949.73,153.47,274.10,806.61,0.84,-1,-1,-1
54,4,542.71,421.93,162.34,537.58,0.81,-1,-1,-1
54,11,581.46,219.12,200.86,553.43,0.93,-1,-1,-1
55,1,-68.48,110.41,421.80,1033.26,0.82,-1,-1,-1
55,2,287.57,214.97,315.32,829.40,0.85,-1,-1,-1
55,3,969.56,148.33,278.49,840.08,0.82,-1,-1,-1
55,4,547.12,422.59,160.93,545.20,0.81,-1,-1,-1
55,11,589.57,218.06,206.59,562.70,0.94,-1,-1,-1
56,1,-64.69,109.82,417.71,1046.81,0.81,-1,-1,-1
56,2,292.96,213.20,312.50,824.78,0.86,-1,-1,-1
56,3,986.11,135.46,292.70,880.29,0.81,-1,-1,-1
56,4,551.08,427.54,160.48,547.17,0.84,-1,-1,-1
56,11,597.26,216.59,212.78,575.48,0.93,-1,-1,-1
57,1,-67.96,111.52,419.98,1060.39,0.80,-1,-1,-1
57,2,299.23,217.66,310.86,817.11,0.86,-1,-1,-1
57,3,1002.84,137.41,308.05,889.29,0.81,-1,-1,-1
57,4,554.84,431.66,163.27,539.06,0.82,-1,-1,-1
57,11,606.18,216.40,217.75,587.78,0.94,-1,-1,-1
58,1,-68.41,118.83,425.28,1060.25,0.78,-1,-1,-1
58,2,304.49,220.91,311.09,810.42,0.87,-1,-1,-1
58,3,1021.78,139.08,303.84,896.64,0.80,-1,-1,-1
58,4,558.16,437.33,162.62,528.93,0.83,-1,-1,-1
58,11,616.41,210.56,222.57,607.54,0.93,-1,-1,-1
59,1,-57.93,125.09,420.87,1057.99,0.76,-1,-1,-1
59,2,312.09,223.75,307.59,802.32,0.87,-1,-1,-1
59,3,1037.46,133.99,290.02,911.21,0.77,-1,-1,-1
59,4,561.38,440.93,162.47,526.32,0.84,-1,-1,-1
59,11,625.42,209.97,228.43,617.05,0.93,-1,-1,-1
60,1,-56.21,131.61,426.07,1045.68,0.78,-1,-1,-1
60,2,317.94,225.79,305.11,802.16,0.87,-1,-1,-1
60,3,1055.82,148.45,289.66,907.02,0.70,-1,-1,-1
60,4,566.17,442.18,161.02,517.88,0.84,-1,-1,-1
60,11,635.55,201.97,237.27,637.03,0.93,-1,-1,-1
61,1,-56.27,129.30,432.56,1060.30,0.76,-1,-1,-1
61,2,328.81,228.99,299.12,790.68,0.88,-1,-1,-1
61,3,1072.00,151.65,266.75,887.39,0.73,-1,-1,-1
61,4,568.97,441.96,161.64,517.11,0.83,-1,-1,-1
61,11,646.89,196.38,247.64,654.40,0.93,-1,-1,-1
62,1,-87.33,133.75,476.86,1059.73,0.76,-1,-1,-1
62,2,338.92,230.15,294.05,784.11,0.87,-1,-1,-1
62,3,1089.49,152.50,255.58,903.45,0.71,-1,-1,-1
62,4,573.14,440.95,163.51,523.42,0.83,-1,-1,-1
62,11,659.23,191.02,255.92,676.44,0.92,-1,-1,-1
63,1,-55.98,137.56,451.88,1045.53,0.77,-1,-1,-1
63,2,346.15,231.94,290.06,776.60,0.87,-1,-1,-1
63,3,1107.57,147.15,252.29,883.85,0.71,-1,-1,-1
63,4,575.12,441.42,165.23,516.44,0.83,-1,-1,-1
63,11,668.55,185.83,270.88,699.45,0.91,-1,-1,-1
64,1,-28.45,133.44,432.53,1044.83,0.80,-1,-1,-1
64,2,352.00,234.04,288.69,774.84,0.87,-1,-1,-1
64,3,1125.72,147.30,243.80,867.88,0.75,-1,-1,-1
64,4,575.77,440.38,170.73,520.41,0.83,-1,-1,-1
64,11,680.32,180.66,285.52,720.49,0.92,-1,-1,-1
65,1,-12.07,127.76,420.54,1051.67,0.76,-1,-1,-1
65,2,354.09,233.09,290.03,781.62,0.87,-1,-1,-1
65,3,1143.07,139.88,260.14,897.37,0.48,-1,-1,-1
65,4,576.69,437.83,175.63,527.30,0.81,-1,-1,-1
65,11,693.79,174.32,297.82,751.45,0.91,-1,-1,-1
66,1,0.86,119.52,413.01,1052.00,0.79,-1,-1,-1
66,2,354.96,232.95,290.62,786.45,0.88,-1,-1,-1
66,3,1161.35,132.10,253.06,866.07,0.28,-1,-1,-1
66,4,577.71,436.17,170.53,532.91,0.85,-1,-1,-1
66,11,706.17,162.02,314.72,791.51,0.91,-1,-1,-1
67,1,11.01,122.25,405.94,1033.44,0.81,-1,-1,-1
67,2,356.05,232.00,289.87,791.62,0.87,-1,-1,-1
67,3,1180.45,125.48,224.09,732.20,0.11,-1,-1,-1
67,4,579.36,433.11,168.23,539.96,0.85,-1,-1,-1
67,11,718.09,150.14,333.88,834.68,0.90,-1,-1,-1
68,1,14.03,120.00,402.00,1028.76,0.82,-1,-1,-1
68,2,353.56,229.94,300.11,797.33,0.88,-1,-1,-1
68,4,580.26,429.90,168.72,543.66,0.85,-1,-1,-1
68,11,730.05,138.76,353.44,874.17,0.91,-1,-1,-1
69,1,11.45,119.59,402.87,1026.32,0.81,-1,-1,-1
69,2,351.53,230.04,303.16,793.31,0.87,-1,-1,-1
69,4,581.55,428.22,169.19,546.76,0.86,-1,-1,-1
69,11,744.14,122.94,373.81,920.27,0.90,-1,-1,-1
70,1,10.37,114.06,401.85,1035.03,0.81,-1,-1,-1
70,2,348.43,226.96,303.80,797.01,0.86,-1,-1,-1
70,4,581.01,425.79,169.88,556.11,0.85,-1,-1,-1
70,11,755.33,107.01,401.84,966.97,0.91,-1,-1,-1
70,14,672.75,346.95,30.60,73.35,0.71,-1,-1,-1
71,1,8.56,112.00,399.89,1033.22,0.83,-1,-1,-1
71,2,344.89,223.06,306.40,808.19,0.87,-1,-1,-1
71,4,580.28,424.67,172.66,562.53,0.86,-1,-1,-1
71,11,766.02,88.04,436.84,1022.05,0.91,-1,-1,-1
71,14,672.67,346.12,32.13,79.24,0.70,-1,-1,-1
72,1,1.44,102.09,405.68,1053.56,0.79,-1,-1,-1
72,2,340.71,219.35,310.32,811.72,0.87,-1,-1,-1
72,4,578.11,424.67,173.81,562.23,0.86,-1,-1,-1
72,11,778.34,70.08,470.95,1089.17,0.86,-1,-1,-1
72,14,672.95,345.00,33.08,83.39,0.60,-1,-1,-1
73,1,-24.74,101.30,426.80,1047.31,0.80,-1,-1,-1
73,2,335.08,214.24,314.26,819.01,0.87,-1,-1,-1
73,4,575.04,425.48,175.21,566.52,0.85,-1,-1,-1
73,11,791.15,57.95,499.84,1127.71,0.83,-1,-1,-1
73,14,673.53,345.33,32.67,83.80,0.75,-1,-1,-1
74,1,-25.14,100.62,418.28,1055.97,0.83,-1,-1,-1
74,2,334.22,209.02,314.79,825.94,0.87,-1,-1,-1
74,4,570.68,426.73,178.38,566.80,0.85,-1,-1,-1
74,11,803.65,51.68,515.97,1157.57,0.81,-1,-1,-1
74,14,674.41,346.06,31.85,79.79,0.70,-1,-1,-1
75,1,-31.29,97.79,419.35,1065.08,0.82,-1,-1,-1
75,2,334.98,213.52,314.20,822.19,0.85,-1,-1,-1
75,4,567.36,429.98,180.44,569.47,0.83,-1,-1,-1
75,11,814.20,30.93,518.18,1207.56,0.76,-1,-1,-1
75,14,675.41,346.85,31.60,77.70,0.69,-1,-1,-1
76,1,-38.58,96.84,423.65,1084.68,0.77,-1,-1,-1
76,2,331.12,216.90,318.13,835.02,0.82,-1,-1,-1
76,4,566.24,433.23,177.74,572.45,0.84,-1,-1,-1
76,11,829.95,31.00,482.51,1265.13,0.78,-1,-1,-1
76,14,675.19,347.46,32.10,78.59,0.74,-1,-1,-1
77,1,-63.05,107.27,441.66,1086.89,0.77,-1,-1,-1
77,2,330.96,221.65,311.79,827.12,0.82,-1,-1,-1
77,4,566.78,436.35,175.48,574.94,0.84,-1,-1,-1
77,11,845.98,12.59,522.27,1345.91,0.75,-1,-1,-1
77,14,675.37,347.31,32.28,82.96,0.77,-1,-1,-1
78,1,-77.81,109.49,450.62,1104.40,0.79,-1,-1,-1
78,2,333.34,222.83,298.95,835.32,0.79,-1,-1,-1
78,4,565.76,438.47,174.29,587.22,0.83,-1,-1,-1
78,11,863.57,3.75,527.95,1378.30,0.79,-1,-1,-1
78,14,675.11,347.51,32.38,82.46,0.72,-1,-1,-1
79,1,-89.52,115.35,461.68,1107.56,0.77,-1,-1,-1
79,2,323.61,220.48,316.68,844.66,0.81,-1,-1,-1
79,4,562.70,439.58,175.66,587.18,0.84,-1,-1,-1
79,11,884.08,25.43,509.82,1339.45,0.82,-1,-1,-1
79,14,674.67,347.94,32.41,80.09,0.54,-1,-1,-1
80,1,-104.12,125.02,477.26,1105.35,0.81,-1,-1,-1
80,2,319.44,222.30,317.63,841.85,0.82,-1,-1,-1
80,4,560.00,440.48,177.32,583.63,0.84,-1,-1,-1
80,11,912.31,16.89,519.51,1355.02,0.79,-1,-1,-1
80,14,674.09,347.82,32.42,79.80,0.64,-1,-1,-1
80,15,504.45,297.45,109.80,286.20,0.80,-1,-1,-1
81,1,-89.15,136.50,459.91,1096.13,0.83,-1,-1,-1
81,2,317.64,219.12,322.41,854.43,0.83,-1,-1,-1
81,4,555.23,441.31,181.43,583.77,0.86,-1,-1,-1
81,11,938.96,-27.45,541.38,1450.02,0.71,-1,-1,-1
81,14,673.62,348.35,33.01,81.20,0.74,-1,-1,-1
81,15,511.04,297.52,107.06,280.69,0.88,-1,-1,-1
82,1,-93.93,126.59,463.13,1121.53,0.79,-1,-1,-1
82,2,313.74,214.72,324.02,873.91,0.83,-1,-1,-1
82,4,552.01,441.62,184.31,592.42,0.85,-1,-1,-1
82,11,973.35,-48.27,561.56,1493.84,0.30,-1,-1,-1
82,14,673.19,348.49,33.25,81.45,0.57,-1,-1,-1
82,15,511.91,298.54,112.20,281.51,0.80,-1,-1,-1
83,1,-89.99,122.57,462.93,1125.21,0.77,-1,-1,-1
83,2,312.02,214.71,309.68,891.86,0.80,-1,-1,-1
83,4,549.33,442.17,187.15,598.09,0.85,-1,-1,-1
83,14,672.69,349.00,33.34,81.54,0.75,-1,-1,-1
83,15,513.66,298.17,115.19,281.23,0.87,-1,-1,-1
84,1,-89.40,115.08,462.64,1141.31,0.77,-1,-1,-1
84,2,311.72,210.91,321.57,904.32,0.80,-1,-1,-1
84,4,547.39,442.62,189.27,607.12,0.85,-1,-1,-1
84,14,671.85,349.61,33.35,79.18,0.75,-1,-1,-1
84,15,515.20,297.28,116.61,285.21,0.87,-1,-1,-1
85,1,-80.22,111.81,456.55,1146.83,0.77,-1,-1,-1
85,2,309.60,215.60,301.91,899.49,0.78,-1,-1,-1
85,4,546.18,443.62,190.69,607.59,0.85,-1,-1,-1
85,14,670.94,349.64,33.35,80.08,0.72,-1,-1,-1
85,15,516.35,296.98,118.25,287.05,0.86,-1,-1,-1
85,16,936.90,309.60,61.20,164.70,0.75,-1,-1,-1
86,1,-94.50,114.91,465.69,1139.62,0.74,-1,-1,-1
86,2,304.55,217.28,325.00,883.33,0.78,-1,-1,-1
86,4,544.40,445.25,193.65,610.50,0.85,-1,-1,-1
86,14,669.75,349.56,33.36,81.30,0.74,-1,-1,-1
86,15,516.13,296.33,120.00,294.88,0.86,-1,-1,-1
86,16,940.68,307.94,59.87,165.08,0.77,-1,-1,-1
87,1,-88.54,101.92,449.92,1159.55,0.75,-1,-1,-1
87,2,296.70,212.85,341.57,905.69,0.80,-1,-1,-1
87,4,542.39,446.87,197.74,612.55,0.83,-1,-1,-1
87,14,668.27,348.57,33.97,84.49,0.73,-1,-1,-1
87,15,518.25,294.17,118.73,298.96,0.86,-1,-1,-1
87,16,942.83,306.17,59.64,164.20,0.75,-1,-1,-1
88,1,-86.38,95.15,436.84,1180.45,0.78,-1,-1,-1
88,2,289.46,208.36,353.37,922.47,0.82,-1,-1,-1
88,4,541.60,448.08,201.03,617.76,0.83,-1,-1,-1
88,14,667.29,348.23,34.20,85.95,0.78,-1,-1,-1
88,15,520.73,292.83,116.89,298.40,0.87,-1,-1,-1
88,16,945.60,302.82,58.08,157.21,0.76,-1,-1,-1
89,1,-102.44,84.06,448.31,1206.08,0.73,-1,-1,-1
89,2,282.50,210.84,364.75,925.53,0.82,-1,-1,-1
89,4,542.23,447.29,203.43,617.69,0.83,-1,-1,-1
89,14,666.00,347.91,34.28,87.96,0.72,-1,-1,-1
89,15,522.49,292.34,113.68,298.59,0.89,-1,-1,-1
89,16,948.33,301.48,56.21,146.70,0.17,-1,-1,-1
90,1,-116.05,67.13,442.39,1240.10,0.78,-1,-1,-1
90,2,277.50,210.93,374.49,927.81,0.84,-1,-1,-1
90,4,543.81,447.21,209.11,625.50,0.83,-1,-1,-1
90,14,664.49,347.55,34.92,89.94,0.79,-1,-1,-1
90,15,521.89,292.04,112.51,300.40,0.90,-1,-1,-1
90,16,958.71,315.30,47.61,128.99,0.40,-1,-1,-1
91,1,-118.25,49.96,452.52,1277.79,0.71,-1,-1,-1
91,2,271.76,205.25,379.56,973.52,0.86,-1,-1,-1
91,4,548.38,445.54,208.66,640.15,0.85,-1,-1,-1
91,14,663.78,348.05,34.53,89.51,0.81,-1,-1,-1
91,15,526.39,291.21,106.44,301.48,0.90,-1,-1,-1
91,16,960.99,318.35,46.28,128.53,0.34,-1,-1,-1
91,17,912.15,302.85,52.65,148.05,0.85,-1,-1,-1
92,1,-127.35,49.50,440.53,1284.49,0.77,-1,-1,-1
92,2,266.88,203.55,385.56,987.66,0.86,-1,-1,-1
92,4,556.22,444.23,206.50,646.75,0.85,-1,-1,-1
92,14,662.37,349.25,33.76,85.11,0.80,-1,-1,-1
92,15,530.87,291.64,100.39,302.63,0.90,-1,-1,-1
92,16,962.18,309.26,44.61,132.76,0.17,-1,-1,-1
92,17,912.32,303.44,52.03,148.31,0.83,-1,-1,-1
93,1,-143.36,44.77,449.53,1303.02,0.73,-1,-1,-1
93,2,263.04,198.46,394.62,1005.35,0.86,-1,-1,-1
93,4,561.68,447.10,207.49,653.85,0.84,-1,-1,-1
93,14,660.74,350.53,34.68,85.21,0.80,-1,-1,-1
93,15,533.67,292.35,96.44,306.06,0.89,-1,-1,-1
93,16,953.93,303.18,52.11,139.14,0.58,-1,-1,-1
93,17,912.11,301.98,53.68,153.30,0.82,-1,-1,-1
94,1,-152.49,48.78,451.15,1309.20,0.75,-1,-1,-1
94,2,260.03,199.20,402.79,1016.25,0.87,-1,-1,-1
94,4,567.48,450.75,207.56,658.69,0.83,-1,-1,-1
94,14,658.80,352.04,34.39,86.71,0.81,-1,-1,-1
94,15,534.79,292.92,93.77,311.32,0.89,-1,-1,-1
94,16,950.48,301.25,57.97,148.23,0.26,-1,-1,-1
94,17,911.72,303.01,54.14,154.10,0.78,-1,-1,-1
95,1,-169.85,43.00,468.29,1321.70,0.77,-1,-1,-1
95,2,257.59,197.29,411.82,1021.20,0.86,-1,-1,-1
95,4,572.15,455.61,205.87,650.99,0.82,-1,-1,-1
95,14,657.32,353.69,34.29,85.17,0.81,-1,-1,-1
95,15,536.42,293.81,92.35,313.54,0.89,-1,-1,-1
95,16,948.05,300.73,60.31,154.34,0.59,-1,-1,-1
95,17,910.00,303.20,53.91,152.81,0.83,-1,-1,-1
96,1,-165.53,56.71,466.77,1304.60,0.77,-1,-1,-1
96,2,254.19,202.94,420.66,1000.07,0.86,-1,-1,-1
96,4,578.03,459.06,202.74,642.43,0.82,-1,-1,-1
96,14,655.19,355.08,33.64,82.98,0.82,-1,-1,-1
96,15,536.57,294.41,94.41,309.85,0.86,-1,-1,-1
96,16,946.70,301.65,57.67,155.95,0.79,-1,-1,-1
96,17,908.18,303.34,54.10,155.12,0.82,-1,-1,-1
96,18,621.90,353.47,33.30,83.70,0.73,-1,-1,-1
97,1,-170.55,72.05,460.48,1294.06,0.78,-1,-1,-1
97,2,251.35,199.97,419.96,1005.05,0.85,-1,-1,-1
97,4,579.43,461.08,203.25,637.07,0.82,-1,-1,-1
97,14,652.84,355.61,33.99,81.28,0.79,-1,-1,-1
97,15,534.60,294.93,98.82,310.86,0.84,-1,-1,-1
97,16,945.01,301.99,56.55,157.50,0.76,-1,-1,-1
97,17,907.26,302.57,55.73,160.04,0.81,-1,-1,-1
97,18,619.20,352.22,33.35,89.94,0.62,-1,-1,-1
98,1,-175.43,84.43,458.78,1276.17,0.79,-1,-1,-1
98,2,253.34,198.06,418.70,1011.81,0.86,-1,-1,-1
98,4,580.80,463.76,202.87,637.38,0.83,-1,-1,-1
98,14,649.89,355.54,34.72,82.45,0.79,-1,-1,-1
98,15,533.84,295.08,101.69,312.23,0.86,-1,-1,-1
98,16,944.25,302.03,56.13,159.63,0.82,-1,-1,-1
98,17,906.52,303.44,54.75,155.80,0.81,-1,-1,-1
98,18,616.46,354.02,32.68,84.00,0.56,-1,-1,-1
98,19,344.25,312.30,73.80,199.35,0.76,-1,-1,-1
99,1,-170.15,92.96,448.60,1259.78,0.80,-1,-1,-1
99,2,254.84,200.91,414.32,1001.00,0.87,-1,-1,-1
99,4,580.30,465.58,203.25,636.54,0.84,-1,-1,-1
99,14,647.31,355.18,34.39,84.39,0.82,-1,-1,-1
99,15,536.45,295.73,100.39,311.78,0.87,-1,-1,-1
99,16,942.15,302.99,58.36,157.29,0.82,-1,-1,-1
99,17,905.68,304.75,54.33,152.54,0.79,-1,-1,-1
99,18,614.07,355.26,32.41,80.40,0.73,-1,-1,-1
99,19,338.62,312.41,74.63,201.02,0.80,-1,-1,-1
100,1,-160.81,105.37,436.43,1236.98,0.80,-1,-1,-1
100,2,254.67,203.23,417.62,996.66,0.88,-1,-1,-1
100,4,578.19,467.75,205.06,634.72,0.83,-1,-1,-1
100,14,644.59,355.55,34.85,83.34,0.84,-1,-1,-1
100,15,535.89,294.82,101.66,316.66,0.86,-1,-1,-1
100,16,941.36,304.42,57.96,154.86,0.83,-1,-1,-1
100,17,904.17,307.21,55.37,151.03,0.82,-1,-1,-1
100,18,611.77,356.45,31.65,74.63,0.75,-1,-1,-1
100,19,334.19,312.28,73.39,201.56,0.82,-1,-1,-1
101,1,-174.40,110.09,450.59,1241.07,0.81,-1,-1,-1
101,2,252.30,202.52,420.97,1003.30,0.86,-1,-1,-1
101,4,573.75,469.86,207.37,628.74,0.82,-1,-1,-1
101,14,641.84,356.63,34.99,81.41,0.80,-1,-1,-1
101,15,532.98,295.57,104.45,332.04,0.86,-1,-1,-1
101,16,939.84,305.24,58.95,152.69,0.83,-1,-1,-1
101,17,902.66,307.75,56.00,150.44,0.81,-1,-1,-1
101,18,609.51,357.69,30.74,73.76,0.70,-1,-1,-1
101,19,329.45,312.61,73.25,201.05,0.80,-1,-1,-1
101,20,963.90,322.87,59.40,152.33,0.74,-1,-1,-1
102,1,-189.76,119.83,463.74,1230.29,0.80,-1,-1,-1
102,2,250.52,199.28,424.66,1036.56,0.87,-1,-1,-1
102,4,566.34,472.18,212.58,647.56,0.82,-1,-1,-1
102,14,638.48,356.90,35.07,83.46,0.81,-1,-1,-1
102,15,533.85,295.28,109.74,325.94,0.85,-1,-1,-1
102,16,938.25,304.33,62.92,159.64,0.85,-1,-1,-1
102,17,901.05,306.84,56.87,155.34,0.84,-1,-1,-1
102,18,605.92,357.88,31.14,74.30,0.73,-1,-1,-1
102,19,323.01,313.60,74.29,203.79,0.78,-1,-1,-1
102,20,960.72,322.45,62.35,157.74,0.81,-1,-1,-1
103,1,-181.23,120.88,453.25,1236.43,0.80,-1,-1,-1
103,2,246.49,200.97,423.67,1041.83,0.87,-1,-1,-1
103,4,560.33,474.58,214.94,656.51,0.81,-1,-1,-1
103,14,635.24,357.75,35.08,82.67,0.81,-1,-1,-1
103,15,535.42,295.82,106.96,324.51,0.86,-1,-1,-1
103,16,936.91,305.55,60.86,157.82,0.81,-1,-1,-1
103,17,898.26,307.17,57.44,157.79,0.85,-1,-1,-1
103,18,603.24,357.95,30.64,74.24,0.70,-1,-1,-1
103,19,317.57,313.97,74.91,203.10,0.78,-1,-1,-1
103,20,959.89,321.99,62.89,164.26,0.81,-1,-1,-1
104,1,-187.25,121.04,456.85,1238.30,0.81,-1,-1,-1
104,2,242.89,200.54,407.54,1034.41,0.88,-1,-1,-1
104,4,553.64,476.11,216.15,654.76,0.83,-1,-1,-1
104,14,631.43,357.63,35.72,82.71,0.74,-1,-1,-1
104,15,535.96,296.34,104.81,321.93,0.85,-1,-1,-1
104,16,936.65,305.92,57.68,154.14,0.82,-1,-1,-1
104,17,896.49,307.64,57.43,155.92,0.87,-1,-1,-1
104,18,600.22,357.49,29.89,73.39,0.55,-1,-1,-1
104,19,311.33,313.53,77.12,208.93,0.78,-1,-1,-1
104,20,959.23,322.73,63.11,165.12,0.75,-1,-1,-1
105,1,-189.08,104.01,456.19,1272.44,0.80,-1,-1,-1
105,2,237.83,202.39,397.31,1039.80,0.89,-1,-1,-1
105,4,545.47,476.50,218.20,655.08,0.83,-1,-1,-1
105,14,627.70,357.94,35.94,85.11,0.82,-1,-1,-1
105,15,533.45,296.61,114.15,321.59,0.85,-1,-1,-1
105,16,934.76,304.24,58.86,151.50,0.83,-1,-1,-1
105,17,894.33,307.03,56.47,155.59,0.85,-1,-1,-1
105,18,596.45,357.05,30.25,75.98,0.57,-1,-1,-1
105,19,305.04,313.25,76.61,214.94,0.81,-1,-1,-1
105,20,957.67,324.65,63.12,161.44,0.80,-1,-1,-1
106,1,-202.28,91.55,464.83,1301.15,0.78,-1,-1,-1
106,2,228.72,200.83,398.62,1038.27,0.89,-1,-1,-1
106,4,536.15,477.28,221.57,657.64,0.82,-1,-1,-1
106,14,623.63,357.80,36.65,83.36,0.31,-1,-1,-1
106,15,531.22,296.17,117.07,325.37,0.87,-1,-1,-1
106,16,932.29,302.52,58.15,158.27,0.83,-1,-1,-1
106,17,892.67,307.06,54.04,152.48,0.87,-1,-1,-1
106,18,593.25,354.81,29.80,80.60,0.15,-1,-1,-1
106,19,297.42,312.35,78.93,219.25,0.80,-1,-1,-1
106,20,955.25,323.93,60.55,165.33,0.75,-1,-1,-1
107,1,-216.96,80.56,474.50,1308.46,0.76,-1,-1,-1
107,2,214.55,197.66,403.59,1036.34,0.89,-1,-1,-1
107,4,528.00,475.61,220.86,660.35,0.83,-1,-1,-1
107,14,619.60,358.23,36.89,86.29,0.81,-1,-1,-1
107,15,530.43,295.87,111.67,326.16,0.84,-1,-1,-1
107,16,930.31,302.00,61.43,162.68,0.84,-1,-1,-1
107,17,890.40,306.73,54.91,153.12,0.85,-1,-1,-1
107,18,592.30,357.28,26.55,74.00,0.15,-1,-1,-1
107,19,290.07,312.42,78.49,221.06,0.81,-1,-1,-1
107,20,953.23,325.05,59.61,163.94,0.69,-1,-1,-1
108,1,-222.64,73.94,466.81,1302.03,0.76,-1,-1,-1
108,2,198.32,193.35,413.37,1046.96,0.88,-1,-1,-1
108,4,518.39,473.68,220.36,656.66,0.84,-1,-1,-1
108,14,615.65,357.53,36.95,85.82,0.71,-1,-1,-1
108,15,530.65,294.66,99.73,326.17,0.87,-1,-1,-1
108,16,928.34,301.47,62.59,164.68,0.80,-1,-1,-1
108,17,888.06,306.84,54.28,154.00,0.87,-1,-1,-1
108,19,282.64,311.02,81.26,234.41,0.65,-1,-1,-1
108,20,949.97,324.09,59.27,160.91,0.60,-1,-1,-1
109,1,-220.25,75.26,450.83,1287.01,0.76,-1,-1,-1
109,2,177.36,191.98,426.61,1068.66,0.89,-1,-1,-1
109,4,510.77,472.17,216.80,651.85,0.84,-1,-1,-1
109,14,610.82,357.88,37.60,87.20,0.59,-1,-1,-1
109,15,531.13,294.19,94.68,319.24,0.87,-1,-1,-1
109,16,925.37,301.09,64.27,166.00,0.82,-1,-1,-1
109,17,884.90,306.54,56.52,154.77,0.87,-1,-1,-1
109,19,273.77,309.64,85.63,247.72,0.54,-1,-1,-1
109,20,944.60,322.29,71.75,173.78,0.71,-1,-1,-1
110,1,-226.92,68.48,444.96,1286.80,0.73,-1,-1,-1
110,2,157.39,185.65,445.67,1085.66,0.88,-1,-1,-1
110,4,499.54,469.70,217.09,653.87,0.83,-1,-1,-1
110,14,606.54,357.56,37.82,87.66,0.67,-1,-1,-1
110,15,529.57,293.75,94.15,312.49,0.87,-1,-1,-1
110,16,923.07,301.74,67.22,166.23,0.84,-1,-1,-1
110,17,882.27,307.06,57.02,153.32,0.88,-1,-1,-1
110,19,264.11,304.75,103.34,291.33,0.18,-1,-1,-1
110,20,936.35,321.50,82.81,189.97,0.61,-1,-1,-1
111,1,-242.86,67.49,443.94,1281.76,0.72,-1,-1,-1
111,2,133.22,188.64,468.33,1087.95,0.86,-1,-1,-1
111,4,487.37,464.97,219.55,656.81,0.84,-1,-1,-1
111,14,601.13,357.23,38.48,88.44,0.62,-1,-1,-1
111,15,526.21,292.46,97.66,314.58,0.85,-1,-1,-1
111,16,913.49,302.41,72.98,166.01,0.69,-1,-1,-1
111,17,881.03,306.62,55.71,157.01,0.87,-1,-1,-1
111,20,930.74,319.14,87.33,196.58,0.69,-1,-1,-1
112,1,-243.55,98.54,424.00,1244.24,0.59,-1,-1,-1
112,2,106.72,177.21,486.35,1091.04,0.85,-1,-1,-1
112,4,472.66,462.68,225.19,664.38,0.83,-1,-1,-1
112,14,596.91,357.94,39.31,87.81,0.68,-1,-1,-1
112,15,523.27,291.80,106.74,321.33,0.84,-1,-1,-1
112,16,913.85,305.33,62.61,156.17,0.45,-1,-1,-1
112,17,879.82,309.23,54.29,151.81,0.88,-1,-1,-1
112,20,923.16,306.17,93.93,234.79,0.65,-1,-1,-1
113,1,-272.73,86.72,432.78,1284.00,0.57,-1,-1,-1
113,2,85.95,179.93,492.39,1098.83,0.86,-1,-1,-1
113,4,460.78,462.66,228.75,674.86,0.83,-1,-1,-1
113,14,593.03,358.86,37.83,82.56,0.74,-1,-1,-1
113,15,522.12,292.59,115.87,327.95,0.91,-1,-1,-1
113,16,914.58,305.39,60.46,162.11,0.22,-1,-1,-1
113,17,879.02,309.32,54.32,151.42,0.87,-1,-1,-1
113,20,914.46,315.46,102.94,235.13,0.75,-1,-1,-1
114,1,-238.90,132.54,377.22,1173.25,0.20,-1,-1,-1
114,2,65.28,183.25,502.84,1102.73,0.85,-1,-1,-1
114,4,450.68,465.56,231.14,662.78,0.83,-1,-1,-1
114,14,589.77,360.59,36.60,78.93,0.62,-1,-1,-1
114,15,521.31,292.69,115.82,333.47,0.93,-1,-1,-1
114,16,914.42,305.69,59.34,165.43,0.40,-1,-1,-1
114,17,877.77,308.38,53.98,158.84,0.85,-1,-1,-1
114,20,913.38,320.87,103.29,237.02,0.74,-1,-1,-1
115,1,-250.81,155.61,379.97,1176.90,0.14,-1,-1,-1
115,2,48.40,186.24,497.78,1091.39,0.86,-1,-1,-1
115,4,438.92,471.06,235.19,679.66,0.84,-1,-1,-1
115,14,586.55,362.02,35.57,77.10,0.58,-1,-1,-1
115,15,519.44,294.23,114.66,337.05,0.93,-1,-1,-1
115,16,913.47,306.55,60.82,168.16,0.66,-1,-1,-1
115,17,874.58,309.12,57.53,163.92,0.81,-1,-1,-1
115,20,915.74,322.04,92.43,216.77,0.49,-1,-1,-1
116,2,30.30,189.51,496.29,1091.48,0.88,-1,-1,-1
116,4,427.14,476.37,239.33,684.71,0.83,-1,-1,-1
116,14,578.93,359.73,39.43,92.02,0.14,-1,-1,-1
116,15,516.54,294.98,114.08,341.60,0.93,-1,-1,-1
116,16,910.61,307.14,76.29,174.75,0.69,-1,-1,-1
116,17,873.88,310.66,59.95,167.19,0.83,-1,-1,-1
117,2,15.55,196.21,503.50,1074.32,0.84,-1,-1,-1
117,4,419.10,479.76,240.68,681.35,0.83,-1,-1,-1
117,15,513.17,295.44,116.93,344.96,0.93,-1,-1,-1
117,16,913.37,308.66,76.39,172.70,0.42,-1,-1,-1
117,17,871.97,311.11,59.79,165.29,0.86,-1,-1,-1
118,2,-2.25,192.83,511.67,1110.69,0.85,-1,-1,-1
118,4,410.88,482.44,240.06,677.68,0.82,-1,-1,-1
118,15,510.24,294.97,120.98,347.85,0.93,-1,-1,-1
118,16,908.44,301.52,81.49,190.38,0.72,-1,-1,-1
118,17,871.02,310.99,62.39,167.28,0.85,-1,-1,-1
119,2,-13.05,190.81,513.95,1132.88,0.83,-1,-1,-1
119,4,399.06,485.85,241.31,693.32,0.82,-1,-1,-1
119,15,507.21,293.60,125.97,352.00,0.94,-1,-1,-1
119,16,907.67,304.56,80.01,184.51,0.76,-1,-1,-1
119,17,869.21,310.27,68.30,169.11,0.84,-1,-1,-1
120,2,-3.03,188.67,495.19,1124.85,0.82,-1,-1,-1
120,4,395.50,488.21,234.00,684.47,0.81,-1,-1,-1
120,15,504.73,293.15,130.10,356.24,0.94,-1,-1,-1
120,16,909.36,311.13,76.30,182.50,0.69,-1,-1,-1
120,17,866.70,310.21,70.80,169.22,0.84,-1,-1,-1
120,21,246.60,304.20,110.70,238.50,0.77,-1,-1,-1
121,2,-20.23,192.66,498.61,1128.91,0.82,-1,-1,-1
121,4,394.60,491.39,228.92,685.45,0.80,-1,-1,-1
121,15,502.06,292.30,134.08,360.14,0.93,-1,-1,-1
121,16,906.88,312.82,76.32,187.02,0.63,-1,-1,-1
121,17,860.34,310.44,74.98,169.37,0.82,-1,-1,-1
121,19,240.06,307.11,108.97,239.83,0.80,-1,-1,-1
122,2,-41.07,189.58,515.47,1126.17,0.82,-1,-1,-1
122,4,395.54,493.84,222.83,664.98,0.80,-1,-1,-1
122,15,499.60,293.67,136.68,362.20,0.94,-1,-1,-1
122,16,906.16,317.61,84.55,196.57,0.57,-1,-1,-1
122,17,854.61,311.01,73.13,169.80,0.85,-1,-1,-1
122,19,236.11,307.10,107.48,239.52,0.83,-1,-1,-1
123,2,-49.33,191.11,496.05,1121.52,0.83,-1,-1,-1
123,4,386.40,495.89,227.69,653.37,0.78,-1,-1,-1
123,15,497.28,294.36,138.77,359.42,0.92,-1,-1,-1
123,16,903.06,312.01,64.84,175.64,0.66,-1,-1,-1
123,17,851.51,311.37,68.17,170.05,0.89,-1,-1,-1
123,19,229.22,307.04,109.78,228.43,0.81,-1,-1,-1
124,2,-37.34,198.63,476.77,1098.33,0.84,-1,-1,-1
124,4,371.83,495.92,237.59,645.51,0.78,-1,-1,-1
124,15,495.31,295.42,140.21,358.85,0.93,-1,-1,-1
124,16,901.91,309.41,54.43,169.23,0.69,-1,-1,-1
124,17,849.31,310.85,66.82,170.86,0.89,-1,-1,-1
124,19,223.22,306.61,109.06,232.20,0.84,-1,-1,-1
124,20,911.35,326.70,63.09,180.26,0.69,-1,-1,-1
125,2,-49.58,191.32,473.25,1115.94,0.83,-1,-1,-1
125,4,378.10,496.56,226.67,640.86,0.81,-1,-1,-1
125,15,492.90,296.18,141.31,358.55,0.93,-1,-1,-1
125,16,896.41,309.72,52.45,167.59,0.66,-1,-1,-1
125,17,847.45,310.38,68.73,172.02,0.89,-1,-1,-1
125,19,216.69,307.13,109.46,241.33,0.84,-1,-1,-1
125,20,906.88,326.86,71.05,180.11,0.64,-1,-1,-1
126,2,-58.43,186.12,472.64,1133.58,0.83,-1,-1,-1
126,4,377.29,495.34,223.90,645.23,0.81,-1,-1,-1
126,15,490.83,295.42,140.47,357.71,0.93,-1,-1,-1
126,16,893.71,306.95,52.82,173.66,0.66,-1,-1,-1
126,17,845.86,311.07,69.43,172.26,0.89,-1,-1,-1
126,19,207.50,306.40,111.39,257.86,0.85,-1,-1,-1
126,20,909.28,326.16,66.60,176.16,0.61,-1,-1,-1
127,2,-92.62,185.72,497.02,1157.98,0.79,-1,-1,-1
127,4,370.68,491.36,223.61,637.47,0.82,-1,-1,-1
127,15,488.75,293.72,138.95,359.79,0.92,-1,-1,-1
127,16,890.88,308.51,53.94,170.72,0.70,-1,-1,-1
127,17,844.38,311.40,72.65,172.95,0.89,-1,-1,-1
127,19,200.07,305.64,112.75,264.10,0.86,-1,-1,-1
127,20,903.21,326.06,77.96,179.73,0.68,-1,-1,-1
128,2,-111.78,173.64,501.65,1188.77,0.81,-1,-1,-1
128,4,358.75,487.96,229.55,653.02,0.83,-1,-1,-1
128,15,485.95,292.40,137.10,360.05,0.91,-1,-1,-1
128,16,887.32,310.00,54.09,176.57,0.33,-1,-1,-1
128,17,843.42,311.18,75.63,174.13,0.87,-1,-1,-1
128,19,192.43,304.47,115.05,274.73,0.87,-1,-1,-1
128,20,902.55,324.01,76.52,180.35,0.75,-1,-1,-1
128,22,110.70,311.40,109.12,268.20,0.73,-1,-1,-1
129,2,-124.18,182.47,495.70,1164.39,0.80,-1,-1,-1
129,4,348.66,485.84,235.96,666.19,0.83,-1,-1,-1
129,15,484.45,291.07,133.96,361.22,0.92,-1,-1,-1
129,16,884.90,313.09,52.35,173.49,0.12,-1,-1,-1
129,17,842.30,311.42,77.92,173.92,0.86,-1,-1,-1
129,19,184.34,303.51,117.10,282.51,0.87,-1,-1,-1
129,20,904.19,324.93,74.03,180.77,0.72,-1,-1,-1
129,22,101.91,310.19,111.31,278.50,0.77,-1,-1,-1
130,2,-134.52,169.90,488.41,1182.39,0.79,-1,-1,-1
130,4,334.78,482.86,246.04,667.97,0.82,-1,-1,-1
130,15,483.35,290.23,130.79,363.44,0.91,-1,-1,-1
130,16,883.17,319.33,54.48,168.22,0.21,-1,-1,-1
130,17,841.34,311.71,78.73,174.27,0.86,-1,-1,-1
130,19,178.04,302.70,117.47,286.62,0.88,-1,-1,-1
130,20,906.68,325.63,70.56,179.79,0.75,-1,-1,-1
130,22,94.85,309.01,111.48,281.80,0.78,-1,-1,-1
131,2,-144.73,169.02,478.93,1180.03,0.79,-1,-1,-1
131,4,323.93,481.88,254.29,657.74,0.81,-1,-1,-1
131,15,483.73,289.64,126.03,366.29,0.91,-1,-1,-1
131,17,841.09,311.55,78.46,176.00,0.88,-1,-1,-1
131,19,169.16,301.21,119.44,292.72,0.89,-1,-1,-1
131,20,908.34,325.91,70.56,181.74,0.55,-1,-1,-1
131,22,86.66,308.62,110.16,286.32,0.79,-1,-1,-1
132,2,-138.50,167.54,462.41,1184.40,0.78,-1,-1,-1
132,4,314.30,483.07,259.95,666.38,0.81,-1,-1,-1
132,15,485.51,290.30,121.74,368.15,0.92,-1,-1,-1
132,17,840.93,311.13,75.30,176.96,0.87,-1,-1,-1
132,19,162.50,301.06,121.44,293.90,0.90,-1,-1,-1
132,20,911.22,325.48,66.58,177.85,0.64,-1,-1,-1
132,22,78.24,308.62,112.61,290.83,0.80,-1,-1,-1
132,16,880.87,316.13,55.25,176.82,0.69,-1,-1,-1
133,2,-135.01,177.97,436.17,1165.06,0.76,-1,-1,-1
133,4,308.61,486.36,261.90,686.73,0.76,-1,-1,-1
133,15,486.01,289.58,118.86,376.51,0.92,-1,-1,-1
133,17,842.20,311.69,72.17,177.65,0.89,-1,-1,-1
133,19,150.33,300.02,127.31,298.38,0.90,-1,-1,-1
133,20,914.56,326.38,64.77,182.87,0.77,-1,-1,-1
133,22,65.53,307.55,118.04,298.27,0.79,-1,-1,-1
133,16,880.95,312.42,55.20,183.11,0.68,-1,-1,-1
134,2,-152.36,186.11,433.74,1156.12,0.78,-1,-1,-1
134,4,305.56,494.07,258.88,692.71,0.77,-1,-1,-1
134,15,486.72,289.78,118.90,395.95,0.92,-1,-1,-1
134,17,841.99,312.28,71.48,177.90,0.88,-1,-1,-1
134,19,142.37,300.14,128.73,301.08,0.91,-1,-1,-1
134,20,915.87,326.63,61.89,182.80,0.78,-1,-1,-1
134,22,57.28,308.17,119.66,298.63,0.77,-1,-1,-1
134,16,880.62,311.89,52.96,187.93,0.83,-1,-1,-1
135,2,-148.74,202.27,410.94,1112.00,0.79,-1,-1,-1
135,4,315.48,502.80,244.27,669.72,0.73,-1,-1,-1
135,15,488.59,290.35,116.43,407.66,0.92,-1,-1,-1
135,17,842.27,311.87,71.17,178.96,0.87,-1,-1,-1
135,19,134.82,300.41,131.92,305.94,0.90,-1,-1,-1
135,20,918.13,326.95,59.32,182.58,0.73,-1,-1,-1
135,22,50.65,308.79,118.82,296.06,0.73,-1,-1,-1
135,16,880.26,311.68,52.68,190.95,0.85,-1,-1,-1
136,2,-173.44,203.84,420.69,1132.92,0.79,-1,-1,-1
136,4,313.99,513.85,242.91,673.37,0.75,-1,-1,-1
136,15,488.90,291.30,115.30,418.33,0.93,-1,-1,-1
136,17,843.32,312.98,68.82,175.15,0.86,-1,-1,-1
136,19,129.60,301.44,131.80,310.00,0.91,-1,-1,-1
136,20,918.94,327.26,58.95,182.38,0.60,-1,-1,-1
136,22,42.60,310.00,120.87,304.49,0.77,-1,-1,-1
136,16,880.23,310.64,53.65,193.97,0.86,-1,-1,-1
137,2,-184.00,208.21,425.10,1142.88,0.78,-1,-1,-1
137,4,314.47,520.70,235.12,674.60,0.77,-1,-1,-1
137,15,488.57,291.99,115.99,422.59,0.93,-1,-1,-1
137,17,844.56,313.35,69.06,177.33,0.85,-1,-1,-1
137,19,124.31,302.07,131.94,311.83,0.91,-1,-1,-1
137,20,920.62,327.62,56.62,178.43,0.68,-1,-1,-1
137,22,39.95,310.66,118.58,302.14,0.77,-1,-1,-1
137,16,879.89,309.33,57.23,196.51,0.84,-1,-1,-1
137,23,1016.10,312.30,46.80,121.50,0.79,-1,-1,-1
138,2,-177.96,209.55,410.72,1127.60,0.79,-1,-1,-1
138,4,306.96,523.38,234.87,678.24,0.79,-1,-1,-1
138,15,489.00,292.12,117.03,423.98,0.93,-1,-1,-1
138,17,846.79,313.07,68.00,178.25,0.85,-1,-1,-1
138,19,117.81,302.15,134.50,313.66,0.91,-1,-1,-1
138,20,921.41,327.01,56.85,181.67,0.74,-1,-1,-1
138,22,36.49,311.84,116.57,297.38,0.77,-1,-1,-1
138,16,879.46,307.68,60.08,199.74,0.84,-1,-1,-1
138,23,1015.23,312.82,48.33,121.36,0.86,-1,-1,-1
138,24,1053.90,299.47,46.80,132.75,0.81,-1,-1,-1
139,2,-185.85,194.81,415.29,1148.18,0.78,-1,-1,-1
139,4,296.86,522.39,238.09,691.41,0.76,-1,-1,-1
139,15,488.57,292.45,119.24,424.48,0.94,-1,-1,-1
139,17,847.55,311.90,66.37,179.88,0.85,-1,-1,-1
139,19,100.67,301.28,147.42,318.01,0.89,-1,-1,-1
139,20,922.80,326.75,55.73,181.62,0.64,-1,-1,-1
139,22,32.94,312.27,112.29,287.17,0.64,-1,-1,-1
139,16,878.96,307.50,62.04,199.50,0.86,-1,-1,-1
139,23,1011.69,312.37,51.40,121.01,0.88,-1,-1,-1
139,24,1055.93,298.69,51.21,133.34,0.84,-1,-1,-1
139,25,997.20,311.17,39.60,114.75,0.74,-1,-1,-1
140,2,-184.97,189.92,410.43,1146.57,0.78,-1,-1,-1
140,4,290.61,520.96,230.81,686.91,0.79,-1,-1,-1
140,15,489.29,291.83,120.04,422.75,0.93,-1,-1,-1
140,17,848.03,310.70,63.93,183.28,0.85,-1,-1,-1
140,19,91.72,300.78,153.16,321.40,0.88,-1,-1,-1
140,20,925.62,327.10,54.13,178.12,0.78,-1,-1,-1
140,22,28.96,314.39,106.79,270.19,0.23,-1,-1,-1
140,16,878.71,307.91,62.17,199.98,0.86,-1,-1,-1
140,23,1010.14,312.24,52.41,121.46,0.89,-1,-1,-1
140,24,1056.43,298.87,45.32,133.82,0.84,-1,-1,-1
140,25,998.37,312.57,39.67,112.77,0.73,-1,-1,-1
141,2,-186.84,183.95,409.30,1156.67,0.79,-1,-1,-1
141,4,290.14,519.92,220.49,690.33,0.81,-1,-1,-1
141,15,490.17,292.12,121.51,419.00,0.93,-1,-1,-1
141,17,848.54,311.28,64.27,183.83,0.86,-1,-1,-1
141,19,85.13,300.76,153.08,323.22,0.88,-1,-1,-1
141,20,926.02,327.69,56.08,181.55,0.74,-1,-1,-1
141,22,19.55,310.79,110.43,282.34,0.37,-1,-1,-1
141,16,878.72,308.24,58.60,199.37,0.87,-1,-1,-1
141,23,1011.05,312.22,51.30,122.28,0.87,-1,-1,-1
141,24,1057.68,298.45,46.09,134.93,0.86,-1,-1,-1
141,25,998.74,296.75,42.47,128.86,0.54,-1,-1,-1
142,2,-185.25,183.44,407.02,1153.02,0.78,-1,-1,-1
142,4,282.75,517.83,216.75,686.81,0.79,-1,-1,-1
142,15,490.56,291.59,123.35,420.60,0.94,-1,-1,-1
142,17,848.84,312.91,63.85,182.37,0.86,-1,-1,-1
142,19,84.27,300.64,147.77,326.16,0.89,-1,-1,-1
142,20,928.09,328.38,55.61,175.51,0.59,-1,-1,-1
142,22,5.50,309.12,121.00,307.66,0.63,-1,-1,-1
142,16,878.59,308.13,58.11,201.14,0.88,-1,-1,-1
142,23,1014.16,312.24,50.85,122.53,0.86,-1,-1,-1
142,24,1059.46,297.64,47.73,135.91,0.86,-1,-1,-1
142,25,996.73,293.36,40.70,129.36,0.45,-1,-1,-1
143,2,-187.34,183.54,410.02,1165.40,0.78,-1,-1,-1
143,4,251.49,513.48,244.29,733.66,0.77,-1,-1,-1
143,15,490.99,291.48,124.61,419.03,0.94,-1,-1,-1
143,17,849.74,314.36,63.09,180.83,0.85,-1,-1,-1
143,19,81.29,300.23,146.18,337.17,0.88,-1,-1,-1
143,20,929.90,328.26,55.46,165.84,0.62,-1,-1,-1
143,22,-7.00,307.55,127.69,333.95,0.55,-1,-1,-1
143,16,878.47,308.34,58.51,201.39,0.88,-1,-1,-1
143,23,1018.31,311.39,46.82,123.51,0.88,-1,-1,-1
143,24,1059.20,296.02,54.79,137.47,0.92,-1,-1,-1
143,25,998.51,293.68,39.93,131.95,0.50,-1,-1,-1
144,2,-205.36,181.96,427.66,1178.84,0.79,-1,-1,-1
144,4,242.69,510.50,245.59,752.22,0.78,-1,-1,-1
144,15,490.69,290.84,127.36,419.63,0.94,-1,-1,-1
144,17,849.83,313.49,64.00,181.08,0.83,-1,-1,-1
144,19,73.52,299.81,149.82,346.71,0.87,-1,-1,-1
144,20,929.88,327.21,55.39,164.64,0.46,-1,-1,-1
144,22,-11.55,306.98,123.18,331.04,0.51,-1,-1,-1
144,16,877.56,307.94,61.29,201.03,0.87,-1,-1,-1
144,23,1020.44,311.19,45.32,124.65,0.89,-1,-1,-1
144,24,1058.34,293.85,63.14,139.73,0.92,-1,-1,-1
144,25,1001.16,295.00,39.65,131.81,0.68,-1,-1,-1
145,2,-218.81,189.38,444.13,1170.22,0.77,-1,-1,-1
145,4,233.26,506.41,249.46,756.48,0.75,-1,-1,-1
145,15,491.92,290.14,135.12,422.01,0.94,-1,-1,-1
145,17,851.42,312.07,62.65,183.64,0.84,-1,-1,-1
145,19,67.03,299.71,150.26,351.89,0.87,-1,-1,-1
145,20,932.42,326.80,54.28,169.99,0.68,-1,-1,-1
145,22,-22.80,308.01,127.47,340.65,0.61,-1,-1,-1
145,16,877.68,307.47,65.07,200.81,0.87,-1,-1,-1
145,23,1022.56,311.68,44.92,124.28,0.88,-1,-1,-1
145,24,1059.02,293.02,69.92,140.97,0.91,-1,-1,-1
145,25,1002.17,300.95,40.91,125.73,0.66,-1,-1,-1
146,2,-237.77,198.77,461.22,1150.99,0.69,-1,-1,-1
146,4,221.74,505.16,253.78,770.83,0.77,-1,-1,-1
146,15,492.70,290.31,145.68,425.53,0.94,-1,-1,-1
146,17,848.19,310.33,66.45,185.88,0.86,-1,-1,-1
146,19,58.39,298.77,153.32,354.45,0.88,-1,-1,-1
146,20,934.41,325.60,52.69,168.28,0.45,-1,-1,-1
146,22,-28.24,308.72,125.26,333.14,0.57,-1,-1,-1
146,16,878.20,307.31,65.38,201.02,0.90,-1,-1,-1
146,23,1024.43,312.49,46.07,123.54,0.85,-1,-1,-1
146,24,1061.49,297.22,74.92,137.10,0.91,-1,-1,-1
146,25,1002.42,308.88,42.60,117.93,0.62,-1,-1,-1
147,2,-265.78,219.17,490.38,1150.36,0.55,-1,-1,-1
147,4,205.96,502.42,261.65,771.83,0.76,-1,-1,-1
147,15,492.95,289.27,156.00,430.59,0.93,-1,-1,-1
147,17,852.40,308.89,63.65,188.82,0.86,-1,-1,-1
147,19,52.27,297.16,155.11,350.91,0.88,-1,-1,-1
147,20,935.67,324.79,53.35,177.93,0.68,-1,-1,-1
147,22,-41.10,304.57,136.28,346.94,0.58,-1,-1,-1
147,16,879.05,306.91,66.58,201.85,0.88,-1,-1,-1
147,23,1026.85,311.21,47.71,124.41,0.89,-1,-1,-1
147,24,1062.42,299.27,79.08,135.50,0.93,-1,-1,-1
147,25,1003.05,311.24,39.53,114.99,0.60,-1,-1,-1
148,2,-273.85,233.53,492.23,1126.35,0.34,-1,-1,-1
148,4,187.83,501.17,272.69,779.18,0.75,-1,-1,-1
148,15,493.64,287.36,161.77,436.62,0.94,-1,-1,-1
148,17,854.01,308.43,63.15,189.88,0.85,-1,-1,-1
148,19,40.44,294.89,162.83,358.85,0.88,-1,-1,-1
148,20,937.88,324.55,56.03,183.50,0.42,-1,-1,-1
148,22,-48.62,301.89,136.87,349.10,0.73,-1,-1,-1
148,16,879.95,305.66,74.66,205.41,0.85,-1,-1,-1
148,23,1028.25,310.50,50.74,125.31,0.89,-1,-1,-1
148,24,1063.29,299.46,80.65,135.80,0.92,-1,-1,-1
148,25,1001.90,316.34,37.04,110.19,0.61,-1,-1,-1
148,26,429.97,366.07,46.58,128.48,0.83,-1,-1,-1
149,2,-287.86,218.79,496.87,1174.05,0.43,-1,-1,-1
149,4,176.26,502.56,278.78,800.99,0.74,-1,-1,-1
149,15,493.56,286.05,164.83,443.25,0.94,-1,-1,-1
149,17,855.46,308.68,62.26,190.41,0.85,-1,-1,-1
149,19,35.43,292.74,161.66,363.22,0.89,-1,-1,-1
149,20,940.03,324.75,55.73,177.07,0.67,-1,-1,-1
149,22,-51.79,301.56,133.05,344.73,0.72,-1,-1,-1
149,16,880.78,305.78,75.02,207.86,0.89,-1,-1,-1
149,23,1028.84,309.34,54.16,127.36,0.90,-1,-1,-1
149,24,1061.34,299.70,83.30,136.12,0.91,-1,-1,-1
149,25,1001.68,316.99,37.39,109.73,0.72,-1,-1,-1
149,26,427.34,366.25,47.19,127.37,0.72,-1,-1,-1
