0,1,351.90,304.88,56.70,164.92,0.94,-1,-1,-1
0,2,454.95,299.25,62.10,160.20,0.93,-1,-1,-1
0,3,648.00,305.10,26.10,76.05,0.88,-1,-1,-1
0,4,681.75,312.97,27.90,69.75,0.85,-1,-1,-1
0,5,634.50,382.27,39.60,50.85,0.82,-1,-1,-1
0,6,571.05,315.67,16.20,39.15,0.79,-1,-1,-1
0,7,592.65,319.05,16.20,36.45,0.77,-1,-1,-1
1,1,350.77,305.19,57.52,165.59,0.94,-1,-1,-1
1,2,454.26,299.36,62.73,161.06,0.94,-1,-1,-1
1,3,647.99,305.00,25.34,76.08,0.89,-1,-1,-1
1,4,681.37,312.88,27.92,69.78,0.85,-1,-1,-1
1,5,634.10,383.38,40.40,49.31,0.82,-1,-1,-1
1,6,571.01,315.78,16.21,39.17,0.78,-1,-1,-1
1,7,593.01,319.55,15.43,36.08,0.74,-1,-1,-1
2,1,350.02,305.32,57.33,166.42,0.94,-1,-1,-1
2,2,453.95,299.62,62.33,161.75,0.93,-1,-1,-1
2,3,647.64,305.22,25.21,76.80,0.89,-1,-1,-1
2,4,681.32,312.92,27.23,70.15,0.86,-1,-1,-1
2,5,633.35,385.24,41.95,48.69,0.79,-1,-1,-1
2,6,570.65,316.22,16.22,38.82,0.76,-1,-1,-1
2,7,592.36,319.69,16.02,36.37,0.73,-1,-1,-1
3,1,349.28,305.65,56.90,166.32,0.95,-1,-1,-1
3,2,453.67,299.83,62.00,162.11,0.93,-1,-1,-1
3,3,646.81,305.94,25.18,76.34,0.90,-1,-1,-1
3,4,681.27,312.56,27.00,70.60,0.87,-1,-1,-1
3,5,632.40,386.78,43.10,48.53,0.80,-1,-1,-1
3,6,570.50,316.14,16.21,38.71,0.73,-1,-1,-1
3,7,592.46,320.56,15.52,35.43,0.73,-1,-1,-1
4,1,348.36,306.03,57.07,167.21,0.94,-1,-1,-1
4,2,453.19,300.51,61.38,162.15,0.93,-1,-1,-1
4,3,646.59,306.46,24.50,76.14,0.90,-1,-1,-1
4,4,680.95,312.23,26.27,70.72,0.87,-1,-1,-1
4,5,632.14,388.15,44.08,47.82,0.77,-1,-1,-1
4,6,569.86,316.39,16.87,38.34,0.70,-1,-1,-1
4,7,592.57,320.94,15.34,35.12,0.72,-1,-1,-1
5,1,347.40,306.43,57.12,167.82,0.94,-1,-1,-1
5,2,451.87,301.01,60.68,162.80,0.93,-1,-1,-1
5,3,645.52,306.43,24.94,76.41,0.90,-1,-1,-1
5,4,680.48,312.27,26.04,70.74,0.88,-1,-1,-1
5,5,631.71,389.01,45.64,47.94,0.73,-1,-1,-1
5,6,569.61,316.60,17.09,37.90,0.69,-1,-1,-1
5,7,592.25,320.53,15.28,35.68,0.73,-1,-1,-1
6,1,346.13,306.36,57.45,169.12,0.94,-1,-1,-1
6,2,450.15,301.30,60.78,163.49,0.93,-1,-1,-1
6,3,644.53,306.84,25.72,76.18,0.90,-1,-1,-1
6,4,679.36,312.26,26.62,71.06,0.89,-1,-1,-1
6,5,631.26,389.69,47.39,47.68,0.79,-1,-1,-1
6,6,569.21,316.63,17.16,38.08,0.70,-1,-1,-1
6,7,591.49,320.34,15.90,36.20,0.73,-1,-1,-1
7,1,344.35,307.03,58.18,169.07,0.94,-1,-1,-1
7,2,448.49,301.78,60.97,163.85,0.94,-1,-1,-1
7,3,641.71,307.39,27.85,75.78,0.91,-1,-1,-1
7,4,678.64,312.21,26.83,70.84,0.87,-1,-1,-1
7,5,630.78,391.22,46.79,46.35,0.83,-1,-1,-1
7,6,568.76,316.58,17.79,38.15,0.68,-1,-1,-1
7,7,591.21,319.59,16.12,37.31,0.76,-1,-1,-1
8,1,342.53,307.21,58.74,169.31,0.94,-1,-1,-1
8,2,447.31,301.59,60.42,164.55,0.94,-1,-1,-1
8,3,639.49,307.06,29.21,76.55,0.90,-1,-1,-1
8,4,677.76,312.14,26.90,71.06,0.88,-1,-1,-1
8,5,630.00,392.44,47.09,45.25,0.84,-1,-1,-1
8,6,568.30,316.65,18.01,38.17,0.67,-1,-1,-1
8,7,590.81,319.71,16.19,37.41,0.78,-1,-1,-1
9,1,341.24,306.63,58.93,169.97,0.94,-1,-1,-1
9,2,446.10,301.48,59.62,164.78,0.93,-1,-1,-1
9,3,638.45,307.35,29.72,75.91,0.89,-1,-1,-1
9,4,677.23,312.09,26.94,71.73,0.87,-1,-1,-1
9,5,629.81,395.74,47.16,42.70,0.81,-1,-1,-1
9,6,567.92,316.49,18.08,37.88,0.73,-1,-1,-1
9,7,590.75,319.73,15.61,36.82,0.78,-1,-1,-1
10,1,339.22,305.92,59.01,171.02,0.94,-1,-1,-1
10,2,444.13,301.54,59.20,164.45,0.93,-1,-1,-1
10,3,637.97,307.13,28.72,76.31,0.90,-1,-1,-1
10,4,675.42,312.20,28.17,71.70,0.89,-1,-1,-1
10,5,629.33,397.36,47.17,41.52,0.83,-1,-1,-1
10,6,567.34,316.26,18.10,37.79,0.74,-1,-1,-1
10,7,590.30,319.42,15.39,36.91,0.79,-1,-1,-1
11,1,337.94,306.09,58.70,170.87,0.95,-1,-1,-1
11,2,441.61,300.34,60.41,165.76,0.94,-1,-1,-1
11,3,637.93,307.18,27.68,76.13,0.90,-1,-1,-1
11,4,674.53,312.24,28.02,71.65,0.88,-1,-1,-1
11,5,628.94,397.97,47.12,41.45,0.83,-1,-1,-1
11,6,567.23,316.01,17.49,37.75,0.74,-1,-1,-1
11,7,590.23,319.29,15.31,36.63,0.80,-1,-1,-1
12,1,336.21,305.15,58.89,172.19,0.95,-1,-1,-1
12,2,439.60,299.64,60.72,166.27,0.94,-1,-1,-1
12,3,637.32,307.10,27.89,76.08,0.90,-1,-1,-1
12,4,673.90,312.47,27.96,71.64,0.86,-1,-1,-1
12,5,628.78,398.21,47.69,41.16,0.83,-1,-1,-1
12,6,566.56,315.98,17.86,37.75,0.72,-1,-1,-1
12,7,589.87,319.31,15.28,36.22,0.78,-1,-1,-1
13,1,334.72,305.01,58.97,172.81,0.95,-1,-1,-1
13,2,437.70,299.43,60.55,166.45,0.94,-1,-1,-1
13,3,636.84,306.96,27.96,76.66,0.90,-1,-1,-1
13,4,672.80,312.45,27.94,71.63,0.87,-1,-1,-1
13,5,628.74,400.13,47.29,38.32,0.77,-1,-1,-1
13,6,566.33,315.86,18.00,38.05,0.73,-1,-1,-1
13,7,589.45,319.36,15.28,36.07,0.78,-1,-1,-1
14,1,333.10,305.11,59.27,172.83,0.94,-1,-1,-1
14,2,435.77,299.06,60.93,167.06,0.94,-1,-1,-1
14,3,636.42,306.75,27.38,77.16,0.91,-1,-1,-1
14,4,672.14,312.15,27.92,71.61,0.88,-1,-1,-1
14,5,627.88,401.53,47.10,36.69,0.75,-1,-1,-1
14,6,566.30,315.82,17.44,37.86,0.76,-1,-1,-1
14,7,589.34,319.38,14.67,36.01,0.81,-1,-1,-1
15,1,331.57,305.49,59.10,172.56,0.94,-1,-1,-1
15,2,433.99,299.71,60.93,166.56,0.94,-1,-1,-1
15,3,635.68,307.01,26.55,77.07,0.90,-1,-1,-1
15,4,671.61,312.53,27.32,71.01,0.86,-1,-1,-1
15,5,626.96,402.95,48.22,34.93,0.62,-1,-1,-1
15,6,565.97,316.00,17.23,37.50,0.75,-1,-1,-1
15,7,588.98,319.74,14.45,35.39,0.79,-1,-1,-1
16,1,329.38,305.36,59.93,173.34,0.94,-1,-1,-1
16,2,432.33,299.99,60.49,166.36,0.94,-1,-1,-1
16,3,633.93,306.53,27.45,77.03,0.89,-1,-1,-1
16,4,670.84,313.14,27.09,70.19,0.87,-1,-1,-1
16,5,625.73,403.88,48.63,34.05,0.64,-1,-1,-1
16,6,565.56,316.09,16.54,37.37,0.77,-1,-1,-1
16,7,588.55,319.90,14.37,35.16,0.80,-1,-1,-1
17,1,327.68,305.34,59.93,173.92,0.94,-1,-1,-1
17,2,429.93,299.97,61.52,167.03,0.95,-1,-1,-1
17,3,632.39,306.54,27.78,77.02,0.90,-1,-1,-1
17,4,669.36,313.11,27.01,70.18,0.88,-1,-1,-1
17,5,625.55,405.44,47.59,32.23,0.59,-1,-1,-1
17,6,565.40,316.16,15.67,37.33,0.80,-1,-1,-1
17,7,588.08,320.14,14.35,34.79,0.82,-1,-1,-1
18,1,325.44,305.91,60.56,174.63,0.94,-1,-1,-1
18,2,427.77,299.78,61.65,168.22,0.94,-1,-1,-1
18,3,630.59,306.63,28.51,77.03,0.90,-1,-1,-1
18,4,668.19,313.63,27.60,69.90,0.88,-1,-1,-1
18,5,625.16,406.34,45.98,32.29,0.74,-1,-1,-1
18,6,564.98,316.43,15.99,37.63,0.78,-1,-1,-1
18,7,587.54,320.18,14.35,35.26,0.79,-1,-1,-1
19,1,323.60,306.87,60.79,175.31,0.95,-1,-1,-1
19,2,426.26,300.16,61.69,169.09,0.94,-1,-1,-1
19,3,629.47,306.67,28.78,77.03,0.90,-1,-1,-1
19,4,667.00,314.14,27.81,69.80,0.87,-1,-1,-1
19,5,624.85,407.39,46.57,31.72,0.64,-1,-1,-1
19,6,564.94,316.84,16.10,37.74,0.78,-1,-1,-1
19,7,587.17,320.35,14.96,35.44,0.79,-1,-1,-1
20,1,322.18,307.32,60.54,176.21,0.95,-1,-1,-1
20,2,424.77,300.54,61.68,169.32,0.94,-1,-1,-1
20,3,628.91,306.46,28.87,77.89,0.90,-1,-1,-1
20,4,666.09,314.25,27.89,70.33,0.87,-1,-1,-1
20,5,624.58,407.75,47.37,32.17,0.72,-1,-1,-1
20,6,564.79,317.07,16.14,37.77,0.81,-1,-1,-1
20,7,586.88,321.08,14.59,34.90,0.81,-1,-1,-1
21,1,320.58,307.40,60.49,177.63,0.95,-1,-1,-1
21,2,422.88,301.03,62.32,170.04,0.94,-1,-1,-1
21,3,627.72,306.70,29.51,77.93,0.91,-1,-1,-1
21,4,665.38,314.89,29.12,69.96,0.83,-1,-1,-1
21,5,624.68,408.66,47.09,32.06,0.72,-1,-1,-1
21,6,564.30,317.19,16.17,37.79,0.80,-1,-1,-1
21,7,586.35,321.53,14.45,34.70,0.79,-1,-1,-1
22,1,319.16,307.80,61.03,178.25,0.95,-1,-1,-1
22,2,421.78,301.45,62.53,170.56,0.95,-1,-1,-1
22,3,626.22,306.75,30.32,77.93,0.90,-1,-1,-1
22,4,664.04,315.24,31.33,69.80,0.83,-1,-1,-1
22,5,623.93,409.04,47.55,32.66,0.70,-1,-1,-1
22,6,564.53,317.18,15.57,37.79,0.81,-1,-1,-1
22,7,585.96,321.80,14.40,34.63,0.80,-1,-1,-1
23,1,317.55,308.34,61.51,178.59,0.95,-1,-1,-1
23,2,420.73,301.55,63.03,171.31,0.95,-1,-1,-1
23,3,625.40,306.88,30.61,77.91,0.90,-1,-1,-1
23,4,662.98,315.33,32.16,69.74,0.84,-1,-1,-1
23,5,623.67,409.39,47.71,33.20,0.68,-1,-1,-1
23,6,564.66,317.27,15.35,37.79,0.82,-1,-1,-1
23,7,585.55,321.55,14.38,35.20,0.82,-1,-1,-1
24,1,315.77,308.35,61.98,179.45,0.94,-1,-1,-1
24,2,419.76,301.85,63.22,171.59,0.95,-1,-1,-1
24,3,624.51,307.04,30.71,77.91,0.91,-1,-1,-1
24,4,661.70,316.22,32.48,69.12,0.84,-1,-1,-1
24,5,623.26,409.46,48.37,33.73,0.72,-1,-1,-1
24,6,564.37,317.13,15.88,37.79,0.81,-1,-1,-1
24,7,584.78,321.72,14.97,35.12,0.80,-1,-1,-1
25,1,313.99,308.59,62.44,179.73,0.94,-1,-1,-1
25,2,418.28,301.76,63.87,172.40,0.94,-1,-1,-1
25,3,623.91,307.06,30.74,77.89,0.91,-1,-1,-1
25,4,661.81,317.25,31.41,68.59,0.82,-1,-1,-1
25,5,622.82,409.25,49.19,34.53,0.68,-1,-1,-1
25,6,564.27,317.17,16.07,37.79,0.81,-1,-1,-1
25,7,584.50,321.73,14.60,34.49,0.76,-1,-1,-1
26,1,312.27,308.66,62.60,180.38,0.95,-1,-1,-1
26,2,417.10,301.56,64.26,173.10,0.94,-1,-1,-1
26,3,623.46,307.18,30.73,77.57,0.90,-1,-1,-1
26,4,661.34,317.89,32.16,68.08,0.84,-1,-1,-1
26,5,622.41,409.39,49.49,34.83,0.74,-1,-1,-1
26,6,563.99,316.86,16.15,38.08,0.79,-1,-1,-1
26,7,583.55,321.24,15.06,34.85,0.78,-1,-1,-1
27,1,310.53,308.28,62.94,180.89,0.95,-1,-1,-1
27,2,415.99,301.23,65.42,173.49,0.94,-1,-1,-1
27,3,623.05,306.99,30.72,77.75,0.90,-1,-1,-1
27,4,660.91,318.18,31.25,67.60,0.82,-1,-1,-1
27,5,621.99,408.59,49.59,36.44,0.51,-1,-1,-1
27,6,563.91,316.50,16.17,38.49,0.80,-1,-1,-1
27,7,582.94,321.27,15.22,34.99,0.78,-1,-1,-1
28,1,308.75,307.88,63.36,180.75,0.95,-1,-1,-1
28,2,414.44,300.99,66.15,173.75,0.94,-1,-1,-1
28,3,623.22,306.94,30.11,77.51,0.90,-1,-1,-1
28,4,660.47,318.75,29.69,66.52,0.82,-1,-1,-1
28,5,621.84,407.84,49.02,36.45,0.69,-1,-1,-1
28,6,563.58,315.95,16.78,38.64,0.80,-1,-1,-1
28,7,582.42,321.01,15.29,35.34,0.81,-1,-1,-1
29,1,307.11,307.10,63.21,181.27,0.95,-1,-1,-1
29,2,413.48,300.28,66.86,174.43,0.94,-1,-1,-1
29,3,623.33,307.06,29.27,77.41,0.90,-1,-1,-1
29,4,660.35,318.78,28.48,65.83,0.83,-1,-1,-1
29,5,621.81,407.52,48.79,36.46,0.68,-1,-1,-1
29,6,563.77,315.57,16.42,38.69,0.81,-1,-1,-1
29,7,582.25,320.74,14.71,35.47,0.81,-1,-1,-1
30,1,305.33,306.37,63.44,182.50,0.95,-1,-1,-1
30,2,412.54,299.89,66.23,174.83,0.93,-1,-1,-1
30,3,623.39,306.83,28.95,77.39,0.90,-1,-1,-1
30,4,659.41,318.05,28.04,66.19,0.83,-1,-1,-1
30,5,621.50,407.71,48.11,35.87,0.64,-1,-1,-1
30,6,563.24,315.31,16.87,39.01,0.77,-1,-1,-1
30,7,581.59,320.67,15.10,35.22,0.79,-1,-1,-1
31,1,303.38,306.33,63.53,183.15,0.95,-1,-1,-1
31,2,411.23,299.52,64.50,175.30,0.93,-1,-1,-1
31,3,623.08,306.82,28.84,77.10,0.90,-1,-1,-1
31,4,658.75,317.25,27.29,66.96,0.85,-1,-1,-1
31,5,620.74,407.89,48.45,35.65,0.61,-1,-1,-1
31,6,562.67,315.45,17.05,38.84,0.79,-1,-1,-1
31,7,581.29,320.88,15.24,34.84,0.79,-1,-1,-1
32,1,302.12,306.49,63.27,183.23,0.95,-1,-1,-1
32,2,410.66,299.70,62.48,175.47,0.93,-1,-1,-1
32,3,623.02,306.98,28.80,76.99,0.90,-1,-1,-1
32,4,658.26,316.81,27.02,67.26,0.85,-1,-1,-1
32,5,620.19,407.96,49.18,35.57,0.61,-1,-1,-1
32,6,562.49,315.22,17.11,39.07,0.79,-1,-1,-1
32,7,580.92,320.82,15.29,35.00,0.77,-1,-1,-1
33,1,300.27,305.95,63.74,184.39,0.94,-1,-1,-1
33,2,410.08,299.03,60.66,176.83,0.93,-1,-1,-1
33,3,623.31,307.19,28.19,77.24,0.90,-1,-1,-1
33,4,658.10,316.18,27.53,67.37,0.86,-1,-1,-1
33,5,620.30,407.66,48.85,35.54,0.59,-1,-1,-1
33,6,562.13,314.99,17.13,39.15,0.80,-1,-1,-1
33,7,580.50,320.64,15.31,35.05,0.77,-1,-1,-1
34,1,298.28,306.34,64.22,184.68,0.94,-1,-1,-1
34,2,410.07,298.92,58.03,177.64,0.93,-1,-1,-1
34,3,623.45,307.56,27.96,77.64,0.90,-1,-1,-1
34,4,657.77,315.94,28.33,67.72,0.87,-1,-1,-1
34,5,620.06,407.85,49.32,35.83,0.54,-1,-1,-1
34,6,562.02,315.05,17.13,39.18,0.81,-1,-1,-1
34,7,580.07,320.87,15.32,35.08,0.77,-1,-1,-1
35,1,295.86,306.83,64.40,185.42,0.94,-1,-1,-1
35,2,410.22,299.53,55.70,177.97,0.93,-1,-1,-1
35,3,623.51,307.76,27.88,78.11,0.89,-1,-1,-1
35,4,657.38,315.91,28.63,68.77,0.84,-1,-1,-1
35,5,619.08,407.85,49.50,36.85,0.57,-1,-1,-1
35,6,561.66,315.14,17.14,39.50,0.80,-1,-1,-1
35,7,579.31,321.17,15.92,35.40,0.78,-1,-1,-1
36,1,293.54,307.14,65.05,186.43,0.95,-1,-1,-1
36,2,410.35,300.48,53.81,178.24,0.93,-1,-1,-1
36,3,623.44,307.95,27.86,78.30,0.90,-1,-1,-1
36,4,656.54,314.25,29.94,70.66,0.84,-1,-1,-1
36,5,618.61,408.57,48.97,36.64,0.62,-1,-1,-1
36,6,561.12,315.30,17.14,39.62,0.80,-1,-1,-1
36,7,578.62,321.26,16.14,35.52,0.79,-1,-1,-1
37,1,291.39,307.40,65.57,187.20,0.95,-1,-1,-1
37,2,410.72,300.69,50.84,179.03,0.93,-1,-1,-1
37,3,623.51,308.03,27.85,78.35,0.90,-1,-1,-1
37,4,656.03,314.22,30.43,70.76,0.84,-1,-1,-1
37,5,617.94,409.26,48.75,37.44,0.69,-1,-1,-1
37,6,560.72,315.51,17.13,39.65,0.79,-1,-1,-1
37,7,578.18,321.29,16.22,35.56,0.79,-1,-1,-1
38,1,289.36,307.45,65.76,188.92,0.95,-1,-1,-1
38,2,410.61,299.68,49.51,180.91,0.92,-1,-1,-1
38,3,623.24,308.43,27.85,78.05,0.90,-1,-1,-1
38,4,655.55,314.74,30.61,70.78,0.83,-1,-1,-1
38,5,617.40,409.74,48.07,38.03,0.73,-1,-1,-1
38,6,560.59,315.53,17.12,39.65,0.79,-1,-1,-1
38,7,577.74,321.38,16.83,35.27,0.78,-1,-1,-1
38,8,658.35,406.80,33.30,38.70,0.71,-1,-1,-1
39,1,287.35,308.03,65.51,189.55,0.95,-1,-1,-1
39,2,409.68,298.83,48.46,182.34,0.92,-1,-1,-1
39,3,623.17,308.42,27.85,78.23,0.90,-1,-1,-1
39,4,654.82,314.78,30.66,71.07,0.87,-1,-1,-1
39,5,616.94,408.71,48.41,40.02,0.74,-1,-1,-1
39,6,560.27,315.67,17.12,39.65,0.78,-1,-1,-1
39,7,577.31,321.25,17.06,35.46,0.79,-1,-1,-1
39,8,658.99,407.19,31.88,38.73,0.74,-1,-1,-1
40,1,285.35,307.88,65.99,190.92,0.95,-1,-1,-1
40,2,409.08,298.44,47.21,183.43,0.92,-1,-1,-1
40,3,622.84,308.49,27.85,77.99,0.90,-1,-1,-1
40,4,653.96,314.74,29.49,70.87,0.86,-1,-1,-1
40,5,617.07,410.27,47.33,39.02,0.79,-1,-1,-1
40,6,559.86,315.96,17.11,39.34,0.78,-1,-1,-1
40,7,576.86,321.28,17.14,35.52,0.79,-1,-1,-1
40,8,658.74,407.60,31.60,38.73,0.74,-1,-1,-1
41,1,282.78,308.06,66.46,191.43,0.95,-1,-1,-1
41,2,407.71,298.38,46.82,184.28,0.92,-1,-1,-1
41,3,622.35,308.31,27.85,78.21,0.91,-1,-1,-1
41,4,652.99,314.67,29.63,70.79,0.87,-1,-1,-1
41,5,616.16,410.39,47.53,39.49,0.77,-1,-1,-1
41,6,559.64,316.16,17.11,38.93,0.78,-1,-1,-1
41,7,576.34,321.23,16.58,35.25,0.78,-1,-1,-1
41,8,657.25,407.44,32.92,39.08,0.66,-1,-1,-1
42,1,280.69,308.23,66.33,191.40,0.95,-1,-1,-1
42,2,406.59,298.77,46.72,184.37,0.91,-1,-1,-1
42,3,621.64,308.34,28.45,77.97,0.90,-1,-1,-1
42,4,652.70,314.74,29.08,71.04,0.88,-1,-1,-1
42,5,615.60,409.61,48.20,40.54,0.67,-1,-1,-1
42,6,559.34,316.18,17.10,38.76,0.78,-1,-1,-1
42,7,575.93,321.32,16.35,35.14,0.79,-1,-1,-1
42,8,654.52,406.96,34.66,39.84,0.59,-1,-1,-1
42,9,677.70,313.20,14.40,36.45,0.72,-1,-1,-1
43,1,278.07,307.65,66.85,192.54,0.95,-1,-1,-1
43,2,405.32,300.52,47.03,182.73,0.91,-1,-1,-1
43,3,621.10,308.16,28.67,78.47,0.90,-1,-1,-1
43,4,651.74,315.18,28.27,70.53,0.88,-1,-1,-1
43,5,614.83,409.41,48.45,40.34,0.74,-1,-1,-1
43,6,558.96,315.85,17.10,39.00,0.79,-1,-1,-1
43,7,575.52,321.31,16.26,34.80,0.79,-1,-1,-1
43,8,654.59,406.92,33.95,39.77,0.64,-1,-1,-1
43,9,677.97,313.04,13.68,36.47,0.74,-1,-1,-1
44,1,276.12,307.40,66.44,192.93,0.95,-1,-1,-1
44,2,403.06,301.61,48.08,181.92,0.91,-1,-1,-1
44,3,620.30,308.36,28.75,78.36,0.90,-1,-1,-1
44,4,650.78,314.29,28.57,71.52,0.87,-1,-1,-1
44,5,613.94,407.53,50.92,42.32,0.70,-1,-1,-1
44,6,558.52,316.01,17.10,38.79,0.79,-1,-1,-1
44,7,575.67,321.28,15.03,34.97,0.79,-1,-1,-1
44,8,653.10,406.57,35.54,40.04,0.52,-1,-1,-1
44,9,678.00,312.99,13.54,36.47,0.66,-1,-1,-1
45,1,273.49,306.59,66.57,194.09,0.94,-1,-1,-1
45,2,401.02,303.69,48.50,179.66,0.93,-1,-1,-1
45,3,619.38,308.02,29.38,78.01,0.90,-1,-1,-1
45,4,649.22,314.57,28.09,71.59,0.87,-1,-1,-1
45,5,613.58,409.45,48.92,40.44,0.78,-1,-1,-1
45,6,558.03,315.94,17.10,38.71,0.80,-1,-1,-1
45,7,575.41,321.29,14.55,34.74,0.79,-1,-1,-1
45,8,652.88,406.61,34.86,39.81,0.71,-1,-1,-1
45,9,677.33,312.80,14.21,38.22,0.75,-1,-1,-1
46,1,270.48,305.84,67.21,194.96,0.95,-1,-1,-1
46,2,397.75,302.22,50.77,181.35,0.93,-1,-1,-1
46,3,618.76,307.74,29.61,78.19,0.90,-1,-1,-1
46,4,647.17,314.55,29.11,71.61,0.88,-1,-1,-1
46,5,612.59,410.25,48.11,39.06,0.77,-1,-1,-1
46,6,557.57,315.62,17.09,38.98,0.78,-1,-1,-1
46,7,575.04,321.31,14.39,34.65,0.79,-1,-1,-1
46,8,652.26,406.95,35.17,39.41,0.71,-1,-1,-1
46,9,677.48,312.57,13.75,38.44,0.74,-1,-1,-1
47,1,267.57,304.86,67.46,196.08,0.94,-1,-1,-1
47,2,395.07,302.45,51.64,181.60,0.93,-1,-1,-1
47,3,617.57,307.84,29.11,78.28,0.90,-1,-1,-1
47,4,646.66,314.44,28.91,71.94,0.87,-1,-1,-1
47,5,611.86,410.34,49.02,39.15,0.80,-1,-1,-1
47,6,557.00,315.56,17.10,39.10,0.80,-1,-1,-1
47,7,574.52,321.37,14.34,34.64,0.79,-1,-1,-1
47,8,650.19,407.62,36.49,38.96,0.72,-1,-1,-1
47,9,677.18,312.53,13.57,38.48,0.76,-1,-1,-1
48,1,264.34,304.68,67.84,196.54,0.95,-1,-1,-1
48,2,392.07,302.28,52.56,181.30,0.93,-1,-1,-1
48,3,614.56,308.11,30.71,77.45,0.90,-1,-1,-1
48,4,645.74,315.23,28.83,71.19,0.87,-1,-1,-1
48,5,611.10,410.92,47.59,38.31,0.69,-1,-1,-1
48,6,556.00,315.31,17.10,39.46,0.81,-1,-1,-1
48,7,573.55,320.88,14.33,34.94,0.80,-1,-1,-1
48,8,648.95,407.82,36.97,39.12,0.75,-1,-1,-1
48,9,676.95,312.46,13.51,38.47,0.78,-1,-1,-1
49,1,261.35,304.38,68.28,197.68,0.94,-1,-1,-1
49,2,388.82,300.91,54.10,183.22,0.93,-1,-1,-1
49,3,613.31,308.68,30.71,77.11,0.90,-1,-1,-1
49,4,644.98,316.00,28.20,70.58,0.87,-1,-1,-1
49,5,610.71,411.58,47.63,38.27,0.76,-1,-1,-1
49,6,555.80,315.39,16.50,39.58,0.80,-1,-1,-1
49,7,572.75,320.71,14.94,35.05,0.83,-1,-1,-1
49,8,648.09,408.18,37.72,39.16,0.71,-1,-1,-1
49,9,677.01,312.73,13.49,38.13,0.79,-1,-1,-1
50,1,258.62,304.50,68.75,198.81,0.94,-1,-1,-1
50,2,385.67,302.09,55.58,182.29,0.93,-1,-1,-1
50,3,612.94,309.39,30.71,76.69,0.90,-1,-1,-1
50,4,643.91,316.64,27.97,70.04,0.87,-1,-1,-1
50,5,610.08,412.16,48.25,38.25,0.75,-1,-1,-1
50,6,555.23,315.48,16.89,39.62,0.79,-1,-1,-1
50,7,572.26,320.40,15.16,35.39,0.84,-1,-1,-1
50,8,646.70,408.34,38.58,39.78,0.69,-1,-1,-1
50,9,676.80,312.71,13.49,38.29,0.78,-1,-1,-1
51,1,255.83,304.95,68.63,199.52,0.95,-1,-1,-1
51,2,383.15,299.04,56.14,186.72,0.93,-1,-1,-1
51,3,612.21,309.73,30.11,76.84,0.90,-1,-1,-1
51,4,643.52,316.80,27.29,69.85,0.88,-1,-1,-1
51,5,609.23,413.07,48.49,38.85,0.72,-1,-1,-1
51,6,554.70,315.75,17.03,39.34,0.80,-1,-1,-1
51,7,571.76,320.53,15.25,35.22,0.84,-1,-1,-1
51,8,646.47,409.23,38.30,39.71,0.73,-1,-1,-1
51,9,676.39,312.78,13.49,38.35,0.79,-1,-1,-1
52,1,252.44,305.60,69.49,200.87,0.95,-1,-1,-1
52,2,381.65,298.37,55.78,188.87,0.93,-1,-1,-1
52,3,611.00,309.88,30.49,77.52,0.90,-1,-1,-1
52,4,642.14,317.49,27.05,69.50,0.84,-1,-1,-1
52,5,608.26,413.91,49.20,40.28,0.69,-1,-1,-1
52,6,554.12,315.88,17.09,39.25,0.78,-1,-1,-1
52,7,571.20,320.60,15.30,35.47,0.83,-1,-1,-1
52,8,644.59,409.91,39.37,40.89,0.73,-1,-1,-1
52,9,676.19,312.97,13.50,38.37,0.77,-1,-1,-1
53,1,250.50,306.86,69.17,200.78,0.95,-1,-1,-1
53,2,380.34,299.43,55.30,189.11,0.93,-1,-1,-1
53,3,610.79,310.05,30.01,77.74,0.90,-1,-1,-1
53,4,640.65,317.40,28.16,69.93,0.86,-1,-1,-1
53,5,607.55,414.71,47.06,42.26,0.61,-1,-1,-1
53,6,553.88,316.04,16.50,38.89,0.77,-1,-1,-1
53,7,570.66,321.04,15.90,35.53,0.80,-1,-1,-1
53,8,644.69,410.66,38.55,41.30,0.74,-1,-1,-1
53,9,676.30,313.00,13.49,38.65,0.78,-1,-1,-1
54,1,247.69,308.03,69.63,200.83,0.95,-1,-1,-1
54,2,378.62,298.01,55.40,192.12,0.92,-1,-1,-1
54,3,609.87,309.90,29.82,78.40,0.91,-1,-1,-1
54,4,639.26,317.60,28.57,69.78,0.86,-1,-1,-1
54,5,607.03,415.08,47.43,40.97,0.72,-1,-1,-1
54,6,553.22,316.34,16.88,38.75,0.77,-1,-1,-1
54,7,569.61,321.15,16.71,35.55,0.79,-1,-1,-1
54,8,643.91,411.16,38.80,41.45,0.77,-1,-1,-1
54,9,676.35,313.10,13.49,38.74,0.78,-1,-1,-1
55,1,244.62,308.32,70.40,201.91,0.95,-1,-1,-1
55,2,376.12,299.25,56.03,191.49,0.92,-1,-1,-1
55,3,608.56,309.99,29.75,78.67,0.91,-1,-1,-1
55,4,638.68,317.97,28.14,69.45,0.86,-1,-1,-1
55,5,606.47,417.16,46.99,39.25,0.72,-1,-1,-1
55,6,552.89,316.61,17.03,38.70,0.75,-1,-1,-1
55,7,568.53,321.35,17.02,35.57,0.74,-1,-1,-1
55,8,644.45,411.80,37.70,41.80,0.77,-1,-1,-1
55,9,676.30,313.13,13.49,38.78,0.79,-1,-1,-1
56,1,241.96,308.54,70.37,203.29,0.95,-1,-1,-1
56,2,374.66,301.04,55.66,190.72,0.92,-1,-1,-1
56,3,607.61,309.97,29.72,78.75,0.91,-1,-1,-1
56,4,637.71,318.36,27.97,69.31,0.87,-1,-1,-1
56,5,605.79,419.22,46.21,37.37,0.60,-1,-1,-1
56,6,552.90,316.66,16.48,38.68,0.77,-1,-1,-1
56,7,567.96,321.38,17.13,35.57,0.76,-1,-1,-1
56,8,643.00,412.41,38.45,41.32,0.79,-1,-1,-1
56,9,676.37,313.10,13.49,38.78,0.80,-1,-1,-1
57,1,239.12,308.42,70.65,204.85,0.95,-1,-1,-1
57,2,371.67,300.49,56.40,192.51,0.93,-1,-1,-1
57,3,606.59,309.79,29.11,78.79,0.91,-1,-1,-1
57,4,636.68,318.32,27.31,69.87,0.86,-1,-1,-1
57,5,604.25,420.24,45.33,36.38,0.66,-1,-1,-1
57,6,552.52,316.80,16.28,38.68,0.78,-1,-1,-1
57,7,567.06,321.66,17.17,35.57,0.77,-1,-1,-1
57,8,640.90,412.46,39.91,42.33,0.76,-1,-1,-1
57,9,676.30,313.21,13.49,38.77,0.80,-1,-1,-1
58,1,236.58,308.90,70.73,205.05,0.95,-1,-1,-1
58,2,369.30,300.96,56.67,193.25,0.93,-1,-1,-1
58,3,605.14,309.79,29.48,78.78,0.91,-1,-1,-1
58,4,635.53,317.92,27.05,70.66,0.86,-1,-1,-1
58,5,603.51,420.93,41.37,36.01,0.68,-1,-1,-1
58,6,552.21,316.62,16.20,38.67,0.79,-1,-1,-1
58,7,566.86,321.68,16.58,35.56,0.79,-1,-1,-1
58,8,640.53,412.36,39.85,43.87,0.76,-1,-1,-1
58,9,676.36,313.32,13.49,38.46,0.79,-1,-1,-1
59,1,233.51,308.89,71.05,205.28,0.95,-1,-1,-1
59,2,366.89,299.91,57.36,195.31,0.93,-1,-1,-1
59,3,603.68,309.31,29.62,79.38,0.90,-1,-1,-1
59,4,634.18,316.25,28.18,72.16,0.85,-1,-1,-1
59,5,602.59,420.53,44.28,37.11,0.75,-1,-1,-1
59,6,551.43,316.38,16.78,38.97,0.77,-1,-1,-1
59,7,566.44,321.81,16.35,35.56,0.75,-1,-1,-1
59,8,639.48,412.87,39.82,43.58,0.77,-1,-1,-1
59,9,676.04,313.33,13.49,38.34,0.78,-1,-1,-1
60,1,230.59,309.14,71.75,205.60,0.94,-1,-1,-1
60,2,364.34,299.03,57.90,197.37,0.93,-1,-1,-1
60,3,602.89,309.08,29.07,79.59,0.90,-1,-1,-1
60,4,633.15,316.16,29.17,72.12,0.88,-1,-1,-1
60,5,601.72,420.61,45.25,37.22,0.75,-1,-1,-1
60,6,550.90,316.54,16.99,39.08,0.72,-1,-1,-1
60,7,566.04,321.82,15.66,35.26,0.72,-1,-1,-1
60,8,639.14,413.01,39.79,43.73,0.77,-1,-1,-1
60,9,675.63,313.45,14.09,38.29,0.78,-1,-1,-1
61,1,227.89,308.80,71.71,206.72,0.95,-1,-1,-1
61,2,362.48,296.94,57.50,200.17,0.93,-1,-1,-1
61,3,601.78,308.56,29.46,79.66,0.89,-1,-1,-1
61,4,631.94,316.14,30.14,72.09,0.87,-1,-1,-1
61,5,601.16,420.61,45.03,37.86,0.73,-1,-1,-1
61,6,550.75,316.46,16.47,38.82,0.80,-1,-1,-1
61,7,565.36,321.98,16.01,34.84,0.76,-1,-1,-1
61,8,638.49,413.05,39.76,44.07,0.75,-1,-1,-1
61,9,675.81,313.35,13.72,38.56,0.80,-1,-1,-1
62,1,224.71,307.78,72.28,208.02,0.95,-1,-1,-1
62,2,360.50,296.89,57.34,200.78,0.93,-1,-1,-1
62,3,601.11,308.81,29.02,79.39,0.89,-1,-1,-1
62,4,631.24,316.29,30.51,72.08,0.87,-1,-1,-1
62,5,600.69,420.61,45.56,38.10,0.68,-1,-1,-1
62,6,550.72,316.44,16.28,39.03,0.80,-1,-1,-1
62,7,565.13,322.04,15.54,34.69,0.76,-1,-1,-1
62,8,637.10,412.62,40.93,45.67,0.72,-1,-1,-1
62,9,675.90,313.46,13.58,38.37,0.79,-1,-1,-1
63,1,221.70,306.95,72.57,209.24,0.95,-1,-1,-1
63,2,356.50,297.20,58.77,200.96,0.93,-1,-1,-1
63,3,600.56,308.62,28.25,79.29,0.90,-1,-1,-1
63,4,630.07,316.50,30.65,71.47,0.87,-1,-1,-1
63,5,599.90,420.74,46.36,38.20,0.70,-1,-1,-1
63,6,550.38,316.43,16.21,39.10,0.79,-1,-1,-1
63,7,564.41,321.77,15.36,35.23,0.77,-1,-1,-1
63,8,636.27,413.03,40.77,45.39,0.75,-1,-1,-1
63,9,675.59,313.05,13.52,38.30,0.79,-1,-1,-1
64,1,218.73,306.49,72.88,209.83,0.95,-1,-1,-1
64,2,354.72,295.99,58.11,202.34,0.93,-1,-1,-1
64,3,599.44,309.31,28.57,78.35,0.90,-1,-1,-1
64,4,629.33,316.91,30.69,71.24,0.87,-1,-1,-1
64,5,599.28,420.80,46.66,37.94,0.71,-1,-1,-1
64,6,549.91,316.45,16.18,39.14,0.77,-1,-1,-1
64,7,563.83,321.53,14.69,35.44,0.75,-1,-1,-1
64,8,635.94,413.37,40.10,44.67,0.75,-1,-1,-1
64,9,675.74,312.92,13.50,38.27,0.80,-1,-1,-1
65,1,215.63,306.20,73.28,211.33,0.94,-1,-1,-1
65,2,352.91,296.61,58.13,202.06,0.93,-1,-1,-1
65,3,598.85,309.31,28.69,78.29,0.90,-1,-1,-1
65,4,628.87,316.93,30.11,71.15,0.87,-1,-1,-1
65,5,598.27,421.12,47.36,38.44,0.73,-1,-1,-1
65,6,549.85,316.18,16.17,39.44,0.77,-1,-1,-1
65,7,563.42,321.17,14.45,35.81,0.73,-1,-1,-1
65,8,635.94,413.50,39.23,47.06,0.70,-1,-1,-1
65,9,675.57,313.05,13.49,38.25,0.80,-1,-1,-1
66,1,212.39,305.95,73.46,211.82,0.94,-1,-1,-1
66,2,348.43,294.93,60.25,203.92,0.93,-1,-1,-1
66,3,598.47,309.14,28.15,78.30,0.90,-1,-1,-1
66,4,628.56,316.78,29.29,71.44,0.87,-1,-1,-1
66,5,597.43,421.27,47.06,38.04,0.72,-1,-1,-1
66,6,549.62,315.93,16.18,39.57,0.76,-1,-1,-1
66,7,563.09,320.88,14.37,35.67,0.74,-1,-1,-1
66,8,635.20,413.58,39.52,45.92,0.69,-1,-1,-1
66,9,675.36,312.94,13.50,38.86,0.81,-1,-1,-1
67,1,209.08,305.86,73.58,213.30,0.95,-1,-1,-1
67,2,345.59,294.75,60.44,205.19,0.93,-1,-1,-1
67,3,597.85,308.79,27.95,78.90,0.89,-1,-1,-1
67,4,627.98,317.04,29.58,71.55,0.86,-1,-1,-1
67,5,596.93,421.77,47.53,37.89,0.72,-1,-1,-1
67,6,549.64,315.99,15.58,39.62,0.76,-1,-1,-1
67,7,562.16,320.94,14.35,35.61,0.74,-1,-1,-1
67,8,634.73,413.91,39.62,46.03,0.68,-1,-1,-1
67,9,675.37,313.06,13.50,39.09,0.80,-1,-1,-1
68,1,205.87,306.48,73.85,213.86,0.95,-1,-1,-1
68,2,341.89,294.91,61.69,206.69,0.93,-1,-1,-1
68,3,597.35,309.16,27.28,79.14,0.89,-1,-1,-1
68,4,627.18,317.19,29.69,71.89,0.85,-1,-1,-1
68,5,596.16,422.46,47.71,38.59,0.76,-1,-1,-1
68,6,549.34,316.22,15.36,39.34,0.73,-1,-1,-1
68,7,561.53,321.16,14.34,35.59,0.72,-1,-1,-1
68,8,633.68,414.69,39.66,46.22,0.74,-1,-1,-1
68,9,675.37,313.46,13.50,39.18,0.80,-1,-1,-1
69,1,202.55,307.62,73.94,214.06,0.95,-1,-1,-1
69,2,338.09,295.87,62.74,207.25,0.93,-1,-1,-1
69,3,596.51,309.92,27.64,79.54,0.90,-1,-1,-1
69,4,626.54,317.12,29.13,72.33,0.87,-1,-1,-1
69,5,595.22,423.63,47.78,39.45,0.73,-1,-1,-1
69,6,549.17,316.77,14.68,38.94,0.76,-1,-1,-1
69,7,560.93,321.72,14.35,34.99,0.76,-1,-1,-1
69,8,632.65,415.30,39.67,50.73,0.68,-1,-1,-1
69,9,675.31,313.93,13.50,38.92,0.82,-1,-1,-1
70,1,199.37,307.81,74.29,215.62,0.94,-1,-1,-1
70,2,336.04,296.01,62.49,208.34,0.93,-1,-1,-1
70,3,596.10,309.81,27.76,79.94,0.90,-1,-1,-1
70,4,626.19,317.59,28.90,71.86,0.84,-1,-1,-1
70,5,594.17,424.20,49.55,39.45,0.68,-1,-1,-1
70,6,549.00,316.89,15.04,38.77,0.74,-1,-1,-1
70,7,560.32,321.98,14.35,34.74,0.72,-1,-1,-1
70,8,631.24,416.39,40.84,49.94,0.64,-1,-1,-1
70,9,675.11,314.01,13.50,39.09,0.82,-1,-1,-1
71,1,195.37,308.01,75.23,217.21,0.94,-1,-1,-1
71,2,332.53,295.91,63.56,209.45,0.93,-1,-1,-1
71,3,595.66,310.05,27.81,80.08,0.90,-1,-1,-1
71,4,625.18,318.34,28.81,71.37,0.83,-1,-1,-1
71,5,592.61,425.11,49.62,38.11,0.68,-1,-1,-1
71,6,548.94,316.90,14.57,38.70,0.74,-1,-1,-1
71,7,560.10,322.35,13.75,34.36,0.65,-1,-1,-1
71,8,631.60,417.52,39.51,45.59,0.69,-1,-1,-1
71,9,674.72,314.31,14.09,39.15,0.81,-1,-1,-1
72,1,191.42,308.83,76.19,217.68,0.95,-1,-1,-1
72,2,328.06,295.73,65.15,210.62,0.93,-1,-1,-1
72,3,594.85,310.43,27.25,79.86,0.90,-1,-1,-1
72,4,623.56,318.93,28.79,70.90,0.84,-1,-1,-1
72,5,591.37,426.07,49.06,37.90,0.70,-1,-1,-1
72,6,548.54,316.76,14.40,38.69,0.74,-1,-1,-1
72,7,559.36,322.94,13.53,32.41,0.50,-1,-1,-1
72,8,630.53,417.96,39.59,44.77,0.73,-1,-1,-1
72,9,674.23,314.43,14.32,39.18,0.83,-1,-1,-1
73,1,187.68,309.47,76.58,218.53,0.95,-1,-1,-1
73,2,325.19,295.72,64.82,212.03,0.93,-1,-1,-1
73,3,594.29,310.20,27.02,80.05,0.90,-1,-1,-1
73,4,620.60,318.92,31.17,71.01,0.84,-1,-1,-1
73,5,590.64,426.15,48.22,38.27,0.66,-1,-1,-1
73,6,548.12,316.63,14.95,38.98,0.74,-1,-1,-1
73,7,557.60,322.78,14.67,33.52,0.57,-1,-1,-1
73,8,626.86,418.17,42.59,45.53,0.69,-1,-1,-1
73,9,674.34,314.54,13.80,39.18,0.83,-1,-1,-1
74,1,183.90,308.94,77.03,219.88,0.95,-1,-1,-1
74,2,322.92,295.53,64.09,213.00,0.93,-1,-1,-1
74,3,593.44,310.22,26.95,80.42,0.90,-1,-1,-1
74,4,619.73,319.01,31.47,69.87,0.87,-1,-1,-1
74,5,590.34,426.29,49.70,38.56,0.66,-1,-1,-1
74,6,547.60,316.54,15.15,39.39,0.77,-1,-1,-1
74,7,556.31,322.82,15.08,33.92,0.59,-1,-1,-1
74,8,625.16,418.50,43.12,45.22,0.61,-1,-1,-1
74,9,674.33,314.69,13.60,39.19,0.82,-1,-1,-1
75,1,180.25,308.84,77.15,220.41,0.94,-1,-1,-1
75,2,318.73,295.14,65.26,213.81,0.93,-1,-1,-1
75,3,592.71,310.03,27.52,79.93,0.90,-1,-1,-1
75,4,619.31,318.84,31.56,70.01,0.88,-1,-1,-1
75,5,589.53,426.67,48.46,38.21,0.69,-1,-1,-1
75,6,547.29,316.46,15.23,39.53,0.73,-1,-1,-1
75,7,555.14,322.79,15.82,34.66,0.59,-1,-1,-1
75,8,623.52,418.81,43.89,45.38,0.63,-1,-1,-1
75,9,674.15,314.55,13.52,39.17,0.81,-1,-1,-1
76,1,176.71,307.83,77.61,221.44,0.95,-1,-1,-1
76,2,315.41,294.34,65.96,215.24,0.94,-1,-1,-1
76,3,591.89,310.04,27.73,79.43,0.90,-1,-1,-1
76,4,618.04,317.96,32.17,70.66,0.88,-1,-1,-1
76,5,588.38,426.72,47.95,38.37,0.76,-1,-1,-1
76,6,547.52,316.51,14.66,39.28,0.68,-1,-1,-1
76,7,554.75,322.85,15.52,34.64,0.52,-1,-1,-1
76,8,621.19,418.53,45.33,45.43,0.68,-1,-1,-1
76,9,673.81,314.12,13.49,39.15,0.81,-1,-1,-1
77,1,173.02,307.02,77.70,222.54,0.95,-1,-1,-1
77,2,311.87,293.76,66.22,215.75,0.93,-1,-1,-1
77,3,591.00,309.61,27.22,79.84,0.90,-1,-1,-1
77,4,616.11,317.04,33.57,71.80,0.87,-1,-1,-1
77,5,587.37,426.58,47.77,38.88,0.71,-1,-1,-1
77,6,547.30,316.40,14.44,39.48,0.67,-1,-1,-1
77,7,554.32,322.29,15.99,35.83,0.38,-1,-1,-1
77,8,620.62,418.43,45.29,46.64,0.66,-1,-1,-1
77,9,673.37,313.83,14.08,39.74,0.79,-1,-1,-1
78,1,168.75,306.75,78.61,223.52,0.95,-1,-1,-1
78,2,307.94,293.88,66.89,215.90,0.94,-1,-1,-1
78,3,589.77,309.18,27.63,79.99,0.91,-1,-1,-1
78,4,615.37,317.17,32.94,71.64,0.89,-1,-1,-1
78,5,586.10,426.55,50.09,38.77,0.40,-1,-1,-1
78,6,546.90,316.53,14.37,38.37,0.64,-1,-1,-1
78,7,553.86,322.69,14.40,32.75,0.20,-1,-1,-1
78,8,615.71,418.41,48.78,46.50,0.47,-1,-1,-1
78,9,673.19,313.30,14.30,40.26,0.80,-1,-1,-1
79,1,164.99,306.29,78.35,224.46,0.94,-1,-1,-1
79,2,304.90,293.58,65.94,216.24,0.94,-1,-1,-1
79,3,589.01,309.57,27.19,78.87,0.91,-1,-1,-1
79,4,614.53,316.74,32.07,72.18,0.89,-1,-1,-1
79,5,584.45,426.49,49.19,38.43,0.68,-1,-1,-1
79,6,546.73,316.70,14.35,37.64,0.55,-1,-1,-1
79,7,553.09,322.52,15.61,33.35,0.43,-1,-1,-1
79,8,619.60,418.36,43.77,45.55,0.61,-1,-1,-1
79,9,672.81,312.91,14.38,40.75,0.81,-1,-1,-1
80,1,160.30,305.59,79.05,225.70,0.95,-1,-1,-1
80,2,303.09,293.52,64.36,216.37,0.93,-1,-1,-1
80,3,587.55,309.19,27.62,79.34,0.91,-1,-1,-1
80,4,613.95,316.49,31.13,72.39,0.89,-1,-1,-1
80,5,583.25,426.53,48.23,38.61,0.75,-1,-1,-1
80,6,546.06,316.67,14.95,36.17,0.41,-1,-1,-1
80,7,552.22,322.06,14.27,32.08,0.17,-1,-1,-1
80,8,621.07,418.41,41.01,45.49,0.67,-1,-1,-1
80,9,672.67,312.83,14.41,40.94,0.81,-1,-1,-1
81,1,156.42,304.78,79.38,227.01,0.95,-1,-1,-1
81,2,298.68,293.57,65.26,216.64,0.93,-1,-1,-1
81,3,586.47,309.08,27.79,79.52,0.91,-1,-1,-1
81,4,612.60,316.58,31.38,72.16,0.89,-1,-1,-1
81,5,581.97,426.41,48.46,38.82,0.78,-1,-1,-1
81,6,546.44,316.85,16.35,37.16,0.41,-1,-1,-1
81,8,618.29,418.29,42.46,45.61,0.70,-1,-1,-1
81,9,672.35,312.98,14.42,40.70,0.80,-1,-1,-1
82,1,151.07,304.83,80.46,228.26,0.95,-1,-1,-1
82,2,290.74,293.81,68.62,217.64,0.94,-1,-1,-1
82,3,584.85,310.15,27.87,78.46,0.91,-1,-1,-1
82,4,611.51,317.14,30.90,71.84,0.88,-1,-1,-1
82,5,580.28,426.53,49.19,39.53,0.82,-1,-1,-1
82,6,545.02,316.98,15.74,37.25,0.20,-1,-1,-1
82,8,616.41,418.55,43.00,46.14,0.73,-1,-1,-1
82,9,671.66,312.96,14.43,40.64,0.80,-1,-1,-1
83,1,147.33,305.50,80.35,228.53,0.94,-1,-1,-1
83,2,282.83,293.83,73.32,218.55,0.94,-1,-1,-1
83,3,584.01,310.44,27.89,78.61,0.91,-1,-1,-1
83,4,610.86,317.24,30.09,71.96,0.89,-1,-1,-1
83,5,579.42,426.67,49.42,40.21,0.77,-1,-1,-1
83,6,544.86,317.51,17.26,38.16,0.54,-1,-1,-1
83,8,615.75,418.90,43.18,46.61,0.74,-1,-1,-1
83,9,671.68,313.29,14.42,40.29,0.80,-1,-1,-1
84,1,142.52,306.11,80.83,229.07,0.95,-1,-1,-1
84,2,274.42,294.15,77.81,219.94,0.94,-1,-1,-1
84,3,582.86,310.40,27.92,79.02,0.91,-1,-1,-1
84,4,608.91,317.29,31.03,72.65,0.88,-1,-1,-1
84,5,577.69,426.96,50.74,41.23,0.78,-1,-1,-1
84,6,543.90,317.73,17.83,38.54,0.50,-1,-1,-1
84,8,613.23,419.42,44.47,47.11,0.78,-1,-1,-1
84,9,671.50,313.86,14.44,39.58,0.78,-1,-1,-1
85,1,138.69,307.04,81.38,229.70,0.95,-1,-1,-1
85,2,268.60,295.71,80.64,219.87,0.93,-1,-1,-1
85,3,581.89,311.40,27.91,78.24,0.91,-1,-1,-1
85,4,608.52,318.31,30.17,71.97,0.89,-1,-1,-1
85,5,576.50,428.00,49.43,41.29,0.74,-1,-1,-1
85,6,544.47,318.51,16.88,38.66,0.49,-1,-1,-1
85,8,612.02,420.10,44.92,47.71,0.74,-1,-1,-1
85,9,671.70,314.50,14.43,39.29,0.79,-1,-1,-1
86,1,134.61,307.07,81.89,231.41,0.94,-1,-1,-1
86,2,262.90,296.72,83.18,220.28,0.93,-1,-1,-1
86,3,580.62,312.47,27.92,77.36,0.92,-1,-1,-1
86,4,608.08,318.80,29.24,71.42,0.89,-1,-1,-1
86,5,575.46,428.21,51.92,42.05,0.67,-1,-1,-1
86,6,544.37,319.05,16.48,38.71,0.53,-1,-1,-1
86,8,610.68,420.46,45.09,48.38,0.64,-1,-1,-1
86,9,671.75,314.68,14.43,39.19,0.79,-1,-1,-1
87,1,130.45,307.94,82.35,232.33,0.95,-1,-1,-1
87,2,259.07,298.39,83.54,219.98,0.94,-1,-1,-1
87,3,579.87,312.85,27.92,77.33,0.92,-1,-1,-1
87,4,607.65,318.96,28.89,71.51,0.90,-1,-1,-1
87,5,573.61,427.97,52.82,44.10,0.76,-1,-1,-1
87,6,544.33,319.98,15.73,38.43,0.57,-1,-1,-1
87,8,609.01,420.58,45.73,48.63,0.73,-1,-1,-1
87,9,671.76,314.88,14.42,39.45,0.80,-1,-1,-1
88,1,126.61,308.86,82.82,232.65,0.94,-1,-1,-1
88,2,256.12,299.91,83.33,220.15,0.95,-1,-1,-1
88,3,578.70,313.13,27.92,77.63,0.91,-1,-1,-1
88,4,605.69,319.32,29.98,71.55,0.88,-1,-1,-1
88,5,573.21,428.32,52.58,45.89,0.76,-1,-1,-1
88,6,543.40,319.28,16.05,39.82,0.72,-1,-1,-1
88,8,607.51,421.36,45.97,49.76,0.70,-1,-1,-1
88,9,671.16,315.11,15.02,40.45,0.77,-1,-1,-1
89,1,122.45,309.25,83.43,233.87,0.95,-1,-1,-1
89,2,253.49,300.49,83.79,220.74,0.94,-1,-1,-1
89,3,577.74,313.37,27.92,77.73,0.91,-1,-1,-1
89,4,604.14,319.59,30.39,71.54,0.89,-1,-1,-1
89,5,572.27,428.86,50.08,45.25,0.76,-1,-1,-1
89,8,606.15,422.06,46.04,50.31,0.73,-1,-1,-1
89,9,670.96,315.32,15.24,40.81,0.76,-1,-1,-1
89,7,543.11,321.12,15.27,38.06,0.70,-1,-1,-1
90,1,118.90,309.85,83.45,234.26,0.95,-1,-1,-1
90,2,249.27,301.03,84.75,221.34,0.94,-1,-1,-1
90,3,576.30,313.37,28.50,77.46,0.91,-1,-1,-1
90,4,603.36,319.16,30.53,71.83,0.88,-1,-1,-1
90,5,571.43,428.95,51.51,45.26,0.78,-1,-1,-1
90,8,603.36,422.51,47.82,50.20,0.78,-1,-1,-1
90,9,671.53,315.47,14.73,39.76,0.77,-1,-1,-1
90,7,542.59,321.06,15.31,38.37,0.63,-1,-1,-1
90,10,653.85,317.25,15.30,38.70,0.70,-1,-1,-1
91,1,115.15,310.09,83.47,235.55,0.95,-1,-1,-1
91,2,246.08,301.52,84.52,221.84,0.95,-1,-1,-1
91,3,574.64,313.48,29.32,77.36,0.91,-1,-1,-1
91,4,601.95,319.86,31.18,71.04,0.88,-1,-1,-1
91,5,571.19,428.80,49.07,45.68,0.78,-1,-1,-1
91,8,601.52,423.38,49.07,50.29,0.77,-1,-1,-1
91,9,671.79,315.19,14.52,40.25,0.77,-1,-1,-1
91,7,541.57,319.41,15.92,40.22,0.53,-1,-1,-1
91,10,652.95,316.79,15.30,39.80,0.72,-1,-1,-1
92,1,111.82,309.49,83.42,237.18,0.95,-1,-1,-1
92,2,242.28,301.60,86.44,222.89,0.94,-1,-1,-1
92,3,573.51,312.54,29.04,78.23,0.92,-1,-1,-1
92,4,600.61,319.28,33.20,71.33,0.88,-1,-1,-1
92,5,570.30,428.20,48.72,46.56,0.75,-1,-1,-1
92,8,600.91,423.60,48.95,51.20,0.77,-1,-1,-1
92,9,672.23,314.99,14.45,39.83,0.79,-1,-1,-1
92,7,540.97,318.98,15.57,40.05,0.51,-1,-1,-1
92,10,652.78,316.49,15.30,40.02,0.74,-1,-1,-1
93,1,108.23,309.28,83.86,238.03,0.94,-1,-1,-1
93,2,239.58,301.48,86.25,223.39,0.94,-1,-1,-1
93,3,572.25,312.03,29.51,78.84,0.92,-1,-1,-1
93,4,599.87,319.67,32.80,71.14,0.85,-1,-1,-1
93,5,569.43,427.81,48.59,47.61,0.79,-1,-1,-1
93,8,599.87,423.81,49.47,51.67,0.80,-1,-1,-1
93,9,672.41,314.93,14.42,39.66,0.78,-1,-1,-1
93,7,540.50,320.89,15.42,37.60,0.55,-1,-1,-1
93,10,652.82,316.36,15.30,40.08,0.74,-1,-1,-1
94,1,104.20,308.73,84.62,239.38,0.94,-1,-1,-1
94,2,234.74,300.96,88.50,224.62,0.94,-1,-1,-1
94,3,570.84,311.53,30.28,79.97,0.92,-1,-1,-1
94,4,598.66,318.60,33.81,71.98,0.86,-1,-1,-1
94,5,568.16,427.51,50.35,47.85,0.80,-1,-1,-1
94,8,599.15,423.88,49.66,50.37,0.80,-1,-1,-1
94,9,672.40,314.59,14.41,40.21,0.78,-1,-1,-1
94,7,539.67,318.78,15.96,38.72,0.42,-1,-1,-1
94,10,652.82,316.48,15.30,39.75,0.76,-1,-1,-1
95,1,100.54,308.56,85.04,239.84,0.94,-1,-1,-1
95,2,231.79,300.48,88.14,225.35,0.94,-1,-1,-1
95,3,569.82,311.22,30.57,80.39,0.92,-1,-1,-1
95,4,597.41,318.08,34.18,72.58,0.86,-1,-1,-1
95,5,567.19,426.98,51.00,48.36,0.80,-1,-1,-1
95,8,598.98,423.92,49.11,49.85,0.81,-1,-1,-1
95,9,672.15,314.35,14.40,40.40,0.77,-1,-1,-1
95,7,538.86,322.46,15.57,34.42,0.36,-1,-1,-1
95,10,653.21,316.71,14.65,39.31,0.75,-1,-1,-1
96,1,96.32,308.26,85.95,241.49,0.95,-1,-1,-1
96,2,226.85,300.66,89.52,225.63,0.93,-1,-1,-1
96,3,568.86,311.46,30.68,79.96,0.91,-1,-1,-1
96,4,596.38,318.83,33.73,72.23,0.85,-1,-1,-1
96,5,566.25,427.58,48.29,48.10,0.77,-1,-1,-1
96,8,598.08,423.39,49.49,50.25,0.79,-1,-1,-1
96,9,672.36,314.45,14.41,39.59,0.76,-1,-1,-1
96,7,537.96,322.00,16.01,34.53,0.26,-1,-1,-1
96,10,653.04,316.82,15.08,39.16,0.74,-1,-1,-1
97,1,91.85,307.95,87.01,242.58,0.94,-1,-1,-1
97,2,223.10,299.78,89.35,226.36,0.93,-1,-1,-1
97,3,567.85,311.39,30.71,80.11,0.91,-1,-1,-1
97,4,594.74,318.67,35.32,72.40,0.87,-1,-1,-1
97,5,565.53,427.24,46.63,48.88,0.76,-1,-1,-1
97,8,596.78,424.24,50.22,49.66,0.81,-1,-1,-1
97,9,672.35,314.34,14.41,38.99,0.76,-1,-1,-1
97,7,537.25,323.49,15.00,32.47,0.35,-1,-1,-1
97,10,653.22,316.85,14.60,39.44,0.74,-1,-1,-1
98,1,86.34,307.95,88.97,244.16,0.93,-1,-1,-1
98,2,218.30,299.54,90.18,226.63,0.93,-1,-1,-1
98,3,566.55,311.41,30.73,80.17,0.91,-1,-1,-1
98,4,593.51,319.09,35.93,72.17,0.86,-1,-1,-1
98,5,564.35,427.17,47.87,49.17,0.75,-1,-1,-1
98,8,596.58,424.76,49.91,49.59,0.81,-1,-1,-1
98,9,672.00,314.34,15.01,38.47,0.74,-1,-1,-1
98,7,536.66,323.95,14.60,32.32,0.39,-1,-1,-1
98,10,652.95,316.89,15.06,39.54,0.74,-1,-1,-1
99,1,83.78,308.23,88.45,245.02,0.95,-1,-1,-1
99,2,213.03,299.75,90.43,227.89,0.93,-1,-1,-1
99,3,565.88,311.46,30.72,79.89,0.91,-1,-1,-1
99,4,593.14,320.04,34.38,71.49,0.86,-1,-1,-1
99,5,563.70,426.45,53.69,50.00,0.77,-1,-1,-1
99,8,596.02,424.54,50.36,50.60,0.81,-1,-1,-1
99,9,671.94,314.54,15.23,38.28,0.73,-1,-1,-1
99,7,535.33,323.84,15.66,32.58,0.12,-1,-1,-1
99,10,653.22,317.25,15.22,39.28,0.74,-1,-1,-1
100,1,80.84,308.66,88.07,246.18,0.95,-1,-1,-1
100,2,206.81,300.14,91.89,228.63,0.93,-1,-1,-1
100,3,565.05,311.04,30.71,80.37,0.91,-1,-1,-1
100,4,593.05,320.40,32.55,71.23,0.87,-1,-1,-1
100,5,563.45,426.32,55.26,49.85,0.78,-1,-1,-1
100,8,596.13,424.74,49.93,50.98,0.82,-1,-1,-1
100,9,672.19,315.06,14.72,38.51,0.70,-1,-1,-1
100,7,534.84,324.25,14.88,32.08,0.11,-1,-1,-1
100,10,653.31,317.37,15.28,39.18,0.74,-1,-1,-1
101,1,77.82,309.13,88.33,246.83,0.95,-1,-1,-1
101,2,200.84,300.31,91.59,228.55,0.93,-1,-1,-1
101,3,564.86,311.06,30.10,80.53,0.91,-1,-1,-1
101,4,592.83,320.26,31.24,71.42,0.87,-1,-1,-1
101,5,562.90,426.43,56.44,49.92,0.79,-1,-1,-1
101,8,595.98,425.12,49.73,51.10,0.84,-1,-1,-1
101,9,672.34,315.44,14.52,38.60,0.71,-1,-1,-1
101,7,534.18,324.26,14.55,31.90,0.25,-1,-1,-1
101,10,653.41,317.60,14.70,39.14,0.74,-1,-1,-1
102,1,73.19,310.01,89.06,247.78,0.94,-1,-1,-1
102,2,194.15,301.06,91.12,229.23,0.93,-1,-1,-1
102,3,564.40,312.08,29.28,80.04,0.90,-1,-1,-1
102,4,592.68,321.81,30.17,70.64,0.87,-1,-1,-1
102,5,561.99,427.25,58.07,51.14,0.74,-1,-1,-1
102,8,595.84,426.17,49.09,51.92,0.84,-1,-1,-1
102,9,672.03,315.70,15.05,38.96,0.72,-1,-1,-1
102,10,653.37,318.08,15.10,39.45,0.76,-1,-1,-1
103,1,68.83,311.54,89.26,248.44,0.95,-1,-1,-1
103,2,188.09,301.39,88.84,230.39,0.93,-1,-1,-1
103,3,563.63,312.15,28.95,80.16,0.90,-1,-1,-1
103,4,592.32,322.99,29.77,69.75,0.88,-1,-1,-1
103,5,560.72,427.71,58.68,51.91,0.71,-1,-1,-1
103,8,595.16,426.72,48.82,52.53,0.83,-1,-1,-1
103,9,672.17,316.10,14.65,38.50,0.72,-1,-1,-1
103,10,653.33,318.42,15.23,39.57,0.75,-1,-1,-1
104,1,65.13,311.59,89.31,250.00,0.95,-1,-1,-1
104,2,183.05,301.56,86.81,230.98,0.93,-1,-1,-1
104,3,563.15,312.18,28.82,80.46,0.90,-1,-1,-1
104,4,592.28,323.11,29.02,69.99,0.87,-1,-1,-1
104,5,559.48,428.85,50.66,52.30,0.72,-1,-1,-1
104,8,594.41,427.29,48.70,52.28,0.85,-1,-1,-1
104,9,671.95,316.23,15.09,39.21,0.73,-1,-1,-1
104,10,653.34,318.83,15.28,39.60,0.75,-1,-1,-1
105,1,60.89,312.22,89.76,250.77,0.94,-1,-1,-1
105,2,178.24,301.63,86.64,231.40,0.93,-1,-1,-1
105,3,562.79,313.81,28.18,79.05,0.90,-1,-1,-1
105,4,592.37,323.11,28.15,70.07,0.88,-1,-1,-1
105,5,558.53,429.09,52.33,53.14,0.70,-1,-1,-1
105,8,594.25,428.04,48.65,52.45,0.86,-1,-1,-1
105,9,671.93,316.40,15.25,39.76,0.73,-1,-1,-1
105,10,653.71,318.94,15.30,39.60,0.78,-1,-1,-1
106,1,56.54,312.96,90.62,251.64,0.94,-1,-1,-1
106,2,174.46,301.89,85.28,233.64,0.93,-1,-1,-1
106,3,562.70,314.69,27.33,78.52,0.89,-1,-1,-1
106,4,592.44,322.78,27.84,70.71,0.88,-1,-1,-1
106,5,557.02,428.86,58.24,53.46,0.66,-1,-1,-1
106,8,593.91,428.44,49.22,52.66,0.87,-1,-1,-1
106,9,671.94,316.44,15.30,40.27,0.73,-1,-1,-1
106,10,653.87,318.81,15.30,39.90,0.78,-1,-1,-1
107,1,51.99,312.96,91.19,253.13,0.94,-1,-1,-1
107,2,171.23,302.28,82.39,235.67,0.93,-1,-1,-1
107,3,561.75,314.39,28.25,79.23,0.89,-1,-1,-1
107,4,591.85,322.61,28.97,70.95,0.88,-1,-1,-1
107,5,555.59,428.89,61.01,54.29,0.70,-1,-1,-1
107,8,592.00,428.70,51.23,53.48,0.83,-1,-1,-1
107,9,671.91,316.41,15.33,41.06,0.74,-1,-1,-1
107,10,653.90,319.01,15.31,39.71,0.78,-1,-1,-1
108,1,48.06,312.74,91.30,254.33,0.95,-1,-1,-1
108,2,167.74,302.07,81.44,235.44,0.94,-1,-1,-1
108,3,561.53,314.66,28.58,79.18,0.89,-1,-1,-1
108,4,591.74,322.63,29.38,70.72,0.87,-1,-1,-1
108,5,554.59,428.37,62.65,55.32,0.71,-1,-1,-1
108,8,592.58,429.28,50.79,53.46,0.84,-1,-1,-1
108,9,671.98,316.48,15.33,41.04,0.72,-1,-1,-1
108,10,653.99,318.73,15.90,40.23,0.79,-1,-1,-1
109,1,44.02,312.52,91.85,254.91,0.95,-1,-1,-1
109,2,165.07,301.99,79.94,236.23,0.93,-1,-1,-1
109,3,561.17,314.72,28.72,78.87,0.89,-1,-1,-1
109,4,591.42,322.15,29.56,70.95,0.87,-1,-1,-1
109,5,554.24,428.00,62.70,55.83,0.77,-1,-1,-1
109,8,592.55,429.62,50.62,53.00,0.86,-1,-1,-1
109,9,672.01,316.47,15.33,41.03,0.73,-1,-1,-1
109,10,654.03,318.87,16.13,40.13,0.78,-1,-1,-1
110,1,39.48,311.99,92.86,257.14,0.95,-1,-1,-1
110,2,162.54,301.24,77.52,237.07,0.93,-1,-1,-1
110,3,560.48,314.54,28.76,78.44,0.89,-1,-1,-1
110,4,591.02,321.47,30.21,71.62,0.86,-1,-1,-1
110,5,553.85,427.64,63.23,55.87,0.80,-1,-1,-1
110,8,592.55,429.67,50.52,52.82,0.86,-1,-1,-1
110,9,672.01,316.28,15.32,41.02,0.70,-1,-1,-1
110,10,654.33,318.74,16.20,40.08,0.79,-1,-1,-1
110,11,541.35,318.15,17.10,39.15,0.73,-1,-1,-1
111,1,35.14,311.19,93.18,257.97,0.94,-1,-1,-1
111,2,158.99,300.97,76.75,237.67,0.93,-1,-1,-1
111,3,560.13,314.62,28.77,78.30,0.89,-1,-1,-1
111,4,590.48,320.34,32.23,72.47,0.85,-1,-1,-1
111,5,553.32,427.52,62.82,55.86,0.78,-1,-1,-1
111,8,593.05,429.85,49.29,53.20,0.85,-1,-1,-1
111,9,671.91,316.22,15.32,40.71,0.68,-1,-1,-1
111,10,654.34,318.55,16.23,39.77,0.79,-1,-1,-1
111,11,541.50,317.78,17.10,39.53,0.78,-1,-1,-1
112,1,30.69,309.96,93.72,259.67,0.95,-1,-1,-1
112,2,155.26,299.94,76.56,239.59,0.92,-1,-1,-1
112,3,559.55,314.62,28.77,77.93,0.89,-1,-1,-1
112,4,589.84,320.47,31.24,71.89,0.84,-1,-1,-1
112,5,552.70,426.83,63.20,56.71,0.82,-1,-1,-1
112,8,593.09,429.40,49.41,53.47,0.85,-1,-1,-1
112,9,672.28,316.02,15.31,39.99,0.64,-1,-1,-1
112,10,654.45,318.15,16.23,40.24,0.78,-1,-1,-1
112,11,541.23,317.33,17.80,39.95,0.78,-1,-1,-1
113,1,25.95,309.24,94.30,260.60,0.94,-1,-1,-1
113,2,152.07,299.73,74.72,240.76,0.91,-1,-1,-1
113,3,559.03,314.78,28.78,77.50,0.90,-1,-1,-1
113,4,589.27,319.65,31.44,72.56,0.85,-1,-1,-1
113,5,551.88,426.16,63.33,57.47,0.81,-1,-1,-1
113,8,592.20,429.25,50.06,54.16,0.84,-1,-1,-1
113,9,672.40,315.95,15.31,39.72,0.65,-1,-1,-1
113,10,654.48,317.86,16.83,40.72,0.77,-1,-1,-1
113,11,541.20,317.20,18.03,40.09,0.77,-1,-1,-1
114,1,21.20,308.95,95.37,262.10,0.95,-1,-1,-1
114,2,146.67,299.36,75.89,240.87,0.92,-1,-1,-1
114,3,558.20,314.72,29.37,77.05,0.90,-1,-1,-1
114,4,587.54,319.53,31.50,72.52,0.84,-1,-1,-1
114,5,550.93,425.94,64.52,57.74,0.80,-1,-1,-1
114,8,591.51,429.07,50.30,53.69,0.85,-1,-1,-1
114,9,672.39,315.97,15.31,39.62,0.64,-1,-1,-1
114,10,654.72,317.94,16.46,40.60,0.78,-1,-1,-1
114,11,541.52,317.01,18.08,40.11,0.77,-1,-1,-1
115,1,16.19,308.00,95.75,263.31,0.95,-1,-1,-1
115,2,141.56,299.56,77.43,241.85,0.91,-1,-1,-1
115,3,557.56,314.85,29.61,76.92,0.90,-1,-1,-1
115,4,587.15,319.21,31.54,72.82,0.85,-1,-1,-1
115,5,550.55,425.92,64.98,57.84,0.80,-1,-1,-1
115,8,591.23,429.19,50.40,53.66,0.84,-1,-1,-1
115,9,672.96,315.99,14.72,39.90,0.66,-1,-1,-1
115,10,654.79,317.83,16.32,40.57,0.79,-1,-1,-1
115,11,541.61,317.13,18.74,40.12,0.79,-1,-1,-1
116,1,11.84,307.49,96.48,264.55,0.95,-1,-1,-1
116,2,135.37,300.21,80.57,241.38,0.90,-1,-1,-1
116,3,557.16,314.67,29.70,77.16,0.91,-1,-1,-1
116,4,586.84,320.05,30.95,71.72,0.85,-1,-1,-1
116,5,549.98,425.97,65.71,58.14,0.79,-1,-1,-1
116,8,589.47,429.28,52.22,53.92,0.82,-1,-1,-1
116,9,673.27,315.90,15.10,40.29,0.63,-1,-1,-1
116,10,655.21,317.86,16.26,40.24,0.77,-1,-1,-1
116,11,542.08,316.61,18.34,40.42,0.76,-1,-1,-1
117,1,7.32,307.91,97.63,265.02,0.95,-1,-1,-1
117,2,130.91,298.69,82.93,244.20,0.90,-1,-1,-1
117,3,556.98,314.34,29.73,77.27,0.92,-1,-1,-1
117,4,586.39,319.53,30.73,72.21,0.86,-1,-1,-1
117,5,549.14,425.91,66.56,58.69,0.81,-1,-1,-1
117,8,589.07,428.93,52.32,54.48,0.84,-1,-1,-1
117,9,673.64,315.77,14.64,40.74,0.71,-1,-1,-1
117,10,655.62,318.06,15.64,40.13,0.77,-1,-1,-1
117,11,542.83,316.45,17.54,40.22,0.76,-1,-1,-1
118,1,3.66,307.93,98.02,266.07,0.94,-1,-1,-1
118,2,123.26,298.27,87.84,246.14,0.91,-1,-1,-1
118,3,556.69,314.48,29.75,77.33,0.91,-1,-1,-1
118,4,586.31,319.45,30.65,73.00,0.86,-1,-1,-1
118,5,548.61,426.61,67.46,59.48,0.78,-1,-1,-1
118,8,588.41,429.36,52.95,55.13,0.83,-1,-1,-1
118,9,674.14,315.97,14.47,40.32,0.64,-1,-1,-1
118,10,656.13,318.69,15.41,39.79,0.76,-1,-1,-1
118,11,543.47,316.81,17.25,38.91,0.71,-1,-1,-1
119,1,-0.52,308.55,98.13,267.69,0.94,-1,-1,-1
119,2,119.38,298.41,89.27,248.40,0.91,-1,-1,-1
119,3,556.57,314.72,29.76,77.37,0.91,-1,-1,-1
119,4,586.87,319.62,30.03,73.31,0.88,-1,-1,-1
119,5,548.10,427.25,67.20,60.96,0.72,-1,-1,-1
119,8,588.15,429.89,53.18,56.86,0.79,-1,-1,-1
119,9,674.62,316.55,14.41,40.17,0.69,-1,-1,-1
119,10,656.91,318.98,15.33,39.97,0.77,-1,-1,-1
119,11,543.97,317.13,17.14,39.36,0.76,-1,-1,-1
120,1,-4.49,309.48,98.75,268.98,0.94,-1,-1,-1
120,2,111.93,298.31,94.45,249.33,0.92,-1,-1,-1
120,3,556.22,314.38,29.74,77.98,0.92,-1,-1,-1
120,4,587.06,320.15,29.78,72.82,0.89,-1,-1,-1
120,5,548.48,427.51,64.09,63.56,0.84,-1,-1,-1
120,8,589.51,430.83,51.47,57.37,0.82,-1,-1,-1
120,9,675.04,316.95,14.38,40.70,0.62,-1,-1,-1
120,10,657.75,319.27,15.29,40.33,0.79,-1,-1,-1
120,11,544.73,317.26,17.10,39.22,0.79,-1,-1,-1
121,1,-8.08,309.16,99.25,271.77,0.94,-1,-1,-1
121,2,107.79,298.02,96.16,251.26,0.93,-1,-1,-1
121,3,555.85,314.11,29.74,78.51,0.92,-1,-1,-1
121,4,586.89,320.07,29.70,72.92,0.88,-1,-1,-1
121,5,548.73,427.90,62.25,64.68,0.84,-1,-1,-1
121,8,589.20,431.04,52.00,58.72,0.79,-1,-1,-1
121,9,675.83,316.95,14.38,40.90,0.48,-1,-1,-1
121,10,658.39,319.67,15.28,39.87,0.79,-1,-1,-1
121,11,545.05,317.17,17.09,39.16,0.78,-1,-1,-1
122,1,-10.70,309.86,97.94,273.31,0.93,-1,-1,-1
122,2,100.11,298.29,100.73,252.60,0.92,-1,-1,-1
122,3,555.56,314.65,29.75,78.13,0.91,-1,-1,-1
122,4,586.68,320.68,29.69,72.68,0.88,-1,-1,-1
122,5,548.67,428.28,61.59,65.83,0.84,-1,-1,-1
122,8,588.94,432.07,51.62,61.29,0.79,-1,-1,-1
122,9,676.88,316.98,13.79,39.79,0.48,-1,-1,-1
122,10,659.08,319.56,15.29,39.70,0.77,-1,-1,-1
122,11,545.59,317.33,16.49,38.55,0.78,-1,-1,-1
123,1,-10.56,310.55,94.66,273.18,0.93,-1,-1,-1
123,2,94.26,298.69,103.55,253.16,0.92,-1,-1,-1
123,3,555.75,314.96,29.14,77.62,0.91,-1,-1,-1
123,4,587.17,320.86,29.06,72.52,0.88,-1,-1,-1
123,5,548.66,428.87,61.90,65.90,0.84,-1,-1,-1
123,8,589.12,432.47,51.43,61.48,0.79,-1,-1,-1
123,9,677.44,316.79,14.16,39.63,0.52,-1,-1,-1
123,10,659.82,319.61,15.28,39.61,0.80,-1,-1,-1
123,11,546.37,317.65,16.25,38.29,0.79,-1,-1,-1
124,1,-13.09,309.39,93.34,276.59,0.92,-1,-1,-1
124,2,85.73,299.95,108.51,253.41,0.92,-1,-1,-1
124,3,555.73,314.88,28.91,77.76,0.91,-1,-1,-1
124,4,587.57,321.79,28.23,71.59,0.88,-1,-1,-1
124,5,548.26,429.24,62.63,65.47,0.84,-1,-1,-1
124,8,586.70,433.20,53.16,60.37,0.82,-1,-1,-1
124,9,678.47,317.13,13.71,37.79,0.30,-1,-1,-1
124,10,660.31,319.89,15.28,39.29,0.78,-1,-1,-1
124,11,546.53,317.42,16.18,38.52,0.78,-1,-1,-1
125,1,-16.29,309.49,92.26,279.02,0.92,-1,-1,-1
125,2,78.65,299.48,110.70,254.36,0.92,-1,-1,-1
125,3,555.72,314.95,28.82,77.81,0.91,-1,-1,-1
125,4,587.40,322.98,28.54,70.64,0.88,-1,-1,-1
125,5,548.11,429.47,62.91,65.42,0.85,-1,-1,-1
125,8,583.45,433.56,56.16,60.06,0.83,-1,-1,-1
125,9,678.82,317.05,14.14,38.32,0.25,-1,-1,-1
125,10,661.06,319.79,15.88,39.77,0.77,-1,-1,-1
125,11,547.18,317.43,15.55,38.31,0.80,-1,-1,-1
126,1,-19.21,308.58,91.90,281.32,0.91,-1,-1,-1
126,2,72.38,299.40,110.26,254.49,0.91,-1,-1,-1
126,3,555.82,314.92,28.79,77.82,0.90,-1,-1,-1
126,4,587.43,323.23,28.66,70.27,0.87,-1,-1,-1
126,5,548.15,429.48,62.40,64.78,0.86,-1,-1,-1
126,8,583.47,433.90,56.12,59.32,0.83,-1,-1,-1
126,10,661.99,320.00,15.51,39.95,0.72,-1,-1,-1
126,11,547.78,317.09,15.31,38.53,0.77,-1,-1,-1
127,1,-24.56,306.38,93.72,285.15,0.90,-1,-1,-1
127,2,69.63,299.42,103.14,250.87,0.91,-1,-1,-1
127,3,555.77,315.35,28.77,77.25,0.90,-1,-1,-1
127,4,587.66,327.51,28.10,65.96,0.84,-1,-1,-1
127,5,548.07,429.93,61.61,64.38,0.86,-1,-1,-1
127,8,581.93,434.19,57.85,58.89,0.82,-1,-1,-1
127,10,661.34,319.49,16.57,40.92,0.78,-1,-1,-1
127,11,547.90,317.40,15.24,37.72,0.62,-1,-1,-1
128,1,-29.54,303.26,95.29,288.51,0.87,-1,-1,-1
128,2,61.78,299.81,104.58,248.73,0.89,-1,-1,-1
128,3,555.52,314.89,28.77,77.60,0.90,-1,-1,-1
128,4,588.69,331.09,26.69,61.85,0.82,-1,-1,-1
128,5,548.13,429.89,61.90,64.33,0.85,-1,-1,-1
128,8,583.78,434.37,56.15,58.54,0.83,-1,-1,-1
128,10,662.30,318.66,16.37,40.97,0.79,-1,-1,-1
128,11,548.59,317.20,14.61,37.71,0.70,-1,-1,-1
129,1,-31.09,303.35,93.10,288.45,0.87,-1,-1,-1
129,2,55.87,299.61,99.80,257.86,0.86,-1,-1,-1
129,3,555.41,314.69,28.77,77.75,0.90,-1,-1,-1
129,4,589.06,332.18,26.18,60.73,0.82,-1,-1,-1
129,5,548.13,429.57,62.62,65.20,0.80,-1,-1,-1
129,8,581.83,434.42,57.84,59.01,0.79,-1,-1,-1
129,10,663.23,318.77,16.28,40.69,0.78,-1,-1,-1
129,11,548.79,317.11,15.00,38.32,0.58,-1,-1,-1
130,1,-31.71,304.35,90.43,288.61,0.86,-1,-1,-1
130,2,52.44,299.86,105.12,252.33,0.88,-1,-1,-1
130,3,555.11,314.76,28.78,77.50,0.90,-1,-1,-1
130,4,588.00,331.58,27.84,60.98,0.82,-1,-1,-1
130,5,548.49,429.42,63.48,64.91,0.80,-1,-1,-1
130,8,576.48,433.96,63.15,59.32,0.78,-1,-1,-1
130,10,664.49,318.79,16.25,39.98,0.79,-1,-1,-1
130,11,550.10,317.06,15.15,41.83,0.62,-1,-1,-1
131,1,-35.58,304.39,90.40,289.60,0.84,-1,-1,-1
131,2,46.90,300.49,97.47,259.26,0.86,-1,-1,-1
131,3,555.08,314.43,28.78,77.69,0.90,-1,-1,-1
131,4,587.41,330.51,29.02,62.01,0.85,-1,-1,-1
131,5,548.41,429.44,62.02,64.78,0.77,-1,-1,-1
131,8,576.26,433.70,63.42,60.17,0.79,-1,-1,-1
131,10,665.30,319.36,16.23,39.71,0.76,-1,-1,-1
131,11,550.05,316.70,15.21,42.25,0.46,-1,-1,-1
132,1,-38.05,303.55,88.05,290.91,0.85,-1,-1,-1
132,2,41.19,299.57,93.29,268.95,0.87,-1,-1,-1
132,3,554.76,313.51,28.79,78.43,0.90,-1,-1,-1
132,4,586.29,328.85,30.09,63.68,0.85,-1,-1,-1
132,5,548.64,428.45,59.69,65.22,0.78,-1,-1,-1
132,8,580.86,433.65,58.27,59.95,0.81,-1,-1,-1
132,10,666.24,319.38,16.24,39.04,0.80,-1,-1,-1
132,11,549.98,316.36,15.84,42.14,0.42,-1,-1,-1
133,1,-41.29,298.07,87.05,297.82,0.84,-1,-1,-1
133,2,34.52,299.09,93.54,276.66,0.85,-1,-1,-1
133,3,554.28,313.62,29.40,78.69,0.90,-1,-1,-1
133,4,586.10,327.61,30.49,65.20,0.85,-1,-1,-1
133,5,548.97,428.65,57.59,67.90,0.75,-1,-1,-1
133,8,584.52,434.35,55.53,60.43,0.84,-1,-1,-1
133,10,667.09,319.24,16.23,39.69,0.80,-1,-1,-1
133,11,549.89,317.43,15.49,40.90,0.16,-1,-1,-1
134,1,-47.91,301.90,89.02,296.30,0.82,-1,-1,-1
134,2,26.70,299.78,96.56,282.25,0.84,-1,-1,-1
134,3,553.78,313.52,30.20,79.40,0.90,-1,-1,-1
134,4,586.59,329.08,29.45,64.33,0.86,-1,-1,-1
134,5,549.03,428.17,59.27,70.82,0.68,-1,-1,-1
134,8,586.11,435.24,53.30,61.67,0.82,-1,-1,-1
134,10,667.96,319.08,16.82,40.54,0.78,-1,-1,-1
134,11,549.79,318.29,15.94,42.81,0.31,-1,-1,-1
135,1,-59.39,301.08,96.96,301.88,0.77,-1,-1,-1
135,2,21.13,300.48,97.47,285.11,0.85,-1,-1,-1
135,3,553.76,313.55,29.93,79.34,0.89,-1,-1,-1
135,4,588.45,331.03,27.25,62.47,0.83,-1,-1,-1
135,5,549.27,429.05,59.89,70.15,0.38,-1,-1,-1
135,8,586.29,435.89,53.11,61.95,0.83,-1,-1,-1
135,10,668.69,319.03,17.04,40.55,0.78,-1,-1,-1
135,11,549.92,319.26,15.53,41.15,0.27,-1,-1,-1
136,1,-69.07,310.40,103.68,292.96,0.61,-1,-1,-1
136,2,16.75,301.21,96.81,285.18,0.84,-1,-1,-1
136,3,553.84,312.64,30.40,80.50,0.89,-1,-1,-1
136,4,588.92,330.95,26.40,62.69,0.84,-1,-1,-1
136,5,549.12,423.26,61.91,77.09,0.44,-1,-1,-1
136,8,580.96,436.21,58.48,62.18,0.79,-1,-1,-1
136,10,669.89,318.40,17.12,41.44,0.79,-1,-1,-1
136,11,552.14,319.28,15.96,43.47,0.19,-1,-1,-1
137,1,-69.46,318.23,100.48,285.84,0.60,-1,-1,-1
137,2,10.56,301.08,98.22,278.44,0.86,-1,-1,-1
137,3,553.89,311.86,30.58,81.22,0.89,-1,-1,-1
137,4,588.48,330.47,27.34,63.38,0.82,-1,-1,-1
137,5,549.67,427.14,51.44,74.52,0.65,-1,-1,-1
137,8,583.98,437.23,55.78,62.26,0.83,-1,-1,-1
137,10,671.22,318.90,16.55,40.88,0.80,-1,-1,-1
137,11,553.25,319.31,16.12,44.32,0.14,-1,-1,-1
138,1,-75.33,334.85,102.22,274.53,0.39,-1,-1,-1
138,2,4.72,302.36,99.00,274.68,0.85,-1,-1,-1
138,3,553.84,311.78,30.63,81.79,0.89,-1,-1,-1
138,4,587.95,329.89,28.26,64.55,0.84,-1,-1,-1
138,5,550.13,420.98,47.79,83.28,0.58,-1,-1,-1
138,8,586.38,437.66,54.02,63.47,0.83,-1,-1,-1
138,10,672.21,319.77,16.93,40.06,0.79,-1,-1,-1
138,11,553.58,318.64,16.77,46.09,0.20,-1,-1,-1
139,1,-71.29,352.90,93.59,261.37,0.22,-1,-1,-1
139,2,0.59,303.36,98.95,280.99,0.86,-1,-1,-1
139,3,554.15,311.67,30.65,82.29,0.88,-1,-1,-1
139,4,587.48,330.32,29.21,64.69,0.82,-1,-1,-1
139,5,549.36,432.81,40.31,72.34,0.61,-1,-1,-1
139,8,587.01,438.46,53.37,63.76,0.84,-1,-1,-1
139,10,673.18,319.86,17.07,40.05,0.79,-1,-1,-1
139,11,553.72,318.59,17.60,46.18,0.13,-1,-1,-1
140,1,-72.39,330.01,90.94,259.92,0.15,-1,-1,-1
140,2,-4.66,303.03,100.16,285.88,0.83,-1,-1,-1
140,3,554.31,311.84,30.64,82.15,0.89,-1,-1,-1
140,4,586.74,326.65,30.74,68.32,0.83,-1,-1,-1
140,5,550.43,438.35,36.48,66.91,0.62,-1,-1,-1
140,8,586.94,438.78,53.72,63.40,0.82,-1,-1,-1
140,10,673.81,318.90,17.11,40.94,0.77,-1,-1,-1
140,11,554.08,318.32,17.91,46.18,0.14,-1,-1,-1
141,1,-75.11,324.36,89.22,248.96,0.13,-1,-1,-1
141,2,-7.92,303.91,100.65,277.80,0.84,-1,-1,-1
141,3,554.14,311.93,30.65,82.12,0.89,-1,-1,-1
141,4,586.24,323.55,31.33,71.74,0.85,-1,-1,-1
141,5,551.24,440.53,34.76,65.93,0.57,-1,-1,-1
141,8,586.10,439.11,54.48,63.87,0.83,-1,-1,-1
141,10,674.74,319.00,17.13,39.81,0.62,-1,-1,-1
142,2,-13.60,299.47,103.38,282.39,0.83,-1,-1,-1
142,3,554.95,311.68,30.02,82.03,0.89,-1,-1,-1
142,4,586.89,322.33,31.52,72.99,0.85,-1,-1,-1
142,5,551.39,424.30,44.09,81.47,0.64,-1,-1,-1
142,8,586.32,438.96,54.72,63.53,0.83,-1,-1,-1
142,10,676.11,318.75,17.72,39.63,0.62,-1,-1,-1
143,2,-18.24,297.70,103.69,287.49,0.83,-1,-1,-1
143,3,555.55,311.75,29.79,81.98,0.89,-1,-1,-1
143,4,587.13,321.74,31.59,73.46,0.86,-1,-1,-1
143,5,552.04,418.00,45.68,88.09,0.81,-1,-1,-1
143,8,586.39,438.90,54.82,63.39,0.84,-1,-1,-1
143,10,676.89,318.96,17.93,39.87,0.65,-1,-1,-1
144,2,-25.08,298.46,109.24,290.92,0.82,-1,-1,-1
144,3,556.15,312.98,29.71,80.16,0.89,-1,-1,-1
144,4,587.91,321.68,31.02,73.01,0.86,-1,-1,-1
144,5,552.68,414.93,45.21,90.96,0.78,-1,-1,-1
144,8,576.96,439.00,64.40,64.95,0.81,-1,-1,-1
144,10,677.23,317.84,18.61,42.04,0.67,-1,-1,-1
145,2,-28.54,299.48,106.27,288.22,0.83,-1,-1,-1
145,3,556.48,313.43,29.08,79.50,0.89,-1,-1,-1
145,4,588.32,321.53,30.19,72.85,0.83,-1,-1,-1
145,5,552.70,413.78,43.83,92.09,0.77,-1,-1,-1
145,8,574.20,439.06,66.74,65.58,0.83,-1,-1,-1
145,10,678.35,318.88,17.10,41.12,0.66,-1,-1,-1
146,2,-32.95,302.24,107.39,287.40,0.83,-1,-1,-1
146,3,556.87,313.61,28.84,79.26,0.89,-1,-1,-1
146,4,587.85,321.36,31.07,73.07,0.85,-1,-1,-1
146,5,552.35,413.56,43.31,93.47,0.79,-1,-1,-1
146,8,573.93,439.24,67.09,66.26,0.84,-1,-1,-1
146,10,679.34,319.33,17.10,40.74,0.71,-1,-1,-1
147,2,-51.91,289.41,123.02,313.97,0.75,-1,-1,-1
147,3,557.00,313.83,28.75,78.86,0.89,-1,-1,-1
147,4,588.24,321.01,30.79,73.12,0.83,-1,-1,-1
147,5,551.90,413.50,40.70,93.91,0.76,-1,-1,-1
147,8,574.73,439.42,66.00,67.22,0.81,-1,-1,-1
147,10,680.22,320.25,16.49,40.29,0.67,-1,-1,-1
148,2,-63.24,283.27,130.59,320.59,0.76,-1,-1,-1
148,3,557.40,314.10,28.73,78.71,0.90,-1,-1,-1
148,4,588.46,320.35,30.69,73.41,0.84,-1,-1,-1
148,5,551.79,413.15,39.13,97.34,0.80,-1,-1,-1
148,8,581.35,439.52,59.04,67.57,0.79,-1,-1,-1
148,10,680.88,320.32,16.27,40.12,0.73,-1,-1,-1
149,2,-74.88,284.15,136.55,321.38,0.70,-1,-1,-1
149,3,557.47,314.14,28.73,78.07,0.90,-1,-1,-1
149,4,588.47,320.65,30.05,72.93,0.83,-1,-1,-1
149,5,551.06,413.30,37.36,96.46,0.83,-1,-1,-1
149,8,579.35,439.96,61.18,67.10,0.81,-1,-1,-1
149,10,681.34,320.74,15.58,39.16,0.71,-1,-1,-1
