0,1,262.35,269.55,109.35,276.75,0.94,-1,-1,-1
0,2,470.25,272.25,81.90,215.10,0.93,-1,-1,-1
0,3,7.54,287.77,72.00,174.82,0.92,-1,-1,-1
0,4,177.97,303.30,51.52,147.60,0.92,-1,-1,-1
0,5,325.57,267.30,70.65,199.35,0.91,-1,-1,-1
0,6,361.57,285.30,92.70,198.00,0.91,-1,-1,-1
0,7,88.37,271.35,76.56,151.20,0.90,-1,-1,-1
0,8,503.10,283.27,59.40,171.00,0.89,-1,-1,-1
0,9,227.70,285.07,61.65,193.73,0.89,-1,-1,-1
0,10,157.27,260.55,52.88,165.15,0.88,-1,-1,-1
0,11,428.62,310.72,47.48,142.20,0.86,-1,-1,-1
0,12,138.04,282.38,39.82,121.50,0.84,-1,-1,-1
0,13,216.34,270.00,55.46,175.50,0.84,-1,-1,-1
0,14,1119.60,294.52,27.00,67.05,0.77,-1,-1,-1
0,15,1162.80,290.92,25.20,70.20,0.74,-1,-1,-1
1,1,258.04,268.36,105.85,278.76,0.93,-1,-1,-1
1,2,469.88,273.41,82.69,215.93,0.93,-1,-1,-1
1,3,8.91,287.56,68.13,175.84,0.92,-1,-1,-1
1,4,178.53,303.48,51.14,148.02,0.92,-1,-1,-1
1,5,325.77,267.09,71.44,200.76,0.91,-1,-1,-1
1,6,363.92,285.29,91.54,199.60,0.93,-1,-1,-1
1,7,90.08,271.13,77.15,151.62,0.91,-1,-1,-1
1,8,504.30,283.66,60.19,172.21,0.89,-1,-1,-1
1,9,225.72,285.26,64.39,193.96,0.89,-1,-1,-1
1,10,160.36,259.75,52.10,166.75,0.88,-1,-1,-1
1,11,430.79,311.70,48.46,143.01,0.86,-1,-1,-1
1,12,140.24,281.77,39.63,122.31,0.85,-1,-1,-1
1,13,218.56,270.37,53.03,175.54,0.84,-1,-1,-1
1,14,1124.83,294.15,27.00,68.63,0.80,-1,-1,-1
1,15,1168.82,292.31,22.08,67.87,0.72,-1,-1,-1
2,1,247.91,266.63,108.14,282.13,0.93,-1,-1,-1
2,2,467.49,273.99,84.96,216.46,0.93,-1,-1,-1
2,3,10.06,286.90,62.88,176.39,0.90,-1,-1,-1
2,4,178.05,303.76,51.45,148.47,0.92,-1,-1,-1
2,5,327.63,266.92,70.56,201.91,0.92,-1,-1,-1
2,6,368.27,284.98,86.44,200.26,0.93,-1,-1,-1
2,7,91.93,271.16,74.62,151.72,0.91,-1,-1,-1
2,8,504.98,283.76,59.65,172.44,0.88,-1,-1,-1
2,9,223.66,282.89,65.67,198.60,0.90,-1,-1,-1
2,10,161.80,259.84,51.46,166.35,0.86,-1,-1,-1
2,11,433.19,312.26,47.43,148.43,0.86,-1,-1,-1
2,12,142.23,281.38,40.15,122.12,0.84,-1,-1,-1
2,13,218.96,270.14,53.35,177.33,0.82,-1,-1,-1
2,14,1130.18,294.23,25.61,67.52,0.76,-1,-1,-1
2,15,1173.61,291.80,21.56,67.84,0.76,-1,-1,-1
3,1,241.93,264.88,109.88,284.30,0.92,-1,-1,-1
3,2,466.61,274.65,87.67,218.11,0.93,-1,-1,-1
3,3,9.10,285.79,61.17,177.72,0.90,-1,-1,-1
3,4,177.82,304.48,52.05,149.26,0.92,-1,-1,-1
3,5,328.61,266.16,70.24,203.58,0.91,-1,-1,-1
3,6,372.42,284.68,82.39,200.58,0.94,-1,-1,-1
3,7,95.06,271.48,71.90,151.37,0.90,-1,-1,-1
3,8,506.05,283.24,58.07,174.18,0.89,-1,-1,-1
3,9,221.99,283.80,66.61,199.34,0.90,-1,-1,-1
3,10,163.59,259.34,54.21,167.54,0.86,-1,-1,-1
3,11,434.97,312.90,48.28,149.27,0.87,-1,-1,-1
3,12,145.50,281.23,39.44,122.02,0.86,-1,-1,-1
3,13,218.29,270.37,54.16,178.54,0.84,-1,-1,-1
3,14,1134.92,294.28,25.17,66.08,0.72,-1,-1,-1
3,15,1177.44,291.64,22.88,67.86,0.75,-1,-1,-1
4,1,243.08,263.85,106.78,288.66,0.91,-1,-1,-1
4,2,466.36,275.81,88.51,218.92,0.93,-1,-1,-1
4,3,6.95,284.60,62.12,177.93,0.90,-1,-1,-1
4,4,177.04,305.67,53.39,148.82,0.91,-1,-1,-1
4,5,329.72,265.40,70.14,206.20,0.91,-1,-1,-1
4,6,374.87,281.42,80.64,204.76,0.94,-1,-1,-1
4,7,97.98,271.06,69.04,151.23,0.91,-1,-1,-1
4,8,508.00,282.72,57.56,174.37,0.87,-1,-1,-1
4,9,221.03,284.30,70.13,200.26,0.88,-1,-1,-1
4,10,166.12,258.83,54.59,166.90,0.86,-1,-1,-1
4,11,437.12,312.89,47.56,149.53,0.87,-1,-1,-1
4,12,149.84,281.17,36.85,121.96,0.85,-1,-1,-1
4,13,217.91,269.93,54.42,179.53,0.84,-1,-1,-1
4,14,1140.82,294.43,23.71,64.29,0.80,-1,-1,-1
4,15,1182.37,291.89,21.98,67.87,0.76,-1,-1,-1
4,16,1172.70,291.60,21.60,67.05,0.71,-1,-1,-1
5,1,232.02,263.72,116.19,295.98,0.91,-1,-1,-1
5,2,466.53,277.15,88.73,220.78,0.93,-1,-1,-1
5,3,4.89,283.77,64.02,179.43,0.89,-1,-1,-1
5,4,176.33,305.75,56.86,150.27,0.91,-1,-1,-1
5,5,329.27,265.17,71.75,208.01,0.92,-1,-1,-1
5,6,377.39,279.39,78.58,206.48,0.94,-1,-1,-1
5,7,99.87,269.32,67.44,152.81,0.91,-1,-1,-1
5,8,508.18,282.23,60.05,175.37,0.88,-1,-1,-1
5,9,220.01,284.35,71.63,202.59,0.88,-1,-1,-1
5,10,168.46,257.72,53.10,166.02,0.84,-1,-1,-1
5,11,438.61,311.60,46.34,151.14,0.87,-1,-1,-1
5,12,152.74,280.86,36.18,121.63,0.84,-1,-1,-1
5,13,216.44,269.79,53.30,178.86,0.84,-1,-1,-1
5,14,1147.11,294.81,23.28,63.75,0.76,-1,-1,-1
5,15,1187.71,291.33,21.66,67.89,0.78,-1,-1,-1
5,16,1177.16,291.56,21.61,66.71,0.67,-1,-1,-1
6,1,221.08,264.02,125.93,300.29,0.92,-1,-1,-1
6,2,468.53,277.72,87.48,220.89,0.94,-1,-1,-1
6,3,3.00,282.24,65.53,180.22,0.91,-1,-1,-1
6,4,176.02,305.27,59.13,153.26,0.88,-1,-1,-1
6,5,328.98,264.79,72.93,209.19,0.93,-1,-1,-1
6,6,379.25,277.77,77.05,207.31,0.94,-1,-1,-1
6,7,102.20,269.02,66.64,152.09,0.91,-1,-1,-1
6,8,508.25,281.59,64.00,176.93,0.89,-1,-1,-1
6,9,218.83,284.19,75.78,203.79,0.86,-1,-1,-1
6,10,170.12,257.49,53.47,168.86,0.85,-1,-1,-1
6,11,439.07,310.64,47.84,152.41,0.85,-1,-1,-1
6,12,154.44,279.79,37.45,122.14,0.82,-1,-1,-1
6,13,215.26,268.94,53.77,179.51,0.83,-1,-1,-1
6,14,1153.46,294.43,21.87,63.60,0.66,-1,-1,-1
6,15,1192.50,290.64,22.84,69.80,0.80,-1,-1,-1
6,16,1180.95,290.32,23.00,68.04,0.73,-1,-1,-1
7,1,212.18,264.68,133.42,306.76,0.94,-1,-1,-1
7,2,469.86,277.30,86.37,225.54,0.94,-1,-1,-1
7,3,1.19,282.10,67.53,179.86,0.91,-1,-1,-1
7,4,176.23,304.97,58.68,154.01,0.86,-1,-1,-1
7,5,327.87,264.85,74.29,209.09,0.92,-1,-1,-1
7,6,380.50,274.65,76.35,210.79,0.93,-1,-1,-1
7,7,104.74,268.52,65.51,153.07,0.91,-1,-1,-1
7,8,505.82,281.70,70.26,177.78,0.90,-1,-1,-1
7,9,216.88,284.03,81.45,205.86,0.82,-1,-1,-1
7,10,170.88,256.70,53.46,170.18,0.83,-1,-1,-1
7,11,439.92,309.41,48.23,153.12,0.87,-1,-1,-1
7,12,156.91,278.70,37.29,122.95,0.80,-1,-1,-1
7,13,214.27,265.60,55.74,184.07,0.83,-1,-1,-1
7,14,1157.26,293.33,22.75,65.16,0.74,-1,-1,-1
7,15,1197.74,290.84,22.03,69.55,0.75,-1,-1,-1
7,16,1185.94,289.91,22.12,67.43,0.69,-1,-1,-1
8,1,206.75,265.68,136.79,305.92,0.94,-1,-1,-1
8,2,471.04,276.83,85.30,228.76,0.94,-1,-1,-1
8,3,-3.03,281.42,71.85,180.96,0.90,-1,-1,-1
8,4,174.98,304.37,62.19,155.19,0.89,-1,-1,-1
8,5,327.04,264.28,75.98,210.25,0.92,-1,-1,-1
8,6,380.76,269.31,76.51,216.60,0.93,-1,-1,-1
8,7,106.55,268.01,64.60,154.37,0.92,-1,-1,-1
8,8,507.27,281.78,71.44,177.48,0.90,-1,-1,-1
8,9,215.88,283.50,85.01,207.36,0.78,-1,-1,-1
8,10,172.42,255.64,54.81,174.34,0.82,-1,-1,-1
8,11,440.39,308.82,48.51,153.81,0.86,-1,-1,-1
8,12,158.49,277.82,37.24,122.97,0.80,-1,-1,-1
8,13,211.77,262.85,61.05,187.26,0.81,-1,-1,-1
8,14,1162.68,292.74,21.80,66.98,0.75,-1,-1,-1
8,15,1201.81,289.96,22.96,70.69,0.77,-1,-1,-1
8,16,1190.59,289.06,23.11,68.89,0.70,-1,-1,-1
9,1,201.20,267.27,141.75,305.65,0.94,-1,-1,-1
9,2,472.27,275.69,83.67,230.78,0.93,-1,-1,-1
9,3,-6.28,281.49,75.12,181.62,0.90,-1,-1,-1
9,4,173.95,303.81,63.54,156.18,0.90,-1,-1,-1
9,5,327.24,263.29,76.88,213.18,0.93,-1,-1,-1
9,6,381.27,266.91,77.88,220.32,0.92,-1,-1,-1
9,7,108.68,267.37,64.30,155.42,0.91,-1,-1,-1
9,8,508.93,282.24,71.82,178.51,0.89,-1,-1,-1
9,9,213.60,283.43,88.06,208.88,0.81,-1,-1,-1
9,10,173.90,255.39,52.29,171.92,0.81,-1,-1,-1
9,11,440.55,308.43,49.68,153.84,0.84,-1,-1,-1
9,12,160.41,277.96,38.62,122.95,0.75,-1,-1,-1
9,13,211.52,261.53,61.85,187.16,0.81,-1,-1,-1
9,14,1167.60,293.21,22.75,66.44,0.73,-1,-1,-1
9,15,1206.89,289.42,23.29,71.09,0.79,-1,-1,-1
9,16,1193.98,296.81,20.87,59.66,0.63,-1,-1,-1
10,1,196.10,267.60,146.15,310.79,0.94,-1,-1,-1
10,2,472.71,274.07,82.44,232.64,0.93,-1,-1,-1
10,3,-11.96,282.03,79.75,183.78,0.91,-1,-1,-1
10,4,173.17,303.17,57.82,156.48,0.90,-1,-1,-1
10,5,327.94,262.97,77.19,213.91,0.93,-1,-1,-1
10,6,381.86,269.09,78.12,220.13,0.93,-1,-1,-1
10,7,112.09,267.18,63.17,156.09,0.89,-1,-1,-1
10,8,507.80,282.44,74.25,178.86,0.90,-1,-1,-1
10,9,212.78,278.93,82.78,213.56,0.77,-1,-1,-1
10,10,175.24,255.36,50.37,168.19,0.82,-1,-1,-1
10,11,441.79,307.43,49.50,155.59,0.87,-1,-1,-1
10,12,162.73,277.91,38.52,128.08,0.73,-1,-1,-1
10,13,212.17,259.46,63.65,191.25,0.78,-1,-1,-1
10,14,1174.64,293.13,21.86,66.84,0.75,-1,-1,-1
10,15,1212.17,289.86,22.20,69.41,0.75,-1,-1,-1
10,16,1198.70,300.69,20.01,56.30,0.69,-1,-1,-1
11,1,191.86,266.58,149.20,315.01,0.94,-1,-1,-1
11,2,471.82,271.68,83.24,235.38,0.93,-1,-1,-1
11,3,-14.67,283.36,82.91,185.62,0.89,-1,-1,-1
11,4,172.20,302.68,55.58,157.17,0.90,-1,-1,-1
11,5,328.21,262.45,77.89,215.78,0.93,-1,-1,-1
11,6,379.75,271.85,80.40,216.97,0.93,-1,-1,-1
11,7,114.01,267.62,64.37,155.12,0.88,-1,-1,-1
11,8,508.98,283.15,73.98,179.26,0.90,-1,-1,-1
11,9,212.53,268.38,82.87,224.50,0.79,-1,-1,-1
11,10,176.90,255.27,51.23,168.92,0.82,-1,-1,-1
11,11,442.08,307.99,49.74,154.42,0.87,-1,-1,-1
11,12,164.56,277.65,40.00,136.49,0.64,-1,-1,-1
11,13,211.56,258.32,67.10,201.67,0.70,-1,-1,-1
11,14,1180.00,293.85,21.56,65.19,0.67,-1,-1,-1
11,15,1216.89,289.12,21.79,68.15,0.75,-1,-1,-1
11,16,1203.23,301.32,19.75,55.02,0.57,-1,-1,-1
12,1,189.94,265.31,150.16,320.93,0.94,-1,-1,-1
12,2,469.98,269.01,84.73,239.02,0.93,-1,-1,-1
12,3,-14.31,283.88,83.86,186.57,0.90,-1,-1,-1
12,4,171.13,302.20,56.59,157.39,0.87,-1,-1,-1
12,5,329.07,262.14,78.72,218.07,0.92,-1,-1,-1
12,6,377.01,274.48,83.04,214.47,0.94,-1,-1,-1
12,7,115.86,267.81,66.50,154.74,0.89,-1,-1,-1
12,8,509.15,282.99,74.37,179.84,0.90,-1,-1,-1
12,9,210.87,266.47,79.58,225.93,0.67,-1,-1,-1
12,10,178.15,254.80,51.69,169.78,0.83,-1,-1,-1
12,11,443.96,308.70,49.21,154.07,0.88,-1,-1,-1
12,12,165.87,276.99,40.99,141.41,0.61,-1,-1,-1
12,13,211.22,260.85,64.49,190.65,0.73,-1,-1,-1
12,14,1186.01,294.01,21.46,64.56,0.58,-1,-1,-1
12,15,1221.48,289.20,22.85,68.90,0.79,-1,-1,-1
12,16,1208.40,301.15,19.68,55.65,0.64,-1,-1,-1
13,1,188.67,262.91,148.41,327.39,0.94,-1,-1,-1
13,2,468.03,266.54,86.50,241.84,0.93,-1,-1,-1
13,3,-14.24,285.58,85.09,186.02,0.90,-1,-1,-1
13,4,169.38,302.03,57.85,157.76,0.88,-1,-1,-1
13,5,329.75,261.44,77.82,219.50,0.92,-1,-1,-1
13,6,378.23,275.97,81.98,215.14,0.93,-1,-1,-1
13,7,117.93,267.14,65.22,155.50,0.89,-1,-1,-1
13,8,508.54,282.48,75.07,181.39,0.90,-1,-1,-1
13,9,210.11,261.97,72.73,212.80,0.77,-1,-1,-1
13,10,179.73,254.64,50.07,169.81,0.83,-1,-1,-1
13,11,443.36,308.98,50.81,155.43,0.88,-1,-1,-1
13,12,168.61,276.02,42.54,144.75,0.65,-1,-1,-1
13,14,1185.55,293.03,25.10,66.47,0.60,-1,-1,-1
13,15,1226.63,289.57,22.06,68.59,0.77,-1,-1,-1
13,16,1214.41,294.97,20.91,60.63,0.63,-1,-1,-1
13,17,287.55,282.15,49.05,141.75,0.78,-1,-1,-1
14,1,186.49,261.23,147.00,331.71,0.95,-1,-1,-1
14,2,465.00,265.39,90.15,244.27,0.92,-1,-1,-1
14,3,-13.87,285.91,88.98,187.08,0.88,-1,-1,-1
14,4,169.10,302.23,55.06,159.18,0.90,-1,-1,-1
14,5,330.85,260.54,78.96,220.98,0.92,-1,-1,-1
14,6,377.58,277.07,82.20,218.45,0.93,-1,-1,-1
14,7,120.48,267.46,63.86,155.14,0.90,-1,-1,-1
14,8,509.26,283.10,74.71,181.47,0.88,-1,-1,-1
14,9,210.41,259.83,70.47,208.96,0.65,-1,-1,-1
14,10,181.51,255.45,49.62,167.39,0.83,-1,-1,-1
14,11,444.38,309.90,51.41,156.62,0.88,-1,-1,-1
14,12,171.70,275.18,41.24,139.52,0.44,-1,-1,-1
14,14,1195.15,293.99,21.83,63.58,0.67,-1,-1,-1
14,15,1231.34,289.67,22.96,69.06,0.76,-1,-1,-1
14,16,1218.83,293.63,21.36,62.68,0.57,-1,-1,-1
14,17,289.00,282.07,49.45,140.72,0.83,-1,-1,-1
14,18,1186.20,294.07,19.80,60.30,0.72,-1,-1,-1
15,1,187.51,258.61,141.56,337.26,0.94,-1,-1,-1
15,2,461.56,264.66,94.86,248.41,0.93,-1,-1,-1
15,3,-12.75,286.52,86.52,188.07,0.90,-1,-1,-1
15,4,166.63,302.83,55.89,160.31,0.90,-1,-1,-1
15,5,331.14,259.72,78.15,222.56,0.92,-1,-1,-1
15,6,374.97,277.76,84.34,220.59,0.94,-1,-1,-1
15,7,122.72,267.05,63.52,157.71,0.90,-1,-1,-1
15,8,510.61,283.92,73.31,185.08,0.89,-1,-1,-1
15,9,208.91,258.45,74.85,207.58,0.16,-1,-1,-1
15,10,182.89,255.09,51.26,167.40,0.83,-1,-1,-1
15,11,444.63,310.53,53.68,159.75,0.87,-1,-1,-1
15,12,173.41,276.13,40.68,137.05,0.57,-1,-1,-1
15,14,1201.21,294.62,21.61,63.09,0.64,-1,-1,-1
15,15,1236.50,289.54,23.27,71.34,0.79,-1,-1,-1
15,16,1223.28,293.84,22.73,63.80,0.45,-1,-1,-1
15,17,290.70,282.57,49.52,136.72,0.85,-1,-1,-1
15,18,1190.70,293.94,21.25,61.77,0.71,-1,-1,-1
16,1,189.61,255.12,133.63,344.41,0.93,-1,-1,-1
16,2,457.33,265.00,101.87,252.28,0.91,-1,-1,-1
16,3,-13.84,285.98,88.27,189.77,0.90,-1,-1,-1
16,4,159.36,302.89,64.56,161.17,0.93,-1,-1,-1
16,5,331.50,258.97,77.80,224.45,0.91,-1,-1,-1
16,6,375.43,278.32,84.85,224.33,0.94,-1,-1,-1
16,7,124.62,267.49,65.68,158.98,0.89,-1,-1,-1
16,8,510.49,284.07,73.32,187.16,0.89,-1,-1,-1
16,10,183.17,256.00,49.04,167.71,0.82,-1,-1,-1
16,11,445.70,312.40,57.59,161.95,0.83,-1,-1,-1
16,12,174.07,275.00,40.91,139.67,0.35,-1,-1,-1
16,14,1206.25,294.87,21.53,63.23,0.70,-1,-1,-1
16,15,1240.66,289.22,23.39,72.49,0.78,-1,-1,-1
16,16,1228.95,291.71,23.23,67.51,0.67,-1,-1,-1
16,17,291.32,282.33,50.93,136.08,0.87,-1,-1,-1
16,18,1194.54,293.95,21.53,61.37,0.71,-1,-1,-1
17,1,190.16,252.75,125.36,348.89,0.94,-1,-1,-1
17,2,452.80,265.88,107.14,254.68,0.91,-1,-1,-1
17,3,-14.99,284.85,88.77,190.66,0.89,-1,-1,-1
17,4,151.31,302.89,70.53,163.23,0.91,-1,-1,-1
17,5,330.86,258.68,80.64,225.99,0.92,-1,-1,-1
17,6,376.46,278.51,84.73,226.87,0.94,-1,-1,-1
17,7,127.03,267.34,64.99,160.32,0.88,-1,-1,-1
17,8,512.18,284.26,70.91,188.94,0.89,-1,-1,-1
17,10,183.25,256.03,47.26,161.83,0.77,-1,-1,-1
17,11,447.20,311.16,57.93,166.13,0.83,-1,-1,-1
17,12,175.20,274.56,39.64,137.66,0.22,-1,-1,-1
17,14,1212.65,294.94,20.30,62.69,0.71,-1,-1,-1
17,15,1245.53,289.82,22.24,72.32,0.76,-1,-1,-1
17,16,1234.40,289.73,24.60,69.77,0.61,-1,-1,-1
17,17,294.71,282.57,49.70,135.63,0.89,-1,-1,-1
17,18,1200.12,294.44,20.24,60.86,0.77,-1,-1,-1
18,1,189.62,251.42,118.39,352.40,0.94,-1,-1,-1
18,2,449.68,267.83,109.63,256.27,0.94,-1,-1,-1
18,3,-16.93,283.96,86.69,192.02,0.86,-1,-1,-1
18,4,145.05,303.92,74.93,163.56,0.90,-1,-1,-1
18,5,330.81,258.28,79.93,227.72,0.92,-1,-1,-1
18,6,376.18,277.98,85.59,229.28,0.94,-1,-1,-1
18,7,128.88,267.27,63.71,160.82,0.86,-1,-1,-1
18,8,512.75,284.30,68.16,190.49,0.91,-1,-1,-1
18,10,180.38,257.24,48.17,163.57,0.73,-1,-1,-1
18,11,447.11,308.61,58.61,170.93,0.79,-1,-1,-1
18,12,177.48,274.40,39.77,132.06,0.12,-1,-1,-1
18,14,1218.47,295.08,21.09,62.80,0.45,-1,-1,-1
18,15,1250.20,290.02,24.23,73.73,0.78,-1,-1,-1
18,16,1239.31,288.79,25.12,72.68,0.69,-1,-1,-1
18,17,296.84,282.95,49.90,136.22,0.88,-1,-1,-1
18,18,1205.04,293.88,22.58,63.77,0.70,-1,-1,-1
19,1,186.27,250.78,114.78,355.71,0.94,-1,-1,-1
19,2,446.53,270.06,111.66,258.79,0.92,-1,-1,-1
19,3,-19.90,282.26,89.88,188.46,0.86,-1,-1,-1
19,4,140.38,304.87,77.63,165.09,0.89,-1,-1,-1
19,5,331.32,257.53,79.90,229.75,0.91,-1,-1,-1
19,6,376.14,277.16,84.99,231.85,0.94,-1,-1,-1
19,7,130.58,267.23,60.96,150.85,0.79,-1,-1,-1
19,8,512.07,283.99,68.92,192.47,0.92,-1,-1,-1
19,10,178.60,257.66,49.84,168.68,0.52,-1,-1,-1
19,11,445.05,302.19,64.68,180.44,0.77,-1,-1,-1
19,14,1221.51,293.92,22.56,65.25,0.68,-1,-1,-1
19,15,1254.63,290.10,23.76,73.65,0.78,-1,-1,-1
19,16,1243.24,288.30,25.30,73.19,0.74,-1,-1,-1
19,17,298.65,282.26,49.64,136.76,0.89,-1,-1,-1
19,18,1208.94,293.70,22.04,63.75,0.75,-1,-1,-1
20,1,180.44,251.10,118.58,356.90,0.93,-1,-1,-1
20,2,441.41,271.46,115.29,261.19,0.92,-1,-1,-1
20,3,-23.47,279.16,90.87,198.47,0.72,-1,-1,-1
20,4,137.49,306.50,75.38,164.93,0.89,-1,-1,-1
20,5,330.13,257.21,80.77,230.81,0.92,-1,-1,-1
20,6,373.55,276.21,85.66,233.41,0.94,-1,-1,-1
20,7,131.50,268.08,59.81,145.77,0.82,-1,-1,-1
20,8,511.06,283.23,71.60,193.51,0.92,-1,-1,-1
20,10,179.18,257.46,48.84,163.23,0.26,-1,-1,-1
20,11,441.53,294.92,71.49,187.98,0.64,-1,-1,-1
20,14,1226.60,294.21,20.77,63.81,0.64,-1,-1,-1
20,15,1259.09,289.52,23.56,75.68,0.78,-1,-1,-1
20,16,1248.08,288.11,25.36,74.53,0.72,-1,-1,-1
20,17,300.11,283.22,49.23,135.44,0.90,-1,-1,-1
20,18,1213.20,294.10,21.80,63.08,0.77,-1,-1,-1
20,19,254.02,274.50,49.50,145.35,0.77,-1,-1,-1
21,1,172.62,249.73,119.68,363.12,0.93,-1,-1,-1
21,2,435.73,272.17,119.39,265.61,0.93,-1,-1,-1
21,4,137.62,307.64,69.83,166.69,0.88,-1,-1,-1
21,5,329.84,256.57,80.51,232.55,0.92,-1,-1,-1
21,6,370.51,275.60,86.52,235.03,0.95,-1,-1,-1
21,7,133.20,268.78,59.13,147.27,0.83,-1,-1,-1
21,8,509.91,282.51,76.14,194.54,0.92,-1,-1,-1
21,11,439.70,282.15,77.56,202.48,0.69,-1,-1,-1
21,14,1230.62,295.27,21.28,62.02,0.66,-1,-1,-1
21,15,1264.09,289.48,22.30,72.30,0.69,-1,-1,-1
21,16,1253.23,287.95,24.20,71.48,0.71,-1,-1,-1
21,17,301.33,283.15,49.71,136.19,0.89,-1,-1,-1
21,18,1216.31,294.00,22.95,63.10,0.78,-1,-1,-1
21,19,255.13,274.91,49.53,146.48,0.88,-1,-1,-1
22,1,157.99,249.04,129.29,369.05,0.94,-1,-1,-1
22,2,431.47,272.56,122.22,268.55,0.93,-1,-1,-1
22,4,139.40,307.88,63.50,168.67,0.88,-1,-1,-1
22,5,329.34,256.02,80.08,233.76,0.92,-1,-1,-1
22,6,367.06,273.86,88.60,237.37,0.95,-1,-1,-1
22,7,135.00,268.69,58.75,149.64,0.82,-1,-1,-1
22,8,510.10,282.22,79.02,196.07,0.91,-1,-1,-1
22,11,445.44,275.49,74.96,208.63,0.60,-1,-1,-1
22,14,1234.44,293.71,22.65,63.79,0.68,-1,-1,-1
22,15,1268.88,289.48,20.59,70.04,0.48,-1,-1,-1
22,16,1256.87,288.07,23.73,69.93,0.69,-1,-1,-1
22,17,302.80,283.55,50.19,135.26,0.87,-1,-1,-1
22,18,1221.01,293.82,22.15,62.80,0.77,-1,-1,-1
22,19,255.44,274.63,50.58,150.18,0.87,-1,-1,-1
22,9,208.84,266.49,80.34,229.81,0.67,-1,-1,-1
23,1,142.60,249.98,143.45,372.32,0.93,-1,-1,-1
23,2,428.10,271.80,123.24,272.20,0.94,-1,-1,-1
23,4,139.89,307.20,57.10,169.52,0.86,-1,-1,-1
23,5,329.26,256.11,78.71,233.25,0.93,-1,-1,-1
23,6,363.37,273.05,91.15,239.20,0.95,-1,-1,-1
23,7,135.72,268.20,56.53,151.43,0.82,-1,-1,-1
23,8,509.25,282.09,83.02,200.43,0.91,-1,-1,-1
23,11,448.97,272.88,71.39,211.20,0.43,-1,-1,-1
23,14,1239.13,294.14,22.00,62.35,0.62,-1,-1,-1
23,16,1262.13,287.65,23.55,70.53,0.72,-1,-1,-1
23,17,303.69,283.07,50.36,135.84,0.87,-1,-1,-1
23,18,1224.88,293.43,21.82,62.67,0.80,-1,-1,-1
23,19,256.17,274.16,50.22,151.39,0.87,-1,-1,-1
23,9,213.49,270.86,77.90,226.94,0.61,-1,-1,-1
24,1,135.94,251.83,146.47,366.36,0.91,-1,-1,-1
24,2,425.06,270.02,122.95,276.74,0.94,-1,-1,-1
24,4,139.74,307.03,53.83,168.48,0.78,-1,-1,-1
24,5,328.12,255.55,78.77,235.08,0.93,-1,-1,-1
24,6,359.86,272.15,93.85,239.84,0.95,-1,-1,-1
24,7,135.97,267.82,48.06,143.19,0.72,-1,-1,-1
24,8,507.98,281.88,86.26,201.61,0.91,-1,-1,-1
24,14,1243.04,292.69,22.93,63.91,0.71,-1,-1,-1
24,16,1266.25,287.54,23.47,69.55,0.59,-1,-1,-1
24,17,305.07,284.22,49.51,134.25,0.83,-1,-1,-1
24,18,1229.11,293.16,21.69,62.62,0.78,-1,-1,-1
24,19,256.43,274.16,50.40,151.33,0.87,-1,-1,-1
24,9,218.05,276.40,74.93,223.66,0.73,-1,-1,-1
24,20,-154.91,198.00,415.01,1145.70,0.72,-1,-1,-1
25,1,136.15,254.59,144.33,361.64,0.91,-1,-1,-1
25,2,423.13,266.14,122.21,282.20,0.93,-1,-1,-1
25,5,327.55,255.10,79.12,237.51,0.93,-1,-1,-1
25,6,356.22,271.12,96.66,241.64,0.95,-1,-1,-1
25,8,506.93,282.27,89.25,203.04,0.92,-1,-1,-1
25,14,1247.40,292.68,22.10,63.30,0.65,-1,-1,-1
25,16,1268.90,294.77,21.06,61.99,0.45,-1,-1,-1
25,17,306.28,284.09,49.21,134.29,0.80,-1,-1,-1
25,18,1233.01,292.86,22.86,63.81,0.79,-1,-1,-1
25,19,255.17,273.56,52.75,152.53,0.85,-1,-1,-1
25,9,219.28,281.20,72.65,220.00,0.82,-1,-1,-1
25,20,-128.49,194.81,410.26,1119.85,0.73,-1,-1,-1
26,1,123.83,257.22,156.19,360.47,0.85,-1,-1,-1
26,2,418.94,262.27,123.57,286.82,0.94,-1,-1,-1
26,5,325.40,254.17,82.20,239.71,0.92,-1,-1,-1
26,6,352.22,270.41,99.72,244.91,0.94,-1,-1,-1
26,8,507.06,282.40,90.93,204.69,0.91,-1,-1,-1
26,14,1250.56,290.34,24.17,67.56,0.67,-1,-1,-1
26,16,1272.00,297.96,18.86,58.11,0.30,-1,-1,-1
26,17,306.34,282.33,52.70,135.83,0.74,-1,-1,-1
26,18,1237.20,292.19,22.10,66.63,0.76,-1,-1,-1
26,19,255.01,273.00,53.84,153.51,0.88,-1,-1,-1
26,9,213.48,277.39,76.95,225.01,0.77,-1,-1,-1
26,20,-75.60,200.46,379.34,1060.98,0.78,-1,-1,-1
27,1,127.44,253.90,151.87,358.13,0.45,-1,-1,-1
27,2,415.80,258.55,125.09,291.10,0.95,-1,-1,-1
27,5,319.73,253.92,87.77,242.26,0.92,-1,-1,-1
27,6,347.65,270.27,101.78,249.03,0.93,-1,-1,-1
27,8,506.24,281.80,92.71,206.58,0.91,-1,-1,-1
27,14,1254.53,290.34,22.62,66.49,0.65,-1,-1,-1
27,17,307.04,282.38,51.36,135.80,0.72,-1,-1,-1
27,18,1240.39,291.93,23.01,66.80,0.77,-1,-1,-1
27,19,254.61,273.07,54.83,154.42,0.89,-1,-1,-1
27,9,213.57,277.40,75.29,224.02,0.87,-1,-1,-1
27,20,-56.33,188.96,387.82,1061.57,0.75,-1,-1,-1
28,2,415.40,255.36,122.22,294.99,0.94,-1,-1,-1
28,5,314.52,254.84,91.02,241.26,0.91,-1,-1,-1
28,6,342.13,269.60,104.84,251.14,0.91,-1,-1,-1
28,8,505.32,281.69,93.33,208.88,0.92,-1,-1,-1
28,14,1257.64,287.44,23.16,68.73,0.70,-1,-1,-1
28,17,308.57,281.30,49.89,135.21,0.60,-1,-1,-1
28,18,1244.40,292.05,22.15,64.47,0.73,-1,-1,-1
28,19,255.03,272.60,55.15,156.55,0.90,-1,-1,-1
28,9,209.63,276.86,77.52,223.17,0.86,-1,-1,-1
28,20,-53.90,176.92,404.68,1054.43,0.76,-1,-1,-1
28,12,197.65,260.37,61.56,190.46,0.67,-1,-1,-1
29,2,414.27,253.09,119.85,298.43,0.93,-1,-1,-1
29,5,310.01,254.71,95.48,242.86,0.92,-1,-1,-1
29,6,339.33,269.91,104.55,252.58,0.91,-1,-1,-1
29,8,503.01,281.03,94.69,210.40,0.89,-1,-1,-1
29,14,1260.59,286.43,22.18,69.59,0.58,-1,-1,-1
29,17,307.89,278.76,54.47,146.16,0.54,-1,-1,-1
29,18,1247.68,292.01,23.01,65.08,0.72,-1,-1,-1
29,19,254.42,272.23,56.15,157.67,0.90,-1,-1,-1
29,9,207.38,275.99,77.17,214.58,0.73,-1,-1,-1
29,20,-30.19,179.44,400.22,1037.14,0.69,-1,-1,-1
30,2,412.08,252.34,120.04,301.25,0.94,-1,-1,-1
30,5,307.12,255.04,100.88,247.16,0.91,-1,-1,-1
30,6,334.05,270.26,109.90,254.86,0.90,-1,-1,-1
30,8,502.89,280.55,92.79,214.07,0.88,-1,-1,-1
30,14,1263.75,286.27,21.78,70.16,0.41,-1,-1,-1
30,17,308.45,277.16,56.96,153.29,0.60,-1,-1,-1
30,18,1250.41,291.60,23.32,66.47,0.67,-1,-1,-1
30,19,253.56,271.86,57.67,160.68,0.88,-1,-1,-1
30,9,212.15,285.38,69.32,184.25,0.14,-1,-1,-1
30,20,-39.22,159.97,424.89,1085.99,0.70,-1,-1,-1
31,2,407.83,252.91,118.38,305.09,0.91,-1,-1,-1
31,5,305.44,255.86,103.01,248.81,0.91,-1,-1,-1
31,6,331.37,271.54,109.37,257.94,0.90,-1,-1,-1
31,8,503.26,279.43,90.85,217.09,0.89,-1,-1,-1
31,14,1266.63,286.98,21.65,71.57,0.20,-1,-1,-1
31,17,307.46,274.19,59.70,170.61,0.25,-1,-1,-1
31,18,1253.72,291.77,23.44,67.00,0.62,-1,-1,-1
31,19,252.34,271.53,59.14,173.45,0.85,-1,-1,-1
31,20,-25.95,132.89,430.77,1149.13,0.71,-1,-1,-1
32,2,398.35,254.66,125.88,309.95,0.94,-1,-1,-1
32,5,305.99,256.33,103.46,251.58,0.88,-1,-1,-1
32,6,330.73,273.21,109.61,262.27,0.91,-1,-1,-1
32,8,500.99,279.17,90.02,219.79,0.93,-1,-1,-1
32,17,307.31,274.60,56.39,173.58,0.10,-1,-1,-1
32,18,1257.37,292.54,22.28,66.00,0.72,-1,-1,-1
32,19,251.99,271.26,59.35,170.36,0.82,-1,-1,-1
32,20,-17.76,107.52,440.55,1207.11,0.70,-1,-1,-1
33,2,385.48,256.62,134.54,312.64,0.93,-1,-1,-1
33,5,305.72,256.47,99.27,246.85,0.85,-1,-1,-1
33,6,328.70,274.26,109.43,267.42,0.92,-1,-1,-1
33,8,500.38,279.15,85.58,222.26,0.94,-1,-1,-1
33,18,1261.08,292.76,23.06,66.81,0.71,-1,-1,-1
33,19,241.38,259.38,70.38,205.09,0.49,-1,-1,-1
33,20,-2.01,116.76,436.48,1167.97,0.74,-1,-1,-1
34,2,380.04,260.14,134.04,317.12,0.94,-1,-1,-1
34,5,305.66,256.59,89.41,245.92,0.85,-1,-1,-1
34,6,328.40,274.14,110.71,269.39,0.89,-1,-1,-1
34,8,499.62,279.53,80.73,222.04,0.94,-1,-1,-1
34,18,1264.51,292.76,22.14,67.97,0.73,-1,-1,-1
34,20,4.13,118.44,441.11,1187.64,0.71,-1,-1,-1
35,2,379.31,262.03,129.62,309.89,0.92,-1,-1,-1
35,5,300.57,256.87,88.34,255.07,0.85,-1,-1,-1
35,6,329.14,273.88,105.86,273.12,0.88,-1,-1,-1
35,8,498.49,279.48,75.26,222.31,0.94,-1,-1,-1
35,18,1266.84,293.11,21.77,63.97,0.70,-1,-1,-1
35,20,-23.19,112.72,487.59,1194.52,0.66,-1,-1,-1
36,2,375.59,265.04,128.29,307.95,0.91,-1,-1,-1
36,5,293.57,256.58,91.00,260.96,0.82,-1,-1,-1
36,6,327.67,273.82,101.52,272.99,0.86,-1,-1,-1
36,8,496.32,279.20,73.94,224.72,0.93,-1,-1,-1
36,18,1268.27,291.55,22.85,69.99,0.20,-1,-1,-1
36,20,4.31,136.32,473.49,1190.98,0.75,-1,-1,-1
37,2,373.41,266.79,126.61,308.04,0.90,-1,-1,-1
37,5,285.21,256.19,89.65,272.86,0.70,-1,-1,-1
37,6,326.11,273.67,96.60,275.05,0.85,-1,-1,-1
37,8,494.63,279.69,74.78,226.18,0.93,-1,-1,-1
37,20,23.13,179.74,470.66,1113.33,0.81,-1,-1,-1
37,11,434.74,311.45,67.45,198.27,0.81,-1,-1,-1
38,2,370.95,267.29,125.41,308.51,0.90,-1,-1,-1
38,6,325.18,271.70,95.93,275.68,0.81,-1,-1,-1
38,8,491.42,280.06,79.91,228.68,0.94,-1,-1,-1
38,20,38.93,197.46,469.15,1090.86,0.82,-1,-1,-1
38,11,431.83,313.37,79.79,196.84,0.85,-1,-1,-1
39,2,371.13,266.59,123.13,310.34,0.90,-1,-1,-1
39,6,332.22,271.12,83.90,264.37,0.76,-1,-1,-1
39,8,486.17,279.90,87.09,231.89,0.94,-1,-1,-1
39,20,55.45,216.86,465.81,1064.14,0.84,-1,-1,-1
39,11,433.52,314.31,77.53,199.08,0.85,-1,-1,-1
39,21,-63.84,208.80,245.42,825.30,0.71,-1,-1,-1
40,2,358.88,263.28,129.63,319.61,0.85,-1,-1,-1
40,6,335.86,268.00,75.85,253.74,0.10,-1,-1,-1
40,8,485.33,280.11,88.12,230.40,0.92,-1,-1,-1
40,20,69.86,211.90,480.13,1070.14,0.83,-1,-1,-1
40,11,432.96,314.39,74.86,200.38,0.85,-1,-1,-1
40,10,131.40,253.79,87.68,281.28,0.64,-1,-1,-1
40,1,-46.54,218.80,232.59,788.93,0.78,-1,-1,-1
41,2,349.16,259.67,127.03,325.65,0.81,-1,-1,-1
41,8,480.38,279.59,93.76,232.71,0.93,-1,-1,-1
41,20,93.67,217.78,453.72,1023.54,0.82,-1,-1,-1
41,11,431.41,314.47,73.05,198.03,0.84,-1,-1,-1
41,10,127.72,253.84,90.57,280.20,0.60,-1,-1,-1
41,1,-42.06,218.05,234.62,807.44,0.77,-1,-1,-1
41,9,140.44,275.97,105.93,292.05,0.73,-1,-1,-1
42,2,343.97,261.54,123.42,307.35,0.67,-1,-1,-1
42,8,481.44,279.71,93.04,233.53,0.93,-1,-1,-1
42,20,108.06,212.70,444.13,1022.07,0.80,-1,-1,-1
42,11,427.88,315.17,77.22,204.61,0.84,-1,-1,-1
42,10,119.81,252.89,93.44,297.97,0.56,-1,-1,-1
42,1,-35.05,213.33,236.38,796.98,0.78,-1,-1,-1
42,9,133.74,275.98,112.19,302.10,0.75,-1,-1,-1
43,8,479.89,281.26,94.41,235.26,0.93,-1,-1,-1
43,20,138.03,198.98,423.44,1006.34,0.81,-1,-1,-1
43,11,425.84,315.72,75.05,203.74,0.76,-1,-1,-1
43,1,-32.12,208.32,249.37,789.28,0.80,-1,-1,-1
43,9,132.61,275.39,113.36,305.32,0.71,-1,-1,-1
44,8,479.04,281.36,93.77,236.72,0.91,-1,-1,-1
44,20,170.47,199.08,401.17,986.57,0.82,-1,-1,-1
44,11,423.90,316.55,72.68,192.59,0.65,-1,-1,-1
44,1,-29.08,205.61,260.01,780.72,0.82,-1,-1,-1
44,9,125.62,276.05,113.41,299.03,0.30,-1,-1,-1
45,8,479.42,280.04,88.74,237.99,0.86,-1,-1,-1
45,20,199.74,185.95,382.81,989.66,0.80,-1,-1,-1
45,1,-20.37,203.19,263.32,779.42,0.84,-1,-1,-1
45,9,122.56,249.15,111.94,306.57,0.10,-1,-1,-1
45,22,543.15,285.52,28.80,61.20,0.71,-1,-1,-1
46,8,476.91,278.16,86.10,242.08,0.81,-1,-1,-1
46,20,227.25,170.78,364.45,946.01,0.74,-1,-1,-1
46,1,-3.92,193.65,269.72,779.63,0.82,-1,-1,-1
46,22,543.39,285.03,29.54,61.22,0.77,-1,-1,-1
46,23,200.81,277.65,49.16,150.75,0.77,-1,-1,-1
47,8,469.32,277.49,89.95,255.13,0.78,-1,-1,-1
47,20,249.41,163.45,354.76,906.32,0.76,-1,-1,-1
47,1,2.09,189.96,274.76,775.73,0.77,-1,-1,-1
47,22,546.87,283.25,26.93,62.62,0.73,-1,-1,-1
47,23,200.46,277.93,49.74,149.38,0.78,-1,-1,-1
47,4,2.29,305.65,109.51,208.63,0.86,-1,-1,-1
48,8,460.97,275.96,94.89,255.55,0.60,-1,-1,-1
48,20,264.41,173.15,354.54,885.45,0.66,-1,-1,-1
48,1,10.52,194.55,278.29,768.86,0.84,-1,-1,-1
48,22,550.44,285.05,25.31,61.35,0.60,-1,-1,-1
48,4,-5.08,307.16,107.58,210.26,0.90,-1,-1,-1
49,8,473.90,279.82,78.72,210.24,0.49,-1,-1,-1
49,20,268.80,180.68,362.05,880.21,0.63,-1,-1,-1
49,1,19.51,195.81,297.48,774.38,0.81,-1,-1,-1
49,22,554.51,285.33,22.81,60.54,0.72,-1,-1,-1
49,4,-8.72,308.73,112.34,211.86,0.92,-1,-1,-1
50,20,277.45,188.80,366.54,873.21,0.70,-1,-1,-1
50,1,25.73,195.20,309.36,807.84,0.82,-1,-1,-1
50,22,557.17,285.94,21.49,59.64,0.63,-1,-1,-1
50,4,-12.18,310.11,116.76,213.49,0.92,-1,-1,-1
50,24,61.42,264.82,68.62,200.48,0.77,-1,-1,-1
50,10,78.13,257.47,83.71,267.23,0.79,-1,-1,-1
51,20,286.29,205.36,368.10,920.41,0.73,-1,-1,-1
51,1,45.77,198.83,290.54,804.79,0.78,-1,-1,-1
51,22,559.13,285.81,21.86,60.32,0.47,-1,-1,-1
51,4,-13.06,311.08,117.04,217.12,0.93,-1,-1,-1
51,24,57.77,266.62,68.80,202.58,0.77,-1,-1,-1
51,10,75.58,259.50,76.50,248.87,0.72,-1,-1,-1
51,2,267.83,255.80,104.83,335.34,0.67,-1,-1,-1
51,9,78.51,273.34,102.90,261.01,0.79,-1,-1,-1
52,20,292.90,217.15,373.53,928.09,0.77,-1,-1,-1
52,1,79.43,209.20,257.58,790.82,0.80,-1,-1,-1
52,22,560.01,286.01,23.30,60.25,0.10,-1,-1,-1
52,4,-14.90,311.75,111.44,219.75,0.93,-1,-1,-1
52,24,52.87,266.58,70.78,202.65,0.80,-1,-1,-1
52,10,62.43,261.73,101.65,264.00,0.87,-1,-1,-1
52,2,257.40,255.24,116.94,351.01,0.78,-1,-1,-1
52,9,90.43,279.50,99.73,289.08,0.74,-1,-1,-1
53,20,300.65,226.32,376.69,884.74,0.66,-1,-1,-1
53,1,87.79,218.72,297.64,766.91,0.81,-1,-1,-1
53,4,-19.89,313.31,110.37,221.11,0.90,-1,-1,-1
53,24,50.11,267.55,68.03,198.75,0.70,-1,-1,-1
53,10,51.32,262.18,111.83,273.80,0.87,-1,-1,-1
53,2,234.37,259.38,159.98,371.02,0.50,-1,-1,-1
53,9,89.29,280.02,108.13,310.80,0.85,-1,-1,-1
53,25,126.67,248.40,75.82,217.35,0.72,-1,-1,-1
54,20,329.12,234.55,358.49,879.35,0.68,-1,-1,-1
54,1,103.72,224.65,283.51,755.50,0.81,-1,-1,-1
54,4,-26.20,315.13,109.37,221.53,0.88,-1,-1,-1
54,24,47.36,269.07,65.99,196.30,0.70,-1,-1,-1
54,10,42.53,262.94,124.60,279.36,0.88,-1,-1,-1
54,2,250.29,264.54,135.17,337.32,0.77,-1,-1,-1
54,9,81.12,281.20,122.17,316.71,0.88,-1,-1,-1
54,25,124.56,247.81,82.72,227.54,0.80,-1,-1,-1
55,20,361.77,242.59,336.91,837.97,0.73,-1,-1,-1
55,1,101.37,224.77,286.60,746.95,0.82,-1,-1,-1
55,4,-32.18,313.78,107.67,225.31,0.86,-1,-1,-1
55,24,42.52,268.95,68.44,196.42,0.71,-1,-1,-1
55,10,32.04,263.35,133.51,285.33,0.90,-1,-1,-1
55,2,262.15,263.53,117.42,335.49,0.68,-1,-1,-1
55,9,76.38,284.38,119.41,320.67,0.88,-1,-1,-1
55,25,120.32,247.67,79.48,230.18,0.78,-1,-1,-1
56,20,397.03,245.16,313.83,816.36,0.80,-1,-1,-1
56,1,130.21,225.86,265.88,739.38,0.84,-1,-1,-1
56,4,-37.51,313.70,100.84,224.75,0.86,-1,-1,-1
56,24,39.55,269.21,71.14,200.37,0.11,-1,-1,-1
56,10,26.50,264.66,130.87,289.60,0.88,-1,-1,-1
56,2,256.94,252.08,120.22,352.13,0.62,-1,-1,-1
56,9,70.25,284.94,116.85,326.76,0.89,-1,-1,-1
56,25,115.93,247.57,75.81,226.87,0.85,-1,-1,-1
56,23,191.07,279.93,46.83,140.49,0.71,-1,-1,-1
57,20,423.46,248.44,282.06,740.19,0.72,-1,-1,-1
57,1,121.79,213.82,288.89,768.40,0.83,-1,-1,-1
57,4,-46.64,309.91,92.41,229.57,0.78,-1,-1,-1
57,10,22.50,264.20,134.40,294.96,0.88,-1,-1,-1
57,2,260.35,246.68,108.30,343.81,0.30,-1,-1,-1
57,9,69.20,284.91,110.14,329.94,0.91,-1,-1,-1
57,25,112.42,247.01,76.00,221.11,0.88,-1,-1,-1
57,23,187.81,279.89,47.95,141.44,0.75,-1,-1,-1
57,26,416.47,269.55,310.72,886.05,0.75,-1,-1,-1
57,5,184.39,237.78,132.02,429.17,0.63,-1,-1,-1
57,11,384.42,323.61,84.89,244.41,0.78,-1,-1,-1
58,20,435.32,239.96,295.79,755.49,0.82,-1,-1,-1
58,1,166.21,212.58,250.50,742.29,0.84,-1,-1,-1
58,4,-59.34,305.84,94.45,235.19,0.44,-1,-1,-1
58,10,12.05,260.74,134.97,298.42,0.88,-1,-1,-1
58,9,64.17,282.62,110.43,336.80,0.89,-1,-1,-1
58,25,109.76,247.17,76.26,220.27,0.87,-1,-1,-1
58,23,185.85,278.51,47.44,144.44,0.36,-1,-1,-1
58,5,164.68,234.14,149.23,477.23,0.72,-1,-1,-1
58,11,379.44,324.68,88.57,248.04,0.82,-1,-1,-1
58,27,149.40,264.82,54.00,164.70,0.72,-1,-1,-1
58,8,438.65,280.04,91.44,299.60,0.72,-1,-1,-1
59,20,447.39,231.60,299.62,771.20,0.78,-1,-1,-1
59,1,177.60,207.95,247.76,743.21,0.85,-1,-1,-1
59,4,-71.49,292.30,98.12,249.90,0.13,-1,-1,-1
59,10,4.09,258.50,134.11,299.70,0.89,-1,-1,-1
59,9,44.33,279.88,125.76,340.59,0.91,-1,-1,-1
59,25,105.76,246.58,75.99,220.74,0.86,-1,-1,-1
59,5,149.01,231.38,160.46,499.33,0.82,-1,-1,-1
59,11,378.04,324.38,86.58,250.09,0.84,-1,-1,-1
59,8,437.60,280.79,93.46,301.20,0.77,-1,-1,-1
60,20,454.66,220.15,302.58,792.42,0.79,-1,-1,-1
60,1,195.66,207.80,232.54,722.78,0.88,-1,-1,-1
60,10,-2.06,254.70,123.53,303.61,0.87,-1,-1,-1
60,9,31.31,275.59,132.97,346.85,0.90,-1,-1,-1
60,25,100.71,246.56,74.68,216.73,0.79,-1,-1,-1
60,5,139.82,229.07,154.15,506.51,0.88,-1,-1,-1
60,11,370.89,324.25,85.88,252.50,0.90,-1,-1,-1
60,8,436.12,278.76,92.73,306.94,0.86,-1,-1,-1
61,20,461.37,214.94,305.10,785.41,0.82,-1,-1,-1
61,1,197.85,206.81,234.55,716.47,0.88,-1,-1,-1
61,10,-9.75,251.90,115.10,308.09,0.87,-1,-1,-1
61,9,21.73,273.91,133.38,349.67,0.90,-1,-1,-1
61,25,96.21,246.08,75.34,216.75,0.71,-1,-1,-1
61,5,121.99,227.69,161.26,503.14,0.87,-1,-1,-1
61,11,365.57,323.15,86.76,254.90,0.86,-1,-1,-1
61,8,434.43,277.52,91.80,312.25,0.81,-1,-1,-1
62,20,466.51,207.26,306.22,775.75,0.86,-1,-1,-1
62,1,198.25,207.05,240.08,703.47,0.91,-1,-1,-1
62,10,-15.65,249.21,107.68,310.21,0.86,-1,-1,-1
62,9,16.53,270.90,129.78,353.88,0.86,-1,-1,-1
62,25,88.33,245.90,76.08,245.16,0.76,-1,-1,-1
62,5,97.74,225.58,178.04,522.76,0.87,-1,-1,-1
62,11,362.03,324.49,80.30,255.14,0.55,-1,-1,-1
62,8,429.17,276.47,90.51,315.32,0.81,-1,-1,-1
62,19,204.37,237.41,101.95,340.16,0.66,-1,-1,-1
62,2,212.14,258.97,118.12,378.85,0.63,-1,-1,-1
63,20,472.34,195.10,306.79,791.52,0.87,-1,-1,-1
63,1,196.92,210.96,252.38,696.14,0.90,-1,-1,-1
63,10,-19.67,246.44,101.18,312.40,0.84,-1,-1,-1
63,9,-3.13,269.71,146.86,356.30,0.85,-1,-1,-1
63,25,76.03,243.80,82.74,276.93,0.16,-1,-1,-1
63,5,66.27,224.21,207.26,539.29,0.88,-1,-1,-1
63,11,352.09,320.14,84.43,262.93,0.58,-1,-1,-1
63,8,421.99,275.22,95.93,318.06,0.85,-1,-1,-1
63,19,203.21,235.48,98.74,340.31,0.66,-1,-1,-1
63,2,200.53,262.91,121.76,368.65,0.77,-1,-1,-1
64,20,474.18,193.71,307.68,797.52,0.86,-1,-1,-1
64,1,195.68,217.73,263.73,683.44,0.90,-1,-1,-1
64,10,-32.97,244.80,101.78,312.88,0.79,-1,-1,-1
64,9,7.70,268.90,123.36,315.66,0.71,-1,-1,-1
64,5,31.77,224.46,232.98,550.77,0.88,-1,-1,-1
64,11,349.11,311.56,83.52,274.82,0.10,-1,-1,-1
64,8,418.84,273.36,100.66,321.81,0.86,-1,-1,-1
64,19,197.73,234.99,100.91,348.00,0.64,-1,-1,-1
64,2,187.56,264.05,127.41,364.56,0.80,-1,-1,-1
65,20,474.08,192.40,320.77,813.55,0.88,-1,-1,-1
65,1,202.81,222.86,266.10,670.29,0.90,-1,-1,-1
65,10,-36.58,247.67,93.91,303.08,0.62,-1,-1,-1
65,9,-7.75,269.02,123.25,314.33,0.77,-1,-1,-1
65,5,4.27,225.81,249.80,551.51,0.90,-1,-1,-1
65,8,415.56,272.97,102.94,323.09,0.86,-1,-1,-1
65,19,191.80,234.28,101.52,356.68,0.69,-1,-1,-1
65,2,175.38,262.24,143.77,402.78,0.89,-1,-1,-1
66,20,472.60,198.84,331.62,802.37,0.85,-1,-1,-1
66,1,215.67,231.30,260.74,659.21,0.90,-1,-1,-1
66,10,-43.58,247.05,91.71,291.48,0.17,-1,-1,-1
66,9,-12.43,269.15,123.53,341.72,0.73,-1,-1,-1
66,5,-18.82,228.64,262.16,549.57,0.91,-1,-1,-1
66,8,414.41,271.74,100.61,325.75,0.84,-1,-1,-1
66,19,173.63,248.87,136.80,407.05,0.90,-1,-1,-1
66,2,170.60,244.69,125.77,390.57,0.70,-1,-1,-1
67,20,471.71,207.76,340.33,821.20,0.81,-1,-1,-1
67,1,216.95,234.90,268.15,657.20,0.89,-1,-1,-1
67,5,-37.63,232.20,271.78,527.51,0.88,-1,-1,-1
67,8,408.13,271.28,108.86,329.83,0.81,-1,-1,-1
67,19,165.74,242.06,122.81,387.53,0.48,-1,-1,-1
67,2,150.46,253.59,162.19,422.29,0.84,-1,-1,-1
68,20,474.79,206.38,344.28,831.24,0.76,-1,-1,-1
68,1,217.27,232.84,277.00,663.07,0.87,-1,-1,-1
68,5,-59.05,234.53,282.46,544.71,0.83,-1,-1,-1
68,8,400.02,271.15,109.32,334.44,0.76,-1,-1,-1
68,19,158.01,243.21,117.14,358.73,0.13,-1,-1,-1
68,2,143.95,247.60,163.21,448.10,0.87,-1,-1,-1
69,20,485.05,220.22,326.37,776.21,0.75,-1,-1,-1
69,1,234.86,235.02,263.27,655.14,0.85,-1,-1,-1
69,5,-78.94,237.61,281.51,559.79,0.81,-1,-1,-1
69,8,385.55,274.29,123.15,391.04,0.26,-1,-1,-1
69,2,134.17,245.51,167.40,458.42,0.88,-1,-1,-1
70,20,491.66,220.87,331.88,781.48,0.84,-1,-1,-1
70,1,249.69,232.54,253.66,653.06,0.88,-1,-1,-1
70,5,-87.98,253.89,230.91,554.80,0.77,-1,-1,-1
70,8,392.22,276.57,116.80,376.58,0.35,-1,-1,-1
70,2,128.41,243.49,164.27,465.62,0.89,-1,-1,-1
71,20,500.47,220.43,327.21,779.09,0.86,-1,-1,-1
71,1,266.02,231.18,242.27,658.35,0.87,-1,-1,-1
71,5,-85.57,258.10,187.80,504.79,0.75,-1,-1,-1
71,2,122.91,241.47,163.01,471.51,0.88,-1,-1,-1
71,6,257.37,281.12,60.80,200.00,0.64,-1,-1,-1
71,25,20.01,247.49,91.28,258.58,0.71,-1,-1,-1
72,20,513.99,221.17,320.85,775.10,0.88,-1,-1,-1
72,1,286.03,225.79,228.52,667.52,0.86,-1,-1,-1
72,5,-76.56,276.06,155.76,416.94,0.47,-1,-1,-1
72,2,118.19,239.97,159.31,477.32,0.90,-1,-1,-1
72,6,254.28,282.61,62.39,202.33,0.79,-1,-1,-1
72,25,14.92,248.33,90.62,243.96,0.76,-1,-1,-1
73,20,527.99,222.28,313.04,758.98,0.88,-1,-1,-1
73,1,296.55,222.49,226.05,674.61,0.87,-1,-1,-1
73,5,-64.60,299.19,135.19,368.63,0.50,-1,-1,-1
73,2,113.55,240.70,157.94,481.72,0.91,-1,-1,-1
73,6,251.75,283.30,59.92,189.55,0.76,-1,-1,-1
73,25,10.15,245.16,95.26,244.51,0.79,-1,-1,-1
74,20,543.99,208.44,302.98,761.90,0.87,-1,-1,-1
74,1,308.02,219.75,222.42,675.27,0.89,-1,-1,-1
74,5,-52.34,316.20,113.70,345.14,0.18,-1,-1,-1
74,2,106.09,240.15,153.44,487.22,0.88,-1,-1,-1
74,6,248.81,283.33,59.37,187.13,0.74,-1,-1,-1
74,25,5.88,244.66,97.28,245.06,0.86,-1,-1,-1
75,20,560.55,212.67,287.81,717.74,0.77,-1,-1,-1
75,1,321.35,220.84,219.74,660.29,0.87,-1,-1,-1
75,5,-63.99,350.60,118.88,308.04,0.17,-1,-1,-1
75,2,94.55,241.18,159.21,497.83,0.86,-1,-1,-1
75,6,247.11,283.03,58.27,183.27,0.79,-1,-1,-1
75,25,0.16,242.69,97.79,248.66,0.88,-1,-1,-1
75,11,281.21,330.05,94.75,317.64,0.86,-1,-1,-1
76,20,577.47,209.63,270.51,695.40,0.82,-1,-1,-1
76,1,335.98,220.70,213.42,640.92,0.84,-1,-1,-1
76,5,-94.43,304.32,138.44,358.07,0.10,-1,-1,-1
76,2,81.21,239.83,167.98,495.67,0.87,-1,-1,-1
76,6,243.04,281.81,59.75,183.67,0.77,-1,-1,-1
76,25,-4.83,240.25,92.49,252.14,0.86,-1,-1,-1
76,11,273.99,328.55,99.71,325.14,0.88,-1,-1,-1
77,20,590.14,208.58,273.96,678.82,0.86,-1,-1,-1
77,1,347.96,222.06,210.27,628.11,0.87,-1,-1,-1
77,2,57.11,228.77,186.96,528.20,0.78,-1,-1,-1
77,6,238.39,281.43,61.55,184.30,0.85,-1,-1,-1
77,25,-10.53,239.70,89.81,254.76,0.87,-1,-1,-1
77,11,267.43,326.92,101.79,327.30,0.90,-1,-1,-1
78,20,602.13,202.19,273.55,691.65,0.86,-1,-1,-1
78,1,362.91,225.57,205.84,631.30,0.85,-1,-1,-1
78,2,38.03,222.80,199.48,551.53,0.83,-1,-1,-1
78,6,232.50,280.33,65.25,189.73,0.77,-1,-1,-1
78,25,-13.38,239.37,85.73,257.86,0.86,-1,-1,-1
78,11,257.16,325.18,104.34,329.20,0.87,-1,-1,-1
78,8,341.03,270.70,126.71,409.39,0.76,-1,-1,-1
79,20,608.46,202.07,275.22,708.11,0.83,-1,-1,-1
79,1,359.30,227.68,218.29,642.73,0.86,-1,-1,-1
79,2,22.31,218.41,209.66,571.19,0.80,-1,-1,-1
79,6,228.50,278.11,66.30,193.70,0.64,-1,-1,-1
79,25,-17.17,245.25,83.79,253.98,0.84,-1,-1,-1
79,11,251.19,324.32,104.03,330.96,0.87,-1,-1,-1
79,8,337.40,269.69,123.12,404.69,0.67,-1,-1,-1
80,20,612.79,206.79,281.51,694.35,0.85,-1,-1,-1
80,1,360.88,231.43,226.37,645.44,0.88,-1,-1,-1
80,2,8.17,217.39,218.76,580.14,0.86,-1,-1,-1
80,6,223.88,278.93,68.78,193.13,0.82,-1,-1,-1
80,25,-17.02,263.00,75.99,242.87,0.71,-1,-1,-1
80,11,240.36,325.86,108.30,335.07,0.92,-1,-1,-1
80,8,333.66,268.43,122.24,404.98,0.81,-1,-1,-1
80,19,161.10,261.52,81.47,228.40,0.75,-1,-1,-1
81,20,622.34,209.17,279.72,697.29,0.84,-1,-1,-1
81,1,381.13,234.88,214.16,621.18,0.89,-1,-1,-1
81,2,-4.41,221.34,226.10,581.55,0.84,-1,-1,-1
81,6,217.83,278.38,73.21,195.03,0.84,-1,-1,-1
81,25,-31.52,253.30,80.78,242.56,0.57,-1,-1,-1
81,11,230.89,327.34,111.33,344.73,0.91,-1,-1,-1
81,8,329.44,265.88,127.85,416.00,0.84,-1,-1,-1
81,19,158.17,264.78,78.35,225.14,0.87,-1,-1,-1
82,20,630.34,216.99,282.16,724.52,0.84,-1,-1,-1
82,1,385.79,235.17,217.44,619.47,0.87,-1,-1,-1
82,2,-29.26,221.96,241.92,565.14,0.87,-1,-1,-1
82,6,215.18,277.89,72.94,197.34,0.84,-1,-1,-1
82,11,220.97,330.54,114.77,349.71,0.93,-1,-1,-1
82,8,322.85,264.17,128.45,423.42,0.88,-1,-1,-1
82,19,152.90,264.91,77.91,226.39,0.88,-1,-1,-1
82,28,21.99,211.27,176.01,485.32,0.80,-1,-1,-1
83,20,636.82,215.14,283.00,749.87,0.79,-1,-1,-1
83,1,380.86,234.27,230.35,620.94,0.88,-1,-1,-1
83,2,-35.43,231.00,238.57,538.00,0.86,-1,-1,-1
83,6,212.54,277.05,72.44,200.54,0.82,-1,-1,-1
83,11,210.47,332.54,119.18,356.09,0.94,-1,-1,-1
83,8,315.55,263.13,128.56,428.40,0.90,-1,-1,-1
83,19,146.69,263.54,77.99,229.60,0.89,-1,-1,-1
84,20,647.49,224.87,277.44,723.83,0.85,-1,-1,-1
84,1,389.36,233.66,228.16,630.85,0.89,-1,-1,-1
84,2,-17.62,221.23,205.17,505.34,0.85,-1,-1,-1
84,6,208.33,277.53,72.74,209.89,0.85,-1,-1,-1
84,11,200.23,334.79,122.31,365.41,0.94,-1,-1,-1
84,8,310.27,263.65,130.38,433.13,0.91,-1,-1,-1
84,19,139.16,263.34,81.57,233.20,0.90,-1,-1,-1
84,29,-66.60,236.92,251.32,559.57,0.82,-1,-1,-1
85,20,658.55,232.38,270.15,718.72,0.86,-1,-1,-1
85,1,403.13,233.95,218.38,627.42,0.88,-1,-1,-1
85,2,-50.10,233.94,214.10,514.37,0.85,-1,-1,-1
85,6,204.36,277.48,73.09,213.22,0.86,-1,-1,-1
85,11,189.09,337.84,125.42,375.24,0.94,-1,-1,-1
85,8,303.42,264.35,134.82,438.90,0.92,-1,-1,-1
85,19,132.63,265.61,83.62,233.43,0.90,-1,-1,-1
85,29,-18.57,221.17,196.96,483.52,0.89,-1,-1,-1
86,20,666.43,241.73,267.05,703.28,0.83,-1,-1,-1
86,1,417.99,232.60,204.92,626.63,0.91,-1,-1,-1
86,2,-85.66,232.43,218.33,570.66,0.64,-1,-1,-1
86,6,199.50,278.15,75.81,218.33,0.85,-1,-1,-1
86,11,176.73,338.51,129.23,383.64,0.94,-1,-1,-1
86,8,296.59,265.42,140.05,449.18,0.92,-1,-1,-1
86,19,127.07,265.58,85.51,237.99,0.91,-1,-1,-1
86,29,-18.62,218.02,205.18,481.27,0.89,-1,-1,-1
87,20,673.84,235.58,264.24,695.03,0.89,-1,-1,-1
87,1,422.90,231.10,201.43,624.36,0.91,-1,-1,-1
87,2,-95.77,235.74,183.88,579.47,0.56,-1,-1,-1
87,6,195.52,280.43,77.78,219.37,0.86,-1,-1,-1
87,11,163.08,339.69,134.72,391.85,0.94,-1,-1,-1
87,8,285.71,265.47,153.40,465.64,0.92,-1,-1,-1
87,19,123.74,268.67,84.45,238.69,0.89,-1,-1,-1
87,29,-29.05,217.56,216.52,485.70,0.88,-1,-1,-1
88,20,678.35,230.41,265.94,699.35,0.88,-1,-1,-1
88,1,426.49,230.31,200.04,624.37,0.92,-1,-1,-1
88,2,-113.26,238.78,169.76,573.00,0.49,-1,-1,-1
88,6,191.90,282.12,77.32,220.18,0.85,-1,-1,-1
88,11,150.80,339.85,137.61,393.07,0.94,-1,-1,-1
88,8,274.02,265.69,166.96,473.66,0.91,-1,-1,-1
88,19,117.38,270.47,86.59,242.08,0.90,-1,-1,-1
88,29,-48.39,220.88,231.28,494.42,0.85,-1,-1,-1
89,20,682.06,228.87,258.82,696.30,0.87,-1,-1,-1
89,1,430.22,232.68,198.41,628.53,0.91,-1,-1,-1
89,2,-141.57,244.66,179.48,573.01,0.15,-1,-1,-1
89,6,187.84,283.47,79.37,219.94,0.84,-1,-1,-1
89,11,139.42,338.96,138.78,396.76,0.94,-1,-1,-1
89,8,264.33,265.60,189.08,481.92,0.89,-1,-1,-1
89,19,112.09,270.79,89.30,237.35,0.87,-1,-1,-1
89,29,-66.99,219.54,240.04,508.02,0.88,-1,-1,-1
90,20,685.74,228.97,262.08,681.97,0.92,-1,-1,-1
90,1,430.02,233.10,200.98,634.19,0.91,-1,-1,-1
90,6,184.79,283.55,77.94,217.85,0.84,-1,-1,-1
90,11,127.80,338.29,138.22,399.16,0.93,-1,-1,-1
90,8,254.86,268.34,204.11,491.46,0.90,-1,-1,-1
90,19,105.46,271.77,91.92,237.71,0.83,-1,-1,-1
90,29,-77.21,222.25,232.37,506.85,0.88,-1,-1,-1
91,20,688.24,224.45,263.10,671.18,0.92,-1,-1,-1
91,1,427.44,236.50,205.05,617.81,0.91,-1,-1,-1
91,6,181.92,283.59,74.69,210.50,0.83,-1,-1,-1
91,11,117.18,336.28,135.53,405.28,0.93,-1,-1,-1
91,8,241.29,269.39,217.52,506.74,0.91,-1,-1,-1
91,19,94.76,271.50,96.65,242.75,0.82,-1,-1,-1
91,29,-89.93,228.52,227.09,497.18,0.87,-1,-1,-1
91,30,57.29,260.32,66.01,192.60,0.72,-1,-1,-1
92,20,688.73,221.20,264.99,669.31,0.91,-1,-1,-1
92,1,423.79,237.90,210.74,615.48,0.92,-1,-1,-1
92,6,179.22,282.77,71.57,204.13,0.79,-1,-1,-1
92,11,103.84,335.39,136.79,407.95,0.92,-1,-1,-1
92,8,230.81,268.13,226.67,521.44,0.91,-1,-1,-1
92,19,93.34,270.73,93.66,248.73,0.85,-1,-1,-1
92,29,-101.82,232.28,220.37,492.36,0.85,-1,-1,-1
92,30,57.71,258.75,68.96,186.90,0.86,-1,-1,-1
93,20,685.93,214.90,270.21,679.35,0.92,-1,-1,-1
93,1,419.98,239.74,215.40,615.75,0.91,-1,-1,-1
93,6,173.87,280.94,71.99,208.74,0.81,-1,-1,-1
93,11,85.36,334.13,145.32,420.57,0.91,-1,-1,-1
93,8,217.80,265.73,232.92,537.49,0.92,-1,-1,-1
93,19,85.86,269.50,96.23,250.12,0.85,-1,-1,-1
93,29,-114.53,223.26,211.90,503.60,0.80,-1,-1,-1
93,30,55.27,257.91,69.08,184.74,0.83,-1,-1,-1
94,20,681.37,213.51,277.26,678.19,0.90,-1,-1,-1
94,1,415.95,241.34,219.55,613.27,0.92,-1,-1,-1
94,6,166.05,278.52,70.88,212.50,0.83,-1,-1,-1
94,11,63.15,334.11,157.09,429.79,0.91,-1,-1,-1
94,8,204.09,261.49,243.03,545.69,0.92,-1,-1,-1
94,19,84.11,268.17,92.29,240.25,0.85,-1,-1,-1
94,29,-134.58,214.38,207.54,517.17,0.73,-1,-1,-1
94,30,50.12,256.57,70.68,185.08,0.76,-1,-1,-1
95,20,674.75,213.05,285.23,686.88,0.90,-1,-1,-1
95,1,412.95,240.57,222.14,613.49,0.91,-1,-1,-1
95,6,159.88,277.46,67.21,221.48,0.79,-1,-1,-1
95,11,39.07,333.51,171.55,449.52,0.89,-1,-1,-1
95,8,189.99,255.32,245.36,563.56,0.92,-1,-1,-1
95,19,74.37,267.01,95.68,253.08,0.85,-1,-1,-1
95,29,-152.30,209.39,198.06,559.90,0.42,-1,-1,-1
95,30,46.56,256.51,67.54,186.58,0.74,-1,-1,-1
96,20,667.39,215.63,293.50,704.20,0.90,-1,-1,-1
96,1,411.40,240.58,221.89,606.47,0.92,-1,-1,-1
96,6,153.67,276.20,66.90,216.96,0.68,-1,-1,-1
96,11,9.84,334.72,191.42,466.49,0.88,-1,-1,-1
96,8,173.11,251.37,247.64,575.00,0.92,-1,-1,-1
96,19,67.08,265.42,96.45,248.60,0.85,-1,-1,-1
96,30,41.57,256.35,65.63,186.11,0.64,-1,-1,-1
97,20,661.53,215.02,298.39,702.96,0.88,-1,-1,-1
97,1,412.47,238.31,217.60,603.18,0.92,-1,-1,-1
97,6,148.30,271.71,67.26,220.04,0.21,-1,-1,-1
97,11,-12.16,336.93,204.70,467.73,0.86,-1,-1,-1
97,8,157.15,247.38,245.20,588.87,0.92,-1,-1,-1
97,19,59.10,265.09,98.53,242.62,0.86,-1,-1,-1
97,30,35.77,255.68,66.40,187.54,0.64,-1,-1,-1
98,20,656.85,225.02,301.97,695.46,0.89,-1,-1,-1
98,1,414.86,235.42,212.35,599.46,0.92,-1,-1,-1
98,11,-33.59,338.45,216.34,472.62,0.86,-1,-1,-1
98,8,140.32,242.31,240.56,609.30,0.91,-1,-1,-1
98,19,54.53,263.52,95.77,251.52,0.89,-1,-1,-1
98,30,30.55,254.57,66.76,195.55,0.75,-1,-1,-1
99,20,655.01,233.66,298.12,676.67,0.89,-1,-1,-1
99,1,419.81,233.49,205.66,598.65,0.92,-1,-1,-1
99,11,-36.74,339.88,203.34,478.92,0.83,-1,-1,-1
99,8,116.83,240.60,238.80,623.35,0.90,-1,-1,-1
99,19,47.13,262.60,98.71,263.26,0.89,-1,-1,-1
99,30,26.28,262.44,62.76,177.29,0.61,-1,-1,-1
100,20,656.93,240.34,291.38,651.53,0.90,-1,-1,-1
100,1,428.29,232.31,195.84,596.07,0.93,-1,-1,-1
100,11,-50.86,343.27,189.72,482.76,0.81,-1,-1,-1
100,8,97.86,238.07,229.36,640.08,0.90,-1,-1,-1
100,19,39.41,263.23,97.55,266.06,0.87,-1,-1,-1
100,30,20.08,261.38,64.54,187.37,0.68,-1,-1,-1
100,31,616.50,279.67,26.10,63.45,0.71,-1,-1,-1
101,20,659.38,244.58,282.89,649.06,0.90,-1,-1,-1
101,1,431.84,232.35,191.75,596.91,0.93,-1,-1,-1
101,11,-64.76,347.13,160.11,478.58,0.75,-1,-1,-1
101,8,77.19,238.50,225.24,666.42,0.86,-1,-1,-1
101,19,28.46,264.29,100.37,267.54,0.86,-1,-1,-1
101,30,13.93,260.20,66.55,201.27,0.64,-1,-1,-1
101,31,615.98,279.09,27.56,64.93,0.78,-1,-1,-1
101,32,364.27,274.50,18.90,54.90,0.71,-1,-1,-1
102,20,662.20,244.94,274.76,647.46,0.91,-1,-1,-1
102,1,433.32,234.26,190.44,595.55,0.93,-1,-1,-1
102,8,51.30,239.20,234.65,683.14,0.86,-1,-1,-1
102,19,18.81,265.64,102.63,261.05,0.82,-1,-1,-1
102,30,8.36,260.67,66.33,206.30,0.49,-1,-1,-1
102,31,616.26,278.96,29.88,64.87,0.82,-1,-1,-1
102,32,363.32,274.59,19.27,55.65,0.72,-1,-1,-1
103,20,665.65,243.77,266.33,640.44,0.91,-1,-1,-1
103,1,432.24,236.77,192.19,595.74,0.92,-1,-1,-1
103,8,24.56,243.28,247.33,676.27,0.86,-1,-1,-1
103,19,7.67,266.46,101.09,266.23,0.66,-1,-1,-1
103,31,616.40,279.56,32.03,64.48,0.81,-1,-1,-1
103,32,362.22,274.80,19.69,55.80,0.67,-1,-1,-1
103,6,135.17,277.66,59.73,155.94,0.63,-1,-1,-1
104,20,669.04,239.60,259.33,640.29,0.91,-1,-1,-1
104,1,430.76,240.54,194.29,597.42,0.92,-1,-1,-1
104,8,0.42,244.70,256.42,693.01,0.84,-1,-1,-1
104,31,617.77,281.57,32.09,62.32,0.82,-1,-1,-1
104,32,360.82,274.99,20.52,55.83,0.72,-1,-1,-1
104,6,130.11,279.86,64.74,159.62,0.77,-1,-1,-1
105,20,673.22,235.52,252.56,633.76,0.91,-1,-1,-1
105,1,428.44,244.25,196.45,592.70,0.92,-1,-1,-1
105,8,-24.29,236.58,267.50,748.32,0.82,-1,-1,-1
105,31,617.91,282.82,32.63,60.96,0.84,-1,-1,-1
105,32,360.06,274.97,20.77,55.49,0.74,-1,-1,-1
105,6,124.30,279.97,70.71,157.15,0.83,-1,-1,-1
106,20,678.66,232.87,247.50,625.29,0.91,-1,-1,-1
106,1,427.37,247.86,197.20,591.71,0.92,-1,-1,-1
106,8,-14.57,259.45,242.33,669.89,0.76,-1,-1,-1
106,31,617.65,283.81,33.40,59.25,0.86,-1,-1,-1
106,32,359.55,274.78,19.88,55.04,0.54,-1,-1,-1
106,6,119.59,280.78,74.28,164.26,0.85,-1,-1,-1
107,20,683.04,232.74,243.36,615.37,0.92,-1,-1,-1
107,1,425.46,250.17,198.12,581.95,0.90,-1,-1,-1
107,8,-36.74,261.59,246.49,647.34,0.79,-1,-1,-1
107,31,617.88,285.83,33.04,56.79,0.85,-1,-1,-1
107,32,359.00,274.84,19.21,54.57,0.50,-1,-1,-1
107,6,116.92,281.03,74.95,162.30,0.85,-1,-1,-1
107,33,59.17,280.35,91.12,247.50,0.76,-1,-1,-1
108,20,685.17,231.67,242.00,611.06,0.92,-1,-1,-1
108,1,422.09,249.99,201.49,572.71,0.91,-1,-1,-1
108,8,-60.33,262.73,247.89,634.15,0.57,-1,-1,-1
108,31,618.29,286.53,32.85,55.99,0.84,-1,-1,-1
108,32,358.44,274.61,18.98,54.41,0.55,-1,-1,-1
108,6,113.82,280.88,75.76,162.58,0.87,-1,-1,-1
108,33,51.90,280.42,97.96,249.37,0.83,-1,-1,-1
109,20,685.88,231.26,242.24,604.36,0.90,-1,-1,-1
109,1,420.35,248.18,202.91,568.13,0.92,-1,-1,-1
109,8,-171.92,205.76,341.62,959.61,0.64,-1,-1,-1
109,31,620.26,284.19,30.93,58.29,0.71,-1,-1,-1
109,32,357.95,274.33,18.90,54.37,0.60,-1,-1,-1
109,6,110.11,280.29,75.70,166.74,0.90,-1,-1,-1
109,33,47.27,278.69,107.76,240.78,0.82,-1,-1,-1
109,34,300.15,263.25,28.35,92.70,0.78,-1,-1,-1
109,35,316.57,260.77,28.35,90.00,0.71,-1,-1,-1
110,20,684.11,233.57,244.98,596.67,0.90,-1,-1,-1
110,1,421.01,245.47,203.27,563.25,0.92,-1,-1,-1
110,8,-220.45,171.78,382.28,1106.97,0.64,-1,-1,-1
110,31,621.49,282.50,28.95,59.72,0.79,-1,-1,-1
110,32,356.90,274.18,18.88,54.06,0.75,-1,-1,-1
110,6,106.58,279.63,78.07,169.51,0.91,-1,-1,-1
110,33,35.49,276.38,122.57,240.70,0.85,-1,-1,-1
110,34,304.21,262.98,28.02,88.41,0.79,-1,-1,-1
110,35,321.00,259.96,29.46,87.87,0.77,-1,-1,-1
110,36,425.02,269.55,24.75,67.50,0.71,-1,-1,-1
111,20,687.08,238.19,242.92,595.88,0.88,-1,-1,-1
111,1,425.79,243.26,197.58,556.75,0.92,-1,-1,-1
111,8,-260.68,126.41,420.07,1216.93,0.68,-1,-1,-1
111,31,623.23,283.91,26.95,57.89,0.73,-1,-1,-1
111,32,355.83,273.53,19.17,54.27,0.75,-1,-1,-1
111,6,102.57,278.40,77.29,171.53,0.90,-1,-1,-1
111,33,23.84,274.87,125.81,241.24,0.88,-1,-1,-1
111,34,308.65,263.19,27.95,89.00,0.70,-1,-1,-1
111,35,324.91,259.19,33.44,93.43,0.79,-1,-1,-1
111,36,424.68,269.17,24.41,67.17,0.63,-1,-1,-1
112,20,689.93,244.07,241.12,580.92,0.90,-1,-1,-1
112,1,432.24,240.62,190.52,552.24,0.93,-1,-1,-1
112,8,-252.95,116.51,419.29,1239.62,0.74,-1,-1,-1
112,31,626.02,284.41,23.74,57.22,0.53,-1,-1,-1
112,32,354.69,273.60,19.59,54.36,0.77,-1,-1,-1
112,6,97.97,277.37,78.73,173.52,0.89,-1,-1,-1
112,33,9.79,273.63,104.96,242.15,0.77,-1,-1,-1
112,34,312.86,262.65,28.63,89.17,0.78,-1,-1,-1
112,35,330.90,258.88,30.95,93.89,0.82,-1,-1,-1
112,36,423.53,269.19,25.05,67.12,0.58,-1,-1,-1
113,20,691.12,249.01,239.55,572.49,0.91,-1,-1,-1
113,1,440.17,237.70,181.02,540.88,0.93,-1,-1,-1
113,8,-245.15,88.66,421.41,1261.76,0.76,-1,-1,-1
113,31,627.85,283.85,21.97,57.30,0.33,-1,-1,-1
113,6,93.59,276.98,75.27,168.61,0.89,-1,-1,-1
113,34,318.74,261.62,28.83,90.89,0.74,-1,-1,-1
113,35,337.58,258.78,31.78,94.82,0.78,-1,-1,-1
113,36,422.15,268.82,26.28,67.78,0.55,-1,-1,-1
114,20,694.48,252.73,234.16,563.67,0.91,-1,-1,-1
114,1,441.97,235.22,177.08,543.30,0.94,-1,-1,-1
114,8,-250.23,73.67,438.03,1292.15,0.77,-1,-1,-1
114,31,629.68,284.52,20.78,57.04,0.24,-1,-1,-1
114,6,89.97,276.48,74.70,166.41,0.87,-1,-1,-1
114,34,324.66,261.74,29.52,92.39,0.77,-1,-1,-1
114,35,342.99,258.40,36.84,96.01,0.78,-1,-1,-1
114,36,421.29,268.51,26.66,68.65,0.43,-1,-1,-1
115,20,697.15,254.34,230.75,564.15,0.90,-1,-1,-1
115,1,435.77,235.08,181.26,543.39,0.94,-1,-1,-1
115,8,-248.91,75.00,445.95,1286.50,0.77,-1,-1,-1
115,31,630.22,285.98,20.43,56.06,0.46,-1,-1,-1
115,6,84.89,276.75,76.91,166.56,0.86,-1,-1,-1
115,34,329.31,262.11,30.69,93.21,0.81,-1,-1,-1
115,35,349.94,258.91,34.78,94.48,0.80,-1,-1,-1
115,36,420.21,269.07,26.75,67.96,0.61,-1,-1,-1
116,20,699.04,255.98,229.34,562.98,0.91,-1,-1,-1
116,1,427.24,237.08,187.66,541.41,0.94,-1,-1,-1
116,8,-242.99,77.22,449.13,1291.67,0.78,-1,-1,-1
116,31,629.48,283.54,21.62,58.76,0.41,-1,-1,-1
116,6,81.11,277.09,75.23,166.36,0.83,-1,-1,-1
116,34,334.23,262.33,31.71,94.72,0.79,-1,-1,-1
116,35,356.94,259.17,35.91,94.48,0.78,-1,-1,-1
116,36,418.98,269.34,26.44,68.02,0.58,-1,-1,-1
117,20,701.04,256.18,227.96,559.72,0.93,-1,-1,-1
117,1,417.99,240.36,194.79,534.01,0.94,-1,-1,-1
117,8,-246.33,60.19,466.32,1331.66,0.79,-1,-1,-1
117,31,629.09,283.06,22.03,59.74,0.32,-1,-1,-1
117,6,78.60,277.15,72.28,162.70,0.84,-1,-1,-1
117,34,339.41,262.66,30.27,93.70,0.80,-1,-1,-1
117,35,362.39,259.53,44.37,97.51,0.73,-1,-1,-1
117,36,418.04,269.85,25.99,68.03,0.67,-1,-1,-1
118,20,701.09,254.65,227.58,562.29,0.92,-1,-1,-1
118,1,408.77,245.53,201.81,534.95,0.94,-1,-1,-1
118,8,-235.23,57.91,463.59,1340.90,0.77,-1,-1,-1
118,31,628.61,283.16,22.82,59.82,0.46,-1,-1,-1
118,6,75.08,276.61,72.26,163.44,0.79,-1,-1,-1
118,34,343.61,262.96,30.90,93.86,0.82,-1,-1,-1
118,35,368.09,259.68,38.69,96.17,0.84,-1,-1,-1
118,36,417.31,269.89,25.81,68.02,0.76,-1,-1,-1
119,20,700.72,252.92,227.11,557.75,0.92,-1,-1,-1
119,1,402.41,250.35,206.44,536.52,0.93,-1,-1,-1
119,8,-226.28,58.13,468.55,1321.49,0.77,-1,-1,-1
119,31,628.41,283.27,23.71,59.24,0.79,-1,-1,-1
119,6,69.02,271.78,76.65,178.10,0.48,-1,-1,-1
119,34,346.72,263.28,34.70,94.18,0.80,-1,-1,-1
119,35,374.52,259.78,36.93,94.98,0.80,-1,-1,-1
119,36,417.14,269.50,25.42,68.00,0.69,-1,-1,-1
120,20,698.78,249.32,228.98,564.33,0.93,-1,-1,-1
120,1,396.36,254.23,209.66,537.35,0.94,-1,-1,-1
120,8,-203.99,82.18,454.51,1275.54,0.76,-1,-1,-1
120,31,628.68,282.70,24.07,59.94,0.81,-1,-1,-1
120,34,353.41,263.28,34.69,94.59,0.85,-1,-1,-1
120,35,376.19,259.85,40.23,95.73,0.85,-1,-1,-1
120,36,416.21,269.23,25.60,68.30,0.61,-1,-1,-1
121,20,696.78,246.56,230.30,569.70,0.93,-1,-1,-1
121,1,392.21,257.37,211.25,532.34,0.93,-1,-1,-1
121,8,-172.08,96.87,434.51,1241.49,0.77,-1,-1,-1
121,31,628.44,283.16,24.20,59.00,0.83,-1,-1,-1
121,34,359.13,263.20,34.92,95.02,0.83,-1,-1,-1
121,35,383.43,259.66,37.94,95.99,0.84,-1,-1,-1
121,36,415.14,269.36,25.96,67.80,0.51,-1,-1,-1
122,20,692.35,243.66,233.84,574.70,0.93,-1,-1,-1
122,1,390.44,258.15,210.35,535.26,0.93,-1,-1,-1
122,8,-154.37,102.99,429.18,1230.64,0.74,-1,-1,-1
122,31,628.01,283.29,24.26,58.93,0.81,-1,-1,-1
122,34,363.97,263.29,35.86,95.14,0.84,-1,-1,-1
122,35,391.60,260.00,37.21,94.54,0.79,-1,-1,-1
122,36,415.52,270.29,26.09,66.39,0.28,-1,-1,-1
123,20,683.82,242.11,239.63,571.43,0.92,-1,-1,-1
123,1,389.15,257.17,206.79,528.05,0.93,-1,-1,-1
123,8,-129.76,97.32,413.43,1223.16,0.77,-1,-1,-1
123,31,628.12,284.06,24.27,57.71,0.73,-1,-1,-1
123,34,368.45,263.15,36.78,94.27,0.82,-1,-1,-1
123,35,396.38,260.26,37.50,94.28,0.87,-1,-1,-1
123,36,415.70,270.00,25.23,66.47,0.14,-1,-1,-1
124,20,676.26,241.52,245.42,566.67,0.92,-1,-1,-1
124,1,389.15,254.63,202.45,524.83,0.93,-1,-1,-1
124,8,-105.87,95.63,401.11,1220.59,0.81,-1,-1,-1
124,31,628.53,284.50,23.69,56.35,0.74,-1,-1,-1
124,34,372.57,261.61,38.29,96.61,0.86,-1,-1,-1
124,35,404.89,258.71,35.22,95.97,0.85,-1,-1,-1
125,20,670.10,242.54,248.28,565.64,0.93,-1,-1,-1
125,1,388.40,248.72,199.79,526.37,0.93,-1,-1,-1
125,8,-95.25,105.53,401.26,1204.12,0.83,-1,-1,-1
125,31,628.61,282.87,23.48,57.38,0.53,-1,-1,-1
125,34,376.51,260.47,40.88,98.38,0.90,-1,-1,-1
125,35,409.85,258.01,37.06,95.72,0.87,-1,-1,-1
126,20,663.94,242.96,251.08,564.68,0.92,-1,-1,-1
126,1,387.18,243.08,196.22,537.62,0.94,-1,-1,-1
126,8,-77.19,99.86,391.98,1208.00,0.83,-1,-1,-1
126,31,628.91,280.95,23.40,58.95,0.59,-1,-1,-1
126,34,379.94,259.91,42.16,99.03,0.88,-1,-1,-1
126,35,416.43,257.47,35.64,92.31,0.83,-1,-1,-1
127,20,657.88,245.42,252.09,563.09,0.91,-1,-1,-1
127,1,385.35,237.59,194.25,532.28,0.94,-1,-1,-1
127,8,-74.91,91.49,400.33,1217.29,0.82,-1,-1,-1
127,31,628.46,278.94,23.97,61.03,0.68,-1,-1,-1
127,34,384.76,259.29,42.91,99.55,0.86,-1,-1,-1
127,35,421.86,257.31,36.86,93.13,0.84,-1,-1,-1
128,20,651.50,248.65,251.87,561.62,0.89,-1,-1,-1
128,1,382.28,233.17,194.16,529.77,0.93,-1,-1,-1
128,8,-79.29,88.10,414.76,1235.89,0.83,-1,-1,-1
128,31,627.96,277.08,24.78,62.42,0.76,-1,-1,-1
128,34,390.04,259.12,42.60,99.74,0.87,-1,-1,-1
128,35,430.44,257.01,34.35,88.37,0.81,-1,-1,-1
129,20,647.47,249.40,248.72,559.68,0.89,-1,-1,-1
129,1,381.19,232.00,192.45,525.93,0.94,-1,-1,-1
129,8,-73.57,93.72,414.24,1214.87,0.83,-1,-1,-1
129,31,627.84,276.06,24.49,63.23,0.78,-1,-1,-1
129,34,394.10,258.75,42.13,100.66,0.87,-1,-1,-1
129,35,436.73,255.97,33.17,91.43,0.79,-1,-1,-1
129,32,327.85,268.89,27.82,59.82,0.66,-1,-1,-1
130,20,644.13,250.87,243.44,560.01,0.90,-1,-1,-1
130,1,379.85,234.79,190.59,525.38,0.94,-1,-1,-1
130,8,-72.10,94.34,418.85,1208.05,0.82,-1,-1,-1
130,31,627.63,276.47,24.99,63.26,0.80,-1,-1,-1
130,34,398.89,259.26,42.23,99.84,0.86,-1,-1,-1
130,35,443.26,257.86,28.64,83.63,0.72,-1,-1,-1
130,32,326.31,270.01,27.79,59.05,0.67,-1,-1,-1
131,20,641.77,251.56,237.09,558.16,0.92,-1,-1,-1
131,1,382.63,239.00,184.84,526.78,0.94,-1,-1,-1
131,8,-73.60,87.12,430.79,1220.88,0.82,-1,-1,-1
131,31,628.11,275.61,25.15,64.42,0.62,-1,-1,-1
131,34,402.95,259.13,42.22,101.87,0.85,-1,-1,-1
131,35,449.80,257.19,31.28,89.26,0.73,-1,-1,-1
131,32,324.83,270.97,28.60,58.48,0.65,-1,-1,-1
132,20,639.67,251.92,231.16,548.19,0.93,-1,-1,-1
132,1,384.62,244.78,179.90,522.68,0.94,-1,-1,-1
132,8,-81.13,80.27,445.42,1254.88,0.83,-1,-1,-1
132,31,628.71,277.35,25.22,62.81,0.64,-1,-1,-1
132,34,408.39,259.97,38.96,101.16,0.86,-1,-1,-1
132,35,455.26,256.52,32.54,93.26,0.68,-1,-1,-1
132,32,323.34,272.22,28.33,57.37,0.59,-1,-1,-1
132,36,398.10,269.11,25.22,68.38,0.71,-1,-1,-1
133,20,636.71,251.23,227.81,541.25,0.93,-1,-1,-1
133,1,386.07,251.18,176.80,522.90,0.93,-1,-1,-1
133,8,-84.63,87.19,455.66,1252.55,0.83,-1,-1,-1
133,31,628.17,275.76,27.03,65.71,0.63,-1,-1,-1
133,34,413.17,260.75,37.03,103.18,0.84,-1,-1,-1
133,35,459.80,257.60,34.08,96.83,0.14,-1,-1,-1
133,32,322.05,273.01,27.91,57.22,0.50,-1,-1,-1
133,36,396.81,269.66,25.85,68.16,0.77,-1,-1,-1
134,20,634.48,249.50,225.48,536.22,0.93,-1,-1,-1
134,1,385.24,256.42,176.40,519.75,0.93,-1,-1,-1
134,8,-79.40,107.84,454.39,1219.00,0.83,-1,-1,-1
134,31,627.62,276.28,27.70,65.65,0.57,-1,-1,-1
134,34,418.52,261.67,36.03,98.38,0.81,-1,-1,-1
134,32,320.21,272.13,28.04,58.70,0.46,-1,-1,-1
134,36,394.69,269.62,26.36,69.02,0.82,-1,-1,-1
134,6,-18.24,275.68,73.47,205.79,0.65,-1,-1,-1
135,20,633.59,246.99,223.47,534.38,0.93,-1,-1,-1
135,1,383.30,261.17,178.74,515.68,0.93,-1,-1,-1
135,8,-88.43,108.30,470.78,1225.74,0.83,-1,-1,-1
135,31,627.53,275.86,28.54,66.47,0.69,-1,-1,-1
135,34,423.93,261.84,34.15,95.54,0.81,-1,-1,-1
135,32,319.28,272.37,28.08,58.94,0.64,-1,-1,-1
135,36,393.36,269.13,27.43,69.62,0.83,-1,-1,-1
135,6,-22.62,276.97,72.89,202.76,0.70,-1,-1,-1
136,20,633.01,245.51,222.09,536.44,0.94,-1,-1,-1
136,1,382.35,263.54,179.59,509.62,0.93,-1,-1,-1
136,8,-86.72,111.42,473.66,1240.67,0.82,-1,-1,-1
136,31,626.83,276.20,30.01,65.85,0.63,-1,-1,-1
136,34,430.78,262.25,31.90,92.33,0.77,-1,-1,-1
136,32,318.77,273.40,27.48,58.11,0.59,-1,-1,-1
136,36,392.79,268.84,27.24,69.81,0.86,-1,-1,-1
136,6,-29.02,277.19,75.61,204.38,0.72,-1,-1,-1
137,20,633.23,245.80,218.70,528.95,0.93,-1,-1,-1
137,1,380.55,263.69,180.62,508.69,0.93,-1,-1,-1
137,8,-88.41,122.33,479.19,1222.19,0.83,-1,-1,-1
137,31,626.61,279.40,30.00,62.62,0.70,-1,-1,-1
137,34,435.65,261.89,31.28,90.86,0.82,-1,-1,-1
137,32,316.86,272.84,28.43,58.69,0.72,-1,-1,-1
137,36,391.18,268.83,28.05,69.87,0.87,-1,-1,-1
137,6,-30.37,278.14,71.37,190.31,0.74,-1,-1,-1
138,20,632.56,245.59,216.91,529.12,0.94,-1,-1,-1
138,1,376.27,261.41,183.59,503.34,0.95,-1,-1,-1
138,8,-89.02,123.82,481.69,1234.03,0.84,-1,-1,-1
138,31,626.28,280.75,29.97,61.34,0.34,-1,-1,-1
138,34,442.35,262.19,28.76,85.76,0.74,-1,-1,-1
138,32,315.87,273.36,28.20,57.99,0.58,-1,-1,-1
138,36,389.84,268.67,28.35,69.86,0.86,-1,-1,-1
138,6,-33.44,279.26,69.08,182.24,0.57,-1,-1,-1
139,20,631.20,245.74,216.87,530.59,0.94,-1,-1,-1
139,1,370.68,257.36,187.50,508.73,0.94,-1,-1,-1
139,8,-84.97,122.92,479.73,1234.96,0.82,-1,-1,-1
139,31,626.46,284.64,29.93,56.36,0.30,-1,-1,-1
139,34,447.11,262.04,30.26,82.08,0.40,-1,-1,-1
139,32,314.34,273.89,28.38,57.13,0.51,-1,-1,-1
139,36,388.63,268.35,29.04,69.86,0.84,-1,-1,-1
140,20,629.34,246.82,216.95,533.46,0.94,-1,-1,-1
140,1,365.30,250.12,188.56,510.48,0.93,-1,-1,-1
140,8,-80.84,124.59,478.68,1235.42,0.84,-1,-1,-1
140,32,313.17,272.40,28.74,58.01,0.62,-1,-1,-1
140,36,387.43,268.50,29.59,69.55,0.80,-1,-1,-1
141,20,627.53,249.49,217.00,536.48,0.94,-1,-1,-1
141,1,362.18,246.05,187.43,507.99,0.93,-1,-1,-1
141,8,-86.44,112.63,485.55,1255.01,0.82,-1,-1,-1
141,32,312.98,271.71,27.98,58.03,0.67,-1,-1,-1
141,36,386.63,268.28,29.19,69.71,0.81,-1,-1,-1
142,20,626.52,252.56,215.42,535.28,0.93,-1,-1,-1
142,1,359.25,242.15,188.18,510.69,0.93,-1,-1,-1
142,8,-78.64,112.46,479.85,1253.64,0.85,-1,-1,-1
142,32,312.76,272.67,27.09,57.15,0.67,-1,-1,-1
142,36,385.89,268.22,28.45,69.78,0.84,-1,-1,-1
142,35,518.92,255.92,35.98,88.23,0.81,-1,-1,-1
143,20,625.60,254.16,212.51,533.24,0.94,-1,-1,-1
143,1,357.75,239.84,189.23,512.06,0.93,-1,-1,-1
143,8,-72.52,111.51,476.23,1243.75,0.85,-1,-1,-1
143,32,312.40,272.15,26.45,57.42,0.63,-1,-1,-1
143,36,384.89,268.21,28.46,69.51,0.84,-1,-1,-1
143,35,523.22,254.81,41.65,94.92,0.77,-1,-1,-1
144,20,624.73,254.79,209.51,531.26,0.94,-1,-1,-1
144,1,360.31,240.38,186.21,514.17,0.93,-1,-1,-1
144,8,-68.13,112.88,474.98,1234.91,0.84,-1,-1,-1
144,32,311.32,271.51,26.50,58.12,0.64,-1,-1,-1
144,36,383.72,268.22,28.74,69.40,0.86,-1,-1,-1
144,35,531.50,254.38,37.26,99.41,0.86,-1,-1,-1
145,20,623.92,254.86,206.60,528.90,0.94,-1,-1,-1
145,1,364.15,242.85,182.60,513.33,0.93,-1,-1,-1
145,8,-65.18,115.73,473.00,1209.32,0.84,-1,-1,-1
145,32,309.82,271.39,27.41,58.08,0.54,-1,-1,-1
145,36,383.09,268.06,28.53,69.34,0.86,-1,-1,-1
145,35,535.02,254.35,38.31,101.13,0.84,-1,-1,-1
146,20,622.77,254.78,203.82,526.31,0.94,-1,-1,-1
146,1,365.26,246.27,180.99,505.45,0.92,-1,-1,-1
146,8,-46.78,117.42,456.45,1191.02,0.84,-1,-1,-1
146,32,307.26,271.27,28.94,58.68,0.49,-1,-1,-1
146,36,382.06,268.22,29.05,69.35,0.86,-1,-1,-1
146,35,540.04,254.72,42.22,101.52,0.80,-1,-1,-1
147,20,622.67,255.53,201.60,521.27,0.94,-1,-1,-1
147,1,368.29,250.62,177.49,502.41,0.92,-1,-1,-1
147,8,-38.82,113.83,455.78,1194.99,0.85,-1,-1,-1
147,32,305.91,270.22,29.51,59.79,0.59,-1,-1,-1
147,36,381.13,268.32,29.53,69.34,0.85,-1,-1,-1
147,35,546.43,254.93,40.81,101.91,0.84,-1,-1,-1
148,20,620.40,254.29,200.29,525.89,0.94,-1,-1,-1
148,1,366.94,255.40,178.22,498.31,0.92,-1,-1,-1
148,8,-52.68,121.41,473.87,1195.12,0.84,-1,-1,-1
148,32,305.02,270.73,29.15,59.63,0.69,-1,-1,-1
148,36,379.69,268.37,29.41,69.65,0.85,-1,-1,-1
148,35,555.24,255.03,40.19,101.76,0.80,-1,-1,-1
148,34,505.14,259.93,24.52,77.98,0.76,-1,-1,-1
149,20,618.07,253.47,199.89,516.02,0.94,-1,-1,-1
149,1,362.53,258.63,180.62,496.84,0.91,-1,-1,-1
149,8,-49.97,121.23,475.55,1201.85,0.85,-1,-1,-1
149,32,304.41,271.78,28.10,58.96,0.59,-1,-1,-1
149,36,378.56,268.20,29.07,70.06,0.84,-1,-1,-1
149,35,563.65,255.03,37.56,102.26,0.81,-1,-1,-1
149,34,507.37,259.53,29.72,86.18,0.82,-1,-1,-1
