0,1,597.15,301.27,95.40,217.57,0.94,-1,-1,-1
0,2,479.70,303.75,75.60,220.95,0.94,-1,-1,-1
0,3,254.47,295.88,51.75,150.75,0.93,-1,-1,-1
0,4,689.85,301.72,39.60,113.85,0.90,-1,-1,-1
0,5,280.12,309.60,55.80,131.40,0.90,-1,-1,-1
0,6,-32.85,269.32,154.57,463.27,0.89,-1,-1,-1
0,7,42.19,271.57,214.76,655.42,0.88,-1,-1,-1
0,8,571.95,317.02,37.80,100.35,0.87,-1,-1,-1
0,9,357.97,310.72,35.55,103.50,0.87,-1,-1,-1
0,10,731.25,305.77,44.10,117.45,0.87,-1,-1,-1
0,11,1091.70,328.50,66.60,121.95,0.74,-1,-1,-1
1,1,596.70,300.58,96.20,218.87,0.94,-1,-1,-1
1,2,480.36,303.63,74.83,221.66,0.94,-1,-1,-1
1,3,252.68,295.91,51.76,151.22,0.94,-1,-1,-1
1,4,689.06,302.22,40.39,113.91,0.89,-1,-1,-1
1,5,276.97,310.04,57.76,131.47,0.90,-1,-1,-1
1,6,-49.73,266.01,160.94,481.68,0.86,-1,-1,-1
1,7,24.75,266.71,218.20,679.41,0.87,-1,-1,-1
1,8,571.88,317.31,37.81,100.41,0.88,-1,-1,-1
1,9,356.62,310.20,36.34,104.73,0.88,-1,-1,-1
1,10,731.26,305.49,44.11,119.47,0.89,-1,-1,-1
1,11,1092.67,328.87,66.62,122.80,0.76,-1,-1,-1
1,12,789.30,327.60,78.30,117.90,0.72,-1,-1,-1
2,1,597.38,301.10,95.66,217.94,0.94,-1,-1,-1
2,2,480.85,304.59,74.71,224.48,0.94,-1,-1,-1
2,3,251.10,296.90,52.12,152.40,0.94,-1,-1,-1
2,4,689.00,300.13,39.83,117.12,0.91,-1,-1,-1
2,5,275.51,309.52,57.77,133.29,0.89,-1,-1,-1
2,6,-62.92,265.69,165.78,500.77,0.82,-1,-1,-1
2,7,5.18,265.11,224.64,695.73,0.88,-1,-1,-1
2,8,571.56,318.36,38.52,99.74,0.87,-1,-1,-1
2,9,355.49,310.92,36.48,105.32,0.88,-1,-1,-1
2,10,730.65,306.44,45.52,121.60,0.90,-1,-1,-1
2,11,1095.15,329.42,68.04,130.52,0.74,-1,-1,-1
2,12,790.88,328.77,78.35,118.02,0.70,-1,-1,-1
3,1,597.94,301.62,96.17,213.82,0.94,-1,-1,-1
3,2,481.68,304.56,74.69,227.07,0.94,-1,-1,-1
3,3,248.39,297.91,53.61,152.76,0.94,-1,-1,-1
3,4,689.34,301.34,39.64,116.44,0.91,-1,-1,-1
3,5,273.39,310.55,56.36,134.20,0.88,-1,-1,-1
3,6,-75.54,268.34,164.84,479.30,0.73,-1,-1,-1
3,7,-14.11,260.11,232.32,721.44,0.85,-1,-1,-1
3,8,571.45,318.50,38.06,100.57,0.86,-1,-1,-1
3,9,354.64,311.50,35.83,105.49,0.87,-1,-1,-1
3,10,732.15,307.43,43.94,120.89,0.88,-1,-1,-1
3,11,1095.91,330.78,71.22,137.48,0.71,-1,-1,-1
3,12,790.91,329.64,78.38,119.83,0.72,-1,-1,-1
4,1,598.42,302.17,96.98,213.58,0.94,-1,-1,-1
4,2,482.63,304.10,75.35,228.38,0.94,-1,-1,-1
4,3,247.71,298.46,51.78,153.11,0.93,-1,-1,-1
4,4,689.39,301.83,39.58,116.72,0.91,-1,-1,-1
4,5,271.75,310.82,54.20,133.71,0.86,-1,-1,-1
4,7,-28.12,264.63,233.12,721.69,0.86,-1,-1,-1
4,8,570.76,319.24,38.55,101.12,0.86,-1,-1,-1
4,9,353.68,312.09,36.27,105.46,0.87,-1,-1,-1
4,10,733.26,307.75,42.68,118.52,0.88,-1,-1,-1
4,11,1097.16,331.35,72.22,134.84,0.77,-1,-1,-1
4,12,790.75,329.67,79.75,120.67,0.80,-1,-1,-1
5,1,599.25,302.84,96.58,215.37,0.94,-1,-1,-1
5,2,483.28,304.26,76.20,227.45,0.94,-1,-1,-1
5,3,245.51,298.93,52.72,153.52,0.92,-1,-1,-1
5,4,689.45,303.00,39.56,116.14,0.92,-1,-1,-1
5,5,268.53,310.89,52.51,134.48,0.84,-1,-1,-1
5,7,-53.63,262.23,253.41,761.94,0.84,-1,-1,-1
5,8,570.25,319.97,38.70,101.31,0.87,-1,-1,-1
5,9,352.79,312.42,36.41,105.44,0.87,-1,-1,-1
5,10,733.64,308.35,42.27,117.70,0.87,-1,-1,-1
5,11,1099.48,332.37,69.94,130.99,0.77,-1,-1,-1
5,12,789.72,330.00,81.50,122.90,0.82,-1,-1,-1
5,13,1161.90,331.42,61.20,129.15,0.70,-1,-1,-1
6,1,601.41,303.16,95.82,217.79,0.93,-1,-1,-1
6,2,483.78,304.27,77.14,227.06,0.94,-1,-1,-1
6,3,243.35,299.98,53.37,153.96,0.91,-1,-1,-1
6,4,689.14,303.49,40.20,116.23,0.91,-1,-1,-1
6,5,265.23,311.18,52.00,134.73,0.86,-1,-1,-1
6,7,-74.33,262.57,274.99,789.24,0.82,-1,-1,-1
6,8,570.08,320.30,37.50,102.32,0.87,-1,-1,-1
6,9,351.85,312.96,35.52,105.11,0.87,-1,-1,-1
6,10,733.74,308.95,42.81,117.12,0.88,-1,-1,-1
6,11,1101.53,333.08,70.31,132.34,0.78,-1,-1,-1
6,12,789.38,329.38,82.72,124.89,0.87,-1,-1,-1
6,13,1165.30,332.84,59.80,131.27,0.72,-1,-1,-1
7,1,603.46,303.52,94.89,218.93,0.93,-1,-1,-1
7,2,484.32,304.69,78.68,224.80,0.95,-1,-1,-1
7,3,241.85,300.58,52.96,154.70,0.91,-1,-1,-1
7,4,689.38,303.62,40.42,116.54,0.91,-1,-1,-1
7,5,263.05,311.21,48.05,134.78,0.83,-1,-1,-1
7,7,-100.56,264.22,303.31,807.32,0.80,-1,-1,-1
7,8,569.46,320.51,37.67,102.95,0.88,-1,-1,-1
7,9,351.36,313.70,34.87,104.65,0.87,-1,-1,-1
7,10,733.47,309.57,43.00,117.53,0.87,-1,-1,-1
7,11,1103.40,333.74,66.68,129.20,0.78,-1,-1,-1
7,12,789.61,330.05,83.08,124.24,0.80,-1,-1,-1
7,13,1166.72,333.34,60.92,133.93,0.72,-1,-1,-1
8,1,603.81,303.34,94.54,220.32,0.94,-1,-1,-1
8,2,484.51,304.71,80.44,223.85,0.95,-1,-1,-1
8,3,238.41,300.68,55.25,155.18,0.92,-1,-1,-1
8,4,689.40,303.96,40.49,116.28,0.91,-1,-1,-1
8,5,260.74,310.95,45.09,135.02,0.84,-1,-1,-1
8,7,-111.82,266.25,311.16,816.96,0.78,-1,-1,-1
8,8,569.24,320.42,37.73,103.43,0.88,-1,-1,-1
8,9,350.35,313.83,35.58,104.74,0.87,-1,-1,-1
8,10,733.57,309.45,43.08,118.27,0.84,-1,-1,-1
8,11,1105.02,334.20,66.55,125.26,0.76,-1,-1,-1
8,12,789.91,329.97,83.76,124.19,0.87,-1,-1,-1
8,13,1168.15,333.01,64.06,133.17,0.70,-1,-1,-1
9,1,604.20,303.07,93.82,220.65,0.94,-1,-1,-1
9,2,484.85,305.30,81.69,222.57,0.95,-1,-1,-1
9,3,236.62,300.37,55.79,155.93,0.93,-1,-1,-1
9,4,689.40,303.87,40.53,116.48,0.91,-1,-1,-1
9,5,252.34,307.20,44.51,143.00,0.83,-1,-1,-1
9,7,-130.64,267.25,320.89,801.11,0.74,-1,-1,-1
9,8,568.87,320.48,37.77,103.58,0.87,-1,-1,-1
9,9,349.72,314.14,35.85,104.47,0.88,-1,-1,-1
9,10,733.59,309.18,43.73,121.29,0.89,-1,-1,-1
9,11,1106.74,334.10,70.22,127.06,0.75,-1,-1,-1
9,12,790.64,330.79,83.37,122.88,0.82,-1,-1,-1
9,13,1171.14,332.27,63.72,136.70,0.69,-1,-1,-1
10,1,604.85,302.81,93.57,221.82,0.94,-1,-1,-1
10,2,484.91,305.22,83.32,222.40,0.95,-1,-1,-1
10,3,235.08,300.54,55.07,155.59,0.92,-1,-1,-1
10,4,689.04,303.99,41.14,116.54,0.91,-1,-1,-1
10,5,252.89,308.17,41.22,139.98,0.82,-1,-1,-1
10,7,-148.04,262.53,324.28,819.67,0.75,-1,-1,-1
10,8,568.69,320.35,37.78,103.62,0.88,-1,-1,-1
10,9,349.16,313.49,35.64,105.28,0.88,-1,-1,-1
10,10,733.53,308.93,44.58,122.70,0.89,-1,-1,-1
10,11,1108.45,333.90,72.73,130.58,0.77,-1,-1,-1
10,12,792.38,331.41,81.97,122.67,0.72,-1,-1,-1
10,13,1172.04,331.38,63.49,139.43,0.72,-1,-1,-1
11,1,606.04,301.98,92.84,223.00,0.94,-1,-1,-1
11,2,485.27,305.02,83.86,223.12,0.95,-1,-1,-1
11,3,232.24,300.24,55.34,155.75,0.91,-1,-1,-1
11,4,689.57,303.30,40.74,116.87,0.91,-1,-1,-1
11,5,252.89,308.09,39.82,139.31,0.83,-1,-1,-1
11,7,-165.22,261.09,327.41,834.66,0.75,-1,-1,-1
11,8,568.70,320.30,37.77,103.32,0.88,-1,-1,-1
11,9,348.75,312.75,35.55,105.59,0.88,-1,-1,-1
11,10,734.16,308.41,44.27,124.13,0.89,-1,-1,-1
11,11,1109.69,333.32,74.83,139.98,0.76,-1,-1,-1
11,12,792.17,330.01,83.22,123.80,0.82,-1,-1,-1
11,13,1174.20,331.34,64.60,144.24,0.69,-1,-1,-1
12,1,605.24,301.78,93.84,224.49,0.94,-1,-1,-1
12,2,485.68,304.78,84.66,223.26,0.95,-1,-1,-1
12,3,230.76,299.97,55.16,156.41,0.92,-1,-1,-1
12,4,689.80,303.14,40.61,116.99,0.91,-1,-1,-1
12,5,251.68,307.94,38.81,134.53,0.82,-1,-1,-1
12,7,-180.72,273.01,325.51,815.74,0.69,-1,-1,-1
12,8,568.42,319.94,38.39,103.50,0.87,-1,-1,-1
12,9,348.00,312.32,35.84,106.31,0.88,-1,-1,-1
12,10,734.43,308.00,44.17,122.57,0.89,-1,-1,-1
12,11,1111.38,332.69,73.28,139.41,0.70,-1,-1,-1
12,12,792.43,329.57,83.70,123.91,0.86,-1,-1,-1
12,13,1176.84,330.29,67.47,145.92,0.64,-1,-1,-1
13,1,603.98,301.09,95.42,224.70,0.94,-1,-1,-1
13,2,486.10,303.92,85.53,223.44,0.94,-1,-1,-1
13,3,229.02,299.11,55.60,157.23,0.92,-1,-1,-1
13,4,690.14,302.76,40.55,117.32,0.91,-1,-1,-1
13,5,250.11,307.75,38.54,130.85,0.81,-1,-1,-1
13,7,-203.13,274.43,326.80,850.35,0.37,-1,-1,-1
13,8,568.31,319.49,38.02,103.85,0.86,-1,-1,-1
13,9,347.30,311.55,35.94,106.86,0.88,-1,-1,-1
13,10,734.17,307.68,44.74,123.13,0.89,-1,-1,-1
13,11,1113.07,332.10,73.82,136.97,0.74,-1,-1,-1
13,12,792.77,329.09,83.85,126.02,0.88,-1,-1,-1
13,13,1179.45,329.41,64.88,144.15,0.69,-1,-1,-1
14,1,603.52,300.62,96.63,225.73,0.94,-1,-1,-1
14,2,486.82,303.38,85.24,226.60,0.94,-1,-1,-1
14,3,227.21,298.83,55.54,157.88,0.92,-1,-1,-1
14,4,690.03,301.96,41.13,118.38,0.91,-1,-1,-1
14,5,248.62,307.90,39.14,131.98,0.79,-1,-1,-1
14,7,-225.91,253.84,334.89,911.28,0.45,-1,-1,-1
14,8,568.29,319.26,37.88,104.01,0.86,-1,-1,-1
14,9,346.25,311.18,36.89,107.40,0.88,-1,-1,-1
14,10,734.44,307.21,44.95,123.68,0.90,-1,-1,-1
14,11,1114.45,332.02,75.21,146.21,0.60,-1,-1,-1
14,12,793.29,328.87,83.90,127.44,0.89,-1,-1,-1
14,13,1182.39,328.17,72.39,154.50,0.55,-1,-1,-1
15,1,603.04,300.73,97.69,225.73,0.94,-1,-1,-1
15,2,487.12,303.18,85.70,227.41,0.94,-1,-1,-1
15,3,225.59,298.46,55.44,158.95,0.93,-1,-1,-1
15,4,690.28,300.59,41.36,119.63,0.91,-1,-1,-1
15,5,246.87,307.85,39.10,136.29,0.82,-1,-1,-1
15,8,568.02,318.85,37.83,104.03,0.86,-1,-1,-1
15,9,345.51,311.21,37.54,107.27,0.88,-1,-1,-1
15,10,734.82,306.84,44.44,121.44,0.89,-1,-1,-1
15,11,1117.77,331.87,74.54,140.83,0.68,-1,-1,-1
15,12,794.04,328.74,84.51,126.12,0.88,-1,-1,-1
15,13,1185.65,328.78,68.11,150.87,0.64,-1,-1,-1
16,1,602.52,301.16,98.68,226.05,0.94,-1,-1,-1
16,2,487.46,303.48,85.85,228.95,0.94,-1,-1,-1
16,3,225.10,298.08,54.94,159.67,0.92,-1,-1,-1
16,4,690.65,300.17,41.44,120.41,0.91,-1,-1,-1
16,5,244.54,308.34,39.13,133.17,0.69,-1,-1,-1
16,8,568.18,318.79,37.82,104.35,0.86,-1,-1,-1
16,9,345.18,311.59,37.49,106.93,0.88,-1,-1,-1
16,10,734.94,306.65,44.84,121.51,0.89,-1,-1,-1
16,11,1119.03,331.65,74.25,140.36,0.63,-1,-1,-1
16,12,794.91,329.10,84.13,124.71,0.86,-1,-1,-1
16,13,1186.86,328.74,68.61,150.31,0.61,-1,-1,-1
17,1,602.60,302.32,98.43,225.85,0.93,-1,-1,-1
17,2,488.75,304.88,84.67,228.31,0.94,-1,-1,-1
17,3,223.27,299.05,55.86,159.02,0.92,-1,-1,-1
17,4,691.07,301.01,40.86,120.10,0.91,-1,-1,-1
17,5,242.09,306.95,40.08,134.65,0.75,-1,-1,-1
17,8,568.24,319.15,35.41,104.47,0.84,-1,-1,-1
17,9,344.34,311.82,37.16,107.39,0.88,-1,-1,-1
17,10,735.26,306.83,44.98,122.72,0.88,-1,-1,-1
17,11,1121.79,331.83,75.30,143.87,0.56,-1,-1,-1
17,12,795.81,329.03,83.96,125.36,0.87,-1,-1,-1
17,13,1189.60,328.25,73.54,154.50,0.49,-1,-1,-1
18,1,602.35,303.40,98.35,223.98,0.93,-1,-1,-1
18,2,489.23,306.36,84.22,227.78,0.94,-1,-1,-1
18,3,222.24,299.48,55.10,158.78,0.92,-1,-1,-1
18,4,690.96,301.97,41.25,119.97,0.91,-1,-1,-1
18,5,240.94,307.85,39.27,134.63,0.77,-1,-1,-1
18,8,567.99,319.64,35.73,104.51,0.84,-1,-1,-1
18,9,343.74,312.26,37.34,107.57,0.88,-1,-1,-1
18,10,735.72,307.39,45.04,124.38,0.88,-1,-1,-1
18,11,1124.07,332.22,76.88,141.63,0.68,-1,-1,-1
18,12,796.49,329.65,83.90,126.51,0.87,-1,-1,-1
18,13,1191.87,328.39,71.90,151.62,0.62,-1,-1,-1
19,1,602.23,304.41,98.30,218.76,0.94,-1,-1,-1
19,2,489.96,307.52,83.43,228.16,0.94,-1,-1,-1
19,3,221.01,299.80,54.50,159.86,0.90,-1,-1,-1
19,4,691.78,302.21,40.79,120.51,0.91,-1,-1,-1
19,5,238.92,308.21,41.11,136.10,0.75,-1,-1,-1
19,8,567.88,319.83,37.05,104.81,0.83,-1,-1,-1
19,9,342.92,312.74,37.69,108.23,0.89,-1,-1,-1
19,10,735.56,307.77,45.65,124.70,0.89,-1,-1,-1
19,11,1127.20,332.54,73.93,140.55,0.54,-1,-1,-1
19,12,796.69,329.75,86.85,129.61,0.88,-1,-1,-1
19,13,1192.59,327.59,78.29,164.15,0.43,-1,-1,-1
20,1,602.90,305.39,96.39,222.51,0.93,-1,-1,-1
20,2,490.96,309.41,82.42,227.07,0.93,-1,-1,-1
20,3,220.38,300.40,53.60,159.94,0.90,-1,-1,-1
20,4,692.19,303.37,40.57,120.09,0.91,-1,-1,-1
20,5,237.69,308.53,45.00,137.21,0.78,-1,-1,-1
20,8,567.38,319.75,36.32,106.10,0.82,-1,-1,-1
20,9,342.23,312.83,38.08,108.75,0.88,-1,-1,-1
20,10,735.58,308.41,46.42,127.47,0.90,-1,-1,-1
20,11,1127.08,334.92,77.50,149.65,0.41,-1,-1,-1
20,12,796.54,329.56,90.83,132.67,0.80,-1,-1,-1
21,1,602.57,305.79,96.30,222.73,0.93,-1,-1,-1
21,2,491.32,310.46,82.07,228.47,0.93,-1,-1,-1
21,3,219.12,301.29,52.24,159.08,0.90,-1,-1,-1
21,4,692.38,303.85,39.90,120.53,0.91,-1,-1,-1
21,5,236.33,309.32,47.63,137.95,0.83,-1,-1,-1
21,8,566.92,320.06,37.86,106.59,0.83,-1,-1,-1
21,9,341.07,312.93,38.23,109.55,0.89,-1,-1,-1
21,10,735.62,308.97,46.73,128.23,0.90,-1,-1,-1
21,11,1130.94,334.94,76.46,148.37,0.37,-1,-1,-1
21,12,796.22,329.96,93.53,132.22,0.75,-1,-1,-1
22,1,602.24,305.80,93.88,226.05,0.93,-1,-1,-1
22,2,491.24,310.44,81.96,230.44,0.93,-1,-1,-1
22,3,217.50,301.26,51.14,160.20,0.90,-1,-1,-1
22,4,692.52,304.19,39.66,120.66,0.91,-1,-1,-1
22,5,234.58,309.86,48.68,136.71,0.78,-1,-1,-1
22,8,566.84,320.36,37.25,106.45,0.83,-1,-1,-1
22,9,340.65,313.33,37.70,109.23,0.89,-1,-1,-1
22,10,735.70,309.20,46.26,124.91,0.89,-1,-1,-1
22,11,1131.79,335.46,78.42,147.29,0.22,-1,-1,-1
22,12,796.73,328.91,93.38,134.79,0.71,-1,-1,-1
23,1,601.48,305.78,92.36,225.83,0.93,-1,-1,-1
23,2,491.15,310.68,81.90,232.08,0.93,-1,-1,-1
23,3,215.62,300.74,51.12,162.26,0.91,-1,-1,-1
23,4,692.83,304.59,39.57,121.01,0.91,-1,-1,-1
23,5,232.73,310.01,47.91,137.44,0.76,-1,-1,-1
23,8,566.50,320.29,36.41,106.69,0.84,-1,-1,-1
23,9,340.17,313.43,37.49,110.30,0.88,-1,-1,-1
23,10,735.71,309.56,46.66,122.41,0.90,-1,-1,-1
23,11,1132.05,335.81,79.13,145.50,0.14,-1,-1,-1
23,12,796.61,328.96,93.86,135.01,0.75,-1,-1,-1
24,1,599.98,305.10,91.18,228.35,0.94,-1,-1,-1
24,2,491.12,310.38,81.86,232.03,0.94,-1,-1,-1
24,3,214.17,300.91,50.20,163.14,0.90,-1,-1,-1
24,4,692.92,304.98,39.53,120.80,0.91,-1,-1,-1
24,5,231.45,310.29,46.09,137.68,0.68,-1,-1,-1
24,8,566.08,320.05,34.88,106.75,0.84,-1,-1,-1
24,9,339.63,313.25,37.09,110.96,0.88,-1,-1,-1
24,10,735.66,309.63,46.79,121.75,0.90,-1,-1,-1
24,12,796.79,328.62,93.39,136.79,0.73,-1,-1,-1
25,1,598.56,304.49,90.79,226.60,0.94,-1,-1,-1
25,2,490.82,309.93,81.87,228.41,0.94,-1,-1,-1
25,3,212.81,300.67,49.89,163.44,0.91,-1,-1,-1
25,4,693.27,305.06,39.53,120.71,0.91,-1,-1,-1
25,5,229.65,310.24,47.42,136.85,0.61,-1,-1,-1
25,8,565.97,319.62,35.54,107.34,0.83,-1,-1,-1
25,9,339.19,313.01,36.96,111.79,0.88,-1,-1,-1
25,10,735.68,309.59,46.85,120.90,0.90,-1,-1,-1
25,12,797.18,329.02,93.78,135.37,0.71,-1,-1,-1
26,1,597.13,303.91,91.26,224.09,0.95,-1,-1,-1
26,2,490.40,308.50,81.86,227.89,0.94,-1,-1,-1
26,3,211.80,300.83,48.88,162.93,0.90,-1,-1,-1
26,4,693.38,305.48,39.54,120.06,0.91,-1,-1,-1
26,5,226.92,309.13,42.09,138.33,0.68,-1,-1,-1
26,8,565.63,319.26,36.38,107.84,0.84,-1,-1,-1
26,9,338.47,312.44,37.20,112.37,0.87,-1,-1,-1
26,10,735.95,309.22,46.86,120.58,0.90,-1,-1,-1
26,12,797.59,329.12,93.89,136.84,0.73,-1,-1,-1
27,1,595.64,303.50,91.44,222.71,0.94,-1,-1,-1
27,2,489.85,307.31,81.85,225.32,0.94,-1,-1,-1
27,3,211.01,300.66,48.14,162.87,0.90,-1,-1,-1
27,4,693.05,305.46,39.53,119.82,0.91,-1,-1,-1
27,5,225.66,308.33,38.77,138.00,0.51,-1,-1,-1
27,8,565.14,319.23,37.29,108.03,0.82,-1,-1,-1
27,9,337.83,312.44,36.99,111.70,0.87,-1,-1,-1
27,10,735.99,308.75,46.85,121.38,0.90,-1,-1,-1
27,12,798.26,329.00,93.90,137.24,0.76,-1,-1,-1
28,1,594.50,302.77,91.53,221.89,0.94,-1,-1,-1
28,2,489.62,305.68,81.25,225.56,0.94,-1,-1,-1
28,3,208.95,299.74,48.64,163.13,0.90,-1,-1,-1
28,4,692.91,304.71,39.54,120.63,0.91,-1,-1,-1
28,5,223.11,307.18,38.73,139.93,0.39,-1,-1,-1
28,8,565.24,318.94,39.41,108.97,0.82,-1,-1,-1
28,9,337.01,312.33,36.31,111.13,0.87,-1,-1,-1
28,10,736.00,307.99,46.84,122.89,0.90,-1,-1,-1
28,12,798.21,329.11,95.66,137.50,0.78,-1,-1,-1
29,1,594.45,301.76,90.94,222.91,0.94,-1,-1,-1
29,2,489.61,303.28,79.79,228.92,0.94,-1,-1,-1
29,3,208.29,299.51,47.85,162.45,0.89,-1,-1,-1
29,4,693.19,304.44,38.92,120.91,0.91,-1,-1,-1
29,5,220.17,306.29,38.17,141.51,0.35,-1,-1,-1
29,8,564.77,318.70,40.19,109.60,0.81,-1,-1,-1
29,9,335.93,312.28,37.25,110.58,0.86,-1,-1,-1
29,10,735.72,307.59,47.41,124.62,0.89,-1,-1,-1
29,12,797.60,329.04,97.46,136.81,0.79,-1,-1,-1
30,1,596.86,300.49,87.80,224.83,0.93,-1,-1,-1
30,2,488.67,302.13,79.32,228.73,0.94,-1,-1,-1
30,3,205.29,298.32,49.27,163.09,0.90,-1,-1,-1
30,4,693.01,303.13,39.33,121.92,0.92,-1,-1,-1
30,5,218.25,305.73,38.56,142.42,0.41,-1,-1,-1
30,8,564.29,318.62,38.76,108.97,0.83,-1,-1,-1
30,9,334.45,312.47,37.62,109.49,0.88,-1,-1,-1
30,10,735.65,307.56,47.06,122.93,0.90,-1,-1,-1
30,12,796.82,330.02,94.64,133.41,0.89,-1,-1,-1
30,14,645.30,312.07,39.60,111.15,0.77,-1,-1,-1
31,1,601.42,300.03,82.37,225.61,0.95,-1,-1,-1
31,2,487.37,301.42,79.14,230.78,0.94,-1,-1,-1
31,3,203.02,296.96,49.42,164.85,0.90,-1,-1,-1
31,4,692.93,302.22,39.48,122.62,0.92,-1,-1,-1
31,5,216.40,306.69,37.89,136.55,0.42,-1,-1,-1
31,8,563.49,318.77,35.18,108.15,0.85,-1,-1,-1
31,9,333.39,312.08,37.76,109.70,0.89,-1,-1,-1
31,10,735.32,307.59,47.52,121.99,0.91,-1,-1,-1
31,12,795.92,330.30,94.70,131.98,0.89,-1,-1,-1
31,14,644.49,312.10,40.32,111.58,0.78,-1,-1,-1
32,1,602.55,299.34,81.03,226.81,0.94,-1,-1,-1
32,2,486.03,301.23,80.28,231.57,0.94,-1,-1,-1
32,3,201.85,296.78,49.41,164.93,0.91,-1,-1,-1
32,4,692.95,301.35,39.54,123.49,0.92,-1,-1,-1
32,5,212.39,304.58,40.63,140.60,0.13,-1,-1,-1
32,8,562.94,318.74,35.05,108.12,0.84,-1,-1,-1
32,9,332.45,311.84,38.10,110.09,0.88,-1,-1,-1
32,10,735.26,307.23,47.68,122.56,0.91,-1,-1,-1
32,12,794.46,330.47,95.90,131.46,0.90,-1,-1,-1
32,14,644.01,312.15,40.46,111.68,0.82,-1,-1,-1
33,1,600.49,299.77,82.42,227.55,0.93,-1,-1,-1
33,2,484.93,301.54,82.49,231.86,0.94,-1,-1,-1
33,3,199.37,297.53,50.75,164.20,0.90,-1,-1,-1
33,4,692.66,301.10,39.56,123.81,0.92,-1,-1,-1
33,8,562.45,318.79,35.00,108.71,0.85,-1,-1,-1
33,9,331.52,311.66,38.23,110.24,0.89,-1,-1,-1
33,10,735.24,307.31,47.73,122.78,0.91,-1,-1,-1
33,12,793.03,330.75,98.71,130.53,0.89,-1,-1,-1
33,14,644.92,312.87,39.10,110.98,0.85,-1,-1,-1
34,1,600.93,299.97,81.18,228.10,0.95,-1,-1,-1
34,2,483.93,302.02,85.14,232.83,0.95,-1,-1,-1
34,3,197.60,297.48,51.43,165.24,0.90,-1,-1,-1
34,4,691.95,301.18,40.18,124.20,0.92,-1,-1,-1
34,8,561.98,318.71,35.61,109.21,0.85,-1,-1,-1
34,9,330.75,311.82,37.99,110.59,0.89,-1,-1,-1
34,10,735.22,307.36,47.77,123.15,0.91,-1,-1,-1
34,12,793.66,331.00,96.84,130.31,0.87,-1,-1,-1
34,14,645.23,313.10,38.69,111.08,0.86,-1,-1,-1
35,1,600.78,301.07,80.78,228.09,0.95,-1,-1,-1
35,2,483.21,303.52,86.16,232.99,0.94,-1,-1,-1
35,3,193.27,297.71,54.21,166.12,0.87,-1,-1,-1
35,4,691.70,302.09,40.43,124.09,0.92,-1,-1,-1
35,8,561.20,319.40,37.05,109.43,0.85,-1,-1,-1
35,9,329.64,311.99,38.80,111.35,0.89,-1,-1,-1
35,10,735.26,307.51,47.79,129.89,0.91,-1,-1,-1
35,12,797.87,331.37,94.31,131.95,0.86,-1,-1,-1
35,14,645.32,313.41,38.59,111.80,0.87,-1,-1,-1
36,1,600.46,302.39,80.69,228.40,0.95,-1,-1,-1
36,2,483.27,304.09,86.56,234.26,0.94,-1,-1,-1
36,3,187.05,297.83,58.55,167.35,0.87,-1,-1,-1
36,4,691.97,302.73,40.53,124.06,0.92,-1,-1,-1
36,8,560.95,319.65,37.60,109.83,0.87,-1,-1,-1
36,9,328.80,312.36,37.93,111.66,0.88,-1,-1,-1
36,10,735.34,307.86,47.80,126.88,0.91,-1,-1,-1
36,12,799.24,331.80,91.55,132.28,0.88,-1,-1,-1
36,14,646.03,313.01,37.94,112.71,0.86,-1,-1,-1
37,1,600.39,303.73,80.65,228.70,0.95,-1,-1,-1
37,2,483.42,305.76,86.06,233.13,0.94,-1,-1,-1
37,3,182.43,297.83,61.98,168.32,0.86,-1,-1,-1
37,4,691.78,303.52,40.55,123.97,0.92,-1,-1,-1
37,8,560.35,319.99,37.20,110.22,0.86,-1,-1,-1
37,9,327.21,312.90,38.77,112.30,0.87,-1,-1,-1
37,10,735.36,308.38,47.78,130.35,0.91,-1,-1,-1
37,12,798.49,331.59,92.89,136.22,0.86,-1,-1,-1
37,14,645.65,313.12,38.35,112.97,0.86,-1,-1,-1
38,1,600.38,305.07,80.66,227.85,0.95,-1,-1,-1
38,2,484.73,306.03,83.47,234.13,0.94,-1,-1,-1
38,3,179.14,298.38,63.82,168.64,0.91,-1,-1,-1
38,4,691.72,303.91,40.55,123.61,0.92,-1,-1,-1
38,8,560.17,320.36,35.24,109.74,0.85,-1,-1,-1
38,9,326.72,313.20,37.59,112.52,0.88,-1,-1,-1
38,10,735.06,308.67,48.36,130.12,0.91,-1,-1,-1
38,12,798.49,332.03,92.18,135.59,0.88,-1,-1,-1
38,14,645.52,313.40,38.51,113.03,0.87,-1,-1,-1
39,1,600.40,305.52,80.69,228.09,0.95,-1,-1,-1
39,2,486.78,306.68,81.26,233.87,0.93,-1,-1,-1
39,3,176.90,298.56,64.59,168.73,0.89,-1,-1,-1
39,4,691.41,304.14,41.14,124.04,0.92,-1,-1,-1
39,8,559.84,320.44,35.72,109.83,0.84,-1,-1,-1
39,9,325.87,313.12,37.43,113.48,0.88,-1,-1,-1
39,10,734.96,308.72,48.58,131.77,0.90,-1,-1,-1
39,12,798.48,331.98,93.70,138.44,0.87,-1,-1,-1
39,14,644.86,313.46,39.19,113.33,0.86,-1,-1,-1
40,1,600.71,305.67,80.71,228.78,0.95,-1,-1,-1
40,2,489.07,307.50,79.21,235.26,0.94,-1,-1,-1
40,3,175.27,299.03,64.40,168.60,0.91,-1,-1,-1
40,4,691.30,304.23,41.35,124.80,0.92,-1,-1,-1
40,8,558.25,320.32,38.87,111.04,0.82,-1,-1,-1
40,9,324.25,313.22,41.86,114.70,0.88,-1,-1,-1
40,10,735.23,308.74,48.64,134.15,0.91,-1,-1,-1
40,12,798.48,332.12,96.05,139.94,0.86,-1,-1,-1
40,14,644.32,313.17,39.44,114.05,0.84,-1,-1,-1
41,1,601.71,305.33,80.15,229.31,0.95,-1,-1,-1
41,2,490.80,307.42,78.48,236.64,0.94,-1,-1,-1
41,3,172.69,299.31,65.46,167.78,0.92,-1,-1,-1
41,4,691.24,304.02,41.44,125.07,0.92,-1,-1,-1
41,8,557.08,320.18,40.04,111.49,0.82,-1,-1,-1
41,9,323.09,313.18,43.76,115.45,0.88,-1,-1,-1
41,10,735.31,308.94,48.67,134.43,0.90,-1,-1,-1
41,12,798.75,331.92,96.34,140.63,0.87,-1,-1,-1
41,14,643.79,312.97,40.15,114.60,0.83,-1,-1,-1
42,1,601.99,304.50,79.93,230.07,0.94,-1,-1,-1
42,2,491.96,306.40,78.80,236.81,0.94,-1,-1,-1
42,3,173.72,298.53,62.39,167.29,0.87,-1,-1,-1
42,4,691.13,303.71,41.45,125.45,0.92,-1,-1,-1
42,8,557.43,320.03,40.47,111.04,0.83,-1,-1,-1
42,9,322.47,312.60,41.02,115.42,0.86,-1,-1,-1
42,10,735.23,308.79,48.65,134.78,0.90,-1,-1,-1
42,12,799.32,331.75,95.82,140.26,0.87,-1,-1,-1
42,14,643.21,313.26,40.40,114.48,0.81,-1,-1,-1
43,1,602.41,302.94,79.87,229.12,0.94,-1,-1,-1
43,2,492.70,304.47,78.93,237.71,0.94,-1,-1,-1
43,3,171.58,297.62,62.69,167.66,0.88,-1,-1,-1
43,4,691.08,302.63,41.45,126.15,0.91,-1,-1,-1
43,8,557.32,319.62,40.63,111.14,0.83,-1,-1,-1
43,9,322.04,312.35,39.87,115.08,0.87,-1,-1,-1
43,10,735.20,307.93,48.65,136.63,0.91,-1,-1,-1
43,12,799.51,331.47,95.60,138.72,0.85,-1,-1,-1
43,14,641.21,306.42,42.28,121.01,0.76,-1,-1,-1
44,1,602.01,301.73,80.48,226.66,0.94,-1,-1,-1
44,2,493.91,302.23,79.01,240.41,0.94,-1,-1,-1
44,3,173.19,297.26,59.62,166.91,0.87,-1,-1,-1
44,4,691.43,302.05,41.45,126.41,0.91,-1,-1,-1
44,8,557.06,319.15,37.14,110.89,0.82,-1,-1,-1
44,9,320.47,312.09,39.14,114.63,0.87,-1,-1,-1
44,10,735.55,307.27,48.64,136.72,0.90,-1,-1,-1
44,12,801.73,332.38,94.93,135.58,0.82,-1,-1,-1
44,14,642.59,305.02,41.22,121.95,0.63,-1,-1,-1
45,1,602.46,300.98,80.68,223.54,0.95,-1,-1,-1
45,2,494.32,301.52,80.21,237.32,0.93,-1,-1,-1
45,3,168.34,296.60,62.38,167.84,0.92,-1,-1,-1
45,4,691.29,300.97,42.02,127.72,0.91,-1,-1,-1
45,8,555.45,318.82,39.40,113.48,0.79,-1,-1,-1
45,9,319.57,312.08,39.45,114.48,0.87,-1,-1,-1
45,10,735.41,306.62,49.22,132.60,0.90,-1,-1,-1
45,12,804.39,332.47,92.25,139.09,0.77,-1,-1,-1
45,14,643.76,304.09,40.17,122.89,0.70,-1,-1,-1
46,1,603.27,300.01,80.84,222.68,0.95,-1,-1,-1
46,2,495.09,300.01,80.13,232.83,0.94,-1,-1,-1
46,3,166.41,296.37,62.54,167.60,0.91,-1,-1,-1
46,4,691.30,299.56,42.27,128.50,0.91,-1,-1,-1
46,8,554.95,318.32,39.04,116.82,0.78,-1,-1,-1
46,9,318.84,311.46,39.59,114.72,0.88,-1,-1,-1
46,10,735.72,306.10,49.47,133.09,0.90,-1,-1,-1
46,12,803.03,332.07,94.31,138.00,0.82,-1,-1,-1
46,14,646.67,306.47,38.00,119.67,0.65,-1,-1,-1
47,1,604.17,298.42,80.91,223.99,0.95,-1,-1,-1
47,2,495.98,298.68,81.91,231.37,0.94,-1,-1,-1
47,3,165.32,295.55,61.99,168.66,0.91,-1,-1,-1
47,4,691.30,300.32,42.95,127.57,0.91,-1,-1,-1
47,8,554.50,317.80,38.30,115.11,0.80,-1,-1,-1
47,9,317.93,310.93,39.94,115.37,0.87,-1,-1,-1
47,10,735.83,305.56,49.56,132.04,0.90,-1,-1,-1
47,12,805.77,331.40,94.46,137.53,0.83,-1,-1,-1
47,14,646.54,307.25,38.41,118.95,0.56,-1,-1,-1
48,1,605.07,296.38,80.91,226.32,0.95,-1,-1,-1
48,2,496.84,297.92,81.95,230.59,0.94,-1,-1,-1
48,3,163.35,295.35,61.14,168.94,0.92,-1,-1,-1
48,4,691.28,300.67,43.19,127.51,0.92,-1,-1,-1
48,8,554.91,317.63,38.59,114.73,0.79,-1,-1,-1
48,9,317.25,310.71,39.76,115.93,0.87,-1,-1,-1
48,10,736.14,305.27,49.57,134.95,0.90,-1,-1,-1
48,12,803.49,331.21,98.68,137.67,0.87,-1,-1,-1
48,14,645.85,306.55,39.15,119.58,0.72,-1,-1,-1
49,1,606.33,296.06,81.51,227.58,0.95,-1,-1,-1
49,2,496.55,298.08,81.36,231.58,0.94,-1,-1,-1
49,3,161.04,295.36,62.00,169.39,0.92,-1,-1,-1
49,4,691.64,300.96,43.27,127.53,0.91,-1,-1,-1
49,8,554.81,317.71,38.10,113.12,0.76,-1,-1,-1
49,9,316.69,310.59,39.68,116.17,0.86,-1,-1,-1
49,10,736.04,305.18,50.16,137.25,0.91,-1,-1,-1
49,12,803.03,330.72,100.26,140.76,0.82,-1,-1,-1
49,14,645.35,306.74,40.03,119.54,0.60,-1,-1,-1
50,1,607.38,297.44,82.39,227.43,0.95,-1,-1,-1
50,2,496.71,298.47,81.19,231.34,0.93,-1,-1,-1
50,3,158.31,295.91,63.83,169.37,0.92,-1,-1,-1
50,4,691.77,301.34,43.32,127.21,0.92,-1,-1,-1
50,8,554.19,317.89,36.74,113.38,0.77,-1,-1,-1
50,9,316.67,310.59,39.38,116.23,0.87,-1,-1,-1
50,10,736.29,305.40,50.41,137.80,0.91,-1,-1,-1
50,12,805.77,330.77,99.11,141.88,0.73,-1,-1,-1
50,14,645.45,306.95,40.98,119.19,0.54,-1,-1,-1
51,1,608.65,298.64,83.29,227.67,0.95,-1,-1,-1
51,2,497.36,299.59,82.29,231.86,0.93,-1,-1,-1
51,3,155.24,296.45,66.26,169.95,0.93,-1,-1,-1
51,4,691.82,300.81,43.91,128.57,0.91,-1,-1,-1
51,8,554.89,318.17,38.64,114.36,0.75,-1,-1,-1
51,9,315.51,310.94,40.74,116.54,0.86,-1,-1,-1
51,10,736.39,305.27,51.08,139.76,0.91,-1,-1,-1
51,12,804.43,330.72,101.01,139.78,0.85,-1,-1,-1
51,14,647.55,312.18,38.96,113.09,0.36,-1,-1,-1
52,1,609.07,299.67,84.23,228.64,0.95,-1,-1,-1
52,2,498.13,300.88,82.11,232.64,0.94,-1,-1,-1
52,3,151.54,296.79,68.65,170.90,0.94,-1,-1,-1
52,4,691.79,300.13,44.13,129.96,0.91,-1,-1,-1
52,8,554.82,318.39,41.09,115.31,0.78,-1,-1,-1
52,9,313.89,310.60,41.84,117.83,0.87,-1,-1,-1
52,10,736.67,305.48,51.33,138.41,0.90,-1,-1,-1
52,12,804.46,330.95,101.70,138.94,0.85,-1,-1,-1
52,14,646.20,311.40,40.59,114.08,0.32,-1,-1,-1
53,1,609.45,301.59,83.99,228.12,0.95,-1,-1,-1
53,2,498.35,302.01,83.23,233.55,0.94,-1,-1,-1
53,3,149.67,297.23,68.24,171.26,0.93,-1,-1,-1
53,4,691.73,300.36,44.21,130.78,0.92,-1,-1,-1
53,8,554.45,319.10,36.80,116.57,0.77,-1,-1,-1
53,9,312.50,310.95,44.31,118.31,0.89,-1,-1,-1
53,10,736.73,306.21,51.41,134.58,0.90,-1,-1,-1
53,12,805.00,331.53,103.13,139.97,0.81,-1,-1,-1
53,14,649.20,315.65,38.23,110.26,0.19,-1,-1,-1
54,1,609.85,302.88,83.87,228.79,0.95,-1,-1,-1
54,2,498.40,303.89,84.23,233.88,0.94,-1,-1,-1
54,3,147.29,297.51,68.91,171.52,0.93,-1,-1,-1
54,4,691.68,301.01,44.22,131.06,0.92,-1,-1,-1
54,8,553.70,319.78,36.22,116.13,0.78,-1,-1,-1
54,9,311.55,311.79,45.24,118.48,0.89,-1,-1,-1
54,10,736.71,306.45,51.43,132.50,0.91,-1,-1,-1
54,12,805.45,331.87,103.64,139.90,0.83,-1,-1,-1
54,14,647.60,314.32,38.51,112.46,0.50,-1,-1,-1
55,1,610.24,304.56,83.82,229.68,0.95,-1,-1,-1
55,2,498.35,305.20,84.59,234.34,0.94,-1,-1,-1
55,3,144.61,297.43,69.43,172.97,0.93,-1,-1,-1
55,4,691.64,300.99,44.21,132.07,0.92,-1,-1,-1
55,8,553.10,319.91,37.23,116.85,0.78,-1,-1,-1
55,9,310.71,312.39,45.88,118.25,0.90,-1,-1,-1
55,10,736.99,307.32,51.42,131.74,0.91,-1,-1,-1
55,12,806.20,332.48,103.22,141.83,0.84,-1,-1,-1
55,14,648.80,315.94,36.20,108.82,0.31,-1,-1,-1
56,1,610.73,306.62,83.20,228.50,0.95,-1,-1,-1
56,2,498.38,306.82,82.94,233.60,0.94,-1,-1,-1
56,3,142.73,297.66,68.72,173.79,0.93,-1,-1,-1
56,4,691.39,301.37,44.80,131.83,0.92,-1,-1,-1
56,8,552.95,320.18,39.39,117.99,0.79,-1,-1,-1
56,9,309.77,312.57,45.81,118.74,0.89,-1,-1,-1
56,10,736.85,307.73,52.01,131.46,0.91,-1,-1,-1
56,12,806.82,332.63,103.03,144.90,0.81,-1,-1,-1
56,14,646.23,313.44,39.02,114.71,0.39,-1,-1,-1
56,5,140.79,321.39,44.53,142.48,0.65,-1,-1,-1
57,1,610.49,307.60,82.94,228.01,0.95,-1,-1,-1
57,2,497.69,307.33,82.28,233.29,0.94,-1,-1,-1
57,3,140.58,297.50,69.44,174.21,0.93,-1,-1,-1
57,4,691.18,301.74,45.00,131.70,0.92,-1,-1,-1
57,8,552.52,320.20,40.19,117.51,0.81,-1,-1,-1
57,9,309.09,312.25,46.34,120.38,0.89,-1,-1,-1
57,10,736.67,307.66,52.21,132.55,0.91,-1,-1,-1
57,12,807.51,332.61,102.91,145.16,0.84,-1,-1,-1
57,14,645.24,312.45,39.41,117.42,0.44,-1,-1,-1
57,5,136.70,312.44,46.73,154.60,0.65,-1,-1,-1
58,1,610.38,307.91,82.23,228.43,0.95,-1,-1,-1
58,2,497.11,307.16,82.01,233.48,0.94,-1,-1,-1
58,3,137.70,297.06,70.27,174.95,0.94,-1,-1,-1
58,4,691.10,301.69,45.06,131.94,0.92,-1,-1,-1
58,8,551.19,319.87,41.07,118.20,0.77,-1,-1,-1
58,9,307.82,311.62,46.81,121.29,0.89,-1,-1,-1
58,10,736.60,307.45,52.27,133.26,0.91,-1,-1,-1
58,12,807.45,332.88,104.03,147.90,0.82,-1,-1,-1
58,14,644.25,311.15,40.73,118.76,0.33,-1,-1,-1
58,5,132.17,317.16,48.06,150.20,0.72,-1,-1,-1
59,1,610.34,307.67,81.93,228.26,0.95,-1,-1,-1
59,2,496.33,306.14,81.28,234.72,0.94,-1,-1,-1
59,3,135.15,296.69,70.84,175.94,0.94,-1,-1,-1
59,4,691.08,301.50,45.06,132.30,0.91,-1,-1,-1
59,8,551.01,319.84,38.45,118.45,0.78,-1,-1,-1
59,9,307.14,311.32,47.25,121.61,0.90,-1,-1,-1
59,10,736.87,306.89,52.27,133.82,0.91,-1,-1,-1
59,12,808.59,332.80,103.82,148.76,0.85,-1,-1,-1
59,14,644.78,310.01,40.63,120.13,0.46,-1,-1,-1
59,5,127.70,313.42,50.31,153.93,0.77,-1,-1,-1
60,1,609.65,306.28,81.24,226.64,0.94,-1,-1,-1
60,2,494.79,304.79,83.42,236.30,0.94,-1,-1,-1
60,3,133.06,296.68,70.16,175.21,0.94,-1,-1,-1
60,4,690.70,300.44,45.06,133.28,0.92,-1,-1,-1
60,8,550.93,319.01,38.01,117.30,0.76,-1,-1,-1
60,9,306.04,310.87,48.88,120.78,0.90,-1,-1,-1
60,10,736.88,306.13,52.26,135.48,0.91,-1,-1,-1
60,12,809.80,332.50,101.93,147.08,0.79,-1,-1,-1
60,14,643.75,310.09,41.77,121.19,0.60,-1,-1,-1
60,5,124.24,307.53,52.62,160.00,0.80,-1,-1,-1
61,1,609.11,304.84,81.59,227.82,0.94,-1,-1,-1
61,2,493.66,303.38,83.04,236.30,0.93,-1,-1,-1
61,3,131.05,295.80,69.43,175.80,0.94,-1,-1,-1
61,4,690.59,300.05,45.06,133.33,0.92,-1,-1,-1
61,8,550.34,318.40,37.85,117.14,0.78,-1,-1,-1
61,9,305.10,310.27,50.36,119.85,0.90,-1,-1,-1
61,10,737.51,305.85,51.66,135.21,0.91,-1,-1,-1
61,12,833.95,331.93,78.42,136.13,0.52,-1,-1,-1
61,14,644.56,312.93,41.61,117.74,0.47,-1,-1,-1
61,5,120.93,308.42,52.78,158.60,0.80,-1,-1,-1
62,1,608.02,303.72,81.74,228.92,0.94,-1,-1,-1
62,2,492.32,302.56,84.09,233.66,0.93,-1,-1,-1
62,3,128.72,295.32,68.40,176.20,0.93,-1,-1,-1
62,4,690.58,299.77,45.06,133.37,0.92,-1,-1,-1
62,8,549.54,318.20,37.80,116.80,0.77,-1,-1,-1
62,9,304.26,310.20,51.80,119.22,0.91,-1,-1,-1
62,10,737.50,305.32,52.04,135.43,0.91,-1,-1,-1
62,12,847.63,331.75,64.36,129.01,0.30,-1,-1,-1
62,14,643.73,312.42,42.14,117.90,0.32,-1,-1,-1
62,5,119.24,307.61,52.23,160.10,0.75,-1,-1,-1
63,1,607.34,302.40,82.40,227.22,0.94,-1,-1,-1
63,2,491.57,300.77,84.48,232.03,0.94,-1,-1,-1
63,3,123.91,294.15,69.35,177.34,0.93,-1,-1,-1
63,4,690.31,299.23,45.05,133.35,0.92,-1,-1,-1
63,8,548.39,317.99,38.98,116.35,0.75,-1,-1,-1
63,9,303.61,309.76,52.62,119.26,0.91,-1,-1,-1
63,10,737.50,304.98,52.17,135.78,0.91,-1,-1,-1
63,12,856.00,332.16,58.21,125.85,0.12,-1,-1,-1
63,14,643.74,312.97,41.74,116.46,0.20,-1,-1,-1
63,5,115.94,310.77,53.90,156.58,0.76,-1,-1,-1
64,1,607.09,301.24,82.07,224.94,0.94,-1,-1,-1
64,2,490.71,299.89,85.24,230.83,0.94,-1,-1,-1
64,3,118.83,293.81,69.56,176.88,0.93,-1,-1,-1
64,4,690.23,298.51,45.06,134.23,0.92,-1,-1,-1
64,8,546.80,317.24,39.43,118.58,0.70,-1,-1,-1
64,9,302.79,309.69,53.80,118.97,0.91,-1,-1,-1
64,10,737.22,304.93,52.23,135.02,0.92,-1,-1,-1
64,14,644.07,312.65,41.58,117.71,0.55,-1,-1,-1
64,5,113.21,316.47,52.93,150.54,0.76,-1,-1,-1
65,1,607.30,300.25,81.33,223.54,0.94,-1,-1,-1
65,2,489.79,298.71,84.90,231.04,0.93,-1,-1,-1
65,3,113.67,293.37,69.02,177.32,0.92,-1,-1,-1
65,4,690.22,297.56,45.04,135.18,0.92,-1,-1,-1
65,8,546.51,316.57,38.40,118.25,0.74,-1,-1,-1
65,9,302.02,309.53,55.38,119.19,0.91,-1,-1,-1
65,10,737.13,304.69,52.24,135.06,0.92,-1,-1,-1
65,14,642.42,311.55,43.29,119.08,0.53,-1,-1,-1
65,5,109.72,314.96,53.08,151.60,0.70,-1,-1,-1
66,1,607.16,299.83,81.67,224.37,0.94,-1,-1,-1
66,2,488.04,297.18,85.37,233.52,0.94,-1,-1,-1
66,3,110.77,293.49,66.73,177.92,0.92,-1,-1,-1
66,4,690.29,297.74,45.04,135.52,0.92,-1,-1,-1
66,8,545.90,316.26,38.61,118.70,0.70,-1,-1,-1
66,9,301.38,309.13,56.27,119.86,0.92,-1,-1,-1
66,10,737.18,304.53,52.84,135.36,0.91,-1,-1,-1
66,14,642.47,312.09,43.94,118.41,0.56,-1,-1,-1
66,5,106.86,317.52,53.73,149.29,0.66,-1,-1,-1
66,12,824.66,331.31,92.06,148.79,0.62,-1,-1,-1
67,1,607.04,300.03,81.81,225.04,0.94,-1,-1,-1
67,2,487.01,296.36,85.55,236.59,0.93,-1,-1,-1
67,3,108.83,293.26,63.89,179.06,0.92,-1,-1,-1
67,4,690.27,298.01,45.05,135.66,0.92,-1,-1,-1
67,8,544.71,316.34,38.69,119.48,0.72,-1,-1,-1
67,9,300.60,308.58,56.88,120.44,0.92,-1,-1,-1
67,10,737.15,304.66,53.07,136.09,0.91,-1,-1,-1
67,14,641.56,311.45,44.77,119.66,0.53,-1,-1,-1
67,5,102.51,321.51,54.15,146.03,0.76,-1,-1,-1
67,12,816.96,331.21,100.85,153.71,0.73,-1,-1,-1
68,1,607.02,300.49,82.51,227.76,0.94,-1,-1,-1
68,2,485.45,296.76,86.25,237.52,0.93,-1,-1,-1
68,3,104.63,294.04,63.19,178.78,0.91,-1,-1,-1
68,4,690.02,298.20,45.66,135.74,0.92,-1,-1,-1
68,8,545.19,317.36,38.74,119.21,0.72,-1,-1,-1
68,9,299.52,309.37,57.41,120.09,0.92,-1,-1,-1
68,10,737.50,304.80,53.18,137.00,0.90,-1,-1,-1
68,14,642.43,311.59,44.51,120.16,0.64,-1,-1,-1
68,5,98.69,312.03,55.34,157.43,0.60,-1,-1,-1
68,12,813.36,331.42,106.26,157.19,0.80,-1,-1,-1
69,1,607.43,301.36,83.34,228.77,0.94,-1,-1,-1
69,2,484.11,297.60,87.07,238.44,0.93,-1,-1,-1
69,3,102.42,294.08,61.67,179.84,0.91,-1,-1,-1
69,4,690.03,298.67,45.88,136.64,0.92,-1,-1,-1
69,8,546.41,318.12,38.74,119.09,0.76,-1,-1,-1
69,9,299.12,310.93,57.57,119.35,0.91,-1,-1,-1
69,10,738.03,305.25,53.20,137.93,0.90,-1,-1,-1
69,14,642.89,310.99,44.37,121.22,0.40,-1,-1,-1
69,5,95.40,307.80,56.75,162.70,0.72,-1,-1,-1
69,12,812.65,331.34,108.83,159.31,0.85,-1,-1,-1
70,1,607.83,301.84,83.65,228.46,0.94,-1,-1,-1
70,2,483.03,298.99,87.37,237.49,0.93,-1,-1,-1
70,3,102.03,294.91,59.61,179.55,0.90,-1,-1,-1
70,4,690.25,299.43,45.96,136.31,0.92,-1,-1,-1
70,8,546.57,318.71,38.14,118.99,0.77,-1,-1,-1
70,9,298.93,311.70,57.00,119.31,0.91,-1,-1,-1
70,10,738.43,305.54,53.20,137.61,0.92,-1,-1,-1
70,14,642.72,311.05,44.31,121.56,0.48,-1,-1,-1
70,5,92.56,310.01,58.30,161.59,0.77,-1,-1,-1
70,12,812.94,331.57,109.06,160.09,0.87,-1,-1,-1
71,1,608.09,302.22,83.78,229.47,0.95,-1,-1,-1
71,2,482.78,300.65,87.50,236.74,0.94,-1,-1,-1
71,3,97.58,294.93,61.70,180.56,0.91,-1,-1,-1
71,4,690.43,299.75,45.99,136.43,0.92,-1,-1,-1
71,8,547.06,318.99,36.73,118.61,0.79,-1,-1,-1
71,9,298.61,311.94,55.58,119.86,0.88,-1,-1,-1
71,10,738.95,305.68,53.21,137.44,0.91,-1,-1,-1
71,14,641.87,309.93,44.88,123.13,0.46,-1,-1,-1
71,5,90.30,311.63,58.79,161.20,0.68,-1,-1,-1
71,12,813.86,331.83,108.92,161.09,0.86,-1,-1,-1
72,1,608.73,303.04,83.86,230.28,0.95,-1,-1,-1
72,2,482.31,302.54,88.15,236.89,0.93,-1,-1,-1
72,3,96.14,295.27,61.17,181.93,0.91,-1,-1,-1
72,4,690.79,300.42,46.02,136.25,0.93,-1,-1,-1
72,8,546.87,319.33,36.21,118.83,0.78,-1,-1,-1
72,9,298.15,312.09,52.93,120.74,0.86,-1,-1,-1
72,10,739.76,305.98,53.22,137.75,0.91,-1,-1,-1
72,14,643.59,312.85,43.33,120.82,0.35,-1,-1,-1
72,5,87.96,308.15,58.08,166.75,0.77,-1,-1,-1
72,12,815.29,332.80,106.99,161.33,0.85,-1,-1,-1
73,1,609.59,303.87,83.85,231.11,0.95,-1,-1,-1
73,2,482.80,304.36,87.77,236.88,0.93,-1,-1,-1
73,3,91.03,295.17,63.95,182.52,0.90,-1,-1,-1
73,4,690.93,301.04,46.60,136.43,0.93,-1,-1,-1
73,8,547.14,319.52,36.62,118.28,0.76,-1,-1,-1
73,9,297.96,312.80,50.37,122.22,0.86,-1,-1,-1
73,10,740.34,306.32,53.80,137.82,0.89,-1,-1,-1
73,14,642.46,311.36,45.11,122.87,0.29,-1,-1,-1
73,12,833.94,333.10,88.84,161.57,0.72,-1,-1,-1
74,1,610.75,304.39,83.21,231.61,0.95,-1,-1,-1
74,2,483.92,305.55,86.38,236.17,0.93,-1,-1,-1
74,3,85.93,295.35,66.57,183.23,0.91,-1,-1,-1
74,4,691.19,301.78,46.80,135.83,0.93,-1,-1,-1
74,8,544.53,319.50,38.56,122.20,0.73,-1,-1,-1
74,9,298.16,314.15,47.26,122.72,0.85,-1,-1,-1
74,10,741.34,306.35,52.81,137.18,0.89,-1,-1,-1
74,12,825.52,332.85,98.92,161.48,0.81,-1,-1,-1
74,5,81.38,315.77,59.30,159.73,0.61,-1,-1,-1
75,1,612.02,304.46,82.35,231.23,0.95,-1,-1,-1
75,2,485.20,305.84,85.83,235.34,0.94,-1,-1,-1
75,3,84.09,294.93,66.24,183.23,0.91,-1,-1,-1
75,4,691.55,301.19,46.86,136.52,0.93,-1,-1,-1
75,8,544.10,319.36,38.69,121.91,0.73,-1,-1,-1
75,9,298.32,314.66,46.76,122.33,0.86,-1,-1,-1
75,10,741.67,305.96,53.01,137.86,0.90,-1,-1,-1
75,12,820.46,332.66,104.59,160.51,0.83,-1,-1,-1
76,1,614.09,304.14,82.05,231.63,0.95,-1,-1,-1
76,2,487.00,305.32,85.64,235.88,0.94,-1,-1,-1
76,3,80.55,294.67,68.23,183.91,0.93,-1,-1,-1
76,4,691.77,299.73,46.89,137.94,0.93,-1,-1,-1
76,8,539.91,318.39,43.49,135.13,0.64,-1,-1,-1
76,9,298.68,314.54,46.30,122.74,0.84,-1,-1,-1
76,10,742.17,305.46,53.10,138.38,0.89,-1,-1,-1
76,12,813.69,331.95,112.20,160.02,0.86,-1,-1,-1
77,1,616.28,303.14,81.93,233.52,0.94,-1,-1,-1
77,2,489.74,303.93,84.96,239.64,0.94,-1,-1,-1
77,3,78.05,294.00,69.52,184.72,0.93,-1,-1,-1
77,4,692.08,299.63,46.89,137.56,0.92,-1,-1,-1
77,8,541.74,318.02,41.28,128.53,0.63,-1,-1,-1
77,9,299.12,314.51,45.55,122.87,0.84,-1,-1,-1
77,10,743.16,305.14,53.13,138.85,0.90,-1,-1,-1
77,12,808.69,331.40,118.52,158.84,0.86,-1,-1,-1
78,1,617.41,301.59,82.49,235.41,0.94,-1,-1,-1
78,2,492.29,302.52,84.11,239.56,0.93,-1,-1,-1
78,3,80.53,293.47,65.96,185.01,0.92,-1,-1,-1
78,4,692.52,298.72,47.48,138.59,0.92,-1,-1,-1
78,8,538.72,317.32,44.47,138.50,0.59,-1,-1,-1
78,9,300.08,313.61,43.16,123.20,0.80,-1,-1,-1
78,10,743.84,304.44,53.73,139.61,0.90,-1,-1,-1
78,12,803.66,331.67,125.19,158.49,0.85,-1,-1,-1
78,5,74.78,300.39,59.45,174.90,0.79,-1,-1,-1
79,1,619.63,299.85,82.72,234.09,0.93,-1,-1,-1
79,2,495.35,301.27,83.21,239.42,0.93,-1,-1,-1
79,3,84.08,293.00,61.16,184.85,0.91,-1,-1,-1
79,4,693.64,297.97,47.11,139.30,0.92,-1,-1,-1
79,8,535.37,315.79,47.36,152.93,0.54,-1,-1,-1
79,9,301.02,313.29,41.39,122.46,0.78,-1,-1,-1
79,10,744.46,303.92,53.97,140.82,0.90,-1,-1,-1
79,12,801.55,331.83,128.62,156.86,0.84,-1,-1,-1
79,5,75.18,296.99,57.99,178.34,0.80,-1,-1,-1
79,15,307.12,311.40,45.90,121.05,0.71,-1,-1,-1
80,1,621.61,297.73,83.42,235.66,0.94,-1,-1,-1
80,2,498.24,299.79,82.89,239.81,0.93,-1,-1,-1
80,3,85.32,291.98,59.22,185.67,0.92,-1,-1,-1
80,4,694.04,298.31,47.57,139.27,0.92,-1,-1,-1
80,8,535.19,315.36,47.92,151.91,0.47,-1,-1,-1
80,9,306.29,312.46,43.29,120.68,0.80,-1,-1,-1
80,10,744.96,302.86,54.65,141.86,0.89,-1,-1,-1
80,12,799.08,330.73,133.85,157.70,0.88,-1,-1,-1
80,5,72.66,295.38,59.99,180.01,0.81,-1,-1,-1
80,15,302.71,313.01,41.25,122.57,0.78,-1,-1,-1
81,1,624.04,296.40,84.84,234.70,0.94,-1,-1,-1
81,2,500.75,299.28,83.36,236.92,0.93,-1,-1,-1
81,3,86.11,291.48,57.31,186.36,0.92,-1,-1,-1
81,4,694.99,298.80,47.13,138.61,0.92,-1,-1,-1
81,8,535.70,314.81,49.25,151.98,0.55,-1,-1,-1
81,10,745.34,302.07,54.89,142.81,0.90,-1,-1,-1
81,12,797.52,329.93,137.46,160.48,0.88,-1,-1,-1
81,5,71.08,295.87,60.52,179.51,0.82,-1,-1,-1
82,1,625.53,295.36,85.39,232.24,0.95,-1,-1,-1
82,2,502.54,297.94,84.75,235.53,0.94,-1,-1,-1
82,3,85.80,290.47,56.66,188.11,0.91,-1,-1,-1
82,4,695.36,299.33,46.96,138.07,0.92,-1,-1,-1
82,8,536.80,314.65,49.75,149.00,0.30,-1,-1,-1
82,10,745.49,302.41,55.58,141.97,0.91,-1,-1,-1
82,12,797.03,329.53,141.05,162.25,0.88,-1,-1,-1
82,5,70.33,297.07,58.98,178.66,0.78,-1,-1,-1
82,9,304.53,310.51,46.68,122.77,0.87,-1,-1,-1
83,1,626.33,294.74,86.18,231.02,0.95,-1,-1,-1
83,2,504.05,296.00,86.47,236.53,0.95,-1,-1,-1
83,3,85.58,290.58,55.34,187.73,0.91,-1,-1,-1
83,4,696.08,298.53,47.49,138.76,0.93,-1,-1,-1
83,8,539.88,315.24,48.17,136.38,0.29,-1,-1,-1
83,10,746.12,302.76,55.83,141.95,0.91,-1,-1,-1
83,12,797.51,329.15,142.33,163.20,0.79,-1,-1,-1
83,5,70.18,298.65,59.14,178.14,0.84,-1,-1,-1
83,9,303.83,310.57,47.86,123.32,0.87,-1,-1,-1
84,1,628.39,295.29,86.49,230.34,0.95,-1,-1,-1
84,2,505.45,296.34,87.72,236.68,0.94,-1,-1,-1
84,3,84.39,290.76,54.86,188.51,0.91,-1,-1,-1
84,4,697.27,297.95,47.10,140.25,0.93,-1,-1,-1
84,8,542.00,315.18,47.51,129.86,0.21,-1,-1,-1
84,10,746.99,303.06,55.93,142.26,0.91,-1,-1,-1
84,12,798.45,329.05,143.28,165.20,0.81,-1,-1,-1
84,5,68.47,299.57,59.50,178.38,0.85,-1,-1,-1
84,9,303.04,310.60,48.89,124.43,0.89,-1,-1,-1
85,1,630.93,295.51,86.01,230.39,0.95,-1,-1,-1
85,2,506.54,297.38,89.39,237.35,0.94,-1,-1,-1
85,3,83.38,291.30,54.50,188.94,0.91,-1,-1,-1
85,4,697.74,298.17,47.55,141.10,0.93,-1,-1,-1
85,8,544.02,315.47,47.25,129.65,0.29,-1,-1,-1
85,10,749.12,303.47,55.37,142.67,0.90,-1,-1,-1
85,12,800.11,329.60,144.10,166.22,0.81,-1,-1,-1
85,5,67.23,299.81,58.45,179.77,0.84,-1,-1,-1
85,9,302.90,310.93,48.98,125.13,0.90,-1,-1,-1
86,1,632.71,296.54,85.78,228.94,0.95,-1,-1,-1
86,2,507.76,297.80,90.57,239.41,0.94,-1,-1,-1
86,3,82.25,291.01,54.07,191.33,0.91,-1,-1,-1
86,4,697.87,297.25,48.29,142.91,0.93,-1,-1,-1
86,8,544.45,315.90,48.30,131.10,0.38,-1,-1,-1
86,10,750.18,303.97,55.72,142.83,0.90,-1,-1,-1
86,12,801.39,330.47,144.83,167.78,0.82,-1,-1,-1
86,5,65.71,299.42,56.18,181.31,0.83,-1,-1,-1
86,9,302.36,311.04,49.26,125.98,0.90,-1,-1,-1
87,1,633.55,296.92,86.87,233.13,0.93,-1,-1,-1
87,2,508.14,298.40,92.17,242.05,0.94,-1,-1,-1
87,3,80.19,291.51,55.08,191.86,0.92,-1,-1,-1
87,4,697.81,296.89,49.16,144.14,0.93,-1,-1,-1
87,8,543.38,316.95,49.86,134.91,0.43,-1,-1,-1
87,10,751.94,304.74,54.65,143.43,0.92,-1,-1,-1
87,12,802.41,330.34,144.95,169.31,0.82,-1,-1,-1
87,5,64.41,300.49,57.50,181.50,0.85,-1,-1,-1
87,9,303.21,311.24,48.75,125.65,0.90,-1,-1,-1
88,1,635.90,297.90,87.27,235.87,0.95,-1,-1,-1
88,2,508.84,299.47,93.35,243.32,0.94,-1,-1,-1
88,3,77.79,291.96,56.90,192.61,0.92,-1,-1,-1
88,4,698.37,296.70,50.07,144.87,0.93,-1,-1,-1
88,8,543.86,318.46,51.02,132.47,0.38,-1,-1,-1
88,10,752.87,305.40,54.24,143.63,0.91,-1,-1,-1
88,12,804.03,331.55,145.45,169.39,0.78,-1,-1,-1
88,5,62.61,301.46,59.17,181.81,0.87,-1,-1,-1
88,9,304.61,311.41,48.23,125.48,0.88,-1,-1,-1
89,1,631.04,298.76,93.93,237.17,0.94,-1,-1,-1
89,2,509.33,300.81,93.76,243.90,0.94,-1,-1,-1
89,3,76.81,292.30,56.24,193.74,0.92,-1,-1,-1
89,4,697.92,296.52,50.99,145.40,0.92,-1,-1,-1
89,8,544.00,318.63,52.03,132.99,0.24,-1,-1,-1
89,10,752.82,305.54,55.27,144.28,0.91,-1,-1,-1
89,12,805.22,332.06,144.92,170.10,0.86,-1,-1,-1
89,5,59.53,302.31,61.09,180.97,0.84,-1,-1,-1
89,9,305.73,311.21,48.30,125.98,0.89,-1,-1,-1
90,1,632.68,299.36,93.52,237.66,0.93,-1,-1,-1
90,2,510.34,301.73,93.32,243.07,0.94,-1,-1,-1
90,3,75.58,292.42,56.20,194.45,0.91,-1,-1,-1
90,4,698.32,296.43,51.34,145.88,0.92,-1,-1,-1
90,10,753.08,305.26,55.66,144.81,0.90,-1,-1,-1
90,12,805.72,332.21,146.39,171.22,0.86,-1,-1,-1
90,5,57.74,303.07,60.54,180.47,0.85,-1,-1,-1
90,9,308.49,311.12,47.43,126.16,0.87,-1,-1,-1
91,1,635.03,299.18,92.08,238.37,0.93,-1,-1,-1
91,2,510.97,301.51,93.08,243.13,0.94,-1,-1,-1
91,3,74.64,292.16,55.90,195.09,0.91,-1,-1,-1
91,4,698.71,296.45,51.43,145.72,0.93,-1,-1,-1
91,10,753.68,304.75,55.78,144.68,0.90,-1,-1,-1
91,12,808.80,332.61,145.64,171.73,0.83,-1,-1,-1
91,5,56.46,302.31,59.24,182.00,0.85,-1,-1,-1
91,9,313.03,310.65,44.97,126.19,0.88,-1,-1,-1
92,1,639.13,299.08,88.50,238.01,0.94,-1,-1,-1
92,2,511.44,301.98,92.95,240.74,0.93,-1,-1,-1
92,3,73.02,292.17,55.98,194.85,0.92,-1,-1,-1
92,4,699.11,296.14,51.44,145.92,0.93,-1,-1,-1
92,10,753.84,304.68,56.41,145.20,0.90,-1,-1,-1
92,12,813.52,332.59,142.86,171.42,0.90,-1,-1,-1
92,5,53.26,301.83,61.79,182.69,0.87,-1,-1,-1
92,9,315.15,310.15,44.32,126.17,0.89,-1,-1,-1
93,1,636.37,298.72,91.93,238.44,0.93,-1,-1,-1
93,2,512.13,301.82,92.28,239.53,0.93,-1,-1,-1
93,3,70.55,291.38,56.46,195.47,0.92,-1,-1,-1
93,4,698.91,295.41,52.02,146.57,0.93,-1,-1,-1
93,10,753.84,304.03,57.23,145.98,0.90,-1,-1,-1
93,12,819.18,331.81,138.42,172.61,0.88,-1,-1,-1
93,5,52.21,301.45,62.43,182.78,0.87,-1,-1,-1
93,9,315.69,309.18,44.70,126.75,0.89,-1,-1,-1
94,1,639.50,297.84,89.08,238.73,0.93,-1,-1,-1
94,2,512.69,300.44,91.45,241.00,0.93,-1,-1,-1
94,3,69.03,290.43,56.45,196.12,0.92,-1,-1,-1
94,4,698.85,295.00,52.25,146.79,0.93,-1,-1,-1
94,10,754.44,303.34,56.96,147.44,0.90,-1,-1,-1
94,12,826.76,331.20,130.68,171.23,0.86,-1,-1,-1
94,5,50.27,300.96,59.76,182.33,0.86,-1,-1,-1
94,9,315.59,308.44,45.76,127.54,0.90,-1,-1,-1
95,1,643.06,296.81,85.52,239.57,0.95,-1,-1,-1
95,2,513.14,299.21,91.12,242.60,0.94,-1,-1,-1
95,3,67.05,289.50,56.18,196.94,0.91,-1,-1,-1
95,4,698.81,294.30,52.32,147.46,0.93,-1,-1,-1
95,10,755.23,302.83,56.84,147.98,0.90,-1,-1,-1
95,12,834.43,331.18,122.83,165.75,0.86,-1,-1,-1
95,5,48.35,300.80,58.46,182.13,0.85,-1,-1,-1
95,9,315.20,307.60,46.74,128.12,0.91,-1,-1,-1
96,1,645.28,295.72,84.19,241.24,0.95,-1,-1,-1
96,2,513.58,297.59,90.99,243.83,0.94,-1,-1,-1
96,3,61.94,288.59,59.12,198.14,0.93,-1,-1,-1
96,4,698.52,293.94,52.93,147.71,0.93,-1,-1,-1
96,10,755.54,302.09,57.39,149.08,0.88,-1,-1,-1
96,12,842.44,331.08,116.60,169.55,0.86,-1,-1,-1
96,5,45.49,299.28,60.82,183.55,0.85,-1,-1,-1
96,9,315.45,307.18,46.52,128.35,0.90,-1,-1,-1
97,1,645.47,294.19,84.32,241.89,0.94,-1,-1,-1
97,2,513.74,296.14,90.34,244.92,0.94,-1,-1,-1
97,3,58.11,287.69,60.95,199.19,0.92,-1,-1,-1
97,4,699.05,293.58,52.56,147.81,0.93,-1,-1,-1
97,10,756.00,301.58,58.18,150.09,0.87,-1,-1,-1
97,12,849.61,330.81,111.34,167.70,0.85,-1,-1,-1
97,5,41.94,299.35,63.31,183.79,0.84,-1,-1,-1
97,9,315.36,307.08,46.44,128.43,0.91,-1,-1,-1
98,1,639.76,292.92,91.01,242.23,0.92,-1,-1,-1
98,2,513.46,295.22,90.71,243.95,0.94,-1,-1,-1
98,3,48.88,286.57,67.98,200.73,0.92,-1,-1,-1
98,4,698.63,293.64,53.01,147.81,0.92,-1,-1,-1
98,10,755.83,301.13,58.48,150.74,0.88,-1,-1,-1
98,12,856.02,330.43,106.75,173.54,0.86,-1,-1,-1
98,5,41.80,299.62,58.30,184.60,0.78,-1,-1,-1
98,9,314.85,307.13,46.71,128.74,0.91,-1,-1,-1
99,1,642.91,292.21,88.21,243.24,0.93,-1,-1,-1
99,2,513.63,294.19,90.25,241.04,0.94,-1,-1,-1
99,3,43.64,286.64,71.24,201.15,0.92,-1,-1,-1
99,4,698.77,293.88,53.16,147.80,0.92,-1,-1,-1
99,10,756.06,300.74,59.18,153.04,0.88,-1,-1,-1
99,12,855.32,330.07,109.92,177.46,0.86,-1,-1,-1
99,9,315.38,307.21,46.21,128.54,0.91,-1,-1,-1
100,1,641.13,291.63,90.67,242.90,0.92,-1,-1,-1
100,2,513.04,293.78,90.09,239.82,0.94,-1,-1,-1
100,3,40.44,286.35,72.57,202.05,0.92,-1,-1,-1
100,4,698.82,293.94,53.22,148.71,0.92,-1,-1,-1
100,10,755.84,301.00,60.04,156.87,0.87,-1,-1,-1
100,12,855.03,330.19,112.90,179.12,0.86,-1,-1,-1
100,9,314.90,307.66,49.02,128.77,0.91,-1,-1,-1
101,1,637.90,291.46,95.12,241.57,0.93,-1,-1,-1
101,2,512.58,293.53,90.04,239.54,0.94,-1,-1,-1
101,3,36.49,287.03,74.04,202.24,0.91,-1,-1,-1
101,4,698.93,294.00,53.83,149.94,0.91,-1,-1,-1
101,10,756.44,301.88,59.77,153.32,0.88,-1,-1,-1
101,12,857.61,331.16,112.58,180.03,0.83,-1,-1,-1
101,9,313.61,308.17,53.55,129.16,0.92,-1,-1,-1
101,5,34.68,299.38,57.72,189.00,0.85,-1,-1,-1
102,1,637.53,292.81,96.83,239.18,0.94,-1,-1,-1
102,2,511.16,293.96,91.24,240.25,0.93,-1,-1,-1
102,3,28.01,287.81,80.20,203.96,0.85,-1,-1,-1
102,4,698.69,294.38,54.66,151.32,0.91,-1,-1,-1
102,10,756.09,302.88,61.45,153.11,0.88,-1,-1,-1
102,12,862.42,331.75,110.43,181.71,0.83,-1,-1,-1
102,9,312.57,308.43,56.17,129.92,0.91,-1,-1,-1
102,5,30.96,300.08,61.12,189.36,0.71,-1,-1,-1
103,1,639.13,293.28,95.67,229.50,0.92,-1,-1,-1
103,2,510.64,294.53,91.66,240.60,0.94,-1,-1,-1
103,3,23.46,288.63,82.78,204.23,0.86,-1,-1,-1
103,4,698.27,294.93,55.54,152.97,0.91,-1,-1,-1
103,10,756.79,303.65,61.46,153.87,0.88,-1,-1,-1
103,12,867.65,332.36,109.63,182.69,0.84,-1,-1,-1
103,9,312.24,309.36,56.88,130.16,0.91,-1,-1,-1
104,1,639.14,294.06,96.37,231.59,0.93,-1,-1,-1
104,2,509.85,295.35,92.42,241.00,0.94,-1,-1,-1
104,3,33.62,289.28,70.76,205.47,0.90,-1,-1,-1
104,4,697.80,295.56,55.87,153.25,0.91,-1,-1,-1
104,10,756.42,304.36,62.04,153.81,0.89,-1,-1,-1
104,12,866.68,333.14,112.11,184.47,0.84,-1,-1,-1
104,9,311.56,310.02,58.00,130.52,0.92,-1,-1,-1
104,5,27.26,300.19,57.39,192.43,0.82,-1,-1,-1
105,1,639.82,295.47,97.81,233.63,0.92,-1,-1,-1
105,2,509.90,295.74,92.72,242.56,0.94,-1,-1,-1
105,3,34.23,289.43,68.68,206.26,0.88,-1,-1,-1
105,4,698.60,295.87,55.40,153.67,0.91,-1,-1,-1
105,10,756.98,304.70,62.85,153.80,0.90,-1,-1,-1
105,12,871.45,334.11,109.19,185.60,0.87,-1,-1,-1
105,9,311.44,310.78,57.54,130.67,0.92,-1,-1,-1
105,5,25.83,300.43,60.36,193.63,0.83,-1,-1,-1
106,1,641.51,295.95,97.72,234.06,0.92,-1,-1,-1
106,2,510.52,295.84,92.81,241.89,0.94,-1,-1,-1
106,3,35.80,290.35,65.98,206.47,0.90,-1,-1,-1
106,4,700.35,296.08,54.00,153.76,0.91,-1,-1,-1
106,10,757.42,304.61,64.31,156.57,0.89,-1,-1,-1
106,12,871.20,334.99,114.15,187.11,0.83,-1,-1,-1
106,9,312.18,311.46,56.43,130.68,0.92,-1,-1,-1
106,5,23.74,301.23,62.58,193.85,0.85,-1,-1,-1
107,1,644.78,295.70,96.45,233.85,0.90,-1,-1,-1
107,2,512.25,295.60,91.62,246.17,0.94,-1,-1,-1
107,3,31.39,289.85,69.30,207.78,0.90,-1,-1,-1
107,4,701.86,296.32,53.44,153.72,0.90,-1,-1,-1
107,10,758.09,304.43,64.84,159.61,0.89,-1,-1,-1
107,12,875.11,335.01,111.20,186.24,0.85,-1,-1,-1
107,9,312.70,311.14,55.66,131.22,0.92,-1,-1,-1
107,5,22.44,301.27,64.09,195.17,0.85,-1,-1,-1
108,1,644.85,295.47,97.75,234.98,0.91,-1,-1,-1
108,2,514.43,296.14,91.19,247.91,0.93,-1,-1,-1
108,3,29.96,288.99,69.46,208.83,0.88,-1,-1,-1
108,4,701.24,295.38,54.45,154.57,0.90,-1,-1,-1
108,10,758.96,303.78,65.04,163.83,0.88,-1,-1,-1
108,12,879.20,334.11,109.18,185.99,0.87,-1,-1,-1
108,9,313.21,311.21,54.76,131.11,0.92,-1,-1,-1
108,5,17.60,300.91,66.55,195.94,0.78,-1,-1,-1
108,16,644.85,304.65,52.20,151.65,0.75,-1,-1,-1
109,1,646.89,294.17,97.02,238.99,0.90,-1,-1,-1
109,2,516.40,296.32,92.80,248.55,0.93,-1,-1,-1
109,3,27.84,288.16,70.31,209.65,0.90,-1,-1,-1
109,4,700.97,294.41,55.40,154.87,0.90,-1,-1,-1
109,10,760.13,303.35,64.49,161.45,0.89,-1,-1,-1
109,12,880.58,334.04,109.65,187.35,0.87,-1,-1,-1
109,9,313.38,310.60,54.69,131.36,0.92,-1,-1,-1
109,5,15.49,300.43,67.91,196.20,0.79,-1,-1,-1
109,16,644.95,305.67,52.24,152.45,0.76,-1,-1,-1
110,1,654.76,293.37,91.34,239.90,0.91,-1,-1,-1
110,2,518.57,295.92,92.80,249.80,0.94,-1,-1,-1
110,3,23.83,287.51,72.47,209.62,0.84,-1,-1,-1
110,4,701.41,293.58,55.16,156.45,0.89,-1,-1,-1
110,10,761.11,302.74,64.84,159.71,0.89,-1,-1,-1
110,12,882.13,333.26,109.84,188.27,0.87,-1,-1,-1
110,9,314.01,309.43,53.75,132.33,0.92,-1,-1,-1
110,5,1.03,299.00,81.13,197.16,0.82,-1,-1,-1
110,16,644.97,306.00,49.47,146.72,0.79,-1,-1,-1
111,1,659.56,292.64,89.14,239.50,0.91,-1,-1,-1
111,2,521.47,295.20,91.60,249.37,0.94,-1,-1,-1
111,3,20.27,286.40,74.60,210.18,0.81,-1,-1,-1
111,4,702.19,293.15,54.46,157.33,0.88,-1,-1,-1
111,10,762.67,301.93,64.37,158.43,0.89,-1,-1,-1
111,12,877.84,332.53,117.12,190.82,0.86,-1,-1,-1
111,9,314.23,307.83,53.08,133.59,0.92,-1,-1,-1
111,5,-4.30,298.34,84.85,197.35,0.80,-1,-1,-1
111,16,645.65,306.52,49.26,143.34,0.82,-1,-1,-1
112,1,662.81,292.25,88.97,237.39,0.92,-1,-1,-1
112,2,524.38,295.11,89.35,248.12,0.94,-1,-1,-1
112,3,21.16,284.71,72.02,211.99,0.87,-1,-1,-1
112,4,703.13,291.53,54.80,161.19,0.85,-1,-1,-1
112,10,763.30,300.91,65.37,160.76,0.88,-1,-1,-1
112,12,883.58,330.50,113.69,191.44,0.85,-1,-1,-1
112,9,316.17,306.52,51.03,134.93,0.91,-1,-1,-1
112,5,-6.11,296.67,83.09,198.86,0.80,-1,-1,-1
112,16,646.56,305.30,49.25,141.79,0.82,-1,-1,-1
113,1,662.07,291.87,91.95,241.97,0.90,-1,-1,-1
113,2,527.49,295.00,86.71,248.38,0.94,-1,-1,-1
113,3,22.24,283.56,69.71,213.24,0.91,-1,-1,-1
113,4,701.63,290.39,57.30,165.28,0.84,-1,-1,-1
113,10,764.65,299.70,65.74,166.35,0.87,-1,-1,-1
113,12,887.19,329.93,112.00,191.79,0.84,-1,-1,-1
113,9,316.68,305.65,50.86,135.43,0.91,-1,-1,-1
113,5,-2.97,294.93,75.46,200.58,0.79,-1,-1,-1
113,16,647.11,304.11,50.61,143.10,0.81,-1,-1,-1
114,1,666.94,291.11,89.47,240.36,0.91,-1,-1,-1
114,2,530.80,293.25,85.71,253.62,0.94,-1,-1,-1
114,3,20.03,282.36,70.92,215.10,0.91,-1,-1,-1
114,4,701.22,289.06,58.22,168.05,0.84,-1,-1,-1
114,10,766.21,299.38,64.66,162.50,0.87,-1,-1,-1
114,12,883.85,329.60,116.77,193.15,0.88,-1,-1,-1
114,9,318.24,305.08,50.79,135.95,0.91,-1,-1,-1
114,5,3.31,293.66,68.27,201.30,0.77,-1,-1,-1
114,16,647.72,303.48,49.17,143.04,0.82,-1,-1,-1
115,1,671.00,291.41,88.54,241.94,0.92,-1,-1,-1
115,2,534.26,292.75,84.79,253.21,0.94,-1,-1,-1
115,3,16.54,282.13,73.12,216.07,0.91,-1,-1,-1
115,4,701.22,289.14,58.58,171.11,0.84,-1,-1,-1
115,10,766.94,298.95,66.05,171.68,0.86,-1,-1,-1
115,12,888.06,329.59,114.72,193.62,0.87,-1,-1,-1
115,9,318.68,304.61,51.69,137.01,0.90,-1,-1,-1
115,5,2.03,293.41,69.48,202.12,0.78,-1,-1,-1
115,16,648.73,302.76,53.74,144.65,0.87,-1,-1,-1
116,1,674.19,290.74,87.59,243.69,0.92,-1,-1,-1
116,2,537.56,292.37,84.46,252.97,0.93,-1,-1,-1
116,3,14.43,283.36,73.13,216.37,0.92,-1,-1,-1
116,4,702.36,289.59,57.51,165.17,0.81,-1,-1,-1
116,10,767.44,299.06,67.14,174.58,0.87,-1,-1,-1
116,12,893.12,329.26,111.49,191.21,0.83,-1,-1,-1
116,9,319.72,304.69,52.32,137.67,0.90,-1,-1,-1
116,5,5.47,294.18,62.10,201.92,0.80,-1,-1,-1
116,16,649.34,302.29,55.31,145.56,0.84,-1,-1,-1
117,1,677.58,290.60,87.87,245.13,0.94,-1,-1,-1
117,2,540.90,292.61,84.37,254.86,0.94,-1,-1,-1
117,3,11.50,283.78,73.97,217.23,0.92,-1,-1,-1
117,4,702.41,290.93,58.28,166.20,0.79,-1,-1,-1
117,10,768.45,299.68,67.55,172.43,0.87,-1,-1,-1
117,12,896.79,330.36,109.41,191.17,0.84,-1,-1,-1
117,9,319.71,305.07,55.85,138.32,0.89,-1,-1,-1
117,5,5.23,295.47,61.13,202.44,0.82,-1,-1,-1
117,16,650.92,302.69,55.89,147.56,0.84,-1,-1,-1
118,1,681.00,291.78,88.03,244.69,0.94,-1,-1,-1
118,2,544.36,293.82,84.40,251.16,0.93,-1,-1,-1
118,3,8.02,285.20,75.86,217.90,0.93,-1,-1,-1
118,4,703.16,292.52,58.59,166.21,0.69,-1,-1,-1
118,10,769.24,300.39,68.32,177.84,0.86,-1,-1,-1
118,12,899.68,330.90,109.88,193.00,0.81,-1,-1,-1
118,9,323.55,305.49,55.44,139.09,0.90,-1,-1,-1
118,5,3.55,297.07,61.07,202.84,0.81,-1,-1,-1
118,16,651.35,303.33,56.11,147.36,0.85,-1,-1,-1
119,1,681.83,292.80,89.86,245.06,0.93,-1,-1,-1
119,2,546.13,295.13,84.99,249.38,0.93,-1,-1,-1
119,3,5.25,286.36,76.58,218.53,0.93,-1,-1,-1
119,4,700.71,294.28,63.41,172.41,0.20,-1,-1,-1
119,10,768.55,301.52,69.74,185.68,0.87,-1,-1,-1
119,12,901.17,331.40,111.23,195.44,0.82,-1,-1,-1
119,9,324.77,305.57,56.41,139.94,0.90,-1,-1,-1
119,5,1.27,298.45,60.60,203.54,0.79,-1,-1,-1
119,16,651.44,305.35,53.74,145.45,0.84,-1,-1,-1
120,1,684.37,293.67,89.95,243.36,0.93,-1,-1,-1
120,2,546.66,296.86,87.62,247.63,0.93,-1,-1,-1
120,3,2.25,287.01,76.79,219.01,0.90,-1,-1,-1
120,10,767.90,302.58,72.03,188.47,0.87,-1,-1,-1
120,12,902.45,333.25,111.44,194.83,0.80,-1,-1,-1
120,9,325.77,306.10,57.94,139.92,0.91,-1,-1,-1
120,5,-5.83,297.83,65.03,205.98,0.64,-1,-1,-1
120,16,652.29,306.15,52.19,144.72,0.82,-1,-1,-1
120,8,546.32,317.69,48.63,137.73,0.63,-1,-1,-1
121,1,686.11,294.54,90.54,244.71,0.94,-1,-1,-1
121,2,547.69,298.05,89.16,246.88,0.93,-1,-1,-1
121,3,0.53,287.33,76.89,220.72,0.92,-1,-1,-1
121,10,768.74,303.37,72.27,192.48,0.88,-1,-1,-1
121,12,903.62,334.48,112.38,191.81,0.78,-1,-1,-1
121,9,326.66,306.54,59.07,140.44,0.91,-1,-1,-1
121,5,-6.25,299.15,63.36,205.77,0.71,-1,-1,-1
121,16,652.26,306.83,54.03,145.02,0.87,-1,-1,-1
121,8,547.29,318.48,47.23,136.79,0.63,-1,-1,-1
122,1,688.17,295.05,91.37,244.58,0.93,-1,-1,-1
122,2,549.52,298.52,89.16,247.94,0.93,-1,-1,-1
122,3,-0.96,287.51,77.01,221.17,0.92,-1,-1,-1
122,10,769.35,303.55,71.74,192.46,0.87,-1,-1,-1
122,12,905.17,334.66,121.08,196.17,0.57,-1,-1,-1
122,9,328.18,306.90,58.32,140.89,0.89,-1,-1,-1
122,5,-6.84,300.16,63.44,205.34,0.73,-1,-1,-1
122,16,652.55,306.66,57.06,146.33,0.89,-1,-1,-1
122,8,548.52,318.64,46.20,137.41,0.58,-1,-1,-1
123,1,684.99,294.86,96.41,246.60,0.90,-1,-1,-1
123,2,550.43,297.55,89.13,250.28,0.93,-1,-1,-1
123,3,-2.41,287.30,75.87,221.45,0.91,-1,-1,-1
123,10,770.15,303.69,72.08,195.43,0.90,-1,-1,-1
123,12,905.11,334.95,121.96,196.29,0.61,-1,-1,-1
123,9,329.34,306.94,57.98,141.34,0.91,-1,-1,-1
123,5,-9.83,300.86,62.31,206.48,0.71,-1,-1,-1
123,16,652.64,306.21,57.61,147.13,0.91,-1,-1,-1
123,8,549.26,318.91,44.58,136.72,0.45,-1,-1,-1
124,1,690.42,294.39,92.45,245.80,0.93,-1,-1,-1
124,2,550.98,297.99,89.71,250.80,0.94,-1,-1,-1
124,3,-3.42,286.73,74.95,223.10,0.92,-1,-1,-1
124,10,771.56,303.48,71.60,193.06,0.90,-1,-1,-1
124,12,907.55,334.94,117.83,198.04,0.73,-1,-1,-1
124,9,330.22,307.04,58.13,141.45,0.92,-1,-1,-1
124,5,-13.43,300.47,61.81,205.35,0.50,-1,-1,-1
124,16,653.21,305.80,57.79,147.40,0.91,-1,-1,-1
124,8,550.13,318.31,43.40,137.03,0.56,-1,-1,-1
125,1,686.78,293.81,97.46,244.94,0.93,-1,-1,-1
125,2,551.70,298.05,89.34,251.35,0.94,-1,-1,-1
125,3,-5.23,286.22,74.47,223.31,0.93,-1,-1,-1
125,10,772.71,303.16,71.40,195.80,0.90,-1,-1,-1
125,12,909.97,334.40,111.11,200.95,0.83,-1,-1,-1
125,9,331.33,306.81,59.67,141.21,0.92,-1,-1,-1
125,5,-15.28,299.59,62.24,204.35,0.68,-1,-1,-1
125,16,653.12,305.24,59.03,147.53,0.91,-1,-1,-1
125,8,550.71,317.99,41.77,137.18,0.64,-1,-1,-1
126,1,685.66,293.05,100.99,247.83,0.93,-1,-1,-1
126,2,551.57,296.62,89.16,252.68,0.93,-1,-1,-1
126,3,-6.17,285.33,73.21,224.04,0.93,-1,-1,-1
126,10,773.32,302.19,71.29,193.77,0.89,-1,-1,-1
126,12,909.74,333.93,110.06,202.86,0.84,-1,-1,-1
126,9,332.04,306.47,62.86,141.37,0.92,-1,-1,-1
126,5,-17.01,296.15,62.28,208.84,0.68,-1,-1,-1
126,16,653.01,303.44,59.46,149.34,0.91,-1,-1,-1
126,8,550.55,316.25,43.10,139.31,0.60,-1,-1,-1
127,1,685.79,291.89,102.96,249.53,0.93,-1,-1,-1
127,2,551.77,296.70,89.73,251.72,0.93,-1,-1,-1
127,3,-7.50,284.49,72.00,224.92,0.93,-1,-1,-1
127,10,773.87,300.95,71.86,197.39,0.89,-1,-1,-1
127,12,910.88,333.16,109.72,204.46,0.84,-1,-1,-1
127,9,332.54,306.25,66.99,141.43,0.94,-1,-1,-1
127,5,-22.53,294.80,63.10,211.27,0.56,-1,-1,-1
127,16,652.98,303.08,59.63,149.14,0.91,-1,-1,-1
127,8,550.78,315.49,44.20,140.13,0.64,-1,-1,-1
128,1,686.42,290.90,104.85,251.40,0.93,-1,-1,-1
128,2,552.70,296.76,89.33,251.40,0.93,-1,-1,-1
128,3,-10.11,283.84,72.16,225.26,0.92,-1,-1,-1
128,10,775.60,299.64,70.86,196.09,0.88,-1,-1,-1
128,12,908.31,332.65,114.43,206.56,0.85,-1,-1,-1
128,9,332.83,306.18,69.72,141.77,0.94,-1,-1,-1
128,5,-27.80,292.63,67.43,214.13,0.46,-1,-1,-1
128,16,653.29,302.41,58.48,149.69,0.91,-1,-1,-1
128,8,550.58,314.64,44.63,141.04,0.75,-1,-1,-1
129,1,687.19,290.59,105.54,251.77,0.93,-1,-1,-1
129,2,553.29,296.84,88.58,250.65,0.93,-1,-1,-1
129,3,-13.64,283.08,72.96,225.64,0.91,-1,-1,-1
129,10,776.21,299.06,70.47,197.42,0.88,-1,-1,-1
129,12,912.60,332.20,110.26,207.00,0.85,-1,-1,-1
129,9,333.20,306.07,71.06,141.28,0.94,-1,-1,-1
129,5,-33.49,289.97,73.18,218.56,0.43,-1,-1,-1
129,16,653.68,302.36,58.01,149.88,0.91,-1,-1,-1
129,8,550.77,314.09,45.40,141.96,0.67,-1,-1,-1
130,1,687.76,290.88,105.77,251.89,0.93,-1,-1,-1
130,2,553.78,296.97,88.31,250.67,0.92,-1,-1,-1
130,3,-16.46,282.34,73.20,227.25,0.91,-1,-1,-1
130,10,777.33,298.50,70.33,196.84,0.86,-1,-1,-1
130,12,912.74,331.83,112.56,209.79,0.84,-1,-1,-1
130,9,333.17,306.14,71.54,141.38,0.94,-1,-1,-1
130,5,-44.69,286.03,80.24,225.07,0.29,-1,-1,-1
130,16,653.53,302.46,57.83,149.94,0.92,-1,-1,-1
130,8,551.14,313.55,46.30,142.59,0.66,-1,-1,-1
131,1,688.83,291.32,105.83,251.94,0.93,-1,-1,-1
131,2,553.90,296.75,88.21,251.91,0.93,-1,-1,-1
131,3,-18.88,281.78,72.93,228.46,0.90,-1,-1,-1
131,10,777.73,298.03,69.68,192.73,0.85,-1,-1,-1
131,12,916.36,332.32,111.03,208.77,0.84,-1,-1,-1
131,9,332.50,306.35,71.98,142.03,0.94,-1,-1,-1
131,5,-43.35,284.83,78.32,226.68,0.49,-1,-1,-1
131,16,653.77,302.83,57.16,149.68,0.92,-1,-1,-1
131,8,550.66,314.13,47.83,142.83,0.70,-1,-1,-1
132,1,689.19,291.87,105.82,251.97,0.92,-1,-1,-1
132,2,554.18,296.73,88.18,252.40,0.92,-1,-1,-1
132,3,-20.43,280.74,71.06,230.70,0.91,-1,-1,-1
132,10,778.75,297.79,68.83,194.58,0.87,-1,-1,-1
132,12,915.88,332.60,111.66,210.73,0.86,-1,-1,-1
132,9,331.57,306.64,72.41,142.28,0.94,-1,-1,-1
132,16,654.13,303.20,56.90,149.59,0.92,-1,-1,-1
132,8,550.44,314.73,47.82,142.92,0.69,-1,-1,-1
133,1,690.88,292.84,105.22,252.60,0.93,-1,-1,-1
133,2,554.32,296.59,89.40,255.01,0.93,-1,-1,-1
133,3,-23.36,281.15,71.52,232.16,0.90,-1,-1,-1
133,10,779.83,298.32,68.54,194.54,0.86,-1,-1,-1
133,12,919.39,333.31,108.35,209.25,0.85,-1,-1,-1
133,9,331.22,307.53,72.56,142.69,0.94,-1,-1,-1
133,16,654.35,303.21,56.82,150.78,0.92,-1,-1,-1
133,8,549.83,315.14,47.83,143.86,0.75,-1,-1,-1
134,1,692.38,293.52,105.54,253.70,0.93,-1,-1,-1
134,2,554.36,296.85,90.44,255.98,0.93,-1,-1,-1
134,3,-25.41,281.32,70.78,234.74,0.90,-1,-1,-1
134,10,780.20,299.15,69.62,197.76,0.86,-1,-1,-1
134,12,922.77,334.50,106.78,209.22,0.84,-1,-1,-1
134,9,330.22,308.46,73.15,143.43,0.94,-1,-1,-1
134,16,654.74,303.83,57.37,151.51,0.92,-1,-1,-1
134,8,549.60,315.61,47.22,144.49,0.78,-1,-1,-1
135,1,694.71,294.35,104.48,255.61,0.93,-1,-1,-1
135,2,553.44,296.94,92.04,258.13,0.93,-1,-1,-1
135,3,-28.31,282.60,70.95,235.70,0.88,-1,-1,-1
135,10,781.23,300.34,69.45,191.86,0.87,-1,-1,-1
135,12,924.58,335.80,108.66,209.19,0.85,-1,-1,-1
135,9,330.08,308.36,73.36,144.90,0.94,-1,-1,-1
135,16,655.17,304.20,57.00,152.98,0.92,-1,-1,-1
135,8,549.21,315.33,47.59,145.76,0.74,-1,-1,-1
136,1,696.42,294.90,103.44,252.70,0.93,-1,-1,-1
136,2,552.18,297.51,93.24,255.92,0.92,-1,-1,-1
136,3,-31.85,283.97,71.62,236.88,0.89,-1,-1,-1
136,10,781.85,301.63,69.98,191.00,0.86,-1,-1,-1
136,12,925.75,337.56,108.17,208.37,0.85,-1,-1,-1
136,9,330.78,309.17,72.23,145.42,0.94,-1,-1,-1
136,16,655.31,304.28,57.45,154.10,0.92,-1,-1,-1
136,8,548.76,316.51,48.32,146.05,0.71,-1,-1,-1
137,1,698.62,295.19,103.05,250.19,0.93,-1,-1,-1
137,2,551.20,297.83,93.70,254.88,0.92,-1,-1,-1
137,3,-36.05,284.80,73.16,238.15,0.88,-1,-1,-1
137,10,783.06,302.05,71.39,195.76,0.87,-1,-1,-1
137,12,930.42,339.93,108.01,209.51,0.84,-1,-1,-1
137,9,332.95,310.19,69.67,145.59,0.93,-1,-1,-1
137,16,655.17,304.41,57.63,155.09,0.92,-1,-1,-1
137,8,549.00,316.03,46.83,147.62,0.79,-1,-1,-1
138,1,700.21,295.96,103.44,244.20,0.93,-1,-1,-1
138,2,549.59,297.86,95.59,253.78,0.92,-1,-1,-1
138,3,-40.11,285.89,75.00,238.80,0.88,-1,-1,-1
138,10,784.55,302.57,70.10,194.05,0.87,-1,-1,-1
138,12,926.51,340.42,115.11,214.61,0.87,-1,-1,-1
138,9,336.22,310.61,65.92,146.18,0.93,-1,-1,-1
138,16,655.62,304.37,57.66,155.98,0.92,-1,-1,-1
138,8,548.46,317.23,46.21,148.14,0.81,-1,-1,-1
139,1,701.69,295.77,104.78,250.07,0.93,-1,-1,-1
139,2,549.35,297.86,96.88,253.77,0.93,-1,-1,-1
139,3,-41.82,285.45,74.86,239.70,0.87,-1,-1,-1
139,10,786.32,303.03,69.00,181.80,0.88,-1,-1,-1
139,12,932.09,341.86,110.71,209.37,0.85,-1,-1,-1
139,9,340.42,310.62,61.76,146.65,0.93,-1,-1,-1
139,16,655.84,304.63,57.67,155.97,0.92,-1,-1,-1
139,8,548.63,317.82,44.79,148.58,0.82,-1,-1,-1
140,1,710.41,295.62,97.50,245.93,0.91,-1,-1,-1
140,2,549.47,297.17,97.31,254.01,0.93,-1,-1,-1
140,3,-46.04,285.28,76.86,240.10,0.86,-1,-1,-1
140,10,787.71,302.84,68.55,178.31,0.88,-1,-1,-1
140,12,936.45,342.03,107.67,210.25,0.84,-1,-1,-1
140,9,346.20,309.90,56.50,147.38,0.92,-1,-1,-1
140,16,656.71,304.65,57.04,156.07,0.93,-1,-1,-1
140,8,549.22,317.06,44.84,149.59,0.82,-1,-1,-1
141,1,716.73,294.86,93.41,245.27,0.91,-1,-1,-1
141,2,550.06,296.51,97.43,254.71,0.93,-1,-1,-1
141,3,-49.44,286.25,77.93,238.44,0.85,-1,-1,-1
141,10,789.06,302.52,67.78,177.57,0.87,-1,-1,-1
141,12,938.57,341.85,107.74,209.54,0.85,-1,-1,-1
141,9,351.94,309.20,52.13,147.65,0.91,-1,-1,-1
141,16,656.99,304.87,57.40,155.65,0.93,-1,-1,-1
141,8,549.70,316.66,44.86,150.25,0.81,-1,-1,-1
142,1,720.16,293.80,90.75,241.50,0.93,-1,-1,-1
142,2,551.85,294.77,96.27,256.38,0.92,-1,-1,-1
142,3,-51.20,286.11,78.07,237.10,0.82,-1,-1,-1
142,10,790.14,301.61,69.31,186.52,0.87,-1,-1,-1
142,12,940.45,341.54,108.97,210.82,0.85,-1,-1,-1
142,9,356.95,308.07,48.79,148.58,0.91,-1,-1,-1
142,16,658.02,304.63,56.94,155.72,0.92,-1,-1,-1
142,8,549.95,316.20,45.49,150.43,0.80,-1,-1,-1
143,1,716.08,292.35,97.21,243.63,0.90,-1,-1,-1
143,2,551.91,292.63,98.22,257.65,0.93,-1,-1,-1
143,3,-53.93,285.46,79.23,237.21,0.76,-1,-1,-1
143,10,791.13,300.37,69.30,187.47,0.85,-1,-1,-1
143,12,943.52,340.50,109.47,214.60,0.84,-1,-1,-1
143,9,359.75,306.75,50.62,149.24,0.91,-1,-1,-1
143,16,658.41,304.09,57.37,156.06,0.92,-1,-1,-1
143,8,550.03,315.44,44.54,150.79,0.83,-1,-1,-1
144,1,717.41,291.25,98.34,242.65,0.90,-1,-1,-1
144,2,552.93,293.08,101.32,257.53,0.92,-1,-1,-1
144,3,-55.45,284.43,78.25,239.32,0.67,-1,-1,-1
144,10,794.27,299.49,67.53,181.14,0.86,-1,-1,-1
144,12,946.52,339.97,112.07,214.97,0.86,-1,-1,-1
144,9,361.99,306.02,53.10,151.26,0.90,-1,-1,-1
144,16,659.55,303.48,57.55,156.47,0.92,-1,-1,-1
144,8,550.46,315.20,44.20,150.91,0.85,-1,-1,-1
144,4,717.20,293.47,64.82,170.20,0.63,-1,-1,-1
145,1,714.19,290.03,104.71,245.92,0.92,-1,-1,-1
145,2,553.84,293.47,105.37,258.23,0.92,-1,-1,-1
145,3,-56.10,283.40,76.47,241.30,0.59,-1,-1,-1
145,10,795.05,298.20,69.24,192.51,0.83,-1,-1,-1
145,12,948.71,340.02,115.38,215.25,0.85,-1,-1,-1
145,9,364.91,305.64,51.92,152.01,0.89,-1,-1,-1
145,16,661.10,302.73,57.00,157.22,0.92,-1,-1,-1
145,8,551.16,314.88,45.27,151.54,0.85,-1,-1,-1
145,4,718.86,293.57,63.53,170.34,0.75,-1,-1,-1
146,1,719.15,290.57,103.65,243.22,0.89,-1,-1,-1
146,2,563.88,294.52,101.73,257.37,0.91,-1,-1,-1
146,3,-56.26,283.74,75.36,242.42,0.69,-1,-1,-1
146,10,797.16,297.64,68.13,190.24,0.85,-1,-1,-1
146,12,951.29,339.75,115.49,215.57,0.84,-1,-1,-1
146,9,366.88,305.51,53.69,151.94,0.91,-1,-1,-1
146,16,662.35,302.55,56.82,157.76,0.92,-1,-1,-1
146,8,551.52,314.73,45.10,151.58,0.86,-1,-1,-1
146,4,718.25,289.07,67.44,173.99,0.77,-1,-1,-1
147,1,728.66,290.25,97.83,246.81,0.91,-1,-1,-1
147,2,566.19,295.53,106.16,256.57,0.91,-1,-1,-1
147,3,-58.87,283.04,75.98,244.27,0.59,-1,-1,-1
147,10,799.94,297.52,67.09,185.53,0.86,-1,-1,-1
147,12,951.59,340.06,120.25,220.53,0.85,-1,-1,-1
147,9,368.06,305.33,55.53,151.96,0.91,-1,-1,-1
147,16,663.57,302.39,56.75,158.02,0.93,-1,-1,-1
147,8,551.48,314.27,45.03,152.09,0.87,-1,-1,-1
147,4,717.64,288.09,68.83,174.50,0.82,-1,-1,-1
148,1,735.93,290.65,94.37,247.79,0.92,-1,-1,-1
148,2,571.72,295.83,106.05,257.98,0.93,-1,-1,-1
148,3,-59.37,285.48,73.64,242.34,0.53,-1,-1,-1
148,10,801.61,297.11,67.93,197.17,0.84,-1,-1,-1
148,12,952.37,340.12,124.39,225.54,0.87,-1,-1,-1
148,9,370.01,305.62,63.65,152.30,0.92,-1,-1,-1
148,16,663.76,302.25,57.93,158.45,0.92,-1,-1,-1
148,8,551.78,314.47,46.21,152.31,0.87,-1,-1,-1
148,4,718.32,286.76,68.77,176.40,0.85,-1,-1,-1
149,1,740.69,291.36,92.50,246.59,0.93,-1,-1,-1
149,2,576.22,297.07,105.36,258.42,0.92,-1,-1,-1
149,3,-62.38,281.51,75.09,246.56,0.32,-1,-1,-1
149,10,804.08,297.67,68.24,205.84,0.84,-1,-1,-1
149,12,956.82,340.86,123.65,221.31,0.82,-1,-1,-1
149,9,372.44,305.96,68.93,152.44,0.93,-1,-1,-1
149,16,663.58,301.86,58.96,159.83,0.91,-1,-1,-1
149,8,552.22,314.94,45.46,152.41,0.88,-1,-1,-1
149,4,719.53,288.35,68.72,176.08,0.84,-1,-1,-1
