0,1,372.82,314.55,116.77,229.05,0.93,-1,-1,-1
0,2,622.35,196.87,276.30,745.42,0.91,-1,-1,-1
0,3,305.55,315.90,81.45,227.70,0.89,-1,-1,-1
0,4,237.15,309.60,81.90,231.75,0.86,-1,-1,-1
0,5,836.10,307.57,210.60,581.62,0.84,-1,-1,-1
1,1,383.73,316.55,118.99,229.07,0.93,-1,-1,-1
1,2,641.67,195.30,283.13,763.49,0.90,-1,-1,-1
1,3,318.59,316.75,85.02,227.73,0.91,-1,-1,-1
1,4,252.32,310.46,80.40,231.00,0.87,-1,-1,-1
1,5,860.94,309.51,218.56,599.28,0.84,-1,-1,-1
2,1,394.01,316.93,120.10,231.24,0.93,-1,-1,-1
2,2,661.81,195.39,290.31,781.06,0.89,-1,-1,-1
2,3,332.66,317.99,86.70,226.74,0.91,-1,-1,-1
2,4,267.90,311.00,79.81,233.39,0.87,-1,-1,-1
2,5,892.08,312.50,220.01,610.28,0.85,-1,-1,-1
3,1,406.04,316.61,119.33,233.57,0.94,-1,-1,-1
3,2,684.56,187.66,298.11,808.20,0.88,-1,-1,-1
3,3,348.44,318.63,86.12,226.70,0.89,-1,-1,-1
3,4,282.07,311.41,81.34,236.49,0.86,-1,-1,-1
3,5,927.54,310.02,220.21,638.43,0.85,-1,-1,-1
4,1,416.64,317.08,118.35,234.52,0.94,-1,-1,-1
4,2,709.41,180.20,305.01,827.10,0.88,-1,-1,-1
4,3,361.69,320.40,86.83,228.30,0.91,-1,-1,-1
4,4,296.69,311.15,82.49,235.71,0.86,-1,-1,-1
4,5,958.20,307.56,225.43,654.46,0.84,-1,-1,-1
5,1,429.90,316.56,114.11,235.70,0.93,-1,-1,-1
5,2,733.49,172.98,314.05,839.48,0.87,-1,-1,-1
5,3,373.14,319.63,88.31,230.76,0.88,-1,-1,-1
5,4,309.24,310.68,87.66,237.28,0.86,-1,-1,-1
5,5,993.33,304.31,220.76,658.51,0.85,-1,-1,-1
6,1,440.41,314.48,114.12,238.62,0.93,-1,-1,-1
6,2,762.52,161.90,322.99,889.03,0.86,-1,-1,-1
6,3,384.33,317.44,89.13,234.46,0.91,-1,-1,-1
6,4,320.66,309.08,92.21,240.49,0.89,-1,-1,-1
6,5,1031.56,300.99,231.61,675.22,0.88,-1,-1,-1
6,6,797.40,310.05,61.20,193.95,0.86,-1,-1,-1
6,7,-32.01,320.40,54.03,119.70,0.75,-1,-1,-1
7,1,460.25,313.30,105.24,239.78,0.94,-1,-1,-1
7,2,792.91,144.73,329.64,931.94,0.85,-1,-1,-1
7,3,400.79,316.05,84.32,236.99,0.92,-1,-1,-1
7,4,331.36,307.28,96.54,242.84,0.89,-1,-1,-1
7,5,1067.85,294.56,241.43,698.32,0.84,-1,-1,-1
7,6,807.04,309.05,61.25,194.86,0.90,-1,-1,-1
7,7,-22.38,319.96,54.11,119.70,0.85,-1,-1,-1
8,1,479.13,310.26,96.93,242.42,0.93,-1,-1,-1
8,2,827.96,127.44,334.25,972.04,0.83,-1,-1,-1
8,3,409.53,316.07,85.57,236.67,0.90,-1,-1,-1
8,4,342.29,305.68,100.77,240.90,0.85,-1,-1,-1
8,5,1102.35,283.96,242.64,738.47,0.79,-1,-1,-1
8,6,814.72,307.25,60.58,196.59,0.91,-1,-1,-1
8,7,-11.88,318.99,52.67,123.52,0.82,-1,-1,-1
9,1,497.38,309.19,90.99,243.61,0.94,-1,-1,-1
9,2,868.78,111.77,333.25,996.45,0.81,-1,-1,-1
9,3,420.86,314.63,84.93,239.17,0.90,-1,-1,-1
9,4,359.31,303.50,92.95,252.02,0.83,-1,-1,-1
9,5,1139.05,280.07,235.66,750.23,0.73,-1,-1,-1
9,6,820.43,306.04,60.31,198.20,0.92,-1,-1,-1
9,7,1.73,318.99,49.10,125.13,0.81,-1,-1,-1
9,8,-15.29,324.45,52.75,131.85,0.79,-1,-1,-1
10,1,510.79,307.61,88.55,245.78,0.95,-1,-1,-1
10,2,912.38,100.73,335.04,1025.23,0.81,-1,-1,-1
10,3,435.99,315.33,79.84,238.80,0.91,-1,-1,-1
10,4,368.37,303.00,99.80,257.25,0.87,-1,-1,-1
10,5,1173.01,273.19,232.86,758.77,0.47,-1,-1,-1
10,6,825.02,304.52,61.61,200.16,0.93,-1,-1,-1
10,7,13.15,318.36,48.15,126.20,0.81,-1,-1,-1
10,8,-7.89,324.55,57.52,129.68,0.81,-1,-1,-1
11,1,522.56,307.09,87.85,247.45,0.95,-1,-1,-1
11,2,950.34,88.11,341.28,1028.03,0.75,-1,-1,-1
11,3,446.40,314.12,79.14,240.74,0.90,-1,-1,-1
11,4,375.95,303.46,111.03,259.20,0.90,-1,-1,-1
11,6,828.71,303.83,63.30,201.08,0.93,-1,-1,-1
11,7,23.61,317.48,47.33,126.16,0.81,-1,-1,-1
11,8,1.19,323.69,59.20,127.16,0.83,-1,-1,-1
11,9,920.25,332.55,59.85,144.45,0.91,-1,-1,-1
12,1,532.86,307.25,87.75,250.43,0.94,-1,-1,-1
12,2,990.81,74.20,341.17,1069.04,0.74,-1,-1,-1
12,3,456.76,313.84,78.78,241.60,0.91,-1,-1,-1
12,4,384.63,304.29,117.19,261.32,0.91,-1,-1,-1
12,6,829.66,303.49,67.64,202.16,0.94,-1,-1,-1
12,7,32.94,316.57,47.92,127.66,0.83,-1,-1,-1
12,8,10.65,323.02,55.81,127.41,0.84,-1,-1,-1
12,9,926.31,332.84,59.51,144.08,0.91,-1,-1,-1
13,1,544.31,307.52,87.24,253.16,0.94,-1,-1,-1
13,2,1025.33,64.45,359.96,1112.12,0.69,-1,-1,-1
13,3,466.28,312.44,78.85,244.74,0.90,-1,-1,-1
13,4,393.66,302.89,123.61,265.60,0.93,-1,-1,-1
13,6,826.58,303.88,77.01,202.38,0.94,-1,-1,-1
13,7,41.99,316.30,48.85,131.56,0.84,-1,-1,-1
13,8,19.48,323.03,56.27,130.28,0.81,-1,-1,-1
13,9,933.29,333.25,60.85,144.72,0.93,-1,-1,-1
13,10,1000.80,325.57,57.60,159.98,0.83,-1,-1,-1
13,11,-25.61,300.60,59.30,160.20,0.80,-1,-1,-1
14,1,554.93,307.83,87.18,256.97,0.95,-1,-1,-1
14,2,1049.31,70.39,365.83,1140.65,0.65,-1,-1,-1
14,3,474.74,313.87,80.72,243.11,0.87,-1,-1,-1
14,4,402.97,305.36,127.08,264.51,0.92,-1,-1,-1
14,6,822.77,305.62,87.96,202.42,0.95,-1,-1,-1
14,7,51.38,315.65,48.75,134.76,0.81,-1,-1,-1
14,8,29.73,323.08,56.74,130.60,0.80,-1,-1,-1
14,9,939.74,334.31,62.67,144.76,0.93,-1,-1,-1
14,10,1012.27,325.18,61.96,160.72,0.93,-1,-1,-1
14,11,-16.68,300.57,59.06,160.75,0.84,-1,-1,-1
15,1,565.25,310.05,88.46,258.08,0.95,-1,-1,-1
15,2,1073.20,76.03,397.08,1184.04,0.38,-1,-1,-1
15,3,485.50,313.28,80.83,247.20,0.89,-1,-1,-1
15,4,412.55,305.46,123.77,267.82,0.92,-1,-1,-1
15,6,819.98,306.78,97.91,202.85,0.95,-1,-1,-1
15,7,59.95,315.72,50.05,136.81,0.84,-1,-1,-1
15,8,38.16,322.94,55.57,131.95,0.80,-1,-1,-1
15,9,946.02,334.33,63.22,146.11,0.94,-1,-1,-1
15,10,1020.23,324.60,62.79,162.43,0.94,-1,-1,-1
15,11,-9.00,301.46,59.79,158.28,0.86,-1,-1,-1
16,1,574.91,310.92,88.40,260.79,0.94,-1,-1,-1
16,2,1092.75,129.20,383.75,973.94,0.13,-1,-1,-1
16,3,497.19,314.99,83.88,248.27,0.90,-1,-1,-1
16,4,422.88,306.09,119.90,269.89,0.92,-1,-1,-1
16,6,819.27,307.98,106.94,203.42,0.95,-1,-1,-1
16,7,69.21,316.21,51.02,136.32,0.86,-1,-1,-1
16,8,46.89,323.05,54.37,133.97,0.86,-1,-1,-1
16,9,951.63,335.13,64.63,147.36,0.93,-1,-1,-1
16,10,1026.36,324.76,64.44,163.69,0.94,-1,-1,-1
16,11,-2.41,300.96,61.90,160.97,0.87,-1,-1,-1
17,1,584.34,312.45,89.65,262.65,0.95,-1,-1,-1
17,3,509.48,317.30,90.32,248.50,0.92,-1,-1,-1
17,4,434.26,307.55,116.96,271.17,0.91,-1,-1,-1
17,6,822.50,309.06,111.40,203.89,0.95,-1,-1,-1
17,7,77.19,315.99,52.63,136.64,0.86,-1,-1,-1
17,8,54.75,323.12,54.12,134.07,0.87,-1,-1,-1
17,9,957.04,336.03,65.09,147.77,0.93,-1,-1,-1
17,10,1032.53,324.52,64.96,166.05,0.95,-1,-1,-1
17,11,4.21,301.63,63.42,162.36,0.90,-1,-1,-1
18,1,592.83,313.30,90.74,266.43,0.94,-1,-1,-1
18,3,518.29,319.02,97.93,249.34,0.92,-1,-1,-1
18,4,445.82,308.97,109.94,271.76,0.90,-1,-1,-1
18,6,827.10,310.32,114.72,204.26,0.95,-1,-1,-1
18,7,84.26,316.94,57.15,136.96,0.86,-1,-1,-1
18,8,61.48,322.67,54.43,134.02,0.86,-1,-1,-1
18,9,961.69,336.44,66.42,148.61,0.94,-1,-1,-1
18,10,1038.65,325.05,65.07,167.71,0.95,-1,-1,-1
18,11,11.18,301.51,64.37,165.02,0.90,-1,-1,-1
18,12,-3.49,315.45,52.42,136.35,0.75,-1,-1,-1
19,1,601.33,312.95,89.94,270.76,0.94,-1,-1,-1
19,3,524.06,319.57,105.97,250.22,0.91,-1,-1,-1
19,4,458.56,308.22,104.07,274.00,0.90,-1,-1,-1
19,6,831.78,310.60,116.15,205.13,0.95,-1,-1,-1
19,7,91.33,317.14,57.38,134.35,0.87,-1,-1,-1
19,8,68.45,323.40,52.48,133.08,0.85,-1,-1,-1
19,9,966.55,335.49,66.85,150.59,0.93,-1,-1,-1
19,10,1042.77,324.62,67.56,170.13,0.94,-1,-1,-1
19,11,17.52,301.60,64.84,165.30,0.90,-1,-1,-1
19,12,3.04,314.98,52.18,135.28,0.73,-1,-1,-1
20,1,609.77,313.09,89.68,272.91,0.94,-1,-1,-1
20,3,531.16,317.52,110.27,254.78,0.91,-1,-1,-1
20,4,467.67,308.20,100.66,274.76,0.92,-1,-1,-1
20,6,837.58,309.02,114.28,207.66,0.95,-1,-1,-1
20,7,99.16,317.36,56.99,134.48,0.87,-1,-1,-1
20,8,74.99,322.62,51.93,133.90,0.85,-1,-1,-1
20,9,971.73,334.79,65.76,151.88,0.94,-1,-1,-1
20,10,1047.66,324.60,68.43,171.39,0.95,-1,-1,-1
20,11,24.09,300.85,65.92,165.49,0.89,-1,-1,-1
20,12,11.67,315.41,50.49,132.29,0.65,-1,-1,-1
21,1,618.84,312.51,89.65,272.79,0.94,-1,-1,-1
21,3,537.94,315.82,114.83,258.85,0.92,-1,-1,-1
21,4,477.27,306.99,105.56,276.80,0.89,-1,-1,-1
21,6,843.09,306.13,111.35,211.12,0.95,-1,-1,-1
21,7,105.78,317.61,56.66,132.13,0.87,-1,-1,-1
21,8,81.26,323.24,52.46,131.81,0.84,-1,-1,-1
21,9,977.73,334.16,64.12,152.95,0.94,-1,-1,-1
21,10,1052.95,324.99,68.74,169.82,0.95,-1,-1,-1
21,11,29.41,301.21,67.32,165.54,0.90,-1,-1,-1
21,12,20.38,315.17,48.66,134.85,0.68,-1,-1,-1
21,13,-21.52,320.17,41.79,134.55,0.71,-1,-1,-1
22,1,626.24,311.44,91.47,274.74,0.93,-1,-1,-1
22,3,545.35,314.03,116.01,261.83,0.91,-1,-1,-1
22,4,486.94,305.08,108.51,279.00,0.88,-1,-1,-1
22,6,848.89,303.89,106.83,213.00,0.94,-1,-1,-1
22,7,111.66,317.90,57.29,129.71,0.88,-1,-1,-1
22,8,87.14,322.17,53.06,130.41,0.86,-1,-1,-1
22,9,983.29,333.06,61.05,154.22,0.94,-1,-1,-1
22,10,1058.22,324.26,68.81,170.69,0.95,-1,-1,-1
22,11,34.75,300.77,68.47,162.79,0.89,-1,-1,-1
22,12,24.54,315.60,48.86,135.03,0.78,-1,-1,-1
22,13,-18.31,320.08,43.66,128.82,0.78,-1,-1,-1
23,1,634.95,309.21,92.76,276.89,0.93,-1,-1,-1
23,3,553.18,313.00,114.65,266.44,0.92,-1,-1,-1
23,4,493.25,303.12,111.39,280.65,0.92,-1,-1,-1
23,6,855.83,302.71,97.81,213.38,0.93,-1,-1,-1
23,7,117.62,317.66,56.92,130.90,0.87,-1,-1,-1
23,8,92.44,321.42,55.84,131.99,0.86,-1,-1,-1
23,9,988.18,332.60,59.90,154.67,0.94,-1,-1,-1
23,10,1063.02,324.27,70.00,170.67,0.95,-1,-1,-1
23,11,40.27,300.40,69.23,163.72,0.90,-1,-1,-1
23,12,28.99,315.84,49.80,136.06,0.81,-1,-1,-1
23,13,-13.63,320.39,45.64,124.89,0.79,-1,-1,-1
24,1,644.31,306.61,93.83,279.35,0.94,-1,-1,-1
24,3,561.05,310.57,112.82,269.55,0.94,-1,-1,-1
24,4,499.63,301.21,111.86,282.93,0.92,-1,-1,-1
24,6,860.98,301.84,89.59,213.88,0.93,-1,-1,-1
24,7,122.45,317.26,57.49,129.53,0.87,-1,-1,-1
24,8,98.47,322.19,55.69,129.87,0.86,-1,-1,-1
24,9,993.24,332.30,58.25,154.62,0.93,-1,-1,-1
24,10,1068.00,323.99,70.41,171.80,0.94,-1,-1,-1
24,11,44.60,300.26,70.31,163.12,0.90,-1,-1,-1
24,12,34.13,315.91,50.84,136.38,0.81,-1,-1,-1
24,13,-10.15,319.55,47.98,132.92,0.82,-1,-1,-1
25,1,653.12,304.50,95.40,282.29,0.94,-1,-1,-1
25,3,564.60,309.68,116.13,269.52,0.92,-1,-1,-1
25,4,504.34,300.09,106.65,286.83,0.91,-1,-1,-1
25,6,866.75,301.45,79.39,215.07,0.93,-1,-1,-1
25,7,128.34,317.12,56.80,130.50,0.87,-1,-1,-1
25,8,103.20,322.65,55.77,131.47,0.86,-1,-1,-1
25,9,997.29,331.23,57.65,156.22,0.93,-1,-1,-1
25,10,1072.04,323.82,71.70,173.24,0.95,-1,-1,-1
25,11,48.93,300.21,71.04,161.39,0.89,-1,-1,-1
25,12,41.66,315.60,48.66,136.17,0.77,-1,-1,-1
25,13,-5.58,319.94,49.28,133.72,0.86,-1,-1,-1
26,1,661.40,302.83,95.43,285.12,0.94,-1,-1,-1
26,3,570.04,307.45,114.46,274.30,0.91,-1,-1,-1
26,4,509.84,299.10,102.81,291.21,0.91,-1,-1,-1
26,6,869.91,300.41,69.37,216.39,0.93,-1,-1,-1
26,7,132.95,316.49,56.38,129.98,0.87,-1,-1,-1
26,8,107.90,322.54,56.25,130.59,0.85,-1,-1,-1
26,9,1000.38,330.52,58.68,157.11,0.93,-1,-1,-1
26,10,1076.94,323.60,72.18,174.51,0.95,-1,-1,-1
26,11,53.14,300.21,71.52,163.16,0.90,-1,-1,-1
26,12,46.24,315.50,48.88,137.02,0.73,-1,-1,-1
26,13,-2.56,320.42,52.40,133.87,0.85,-1,-1,-1
27,1,668.91,301.38,98.38,287.01,0.94,-1,-1,-1
27,3,577.97,305.35,110.15,277.37,0.92,-1,-1,-1
27,4,514.83,299.52,99.54,295.90,0.92,-1,-1,-1
27,6,869.15,299.81,66.99,217.75,0.93,-1,-1,-1
27,7,137.22,315.67,56.50,130.38,0.87,-1,-1,-1
27,8,111.82,322.51,57.12,130.55,0.87,-1,-1,-1
27,9,1004.31,330.34,56.65,157.70,0.93,-1,-1,-1
27,10,1081.53,323.16,73.50,176.29,0.95,-1,-1,-1
27,11,56.50,300.52,72.68,162.33,0.90,-1,-1,-1
27,12,50.19,314.23,49.66,140.05,0.78,-1,-1,-1
27,13,-0.16,320.74,54.25,135.09,0.81,-1,-1,-1
28,1,676.18,300.27,107.13,289.41,0.94,-1,-1,-1
28,3,592.64,304.00,100.67,281.37,0.91,-1,-1,-1
28,4,519.38,299.13,98.38,300.83,0.91,-1,-1,-1
28,6,867.88,299.13,68.54,219.26,0.94,-1,-1,-1
28,7,141.07,315.43,56.25,131.11,0.86,-1,-1,-1
28,8,118.69,322.72,55.29,132.91,0.87,-1,-1,-1
28,9,1004.96,330.24,59.57,157.89,0.94,-1,-1,-1
28,10,1087.22,321.32,72.82,178.55,0.95,-1,-1,-1
28,11,60.94,300.55,71.99,162.14,0.88,-1,-1,-1
28,12,54.49,313.83,49.73,140.85,0.74,-1,-1,-1
28,13,-0.01,321.21,58.94,134.85,0.84,-1,-1,-1
29,1,682.52,300.41,117.37,290.62,0.94,-1,-1,-1
29,3,606.04,304.52,93.40,283.61,0.91,-1,-1,-1
29,4,524.06,298.98,98.66,304.75,0.93,-1,-1,-1
29,6,866.51,299.25,70.71,219.70,0.94,-1,-1,-1
29,7,145.48,315.09,54.85,133.79,0.87,-1,-1,-1
29,8,122.03,322.69,55.66,135.61,0.87,-1,-1,-1
29,9,1005.21,330.12,63.03,158.86,0.94,-1,-1,-1
29,10,1091.71,320.52,73.75,180.29,0.95,-1,-1,-1
29,11,63.60,300.62,73.72,163.30,0.90,-1,-1,-1
29,12,58.71,314.33,50.18,139.06,0.75,-1,-1,-1
29,13,3.23,321.59,60.30,135.02,0.84,-1,-1,-1
30,1,689.08,300.37,126.46,294.57,0.95,-1,-1,-1
30,3,612.64,305.47,92.63,284.44,0.91,-1,-1,-1
30,4,530.05,300.25,99.95,305.63,0.91,-1,-1,-1
30,6,862.95,299.21,76.39,221.04,0.94,-1,-1,-1
30,7,148.44,315.04,55.04,134.52,0.85,-1,-1,-1
30,8,125.79,322.75,55.93,137.24,0.88,-1,-1,-1
30,9,1006.99,330.45,66.66,160.56,0.94,-1,-1,-1
30,10,1096.85,320.02,74.06,182.86,0.95,-1,-1,-1
30,11,67.27,300.55,73.53,163.91,0.89,-1,-1,-1
30,12,62.43,313.67,50.33,137.76,0.75,-1,-1,-1
30,13,2.96,322.06,65.05,136.59,0.86,-1,-1,-1
31,1,696.75,300.68,130.62,297.41,0.95,-1,-1,-1
31,3,618.00,305.42,94.22,286.24,0.91,-1,-1,-1
31,4,537.95,301.07,99.84,309.32,0.90,-1,-1,-1
31,6,853.85,299.05,88.49,222.82,0.94,-1,-1,-1
31,7,152.19,314.60,52.87,137.42,0.85,-1,-1,-1
31,8,130.51,322.65,55.58,140.03,0.88,-1,-1,-1
31,9,1010.91,330.43,66.90,161.58,0.94,-1,-1,-1
31,10,1102.03,319.83,72.96,184.94,0.96,-1,-1,-1
31,11,72.80,300.39,71.63,164.85,0.89,-1,-1,-1
31,12,66.41,313.14,49.41,137.53,0.76,-1,-1,-1
31,13,4.70,322.39,68.21,138.01,0.88,-1,-1,-1
32,1,702.60,300.53,133.37,301.39,0.94,-1,-1,-1
32,3,621.70,307.04,97.24,288.21,0.91,-1,-1,-1
32,4,542.36,302.56,101.62,313.62,0.92,-1,-1,-1
32,6,845.23,300.20,100.97,223.18,0.94,-1,-1,-1
32,7,155.34,315.03,51.60,139.11,0.84,-1,-1,-1
32,8,134.18,322.75,55.89,139.47,0.87,-1,-1,-1
32,9,1014.61,330.73,68.14,163.14,0.94,-1,-1,-1
32,10,1106.75,319.33,72.52,187.03,0.96,-1,-1,-1
32,11,77.53,300.47,69.79,163.88,0.90,-1,-1,-1
32,12,68.55,313.23,49.79,136.86,0.71,-1,-1,-1
32,13,7.98,322.79,67.02,136.12,0.86,-1,-1,-1
33,1,708.67,303.72,133.76,302.79,0.94,-1,-1,-1
33,3,627.58,307.82,98.37,290.76,0.92,-1,-1,-1
33,4,550.63,303.72,100.49,319.24,0.91,-1,-1,-1
33,6,840.02,301.25,110.47,223.24,0.94,-1,-1,-1
33,7,159.08,315.18,48.40,141.48,0.84,-1,-1,-1
33,8,138.99,322.91,54.07,140.83,0.87,-1,-1,-1
33,9,1019.39,331.15,66.24,164.57,0.94,-1,-1,-1
33,10,1110.09,319.01,73.51,188.79,0.95,-1,-1,-1
33,11,82.76,300.48,66.25,167.36,0.90,-1,-1,-1
33,12,73.32,313.26,50.26,139.29,0.74,-1,-1,-1
33,13,12.96,323.20,65.25,136.84,0.84,-1,-1,-1
34,1,716.62,305.22,132.08,305.27,0.95,-1,-1,-1
34,3,636.11,307.80,98.22,296.64,0.88,-1,-1,-1
34,4,555.65,304.42,121.64,324.26,0.85,-1,-1,-1
34,6,837.94,301.76,117.13,224.53,0.94,-1,-1,-1
34,7,162.46,315.37,47.24,142.65,0.85,-1,-1,-1
34,8,143.01,323.55,53.83,141.31,0.88,-1,-1,-1
34,9,1022.92,331.11,66.66,166.70,0.94,-1,-1,-1
34,10,1114.77,318.84,72.69,190.28,0.96,-1,-1,-1
34,11,85.73,300.76,65.82,167.47,0.90,-1,-1,-1
34,12,75.01,313.69,51.71,141.37,0.77,-1,-1,-1
34,13,20.45,323.78,61.40,135.28,0.83,-1,-1,-1
35,1,725.90,306.09,128.40,307.91,0.95,-1,-1,-1
35,3,641.76,307.50,99.37,304.99,0.92,-1,-1,-1
35,4,562.58,303.95,116.40,331.75,0.92,-1,-1,-1
35,6,838.59,302.54,120.07,225.58,0.94,-1,-1,-1
35,7,166.33,316.04,46.24,141.88,0.85,-1,-1,-1
35,8,146.95,323.35,52.40,138.66,0.89,-1,-1,-1
35,9,1024.18,330.93,67.99,168.21,0.94,-1,-1,-1
35,10,1118.80,318.77,73.56,191.39,0.96,-1,-1,-1
35,11,89.22,301.02,65.39,168.24,0.90,-1,-1,-1
35,12,79.71,313.72,50.85,142.15,0.79,-1,-1,-1
35,13,27.25,323.23,58.98,139.77,0.85,-1,-1,-1
36,1,733.19,307.80,125.62,308.09,0.94,-1,-1,-1
36,3,646.83,307.29,101.52,310.30,0.91,-1,-1,-1
36,4,569.76,303.82,109.66,336.25,0.91,-1,-1,-1
36,6,839.04,302.76,123.62,226.43,0.94,-1,-1,-1
36,7,168.85,316.48,49.42,141.78,0.87,-1,-1,-1
36,8,150.95,323.15,52.30,140.24,0.90,-1,-1,-1
36,9,1024.88,329.89,68.44,169.56,0.94,-1,-1,-1
36,10,1122.23,318.53,73.83,192.40,0.95,-1,-1,-1
36,11,93.24,301.31,64.14,170.21,0.90,-1,-1,-1
36,12,82.68,313.76,49.92,141.77,0.80,-1,-1,-1
36,13,27.92,322.89,61.25,140.48,0.87,-1,-1,-1
37,1,741.60,306.35,121.54,311.64,0.95,-1,-1,-1
37,3,652.91,308.35,104.11,315.19,0.91,-1,-1,-1
37,4,576.07,302.55,113.01,340.23,0.89,-1,-1,-1
37,6,840.69,301.91,125.22,227.92,0.94,-1,-1,-1
37,7,171.24,316.30,51.73,142.32,0.87,-1,-1,-1
37,8,152.87,322.28,53.32,140.68,0.88,-1,-1,-1
37,9,1024.45,329.17,68.59,170.63,0.94,-1,-1,-1
37,10,1122.80,318.28,77.48,193.20,0.95,-1,-1,-1
37,11,96.99,300.92,62.63,169.62,0.89,-1,-1,-1
37,12,84.27,314.17,50.14,140.42,0.77,-1,-1,-1
37,13,30.92,321.96,60.96,141.17,0.86,-1,-1,-1
37,14,-26.99,329.85,54.45,137.70,0.72,-1,-1,-1
38,1,748.92,304.74,119.32,315.40,0.94,-1,-1,-1
38,3,660.84,308.46,106.23,319.86,0.90,-1,-1,-1
38,4,581.46,300.57,111.25,345.12,0.91,-1,-1,-1
38,6,842.80,300.39,123.71,230.21,0.94,-1,-1,-1
38,7,174.29,316.49,56.66,143.38,0.88,-1,-1,-1
38,8,156.34,321.76,53.26,142.74,0.87,-1,-1,-1
38,9,1023.55,327.86,68.62,172.31,0.94,-1,-1,-1
38,10,1122.26,318.19,81.16,194.03,0.96,-1,-1,-1
38,11,99.31,300.28,62.80,171.00,0.89,-1,-1,-1
38,12,82.27,314.88,55.81,139.90,0.73,-1,-1,-1
38,13,35.09,320.81,59.62,140.35,0.86,-1,-1,-1
38,14,-24.46,327.35,54.18,134.50,0.79,-1,-1,-1
39,1,758.28,302.78,116.69,319.53,0.94,-1,-1,-1
39,3,668.67,308.05,105.87,323.12,0.91,-1,-1,-1
39,4,585.67,299.94,115.29,347.28,0.92,-1,-1,-1
39,6,846.65,298.02,119.50,233.09,0.95,-1,-1,-1
39,7,177.35,316.43,59.32,143.45,0.89,-1,-1,-1
39,8,160.15,321.59,52.65,142.02,0.88,-1,-1,-1
39,9,1023.14,327.04,67.44,172.90,0.94,-1,-1,-1
39,10,1120.79,318.27,86.05,194.73,0.96,-1,-1,-1
39,11,101.57,299.91,63.04,168.97,0.90,-1,-1,-1
39,12,88.93,315.18,56.59,141.17,0.76,-1,-1,-1
39,13,39.05,320.10,60.48,142.08,0.88,-1,-1,-1
39,14,-22.98,326.00,55.15,137.20,0.81,-1,-1,-1
40,1,768.39,301.05,115.06,322.33,0.93,-1,-1,-1
40,3,674.36,308.08,109.23,326.14,0.91,-1,-1,-1
40,4,589.72,299.61,114.41,348.68,0.90,-1,-1,-1
40,6,850.86,295.71,111.51,235.90,0.94,-1,-1,-1
40,7,179.89,316.58,61.36,143.14,0.88,-1,-1,-1
40,8,163.16,321.10,51.96,144.83,0.88,-1,-1,-1
40,9,1022.28,326.50,69.34,173.67,0.95,-1,-1,-1
40,10,1121.81,318.09,87.91,195.23,0.96,-1,-1,-1
40,11,103.99,299.34,62.87,170.11,0.89,-1,-1,-1
40,12,92.87,317.97,53.33,137.47,0.71,-1,-1,-1
40,13,45.28,319.25,57.38,144.48,0.85,-1,-1,-1
40,14,-23.26,324.84,57.54,150.25,0.79,-1,-1,-1
41,1,778.19,299.06,115.69,326.11,0.93,-1,-1,-1
41,3,681.32,307.35,111.08,332.30,0.93,-1,-1,-1
41,4,594.31,296.83,114.04,352.61,0.92,-1,-1,-1
41,6,853.19,294.22,103.52,236.64,0.93,-1,-1,-1
41,7,182.15,317.53,61.07,142.11,0.87,-1,-1,-1
41,8,166.39,320.93,52.33,147.05,0.89,-1,-1,-1
41,9,1021.96,325.84,71.23,174.66,0.95,-1,-1,-1
41,10,1124.48,318.14,88.61,195.52,0.96,-1,-1,-1
41,11,106.48,298.25,62.38,173.20,0.90,-1,-1,-1
41,12,94.91,317.84,51.11,138.46,0.68,-1,-1,-1
41,13,47.98,318.96,56.06,142.71,0.85,-1,-1,-1
41,14,-19.18,324.50,56.17,147.66,0.84,-1,-1,-1
42,1,790.55,297.15,107.54,330.99,0.92,-1,-1,-1
42,3,688.77,306.05,110.58,338.21,0.93,-1,-1,-1
42,4,598.53,294.02,114.46,356.94,0.90,-1,-1,-1
42,6,856.58,292.51,93.15,238.64,0.90,-1,-1,-1
42,7,184.43,316.85,60.25,142.90,0.88,-1,-1,-1
42,8,168.58,321.31,53.37,146.85,0.89,-1,-1,-1
42,9,1021.84,325.47,74.28,175.15,0.95,-1,-1,-1
42,10,1130.14,317.74,85.33,196.63,0.96,-1,-1,-1
42,11,108.78,297.99,62.66,175.98,0.90,-1,-1,-1
42,12,97.58,322.99,49.37,132.57,0.49,-1,-1,-1
42,13,50.36,318.54,60.02,143.78,0.84,-1,-1,-1
42,14,-14.54,322.17,54.67,140.24,0.85,-1,-1,-1
43,1,801.46,295.45,97.61,338.23,0.91,-1,-1,-1
43,3,698.37,306.48,107.36,339.81,0.93,-1,-1,-1
43,4,600.72,291.82,118.11,360.86,0.90,-1,-1,-1
43,6,855.59,289.57,85.26,242.92,0.89,-1,-1,-1
43,7,184.02,316.28,61.81,144.08,0.89,-1,-1,-1
43,8,171.46,321.74,53.30,146.15,0.88,-1,-1,-1
43,9,1022.27,325.42,76.58,175.31,0.95,-1,-1,-1
43,10,1135.15,317.68,82.76,197.33,0.96,-1,-1,-1
43,11,111.04,297.58,63.22,174.67,0.88,-1,-1,-1
43,12,100.40,322.19,50.43,133.38,0.54,-1,-1,-1
43,13,55.31,318.82,61.19,142.10,0.87,-1,-1,-1
43,14,-12.01,322.17,53.98,136.78,0.85,-1,-1,-1
44,1,810.25,294.10,111.47,344.27,0.93,-1,-1,-1
44,3,703.54,303.44,109.12,345.54,0.92,-1,-1,-1
44,4,616.04,291.34,106.62,362.79,0.90,-1,-1,-1
44,6,854.31,288.92,76.60,244.04,0.88,-1,-1,-1
44,7,185.84,315.69,60.80,145.40,0.87,-1,-1,-1
44,8,174.20,321.99,53.00,145.55,0.87,-1,-1,-1
44,9,1022.99,324.80,78.62,177.70,0.95,-1,-1,-1
44,10,1140.52,317.19,79.40,198.58,0.96,-1,-1,-1
44,11,113.16,297.82,62.82,177.39,0.88,-1,-1,-1
44,12,103.58,323.60,52.17,133.38,0.42,-1,-1,-1
44,13,56.67,319.02,63.12,144.26,0.85,-1,-1,-1
44,14,-12.32,321.66,55.82,143.46,0.85,-1,-1,-1
45,1,818.57,293.79,107.25,350.12,0.89,-1,-1,-1
45,3,708.21,302.76,111.55,349.22,0.93,-1,-1,-1
45,4,627.32,291.38,100.72,365.01,0.91,-1,-1,-1
45,6,850.66,286.53,81.50,246.92,0.85,-1,-1,-1
45,7,192.02,315.98,55.05,146.32,0.84,-1,-1,-1
45,8,176.50,322.00,53.49,147.83,0.88,-1,-1,-1
45,9,1023.24,325.05,80.56,177.83,0.95,-1,-1,-1
45,10,1144.23,315.99,79.33,200.35,0.96,-1,-1,-1
45,11,115.87,298.12,62.12,177.65,0.89,-1,-1,-1
45,12,107.31,325.97,51.81,131.01,0.51,-1,-1,-1
45,13,58.85,319.61,64.03,146.08,0.87,-1,-1,-1
45,14,-11.24,321.71,56.36,145.32,0.85,-1,-1,-1
46,1,827.01,294.44,117.30,353.89,0.92,-1,-1,-1
46,3,714.16,301.50,113.66,352.99,0.92,-1,-1,-1
46,4,623.38,290.38,114.05,369.47,0.90,-1,-1,-1
46,6,850.37,288.31,79.11,247.37,0.84,-1,-1,-1
46,7,196.22,315.83,51.86,148.13,0.83,-1,-1,-1
46,8,177.36,322.19,55.40,148.23,0.89,-1,-1,-1
46,9,1024.48,325.16,81.29,179.02,0.95,-1,-1,-1
46,10,1147.29,314.95,79.31,202.47,0.96,-1,-1,-1
46,11,117.93,298.88,62.93,178.02,0.90,-1,-1,-1
46,12,110.32,323.54,51.78,135.87,0.53,-1,-1,-1
46,13,60.03,320.63,64.22,146.32,0.88,-1,-1,-1
46,14,-10.88,322.26,57.45,143.09,0.84,-1,-1,-1
47,1,835.91,294.90,124.96,358.02,0.94,-1,-1,-1
47,3,718.36,301.65,116.79,356.69,0.91,-1,-1,-1
47,4,624.24,290.65,128.94,376.38,0.92,-1,-1,-1
47,6,847.97,291.88,82.03,244.11,0.56,-1,-1,-1
47,7,194.79,315.79,55.28,149.41,0.87,-1,-1,-1
47,8,178.95,322.73,56.55,147.63,0.89,-1,-1,-1
47,9,1025.64,325.55,82.70,180.64,0.95,-1,-1,-1
47,10,1149.64,314.45,79.30,204.58,0.96,-1,-1,-1
47,11,119.61,299.49,64.58,177.55,0.90,-1,-1,-1
47,12,113.34,317.20,50.91,143.73,0.56,-1,-1,-1
47,13,61.50,321.48,65.22,148.02,0.88,-1,-1,-1
47,14,-11.85,322.65,62.61,140.22,0.84,-1,-1,-1
48,1,841.36,296.29,134.83,361.78,0.94,-1,-1,-1
48,3,724.38,301.31,119.68,361.01,0.87,-1,-1,-1
48,4,624.40,291.09,145.48,385.32,0.93,-1,-1,-1
48,6,845.55,292.85,85.19,243.51,0.79,-1,-1,-1
48,7,198.61,316.06,53.13,149.26,0.86,-1,-1,-1
48,8,179.74,323.06,57.42,146.62,0.89,-1,-1,-1
48,9,1026.56,326.03,83.19,181.80,0.95,-1,-1,-1
48,10,1150.90,314.17,79.27,206.36,0.95,-1,-1,-1
48,11,122.14,300.00,65.48,176.44,0.91,-1,-1,-1
48,12,114.96,314.32,53.11,148.59,0.69,-1,-1,-1
48,13,62.56,322.07,65.79,150.99,0.88,-1,-1,-1
48,14,-8.65,324.46,59.68,138.03,0.83,-1,-1,-1
49,1,841.25,298.47,147.56,363.35,0.94,-1,-1,-1
49,3,729.04,301.65,123.14,364.85,0.89,-1,-1,-1
49,4,626.46,293.06,158.90,392.84,0.94,-1,-1,-1
49,6,841.08,293.38,87.62,242.87,0.80,-1,-1,-1
49,7,200.34,315.76,54.73,150.85,0.88,-1,-1,-1
49,8,180.13,323.82,58.64,147.75,0.90,-1,-1,-1
49,9,1026.91,325.94,83.37,183.43,0.95,-1,-1,-1
49,10,1150.73,313.49,79.29,209.12,0.96,-1,-1,-1
49,11,123.92,300.82,67.33,175.45,0.91,-1,-1,-1
49,12,118.44,313.53,53.06,152.84,0.72,-1,-1,-1
49,13,62.21,323.22,67.40,150.67,0.90,-1,-1,-1
49,14,-8.73,325.79,59.70,141.20,0.83,-1,-1,-1
50,1,848.50,300.20,151.11,366.68,0.94,-1,-1,-1
50,3,733.76,301.78,139.53,369.66,0.88,-1,-1,-1
50,4,629.60,293.82,170.41,400.78,0.94,-1,-1,-1
50,6,841.99,292.85,80.83,236.15,0.74,-1,-1,-1
50,7,204.47,315.30,53.36,151.99,0.88,-1,-1,-1
50,8,182.63,323.75,57.25,149.33,0.90,-1,-1,-1
50,9,1028.06,326.06,81.01,185.02,0.95,-1,-1,-1
50,10,1150.40,313.11,79.27,211.41,0.96,-1,-1,-1
50,11,125.06,301.07,69.32,175.03,0.91,-1,-1,-1
50,12,121.56,313.47,51.68,154.42,0.76,-1,-1,-1
50,13,62.10,323.73,69.00,149.74,0.89,-1,-1,-1
50,14,-5.16,328.29,56.75,133.67,0.85,-1,-1,-1
51,1,854.00,301.60,158.17,371.00,0.95,-1,-1,-1
51,3,740.53,302.73,137.34,375.56,0.88,-1,-1,-1
51,4,633.78,296.02,176.71,405.98,0.93,-1,-1,-1
51,6,836.65,293.54,78.81,227.59,0.80,-1,-1,-1
51,7,206.25,315.11,56.16,153.32,0.89,-1,-1,-1
51,8,183.80,323.56,57.14,152.46,0.90,-1,-1,-1
51,9,1029.12,326.56,77.68,185.78,0.95,-1,-1,-1
51,10,1149.66,312.55,80.46,214.21,0.96,-1,-1,-1
51,11,126.11,301.44,69.94,175.80,0.91,-1,-1,-1
51,12,122.76,313.02,52.50,156.04,0.70,-1,-1,-1
51,13,66.39,323.75,65.37,146.26,0.88,-1,-1,-1
51,14,-6.67,329.38,59.32,128.32,0.88,-1,-1,-1
52,1,857.69,302.83,164.22,374.01,0.95,-1,-1,-1
52,3,746.87,301.30,141.38,385.76,0.91,-1,-1,-1
52,4,638.84,296.69,177.33,413.65,0.92,-1,-1,-1
52,6,833.00,294.38,77.48,231.61,0.80,-1,-1,-1
52,7,208.33,314.54,58.11,154.78,0.89,-1,-1,-1
52,8,184.86,322.98,57.66,154.61,0.90,-1,-1,-1
52,9,1029.45,325.53,75.15,187.44,0.95,-1,-1,-1
52,10,1148.03,312.32,83.24,216.02,0.96,-1,-1,-1
52,11,127.97,301.96,70.28,175.28,0.89,-1,-1,-1
52,12,124.35,312.79,53.07,157.14,0.68,-1,-1,-1
52,13,68.76,323.08,64.90,146.66,0.88,-1,-1,-1
52,14,-3.09,330.15,57.00,126.05,0.90,-1,-1,-1
53,1,863.99,302.08,166.45,377.95,0.94,-1,-1,-1
53,3,752.84,302.17,153.22,394.76,0.92,-1,-1,-1
53,4,645.27,297.47,176.16,421.09,0.92,-1,-1,-1
53,6,825.90,295.54,78.24,233.67,0.84,-1,-1,-1
53,7,209.69,314.38,59.35,156.32,0.90,-1,-1,-1
53,8,185.40,322.06,58.79,156.86,0.91,-1,-1,-1
53,9,1030.07,324.82,71.77,189.19,0.95,-1,-1,-1
53,10,1146.68,312.08,85.44,217.96,0.96,-1,-1,-1
53,11,128.60,301.90,71.99,174.61,0.91,-1,-1,-1
53,12,124.42,312.18,53.71,156.46,0.65,-1,-1,-1
53,13,69.57,322.12,65.37,147.39,0.87,-1,-1,-1
53,14,-0.17,329.08,56.53,129.25,0.89,-1,-1,-1
54,1,870.82,300.83,169.52,381.60,0.94,-1,-1,-1
54,3,758.14,303.34,164.83,400.33,0.91,-1,-1,-1
54,4,651.71,295.68,175.54,427.78,0.93,-1,-1,-1
54,6,819.45,295.16,76.75,220.26,0.34,-1,-1,-1
54,7,210.85,314.33,60.34,157.14,0.90,-1,-1,-1
54,8,185.76,321.42,59.66,158.54,0.92,-1,-1,-1
54,9,1030.85,324.01,69.31,190.52,0.95,-1,-1,-1
54,10,1144.87,311.75,88.62,218.75,0.96,-1,-1,-1
54,11,128.42,300.99,70.73,178.20,0.91,-1,-1,-1
54,12,124.29,311.98,54.25,156.99,0.67,-1,-1,-1
54,13,68.19,320.58,69.77,150.89,0.89,-1,-1,-1
54,14,1.56,327.95,58.19,131.61,0.90,-1,-1,-1
55,1,872.66,299.79,174.03,385.23,0.94,-1,-1,-1
55,3,759.79,297.10,178.09,414.00,0.89,-1,-1,-1
55,4,658.70,293.83,173.36,433.69,0.91,-1,-1,-1
55,6,823.25,299.62,70.76,204.42,0.36,-1,-1,-1
55,7,211.55,314.29,61.05,158.30,0.89,-1,-1,-1
55,8,186.47,320.86,59.45,159.15,0.90,-1,-1,-1
55,9,1030.48,323.17,68.42,191.28,0.95,-1,-1,-1
55,10,1143.53,311.55,90.96,220.91,0.95,-1,-1,-1
55,11,127.65,300.47,69.90,179.68,0.91,-1,-1,-1
55,12,124.20,312.63,53.70,157.01,0.72,-1,-1,-1
55,13,72.96,319.82,66.60,150.58,0.85,-1,-1,-1
55,14,2.71,327.17,59.53,130.74,0.91,-1,-1,-1
56,1,878.26,298.19,175.61,388.71,0.93,-1,-1,-1
56,3,769.79,300.19,177.64,416.06,0.89,-1,-1,-1
56,4,665.63,292.22,172.30,438.54,0.92,-1,-1,-1
56,6,812.05,295.48,77.31,256.35,0.61,-1,-1,-1
56,7,213.57,314.10,60.19,158.21,0.88,-1,-1,-1
56,8,187.57,320.47,59.19,159.72,0.91,-1,-1,-1
56,9,1029.59,322.09,66.89,192.19,0.95,-1,-1,-1
56,10,1141.64,311.75,92.97,221.30,0.95,-1,-1,-1
56,11,127.68,299.50,69.39,178.84,0.92,-1,-1,-1
56,12,124.48,313.01,53.31,157.65,0.76,-1,-1,-1
56,13,71.68,318.91,69.08,151.57,0.87,-1,-1,-1
56,14,3.99,326.39,61.14,134.89,0.91,-1,-1,-1
57,1,889.66,295.83,170.38,393.61,0.93,-1,-1,-1
57,3,775.77,300.88,178.73,419.71,0.89,-1,-1,-1
57,4,673.17,289.29,170.69,443.91,0.92,-1,-1,-1
57,6,807.16,292.23,77.16,255.17,0.73,-1,-1,-1
57,7,214.03,314.24,60.68,158.06,0.88,-1,-1,-1
57,8,188.06,320.39,61.48,159.97,0.91,-1,-1,-1
57,9,1028.85,321.28,67.62,193.32,0.95,-1,-1,-1
57,10,1141.16,312.01,93.76,222.81,0.95,-1,-1,-1
57,11,126.64,298.88,70.87,179.16,0.91,-1,-1,-1
57,12,123.81,313.66,53.78,156.60,0.71,-1,-1,-1
57,13,69.95,318.34,70.96,151.69,0.88,-1,-1,-1
57,14,4.40,325.56,61.74,138.85,0.90,-1,-1,-1
58,1,898.86,293.47,166.70,397.68,0.92,-1,-1,-1
58,3,783.11,300.73,177.30,428.94,0.89,-1,-1,-1
58,4,680.01,286.58,168.80,449.70,0.92,-1,-1,-1
58,6,804.26,289.04,74.75,252.83,0.72,-1,-1,-1
58,7,215.04,314.64,59.68,157.96,0.88,-1,-1,-1
58,8,188.96,320.71,64.53,160.60,0.92,-1,-1,-1
58,9,1024.94,320.52,71.54,195.02,0.94,-1,-1,-1
58,10,1139.78,312.24,95.21,223.16,0.95,-1,-1,-1
58,11,124.09,298.71,74.82,181.93,0.90,-1,-1,-1
58,12,122.34,316.21,55.60,154.80,0.45,-1,-1,-1
58,13,72.94,318.19,67.83,153.78,0.86,-1,-1,-1
58,14,4.63,324.73,62.73,139.76,0.91,-1,-1,-1
59,1,908.07,292.28,167.59,400.26,0.92,-1,-1,-1
59,3,789.61,300.38,168.15,433.75,0.87,-1,-1,-1
59,4,686.04,283.81,169.19,453.47,0.93,-1,-1,-1
59,6,802.21,286.93,74.48,255.01,0.74,-1,-1,-1
59,7,215.64,314.97,60.25,156.25,0.90,-1,-1,-1
59,8,189.76,320.71,67.87,161.24,0.93,-1,-1,-1
59,9,1017.08,320.68,78.87,195.47,0.94,-1,-1,-1
59,10,1139.30,311.88,95.74,224.56,0.95,-1,-1,-1
59,11,122.66,298.38,77.61,182.36,0.88,-1,-1,-1
59,12,122.03,315.71,57.16,155.87,0.56,-1,-1,-1
59,13,68.69,318.03,72.30,156.17,0.89,-1,-1,-1
59,14,4.94,324.15,63.11,143.63,0.91,-1,-1,-1
60,1,918.68,288.94,162.26,406.99,0.92,-1,-1,-1
60,3,796.61,298.69,160.20,439.34,0.88,-1,-1,-1
60,4,691.09,282.22,157.43,454.13,0.90,-1,-1,-1
60,6,797.66,286.49,72.61,255.75,0.79,-1,-1,-1
60,7,216.32,315.29,60.38,155.73,0.91,-1,-1,-1
60,8,190.45,321.21,70.16,161.90,0.93,-1,-1,-1
60,9,1010.64,321.39,85.10,195.30,0.95,-1,-1,-1
60,10,1138.52,310.90,97.07,226.52,0.95,-1,-1,-1
60,11,122.07,298.01,79.12,183.69,0.88,-1,-1,-1
60,12,121.87,315.42,57.90,157.29,0.63,-1,-1,-1
60,13,67.85,318.17,71.88,155.72,0.87,-1,-1,-1
60,14,4.97,324.27,63.50,138.91,0.92,-1,-1,-1
61,1,925.37,289.19,160.11,409.45,0.92,-1,-1,-1
61,3,802.25,297.35,156.82,447.88,0.88,-1,-1,-1
61,4,694.50,281.10,158.85,461.26,0.91,-1,-1,-1
61,6,793.96,285.79,71.33,247.99,0.81,-1,-1,-1
61,7,216.37,315.45,60.50,157.90,0.90,-1,-1,-1
61,8,190.83,321.74,70.09,162.71,0.91,-1,-1,-1
61,9,1010.92,322.00,85.29,195.49,0.94,-1,-1,-1
61,10,1137.61,309.68,96.38,228.99,0.95,-1,-1,-1
61,11,121.17,298.66,79.24,184.32,0.87,-1,-1,-1
61,12,120.68,315.20,58.91,158.85,0.44,-1,-1,-1
61,13,65.87,318.57,74.26,155.82,0.89,-1,-1,-1
61,14,4.75,324.23,63.74,143.46,0.91,-1,-1,-1
62,1,930.68,286.67,161.67,417.35,0.92,-1,-1,-1
62,3,812.62,295.96,151.34,452.49,0.89,-1,-1,-1
62,4,699.87,280.11,155.17,469.14,0.90,-1,-1,-1
62,6,788.91,285.85,70.90,245.50,0.84,-1,-1,-1
62,7,216.37,315.20,61.28,160.20,0.91,-1,-1,-1
62,8,191.26,323.26,70.90,162.56,0.94,-1,-1,-1
62,9,1013.59,322.39,84.13,196.29,0.92,-1,-1,-1
62,10,1138.59,308.93,94.89,231.67,0.95,-1,-1,-1
62,11,120.10,299.05,80.87,184.70,0.88,-1,-1,-1
62,12,120.22,313.62,58.84,162.10,0.67,-1,-1,-1
62,13,63.91,319.31,76.06,157.32,0.89,-1,-1,-1
62,14,4.24,324.64,63.63,142.05,0.93,-1,-1,-1
63,1,937.81,288.43,162.24,420.31,0.92,-1,-1,-1
63,3,821.40,296.08,151.36,457.64,0.88,-1,-1,-1
63,4,703.48,279.52,152.54,475.88,0.90,-1,-1,-1
63,6,783.88,286.83,72.59,253.51,0.83,-1,-1,-1
63,7,216.92,315.29,61.05,160.94,0.91,-1,-1,-1
63,8,191.82,324.02,70.82,163.83,0.94,-1,-1,-1
63,9,1014.16,322.91,85.99,196.89,0.89,-1,-1,-1
63,10,1140.23,308.43,93.10,234.45,0.95,-1,-1,-1
63,11,118.65,299.82,83.36,187.22,0.89,-1,-1,-1
63,12,119.64,312.17,60.71,165.39,0.65,-1,-1,-1
63,13,62.28,320.66,77.20,158.93,0.91,-1,-1,-1
63,14,3.51,325.43,63.97,142.98,0.93,-1,-1,-1
64,1,944.35,288.61,164.72,424.24,0.90,-1,-1,-1
64,3,828.86,296.17,149.78,462.36,0.89,-1,-1,-1
64,4,706.99,280.37,151.49,484.01,0.90,-1,-1,-1
64,6,770.17,282.56,82.14,258.50,0.22,-1,-1,-1
64,7,217.86,315.10,59.66,162.23,0.90,-1,-1,-1
64,8,192.18,324.23,70.64,165.18,0.94,-1,-1,-1
64,9,1012.60,322.27,90.14,198.87,0.84,-1,-1,-1
64,10,1140.81,308.03,92.36,236.63,0.94,-1,-1,-1
64,11,117.47,300.17,84.12,188.31,0.89,-1,-1,-1
64,12,118.92,311.54,61.96,168.38,0.70,-1,-1,-1
64,13,63.10,321.37,75.50,161.89,0.89,-1,-1,-1
64,14,2.88,326.52,63.83,143.02,0.93,-1,-1,-1
65,1,953.65,289.48,165.69,428.39,0.90,-1,-1,-1
65,3,834.69,295.86,151.35,471.72,0.89,-1,-1,-1
65,4,709.35,281.12,154.20,490.15,0.92,-1,-1,-1
65,7,218.27,314.79,58.32,164.12,0.89,-1,-1,-1
65,8,192.46,325.25,68.80,165.61,0.93,-1,-1,-1
65,9,1010.26,320.43,91.72,202.77,0.83,-1,-1,-1
65,10,1140.96,306.56,92.10,239.38,0.95,-1,-1,-1
65,11,117.14,300.69,84.97,191.28,0.89,-1,-1,-1
65,12,119.28,311.53,61.57,169.87,0.73,-1,-1,-1
65,13,64.06,322.32,74.25,166.16,0.87,-1,-1,-1
65,14,2.51,327.93,63.97,143.55,0.93,-1,-1,-1
66,1,962.29,290.87,166.01,432.06,0.92,-1,-1,-1
66,3,840.54,296.33,154.02,476.31,0.90,-1,-1,-1
66,4,711.30,283.20,159.38,493.49,0.92,-1,-1,-1
66,7,218.24,314.08,57.21,165.41,0.88,-1,-1,-1
66,8,192.47,325.62,67.38,167.22,0.93,-1,-1,-1
66,9,1007.10,314.58,96.94,210.56,0.69,-1,-1,-1
66,10,1142.85,306.32,91.99,241.55,0.95,-1,-1,-1
66,11,117.18,301.31,84.68,194.01,0.90,-1,-1,-1
66,12,119.93,311.39,61.68,173.48,0.69,-1,-1,-1
66,13,67.19,323.11,70.93,167.32,0.88,-1,-1,-1
66,14,2.42,328.29,64.25,145.07,0.94,-1,-1,-1
67,1,970.07,291.11,166.09,433.04,0.93,-1,-1,-1
67,3,846.39,296.67,159.47,485.35,0.89,-1,-1,-1
67,4,715.75,284.45,165.45,497.08,0.91,-1,-1,-1
67,7,219.84,313.48,55.00,167.05,0.88,-1,-1,-1
67,8,193.04,325.28,66.53,168.85,0.92,-1,-1,-1
67,9,1005.38,309.15,96.62,215.83,0.51,-1,-1,-1
67,10,1144.20,306.39,91.94,243.36,0.95,-1,-1,-1
67,11,117.27,301.37,84.38,195.46,0.91,-1,-1,-1
67,12,119.72,311.02,62.29,175.99,0.70,-1,-1,-1
67,13,66.25,323.67,71.00,168.61,0.91,-1,-1,-1
67,14,2.01,328.40,64.66,145.93,0.94,-1,-1,-1
68,1,978.59,293.58,168.44,433.81,0.93,-1,-1,-1
68,3,853.03,295.34,168.53,494.43,0.91,-1,-1,-1
68,4,719.89,286.11,171.82,498.21,0.91,-1,-1,-1
68,7,220.84,313.10,53.57,168.37,0.88,-1,-1,-1
68,8,193.81,325.12,64.69,170.31,0.93,-1,-1,-1
68,10,1144.60,306.87,91.90,244.10,0.95,-1,-1,-1
68,11,119.08,300.93,82.14,198.76,0.92,-1,-1,-1
68,12,120.00,310.87,62.20,177.76,0.69,-1,-1,-1
68,13,65.59,323.56,70.79,170.51,0.90,-1,-1,-1
68,14,1.84,328.70,64.57,146.52,0.94,-1,-1,-1
69,1,983.27,295.98,178.74,434.24,0.93,-1,-1,-1
69,3,860.56,294.81,176.60,498.28,0.90,-1,-1,-1
69,4,723.64,288.50,180.06,500.18,0.91,-1,-1,-1
69,7,221.60,313.23,53.37,168.24,0.89,-1,-1,-1
69,8,194.72,324.29,63.62,171.85,0.93,-1,-1,-1
69,10,1141.70,306.46,95.45,245.48,0.95,-1,-1,-1
69,11,121.19,300.29,79.91,200.99,0.92,-1,-1,-1
69,12,121.03,311.39,60.67,178.08,0.74,-1,-1,-1
69,13,63.22,323.49,72.95,172.06,0.91,-1,-1,-1
69,14,1.46,328.19,64.59,147.60,0.94,-1,-1,-1
70,1,986.55,298.79,189.50,434.93,0.92,-1,-1,-1
70,3,867.01,293.28,185.73,509.24,0.90,-1,-1,-1
70,4,729.00,288.66,185.48,502.57,0.89,-1,-1,-1
70,7,222.91,313.26,53.68,169.00,0.89,-1,-1,-1
70,8,195.81,323.50,63.43,173.40,0.93,-1,-1,-1
70,10,1131.71,306.88,106.14,246.48,0.95,-1,-1,-1
70,11,121.63,299.28,78.58,204.83,0.91,-1,-1,-1
70,12,120.19,312.76,61.54,175.44,0.61,-1,-1,-1
70,13,62.80,322.98,72.82,172.12,0.92,-1,-1,-1
70,14,1.48,327.67,64.06,148.55,0.94,-1,-1,-1
70,6,743.80,294.25,82.01,238.96,0.77,-1,-1,-1
71,1,992.87,296.25,193.69,438.06,0.92,-1,-1,-1
71,3,876.87,291.94,189.27,516.33,0.90,-1,-1,-1
71,4,732.46,287.05,193.06,509.10,0.90,-1,-1,-1
71,7,223.97,313.43,56.83,169.71,0.90,-1,-1,-1
71,8,196.71,322.75,63.76,174.70,0.93,-1,-1,-1
71,10,1119.50,307.00,118.14,246.81,0.95,-1,-1,-1
71,11,121.64,298.61,78.40,207.14,0.91,-1,-1,-1
71,12,120.61,312.10,63.65,174.97,0.56,-1,-1,-1
71,13,62.59,321.75,74.14,173.73,0.91,-1,-1,-1
71,14,1.47,326.73,63.90,149.93,0.94,-1,-1,-1
71,6,736.05,295.50,85.05,242.64,0.82,-1,-1,-1
72,1,1000.34,293.52,194.06,442.72,0.91,-1,-1,-1
72,3,883.73,291.16,198.35,528.80,0.90,-1,-1,-1
72,4,738.02,285.86,202.54,520.28,0.87,-1,-1,-1
72,7,224.99,313.63,62.03,169.51,0.91,-1,-1,-1
72,8,196.94,321.57,64.71,176.05,0.93,-1,-1,-1
72,10,1111.86,307.68,125.14,246.59,0.94,-1,-1,-1
72,11,121.26,297.30,79.82,211.35,0.92,-1,-1,-1
72,12,119.44,312.14,61.79,175.35,0.37,-1,-1,-1
72,13,62.15,320.81,74.33,174.45,0.91,-1,-1,-1
72,14,0.65,325.91,64.59,151.17,0.94,-1,-1,-1
72,6,730.49,294.85,85.43,252.27,0.85,-1,-1,-1
73,1,1009.99,292.35,191.72,450.76,0.90,-1,-1,-1
73,3,892.52,291.91,205.19,531.51,0.90,-1,-1,-1
73,4,744.08,283.50,208.42,526.92,0.89,-1,-1,-1
73,7,224.62,313.38,68.30,169.41,0.91,-1,-1,-1
73,8,197.26,320.94,65.80,176.68,0.93,-1,-1,-1
73,10,1109.93,307.39,126.78,247.65,0.94,-1,-1,-1
73,11,120.78,296.33,80.19,211.59,0.92,-1,-1,-1
73,12,103.68,322.21,63.57,165.09,0.64,-1,-1,-1
73,13,62.76,319.82,71.93,175.28,0.91,-1,-1,-1
73,14,-0.03,325.40,64.95,151.77,0.94,-1,-1,-1
73,6,725.30,293.86,84.96,252.44,0.86,-1,-1,-1
74,1,1009.30,290.72,196.61,455.44,0.89,-1,-1,-1
74,3,903.51,290.91,209.22,542.34,0.89,-1,-1,-1
74,4,750.65,279.67,208.62,538.63,0.90,-1,-1,-1
74,7,224.97,312.88,72.54,170.07,0.92,-1,-1,-1
74,8,197.39,320.00,66.21,179.08,0.92,-1,-1,-1
74,10,1110.97,307.26,126.17,248.87,0.93,-1,-1,-1
74,11,120.03,296.01,79.59,212.76,0.93,-1,-1,-1
74,12,98.47,326.28,61.69,162.14,0.58,-1,-1,-1
74,13,64.02,319.05,70.33,176.27,0.91,-1,-1,-1
74,14,-0.42,325.55,65.10,151.36,0.94,-1,-1,-1
74,6,719.37,292.25,90.13,252.48,0.87,-1,-1,-1
75,1,1011.80,290.08,199.58,464.17,0.90,-1,-1,-1
75,3,910.21,289.36,218.49,559.71,0.91,-1,-1,-1
75,4,756.27,276.15,212.93,553.76,0.90,-1,-1,-1
75,7,225.01,313.45,75.01,170.15,0.92,-1,-1,-1
75,8,197.48,319.81,65.56,180.69,0.92,-1,-1,-1
75,10,1110.93,307.35,126.99,249.73,0.92,-1,-1,-1
75,11,119.51,295.17,79.36,214.18,0.93,-1,-1,-1
75,12,99.04,328.49,57.08,161.84,0.29,-1,-1,-1
75,13,65.35,318.48,69.86,176.90,0.90,-1,-1,-1
75,14,-1.09,325.34,66.42,152.07,0.94,-1,-1,-1
75,6,714.65,290.41,93.21,251.30,0.88,-1,-1,-1
76,1,1019.54,289.03,204.11,469.44,0.87,-1,-1,-1
76,3,919.49,288.24,223.09,563.86,0.90,-1,-1,-1
76,4,762.93,273.84,216.76,557.80,0.90,-1,-1,-1
76,7,225.19,314.11,75.14,170.02,0.92,-1,-1,-1
76,8,197.41,320.05,64.77,181.26,0.92,-1,-1,-1
76,10,1115.04,306.41,126.04,251.35,0.91,-1,-1,-1
76,11,118.79,294.71,79.11,215.39,0.94,-1,-1,-1
76,12,104.52,328.33,54.24,159.35,0.15,-1,-1,-1
76,13,66.13,318.12,71.77,177.84,0.92,-1,-1,-1
76,14,-1.60,324.80,69.29,153.05,0.94,-1,-1,-1
76,6,708.91,288.69,99.02,255.48,0.91,-1,-1,-1
77,1,1031.74,286.14,197.67,478.24,0.85,-1,-1,-1
77,3,928.76,285.95,224.82,577.61,0.89,-1,-1,-1
77,4,768.63,272.27,221.97,573.04,0.89,-1,-1,-1
77,7,225.91,315.03,73.35,170.25,0.91,-1,-1,-1
77,8,197.23,320.08,65.24,182.48,0.91,-1,-1,-1
77,10,1120.93,302.21,122.10,256.36,0.89,-1,-1,-1
77,11,118.75,294.34,81.28,217.57,0.94,-1,-1,-1
77,12,110.12,327.24,53.15,159.81,0.10,-1,-1,-1
77,13,65.87,318.37,75.13,178.16,0.92,-1,-1,-1
77,14,-1.98,324.85,71.05,154.15,0.94,-1,-1,-1
77,6,703.15,287.04,103.56,251.87,0.92,-1,-1,-1
78,1,1052.30,285.06,185.48,485.02,0.83,-1,-1,-1
78,3,940.84,285.23,221.85,581.97,0.86,-1,-1,-1
78,4,773.59,270.69,223.30,590.51,0.88,-1,-1,-1
78,7,225.97,315.37,71.70,171.52,0.91,-1,-1,-1
78,8,197.84,320.24,64.97,182.47,0.92,-1,-1,-1
78,10,1118.56,299.76,128.79,259.71,0.84,-1,-1,-1
78,11,118.91,294.64,88.57,219.09,0.94,-1,-1,-1
78,13,63.62,318.17,81.41,178.85,0.92,-1,-1,-1
78,14,-2.65,325.16,72.44,155.44,0.94,-1,-1,-1
78,6,697.89,286.41,104.17,260.95,0.92,-1,-1,-1
78,9,983.87,314.20,72.81,230.55,0.75,-1,-1,-1
79,1,1077.31,284.26,178.28,488.78,0.85,-1,-1,-1
79,3,949.89,282.97,218.12,585.68,0.88,-1,-1,-1
79,4,778.79,270.71,226.55,599.94,0.88,-1,-1,-1
79,7,225.87,315.33,70.65,173.02,0.90,-1,-1,-1
79,8,197.96,320.88,65.23,182.42,0.92,-1,-1,-1
79,10,1122.28,294.61,133.54,267.26,0.41,-1,-1,-1
79,11,119.52,294.90,93.87,220.35,0.94,-1,-1,-1
79,13,65.85,318.38,82.40,180.26,0.92,-1,-1,-1
79,14,-2.85,325.25,72.65,156.20,0.94,-1,-1,-1
79,6,693.37,285.91,99.09,264.60,0.90,-1,-1,-1
79,9,982.65,315.49,73.20,225.25,0.79,-1,-1,-1
80,1,1094.00,282.92,175.68,495.20,0.89,-1,-1,-1
80,3,957.21,280.35,222.50,603.24,0.86,-1,-1,-1
80,4,784.16,268.71,241.14,613.22,0.86,-1,-1,-1
80,7,222.76,315.48,72.39,174.01,0.90,-1,-1,-1
80,8,198.13,321.75,66.08,183.84,0.91,-1,-1,-1
80,11,118.90,295.03,98.41,221.95,0.94,-1,-1,-1
80,13,62.45,319.83,86.61,180.02,0.91,-1,-1,-1
80,14,-3.12,325.18,71.76,156.61,0.94,-1,-1,-1
80,6,688.63,285.13,88.67,259.49,0.89,-1,-1,-1
80,9,982.88,315.91,75.68,218.64,0.81,-1,-1,-1
81,1,1105.77,283.03,174.75,510.94,0.88,-1,-1,-1
81,3,966.20,278.51,225.24,616.09,0.84,-1,-1,-1
81,4,789.29,266.68,254.37,625.16,0.87,-1,-1,-1
81,7,221.06,315.26,72.72,175.54,0.90,-1,-1,-1
81,8,198.10,322.69,66.40,184.33,0.92,-1,-1,-1
81,11,117.65,296.15,100.73,222.63,0.94,-1,-1,-1
81,13,61.47,321.00,85.94,180.17,0.91,-1,-1,-1
81,14,-2.90,325.17,71.01,158.50,0.93,-1,-1,-1
81,6,684.43,285.30,85.24,252.21,0.90,-1,-1,-1
81,9,983.02,315.76,72.94,219.47,0.83,-1,-1,-1
82,1,1115.07,283.23,175.63,520.71,0.85,-1,-1,-1
82,3,976.96,278.99,235.55,630.06,0.85,-1,-1,-1
82,4,794.29,262.71,264.88,642.54,0.88,-1,-1,-1
82,7,221.58,314.70,70.75,176.82,0.90,-1,-1,-1
82,8,198.16,323.47,66.58,184.92,0.92,-1,-1,-1
82,11,117.39,298.19,99.56,222.07,0.94,-1,-1,-1
82,13,59.53,322.16,89.15,180.63,0.91,-1,-1,-1
82,14,-6.34,325.89,72.06,159.03,0.90,-1,-1,-1
82,6,678.19,285.66,87.71,253.34,0.89,-1,-1,-1
82,9,979.41,314.77,73.19,219.17,0.82,-1,-1,-1
83,1,1127.09,283.80,169.96,515.09,0.85,-1,-1,-1
83,3,986.62,278.36,239.37,636.92,0.84,-1,-1,-1
83,4,798.09,263.85,278.30,652.74,0.89,-1,-1,-1
83,7,224.45,314.33,67.26,178.61,0.90,-1,-1,-1
83,8,198.37,323.60,66.57,186.73,0.92,-1,-1,-1
83,11,118.15,298.95,96.51,223.58,0.94,-1,-1,-1
83,13,60.84,323.02,85.88,181.22,0.91,-1,-1,-1
83,14,-3.90,326.29,67.88,159.65,0.93,-1,-1,-1
83,6,671.57,287.01,90.97,250.79,0.91,-1,-1,-1
83,9,979.36,313.82,70.86,223.55,0.84,-1,-1,-1
84,1,1132.91,284.22,165.41,521.38,0.84,-1,-1,-1
84,3,995.34,278.32,245.39,652.89,0.85,-1,-1,-1
84,4,804.29,260.28,283.16,669.83,0.88,-1,-1,-1
84,7,227.73,313.59,63.79,180.17,0.91,-1,-1,-1
84,8,198.58,323.64,67.22,188.00,0.92,-1,-1,-1
84,11,118.88,299.82,93.20,224.43,0.93,-1,-1,-1
84,13,63.26,323.18,82.98,183.37,0.91,-1,-1,-1
84,14,-2.95,326.43,66.77,160.46,0.93,-1,-1,-1
84,6,667.15,289.78,92.80,247.91,0.92,-1,-1,-1
84,9,973.88,316.14,73.75,224.33,0.79,-1,-1,-1
85,1,1140.65,284.96,150.39,528.85,0.82,-1,-1,-1
85,3,1002.50,278.32,255.70,674.98,0.84,-1,-1,-1
85,4,810.33,258.63,292.00,690.28,0.89,-1,-1,-1
85,7,230.36,312.10,63.43,181.89,0.92,-1,-1,-1
85,8,199.08,323.32,67.24,189.32,0.92,-1,-1,-1
85,11,120.29,300.70,89.20,224.68,0.94,-1,-1,-1
85,13,64.93,322.75,81.62,185.76,0.90,-1,-1,-1
85,14,-2.67,326.30,68.62,161.17,0.93,-1,-1,-1
85,6,660.98,291.99,94.66,249.22,0.90,-1,-1,-1
85,9,971.96,318.78,74.78,223.41,0.79,-1,-1,-1
85,15,820.35,345.82,25.20,63.00,0.73,-1,-1,-1
86,1,1152.87,284.94,147.44,534.15,0.79,-1,-1,-1
86,3,1007.93,272.53,265.38,693.65,0.85,-1,-1,-1
86,4,815.71,258.02,303.06,710.05,0.89,-1,-1,-1
86,7,232.78,311.54,64.83,183.10,0.92,-1,-1,-1
86,8,199.33,323.20,66.87,189.78,0.93,-1,-1,-1
86,11,120.96,300.74,86.32,225.61,0.94,-1,-1,-1
86,13,64.84,322.30,81.36,186.64,0.90,-1,-1,-1
86,14,-2.51,325.67,69.53,162.30,0.93,-1,-1,-1
86,6,655.57,292.79,97.13,249.74,0.91,-1,-1,-1
86,9,967.14,317.22,76.40,223.79,0.77,-1,-1,-1
86,15,821.47,346.24,25.20,60.14,0.66,-1,-1,-1
87,1,1170.93,284.89,142.83,527.72,0.81,-1,-1,-1
87,3,1013.22,273.29,267.88,670.84,0.86,-1,-1,-1
87,4,822.82,257.36,311.22,719.49,0.88,-1,-1,-1
87,7,234.57,311.17,67.15,184.54,0.91,-1,-1,-1
87,8,199.15,322.24,67.92,191.38,0.92,-1,-1,-1
87,11,120.25,301.02,86.02,226.49,0.93,-1,-1,-1
87,13,64.50,321.95,80.32,187.36,0.89,-1,-1,-1
87,14,-2.68,324.97,70.17,163.13,0.92,-1,-1,-1
87,6,649.58,293.63,98.64,250.52,0.90,-1,-1,-1
87,9,964.19,313.74,74.65,226.44,0.69,-1,-1,-1
87,15,822.73,346.47,25.21,61.34,0.66,-1,-1,-1
87,10,1107.88,295.91,71.83,253.41,0.76,-1,-1,-1
88,1,1181.83,285.63,142.52,531.90,0.75,-1,-1,-1
88,3,1020.15,271.00,265.12,674.98,0.85,-1,-1,-1
88,4,830.02,250.17,318.75,744.74,0.88,-1,-1,-1
88,7,235.24,310.71,70.37,185.32,0.91,-1,-1,-1
88,8,198.82,321.40,68.88,192.97,0.92,-1,-1,-1
88,11,119.06,300.49,89.35,227.35,0.93,-1,-1,-1
88,13,66.96,320.89,76.16,188.17,0.93,-1,-1,-1
88,14,-3.23,324.82,71.82,163.54,0.92,-1,-1,-1
88,6,643.65,293.32,97.41,251.70,0.90,-1,-1,-1
88,15,824.16,346.00,25.20,59.62,0.64,-1,-1,-1
88,10,1103.86,296.68,72.87,265.80,0.76,-1,-1,-1
89,1,1199.95,290.35,141.29,500.28,0.23,-1,-1,-1
89,3,1030.13,270.92,270.85,687.30,0.84,-1,-1,-1
89,4,836.98,248.17,321.15,749.93,0.85,-1,-1,-1
89,7,234.45,310.24,75.38,187.64,0.90,-1,-1,-1
89,8,197.95,319.74,71.01,195.15,0.92,-1,-1,-1
89,11,117.52,298.49,91.01,229.70,0.92,-1,-1,-1
89,13,66.53,319.58,75.34,189.32,0.92,-1,-1,-1
89,14,-3.68,324.45,73.01,163.96,0.92,-1,-1,-1
89,6,638.63,291.70,96.88,254.82,0.89,-1,-1,-1
89,15,825.22,346.01,25.20,59.71,0.48,-1,-1,-1
89,10,1097.84,296.92,76.35,268.89,0.79,-1,-1,-1
90,1,1206.83,295.68,143.46,496.15,0.12,-1,-1,-1
90,3,1041.39,270.92,274.17,704.16,0.81,-1,-1,-1
90,4,845.97,243.09,308.02,762.34,0.87,-1,-1,-1
90,7,235.64,310.27,77.32,188.67,0.90,-1,-1,-1
90,8,197.12,318.43,73.00,197.01,0.91,-1,-1,-1
90,11,116.79,297.18,91.08,231.48,0.92,-1,-1,-1
90,13,65.59,318.56,75.23,190.94,0.89,-1,-1,-1
90,14,-4.13,323.34,73.70,165.45,0.92,-1,-1,-1
90,6,629.26,289.61,99.07,260.48,0.89,-1,-1,-1
90,15,826.56,345.87,25.20,58.78,0.57,-1,-1,-1
90,10,1089.09,297.00,80.17,275.15,0.77,-1,-1,-1
91,3,1052.99,263.69,281.08,740.35,0.82,-1,-1,-1
91,4,855.70,239.60,314.26,775.82,0.85,-1,-1,-1
91,7,236.10,310.27,78.61,189.59,0.90,-1,-1,-1
91,8,196.67,317.18,76.07,198.39,0.92,-1,-1,-1
91,11,114.77,294.89,94.04,234.16,0.91,-1,-1,-1
91,13,54.24,317.12,84.12,192.53,0.90,-1,-1,-1
91,14,-4.22,322.89,74.63,166.27,0.91,-1,-1,-1
91,6,624.70,288.07,96.32,263.92,0.91,-1,-1,-1
91,15,827.88,345.98,25.20,59.44,0.68,-1,-1,-1
91,10,1077.36,297.05,90.22,268.92,0.85,-1,-1,-1
92,3,1068.88,257.65,284.76,763.15,0.81,-1,-1,-1
92,4,864.48,228.75,331.67,800.15,0.85,-1,-1,-1
92,7,236.82,310.30,78.79,190.20,0.89,-1,-1,-1
92,8,196.42,316.43,77.74,199.47,0.92,-1,-1,-1
92,11,112.68,293.74,96.60,236.03,0.92,-1,-1,-1
92,13,50.17,315.69,86.85,194.59,0.91,-1,-1,-1
92,14,-4.69,322.59,76.27,168.19,0.90,-1,-1,-1
92,6,619.67,286.33,92.22,265.81,0.92,-1,-1,-1
92,15,829.57,346.05,24.57,60.62,0.39,-1,-1,-1
92,10,1070.83,297.09,93.90,267.97,0.87,-1,-1,-1
93,3,1089.64,259.66,294.03,778.64,0.70,-1,-1,-1
93,4,875.38,221.50,341.48,838.03,0.85,-1,-1,-1
93,7,236.39,310.44,80.24,191.27,0.89,-1,-1,-1
93,8,196.43,316.26,78.97,200.73,0.92,-1,-1,-1
93,11,110.43,293.22,98.84,237.46,0.92,-1,-1,-1
93,13,48.91,315.20,86.41,196.23,0.88,-1,-1,-1
93,14,-5.78,322.06,79.60,170.19,0.89,-1,-1,-1
93,6,615.95,285.93,87.57,267.14,0.92,-1,-1,-1
93,15,831.14,346.46,24.96,64.76,0.66,-1,-1,-1
93,10,1068.76,297.70,91.73,266.02,0.86,-1,-1,-1
93,9,936.80,308.67,75.51,241.14,0.70,-1,-1,-1
94,3,1132.40,264.79,266.39,772.00,0.60,-1,-1,-1
94,4,887.94,231.91,359.23,847.48,0.84,-1,-1,-1
94,7,236.94,311.00,81.69,191.92,0.89,-1,-1,-1
94,8,196.77,316.44,81.51,201.42,0.93,-1,-1,-1
94,11,108.72,292.88,100.90,239.81,0.92,-1,-1,-1
94,13,50.49,315.48,84.39,198.11,0.89,-1,-1,-1
94,14,-5.97,322.34,78.99,170.78,0.90,-1,-1,-1
94,6,611.82,284.47,83.51,269.72,0.91,-1,-1,-1
94,15,832.81,346.62,25.12,64.74,0.49,-1,-1,-1
94,10,1073.97,298.13,92.08,266.24,0.84,-1,-1,-1
94,9,911.90,310.06,93.25,235.20,0.85,-1,-1,-1
95,3,1142.14,285.00,265.74,736.64,0.20,-1,-1,-1
95,4,901.20,237.53,369.39,868.42,0.84,-1,-1,-1
95,7,237.09,311.68,81.92,191.97,0.90,-1,-1,-1
95,8,196.58,317.00,84.48,202.97,0.92,-1,-1,-1
95,11,107.14,292.79,101.33,242.72,0.91,-1,-1,-1
95,13,47.76,315.63,86.94,200.25,0.89,-1,-1,-1
95,14,-6.59,323.08,78.92,171.55,0.90,-1,-1,-1
95,6,607.15,283.38,81.45,270.66,0.92,-1,-1,-1
95,15,834.23,346.56,25.17,62.89,0.70,-1,-1,-1
95,10,1071.87,298.63,93.37,271.39,0.79,-1,-1,-1
95,9,899.55,310.88,98.62,234.00,0.88,-1,-1,-1
96,4,917.84,240.46,366.29,878.90,0.85,-1,-1,-1
96,7,236.59,311.84,81.98,193.99,0.90,-1,-1,-1
96,8,196.46,318.58,86.27,202.89,0.92,-1,-1,-1
96,11,105.50,292.78,103.12,246.56,0.92,-1,-1,-1
96,13,43.59,316.16,91.40,201.57,0.85,-1,-1,-1
96,14,-7.64,324.11,78.47,172.35,0.89,-1,-1,-1
96,6,602.28,284.24,80.76,262.24,0.90,-1,-1,-1
96,15,835.37,346.83,25.80,61.58,0.47,-1,-1,-1
96,9,894.39,311.91,109.59,233.65,0.89,-1,-1,-1
97,4,940.02,243.81,364.77,885.89,0.84,-1,-1,-1
97,7,237.34,312.54,80.80,195.28,0.91,-1,-1,-1
97,8,197.17,320.29,86.58,203.52,0.93,-1,-1,-1
97,11,103.90,293.44,104.96,247.63,0.92,-1,-1,-1
97,13,45.97,317.03,88.62,204.06,0.89,-1,-1,-1
97,14,-8.42,324.58,78.82,173.77,0.90,-1,-1,-1
97,6,597.54,284.14,80.58,270.74,0.92,-1,-1,-1
97,15,837.41,346.89,26.04,63.20,0.47,-1,-1,-1
97,9,891.50,312.56,118.39,234.97,0.90,-1,-1,-1
98,4,955.77,245.98,377.96,888.79,0.80,-1,-1,-1
98,7,238.34,313.04,79.41,196.30,0.91,-1,-1,-1
98,8,198.10,321.32,85.39,205.03,0.93,-1,-1,-1
98,11,103.41,294.10,105.33,249.86,0.94,-1,-1,-1
98,13,46.15,318.05,88.61,205.37,0.90,-1,-1,-1
98,14,-8.22,324.85,78.24,175.29,0.90,-1,-1,-1
98,6,590.20,284.07,83.57,273.81,0.92,-1,-1,-1
98,15,839.83,347.15,26.12,61.39,0.35,-1,-1,-1
98,9,890.41,313.04,120.80,236.61,0.89,-1,-1,-1
99,4,988.61,250.35,360.75,888.02,0.83,-1,-1,-1
99,7,238.86,313.37,77.65,197.34,0.91,-1,-1,-1
99,8,199.15,322.15,83.76,206.85,0.93,-1,-1,-1
99,11,102.71,294.50,105.99,252.20,0.94,-1,-1,-1
99,13,44.69,320.21,88.06,205.48,0.91,-1,-1,-1
99,14,-8.09,325.24,77.54,175.79,0.91,-1,-1,-1
99,6,578.37,284.79,91.81,275.02,0.92,-1,-1,-1
99,15,841.48,347.21,26.14,62.18,0.57,-1,-1,-1
99,9,889.25,312.16,118.50,239.69,0.90,-1,-1,-1
100,4,1016.64,248.08,342.86,898.99,0.84,-1,-1,-1
100,7,239.38,313.41,76.10,198.77,0.91,-1,-1,-1
100,8,199.58,322.82,81.94,208.13,0.93,-1,-1,-1
100,11,102.42,295.32,105.37,252.79,0.94,-1,-1,-1
100,13,42.12,321.41,90.88,206.39,0.90,-1,-1,-1
100,14,-8.37,325.47,74.79,176.86,0.91,-1,-1,-1
100,6,565.08,286.74,101.27,272.38,0.92,-1,-1,-1
100,15,843.56,347.27,26.16,63.38,0.21,-1,-1,-1
100,9,888.79,311.84,110.81,242.06,0.89,-1,-1,-1
100,10,1056.73,294.73,87.13,263.21,0.80,-1,-1,-1
101,4,1043.04,250.17,320.17,906.39,0.83,-1,-1,-1
101,7,239.64,312.81,74.60,200.18,0.90,-1,-1,-1
101,8,199.31,323.49,81.73,209.33,0.93,-1,-1,-1
101,11,101.60,295.62,105.41,255.62,0.94,-1,-1,-1
101,13,41.69,322.13,89.88,207.29,0.89,-1,-1,-1
101,14,-7.99,325.38,72.74,177.99,0.92,-1,-1,-1
101,6,554.44,288.54,108.94,272.08,0.92,-1,-1,-1
101,15,845.91,346.87,26.16,63.83,0.36,-1,-1,-1
101,9,890.52,312.04,113.26,243.84,0.92,-1,-1,-1
101,10,1053.38,295.22,90.30,271.46,0.84,-1,-1,-1
102,4,1066.82,238.70,316.58,963.77,0.80,-1,-1,-1
102,7,239.80,312.23,72.54,201.84,0.89,-1,-1,-1
102,8,199.00,323.69,81.65,210.62,0.92,-1,-1,-1
102,11,101.53,296.27,105.95,257.20,0.93,-1,-1,-1
102,13,39.51,322.94,91.42,208.46,0.90,-1,-1,-1
102,14,-8.11,325.45,70.88,178.81,0.91,-1,-1,-1
102,6,544.50,289.74,118.81,272.21,0.93,-1,-1,-1
102,15,848.28,346.77,25.56,61.31,0.47,-1,-1,-1
102,9,890.98,310.99,106.28,246.67,0.91,-1,-1,-1
102,10,1049.95,294.84,97.22,275.69,0.91,-1,-1,-1
103,4,1089.38,235.56,301.89,972.68,0.75,-1,-1,-1
103,7,240.57,311.37,70.24,203.92,0.89,-1,-1,-1
103,8,199.37,323.55,81.65,212.11,0.91,-1,-1,-1
103,11,101.21,296.02,106.54,258.78,0.92,-1,-1,-1
103,13,35.38,322.87,96.60,210.35,0.89,-1,-1,-1
103,14,-8.17,325.10,70.18,179.98,0.91,-1,-1,-1
103,6,538.43,290.76,123.23,271.65,0.93,-1,-1,-1
103,9,889.31,310.33,97.03,248.62,0.90,-1,-1,-1
103,10,1046.41,295.33,100.92,278.18,0.93,-1,-1,-1
103,16,139.05,317.47,69.75,193.27,0.71,-1,-1,-1
104,4,1110.86,230.52,287.87,985.55,0.74,-1,-1,-1
104,7,242.46,310.72,66.67,204.65,0.89,-1,-1,-1
104,8,200.96,322.12,80.74,214.23,0.91,-1,-1,-1
104,11,101.72,295.15,108.11,260.32,0.92,-1,-1,-1
104,13,33.98,322.36,98.11,212.03,0.91,-1,-1,-1
104,14,-8.01,324.64,69.53,180.96,0.91,-1,-1,-1
104,6,536.17,291.99,124.36,267.51,0.92,-1,-1,-1
104,9,886.02,310.18,89.48,249.13,0.88,-1,-1,-1
104,10,1042.68,295.77,103.52,279.37,0.93,-1,-1,-1
104,16,142.12,318.92,67.61,194.43,0.69,-1,-1,-1
105,4,1132.70,222.49,291.61,995.55,0.55,-1,-1,-1
105,7,243.63,309.89,66.01,206.06,0.88,-1,-1,-1
105,8,203.84,321.29,78.30,215.89,0.90,-1,-1,-1
105,11,103.38,294.10,108.02,262.47,0.93,-1,-1,-1
105,13,33.17,320.54,99.61,215.14,0.90,-1,-1,-1
105,14,-7.94,324.19,69.04,181.60,0.91,-1,-1,-1
105,6,535.63,292.45,124.14,264.14,0.92,-1,-1,-1
105,9,882.28,309.40,79.63,252.40,0.89,-1,-1,-1
105,10,1040.26,297.13,104.50,279.50,0.93,-1,-1,-1
105,16,139.84,317.48,71.05,199.17,0.75,-1,-1,-1
106,4,1155.18,204.97,278.48,938.50,0.16,-1,-1,-1
106,7,246.53,309.42,67.02,207.00,0.90,-1,-1,-1
106,8,206.41,320.36,76.38,217.07,0.90,-1,-1,-1
106,11,105.27,293.08,106.94,263.82,0.92,-1,-1,-1
106,13,32.16,318.64,100.23,217.46,0.90,-1,-1,-1
106,14,-7.85,323.40,69.03,182.40,0.91,-1,-1,-1
106,6,534.30,292.14,124.52,263.03,0.92,-1,-1,-1
106,9,876.76,308.81,78.09,252.70,0.89,-1,-1,-1
106,10,1031.32,297.95,111.87,279.80,0.93,-1,-1,-1
106,16,142.44,315.24,72.34,204.20,0.79,-1,-1,-1
107,7,248.36,308.98,71.34,208.40,0.89,-1,-1,-1
107,8,208.60,319.59,75.23,218.40,0.90,-1,-1,-1
107,11,107.14,292.02,105.91,265.47,0.92,-1,-1,-1
107,13,31.04,317.53,102.97,218.63,0.91,-1,-1,-1
107,14,-7.63,322.72,69.55,183.32,0.91,-1,-1,-1
107,6,533.51,290.94,124.58,264.15,0.92,-1,-1,-1
107,9,869.06,308.36,82.94,253.98,0.90,-1,-1,-1
107,10,1027.89,297.25,113.49,279.76,0.91,-1,-1,-1
107,16,143.15,314.41,79.15,205.77,0.82,-1,-1,-1
108,7,249.32,308.81,76.76,208.98,0.90,-1,-1,-1
108,8,209.67,318.26,77.85,220.28,0.91,-1,-1,-1
108,11,108.77,290.86,106.40,266.89,0.93,-1,-1,-1
108,13,31.10,316.19,103.61,220.00,0.91,-1,-1,-1
108,14,-6.69,322.29,69.93,184.16,0.91,-1,-1,-1
108,6,533.68,289.31,123.37,272.16,0.93,-1,-1,-1
108,9,859.96,307.54,91.25,255.85,0.90,-1,-1,-1
108,10,1026.86,297.07,114.08,280.44,0.90,-1,-1,-1
108,16,147.02,313.86,80.94,206.85,0.85,-1,-1,-1
108,17,1213.20,492.75,124.20,387.00,0.73,-1,-1,-1
109,7,251.18,308.93,80.55,208.92,0.90,-1,-1,-1
109,8,211.51,317.63,76.94,222.20,0.92,-1,-1,-1
109,11,111.26,289.28,104.91,269.04,0.93,-1,-1,-1
109,13,31.92,314.69,103.69,222.30,0.89,-1,-1,-1
109,14,-5.19,321.86,72.97,185.85,0.92,-1,-1,-1
109,6,534.66,286.65,120.42,277.71,0.93,-1,-1,-1
109,9,855.77,307.24,96.96,257.30,0.92,-1,-1,-1
109,10,1024.76,297.29,116.54,280.86,0.91,-1,-1,-1
109,16,151.00,313.90,79.42,207.81,0.85,-1,-1,-1
110,7,253.59,309.13,81.46,209.37,0.91,-1,-1,-1
110,8,213.72,316.96,77.57,225.74,0.93,-1,-1,-1
110,11,113.91,287.94,103.55,271.50,0.94,-1,-1,-1
110,13,29.44,313.82,107.27,223.78,0.86,-1,-1,-1
110,14,-5.15,322.57,78.06,185.63,0.92,-1,-1,-1
110,6,534.88,285.05,115.66,277.54,0.93,-1,-1,-1
110,9,854.33,307.77,100.96,257.29,0.93,-1,-1,-1
110,10,1017.73,298.16,124.44,281.22,0.91,-1,-1,-1
110,16,154.11,313.48,77.14,210.11,0.81,-1,-1,-1
111,7,257.16,309.68,79.44,210.45,0.91,-1,-1,-1
111,8,215.97,316.73,77.73,228.42,0.93,-1,-1,-1
111,11,116.11,287.78,104.11,271.96,0.94,-1,-1,-1
111,13,31.26,313.25,107.87,224.48,0.87,-1,-1,-1
111,14,-3.98,323.19,80.54,186.02,0.91,-1,-1,-1
111,6,536.13,284.16,104.76,276.12,0.93,-1,-1,-1
111,9,850.14,308.24,107.41,257.71,0.92,-1,-1,-1
111,10,1013.86,300.07,129.69,280.77,0.92,-1,-1,-1
111,16,155.60,313.69,76.73,212.30,0.79,-1,-1,-1
112,7,260.04,310.49,76.25,211.15,0.92,-1,-1,-1
112,8,217.90,316.96,77.81,230.30,0.93,-1,-1,-1
112,11,118.85,287.61,104.34,273.14,0.94,-1,-1,-1
112,13,32.18,313.07,108.25,225.02,0.87,-1,-1,-1
112,14,-1.95,324.34,79.51,185.57,0.90,-1,-1,-1
112,6,534.96,283.24,96.90,276.17,0.93,-1,-1,-1
112,9,846.40,309.01,113.34,257.87,0.91,-1,-1,-1
112,10,1007.94,301.07,138.62,280.32,0.91,-1,-1,-1
112,16,159.81,314.11,73.20,213.05,0.76,-1,-1,-1
113,7,261.94,311.41,73.51,212.57,0.92,-1,-1,-1
113,8,220.49,316.78,78.13,231.55,0.94,-1,-1,-1
113,11,120.65,288.01,106.80,274.28,0.95,-1,-1,-1
113,13,39.13,313.31,101.39,225.17,0.90,-1,-1,-1
113,14,-0.07,324.77,80.03,185.97,0.90,-1,-1,-1
113,6,532.81,281.44,89.78,278.25,0.92,-1,-1,-1
113,9,842.22,309.35,119.06,258.48,0.89,-1,-1,-1
113,10,1004.02,302.07,146.59,280.74,0.92,-1,-1,-1
113,16,160.73,313.24,71.58,214.61,0.70,-1,-1,-1
114,7,263.95,311.77,71.89,215.53,0.91,-1,-1,-1
114,8,222.38,317.62,80.43,233.53,0.93,-1,-1,-1
114,11,122.13,288.48,111.58,275.64,0.95,-1,-1,-1
114,13,42.64,313.73,99.63,226.45,0.91,-1,-1,-1
114,14,1.29,325.39,83.40,186.61,0.91,-1,-1,-1
114,6,532.17,282.59,82.96,276.46,0.92,-1,-1,-1
114,9,839.36,309.83,122.72,259.67,0.89,-1,-1,-1
114,10,1002.72,301.90,150.87,282.78,0.92,-1,-1,-1
114,16,162.18,314.60,71.60,214.74,0.73,-1,-1,-1
115,7,265.18,311.79,71.29,217.90,0.91,-1,-1,-1
115,8,225.53,319.17,80.54,234.47,0.94,-1,-1,-1
115,11,123.55,288.42,117.90,279.01,0.95,-1,-1,-1
115,13,45.78,314.83,97.93,226.55,0.92,-1,-1,-1
115,14,3.52,326.40,84.45,186.35,0.90,-1,-1,-1
115,6,529.91,283.38,80.72,277.47,0.90,-1,-1,-1
115,9,839.25,310.62,120.35,260.92,0.89,-1,-1,-1
115,10,1003.46,299.15,153.58,288.22,0.91,-1,-1,-1
115,16,166.12,315.46,70.39,214.67,0.80,-1,-1,-1
116,7,267.97,311.48,70.18,219.64,0.91,-1,-1,-1
116,8,228.82,321.51,80.35,233.87,0.94,-1,-1,-1
116,11,126.39,288.68,119.30,281.40,0.95,-1,-1,-1
116,13,49.25,315.53,98.95,228.01,0.91,-1,-1,-1
116,14,6.02,326.75,83.34,187.11,0.90,-1,-1,-1
116,6,527.66,284.12,81.31,279.75,0.90,-1,-1,-1
116,9,837.93,310.01,114.88,263.12,0.87,-1,-1,-1
116,10,1006.74,300.74,149.93,287.29,0.92,-1,-1,-1
116,16,167.80,317.11,70.85,214.12,0.77,-1,-1,-1
117,7,270.76,310.89,70.06,222.44,0.90,-1,-1,-1
117,8,230.68,322.67,82.11,235.92,0.93,-1,-1,-1
117,11,129.09,290.24,117.14,283.40,0.95,-1,-1,-1
117,13,51.84,316.96,100.03,228.50,0.93,-1,-1,-1
117,14,9.39,327.43,81.86,188.84,0.90,-1,-1,-1
117,6,525.72,285.58,81.59,277.00,0.90,-1,-1,-1
117,9,837.25,309.77,92.38,255.31,0.75,-1,-1,-1
117,10,1008.70,300.01,143.59,289.39,0.92,-1,-1,-1
117,16,164.31,316.67,76.57,216.67,0.84,-1,-1,-1
118,7,273.22,310.35,70.65,224.35,0.90,-1,-1,-1
118,8,232.73,323.39,84.47,237.84,0.92,-1,-1,-1
118,11,133.01,290.99,113.73,285.43,0.95,-1,-1,-1
118,13,55.29,318.68,98.74,230.13,0.93,-1,-1,-1
118,14,13.46,326.94,78.84,191.40,0.90,-1,-1,-1
118,6,523.60,286.87,82.41,276.67,0.91,-1,-1,-1
118,9,833.80,309.03,84.64,249.55,0.86,-1,-1,-1
118,10,1012.57,300.12,132.70,288.22,0.94,-1,-1,-1
118,16,168.41,317.38,75.63,216.11,0.88,-1,-1,-1
119,7,277.25,309.58,70.58,226.21,0.92,-1,-1,-1
119,8,236.14,323.66,82.72,240.58,0.92,-1,-1,-1
119,11,136.41,291.73,112.40,287.77,0.95,-1,-1,-1
119,13,58.43,320.53,98.34,231.01,0.92,-1,-1,-1
119,14,18.10,326.91,75.62,191.91,0.91,-1,-1,-1
119,6,521.47,287.67,83.39,277.14,0.92,-1,-1,-1
119,9,831.58,308.48,81.57,249.23,0.82,-1,-1,-1
119,10,1017.87,300.48,118.71,285.37,0.93,-1,-1,-1
119,16,173.95,319.01,73.34,215.09,0.86,-1,-1,-1
120,7,282.01,308.68,72.06,228.08,0.92,-1,-1,-1
120,8,238.57,324.04,82.90,242.20,0.94,-1,-1,-1
120,11,140.39,292.14,111.21,289.96,0.96,-1,-1,-1
120,13,61.04,321.21,100.43,231.93,0.92,-1,-1,-1
120,14,22.91,326.12,73.12,193.14,0.90,-1,-1,-1
120,6,518.73,288.86,85.61,279.72,0.92,-1,-1,-1
120,9,827.59,308.30,83.10,255.45,0.87,-1,-1,-1
120,10,1020.62,296.90,107.26,287.44,0.91,-1,-1,-1
120,16,182.38,317.96,68.61,216.63,0.86,-1,-1,-1
120,15,910.81,348.69,26.99,59.43,0.66,-1,-1,-1
121,7,286.01,309.20,75.86,227.79,0.92,-1,-1,-1
121,8,240.54,323.55,84.72,244.17,0.93,-1,-1,-1
121,11,144.45,291.68,110.27,292.42,0.95,-1,-1,-1
121,13,63.80,322.01,100.15,232.77,0.92,-1,-1,-1
121,14,28.51,325.79,71.59,194.70,0.89,-1,-1,-1
121,6,516.62,290.16,87.65,280.61,0.90,-1,-1,-1
121,9,822.58,308.79,86.11,253.27,0.87,-1,-1,-1
121,10,1020.86,295.08,105.84,290.35,0.91,-1,-1,-1
121,16,188.11,316.94,66.81,220.10,0.85,-1,-1,-1
121,15,915.17,348.75,27.33,60.33,0.73,-1,-1,-1
122,7,289.45,308.22,80.50,229.07,0.92,-1,-1,-1
122,8,244.83,322.75,84.22,245.72,0.93,-1,-1,-1
122,11,148.87,292.24,110.29,292.82,0.95,-1,-1,-1
122,13,65.30,321.12,106.88,236.57,0.90,-1,-1,-1
122,14,34.15,325.37,70.67,195.25,0.89,-1,-1,-1
122,6,514.79,291.07,92.01,281.05,0.92,-1,-1,-1
122,9,816.39,308.95,89.66,257.77,0.89,-1,-1,-1
122,10,1019.12,294.06,106.66,292.29,0.88,-1,-1,-1
122,16,192.11,317.57,67.10,218.54,0.81,-1,-1,-1
122,15,919.70,348.87,27.44,63.00,0.80,-1,-1,-1
123,7,293.48,307.83,85.75,231.28,0.92,-1,-1,-1
123,8,250.25,321.38,85.20,247.27,0.93,-1,-1,-1
123,11,152.16,290.07,112.32,295.85,0.94,-1,-1,-1
123,13,69.08,321.04,106.91,237.97,0.92,-1,-1,-1
123,14,39.52,324.75,71.05,197.93,0.90,-1,-1,-1
123,6,513.61,291.23,95.42,281.34,0.94,-1,-1,-1
123,9,809.46,309.27,95.76,259.44,0.93,-1,-1,-1
123,10,1016.68,293.65,110.69,293.59,0.88,-1,-1,-1
123,16,193.34,314.08,70.85,222.80,0.69,-1,-1,-1
123,15,925.14,348.14,27.19,65.16,0.81,-1,-1,-1
124,7,295.85,307.68,90.94,232.67,0.91,-1,-1,-1
124,8,253.98,320.11,87.33,249.15,0.91,-1,-1,-1
124,11,156.34,288.35,113.59,298.12,0.95,-1,-1,-1
124,13,72.50,319.81,110.12,239.65,0.92,-1,-1,-1
124,14,44.92,324.36,71.04,200.55,0.89,-1,-1,-1
124,6,514.71,290.68,94.99,282.03,0.93,-1,-1,-1
124,9,802.04,308.96,100.99,258.73,0.90,-1,-1,-1
124,10,1002.69,293.50,115.80,293.76,0.89,-1,-1,-1
124,16,196.68,313.35,72.82,227.33,0.77,-1,-1,-1
124,15,930.04,348.00,28.28,67.17,0.76,-1,-1,-1
124,18,-55.24,315.45,84.00,222.75,0.76,-1,-1,-1
125,7,299.52,307.66,92.96,234.90,0.91,-1,-1,-1
125,8,259.23,319.21,86.37,250.23,0.92,-1,-1,-1
125,11,159.63,286.54,111.78,300.38,0.94,-1,-1,-1
125,13,76.70,318.48,107.67,240.81,0.91,-1,-1,-1
125,14,50.22,324.39,70.59,201.64,0.89,-1,-1,-1
125,6,514.88,290.17,90.67,282.54,0.93,-1,-1,-1
125,9,794.31,309.44,108.22,252.48,0.90,-1,-1,-1
125,10,990.30,294.07,127.20,293.49,0.88,-1,-1,-1
125,16,200.01,312.52,75.05,229.29,0.79,-1,-1,-1
125,15,936.41,348.11,27.51,69.38,0.56,-1,-1,-1
125,18,-48.90,317.49,81.32,221.88,0.75,-1,-1,-1
126,7,304.05,307.94,93.42,237.19,0.89,-1,-1,-1
126,8,264.69,317.53,89.23,251.93,0.93,-1,-1,-1
126,11,163.13,285.26,114.35,301.49,0.94,-1,-1,-1
126,13,79.25,317.50,108.88,242.55,0.90,-1,-1,-1
126,14,53.49,324.68,70.95,200.85,0.89,-1,-1,-1
126,6,515.05,289.67,86.58,282.15,0.90,-1,-1,-1
126,9,788.34,309.49,116.16,252.06,0.89,-1,-1,-1
126,10,982.90,294.02,131.51,294.85,0.90,-1,-1,-1
126,16,205.30,311.03,74.73,231.76,0.72,-1,-1,-1
126,15,942.90,348.88,27.20,66.71,0.61,-1,-1,-1
126,18,-40.75,320.84,77.86,220.16,0.79,-1,-1,-1
127,7,309.97,307.86,91.49,239.06,0.90,-1,-1,-1
127,8,269.06,317.14,87.64,252.25,0.92,-1,-1,-1
127,11,165.43,283.54,114.99,303.64,0.94,-1,-1,-1
127,13,83.60,316.33,107.28,243.93,0.92,-1,-1,-1
127,14,59.03,324.88,68.91,198.88,0.88,-1,-1,-1
127,6,515.40,288.25,83.85,277.55,0.92,-1,-1,-1
127,9,783.51,309.79,117.55,248.95,0.91,-1,-1,-1
127,10,977.13,293.43,138.98,297.15,0.91,-1,-1,-1
127,16,212.57,309.54,72.20,234.73,0.81,-1,-1,-1
127,15,949.88,349.64,25.88,62.92,0.43,-1,-1,-1
127,18,-37.31,318.70,78.35,224.16,0.83,-1,-1,-1
128,7,316.52,308.11,87.77,238.93,0.89,-1,-1,-1
128,8,274.72,317.43,89.11,252.86,0.92,-1,-1,-1
128,11,168.77,282.76,114.46,305.22,0.94,-1,-1,-1
128,13,87.33,315.17,106.63,244.65,0.90,-1,-1,-1
128,14,64.02,325.27,69.39,197.62,0.86,-1,-1,-1
128,6,514.78,286.28,82.32,275.44,0.92,-1,-1,-1
128,9,781.01,309.78,119.20,249.99,0.90,-1,-1,-1
128,10,979.11,292.91,143.03,298.82,0.90,-1,-1,-1
128,16,219.96,309.13,71.25,236.94,0.82,-1,-1,-1
128,15,956.59,349.91,25.39,61.76,0.44,-1,-1,-1
128,18,-36.04,316.75,81.86,225.74,0.85,-1,-1,-1
129,7,321.29,308.14,83.56,241.82,0.88,-1,-1,-1
129,8,279.87,317.63,93.44,254.42,0.91,-1,-1,-1
129,11,174.17,282.40,116.49,308.18,0.93,-1,-1,-1
129,13,85.41,314.62,112.93,246.11,0.88,-1,-1,-1
129,14,67.83,325.46,71.89,196.42,0.84,-1,-1,-1
129,6,515.12,284.62,78.72,275.61,0.92,-1,-1,-1
129,9,780.16,311.89,123.22,249.56,0.87,-1,-1,-1
129,10,981.77,292.63,149.14,300.22,0.91,-1,-1,-1
129,16,226.34,310.38,69.96,236.58,0.81,-1,-1,-1
129,15,963.65,350.36,25.21,60.75,0.44,-1,-1,-1
129,18,-31.43,316.64,81.35,225.26,0.87,-1,-1,-1
130,7,325.02,308.49,85.25,243.15,0.86,-1,-1,-1
130,8,284.84,318.20,99.11,256.28,0.91,-1,-1,-1
130,11,176.16,281.43,117.52,314.23,0.93,-1,-1,-1
130,13,87.50,313.28,116.68,249.85,0.89,-1,-1,-1
130,14,71.83,325.26,71.66,198.02,0.86,-1,-1,-1
130,6,513.46,283.17,78.64,278.06,0.92,-1,-1,-1
130,9,777.94,310.50,121.23,251.33,0.89,-1,-1,-1
130,10,988.07,292.76,146.83,302.32,0.91,-1,-1,-1
130,16,228.95,308.40,72.55,239.76,0.79,-1,-1,-1
130,15,971.46,350.43,25.14,58.27,0.57,-1,-1,-1
130,18,-25.11,315.69,79.84,226.60,0.87,-1,-1,-1
131,7,330.10,308.05,87.36,245.98,0.87,-1,-1,-1
131,8,290.47,318.74,103.90,256.95,0.90,-1,-1,-1
131,11,180.76,281.55,117.40,317.22,0.93,-1,-1,-1
131,13,89.80,313.40,117.05,251.53,0.90,-1,-1,-1
131,14,77.38,325.37,70.26,199.65,0.85,-1,-1,-1
131,6,512.24,283.53,78.68,278.71,0.91,-1,-1,-1
131,9,777.23,309.37,122.70,252.32,0.87,-1,-1,-1
131,10,993.05,293.69,148.15,302.21,0.90,-1,-1,-1
131,16,234.25,310.20,72.26,238.71,0.77,-1,-1,-1
131,15,977.73,350.28,26.34,61.33,0.52,-1,-1,-1
131,18,-19.84,314.79,79.52,228.29,0.85,-1,-1,-1
132,7,332.95,307.87,91.95,249.65,0.86,-1,-1,-1
132,8,296.04,319.82,106.58,258.33,0.92,-1,-1,-1
132,11,183.15,282.04,121.17,320.19,0.92,-1,-1,-1
132,13,91.20,314.02,120.05,254.48,0.89,-1,-1,-1
132,14,82.28,325.37,71.18,204.11,0.85,-1,-1,-1
132,6,510.34,285.77,81.12,277.46,0.92,-1,-1,-1
132,9,778.85,309.25,122.02,257.17,0.87,-1,-1,-1
132,10,994.45,294.22,152.06,303.75,0.89,-1,-1,-1
132,16,237.60,310.73,75.70,239.86,0.76,-1,-1,-1
132,15,984.65,350.54,26.77,58.57,0.11,-1,-1,-1
132,18,-15.75,314.75,80.21,228.25,0.90,-1,-1,-1
133,7,337.44,308.18,96.34,251.66,0.88,-1,-1,-1
133,8,302.42,321.79,108.21,259.47,0.93,-1,-1,-1
133,11,186.86,283.50,123.21,323.69,0.92,-1,-1,-1
133,13,101.70,315.11,115.85,261.36,0.92,-1,-1,-1
133,14,87.17,325.91,72.45,203.04,0.83,-1,-1,-1
133,6,505.29,285.79,86.25,278.28,0.92,-1,-1,-1
133,9,779.19,308.67,124.67,264.09,0.89,-1,-1,-1
133,10,997.01,294.03,154.73,307.50,0.90,-1,-1,-1
133,16,241.24,312.66,80.51,240.47,0.76,-1,-1,-1
133,15,993.21,350.53,25.77,59.03,0.18,-1,-1,-1
133,18,-13.71,314.85,82.89,229.78,0.87,-1,-1,-1
134,7,344.35,308.12,96.57,254.81,0.88,-1,-1,-1
134,8,308.33,324.29,108.77,261.58,0.93,-1,-1,-1
134,11,191.35,284.36,125.71,326.64,0.93,-1,-1,-1
134,13,108.64,316.54,114.85,260.22,0.92,-1,-1,-1
134,14,92.91,326.54,72.34,194.97,0.82,-1,-1,-1
134,6,498.23,287.10,94.02,277.79,0.93,-1,-1,-1
134,9,782.92,309.00,120.95,270.76,0.88,-1,-1,-1
134,10,1001.50,294.20,154.51,309.40,0.91,-1,-1,-1
134,16,246.24,312.64,82.07,241.92,0.72,-1,-1,-1
134,18,-9.57,315.20,84.57,230.87,0.90,-1,-1,-1
135,7,345.93,308.66,100.08,255.89,0.87,-1,-1,-1
135,8,313.89,325.63,107.73,263.31,0.93,-1,-1,-1
135,11,196.43,284.96,130.12,328.79,0.92,-1,-1,-1
135,13,111.43,317.64,118.63,263.76,0.90,-1,-1,-1
135,14,98.30,326.13,73.32,205.70,0.89,-1,-1,-1
135,6,496.32,289.23,97.55,277.09,0.94,-1,-1,-1
135,9,787.93,307.93,110.44,274.09,0.90,-1,-1,-1
135,10,1003.65,293.08,147.24,313.27,0.90,-1,-1,-1
135,16,252.20,312.15,82.33,247.26,0.68,-1,-1,-1
135,18,-2.63,315.90,84.95,230.88,0.93,-1,-1,-1
136,7,355.47,309.00,97.61,256.06,0.89,-1,-1,-1
136,8,320.44,326.25,105.19,264.34,0.92,-1,-1,-1
136,11,201.83,285.17,132.06,331.84,0.93,-1,-1,-1
136,13,116.02,318.18,118.94,265.76,0.93,-1,-1,-1
136,14,104.75,325.52,72.34,210.26,0.87,-1,-1,-1
136,6,492.50,291.05,104.11,277.57,0.95,-1,-1,-1
136,9,792.12,307.95,98.95,275.44,0.92,-1,-1,-1
136,10,1007.48,291.16,143.09,317.32,0.90,-1,-1,-1
136,16,260.55,315.18,79.74,244.21,0.77,-1,-1,-1
136,18,0.19,315.85,89.66,233.24,0.93,-1,-1,-1
137,7,363.49,307.92,96.56,257.54,0.89,-1,-1,-1
137,8,326.19,326.15,103.57,267.94,0.93,-1,-1,-1
137,11,208.28,285.53,130.65,334.40,0.92,-1,-1,-1
137,13,120.40,321.17,118.96,266.30,0.92,-1,-1,-1
137,14,109.79,324.82,74.51,213.33,0.88,-1,-1,-1
137,6,490.57,292.75,109.50,276.71,0.94,-1,-1,-1
137,9,792.17,307.49,97.96,277.82,0.91,-1,-1,-1
137,10,1010.17,289.23,135.52,322.64,0.89,-1,-1,-1
137,16,269.10,313.96,76.92,245.33,0.74,-1,-1,-1
137,18,6.79,317.03,91.89,233.50,0.93,-1,-1,-1
138,7,370.57,308.13,95.98,258.08,0.90,-1,-1,-1
138,8,330.76,325.83,104.70,270.49,0.93,-1,-1,-1
138,11,214.42,285.40,134.84,336.52,0.93,-1,-1,-1
138,13,126.17,322.47,119.30,267.22,0.91,-1,-1,-1
138,14,115.33,324.87,74.87,213.90,0.87,-1,-1,-1
138,6,491.82,294.01,112.16,276.43,0.94,-1,-1,-1
138,9,790.07,307.66,99.48,278.13,0.91,-1,-1,-1
138,10,1013.59,287.25,126.56,328.34,0.88,-1,-1,-1
138,16,277.55,313.82,76.43,246.35,0.82,-1,-1,-1
138,18,13.70,318.08,91.68,235.08,0.93,-1,-1,-1
139,7,378.26,307.34,96.47,256.70,0.88,-1,-1,-1
139,8,337.06,324.96,104.22,272.97,0.93,-1,-1,-1
139,11,222.65,284.49,130.84,339.81,0.93,-1,-1,-1
139,13,129.31,323.12,124.28,268.49,0.90,-1,-1,-1
139,14,119.45,325.06,75.45,214.46,0.86,-1,-1,-1
139,6,495.27,294.47,114.30,276.58,0.95,-1,-1,-1
139,9,788.08,309.50,100.68,280.48,0.91,-1,-1,-1
139,10,1016.56,286.33,114.64,329.93,0.84,-1,-1,-1
139,16,284.11,312.14,77.14,248.87,0.82,-1,-1,-1
139,18,22.64,319.41,88.15,235.89,0.94,-1,-1,-1
140,7,387.60,307.54,93.48,256.98,0.90,-1,-1,-1
140,8,344.41,324.51,101.58,275.01,0.93,-1,-1,-1
140,11,231.27,284.04,133.90,341.55,0.93,-1,-1,-1
140,13,138.57,323.23,121.57,270.65,0.91,-1,-1,-1
140,14,124.44,325.45,77.55,214.75,0.85,-1,-1,-1
140,6,499.82,295.43,113.87,276.32,0.94,-1,-1,-1
140,9,785.18,310.14,103.53,283.06,0.90,-1,-1,-1
140,10,1016.17,286.27,119.26,329.55,0.81,-1,-1,-1
140,16,290.50,312.44,78.56,250.79,0.79,-1,-1,-1
140,18,29.90,319.48,85.27,238.22,0.93,-1,-1,-1
141,7,391.95,307.94,96.68,259.72,0.89,-1,-1,-1
141,8,354.90,322.90,98.78,277.20,0.93,-1,-1,-1
141,11,239.64,281.85,135.05,344.77,0.93,-1,-1,-1
141,13,143.61,323.31,121.22,271.71,0.92,-1,-1,-1
141,14,131.32,326.11,81.44,213.79,0.81,-1,-1,-1
141,6,503.13,295.79,114.82,275.64,0.95,-1,-1,-1
141,9,773.18,313.01,116.52,281.35,0.92,-1,-1,-1
141,10,1012.48,286.53,118.41,333.74,0.88,-1,-1,-1
141,16,298.48,310.38,78.52,253.39,0.80,-1,-1,-1
141,18,37.39,320.30,81.55,239.81,0.94,-1,-1,-1
142,7,399.19,308.98,97.41,261.54,0.91,-1,-1,-1
142,8,364.01,320.94,97.73,279.24,0.92,-1,-1,-1
142,11,249.47,280.15,133.98,347.01,0.94,-1,-1,-1
142,13,152.30,322.89,116.98,273.31,0.93,-1,-1,-1
142,14,139.03,326.37,81.17,214.21,0.84,-1,-1,-1
142,6,507.05,294.39,113.97,276.22,0.95,-1,-1,-1
142,9,758.48,313.77,133.85,280.87,0.93,-1,-1,-1
142,10,1006.69,286.59,123.04,336.09,0.90,-1,-1,-1
142,16,299.09,308.25,91.85,258.31,0.71,-1,-1,-1
142,18,45.10,320.92,78.63,240.62,0.94,-1,-1,-1
143,7,403.61,308.73,102.54,262.84,0.91,-1,-1,-1
143,8,374.17,320.15,96.60,281.49,0.92,-1,-1,-1
143,11,258.85,278.56,132.94,349.03,0.94,-1,-1,-1
143,13,160.47,321.92,116.32,273.48,0.91,-1,-1,-1
143,14,147.53,326.71,81.63,213.79,0.76,-1,-1,-1
143,6,512.09,293.21,110.05,275.31,0.95,-1,-1,-1
143,9,748.29,312.24,149.08,282.75,0.92,-1,-1,-1
143,10,999.92,286.01,130.73,338.45,0.91,-1,-1,-1
143,16,307.65,305.36,94.19,262.78,0.81,-1,-1,-1
143,18,52.97,320.49,75.98,242.12,0.94,-1,-1,-1
144,7,413.41,307.24,103.44,265.94,0.91,-1,-1,-1
144,8,382.32,319.33,98.73,282.28,0.93,-1,-1,-1
144,11,267.80,278.05,132.20,350.58,0.94,-1,-1,-1
144,13,161.50,321.15,119.80,275.11,0.91,-1,-1,-1
144,14,156.07,328.69,85.59,213.00,0.34,-1,-1,-1
144,6,517.28,291.93,104.28,272.88,0.95,-1,-1,-1
144,9,743.87,312.64,158.07,282.52,0.92,-1,-1,-1
144,10,993.84,286.80,138.30,339.25,0.91,-1,-1,-1
144,16,312.91,306.10,97.07,267.66,0.77,-1,-1,-1
144,18,59.42,319.64,75.31,243.98,0.94,-1,-1,-1
145,7,417.67,307.37,110.32,268.69,0.91,-1,-1,-1
145,8,388.78,318.99,101.14,282.51,0.91,-1,-1,-1
145,11,275.92,276.36,131.87,353.15,0.94,-1,-1,-1
145,13,166.20,320.21,120.41,276.26,0.91,-1,-1,-1
145,14,165.50,328.19,87.78,218.02,0.29,-1,-1,-1
145,6,521.87,289.91,98.41,271.68,0.94,-1,-1,-1
145,9,744.93,312.02,163.32,285.19,0.93,-1,-1,-1
145,10,972.34,288.57,164.40,338.31,0.90,-1,-1,-1
145,16,321.19,304.32,98.13,269.45,0.74,-1,-1,-1
145,18,65.80,318.37,75.15,244.64,0.94,-1,-1,-1
146,7,427.25,307.44,110.06,269.67,0.91,-1,-1,-1
146,8,394.39,318.15,103.70,285.34,0.92,-1,-1,-1
146,11,284.24,275.47,131.46,354.33,0.95,-1,-1,-1
146,13,179.26,318.28,113.62,278.84,0.91,-1,-1,-1
146,14,170.21,328.17,89.13,215.31,0.57,-1,-1,-1
146,6,524.73,287.97,92.59,272.43,0.94,-1,-1,-1
146,9,746.39,311.48,167.59,285.85,0.93,-1,-1,-1
146,10,975.79,289.26,166.60,341.08,0.88,-1,-1,-1
146,16,329.03,301.92,95.61,274.73,0.75,-1,-1,-1
146,18,71.39,317.33,76.51,246.63,0.93,-1,-1,-1
147,7,432.36,308.79,113.80,270.13,0.90,-1,-1,-1
147,8,399.65,317.39,104.80,291.81,0.92,-1,-1,-1
147,11,291.56,274.25,132.16,355.87,0.95,-1,-1,-1
147,13,180.19,316.62,119.76,281.27,0.92,-1,-1,-1
147,14,178.86,326.80,89.97,218.22,0.24,-1,-1,-1
147,6,528.15,286.51,85.54,272.58,0.93,-1,-1,-1
147,9,750.48,310.99,166.86,287.52,0.93,-1,-1,-1
147,10,976.93,290.29,176.43,341.62,0.89,-1,-1,-1
147,16,333.12,302.91,95.69,273.89,0.55,-1,-1,-1
147,18,76.97,316.47,77.55,248.07,0.94,-1,-1,-1
148,7,439.19,308.73,114.75,272.31,0.89,-1,-1,-1
148,8,405.49,317.27,106.97,297.88,0.93,-1,-1,-1
148,11,299.07,273.97,132.40,357.11,0.95,-1,-1,-1
148,13,185.89,314.83,119.87,283.30,0.93,-1,-1,-1
148,6,528.92,285.38,81.81,272.07,0.93,-1,-1,-1
148,9,755.40,310.07,163.49,290.33,0.93,-1,-1,-1
148,10,972.31,289.96,168.86,340.10,0.86,-1,-1,-1
148,16,337.97,302.31,96.56,276.55,0.75,-1,-1,-1
148,18,82.75,315.12,79.44,249.02,0.94,-1,-1,-1
149,7,444.53,308.72,117.39,277.56,0.91,-1,-1,-1
149,8,411.45,317.99,108.51,298.27,0.93,-1,-1,-1
149,11,306.52,274.35,136.35,359.48,0.96,-1,-1,-1
149,13,194.18,313.73,120.20,285.09,0.93,-1,-1,-1
149,6,530.38,283.65,81.23,275.67,0.91,-1,-1,-1
149,9,761.29,309.17,156.76,291.98,0.93,-1,-1,-1
149,10,968.90,289.42,166.68,330.46,0.91,-1,-1,-1
149,16,353.09,309.06,89.81,272.66,0.52,-1,-1,-1
149,18,88.30,314.47,80.90,249.52,0.94,-1,-1,-1
149,15,1128.52,347.84,30.55,69.62,0.62,-1,-1,-1
