0,1,836.55,336.82,88.65,200.02,0.95,-1,-1,-1
0,2,422.10,327.15,90.00,226.35,0.94,-1,-1,-1
0,3,496.80,331.42,85.50,160.42,0.93,-1,-1,-1
0,4,653.85,351.90,82.80,120.15,0.92,-1,-1,-1
0,5,305.10,338.62,59.40,150.98,0.91,-1,-1,-1
0,6,779.40,336.82,54.00,130.73,0.91,-1,-1,-1
0,7,243.45,332.10,49.05,153.00,0.87,-1,-1,-1
0,8,407.70,345.82,64.80,155.92,0.87,-1,-1,-1
0,9,760.50,355.27,36.90,106.87,0.86,-1,-1,-1
0,10,266.62,320.40,57.15,170.55,0.86,-1,-1,-1
0,11,565.65,347.62,29.70,75.15,0.85,-1,-1,-1
0,12,592.20,354.37,21.60,58.50,0.83,-1,-1,-1
0,13,832.50,360.22,27.90,84.15,0.79,-1,-1,-1
1,1,836.55,336.83,88.65,200.03,0.95,-1,-1,-1
1,2,422.10,327.15,90.00,226.35,0.94,-1,-1,-1
1,3,496.80,331.23,85.50,160.62,0.93,-1,-1,-1
1,4,653.85,351.90,82.80,120.15,0.92,-1,-1,-1
1,5,305.10,338.62,59.40,150.98,0.91,-1,-1,-1
1,6,779.40,336.83,54.00,130.73,0.91,-1,-1,-1
1,7,243.65,332.10,49.05,153.00,0.87,-1,-1,-1
1,8,407.70,345.63,65.19,156.51,0.87,-1,-1,-1
1,9,760.50,355.28,36.90,106.87,0.86,-1,-1,-1
1,10,266.62,320.40,57.15,170.55,0.86,-1,-1,-1
1,11,565.65,347.63,29.70,75.15,0.85,-1,-1,-1
1,12,592.20,354.38,21.60,58.50,0.83,-1,-1,-1
1,13,832.50,360.23,27.90,84.15,0.79,-1,-1,-1
2,1,835.23,337.90,89.79,200.99,0.95,-1,-1,-1
2,2,417.11,325.35,92.19,229.80,0.93,-1,-1,-1
2,3,493.30,331.52,86.29,162.27,0.92,-1,-1,-1
2,4,650.90,351.57,84.29,121.72,0.92,-1,-1,-1
2,5,303.29,338.23,59.10,152.58,0.91,-1,-1,-1
2,6,777.66,336.14,54.05,132.30,0.91,-1,-1,-1
2,7,240.22,332.39,50.49,154.25,0.87,-1,-1,-1
2,8,404.79,345.57,60.42,156.82,0.87,-1,-1,-1
2,9,758.73,355.67,36.23,107.72,0.89,-1,-1,-1
2,10,263.37,319.97,57.20,171.82,0.86,-1,-1,-1
2,11,563.29,347.98,29.73,73.14,0.84,-1,-1,-1
2,12,589.17,352.99,21.62,60.33,0.86,-1,-1,-1
2,13,829.42,359.93,30.03,91.97,0.78,-1,-1,-1
3,1,834.94,338.78,90.81,202.05,0.94,-1,-1,-1
3,2,409.52,325.55,96.44,232.50,0.93,-1,-1,-1
3,3,488.36,331.68,89.26,163.39,0.93,-1,-1,-1
3,4,649.14,351.50,85.42,122.49,0.93,-1,-1,-1
3,5,303.79,336.98,56.93,154.55,0.90,-1,-1,-1
3,6,776.23,336.30,54.05,133.76,0.91,-1,-1,-1
3,7,237.27,332.57,54.68,155.26,0.88,-1,-1,-1
3,8,400.72,345.80,65.68,156.99,0.88,-1,-1,-1
3,9,756.61,356.33,36.01,108.79,0.90,-1,-1,-1
3,10,260.66,320.28,57.55,172.83,0.85,-1,-1,-1
3,11,558.66,347.26,31.11,75.62,0.86,-1,-1,-1
3,12,583.63,353.10,25.06,61.56,0.85,-1,-1,-1
3,13,827.21,359.21,30.71,93.14,0.78,-1,-1,-1
4,1,833.59,339.03,91.75,203.30,0.94,-1,-1,-1
4,2,406.78,326.30,96.31,233.55,0.93,-1,-1,-1
4,3,485.32,331.38,88.87,165.32,0.92,-1,-1,-1
4,4,647.08,351.80,85.73,123.33,0.92,-1,-1,-1
4,5,303.21,337.57,54.19,154.78,0.89,-1,-1,-1
4,6,774.54,337.02,53.37,134.49,0.89,-1,-1,-1
4,7,233.83,333.44,59.22,156.00,0.88,-1,-1,-1
4,8,397.69,346.69,66.89,156.82,0.89,-1,-1,-1
4,9,754.04,356.85,37.29,109.41,0.90,-1,-1,-1
4,10,259.26,320.38,56.32,173.40,0.87,-1,-1,-1
4,11,555.70,347.36,30.89,76.39,0.85,-1,-1,-1
4,12,580.06,353.65,26.79,61.58,0.86,-1,-1,-1
4,13,825.28,359.41,31.52,93.91,0.81,-1,-1,-1
5,1,831.29,338.93,93.99,204.84,0.94,-1,-1,-1
5,2,403.84,326.29,96.49,236.09,0.93,-1,-1,-1
5,3,481.55,331.31,89.33,166.59,0.93,-1,-1,-1
5,4,644.89,352.26,86.46,123.91,0.92,-1,-1,-1
5,5,302.21,337.85,53.05,155.13,0.89,-1,-1,-1
5,6,772.78,337.60,53.81,135.66,0.91,-1,-1,-1
5,7,228.94,334.10,62.35,155.91,0.88,-1,-1,-1
5,8,395.16,346.22,67.62,159.20,0.89,-1,-1,-1
5,9,752.00,357.02,38.37,110.57,0.89,-1,-1,-1
5,10,254.96,320.62,59.18,174.70,0.86,-1,-1,-1
5,11,552.90,346.14,31.43,78.89,0.85,-1,-1,-1
5,12,577.04,353.56,27.40,61.86,0.86,-1,-1,-1
5,13,824.11,359.84,30.52,91.52,0.82,-1,-1,-1
6,1,832.70,341.46,92.53,204.40,0.94,-1,-1,-1
6,2,395.32,325.53,100.68,239.56,0.94,-1,-1,-1
6,3,477.56,331.63,90.05,167.92,0.93,-1,-1,-1
6,4,642.32,352.93,87.29,125.50,0.93,-1,-1,-1
6,5,300.15,339.85,54.02,154.89,0.91,-1,-1,-1
6,6,771.92,338.33,53.95,136.19,0.90,-1,-1,-1
6,7,224.44,334.94,63.64,157.43,0.88,-1,-1,-1
6,8,394.41,347.47,67.19,159.55,0.86,-1,-1,-1
6,9,750.74,357.75,38.11,110.94,0.90,-1,-1,-1
6,10,250.47,320.87,62.92,176.22,0.87,-1,-1,-1
6,11,549.86,347.00,30.97,79.75,0.85,-1,-1,-1
6,12,573.65,352.00,28.15,64.76,0.81,-1,-1,-1
6,13,822.22,360.05,31.35,99.39,0.83,-1,-1,-1
7,1,834.86,343.92,89.66,203.71,0.95,-1,-1,-1
7,2,391.89,325.14,101.12,243.65,0.94,-1,-1,-1
7,3,473.58,331.96,91.44,170.66,0.93,-1,-1,-1
7,4,639.99,353.13,88.11,126.81,0.92,-1,-1,-1
7,5,298.50,339.80,53.07,155.53,0.90,-1,-1,-1
7,6,771.08,338.90,53.94,137.41,0.91,-1,-1,-1
7,7,220.40,336.29,64.31,157.16,0.87,-1,-1,-1
7,8,392.22,347.33,66.92,160.87,0.87,-1,-1,-1
7,9,749.78,357.98,37.32,111.81,0.90,-1,-1,-1
7,10,245.89,321.41,66.31,176.86,0.87,-1,-1,-1
7,11,546.17,348.19,32.00,79.40,0.80,-1,-1,-1
7,12,571.67,353.52,28.35,63.65,0.84,-1,-1,-1
7,13,818.85,360.04,33.42,105.97,0.85,-1,-1,-1
8,1,835.04,344.68,89.35,203.69,0.95,-1,-1,-1
8,2,388.50,324.87,101.52,245.01,0.93,-1,-1,-1
8,3,470.39,331.74,92.03,172.94,0.93,-1,-1,-1
8,4,637.98,353.21,89.08,127.51,0.92,-1,-1,-1
8,5,296.04,340.16,52.88,156.17,0.90,-1,-1,-1
8,6,770.51,338.87,53.41,137.94,0.91,-1,-1,-1
8,7,216.03,337.04,65.54,157.61,0.88,-1,-1,-1
8,8,390.87,346.83,64.76,161.29,0.88,-1,-1,-1
8,9,748.27,357.85,37.72,112.84,0.91,-1,-1,-1
8,10,242.11,322.02,68.28,178.11,0.88,-1,-1,-1
8,11,544.29,347.63,31.20,81.05,0.82,-1,-1,-1
8,12,569.53,353.87,27.83,62.83,0.85,-1,-1,-1
8,13,817.06,359.75,34.24,108.29,0.84,-1,-1,-1
9,1,835.34,344.97,88.25,203.62,0.94,-1,-1,-1
9,2,383.99,322.94,104.09,249.30,0.93,-1,-1,-1
9,3,466.64,331.35,92.16,174.60,0.93,-1,-1,-1
9,4,636.38,353.55,89.36,127.71,0.92,-1,-1,-1
9,5,293.41,338.71,53.73,159.10,0.89,-1,-1,-1
9,6,769.07,338.90,55.03,138.68,0.91,-1,-1,-1
9,7,211.98,337.54,67.58,156.80,0.89,-1,-1,-1
9,8,388.37,346.00,66.66,162.91,0.88,-1,-1,-1
9,9,746.51,358.13,37.82,113.48,0.90,-1,-1,-1
9,10,238.20,322.34,70.40,179.25,0.88,-1,-1,-1
9,11,540.99,347.88,32.08,81.31,0.80,-1,-1,-1
9,12,567.36,353.55,27.56,63.41,0.85,-1,-1,-1
9,13,814.30,360.28,35.09,109.61,0.87,-1,-1,-1
10,1,834.24,345.15,88.46,203.74,0.95,-1,-1,-1
10,2,380.51,324.12,104.25,250.08,0.92,-1,-1,-1
10,3,462.36,331.74,93.38,174.87,0.94,-1,-1,-1
10,4,634.67,353.47,89.43,128.51,0.92,-1,-1,-1
10,5,290.37,338.26,54.06,160.01,0.88,-1,-1,-1
10,6,767.39,339.00,56.21,139.08,0.92,-1,-1,-1
10,7,209.07,336.10,67.99,158.32,0.88,-1,-1,-1
10,8,386.32,345.78,67.04,164.55,0.85,-1,-1,-1
10,9,744.71,358.33,37.25,113.53,0.90,-1,-1,-1
10,10,234.00,322.69,73.22,179.65,0.88,-1,-1,-1
10,11,538.97,348.22,31.19,81.37,0.80,-1,-1,-1
10,12,564.86,352.32,28.02,64.51,0.83,-1,-1,-1
10,13,811.85,361.03,36.56,108.82,0.88,-1,-1,-1
11,1,834.21,344.74,87.64,203.44,0.94,-1,-1,-1
11,2,374.14,323.30,107.53,253.39,0.94,-1,-1,-1
11,3,457.63,331.07,95.16,176.66,0.94,-1,-1,-1
11,4,631.97,352.50,90.65,130.06,0.92,-1,-1,-1
11,5,286.53,339.34,54.50,158.75,0.89,-1,-1,-1
11,6,765.93,338.27,56.65,140.32,0.92,-1,-1,-1
11,7,207.34,335.28,66.51,158.81,0.88,-1,-1,-1
11,8,384.59,342.61,68.97,166.72,0.64,-1,-1,-1
11,9,743.23,357.94,37.02,114.64,0.90,-1,-1,-1
11,10,229.63,322.99,73.67,180.16,0.89,-1,-1,-1
11,11,535.55,348.15,31.44,81.71,0.82,-1,-1,-1
11,12,563.06,353.77,26.38,62.85,0.80,-1,-1,-1
11,13,810.44,361.34,36.51,109.64,0.88,-1,-1,-1
12,1,833.20,343.39,86.71,201.78,0.94,-1,-1,-1
12,2,369.14,324.08,111.07,253.30,0.93,-1,-1,-1
12,3,453.77,330.67,96.68,177.57,0.94,-1,-1,-1
12,4,630.18,352.08,91.05,130.79,0.90,-1,-1,-1
12,5,283.51,339.35,55.28,157.64,0.90,-1,-1,-1
12,6,765.08,338.21,55.59,140.64,0.92,-1,-1,-1
12,7,206.31,334.87,62.99,159.59,0.88,-1,-1,-1
12,8,389.30,341.88,61.63,167.83,0.22,-1,-1,-1
12,9,740.89,357.70,37.54,114.94,0.90,-1,-1,-1
12,10,224.88,322.11,81.11,181.21,0.88,-1,-1,-1
12,11,531.18,346.90,32.13,84.14,0.83,-1,-1,-1
12,12,560.82,350.66,25.09,65.77,0.85,-1,-1,-1
12,13,808.72,361.49,37.04,110.51,0.88,-1,-1,-1
13,1,831.68,342.40,86.42,199.86,0.95,-1,-1,-1
13,2,364.63,322.58,108.90,256.24,0.93,-1,-1,-1
13,3,449.40,329.46,97.55,179.26,0.93,-1,-1,-1
13,4,628.09,351.91,91.21,131.08,0.92,-1,-1,-1
13,5,279.34,336.78,57.40,161.63,0.89,-1,-1,-1
13,6,763.05,337.42,57.62,142.12,0.92,-1,-1,-1
13,7,204.98,334.41,59.99,160.22,0.85,-1,-1,-1
13,8,390.81,341.91,58.70,167.05,0.21,-1,-1,-1
13,9,738.62,356.69,38.35,116.26,0.91,-1,-1,-1
13,10,221.18,321.90,79.89,181.49,0.87,-1,-1,-1
13,11,528.12,347.74,32.99,82.10,0.82,-1,-1,-1
13,12,558.26,350.70,23.38,65.96,0.84,-1,-1,-1
13,13,807.31,360.05,36.64,112.58,0.87,-1,-1,-1
14,1,830.76,341.13,85.67,199.11,0.95,-1,-1,-1
14,2,359.86,321.40,109.08,259.01,0.95,-1,-1,-1
14,3,445.08,328.55,98.84,180.56,0.94,-1,-1,-1
14,4,625.56,351.70,91.80,132.18,0.91,-1,-1,-1
14,5,275.81,336.67,58.47,162.47,0.89,-1,-1,-1
14,6,761.39,336.69,57.73,143.37,0.92,-1,-1,-1
14,7,203.63,333.88,57.59,159.20,0.86,-1,-1,-1
14,9,736.58,355.72,38.63,117.60,0.90,-1,-1,-1
14,10,217.54,321.33,78.37,182.28,0.85,-1,-1,-1
14,11,524.98,347.63,33.29,81.54,0.83,-1,-1,-1
14,12,555.59,352.67,22.73,64.20,0.87,-1,-1,-1
14,13,805.60,359.81,36.43,113.28,0.89,-1,-1,-1
15,1,829.32,340.90,86.05,199.95,0.94,-1,-1,-1
15,2,353.45,321.38,111.52,260.32,0.95,-1,-1,-1
15,3,440.46,328.47,100.37,182.38,0.93,-1,-1,-1
15,4,623.23,351.43,92.63,133.48,0.92,-1,-1,-1
15,5,271.25,331.70,61.56,168.76,0.89,-1,-1,-1
15,6,758.80,335.92,58.98,144.74,0.92,-1,-1,-1
15,7,202.52,333.21,54.95,158.53,0.83,-1,-1,-1
15,9,734.46,355.75,38.75,117.52,0.90,-1,-1,-1
15,10,214.90,320.93,76.85,181.69,0.85,-1,-1,-1
15,11,520.96,346.64,34.60,84.04,0.82,-1,-1,-1
15,12,552.30,352.51,22.52,64.72,0.81,-1,-1,-1
15,13,803.63,359.97,37.53,114.22,0.90,-1,-1,-1
16,1,828.79,339.98,85.01,199.53,0.94,-1,-1,-1
16,2,349.03,320.57,111.53,263.29,0.94,-1,-1,-1
16,3,435.53,327.93,101.81,184.07,0.93,-1,-1,-1
16,4,620.91,350.81,93.53,137.08,0.90,-1,-1,-1
16,5,267.61,328.28,63.02,172.88,0.88,-1,-1,-1
16,6,756.96,335.25,59.44,145.53,0.92,-1,-1,-1
16,7,202.11,332.58,52.67,157.38,0.85,-1,-1,-1
16,9,732.21,355.70,39.39,117.76,0.91,-1,-1,-1
16,10,211.67,320.71,76.88,181.15,0.86,-1,-1,-1
16,11,518.00,346.49,35.08,85.26,0.80,-1,-1,-1
16,12,549.04,351.77,23.68,65.50,0.83,-1,-1,-1
16,13,801.75,359.37,37.94,114.53,0.90,-1,-1,-1
17,1,828.93,339.31,84.00,200.50,0.94,-1,-1,-1
17,2,343.15,320.02,113.82,266.48,0.94,-1,-1,-1
17,3,430.47,327.64,104.97,186.64,0.93,-1,-1,-1
17,4,617.69,350.37,95.62,137.57,0.89,-1,-1,-1
17,5,265.17,330.25,62.67,171.23,0.88,-1,-1,-1
17,6,756.30,334.97,58.39,146.58,0.92,-1,-1,-1
17,7,201.37,331.76,49.83,158.49,0.82,-1,-1,-1
17,9,729.93,355.64,39.61,118.60,0.90,-1,-1,-1
17,10,214.32,320.03,71.93,180.68,0.85,-1,-1,-1
17,11,512.80,343.41,35.84,88.69,0.83,-1,-1,-1
17,12,544.57,350.83,25.89,66.69,0.80,-1,-1,-1
17,13,800.21,358.97,38.06,115.49,0.90,-1,-1,-1
18,1,826.56,339.85,85.48,200.33,0.94,-1,-1,-1
18,2,337.66,319.80,114.36,269.14,0.94,-1,-1,-1
18,3,425.38,326.90,106.88,189.12,0.94,-1,-1,-1
18,4,614.81,350.42,95.79,137.50,0.91,-1,-1,-1
18,5,262.14,329.72,63.40,171.92,0.88,-1,-1,-1
18,6,754.93,334.17,59.18,147.63,0.91,-1,-1,-1
18,7,199.04,331.15,51.21,159.27,0.84,-1,-1,-1
18,9,727.95,354.62,39.09,120.79,0.91,-1,-1,-1
18,10,213.55,319.32,69.10,181.00,0.86,-1,-1,-1
18,11,509.81,342.61,34.35,91.11,0.87,-1,-1,-1
18,12,540.97,351.00,25.56,66.82,0.76,-1,-1,-1
18,13,798.50,358.25,37.49,116.35,0.90,-1,-1,-1
19,1,825.39,340.57,86.04,201.43,0.94,-1,-1,-1
19,2,331.53,319.44,115.42,272.06,0.94,-1,-1,-1
19,3,420.26,326.47,108.60,190.98,0.94,-1,-1,-1
19,4,612.34,350.10,96.42,139.17,0.89,-1,-1,-1
19,5,259.26,329.11,63.38,172.83,0.88,-1,-1,-1
19,6,753.27,334.11,60.07,147.95,0.92,-1,-1,-1
19,7,196.08,331.26,51.71,159.82,0.85,-1,-1,-1
19,9,726.10,353.88,39.50,123.04,0.89,-1,-1,-1
19,10,210.89,319.09,68.69,180.76,0.86,-1,-1,-1
19,11,505.89,341.70,33.75,92.58,0.85,-1,-1,-1
19,12,537.38,351.49,26.01,67.12,0.66,-1,-1,-1
19,13,797.03,357.17,37.86,117.91,0.90,-1,-1,-1
20,1,824.79,342.52,86.28,202.27,0.94,-1,-1,-1
20,2,324.90,318.50,116.39,276.53,0.94,-1,-1,-1
20,3,414.78,325.97,110.42,193.99,0.94,-1,-1,-1
20,4,609.40,350.58,97.26,139.42,0.91,-1,-1,-1
20,5,257.90,328.22,61.87,172.79,0.88,-1,-1,-1
20,6,750.98,333.81,62.18,149.47,0.92,-1,-1,-1
20,7,192.32,330.77,58.68,161.90,0.81,-1,-1,-1
20,9,723.73,354.06,40.84,124.83,0.91,-1,-1,-1
20,10,207.27,318.76,68.77,182.87,0.85,-1,-1,-1
20,11,502.08,341.34,34.12,95.22,0.86,-1,-1,-1
20,12,534.28,355.68,26.17,63.99,0.58,-1,-1,-1
20,13,795.44,356.80,37.99,119.28,0.90,-1,-1,-1
21,1,822.87,344.77,87.53,200.71,0.94,-1,-1,-1
21,2,318.25,318.17,119.62,280.39,0.95,-1,-1,-1
21,3,409.53,326.25,110.43,195.74,0.94,-1,-1,-1
21,4,606.44,350.92,97.50,140.16,0.91,-1,-1,-1
21,5,257.83,328.21,59.43,171.77,0.88,-1,-1,-1
21,6,749.36,333.58,61.77,151.00,0.92,-1,-1,-1
21,7,188.21,330.89,59.14,163.52,0.82,-1,-1,-1
21,9,721.52,355.04,40.73,125.44,0.91,-1,-1,-1
21,10,205.69,318.05,66.72,185.08,0.88,-1,-1,-1
21,11,498.58,341.82,33.64,89.43,0.86,-1,-1,-1
21,12,529.85,353.34,28.59,66.69,0.84,-1,-1,-1
21,13,793.51,357.12,38.00,119.54,0.90,-1,-1,-1
22,1,826.69,345.84,83.25,199.79,0.94,-1,-1,-1
22,2,310.81,317.92,121.12,285.13,0.94,-1,-1,-1
22,3,402.59,326.36,111.71,198.07,0.94,-1,-1,-1
22,4,603.39,350.87,98.77,144.40,0.90,-1,-1,-1
22,5,256.81,330.35,57.31,169.81,0.87,-1,-1,-1
22,6,747.67,333.00,62.18,152.86,0.92,-1,-1,-1
22,7,183.39,332.31,61.67,163.64,0.84,-1,-1,-1
22,9,719.33,355.82,41.28,125.75,0.90,-1,-1,-1
22,10,198.85,317.82,69.56,187.05,0.87,-1,-1,-1
22,11,494.78,341.26,33.46,90.95,0.88,-1,-1,-1
22,12,525.39,352.18,30.64,69.12,0.87,-1,-1,-1
22,13,791.69,356.75,38.00,120.61,0.89,-1,-1,-1
23,1,826.48,346.44,82.81,199.15,0.92,-1,-1,-1
23,2,303.52,317.87,122.81,288.76,0.95,-1,-1,-1
23,3,397.25,326.45,112.14,199.94,0.94,-1,-1,-1
23,4,600.33,350.32,99.80,144.64,0.92,-1,-1,-1
23,5,255.10,328.51,57.12,172.49,0.88,-1,-1,-1
23,6,745.39,333.45,62.31,154.27,0.93,-1,-1,-1
23,7,178.79,332.74,62.03,164.56,0.81,-1,-1,-1
23,9,717.46,355.88,41.47,125.69,0.91,-1,-1,-1
23,10,194.21,317.47,70.94,188.51,0.85,-1,-1,-1
23,11,490.88,341.56,33.98,90.60,0.87,-1,-1,-1
23,12,521.80,352.08,31.44,69.46,0.87,-1,-1,-1
23,13,789.97,356.98,38.58,121.70,0.90,-1,-1,-1
24,1,826.77,346.37,82.07,199.86,0.92,-1,-1,-1
24,2,295.88,317.88,125.19,291.88,0.94,-1,-1,-1
24,3,391.66,327.10,114.50,201.22,0.94,-1,-1,-1
24,4,598.10,350.42,100.78,145.30,0.93,-1,-1,-1
24,5,251.03,329.34,56.47,172.91,0.86,-1,-1,-1
24,6,743.74,333.21,62.95,157.02,0.93,-1,-1,-1
24,7,173.06,332.90,68.48,166.11,0.82,-1,-1,-1
24,9,715.39,356.22,42.13,126.24,0.91,-1,-1,-1
24,10,188.70,318.10,72.74,188.93,0.89,-1,-1,-1
24,11,486.85,341.26,34.18,91.05,0.88,-1,-1,-1
24,12,518.78,351.62,31.16,70.47,0.86,-1,-1,-1
24,13,787.96,356.81,38.79,122.99,0.90,-1,-1,-1
25,1,824.03,346.00,84.15,200.45,0.94,-1,-1,-1
25,2,288.80,316.58,126.49,296.09,0.94,-1,-1,-1
25,3,385.18,326.38,116.43,203.59,0.94,-1,-1,-1
25,4,595.15,350.33,101.04,146.73,0.92,-1,-1,-1
25,5,246.18,335.21,57.38,167.81,0.88,-1,-1,-1
25,6,741.86,332.90,63.69,158.49,0.93,-1,-1,-1
25,7,166.18,333.69,65.45,166.26,0.69,-1,-1,-1
25,9,713.36,356.56,42.31,127.62,0.91,-1,-1,-1
25,10,181.91,317.44,76.58,190.54,0.90,-1,-1,-1
25,11,482.67,340.67,34.81,90.31,0.87,-1,-1,-1
25,12,515.57,351.12,29.21,71.44,0.83,-1,-1,-1
25,13,785.64,356.85,39.39,124.47,0.90,-1,-1,-1
26,1,822.44,344.35,85.56,200.08,0.93,-1,-1,-1
26,2,279.07,315.51,131.43,300.16,0.94,-1,-1,-1
26,3,379.72,324.87,117.01,207.08,0.94,-1,-1,-1
26,4,591.87,350.12,101.13,147.25,0.92,-1,-1,-1
26,5,241.63,336.27,60.76,167.67,0.90,-1,-1,-1
26,6,740.36,332.41,63.99,160.06,0.92,-1,-1,-1
26,7,159.34,333.28,77.53,167.32,0.83,-1,-1,-1
26,9,710.95,355.56,43.00,130.85,0.91,-1,-1,-1
26,10,181.44,317.37,74.35,191.90,0.88,-1,-1,-1
26,11,477.84,339.46,36.25,93.23,0.86,-1,-1,-1
26,12,511.08,350.80,27.24,71.44,0.86,-1,-1,-1
26,13,783.96,356.89,39.05,125.34,0.90,-1,-1,-1
27,1,820.93,343.54,86.71,197.42,0.94,-1,-1,-1
27,2,273.24,314.47,131.53,304.60,0.94,-1,-1,-1
27,3,373.00,323.38,120.43,210.42,0.94,-1,-1,-1
27,4,588.59,350.01,101.14,148.02,0.90,-1,-1,-1
27,5,237.24,335.85,64.97,168.68,0.90,-1,-1,-1
27,6,738.32,332.35,63.50,161.67,0.92,-1,-1,-1
27,7,153.40,332.63,82.49,168.19,0.86,-1,-1,-1
27,9,708.57,355.45,42.66,131.47,0.91,-1,-1,-1
27,10,178.16,317.17,74.69,192.54,0.89,-1,-1,-1
27,11,474.27,339.56,35.03,92.85,0.86,-1,-1,-1
27,12,506.76,350.21,27.10,72.31,0.87,-1,-1,-1
27,13,782.47,357.03,38.31,126.68,0.88,-1,-1,-1
28,1,820.87,341.92,87.17,197.24,0.95,-1,-1,-1
28,2,265.25,312.22,133.87,310.24,0.93,-1,-1,-1
28,3,367.16,322.27,121.73,212.87,0.94,-1,-1,-1
28,4,585.79,349.28,103.53,149.94,0.93,-1,-1,-1
28,5,232.18,333.48,69.50,171.95,0.89,-1,-1,-1
28,6,736.29,331.79,63.31,163.76,0.92,-1,-1,-1
28,7,147.42,328.25,84.95,172.71,0.83,-1,-1,-1
28,9,707.02,353.53,43.12,134.51,0.91,-1,-1,-1
28,10,173.87,316.10,75.04,194.44,0.91,-1,-1,-1
28,11,470.80,340.12,34.54,91.49,0.85,-1,-1,-1
28,12,503.30,349.74,26.46,72.34,0.86,-1,-1,-1
28,13,780.97,357.15,39.24,126.88,0.89,-1,-1,-1
29,1,821.13,340.20,86.13,197.00,0.95,-1,-1,-1
29,2,258.80,311.18,135.28,313.54,0.94,-1,-1,-1
29,3,361.17,320.92,123.47,214.86,0.93,-1,-1,-1
29,4,583.04,348.95,104.40,150.00,0.93,-1,-1,-1
29,5,225.82,334.17,72.61,171.50,0.88,-1,-1,-1
29,6,734.37,330.78,63.81,165.50,0.92,-1,-1,-1
29,7,141.37,321.53,91.56,179.67,0.85,-1,-1,-1
29,9,705.00,353.03,43.28,135.30,0.91,-1,-1,-1
29,10,168.21,314.77,78.34,196.56,0.90,-1,-1,-1
29,11,466.37,340.46,36.15,90.93,0.83,-1,-1,-1
29,12,499.45,349.37,25.60,72.61,0.87,-1,-1,-1
29,13,779.23,356.98,39.57,128.21,0.89,-1,-1,-1
30,1,821.92,339.34,86.35,197.26,0.94,-1,-1,-1
30,2,250.48,309.70,138.13,319.45,0.94,-1,-1,-1
30,3,354.77,318.87,125.44,218.98,0.95,-1,-1,-1
30,4,580.63,348.31,105.31,150.90,0.92,-1,-1,-1
30,5,220.46,335.25,72.96,171.19,0.89,-1,-1,-1
30,6,731.96,330.92,65.20,166.00,0.92,-1,-1,-1
30,7,135.53,326.96,89.70,175.30,0.86,-1,-1,-1
30,9,703.16,351.74,43.93,137.36,0.90,-1,-1,-1
30,10,162.29,314.64,80.32,196.78,0.89,-1,-1,-1
30,11,461.56,338.56,36.16,96.42,0.83,-1,-1,-1
30,12,494.23,348.72,27.13,73.59,0.88,-1,-1,-1
30,13,777.21,357.89,40.29,128.70,0.89,-1,-1,-1
31,1,823.16,338.89,85.81,197.53,0.94,-1,-1,-1
31,2,243.57,308.84,139.15,322.77,0.94,-1,-1,-1
31,3,349.59,317.80,125.83,221.96,0.94,-1,-1,-1
31,4,578.06,347.63,105.62,151.95,0.93,-1,-1,-1
31,5,213.55,332.34,75.95,174.96,0.89,-1,-1,-1
31,6,728.77,330.71,66.88,166.72,0.92,-1,-1,-1
31,7,130.64,327.95,87.00,174.68,0.88,-1,-1,-1
31,9,701.38,351.27,44.16,138.10,0.91,-1,-1,-1
31,10,156.35,313.09,85.01,198.60,0.90,-1,-1,-1
31,11,456.78,336.68,38.67,104.00,0.82,-1,-1,-1
31,12,490.35,348.77,27.08,73.66,0.89,-1,-1,-1
31,13,775.94,357.66,39.36,130.03,0.88,-1,-1,-1
31,14,824.40,348.97,52.20,143.33,0.73,-1,-1,-1
32,1,823.93,338.09,85.63,199.08,0.94,-1,-1,-1
32,2,236.78,307.70,140.68,327.00,0.93,-1,-1,-1
32,3,342.57,316.73,128.90,225.33,0.94,-1,-1,-1
32,4,574.39,347.31,105.73,153.43,0.91,-1,-1,-1
32,5,207.29,329.95,80.64,178.06,0.88,-1,-1,-1
32,6,726.67,329.53,67.52,168.80,0.92,-1,-1,-1
32,7,127.51,327.93,83.51,175.24,0.87,-1,-1,-1
32,9,699.22,350.16,44.84,139.73,0.91,-1,-1,-1
32,10,148.42,313.75,89.92,198.14,0.91,-1,-1,-1
32,11,452.40,335.74,38.88,102.07,0.82,-1,-1,-1
32,12,483.80,348.44,30.66,73.68,0.87,-1,-1,-1
32,13,773.70,357.38,40.79,130.84,0.90,-1,-1,-1
32,14,823.73,349.27,49.38,133.14,0.78,-1,-1,-1
33,1,824.54,338.43,84.92,199.22,0.94,-1,-1,-1
33,2,228.96,306.52,142.90,331.78,0.93,-1,-1,-1
33,3,336.03,315.56,131.72,228.72,0.94,-1,-1,-1
33,4,571.82,346.96,105.69,154.72,0.91,-1,-1,-1
33,5,201.90,330.93,83.03,177.01,0.89,-1,-1,-1
33,6,724.26,329.30,68.90,169.57,0.93,-1,-1,-1
33,7,126.05,327.59,78.31,176.93,0.87,-1,-1,-1
33,9,697.40,349.64,45.66,140.94,0.91,-1,-1,-1
33,10,144.07,314.43,90.03,197.79,0.90,-1,-1,-1
33,11,449.83,335.47,38.78,100.50,0.83,-1,-1,-1
33,12,479.36,348.83,31.95,73.92,0.88,-1,-1,-1
33,13,771.79,357.00,40.71,131.31,0.89,-1,-1,-1
33,14,822.88,348.80,46.69,124.49,0.81,-1,-1,-1
34,1,823.90,338.79,85.87,200.31,0.94,-1,-1,-1
34,2,221.05,305.32,146.58,337.55,0.93,-1,-1,-1
34,3,329.07,314.65,134.52,231.96,0.95,-1,-1,-1
34,4,569.80,346.31,108.04,157.53,0.91,-1,-1,-1
34,5,197.17,328.58,86.75,180.28,0.85,-1,-1,-1
34,6,721.38,327.94,71.18,171.72,0.92,-1,-1,-1
34,7,125.65,327.13,74.61,177.07,0.85,-1,-1,-1
34,9,695.33,348.93,46.56,142.52,0.90,-1,-1,-1
34,10,137.87,314.96,92.86,196.84,0.89,-1,-1,-1
34,11,446.25,335.18,35.91,96.87,0.76,-1,-1,-1
34,12,474.62,348.91,34.19,74.28,0.85,-1,-1,-1
34,13,769.98,356.47,41.86,131.88,0.90,-1,-1,-1
34,14,820.62,348.35,48.75,129.43,0.83,-1,-1,-1
35,1,825.61,339.93,84.49,201.16,0.94,-1,-1,-1
35,2,209.23,304.98,150.45,342.23,0.92,-1,-1,-1
35,3,322.28,315.60,136.81,234.16,0.94,-1,-1,-1
35,4,567.32,346.48,109.57,158.67,0.94,-1,-1,-1
35,5,207.55,332.53,70.47,170.67,0.81,-1,-1,-1
35,6,718.66,326.21,72.08,174.83,0.92,-1,-1,-1
35,7,124.51,327.36,71.59,174.22,0.85,-1,-1,-1
35,9,693.79,348.79,45.74,143.48,0.91,-1,-1,-1
35,10,134.46,316.00,90.99,197.05,0.90,-1,-1,-1
35,11,437.81,342.60,42.90,123.12,0.81,-1,-1,-1
35,12,470.19,349.36,34.51,76.54,0.76,-1,-1,-1
35,13,768.87,356.24,42.32,133.49,0.90,-1,-1,-1
35,14,817.10,347.31,53.42,138.07,0.87,-1,-1,-1
36,1,825.74,341.45,83.94,200.35,0.94,-1,-1,-1
36,2,199.94,305.24,155.64,347.27,0.93,-1,-1,-1
36,3,315.14,316.64,140.22,236.28,0.95,-1,-1,-1
36,4,564.29,346.74,110.08,160.32,0.93,-1,-1,-1
36,5,213.20,334.43,66.94,169.21,0.80,-1,-1,-1
36,6,716.34,325.60,72.38,176.49,0.92,-1,-1,-1
36,7,124.09,327.05,71.08,172.87,0.82,-1,-1,-1
36,9,691.93,349.08,45.98,144.92,0.90,-1,-1,-1
36,10,132.31,315.85,90.43,197.03,0.89,-1,-1,-1
36,11,432.30,345.63,48.21,132.59,0.82,-1,-1,-1
36,12,466.48,349.87,35.17,74.69,0.58,-1,-1,-1
36,13,766.85,355.88,42.46,134.90,0.89,-1,-1,-1
36,14,814.52,346.67,54.97,144.08,0.89,-1,-1,-1
37,1,825.23,343.26,83.77,200.08,0.94,-1,-1,-1
37,2,189.48,304.84,158.80,352.67,0.93,-1,-1,-1
37,3,307.83,316.67,142.99,239.56,0.95,-1,-1,-1
37,4,561.74,347.35,110.88,161.38,0.93,-1,-1,-1
37,5,212.02,333.99,62.41,170.24,0.82,-1,-1,-1
37,6,714.96,325.43,71.30,178.00,0.92,-1,-1,-1
37,7,124.08,326.71,68.64,174.80,0.82,-1,-1,-1
37,9,690.12,349.84,46.08,147.53,0.89,-1,-1,-1
37,10,132.34,316.45,85.90,196.14,0.91,-1,-1,-1
37,11,427.31,341.23,53.49,145.44,0.78,-1,-1,-1
37,12,463.39,349.51,34.84,75.76,0.79,-1,-1,-1
37,13,765.29,355.94,41.93,135.88,0.88,-1,-1,-1
37,14,811.89,346.35,55.48,147.87,0.90,-1,-1,-1
38,1,824.53,344.20,84.24,201.00,0.95,-1,-1,-1
38,2,181.12,305.23,161.25,358.68,0.93,-1,-1,-1
38,3,301.05,317.11,146.21,243.81,0.95,-1,-1,-1
38,4,558.65,347.62,112.85,163.22,0.93,-1,-1,-1
38,5,210.86,333.14,59.15,173.61,0.84,-1,-1,-1
38,6,714.36,325.18,70.17,180.27,0.92,-1,-1,-1
38,7,125.21,323.50,69.52,181.46,0.78,-1,-1,-1
38,9,688.45,350.37,46.05,150.38,0.90,-1,-1,-1
38,10,132.29,315.68,84.30,198.17,0.90,-1,-1,-1
38,11,415.54,338.34,52.50,147.50,0.60,-1,-1,-1
38,12,459.90,349.24,33.46,76.14,0.76,-1,-1,-1
38,13,763.68,356.22,42.25,136.34,0.90,-1,-1,-1
38,14,810.20,346.67,55.52,149.70,0.90,-1,-1,-1
38,15,429.30,344.70,53.10,144.45,0.81,-1,-1,-1
39,1,823.30,344.24,85.07,201.44,0.95,-1,-1,-1
39,2,172.49,305.16,164.24,364.85,0.92,-1,-1,-1
39,3,292.95,317.01,150.95,247.32,0.93,-1,-1,-1
39,4,555.78,347.95,111.82,165.29,0.92,-1,-1,-1
39,5,207.12,331.52,59.96,180.05,0.73,-1,-1,-1
39,6,712.37,324.69,70.37,182.51,0.93,-1,-1,-1
39,7,122.99,323.72,67.16,184.05,0.73,-1,-1,-1
39,9,686.66,351.36,46.06,151.68,0.91,-1,-1,-1
39,10,129.71,316.65,83.44,199.46,0.85,-1,-1,-1
39,11,420.41,343.47,55.48,150.50,0.83,-1,-1,-1
39,12,456.82,349.10,29.47,78.34,0.60,-1,-1,-1
39,13,762.49,356.34,42.40,137.77,0.90,-1,-1,-1
39,14,808.41,346.67,55.51,151.09,0.91,-1,-1,-1
40,1,821.86,344.20,86.56,201.57,0.95,-1,-1,-1
40,2,160.84,305.70,169.08,368.74,0.93,-1,-1,-1
40,3,285.22,317.23,154.43,250.58,0.92,-1,-1,-1
40,4,552.97,348.62,112.55,166.59,0.92,-1,-1,-1
40,5,202.75,331.16,60.64,185.08,0.44,-1,-1,-1
40,6,711.33,324.78,71.01,185.04,0.93,-1,-1,-1
40,7,119.55,326.89,65.20,181.55,0.82,-1,-1,-1
40,9,685.10,351.25,46.05,152.82,0.91,-1,-1,-1
40,10,126.90,316.38,83.39,201.08,0.86,-1,-1,-1
40,11,421.47,344.88,58.02,150.65,0.81,-1,-1,-1
40,13,760.54,356.34,43.03,138.84,0.90,-1,-1,-1
40,14,806.85,346.49,54.83,153.10,0.90,-1,-1,-1
41,1,820.79,344.51,86.55,200.89,0.95,-1,-1,-1
41,2,152.31,306.28,170.91,374.40,0.93,-1,-1,-1
41,3,278.04,317.53,153.98,253.82,0.92,-1,-1,-1
41,4,549.94,348.78,114.62,168.84,0.92,-1,-1,-1
41,5,201.50,333.00,57.28,184.96,0.54,-1,-1,-1
41,6,709.87,324.72,71.85,188.63,0.93,-1,-1,-1
41,7,114.72,328.34,64.54,181.16,0.84,-1,-1,-1
41,9,683.43,351.40,46.05,154.11,0.92,-1,-1,-1
41,10,122.84,316.78,82.94,202.59,0.87,-1,-1,-1
41,11,420.60,346.35,59.87,155.35,0.85,-1,-1,-1
41,13,758.14,356.09,43.28,140.28,0.90,-1,-1,-1
41,14,804.92,346.49,55.15,154.81,0.90,-1,-1,-1
41,16,408.60,338.17,45.90,137.02,0.73,-1,-1,-1
42,1,819.55,343.78,86.56,199.62,0.94,-1,-1,-1
42,2,143.50,305.71,172.58,381.04,0.93,-1,-1,-1
42,3,269.26,316.69,156.38,257.96,0.93,-1,-1,-1
42,4,547.11,349.65,114.81,169.68,0.92,-1,-1,-1
42,6,707.32,325.07,73.96,192.19,0.93,-1,-1,-1
42,7,110.44,328.97,64.96,183.56,0.82,-1,-1,-1
42,9,681.99,352.42,46.05,155.03,0.90,-1,-1,-1
42,10,119.55,317.01,83.84,203.63,0.86,-1,-1,-1
42,11,418.62,348.42,61.43,152.06,0.85,-1,-1,-1
42,13,754.95,356.06,44.56,142.14,0.90,-1,-1,-1
42,14,803.43,346.73,55.26,156.57,0.89,-1,-1,-1
42,16,405.14,338.34,46.70,130.24,0.72,-1,-1,-1
43,1,819.92,343.30,84.71,198.05,0.94,-1,-1,-1
43,2,131.56,304.78,177.29,386.87,0.93,-1,-1,-1
43,3,261.20,315.53,165.08,262.78,0.93,-1,-1,-1
43,4,543.75,349.61,117.17,170.80,0.93,-1,-1,-1
43,6,705.49,325.02,74.11,195.07,0.92,-1,-1,-1
43,7,105.89,327.73,66.62,184.24,0.78,-1,-1,-1
43,9,680.29,352.60,46.01,156.32,0.91,-1,-1,-1
43,10,114.66,316.82,104.67,205.86,0.82,-1,-1,-1
43,11,416.56,350.44,63.10,154.17,0.85,-1,-1,-1
43,13,752.56,356.90,45.59,142.49,0.91,-1,-1,-1
43,14,801.68,346.94,54.63,158.14,0.90,-1,-1,-1
43,16,399.27,337.60,52.73,141.98,0.72,-1,-1,-1
44,1,820.36,342.63,82.80,197.68,0.95,-1,-1,-1
44,2,119.13,303.43,182.52,393.77,0.93,-1,-1,-1
44,3,252.01,314.54,164.30,265.94,0.93,-1,-1,-1
44,4,540.40,348.77,118.04,174.05,0.92,-1,-1,-1
44,6,703.92,324.66,74.73,197.33,0.93,-1,-1,-1
44,7,100.12,327.88,69.95,183.76,0.80,-1,-1,-1
44,9,678.15,352.61,46.59,158.28,0.89,-1,-1,-1
44,10,108.37,315.87,112.54,203.63,0.81,-1,-1,-1
44,11,413.98,350.95,63.99,158.58,0.88,-1,-1,-1
44,13,750.78,357.17,46.56,143.50,0.91,-1,-1,-1
44,14,800.18,347.74,53.76,159.43,0.90,-1,-1,-1
44,16,394.35,336.30,56.12,149.50,0.81,-1,-1,-1
45,1,820.64,341.49,82.09,197.30,0.94,-1,-1,-1
45,2,107.66,302.57,187.42,399.88,0.94,-1,-1,-1
45,3,242.07,313.54,167.68,268.87,0.92,-1,-1,-1
45,4,536.90,347.85,120.73,176.77,0.92,-1,-1,-1
45,6,702.58,324.24,76.13,199.94,0.93,-1,-1,-1
45,7,94.55,326.54,72.27,184.34,0.60,-1,-1,-1
45,9,675.70,351.14,47.39,161.69,0.91,-1,-1,-1
45,10,99.44,315.92,106.23,201.45,0.81,-1,-1,-1
45,11,411.80,352.26,64.43,154.99,0.88,-1,-1,-1
45,13,749.37,356.99,46.92,144.48,0.92,-1,-1,-1
45,14,799.20,348.66,52.80,159.27,0.91,-1,-1,-1
45,16,387.84,335.22,60.34,156.61,0.78,-1,-1,-1
46,1,821.89,340.71,81.24,197.39,0.94,-1,-1,-1
46,2,94.56,299.97,192.64,407.17,0.93,-1,-1,-1
46,3,233.18,311.74,168.57,274.48,0.93,-1,-1,-1
46,4,533.62,342.75,121.10,184.18,0.91,-1,-1,-1
46,6,701.21,324.51,76.64,201.21,0.93,-1,-1,-1
46,7,89.56,326.71,72.10,181.47,0.50,-1,-1,-1
46,9,673.02,351.14,48.88,162.57,0.91,-1,-1,-1
46,10,92.00,316.16,101.63,201.57,0.85,-1,-1,-1
46,11,410.56,349.78,64.25,160.73,0.89,-1,-1,-1
46,13,747.97,357.03,47.04,146.09,0.90,-1,-1,-1
46,14,798.25,349.43,51.84,159.19,0.92,-1,-1,-1
46,16,383.60,333.15,60.83,161.11,0.80,-1,-1,-1
47,1,821.76,340.28,81.55,198.22,0.94,-1,-1,-1
47,2,82.83,299.22,196.90,413.38,0.92,-1,-1,-1
47,3,222.59,309.55,171.76,279.21,0.93,-1,-1,-1
47,4,529.78,344.01,122.99,183.18,0.91,-1,-1,-1
47,6,699.85,324.17,76.81,203.28,0.93,-1,-1,-1
47,7,84.88,327.03,73.20,181.88,0.69,-1,-1,-1
47,9,670.87,350.09,48.26,164.80,0.91,-1,-1,-1
47,10,85.90,315.44,99.34,206.59,0.85,-1,-1,-1
47,11,408.98,348.80,64.70,161.39,0.88,-1,-1,-1
47,13,746.61,356.59,47.06,148.91,0.89,-1,-1,-1
47,14,796.46,348.23,52.08,161.19,0.92,-1,-1,-1
47,16,377.65,331.32,62.02,161.98,0.72,-1,-1,-1
48,1,822.26,340.57,81.11,198.12,0.93,-1,-1,-1
48,2,67.03,296.99,204.33,421.52,0.93,-1,-1,-1
48,3,211.54,308.36,176.50,283.15,0.92,-1,-1,-1
48,4,525.93,343.84,124.90,185.80,0.91,-1,-1,-1
48,6,697.83,324.06,78.67,204.31,0.94,-1,-1,-1
48,7,78.49,324.84,75.13,184.75,0.60,-1,-1,-1
48,9,667.36,349.71,49.82,165.91,0.92,-1,-1,-1
48,10,79.75,315.26,98.03,205.51,0.81,-1,-1,-1
48,11,407.89,349.04,63.54,156.51,0.87,-1,-1,-1
48,13,744.31,356.28,47.08,149.82,0.87,-1,-1,-1
48,14,794.89,347.77,51.59,162.80,0.91,-1,-1,-1
48,16,373.53,331.81,62.98,163.69,0.72,-1,-1,-1
49,1,822.39,340.54,79.71,199.00,0.93,-1,-1,-1
49,2,54.05,294.22,207.73,430.81,0.93,-1,-1,-1
49,3,200.63,306.46,179.93,289.57,0.92,-1,-1,-1
49,4,522.15,342.69,126.13,187.93,0.92,-1,-1,-1
49,6,696.77,323.26,78.13,206.71,0.93,-1,-1,-1
49,9,664.85,349.54,50.36,167.31,0.92,-1,-1,-1
49,10,74.27,314.73,96.05,203.41,0.86,-1,-1,-1
49,11,406.68,348.27,62.69,152.96,0.85,-1,-1,-1
49,13,741.95,356.30,46.44,151.31,0.86,-1,-1,-1
49,14,793.11,347.89,50.77,163.50,0.91,-1,-1,-1
49,16,371.40,339.21,60.50,152.14,0.68,-1,-1,-1
50,1,821.82,343.65,79.84,197.29,0.92,-1,-1,-1
50,2,36.32,292.86,216.51,441.52,0.92,-1,-1,-1
50,3,188.93,304.84,185.99,295.68,0.92,-1,-1,-1
50,4,517.76,340.90,126.59,191.69,0.91,-1,-1,-1
50,6,695.20,323.22,77.90,208.94,0.93,-1,-1,-1
50,9,662.14,349.00,51.16,169.02,0.91,-1,-1,-1
50,10,70.59,314.94,95.32,206.57,0.84,-1,-1,-1
50,11,406.80,347.93,60.25,150.83,0.87,-1,-1,-1
50,13,737.80,355.69,48.60,153.79,0.84,-1,-1,-1
50,14,788.55,347.92,54.75,164.76,0.89,-1,-1,-1
50,16,367.73,339.59,60.02,154.37,0.81,-1,-1,-1
51,1,819.29,345.60,82.34,195.82,0.93,-1,-1,-1
51,2,23.04,291.04,220.87,447.07,0.90,-1,-1,-1
51,3,176.82,304.37,191.97,300.45,0.92,-1,-1,-1
51,4,513.43,340.29,129.70,194.47,0.91,-1,-1,-1
51,6,693.62,322.81,79.61,210.39,0.93,-1,-1,-1
51,9,660.45,348.84,50.87,169.87,0.92,-1,-1,-1
51,10,70.18,314.56,90.99,210.67,0.82,-1,-1,-1
51,11,407.21,347.72,56.56,148.88,0.87,-1,-1,-1
51,13,735.26,356.96,48.81,153.77,0.82,-1,-1,-1
51,14,787.03,347.49,55.61,166.18,0.91,-1,-1,-1
51,16,362.82,339.95,60.40,156.14,0.83,-1,-1,-1
51,7,65.70,325.63,75.66,188.04,0.74,-1,-1,-1
52,1,820.79,346.04,80.91,195.20,0.91,-1,-1,-1
52,2,7.31,291.27,231.26,448.71,0.89,-1,-1,-1
52,3,164.06,303.89,193.62,306.68,0.91,-1,-1,-1
52,4,509.08,341.99,130.85,195.63,0.92,-1,-1,-1
52,6,692.26,321.71,80.26,213.29,0.93,-1,-1,-1
52,9,658.20,349.02,51.96,171.98,0.91,-1,-1,-1
52,10,66.43,315.15,90.69,213.72,0.77,-1,-1,-1
52,11,406.60,348.70,52.70,142.57,0.87,-1,-1,-1
52,13,732.95,357.36,48.90,154.07,0.82,-1,-1,-1
52,14,784.51,347.83,56.55,167.33,0.90,-1,-1,-1
52,16,357.88,341.14,62.32,155.12,0.85,-1,-1,-1
52,7,61.69,324.51,77.30,190.32,0.47,-1,-1,-1
52,17,352.12,332.32,38.70,124.20,0.70,-1,-1,-1
53,1,823.36,347.18,78.53,194.58,0.92,-1,-1,-1
53,2,-8.70,291.36,234.79,452.59,0.89,-1,-1,-1
53,3,150.96,302.98,197.64,311.95,0.93,-1,-1,-1
53,4,504.68,343.44,131.82,197.23,0.91,-1,-1,-1
53,6,690.45,320.47,81.07,215.70,0.92,-1,-1,-1
53,9,655.17,349.01,53.53,173.65,0.92,-1,-1,-1
53,10,63.13,314.74,89.36,220.11,0.77,-1,-1,-1
53,11,404.27,348.47,51.92,142.19,0.86,-1,-1,-1
53,13,730.81,358.48,48.31,154.62,0.78,-1,-1,-1
53,14,782.29,347.89,56.88,168.34,0.91,-1,-1,-1
53,16,351.78,340.21,64.48,157.39,0.85,-1,-1,-1
53,7,58.11,324.43,73.05,190.11,0.47,-1,-1,-1
53,17,346.36,332.48,38.06,127.36,0.70,-1,-1,-1
54,1,825.63,347.11,75.73,194.69,0.93,-1,-1,-1
54,2,-20.71,290.58,236.60,416.36,0.85,-1,-1,-1
54,3,138.62,301.98,200.92,319.80,0.85,-1,-1,-1
54,4,500.18,345.43,133.19,197.03,0.94,-1,-1,-1
54,6,689.12,319.84,81.84,217.73,0.92,-1,-1,-1
54,9,653.12,348.82,54.64,176.93,0.92,-1,-1,-1
54,10,59.45,314.18,88.31,197.20,0.70,-1,-1,-1
54,11,401.24,348.76,53.46,145.15,0.83,-1,-1,-1
54,13,728.75,356.31,48.60,157.81,0.81,-1,-1,-1
54,14,780.14,347.89,56.91,169.74,0.93,-1,-1,-1
54,16,346.34,339.61,66.97,160.02,0.87,-1,-1,-1
54,17,339.84,332.12,39.32,130.39,0.74,-1,-1,-1
55,1,826.50,346.28,74.78,195.89,0.93,-1,-1,-1
55,2,-31.50,290.37,236.12,422.79,0.83,-1,-1,-1
55,3,123.97,301.79,207.18,324.70,0.92,-1,-1,-1
55,4,496.45,346.05,133.16,198.28,0.94,-1,-1,-1
55,6,687.48,319.30,83.96,219.99,0.94,-1,-1,-1
55,9,651.21,348.88,55.08,180.72,0.93,-1,-1,-1
55,10,55.15,314.29,84.36,188.30,0.50,-1,-1,-1
55,11,399.94,350.52,53.76,144.35,0.84,-1,-1,-1
55,13,726.87,355.92,48.14,159.79,0.80,-1,-1,-1
55,14,778.86,347.26,56.95,171.47,0.93,-1,-1,-1
55,16,339.69,339.09,70.86,160.42,0.88,-1,-1,-1
55,17,333.50,332.03,41.47,130.30,0.80,-1,-1,-1
56,1,827.10,345.96,73.87,193.38,0.93,-1,-1,-1
56,2,-46.33,288.76,241.21,396.31,0.85,-1,-1,-1
56,3,37.00,299.24,285.87,403.49,0.74,-1,-1,-1
56,4,491.22,346.27,135.49,200.53,0.93,-1,-1,-1
56,6,685.39,317.91,86.52,222.90,0.94,-1,-1,-1
56,9,648.75,348.32,55.23,185.10,0.92,-1,-1,-1
56,11,398.07,351.92,51.46,141.50,0.79,-1,-1,-1
56,13,725.33,357.12,47.35,158.89,0.77,-1,-1,-1
56,14,776.34,347.33,57.55,172.41,0.93,-1,-1,-1
56,16,337.25,338.70,69.43,161.87,0.86,-1,-1,-1
56,17,327.58,331.67,41.46,131.49,0.80,-1,-1,-1
57,1,827.66,345.05,74.22,192.72,0.92,-1,-1,-1
57,2,-53.96,289.06,237.51,382.67,0.84,-1,-1,-1
57,3,-8.96,296.52,324.04,426.38,0.73,-1,-1,-1
57,4,486.33,346.22,137.64,202.97,0.94,-1,-1,-1
57,6,683.68,316.71,87.52,225.60,0.94,-1,-1,-1
57,9,646.56,349.07,56.47,187.58,0.93,-1,-1,-1
57,11,396.40,354.86,47.84,132.41,0.77,-1,-1,-1
57,13,723.58,358.29,47.66,159.01,0.76,-1,-1,-1
57,14,774.00,347.19,58.38,175.35,0.94,-1,-1,-1
57,16,334.84,337.90,66.10,160.52,0.84,-1,-1,-1
57,17,319.71,332.51,43.01,132.30,0.79,-1,-1,-1
58,1,828.06,343.17,73.10,194.94,0.93,-1,-1,-1
58,2,-66.64,288.31,240.11,382.49,0.82,-1,-1,-1
58,3,-31.68,297.33,337.47,449.29,0.88,-1,-1,-1
58,4,481.41,345.37,140.06,206.17,0.94,-1,-1,-1
58,6,681.97,315.14,88.99,229.17,0.94,-1,-1,-1
58,9,644.45,348.94,56.89,188.90,0.92,-1,-1,-1
58,11,395.65,354.80,49.36,130.35,0.79,-1,-1,-1
58,13,721.54,356.92,48.96,160.26,0.67,-1,-1,-1
58,14,771.35,346.52,59.84,178.22,0.94,-1,-1,-1
58,16,332.20,337.44,65.90,160.86,0.87,-1,-1,-1
58,17,314.35,332.36,43.18,132.98,0.85,-1,-1,-1
59,1,827.60,341.92,73.34,195.52,0.93,-1,-1,-1
59,2,-82.24,285.72,240.91,391.03,0.81,-1,-1,-1
59,3,-48.63,296.07,343.81,453.37,0.82,-1,-1,-1
59,4,477.27,343.87,140.94,209.46,0.93,-1,-1,-1
59,6,680.20,313.99,90.10,232.58,0.94,-1,-1,-1
59,9,642.25,348.93,58.80,191.73,0.92,-1,-1,-1
59,11,395.04,352.44,52.93,136.02,0.82,-1,-1,-1
59,13,718.47,354.50,51.22,163.87,0.69,-1,-1,-1
59,14,769.25,345.87,60.97,181.83,0.93,-1,-1,-1
59,16,330.84,336.96,62.79,159.48,0.87,-1,-1,-1
59,17,305.67,331.53,47.22,138.98,0.82,-1,-1,-1
60,1,827.43,341.01,73.41,195.84,0.93,-1,-1,-1
60,2,-91.37,282.93,246.38,391.11,0.74,-1,-1,-1
60,3,-61.31,294.69,348.32,442.12,0.75,-1,-1,-1
60,4,471.52,342.68,143.54,212.66,0.92,-1,-1,-1
60,6,678.47,312.55,91.63,238.62,0.94,-1,-1,-1
60,9,640.07,348.32,59.48,196.24,0.91,-1,-1,-1
60,11,402.71,351.97,46.81,128.29,0.44,-1,-1,-1
60,13,716.82,354.01,52.04,167.09,0.64,-1,-1,-1
60,14,767.09,345.02,62.54,185.46,0.93,-1,-1,-1
60,16,323.41,336.02,67.36,163.52,0.87,-1,-1,-1
60,17,298.03,331.35,49.82,146.41,0.75,-1,-1,-1
61,1,826.09,340.90,75.29,196.13,0.93,-1,-1,-1
61,2,-90.20,280.56,229.24,399.93,0.75,-1,-1,-1
61,3,-68.34,291.70,342.88,440.73,0.83,-1,-1,-1
61,4,467.01,342.28,144.48,214.43,0.94,-1,-1,-1
61,6,676.32,311.63,93.36,243.69,0.94,-1,-1,-1
61,9,637.78,348.44,60.30,198.21,0.92,-1,-1,-1
61,11,394.33,349.41,54.49,137.42,0.83,-1,-1,-1
61,13,712.07,350.51,55.90,173.76,0.62,-1,-1,-1
61,14,765.99,344.47,63.11,187.11,0.92,-1,-1,-1
61,16,319.47,335.69,68.09,164.13,0.88,-1,-1,-1
61,17,290.32,331.02,50.20,149.48,0.78,-1,-1,-1
61,18,263.92,344.02,75.15,173.92,0.77,-1,-1,-1
62,1,825.47,340.87,76.05,197.17,0.93,-1,-1,-1
62,2,-104.38,277.96,229.12,404.26,0.71,-1,-1,-1
62,3,-70.67,291.06,336.68,433.04,0.83,-1,-1,-1
62,4,462.32,340.12,146.02,218.59,0.94,-1,-1,-1
62,6,674.24,311.05,95.22,247.91,0.94,-1,-1,-1
62,9,635.96,347.49,60.04,200.81,0.92,-1,-1,-1
62,11,390.39,350.51,57.25,138.09,0.79,-1,-1,-1
62,13,707.58,349.94,59.71,176.14,0.61,-1,-1,-1
62,14,763.76,342.66,65.13,190.78,0.92,-1,-1,-1
62,16,315.74,335.53,68.97,165.97,0.88,-1,-1,-1
62,17,281.93,329.37,52.67,158.17,0.76,-1,-1,-1
62,18,253.84,342.96,81.81,185.40,0.81,-1,-1,-1
63,1,825.45,340.94,74.49,197.44,0.94,-1,-1,-1
63,2,-106.66,274.88,241.44,397.33,0.77,-1,-1,-1
63,3,-44.94,286.95,301.37,402.65,0.89,-1,-1,-1
63,4,457.89,339.09,147.65,220.83,0.93,-1,-1,-1
63,6,672.64,311.09,96.42,250.58,0.94,-1,-1,-1
63,9,634.81,346.75,59.86,202.62,0.92,-1,-1,-1
63,11,391.72,350.24,54.80,136.93,0.81,-1,-1,-1
63,13,703.86,349.35,62.88,177.29,0.50,-1,-1,-1
63,14,762.64,342.33,65.83,193.77,0.92,-1,-1,-1
63,16,312.81,336.00,69.22,165.16,0.89,-1,-1,-1
63,17,276.25,328.95,53.85,151.15,0.75,-1,-1,-1
63,18,246.64,344.46,83.10,187.34,0.70,-1,-1,-1
64,1,823.33,341.60,76.37,198.48,0.94,-1,-1,-1
64,2,-95.52,273.36,223.09,391.60,0.79,-1,-1,-1
64,3,-47.87,282.76,295.73,396.48,0.90,-1,-1,-1
64,4,452.29,338.15,150.79,224.31,0.94,-1,-1,-1
64,6,670.90,311.31,97.46,254.65,0.94,-1,-1,-1
64,9,632.65,345.62,60.99,205.63,0.92,-1,-1,-1
64,11,388.81,348.67,54.09,139.85,0.86,-1,-1,-1
64,13,697.86,337.45,67.57,194.19,0.44,-1,-1,-1
64,14,761.42,341.21,66.09,198.87,0.93,-1,-1,-1
64,16,308.78,336.53,70.20,165.73,0.88,-1,-1,-1
64,17,270.82,327.63,51.91,147.51,0.61,-1,-1,-1
64,18,246.22,343.34,81.76,185.34,0.67,-1,-1,-1
65,1,822.15,342.52,77.02,198.47,0.93,-1,-1,-1
65,2,-103.29,272.35,217.72,389.29,0.72,-1,-1,-1
65,3,-58.69,281.67,294.48,396.94,0.90,-1,-1,-1
65,4,447.13,336.97,152.43,227.52,0.94,-1,-1,-1
65,6,669.07,311.49,98.93,256.84,0.94,-1,-1,-1
65,9,630.40,345.10,61.35,207.92,0.92,-1,-1,-1
65,11,383.50,347.55,56.20,148.35,0.88,-1,-1,-1
65,13,695.79,342.85,68.78,190.31,0.55,-1,-1,-1
65,14,760.35,341.15,66.71,201.53,0.92,-1,-1,-1
65,16,304.28,337.53,71.70,165.37,0.89,-1,-1,-1
65,17,259.64,324.94,56.43,157.07,0.79,-1,-1,-1
65,18,228.54,342.34,99.82,201.45,0.89,-1,-1,-1
66,1,820.08,343.41,77.94,198.76,0.93,-1,-1,-1
66,2,-87.35,272.89,173.45,388.64,0.66,-1,-1,-1
66,3,-77.67,278.74,301.22,406.30,0.88,-1,-1,-1
66,4,440.75,336.96,154.62,230.30,0.94,-1,-1,-1
66,6,666.41,312.26,100.14,261.60,0.94,-1,-1,-1
66,9,627.26,344.43,63.32,210.04,0.92,-1,-1,-1
66,11,379.63,348.15,57.03,150.16,0.86,-1,-1,-1
66,13,693.40,341.87,69.85,194.71,0.34,-1,-1,-1
66,14,757.46,341.25,73.52,203.76,0.91,-1,-1,-1
66,16,301.12,338.63,69.64,165.33,0.90,-1,-1,-1
66,17,251.76,323.21,56.11,164.19,0.78,-1,-1,-1
66,18,218.20,344.49,105.78,206.00,0.89,-1,-1,-1
67,1,819.15,344.87,75.17,198.19,0.93,-1,-1,-1
67,2,-76.34,283.82,143.46,350.79,0.15,-1,-1,-1
67,3,-80.79,279.66,292.79,412.48,0.88,-1,-1,-1
67,4,435.93,337.27,156.46,232.88,0.94,-1,-1,-1
67,6,664.40,311.40,102.18,265.16,0.93,-1,-1,-1
67,9,624.27,344.29,65.14,211.68,0.92,-1,-1,-1
67,11,375.92,349.11,58.43,147.99,0.86,-1,-1,-1
67,13,690.92,344.00,71.26,192.81,0.42,-1,-1,-1
67,14,756.64,340.95,73.65,205.02,0.91,-1,-1,-1
67,16,299.60,338.75,66.85,164.06,0.90,-1,-1,-1
67,17,246.57,323.48,54.31,162.74,0.79,-1,-1,-1
67,18,209.78,345.00,112.15,206.06,0.90,-1,-1,-1
68,1,817.25,345.03,74.77,198.26,0.93,-1,-1,-1
68,3,-89.61,278.63,289.04,424.49,0.88,-1,-1,-1
68,4,431.00,336.88,157.80,236.29,0.94,-1,-1,-1
68,6,662.06,310.84,101.80,267.76,0.94,-1,-1,-1
68,9,621.55,343.43,65.85,214.74,0.91,-1,-1,-1
68,11,376.00,350.00,53.96,146.47,0.88,-1,-1,-1
68,13,690.21,342.70,70.06,195.79,0.21,-1,-1,-1
68,14,754.57,340.92,74.26,207.03,0.92,-1,-1,-1
68,16,296.07,338.54,66.14,166.08,0.90,-1,-1,-1
68,17,237.28,322.04,55.99,163.74,0.74,-1,-1,-1
68,18,206.35,344.61,109.79,205.96,0.83,-1,-1,-1
69,1,816.83,345.98,72.89,197.24,0.92,-1,-1,-1
69,3,-111.33,277.10,296.73,436.94,0.85,-1,-1,-1
69,4,425.06,337.06,158.98,239.47,0.93,-1,-1,-1
69,6,659.57,310.32,102.28,271.22,0.95,-1,-1,-1
69,9,618.60,342.98,66.75,217.63,0.92,-1,-1,-1
69,11,373.03,350.06,53.12,148.39,0.89,-1,-1,-1
69,13,690.51,343.28,68.39,197.15,0.12,-1,-1,-1
69,14,753.14,341.07,73.93,208.32,0.93,-1,-1,-1
69,16,292.62,338.18,64.42,166.05,0.90,-1,-1,-1
69,17,230.48,322.42,54.28,157.32,0.77,-1,-1,-1
69,18,213.42,344.63,94.72,201.45,0.87,-1,-1,-1
70,1,813.63,345.73,75.22,197.16,0.91,-1,-1,-1
70,3,-127.02,279.66,296.73,445.14,0.84,-1,-1,-1
70,4,418.50,337.08,161.69,243.87,0.92,-1,-1,-1
70,6,656.30,308.65,104.75,276.29,0.94,-1,-1,-1
70,9,614.57,342.50,69.39,221.02,0.93,-1,-1,-1
70,11,366.66,350.16,55.84,152.53,0.89,-1,-1,-1
70,14,751.46,339.06,74.30,212.00,0.93,-1,-1,-1
70,16,288.15,337.04,64.66,168.43,0.88,-1,-1,-1
70,17,219.75,322.20,53.28,157.14,0.46,-1,-1,-1
70,18,214.88,344.21,87.27,200.53,0.87,-1,-1,-1
70,19,88.31,330.97,72.22,211.72,0.77,-1,-1,-1
71,1,812.34,345.78,76.01,196.07,0.92,-1,-1,-1
71,3,-140.29,280.04,294.49,456.82,0.80,-1,-1,-1
71,4,410.43,337.31,164.96,246.65,0.94,-1,-1,-1
71,6,653.82,307.11,105.57,280.18,0.93,-1,-1,-1
71,9,610.92,342.44,69.72,226.53,0.92,-1,-1,-1
71,11,357.58,350.57,61.85,155.09,0.89,-1,-1,-1
71,14,749.86,338.30,75.53,214.50,0.93,-1,-1,-1
71,16,284.42,336.64,66.53,167.04,0.89,-1,-1,-1
71,17,215.59,323.95,49.12,152.66,0.23,-1,-1,-1
71,18,210.98,343.94,86.28,203.46,0.86,-1,-1,-1
71,19,80.10,330.35,75.25,219.70,0.85,-1,-1,-1
71,5,6.93,311.45,85.67,245.75,0.60,-1,-1,-1
72,1,811.56,344.70,72.76,194.51,0.91,-1,-1,-1
72,3,-109.47,307.90,247.32,419.83,0.37,-1,-1,-1
72,4,403.43,337.05,167.32,249.33,0.94,-1,-1,-1
72,6,651.89,305.58,105.91,283.89,0.94,-1,-1,-1
72,9,607.03,342.10,71.62,233.49,0.92,-1,-1,-1
72,11,348.95,351.40,68.49,156.32,0.87,-1,-1,-1
72,14,747.16,336.37,77.79,218.09,0.94,-1,-1,-1
72,16,279.33,335.67,64.86,168.00,0.85,-1,-1,-1
72,17,201.91,339.54,56.50,172.33,0.25,-1,-1,-1
72,18,203.76,343.17,89.25,208.91,0.85,-1,-1,-1
72,19,74.20,329.77,76.25,220.51,0.84,-1,-1,-1
72,5,-9.28,312.41,93.29,261.10,0.56,-1,-1,-1
73,1,809.39,343.01,70.18,192.15,0.91,-1,-1,-1
73,3,-109.27,311.32,230.84,421.60,0.54,-1,-1,-1
73,4,396.06,336.49,171.35,253.03,0.94,-1,-1,-1
73,6,649.18,302.74,107.01,287.28,0.94,-1,-1,-1
73,9,604.04,341.70,73.40,237.73,0.92,-1,-1,-1
73,11,344.42,351.07,71.55,157.63,0.89,-1,-1,-1
73,14,745.08,335.31,78.50,219.02,0.94,-1,-1,-1
73,16,275.61,334.90,65.03,164.83,0.88,-1,-1,-1
73,17,192.20,327.65,56.38,174.84,0.12,-1,-1,-1
73,18,192.73,342.19,93.27,218.39,0.89,-1,-1,-1
73,19,68.83,329.50,79.20,218.35,0.86,-1,-1,-1
73,5,-4.70,311.18,83.89,255.52,0.69,-1,-1,-1
74,1,807.10,341.82,69.92,191.79,0.91,-1,-1,-1
74,3,-98.67,312.04,201.95,418.36,0.31,-1,-1,-1
74,4,389.06,335.67,172.49,255.78,0.94,-1,-1,-1
74,6,646.29,299.89,108.04,291.69,0.94,-1,-1,-1
74,9,600.12,341.57,75.25,239.48,0.92,-1,-1,-1
74,11,341.38,350.16,73.93,159.88,0.90,-1,-1,-1
74,14,743.09,334.52,79.95,220.83,0.93,-1,-1,-1
74,16,270.85,335.94,66.04,157.86,0.86,-1,-1,-1
74,17,183.36,322.78,57.77,181.90,0.35,-1,-1,-1
74,18,182.51,335.86,97.04,230.08,0.86,-1,-1,-1
74,19,64.25,330.41,80.48,210.62,0.89,-1,-1,-1
74,5,-3.62,310.30,77.25,242.09,0.73,-1,-1,-1
75,1,804.77,341.01,71.72,192.42,0.91,-1,-1,-1
75,3,-105.21,308.45,190.35,464.53,0.17,-1,-1,-1
75,4,379.92,334.22,175.76,259.12,0.93,-1,-1,-1
75,6,643.97,297.24,109.63,296.70,0.94,-1,-1,-1
75,9,596.20,341.44,76.55,242.54,0.92,-1,-1,-1
75,11,338.52,348.96,72.83,157.69,0.90,-1,-1,-1
75,14,739.97,333.57,82.28,223.36,0.93,-1,-1,-1
75,16,266.60,334.70,64.34,157.53,0.87,-1,-1,-1
75,18,170.89,336.52,101.24,230.84,0.89,-1,-1,-1
75,19,59.93,330.13,77.54,205.73,0.87,-1,-1,-1
75,5,-9.08,310.38,78.62,241.18,0.68,-1,-1,-1
76,1,802.38,340.43,71.16,193.03,0.91,-1,-1,-1
76,4,372.95,332.86,176.91,262.89,0.94,-1,-1,-1
76,6,641.00,293.87,112.53,302.41,0.94,-1,-1,-1
76,9,591.45,341.38,78.15,248.40,0.92,-1,-1,-1
76,11,336.56,347.22,69.62,156.82,0.89,-1,-1,-1
76,14,735.23,332.34,86.05,226.66,0.93,-1,-1,-1
76,16,261.10,333.41,68.56,167.97,0.87,-1,-1,-1
76,18,163.59,336.72,102.70,234.54,0.89,-1,-1,-1
76,19,53.43,328.47,77.88,217.54,0.79,-1,-1,-1
76,5,-13.75,309.19,80.55,251.50,0.55,-1,-1,-1
76,17,167.46,324.87,49.23,150.07,0.64,-1,-1,-1
77,1,800.14,339.91,71.58,193.80,0.91,-1,-1,-1
77,4,364.56,332.26,179.31,266.02,0.93,-1,-1,-1
77,6,638.03,290.58,114.19,309.66,0.94,-1,-1,-1
77,9,587.85,340.49,77.55,249.25,0.92,-1,-1,-1
77,11,334.18,346.93,66.20,150.36,0.87,-1,-1,-1
77,14,733.88,331.59,86.29,230.73,0.93,-1,-1,-1
77,16,263.28,333.70,59.71,166.56,0.80,-1,-1,-1
77,18,158.16,337.50,101.39,232.16,0.89,-1,-1,-1
77,19,49.24,326.27,73.52,204.20,0.22,-1,-1,-1
77,5,-17.20,308.27,76.56,239.85,0.68,-1,-1,-1
77,17,151.97,321.81,55.66,169.97,0.78,-1,-1,-1
78,1,798.37,340.19,71.16,193.71,0.92,-1,-1,-1
78,4,354.39,331.01,183.91,270.60,0.93,-1,-1,-1
78,6,634.76,288.04,116.57,321.40,0.93,-1,-1,-1
78,9,584.07,340.17,79.65,257.81,0.93,-1,-1,-1
78,11,331.42,346.55,63.36,149.14,0.89,-1,-1,-1
78,14,732.47,330.74,86.33,233.45,0.93,-1,-1,-1
78,16,253.50,333.45,68.17,167.00,0.86,-1,-1,-1
78,18,156.59,335.43,98.27,235.93,0.88,-1,-1,-1
78,19,43.22,324.54,70.58,192.76,0.14,-1,-1,-1
78,5,-21.66,307.36,74.80,228.14,0.81,-1,-1,-1
78,17,139.75,324.08,58.24,158.17,0.83,-1,-1,-1
79,1,796.12,340.06,71.65,195.18,0.92,-1,-1,-1
79,4,345.15,328.88,185.76,276.35,0.93,-1,-1,-1
79,6,631.69,286.45,118.66,330.00,0.93,-1,-1,-1
79,9,580.24,338.65,81.04,263.89,0.92,-1,-1,-1
79,11,328.45,346.23,58.93,147.47,0.88,-1,-1,-1
79,14,731.29,329.91,86.32,237.92,0.93,-1,-1,-1
79,16,249.00,333.47,69.70,166.86,0.88,-1,-1,-1
79,18,154.59,333.32,94.30,234.53,0.90,-1,-1,-1
79,19,42.14,324.10,69.18,186.02,0.62,-1,-1,-1
79,5,-26.79,305.68,77.37,229.15,0.81,-1,-1,-1
79,17,128.05,317.76,60.88,167.15,0.84,-1,-1,-1
80,1,792.52,341.58,73.01,194.03,0.91,-1,-1,-1
80,4,335.21,328.52,189.41,280.76,0.93,-1,-1,-1
80,6,627.88,285.80,121.69,337.19,0.94,-1,-1,-1
80,9,576.18,337.06,81.46,268.41,0.92,-1,-1,-1
80,11,324.00,346.25,57.88,147.44,0.88,-1,-1,-1
80,14,727.86,329.97,88.59,241.70,0.93,-1,-1,-1
80,16,246.15,334.50,67.88,164.66,0.87,-1,-1,-1
80,18,152.85,332.94,90.57,236.20,0.88,-1,-1,-1
80,5,-34.49,304.29,79.41,243.95,0.76,-1,-1,-1
80,17,117.00,318.16,62.88,166.83,0.86,-1,-1,-1
81,1,790.45,342.60,72.93,193.34,0.91,-1,-1,-1
81,4,326.08,329.59,191.29,283.74,0.91,-1,-1,-1
81,6,624.32,285.10,124.02,340.16,0.94,-1,-1,-1
81,9,572.00,335.36,81.61,272.79,0.93,-1,-1,-1
81,11,320.23,346.70,57.53,145.83,0.87,-1,-1,-1
81,14,724.98,329.90,90.02,245.72,0.93,-1,-1,-1
81,16,239.16,333.40,70.17,172.36,0.85,-1,-1,-1
81,18,149.66,332.28,90.29,239.11,0.87,-1,-1,-1
81,5,-36.57,310.58,74.07,229.53,0.71,-1,-1,-1
81,17,105.50,318.10,64.82,166.73,0.83,-1,-1,-1
82,1,788.56,343.68,73.54,192.90,0.90,-1,-1,-1
82,4,316.11,328.75,195.26,288.62,0.91,-1,-1,-1
82,6,620.91,284.37,127.26,348.95,0.93,-1,-1,-1
82,9,567.47,335.39,82.84,275.06,0.92,-1,-1,-1
82,11,316.63,347.55,56.53,144.11,0.87,-1,-1,-1
82,14,723.65,331.02,89.38,248.32,0.93,-1,-1,-1
82,16,237.74,333.49,65.68,169.79,0.85,-1,-1,-1
82,18,143.86,333.17,86.26,235.92,0.82,-1,-1,-1
82,17,94.65,316.47,63.65,169.04,0.85,-1,-1,-1
82,20,214.54,334.35,44.66,147.60,0.74,-1,-1,-1
83,1,786.32,344.41,73.81,193.62,0.91,-1,-1,-1
83,4,304.45,331.90,195.39,290.81,0.93,-1,-1,-1
83,6,618.52,283.47,129.10,359.74,0.94,-1,-1,-1
83,9,562.52,334.22,85.08,280.90,0.92,-1,-1,-1
83,11,311.86,347.91,56.83,144.15,0.85,-1,-1,-1
83,14,721.58,332.23,90.30,252.08,0.93,-1,-1,-1
83,16,232.13,334.45,66.07,169.70,0.88,-1,-1,-1
83,18,137.72,333.07,88.69,233.97,0.79,-1,-1,-1
83,17,83.37,316.70,62.42,170.28,0.88,-1,-1,-1
83,20,208.38,337.02,41.44,142.24,0.63,-1,-1,-1
83,13,627.52,310.40,89.83,273.45,0.68,-1,-1,-1
83,19,9.66,325.80,105.74,253.97,0.82,-1,-1,-1
84,1,783.58,344.20,72.64,193.92,0.92,-1,-1,-1
84,4,292.52,331.01,199.52,296.10,0.91,-1,-1,-1
84,6,615.80,283.38,131.41,369.90,0.94,-1,-1,-1
84,9,558.40,332.87,85.28,285.16,0.92,-1,-1,-1
84,11,308.94,347.36,55.99,149.36,0.80,-1,-1,-1
84,14,719.64,332.16,89.36,257.27,0.93,-1,-1,-1
84,16,228.31,334.66,64.33,168.20,0.88,-1,-1,-1
84,18,132.39,337.95,90.26,223.52,0.81,-1,-1,-1
84,17,74.77,318.88,60.51,169.86,0.88,-1,-1,-1
84,20,198.57,337.06,43.03,152.13,0.50,-1,-1,-1
84,13,623.31,309.16,88.73,273.96,0.67,-1,-1,-1
84,19,5.32,326.09,105.89,255.98,0.72,-1,-1,-1
85,1,782.08,344.15,71.48,193.93,0.92,-1,-1,-1
85,4,280.61,330.86,203.81,301.72,0.93,-1,-1,-1
85,6,612.80,283.80,133.20,375.85,0.94,-1,-1,-1
85,9,554.67,332.72,86.35,286.95,0.92,-1,-1,-1
85,11,306.06,348.08,52.55,141.02,0.82,-1,-1,-1
85,14,717.34,331.89,90.01,261.87,0.93,-1,-1,-1
85,16,221.19,334.02,67.95,171.94,0.89,-1,-1,-1
85,18,128.52,339.99,92.08,224.15,0.85,-1,-1,-1
85,17,64.04,317.96,63.59,170.80,0.86,-1,-1,-1
85,20,194.59,341.10,37.84,124.90,0.12,-1,-1,-1
85,13,620.07,308.40,91.13,277.75,0.49,-1,-1,-1
85,19,1.77,327.53,101.06,231.23,0.42,-1,-1,-1
86,1,779.89,343.83,70.56,192.17,0.92,-1,-1,-1
86,4,267.31,329.27,211.02,310.19,0.92,-1,-1,-1
86,6,608.88,282.43,135.80,383.58,0.93,-1,-1,-1
86,9,550.41,331.62,87.44,292.00,0.92,-1,-1,-1
86,11,301.68,346.77,54.85,142.69,0.81,-1,-1,-1
86,14,715.34,331.33,89.76,266.79,0.92,-1,-1,-1
86,16,210.02,333.73,74.25,171.80,0.90,-1,-1,-1
86,18,121.35,337.62,92.60,224.75,0.84,-1,-1,-1
86,17,50.46,316.47,65.10,175.18,0.86,-1,-1,-1
86,13,614.95,306.92,93.31,280.73,0.57,-1,-1,-1
86,19,-0.38,329.37,84.33,214.75,0.37,-1,-1,-1
87,1,778.03,343.45,69.64,189.05,0.92,-1,-1,-1
87,4,251.09,326.46,219.67,318.81,0.93,-1,-1,-1
87,6,605.67,281.35,136.77,389.36,0.93,-1,-1,-1
87,9,546.20,330.65,87.84,299.44,0.93,-1,-1,-1
87,11,297.15,346.18,52.03,137.63,0.77,-1,-1,-1
87,14,712.32,330.72,90.25,271.08,0.91,-1,-1,-1
87,16,202.80,333.01,75.51,171.37,0.87,-1,-1,-1
87,18,116.91,336.88,92.52,223.88,0.77,-1,-1,-1
87,17,40.24,314.69,66.79,178.25,0.84,-1,-1,-1
87,13,610.73,306.00,97.67,283.32,0.24,-1,-1,-1
87,19,-8.17,325.82,88.95,215.40,0.38,-1,-1,-1
88,1,776.30,341.49,70.44,188.52,0.92,-1,-1,-1
88,4,237.50,324.28,224.17,326.15,0.93,-1,-1,-1
88,6,601.69,278.75,144.57,397.14,0.93,-1,-1,-1
88,9,541.65,330.07,90.20,309.32,0.92,-1,-1,-1
88,11,293.85,345.55,49.66,129.83,0.66,-1,-1,-1
88,14,709.97,328.76,90.88,275.09,0.91,-1,-1,-1
88,16,200.18,332.81,74.14,171.82,0.88,-1,-1,-1
88,18,112.17,337.43,101.25,234.57,0.84,-1,-1,-1
88,17,31.05,316.08,67.33,179.54,0.74,-1,-1,-1
88,13,607.59,314.41,98.58,272.40,0.10,-1,-1,-1
88,19,-13.79,327.68,107.33,223.61,0.42,-1,-1,-1
89,1,774.29,340.81,70.69,187.49,0.92,-1,-1,-1
89,4,226.50,323.06,226.93,331.22,0.94,-1,-1,-1
89,6,598.57,275.60,150.26,404.60,0.94,-1,-1,-1
89,9,538.71,329.68,92.78,318.95,0.93,-1,-1,-1
89,14,706.94,327.21,92.83,277.26,0.91,-1,-1,-1
89,16,196.98,332.46,74.40,173.69,0.88,-1,-1,-1
89,18,108.05,336.19,106.36,236.48,0.84,-1,-1,-1
89,17,16.54,315.37,72.88,180.91,0.80,-1,-1,-1
89,19,-18.93,328.94,116.45,227.12,0.81,-1,-1,-1
90,1,771.44,340.16,71.44,187.94,0.92,-1,-1,-1
90,4,212.86,319.91,229.85,339.08,0.93,-1,-1,-1
90,6,594.31,271.60,156.55,412.32,0.94,-1,-1,-1
90,9,533.90,329.11,94.94,327.49,0.92,-1,-1,-1
90,14,704.57,325.02,93.58,282.37,0.91,-1,-1,-1
90,16,192.96,332.29,74.96,171.70,0.87,-1,-1,-1
90,18,105.34,333.70,106.95,239.21,0.85,-1,-1,-1
90,17,9.66,316.22,67.08,183.21,0.73,-1,-1,-1
90,19,-17.94,329.98,118.07,212.66,0.62,-1,-1,-1
91,1,769.60,339.49,71.81,188.44,0.93,-1,-1,-1
91,4,201.04,316.40,234.02,347.49,0.92,-1,-1,-1
91,6,590.76,267.32,160.26,420.29,0.95,-1,-1,-1
91,9,529.19,327.83,96.41,339.35,0.92,-1,-1,-1
91,14,701.61,322.11,95.72,287.46,0.91,-1,-1,-1
91,16,187.92,331.83,75.23,170.45,0.88,-1,-1,-1
91,18,98.90,331.31,110.96,242.36,0.85,-1,-1,-1
91,17,-9.31,314.61,78.27,190.42,0.70,-1,-1,-1
92,1,767.89,338.04,70.78,190.93,0.92,-1,-1,-1
92,4,184.02,312.65,241.64,356.76,0.91,-1,-1,-1
92,6,587.36,261.97,162.87,429.54,0.95,-1,-1,-1
92,9,523.85,326.44,98.75,349.34,0.92,-1,-1,-1
92,14,700.30,320.25,95.37,292.06,0.91,-1,-1,-1
92,16,183.78,331.31,73.04,166.18,0.89,-1,-1,-1
92,18,99.27,332.13,106.53,238.66,0.86,-1,-1,-1
92,17,-22.15,316.40,77.54,191.09,0.62,-1,-1,-1
93,1,766.76,337.50,70.25,191.51,0.92,-1,-1,-1
93,4,167.44,309.70,249.55,363.32,0.93,-1,-1,-1
93,6,584.21,256.49,165.73,438.31,0.95,-1,-1,-1
93,9,520.82,325.06,100.59,358.88,0.92,-1,-1,-1
93,14,698.10,319.37,96.79,293.78,0.91,-1,-1,-1
93,16,182.64,331.38,71.99,165.22,0.88,-1,-1,-1
93,18,93.93,332.50,110.96,235.06,0.88,-1,-1,-1
94,1,764.59,337.80,68.87,192.29,0.91,-1,-1,-1
94,4,154.49,308.89,250.29,369.94,0.92,-1,-1,-1
94,6,580.38,251.68,169.69,447.97,0.95,-1,-1,-1
94,9,517.31,322.09,103.62,370.55,0.91,-1,-1,-1
94,14,697.91,318.81,96.13,296.23,0.91,-1,-1,-1
94,16,181.16,331.70,70.56,165.89,0.87,-1,-1,-1
94,18,86.68,332.92,112.58,223.25,0.87,-1,-1,-1
95,1,762.83,338.53,68.40,192.36,0.90,-1,-1,-1
95,4,137.84,306.90,257.25,377.66,0.93,-1,-1,-1
95,6,575.61,247.25,174.11,457.72,0.94,-1,-1,-1
95,9,513.26,319.22,105.95,380.18,0.91,-1,-1,-1
95,14,695.98,318.47,96.48,299.92,0.91,-1,-1,-1
95,16,178.56,328.81,70.28,179.81,0.85,-1,-1,-1
95,18,79.27,332.18,116.92,233.97,0.86,-1,-1,-1
96,1,760.69,340.56,67.52,191.58,0.90,-1,-1,-1
96,4,121.17,306.92,259.20,383.84,0.90,-1,-1,-1
96,6,571.03,242.35,178.35,476.73,0.95,-1,-1,-1
96,9,509.87,316.69,106.00,388.18,0.91,-1,-1,-1
96,14,692.63,315.80,97.62,309.09,0.91,-1,-1,-1
96,16,177.81,330.85,67.35,175.45,0.80,-1,-1,-1
96,18,72.61,331.77,113.21,241.82,0.86,-1,-1,-1
96,21,439.65,349.42,52.20,114.97,0.73,-1,-1,-1
97,1,759.74,339.85,66.06,192.78,0.91,-1,-1,-1
97,4,103.45,304.13,269.96,395.46,0.93,-1,-1,-1
97,6,565.05,238.02,183.50,494.18,0.94,-1,-1,-1
97,9,505.52,314.39,107.82,396.22,0.91,-1,-1,-1
97,14,690.92,313.84,98.70,319.32,0.91,-1,-1,-1
97,16,176.32,332.63,64.02,163.56,0.66,-1,-1,-1
97,18,60.43,331.99,115.32,242.83,0.86,-1,-1,-1
97,21,442.63,349.64,46.69,115.63,0.75,-1,-1,-1
98,1,758.41,339.07,64.99,193.77,0.91,-1,-1,-1
98,4,86.37,303.24,271.47,405.91,0.90,-1,-1,-1
98,6,559.55,235.97,187.89,510.17,0.94,-1,-1,-1
98,9,500.01,311.55,110.32,405.40,0.92,-1,-1,-1
98,14,687.15,312.30,101.55,332.28,0.92,-1,-1,-1
98,16,177.82,334.54,58.78,154.00,0.28,-1,-1,-1
98,18,49.55,331.95,116.54,251.07,0.88,-1,-1,-1
98,21,439.92,350.27,41.82,109.63,0.57,-1,-1,-1
99,1,756.23,338.44,64.57,194.88,0.91,-1,-1,-1
99,4,65.18,302.34,284.38,416.97,0.92,-1,-1,-1
99,6,554.28,234.60,191.62,517.23,0.93,-1,-1,-1
99,9,494.51,310.76,112.87,411.25,0.91,-1,-1,-1
99,14,685.34,311.87,102.50,342.83,0.91,-1,-1,-1
99,16,175.58,335.16,58.40,148.94,0.20,-1,-1,-1
99,18,40.79,331.29,118.70,253.03,0.86,-1,-1,-1
99,21,439.00,350.58,39.95,107.44,0.47,-1,-1,-1
100,1,754.27,338.40,63.89,195.41,0.90,-1,-1,-1
100,4,44.98,299.61,291.69,430.96,0.90,-1,-1,-1
100,6,546.49,234.21,197.80,536.83,0.93,-1,-1,-1
100,9,487.43,311.07,115.66,416.15,0.90,-1,-1,-1
100,14,682.21,312.48,104.11,351.17,0.91,-1,-1,-1
100,18,31.99,333.21,121.08,260.73,0.81,-1,-1,-1
100,21,433.96,349.63,43.72,108.43,0.26,-1,-1,-1
101,1,750.54,339.84,65.39,191.65,0.90,-1,-1,-1
101,4,23.18,299.81,300.72,441.70,0.87,-1,-1,-1
101,6,539.64,233.01,201.45,548.72,0.94,-1,-1,-1
101,9,480.36,310.53,119.39,420.91,0.90,-1,-1,-1
101,14,678.87,315.10,105.68,356.43,0.92,-1,-1,-1
101,18,26.27,333.78,119.61,259.12,0.83,-1,-1,-1
101,21,434.69,350.93,38.79,103.71,0.51,-1,-1,-1
102,1,747.35,339.20,66.56,190.60,0.90,-1,-1,-1
102,4,2.48,298.62,308.83,456.36,0.90,-1,-1,-1
102,6,530.53,231.75,206.86,557.20,0.94,-1,-1,-1
102,9,471.77,311.26,121.95,422.30,0.90,-1,-1,-1
102,14,674.59,316.75,108.63,362.44,0.92,-1,-1,-1
102,18,20.00,335.93,124.26,268.42,0.61,-1,-1,-1
102,21,432.16,352.39,41.59,103.55,0.50,-1,-1,-1
103,1,743.98,339.47,67.05,188.79,0.91,-1,-1,-1
103,4,-20.32,299.00,317.74,457.59,0.90,-1,-1,-1
103,6,519.91,230.65,212.41,566.72,0.93,-1,-1,-1
103,9,461.89,310.17,127.03,429.64,0.91,-1,-1,-1
103,14,670.20,317.60,112.12,374.63,0.91,-1,-1,-1
103,18,17.31,337.70,123.23,292.02,0.48,-1,-1,-1
103,21,422.47,354.56,52.41,99.46,0.10,-1,-1,-1
103,22,230.62,342.22,57.15,148.73,0.80,-1,-1,-1
104,1,743.17,339.70,65.41,188.76,0.90,-1,-1,-1
104,4,-55.04,299.66,336.63,493.24,0.81,-1,-1,-1
104,6,507.46,229.79,219.51,583.61,0.93,-1,-1,-1
104,9,450.98,306.26,132.89,438.95,0.90,-1,-1,-1
104,14,665.52,317.50,115.68,385.39,0.91,-1,-1,-1
104,21,415.98,354.00,57.01,111.96,0.31,-1,-1,-1
104,22,223.79,343.14,59.34,153.68,0.82,-1,-1,-1
105,1,740.58,339.86,67.27,189.31,0.91,-1,-1,-1
105,4,-63.38,297.63,328.48,490.75,0.80,-1,-1,-1
105,6,496.04,225.64,224.05,600.52,0.93,-1,-1,-1
105,9,439.42,304.30,137.38,447.92,0.89,-1,-1,-1
105,14,661.74,315.78,118.27,395.77,0.92,-1,-1,-1
105,21,415.10,351.86,53.67,115.39,0.63,-1,-1,-1
105,22,219.68,344.17,58.77,158.30,0.78,-1,-1,-1
106,1,736.16,339.72,70.36,189.55,0.90,-1,-1,-1
106,4,-67.79,296.20,314.61,478.94,0.63,-1,-1,-1
106,6,479.68,220.29,230.99,629.19,0.94,-1,-1,-1
106,9,426.44,303.75,144.01,464.70,0.89,-1,-1,-1
106,14,655.66,314.75,121.59,404.00,0.92,-1,-1,-1
106,21,411.56,351.35,49.38,108.78,0.41,-1,-1,-1
106,22,215.43,343.06,56.79,153.73,0.43,-1,-1,-1
106,16,171.50,332.35,53.56,145.18,0.85,-1,-1,-1
107,1,732.78,339.64,72.06,189.16,0.89,-1,-1,-1
107,4,-78.28,291.09,308.92,473.90,0.74,-1,-1,-1
107,6,465.67,210.91,235.70,651.39,0.93,-1,-1,-1
107,9,415.56,300.58,148.16,479.31,0.88,-1,-1,-1
107,14,649.70,313.50,125.65,408.81,0.92,-1,-1,-1
107,21,406.78,351.01,51.60,118.92,0.54,-1,-1,-1
107,16,161.09,332.13,62.40,153.24,0.84,-1,-1,-1
108,1,730.95,340.28,72.13,189.90,0.89,-1,-1,-1
108,4,-86.16,288.92,295.97,490.80,0.54,-1,-1,-1
108,6,449.40,202.22,243.22,675.73,0.93,-1,-1,-1
108,9,402.56,303.55,153.46,484.07,0.85,-1,-1,-1
108,14,641.09,310.18,132.41,415.03,0.91,-1,-1,-1
108,16,156.00,332.13,65.37,164.58,0.89,-1,-1,-1
109,1,728.34,341.76,72.20,188.86,0.88,-1,-1,-1
109,4,-92.10,286.92,281.51,480.41,0.74,-1,-1,-1
109,6,432.64,188.34,251.40,707.45,0.93,-1,-1,-1
109,9,387.80,296.84,154.86,502.54,0.86,-1,-1,-1
109,14,632.15,305.02,139.12,423.62,0.92,-1,-1,-1
109,16,153.06,331.89,67.89,170.28,0.89,-1,-1,-1
110,1,724.65,342.71,73.93,188.54,0.90,-1,-1,-1
110,4,-98.40,282.75,260.67,532.95,0.40,-1,-1,-1
110,6,413.23,180.85,261.75,734.98,0.93,-1,-1,-1
110,9,371.18,298.06,162.52,514.17,0.83,-1,-1,-1
110,14,622.00,300.51,147.87,433.22,0.92,-1,-1,-1
110,16,150.10,332.02,66.91,173.66,0.90,-1,-1,-1
111,1,722.17,343.34,75.17,188.13,0.90,-1,-1,-1
111,4,-132.89,277.24,275.42,533.88,0.59,-1,-1,-1
111,6,394.57,169.71,271.27,763.96,0.92,-1,-1,-1
111,9,351.94,297.00,166.70,522.30,0.84,-1,-1,-1
111,14,611.30,295.88,155.81,440.76,0.91,-1,-1,-1
111,16,147.06,331.96,67.06,176.19,0.88,-1,-1,-1
112,1,721.20,343.74,70.84,187.63,0.89,-1,-1,-1
112,4,-158.56,270.07,278.92,583.49,0.20,-1,-1,-1
112,6,370.58,154.88,284.50,802.21,0.92,-1,-1,-1
112,9,328.99,299.00,172.51,536.52,0.83,-1,-1,-1
112,14,603.07,291.05,159.85,448.39,0.90,-1,-1,-1
112,16,143.99,331.74,65.24,176.56,0.54,-1,-1,-1
113,1,717.65,344.22,71.02,187.50,0.90,-1,-1,-1
113,4,-164.72,257.79,255.00,556.84,0.15,-1,-1,-1
113,6,346.27,141.79,297.97,841.61,0.91,-1,-1,-1
113,9,304.60,297.16,179.18,551.34,0.78,-1,-1,-1
113,14,595.31,289.00,164.38,455.02,0.91,-1,-1,-1
113,16,138.66,332.01,64.72,172.08,0.59,-1,-1,-1
113,13,550.51,291.13,88.35,280.98,0.77,-1,-1,-1
113,18,-14.11,334.72,110.05,268.70,0.85,-1,-1,-1
114,1,715.29,343.29,68.66,185.90,0.89,-1,-1,-1
114,6,320.21,131.42,312.57,872.14,0.90,-1,-1,-1
114,9,276.76,293.13,190.66,587.32,0.80,-1,-1,-1
114,14,585.65,286.67,169.42,464.14,0.90,-1,-1,-1
114,16,136.53,332.56,63.29,171.65,0.38,-1,-1,-1
114,13,545.42,289.53,92.14,287.06,0.84,-1,-1,-1
114,18,-23.89,332.85,112.78,274.59,0.59,-1,-1,-1
115,1,712.52,342.87,68.42,185.63,0.90,-1,-1,-1
115,6,289.04,115.32,330.49,919.86,0.89,-1,-1,-1
115,9,246.70,283.87,210.57,625.95,0.78,-1,-1,-1
115,14,579.53,284.77,170.83,477.53,0.90,-1,-1,-1
115,16,128.35,333.43,67.87,194.62,0.22,-1,-1,-1
115,13,541.00,289.16,91.85,283.84,0.87,-1,-1,-1
115,18,-27.23,334.39,107.18,259.79,0.84,-1,-1,-1
116,1,709.39,343.15,69.50,183.32,0.91,-1,-1,-1
116,6,256.39,104.24,350.08,967.48,0.89,-1,-1,-1
116,9,212.04,282.00,226.95,651.63,0.79,-1,-1,-1
116,14,568.85,283.64,175.74,490.79,0.89,-1,-1,-1
116,16,125.82,332.61,68.03,203.46,0.24,-1,-1,-1
116,13,534.77,290.10,93.54,286.45,0.86,-1,-1,-1
116,18,-37.82,333.70,109.31,263.37,0.85,-1,-1,-1
117,1,706.57,342.96,70.49,181.87,0.89,-1,-1,-1
117,6,220.86,94.36,370.11,1005.63,0.89,-1,-1,-1
117,9,174.49,285.46,246.53,671.54,0.78,-1,-1,-1
117,14,558.31,282.99,179.81,508.75,0.89,-1,-1,-1
117,16,123.95,332.41,67.75,206.20,0.28,-1,-1,-1
117,13,525.05,289.44,99.03,302.10,0.87,-1,-1,-1
117,18,-40.66,334.16,104.16,275.73,0.81,-1,-1,-1
118,1,703.88,341.47,71.49,183.30,0.90,-1,-1,-1
118,6,181.70,79.30,393.29,1063.81,0.89,-1,-1,-1
118,9,133.36,266.69,272.86,732.93,0.75,-1,-1,-1
118,14,547.52,283.35,183.08,519.45,0.90,-1,-1,-1
118,16,123.09,333.11,68.68,201.13,0.36,-1,-1,-1
118,13,514.49,286.81,104.06,331.52,0.86,-1,-1,-1
118,18,-40.16,333.95,94.78,267.39,0.78,-1,-1,-1
119,1,698.41,341.44,76.04,183.06,0.91,-1,-1,-1
119,6,132.53,57.40,424.43,1150.87,0.84,-1,-1,-1
119,9,85.80,262.91,298.76,782.06,0.62,-1,-1,-1
119,14,536.68,282.56,184.85,537.84,0.89,-1,-1,-1
119,16,122.46,333.12,65.19,184.15,0.42,-1,-1,-1
119,13,510.40,284.25,105.40,348.62,0.86,-1,-1,-1
119,18,-45.25,332.65,88.74,281.71,0.58,-1,-1,-1
120,1,693.58,340.98,80.07,183.97,0.91,-1,-1,-1
120,6,81.63,38.33,455.36,1244.04,0.82,-1,-1,-1
120,9,38.14,247.88,317.30,832.27,0.64,-1,-1,-1
120,14,526.14,281.76,181.32,552.01,0.89,-1,-1,-1
120,13,504.15,283.01,107.63,353.09,0.86,-1,-1,-1
120,23,408.15,317.92,142.20,430.88,0.82,-1,-1,-1
121,1,685.96,340.04,87.47,185.42,0.89,-1,-1,-1
121,6,11.69,19.07,504.14,1321.01,0.85,-1,-1,-1
121,9,0.95,237.75,317.73,868.18,0.12,-1,-1,-1
121,14,514.59,277.15,184.08,575.01,0.90,-1,-1,-1
121,13,498.88,279.65,109.13,362.22,0.84,-1,-1,-1
121,23,392.51,318.76,148.86,440.12,0.83,-1,-1,-1
122,1,684.57,338.33,89.16,187.57,0.91,-1,-1,-1
122,6,-27.82,11.59,515.18,1360.98,0.82,-1,-1,-1
122,9,-37.83,218.85,319.05,933.42,0.16,-1,-1,-1
122,14,503.26,275.67,189.65,591.29,0.89,-1,-1,-1
122,13,492.18,277.20,108.42,342.44,0.79,-1,-1,-1
122,23,368.96,317.66,158.36,464.87,0.84,-1,-1,-1
123,1,683.59,338.05,81.62,187.65,0.90,-1,-1,-1
123,6,-82.60,-13.38,532.75,1422.26,0.64,-1,-1,-1
123,14,487.80,270.70,195.05,612.60,0.87,-1,-1,-1
123,13,484.20,274.10,112.15,340.70,0.75,-1,-1,-1
123,23,351.98,313.66,162.04,484.58,0.86,-1,-1,-1
124,1,681.71,339.57,78.48,186.71,0.92,-1,-1,-1
124,6,-128.14,-25.45,544.31,1446.67,0.67,-1,-1,-1
124,14,437.44,261.30,237.27,646.48,0.85,-1,-1,-1
124,13,476.49,274.66,108.89,314.52,0.65,-1,-1,-1
124,23,329.56,310.88,169.46,506.04,0.86,-1,-1,-1
125,1,681.67,344.22,75.50,182.04,0.91,-1,-1,-1
125,6,-180.90,-53.70,552.15,1487.91,0.64,-1,-1,-1
125,14,401.33,250.71,257.55,677.85,0.88,-1,-1,-1
125,23,308.02,307.30,175.42,527.51,0.86,-1,-1,-1
126,1,679.99,344.79,74.39,182.13,0.91,-1,-1,-1
126,6,-252.93,-117.21,576.71,1475.71,0.20,-1,-1,-1
126,14,408.59,243.63,237.66,695.80,0.87,-1,-1,-1
126,23,287.36,302.89,178.62,540.05,0.86,-1,-1,-1
127,1,678.50,342.96,73.96,183.71,0.92,-1,-1,-1
127,6,-254.16,-92.10,508.73,1231.96,0.19,-1,-1,-1
127,14,398.51,238.20,229.99,710.40,0.87,-1,-1,-1
127,23,266.53,296.36,181.17,554.75,0.87,-1,-1,-1
127,24,597.15,361.80,38.70,109.35,0.82,-1,-1,-1
127,25,629.55,364.05,31.50,90.00,0.78,-1,-1,-1
128,1,677.50,342.54,70.79,183.38,0.92,-1,-1,-1
128,6,-234.09,-54.91,410.86,1032.14,0.47,-1,-1,-1
128,14,370.29,224.94,246.87,752.67,0.88,-1,-1,-1
128,23,241.11,287.73,188.23,583.69,0.84,-1,-1,-1
128,24,595.12,362.14,38.73,96.83,0.87,-1,-1,-1
128,25,627.55,364.03,32.24,90.07,0.81,-1,-1,-1
128,22,146.67,341.96,77.58,159.77,0.81,-1,-1,-1
128,16,108.53,331.70,71.20,170.01,0.72,-1,-1,-1
129,1,676.03,343.19,68.39,182.58,0.91,-1,-1,-1
129,14,353.55,214.19,254.82,787.22,0.86,-1,-1,-1
129,23,210.27,279.30,201.12,614.31,0.83,-1,-1,-1
129,24,592.25,363.69,40.13,93.97,0.90,-1,-1,-1
129,25,625.39,361.82,34.46,92.54,0.83,-1,-1,-1
129,22,144.88,341.52,78.16,159.42,0.88,-1,-1,-1
129,16,100.93,332.67,75.48,169.85,0.88,-1,-1,-1
130,1,673.22,346.19,71.82,177.76,0.91,-1,-1,-1
130,14,324.96,198.42,270.48,847.43,0.87,-1,-1,-1
130,23,176.91,272.27,217.17,655.04,0.81,-1,-1,-1
130,24,590.44,363.09,41.27,94.88,0.90,-1,-1,-1
130,25,623.80,360.06,36.56,95.40,0.82,-1,-1,-1
130,22,145.35,341.71,71.35,158.40,0.88,-1,-1,-1
130,16,95.26,333.44,81.39,169.30,0.90,-1,-1,-1
130,13,432.96,248.57,121.07,379.93,0.75,-1,-1,-1
131,1,670.11,343.45,74.20,178.08,0.93,-1,-1,-1
131,14,282.56,189.87,298.10,891.85,0.73,-1,-1,-1
131,23,141.59,270.38,222.32,687.54,0.83,-1,-1,-1
131,24,588.58,361.90,40.92,97.60,0.89,-1,-1,-1
131,25,622.31,357.45,37.20,99.90,0.84,-1,-1,-1
131,22,146.19,341.18,62.88,159.52,0.86,-1,-1,-1
131,16,90.29,334.32,84.36,169.12,0.89,-1,-1,-1
131,13,422.82,244.83,125.12,397.46,0.81,-1,-1,-1
132,1,667.26,342.65,74.55,177.27,0.93,-1,-1,-1
132,14,170.20,180.05,387.35,953.39,0.77,-1,-1,-1
132,23,106.96,267.53,232.95,711.62,0.82,-1,-1,-1
132,24,587.46,361.45,40.76,98.46,0.90,-1,-1,-1
132,25,621.29,357.03,37.99,101.01,0.85,-1,-1,-1
132,22,151.02,341.47,55.54,154.31,0.73,-1,-1,-1
132,16,86.48,334.68,85.77,169.05,0.91,-1,-1,-1
132,13,414.93,242.88,130.12,395.27,0.84,-1,-1,-1
133,1,664.46,341.99,74.69,177.37,0.92,-1,-1,-1
133,14,100.03,170.97,439.41,1021.20,0.82,-1,-1,-1
133,23,71.30,265.57,238.82,724.98,0.80,-1,-1,-1
133,24,585.85,361.74,41.32,98.44,0.89,-1,-1,-1
133,25,619.72,360.19,38.22,98.49,0.82,-1,-1,-1
133,16,95.95,334.70,73.52,163.39,0.80,-1,-1,-1
133,13,405.16,241.55,132.16,418.74,0.88,-1,-1,-1
134,1,663.54,341.47,72.36,178.93,0.92,-1,-1,-1
134,14,45.47,145.87,472.10,1100.90,0.83,-1,-1,-1
134,23,33.24,255.78,255.52,771.49,0.77,-1,-1,-1
134,24,584.48,362.22,41.51,98.55,0.89,-1,-1,-1
134,25,618.95,361.64,38.25,97.11,0.83,-1,-1,-1
134,13,393.35,239.57,136.24,451.17,0.90,-1,-1,-1
135,1,662.06,341.96,70.25,179.07,0.93,-1,-1,-1
135,14,17.75,130.74,473.48,1155.84,0.82,-1,-1,-1
135,23,0.20,251.26,259.95,798.93,0.75,-1,-1,-1
135,24,583.09,362.96,41.55,97.94,0.89,-1,-1,-1
135,25,617.47,361.51,38.83,97.78,0.83,-1,-1,-1
135,13,383.01,238.08,140.22,475.49,0.91,-1,-1,-1
136,1,660.38,341.49,71.30,179.71,0.92,-1,-1,-1
136,14,-31.93,118.34,492.46,1213.33,0.82,-1,-1,-1
136,23,-49.31,244.31,279.01,858.32,0.64,-1,-1,-1
136,24,581.74,363.33,41.55,97.83,0.89,-1,-1,-1
136,25,615.78,358.06,39.61,101.94,0.85,-1,-1,-1
136,13,371.27,236.25,149.68,491.57,0.92,-1,-1,-1
137,1,658.02,342.18,71.71,179.41,0.92,-1,-1,-1
137,14,-36.83,113.20,464.77,1224.22,0.83,-1,-1,-1
137,23,-91.75,238.52,282.17,897.56,0.71,-1,-1,-1
137,24,580.37,362.85,42.16,98.72,0.90,-1,-1,-1
137,25,614.57,356.78,40.48,103.47,0.82,-1,-1,-1
137,13,362.66,234.85,152.06,501.32,0.94,-1,-1,-1
138,1,656.66,343.23,70.69,179.10,0.91,-1,-1,-1
138,14,-76.95,106.30,460.14,1244.06,0.78,-1,-1,-1
138,24,579.08,362.71,42.98,99.61,0.90,-1,-1,-1
138,25,613.63,356.96,39.02,104.11,0.81,-1,-1,-1
138,13,344.31,233.64,161.05,510.38,0.94,-1,-1,-1
139,1,653.79,343.89,73.32,179.01,0.93,-1,-1,-1
139,14,-120.85,85.96,459.11,1246.79,0.66,-1,-1,-1
139,24,578.30,362.47,42.68,100.69,0.91,-1,-1,-1
139,25,612.68,357.62,39.00,103.26,0.83,-1,-1,-1
139,13,327.73,229.88,172.90,517.18,0.94,-1,-1,-1
140,1,652.21,345.95,73.10,177.50,0.93,-1,-1,-1
140,14,-131.95,127.80,409.77,1134.99,0.81,-1,-1,-1
140,24,577.20,363.16,42.54,101.54,0.91,-1,-1,-1
140,25,608.81,356.29,41.96,105.58,0.86,-1,-1,-1
140,13,312.21,224.29,178.75,531.49,0.92,-1,-1,-1
141,1,650.86,346.83,72.39,176.77,0.93,-1,-1,-1
141,24,575.70,362.78,43.07,102.72,0.91,-1,-1,-1
141,25,607.17,355.17,43.62,108.18,0.85,-1,-1,-1
141,13,299.68,219.99,184.78,545.47,0.93,-1,-1,-1
141,22,134.92,346.16,68.27,146.67,0.88,-1,-1,-1
142,1,649.87,347.36,72.14,176.99,0.94,-1,-1,-1
142,24,574.62,362.56,43.26,103.90,0.91,-1,-1,-1
142,25,605.16,355.42,44.84,108.26,0.86,-1,-1,-1
142,13,288.31,217.30,186.91,554.12,0.92,-1,-1,-1
142,22,135.43,346.13,67.67,146.60,0.86,-1,-1,-1
142,16,94.70,331.99,65.85,167.85,0.81,-1,-1,-1
143,1,649.87,347.37,71.44,177.84,0.94,-1,-1,-1
143,24,573.66,362.31,43.92,104.78,0.90,-1,-1,-1
143,25,603.84,355.24,45.28,109.13,0.88,-1,-1,-1
143,13,278.53,214.14,191.20,559.85,0.93,-1,-1,-1
143,22,135.02,345.34,67.97,146.72,0.89,-1,-1,-1
143,16,93.44,332.51,67.09,167.47,0.82,-1,-1,-1
144,1,649.65,347.48,69.96,178.18,0.94,-1,-1,-1
144,24,572.76,363.37,43.55,104.65,0.91,-1,-1,-1
144,25,602.52,355.61,45.41,108.83,0.87,-1,-1,-1
144,13,267.70,207.57,193.11,573.94,0.93,-1,-1,-1
144,22,137.41,344.67,65.55,147.85,0.56,-1,-1,-1
144,16,92.05,333.34,68.58,167.35,0.27,-1,-1,-1
145,1,647.52,347.11,71.24,176.08,0.94,-1,-1,-1
145,24,571.86,363.68,42.81,104.72,0.91,-1,-1,-1
145,25,602.65,355.96,44.84,108.52,0.87,-1,-1,-1
145,13,253.93,197.76,198.37,598.98,0.93,-1,-1,-1
145,22,141.74,344.31,61.87,146.93,0.87,-1,-1,-1
145,16,88.90,334.02,69.67,167.30,0.88,-1,-1,-1
146,1,645.57,346.04,72.29,174.66,0.94,-1,-1,-1
146,24,570.67,363.34,43.10,106.04,0.90,-1,-1,-1
146,25,602.46,356.26,43.98,109.08,0.86,-1,-1,-1
146,13,240.29,193.92,203.41,612.16,0.94,-1,-1,-1
146,22,142.24,344.02,61.34,152.74,0.88,-1,-1,-1
146,16,86.30,334.27,70.02,168.12,0.88,-1,-1,-1
147,1,644.63,345.46,72.71,174.65,0.94,-1,-1,-1
147,24,569.98,363.19,43.22,107.15,0.90,-1,-1,-1
147,25,602.47,356.21,43.04,110.34,0.86,-1,-1,-1
147,13,224.93,186.82,210.81,627.09,0.93,-1,-1,-1
147,22,140.73,343.60,66.12,156.69,0.87,-1,-1,-1
147,16,83.72,334.64,71.38,168.47,0.88,-1,-1,-1
147,26,544.05,361.35,17.10,44.55,0.71,-1,-1,-1
148,1,644.03,344.92,73.48,174.68,0.94,-1,-1,-1
148,24,568.86,362.54,43.87,109.04,0.90,-1,-1,-1
148,25,601.91,355.91,43.88,111.09,0.85,-1,-1,-1
148,13,205.42,180.55,221.20,648.07,0.93,-1,-1,-1
148,22,138.66,343.75,68.89,154.37,0.87,-1,-1,-1
148,16,82.50,334.65,72.20,168.74,0.89,-1,-1,-1
148,26,542.81,360.74,18.56,47.48,0.69,-1,-1,-1
149,1,644.16,344.86,72.56,175.12,0.94,-1,-1,-1
149,24,567.90,361.09,44.69,110.89,0.91,-1,-1,-1
149,25,601.45,356.23,44.76,111.76,0.87,-1,-1,-1
149,13,179.76,172.93,237.36,673.47,0.91,-1,-1,-1
149,22,139.75,344.85,63.10,154.14,0.88,-1,-1,-1
149,16,85.36,335.24,68.91,165.80,0.89,-1,-1,-1
149,26,541.87,360.48,18.83,49.07,0.72,-1,-1,-1
