0,1,584.55,333.67,79.20,197.77,0.94,-1,-1,-1
0,2,708.30,324.00,55.80,162.45,0.92,-1,-1,-1
0,3,308.47,341.77,58.95,154.57,0.91,-1,-1,-1
0,4,664.65,326.25,50.40,163.35,0.88,-1,-1,-1
1,1,582.99,333.89,80.80,200.06,0.94,-1,-1,-1
1,2,708.39,323.83,58.17,163.54,0.91,-1,-1,-1
1,3,308.29,341.59,58.59,153.32,0.91,-1,-1,-1
1,4,665.10,325.88,51.20,164.64,0.89,-1,-1,-1
2,1,580.95,333.90,82.50,203.31,0.94,-1,-1,-1
2,2,710.15,322.01,58.60,165.88,0.92,-1,-1,-1
2,3,307.98,341.01,58.90,152.61,0.90,-1,-1,-1
2,4,665.87,325.44,51.36,165.96,0.90,-1,-1,-1
2,5,643.95,349.87,19.80,51.75,0.70,-1,-1,-1
3,1,578.97,333.18,83.68,205.88,0.94,-1,-1,-1
3,2,710.99,320.02,60.05,168.20,0.91,-1,-1,-1
3,3,308.07,340.48,58.99,152.31,0.91,-1,-1,-1
3,4,666.07,325.08,51.39,166.41,0.90,-1,-1,-1
3,5,644.34,350.03,19.82,51.43,0.75,-1,-1,-1
4,1,576.43,331.12,85.99,208.81,0.94,-1,-1,-1
4,2,711.60,318.10,63.11,170.57,0.91,-1,-1,-1
4,3,307.57,340.31,60.01,150.94,0.91,-1,-1,-1
4,4,665.81,324.15,52.72,167.71,0.89,-1,-1,-1
4,5,644.79,350.05,19.13,51.04,0.70,-1,-1,-1
5,1,574.36,329.35,87.36,211.78,0.93,-1,-1,-1
5,2,712.41,316.58,64.13,172.26,0.92,-1,-1,-1
5,3,307.43,339.65,60.67,150.82,0.90,-1,-1,-1
5,4,666.67,323.09,52.51,168.91,0.90,-1,-1,-1
5,5,645.28,349.92,18.89,50.53,0.62,-1,-1,-1
6,1,571.76,326.82,89.66,214.95,0.93,-1,-1,-1
6,2,712.31,314.80,67.53,174.06,0.92,-1,-1,-1
6,3,306.49,338.57,61.20,150.37,0.90,-1,-1,-1
6,4,666.28,320.31,53.67,172.00,0.89,-1,-1,-1
6,5,645.01,350.00,18.84,50.38,0.63,-1,-1,-1
7,1,571.52,324.47,89.23,218.37,0.93,-1,-1,-1
7,2,712.84,314.27,69.33,175.48,0.93,-1,-1,-1
7,3,306.13,338.15,60.75,150.33,0.90,-1,-1,-1
7,4,665.52,318.17,54.70,174.54,0.90,-1,-1,-1
7,5,645.26,350.07,18.83,50.00,0.65,-1,-1,-1
8,1,566.57,322.25,92.57,222.01,0.94,-1,-1,-1
8,2,713.54,313.84,70.48,178.88,0.94,-1,-1,-1
8,3,305.44,338.18,60.51,149.29,0.92,-1,-1,-1
8,4,662.12,315.59,58.64,177.74,0.90,-1,-1,-1
8,5,645.90,351.34,18.18,48.29,0.75,-1,-1,-1
8,6,661.05,352.57,17.10,50.40,0.71,-1,-1,-1
9,1,564.16,321.49,92.39,224.01,0.95,-1,-1,-1
9,2,713.70,314.45,72.50,181.10,0.94,-1,-1,-1
9,3,304.63,338.69,60.31,150.00,0.92,-1,-1,-1
9,4,661.08,314.75,59.95,180.20,0.88,-1,-1,-1
9,5,646.69,351.31,17.94,48.99,0.78,-1,-1,-1
9,6,661.34,352.24,17.09,51.17,0.73,-1,-1,-1
10,1,560.45,320.97,93.70,226.50,0.94,-1,-1,-1
10,2,714.14,314.26,73.42,183.15,0.93,-1,-1,-1
10,3,303.83,339.33,60.09,150.83,0.93,-1,-1,-1
10,4,660.81,314.09,60.62,182.96,0.89,-1,-1,-1
10,5,647.07,351.39,17.91,49.23,0.75,-1,-1,-1
10,6,661.47,352.41,17.12,50.98,0.63,-1,-1,-1
11,1,556.90,321.23,94.09,231.03,0.94,-1,-1,-1
11,2,713.91,314.99,74.24,184.54,0.93,-1,-1,-1
11,3,302.73,340.19,59.96,151.84,0.92,-1,-1,-1
11,4,662.11,315.21,59.59,183.73,0.91,-1,-1,-1
11,5,647.08,352.32,17.90,48.74,0.71,-1,-1,-1
11,6,661.43,353.23,17.11,50.90,0.57,-1,-1,-1
11,7,408.15,346.27,22.50,67.50,0.74,-1,-1,-1
12,1,553.52,321.80,92.98,238.15,0.93,-1,-1,-1
12,2,713.16,314.98,75.67,188.85,0.93,-1,-1,-1
12,3,301.10,341.83,60.51,151.46,0.92,-1,-1,-1
12,4,661.10,315.38,60.33,187.51,0.90,-1,-1,-1
12,5,647.33,352.62,17.91,48.26,0.70,-1,-1,-1
12,6,662.07,353.10,15.75,50.20,0.60,-1,-1,-1
12,7,407.75,348.01,21.79,66.15,0.72,-1,-1,-1
12,8,522.45,351.45,21.60,57.60,0.71,-1,-1,-1
13,1,548.83,324.97,93.71,240.13,0.94,-1,-1,-1
13,2,712.33,315.25,77.35,191.58,0.93,-1,-1,-1
13,3,299.87,342.44,60.72,152.80,0.91,-1,-1,-1
13,4,661.68,316.62,59.41,189.14,0.91,-1,-1,-1
13,5,648.09,352.52,17.31,48.09,0.73,-1,-1,-1
13,6,662.68,352.84,15.99,50.95,0.52,-1,-1,-1
13,7,406.96,347.50,20.96,67.29,0.71,-1,-1,-1
13,8,522.22,351.77,22.34,57.31,0.61,-1,-1,-1
14,1,546.01,326.93,92.18,243.53,0.94,-1,-1,-1
14,2,711.71,315.76,79.12,193.24,0.93,-1,-1,-1
14,3,299.20,343.09,59.89,152.53,0.91,-1,-1,-1
14,4,661.65,317.82,59.62,190.40,0.91,-1,-1,-1
14,5,649.00,352.11,17.10,48.34,0.76,-1,-1,-1
14,6,662.55,353.18,16.07,50.57,0.39,-1,-1,-1
14,7,407.48,348.12,19.60,60.98,0.61,-1,-1,-1
14,8,522.47,351.67,21.80,57.96,0.68,-1,-1,-1
14,9,491.40,349.42,22.50,66.15,0.72,-1,-1,-1
15,1,541.46,327.23,94.54,248.70,0.93,-1,-1,-1
15,2,711.77,315.67,80.92,195.58,0.94,-1,-1,-1
15,3,297.76,343.58,59.87,148.23,0.89,-1,-1,-1
15,4,649.12,318.03,71.01,196.11,0.86,-1,-1,-1
15,5,649.31,352.09,17.64,48.14,0.57,-1,-1,-1
15,7,406.82,348.84,18.88,55.38,0.16,-1,-1,-1
15,8,522.34,351.55,23.01,59.54,0.51,-1,-1,-1
15,9,489.33,350.08,23.96,65.15,0.75,-1,-1,-1
16,1,538.10,327.71,95.98,254.75,0.92,-1,-1,-1
16,2,711.47,314.82,81.55,197.66,0.94,-1,-1,-1
16,3,296.76,343.84,59.56,147.32,0.90,-1,-1,-1
16,4,647.62,318.15,71.78,198.04,0.88,-1,-1,-1
16,5,649.40,352.60,17.24,47.46,0.43,-1,-1,-1
16,7,406.69,349.34,19.39,51.81,0.35,-1,-1,-1
16,8,522.99,351.61,22.73,59.66,0.49,-1,-1,-1
16,9,487.86,350.18,24.92,64.95,0.75,-1,-1,-1
17,1,532.77,328.40,100.09,259.27,0.92,-1,-1,-1
17,2,710.02,313.85,82.35,200.06,0.94,-1,-1,-1
17,3,294.84,343.65,59.76,146.99,0.89,-1,-1,-1
17,4,646.32,317.98,70.85,200.82,0.89,-1,-1,-1
17,5,648.90,352.29,17.10,48.17,0.16,-1,-1,-1
17,7,405.81,348.55,20.22,60.18,0.50,-1,-1,-1
17,8,523.29,352.40,21.96,56.78,0.46,-1,-1,-1
17,9,488.23,352.05,23.89,63.48,0.74,-1,-1,-1
18,1,529.29,327.80,100.98,265.97,0.91,-1,-1,-1
18,2,708.96,312.33,83.14,202.81,0.94,-1,-1,-1
18,3,294.09,343.29,59.21,146.49,0.89,-1,-1,-1
18,4,648.09,317.63,67.41,202.25,0.92,-1,-1,-1
18,7,406.26,348.31,20.19,61.35,0.44,-1,-1,-1
18,8,523.93,352.68,21.03,56.34,0.47,-1,-1,-1
18,9,488.39,353.14,23.49,62.98,0.70,-1,-1,-1
18,10,599.85,349.42,29.70,81.00,0.76,-1,-1,-1
19,1,524.30,327.69,100.59,270.66,0.90,-1,-1,-1
19,2,707.94,310.43,83.33,205.76,0.94,-1,-1,-1
19,3,292.95,342.46,58.35,147.62,0.89,-1,-1,-1
19,4,644.97,316.92,68.95,206.29,0.92,-1,-1,-1
19,8,524.50,352.70,20.70,55.55,0.47,-1,-1,-1
19,9,491.15,355.49,20.72,59.53,0.64,-1,-1,-1
19,10,597.81,349.18,28.98,84.68,0.71,-1,-1,-1
20,1,518.68,326.30,100.54,272.42,0.91,-1,-1,-1
20,2,707.95,307.57,82.28,209.10,0.94,-1,-1,-1
20,3,291.86,341.93,58.42,148.26,0.89,-1,-1,-1
20,4,643.32,315.26,69.59,209.02,0.92,-1,-1,-1
20,8,524.70,352.40,20.00,58.12,0.47,-1,-1,-1
20,9,491.76,356.28,20.51,59.41,0.66,-1,-1,-1
20,10,598.45,349.54,27.47,83.72,0.75,-1,-1,-1
21,1,511.45,323.44,98.07,278.77,0.92,-1,-1,-1
21,2,707.15,305.64,82.39,212.01,0.94,-1,-1,-1
21,3,291.05,341.58,57.83,148.03,0.87,-1,-1,-1
21,4,641.35,314.22,69.78,211.55,0.92,-1,-1,-1
21,8,526.10,353.36,17.86,52.06,0.12,-1,-1,-1
21,9,491.38,356.18,21.10,58.77,0.66,-1,-1,-1
21,10,597.40,349.32,29.13,82.95,0.75,-1,-1,-1
22,1,508.83,320.58,91.67,284.00,0.92,-1,-1,-1
22,2,707.10,305.24,80.61,213.92,0.94,-1,-1,-1
22,3,289.54,341.46,57.91,147.04,0.88,-1,-1,-1
22,4,641.20,312.80,68.61,214.04,0.92,-1,-1,-1
22,9,491.50,356.57,20.69,58.59,0.69,-1,-1,-1
22,10,596.72,349.57,32.29,82.38,0.73,-1,-1,-1
23,1,493.31,317.81,101.52,289.95,0.93,-1,-1,-1
23,2,706.47,304.86,80.49,217.23,0.95,-1,-1,-1
23,3,288.04,341.59,57.95,146.25,0.86,-1,-1,-1
23,4,640.89,310.98,67.53,217.44,0.93,-1,-1,-1
23,9,491.47,357.00,19.94,58.26,0.58,-1,-1,-1
23,10,597.07,349.01,32.74,83.22,0.80,-1,-1,-1
24,1,483.51,315.29,106.02,293.90,0.93,-1,-1,-1
24,2,705.65,304.05,79.79,221.53,0.94,-1,-1,-1
24,3,286.29,341.31,57.95,148.39,0.86,-1,-1,-1
24,4,633.93,308.90,73.66,220.99,0.91,-1,-1,-1
24,9,489.22,355.59,20.95,59.11,0.70,-1,-1,-1
24,10,596.01,348.68,34.06,83.85,0.81,-1,-1,-1
25,1,473.76,312.47,110.74,299.83,0.91,-1,-1,-1
25,2,704.81,303.19,79.54,226.04,0.94,-1,-1,-1
25,3,284.80,341.28,57.99,148.61,0.86,-1,-1,-1
25,4,629.42,307.54,75.93,223.77,0.92,-1,-1,-1
25,9,490.89,356.29,18.89,58.54,0.28,-1,-1,-1
25,10,595.37,348.88,34.53,83.45,0.82,-1,-1,-1
26,1,463.46,311.05,116.52,306.08,0.93,-1,-1,-1
26,2,703.50,303.28,79.38,229.34,0.94,-1,-1,-1
26,3,283.44,341.45,57.67,148.49,0.86,-1,-1,-1
26,4,627.03,306.53,76.14,226.13,0.93,-1,-1,-1
26,9,490.58,356.73,20.65,59.54,0.15,-1,-1,-1
26,10,594.77,348.55,34.63,83.90,0.82,-1,-1,-1
27,1,463.01,310.57,112.39,317.83,0.90,-1,-1,-1
27,2,702.42,302.84,79.91,233.52,0.94,-1,-1,-1
27,3,281.80,341.88,57.56,148.79,0.86,-1,-1,-1
27,4,625.00,305.66,76.77,229.36,0.94,-1,-1,-1
27,10,593.93,348.50,34.63,84.71,0.80,-1,-1,-1
27,11,554.40,348.97,27.00,71.10,0.77,-1,-1,-1
27,12,545.85,339.97,24.30,72.00,0.70,-1,-1,-1
28,1,456.50,311.25,114.28,328.28,0.92,-1,-1,-1
28,2,701.11,302.17,81.39,238.29,0.94,-1,-1,-1
28,3,281.17,343.37,56.38,146.78,0.86,-1,-1,-1
28,4,621.85,305.28,77.64,233.63,0.94,-1,-1,-1
28,10,594.11,349.05,35.23,85.37,0.82,-1,-1,-1
28,11,552.49,348.90,30.63,75.54,0.79,-1,-1,-1
28,12,545.37,340.24,25.05,72.84,0.75,-1,-1,-1
29,1,451.80,312.83,114.87,335.37,0.92,-1,-1,-1
29,2,701.26,302.17,82.48,242.01,0.94,-1,-1,-1
29,3,281.37,345.23,56.21,149.50,0.87,-1,-1,-1
29,4,619.94,305.56,77.89,239.68,0.94,-1,-1,-1
29,10,594.32,349.76,34.81,84.63,0.81,-1,-1,-1
29,11,552.61,349.64,29.31,73.65,0.77,-1,-1,-1
29,12,545.80,340.71,25.19,72.30,0.74,-1,-1,-1
30,1,435.12,314.41,128.01,345.42,0.93,-1,-1,-1
30,2,701.25,301.62,84.05,245.65,0.95,-1,-1,-1
30,3,280.53,346.36,56.76,148.86,0.86,-1,-1,-1
30,4,618.03,306.00,79.12,244.22,0.94,-1,-1,-1
30,10,594.03,350.18,33.41,84.64,0.77,-1,-1,-1
30,11,552.78,350.00,28.80,72.93,0.74,-1,-1,-1
30,12,546.39,340.97,24.52,72.41,0.72,-1,-1,-1
31,1,429.15,316.41,128.50,352.01,0.92,-1,-1,-1
31,2,701.62,301.66,85.23,248.06,0.95,-1,-1,-1
31,3,281.12,346.57,56.37,149.93,0.86,-1,-1,-1
31,4,617.45,307.00,78.96,246.40,0.94,-1,-1,-1
31,10,594.31,350.56,32.24,84.62,0.79,-1,-1,-1
31,11,551.91,349.85,28.67,71.71,0.78,-1,-1,-1
31,12,546.34,341.32,24.31,71.08,0.74,-1,-1,-1
32,1,418.40,318.40,133.66,361.43,0.93,-1,-1,-1
32,2,700.85,300.83,88.04,251.28,0.95,-1,-1,-1
32,3,281.37,346.80,55.94,147.54,0.85,-1,-1,-1
32,4,613.99,308.47,80.06,249.09,0.94,-1,-1,-1
32,10,594.66,351.17,33.02,84.34,0.81,-1,-1,-1
32,11,551.59,349.81,28.66,71.04,0.78,-1,-1,-1
32,12,546.26,341.77,24.91,70.33,0.72,-1,-1,-1
32,8,527.37,354.76,18.00,48.71,0.64,-1,-1,-1
33,1,403.55,318.12,144.15,371.73,0.94,-1,-1,-1
33,2,700.28,299.81,91.36,254.09,0.95,-1,-1,-1
33,3,281.64,346.79,55.75,146.14,0.85,-1,-1,-1
33,4,611.02,308.74,81.55,253.61,0.94,-1,-1,-1
33,10,594.82,350.92,32.67,85.11,0.79,-1,-1,-1
33,11,551.55,349.63,28.66,70.84,0.77,-1,-1,-1
33,12,546.60,341.92,24.47,69.77,0.73,-1,-1,-1
33,8,527.52,354.93,18.02,49.24,0.56,-1,-1,-1
34,1,391.62,318.48,148.79,385.29,0.92,-1,-1,-1
34,2,698.89,298.56,95.56,257.12,0.95,-1,-1,-1
34,3,281.69,346.68,55.41,143.07,0.87,-1,-1,-1
34,4,607.58,308.58,83.31,254.66,0.94,-1,-1,-1
34,10,594.86,350.84,32.54,85.70,0.78,-1,-1,-1
34,11,551.84,349.75,27.42,68.60,0.75,-1,-1,-1
34,12,546.70,342.15,24.32,68.01,0.70,-1,-1,-1
34,8,527.55,355.29,18.03,48.48,0.55,-1,-1,-1
35,1,377.92,318.14,154.53,393.89,0.92,-1,-1,-1
35,2,697.14,296.88,100.05,259.60,0.95,-1,-1,-1
35,3,281.89,346.28,55.28,144.95,0.87,-1,-1,-1
35,4,603.64,308.48,86.29,261.97,0.95,-1,-1,-1
35,10,594.83,350.15,31.28,85.91,0.57,-1,-1,-1
35,11,551.94,350.07,27.00,66.25,0.72,-1,-1,-1
35,12,547.33,342.33,23.65,65.83,0.65,-1,-1,-1
35,8,527.81,355.22,18.03,48.50,0.56,-1,-1,-1
36,1,363.66,315.59,160.44,403.43,0.92,-1,-1,-1
36,2,695.43,295.58,103.50,261.35,0.95,-1,-1,-1
36,3,281.73,345.44,55.25,146.57,0.87,-1,-1,-1
36,4,601.43,307.32,87.99,268.35,0.95,-1,-1,-1
36,10,594.92,349.80,30.80,86.29,0.56,-1,-1,-1
36,11,551.75,349.80,28.74,68.95,0.73,-1,-1,-1
36,12,547.32,342.16,25.29,67.31,0.67,-1,-1,-1
36,8,527.68,355.72,18.03,47.01,0.41,-1,-1,-1
37,1,348.60,311.19,166.47,411.62,0.93,-1,-1,-1
37,2,693.58,294.06,105.92,264.32,0.95,-1,-1,-1
37,3,281.28,344.72,54.93,146.77,0.87,-1,-1,-1
37,4,598.56,305.39,89.15,273.53,0.95,-1,-1,-1
37,10,594.58,349.34,30.62,87.63,0.45,-1,-1,-1
37,11,551.03,349.49,30.55,70.52,0.75,-1,-1,-1
37,12,547.25,342.04,25.85,67.55,0.69,-1,-1,-1
37,8,527.85,355.86,18.02,47.38,0.36,-1,-1,-1
37,9,481.26,354.79,25.11,65.63,0.68,-1,-1,-1
38,1,329.44,307.40,174.33,417.80,0.94,-1,-1,-1
38,2,691.40,292.53,108.55,269.93,0.95,-1,-1,-1
38,3,281.12,343.96,55.12,147.23,0.87,-1,-1,-1
38,4,595.80,302.50,90.15,278.48,0.95,-1,-1,-1
38,11,551.69,349.58,27.69,68.09,0.71,-1,-1,-1
38,12,547.87,341.29,26.07,69.47,0.71,-1,-1,-1
38,8,528.26,355.35,18.02,47.81,0.22,-1,-1,-1
38,9,480.69,354.59,25.29,64.92,0.66,-1,-1,-1
39,1,311.93,301.28,177.04,428.31,0.94,-1,-1,-1
39,2,688.77,289.96,111.25,278.57,0.95,-1,-1,-1
39,3,280.24,343.08,55.81,147.77,0.85,-1,-1,-1
39,4,592.68,298.95,92.25,284.03,0.95,-1,-1,-1
39,11,551.24,349.52,27.77,67.51,0.69,-1,-1,-1
39,12,547.97,341.05,25.54,69.32,0.72,-1,-1,-1
39,8,528.27,354.31,19.21,50.10,0.25,-1,-1,-1
39,9,479.44,353.80,25.93,65.89,0.67,-1,-1,-1
39,13,440.10,348.52,21.60,56.70,0.75,-1,-1,-1
39,14,460.35,347.62,27.90,72.45,0.72,-1,-1,-1
40,1,294.88,297.90,177.10,436.03,0.94,-1,-1,-1
40,2,686.12,288.33,111.10,284.16,0.95,-1,-1,-1
40,3,279.38,342.88,56.97,150.61,0.84,-1,-1,-1
40,4,589.62,296.08,93.62,290.47,0.94,-1,-1,-1
40,11,551.20,349.72,28.41,68.52,0.73,-1,-1,-1
40,12,548.13,341.19,25.34,67.74,0.69,-1,-1,-1
40,8,528.69,354.72,19.07,49.75,0.22,-1,-1,-1
40,9,479.72,353.73,26.18,66.22,0.66,-1,-1,-1
40,13,440.09,348.70,21.61,58.92,0.77,-1,-1,-1
40,14,460.00,348.34,27.20,71.44,0.65,-1,-1,-1
41,1,276.82,294.65,176.21,441.71,0.94,-1,-1,-1
41,2,683.74,289.33,112.20,289.31,0.94,-1,-1,-1
41,3,279.36,342.88,57.45,149.92,0.84,-1,-1,-1
41,4,587.13,293.83,92.43,294.03,0.95,-1,-1,-1
41,11,551.55,349.81,27.48,68.01,0.53,-1,-1,-1
41,12,548.84,340.95,25.28,68.98,0.47,-1,-1,-1
41,9,482.23,354.94,24.52,64.56,0.74,-1,-1,-1
41,13,440.05,349.10,21.63,59.70,0.81,-1,-1,-1
41,14,459.21,349.02,27.08,70.22,0.65,-1,-1,-1
42,1,257.37,291.84,172.85,450.99,0.92,-1,-1,-1
42,2,681.06,289.68,112.42,296.25,0.95,-1,-1,-1
42,3,279.22,343.47,55.48,147.31,0.79,-1,-1,-1
42,4,583.85,291.98,92.35,297.11,0.95,-1,-1,-1
42,12,549.30,341.29,26.43,73.06,0.60,-1,-1,-1
42,9,483.14,355.21,24.42,64.52,0.70,-1,-1,-1
42,13,440.16,349.45,21.61,59.96,0.80,-1,-1,-1
42,14,458.89,351.25,27.18,69.07,0.64,-1,-1,-1
43,1,237.54,290.42,174.42,473.96,0.91,-1,-1,-1
43,2,678.62,290.26,111.89,301.84,0.95,-1,-1,-1
43,3,278.01,342.84,58.38,151.70,0.20,-1,-1,-1
43,4,580.35,291.02,92.91,302.81,0.95,-1,-1,-1
43,12,549.79,341.57,25.68,71.06,0.60,-1,-1,-1
43,9,481.41,354.14,25.58,65.99,0.74,-1,-1,-1
43,13,440.46,349.55,21.09,59.99,0.81,-1,-1,-1
43,14,458.04,353.78,28.41,67.37,0.68,-1,-1,-1
44,1,214.11,290.35,182.46,497.16,0.90,-1,-1,-1
44,2,675.33,290.72,112.52,307.53,0.96,-1,-1,-1
44,4,577.03,289.77,92.81,308.68,0.95,-1,-1,-1
44,12,550.21,342.03,24.72,68.15,0.50,-1,-1,-1
44,9,481.60,354.32,24.77,65.66,0.68,-1,-1,-1
44,13,440.73,349.66,21.05,59.99,0.79,-1,-1,-1
44,14,457.12,353.61,29.40,67.54,0.64,-1,-1,-1
45,1,189.47,291.99,191.38,508.85,0.90,-1,-1,-1
45,2,672.09,289.54,114.22,316.48,0.96,-1,-1,-1
45,4,571.10,288.81,96.03,316.98,0.95,-1,-1,-1
45,12,552.79,342.44,21.39,58.54,0.26,-1,-1,-1
45,9,479.28,353.54,26.91,67.00,0.77,-1,-1,-1
45,13,440.96,349.44,21.26,59.97,0.78,-1,-1,-1
45,14,457.75,352.43,29.18,68.94,0.71,-1,-1,-1
45,15,410.17,346.95,25.20,69.75,0.77,-1,-1,-1
46,1,164.11,292.39,202.29,521.69,0.90,-1,-1,-1
46,2,668.64,288.24,116.00,322.62,0.96,-1,-1,-1
46,4,563.13,287.47,101.91,327.66,0.95,-1,-1,-1
46,12,553.16,342.30,21.42,60.06,0.46,-1,-1,-1
46,9,478.19,352.80,27.69,68.10,0.81,-1,-1,-1
46,13,441.56,349.54,21.18,59.34,0.80,-1,-1,-1
46,14,458.09,351.38,29.06,69.77,0.73,-1,-1,-1
46,15,410.96,347.50,24.14,68.42,0.70,-1,-1,-1
47,1,139.72,293.85,211.13,544.24,0.89,-1,-1,-1
47,2,665.10,286.03,118.40,328.89,0.96,-1,-1,-1
47,4,551.30,286.63,110.52,335.54,0.95,-1,-1,-1
47,12,553.70,341.24,21.43,61.74,0.18,-1,-1,-1
47,9,477.36,352.72,27.99,68.77,0.80,-1,-1,-1
47,13,441.94,349.34,21.46,59.70,0.74,-1,-1,-1
47,14,458.23,348.73,28.23,73.14,0.72,-1,-1,-1
47,15,411.69,347.73,23.58,67.81,0.60,-1,-1,-1
48,1,112.91,294.24,222.89,570.48,0.88,-1,-1,-1
48,2,661.52,283.50,120.86,335.13,0.96,-1,-1,-1
48,4,541.39,287.36,117.67,341.37,0.95,-1,-1,-1
48,12,553.91,341.12,22.03,65.70,0.25,-1,-1,-1
48,9,477.67,353.23,27.46,68.44,0.79,-1,-1,-1
48,13,442.72,349.18,20.93,59.84,0.76,-1,-1,-1
48,14,458.18,348.00,27.40,74.08,0.69,-1,-1,-1
48,15,412.18,347.49,23.37,68.27,0.66,-1,-1,-1
49,1,85.25,291.43,237.72,604.71,0.84,-1,-1,-1
49,2,656.96,280.71,124.77,340.85,0.96,-1,-1,-1
49,4,532.68,286.44,122.82,348.71,0.95,-1,-1,-1
49,12,554.24,340.73,24.68,71.89,0.21,-1,-1,-1
49,9,477.19,352.51,27.85,69.77,0.82,-1,-1,-1
49,13,443.26,349.11,21.05,59.88,0.74,-1,-1,-1
49,14,458.14,348.60,26.50,73.51,0.68,-1,-1,-1
49,15,414.91,346.54,22.31,68.08,0.51,-1,-1,-1
50,1,53.22,285.18,260.53,644.78,0.83,-1,-1,-1
50,2,652.36,276.95,128.61,346.75,0.96,-1,-1,-1
50,4,527.61,285.44,123.70,356.71,0.95,-1,-1,-1
50,9,476.98,352.50,28.00,69.68,0.81,-1,-1,-1
50,13,443.71,349.19,21.11,60.21,0.71,-1,-1,-1
50,14,458.71,351.68,24.94,70.26,0.63,-1,-1,-1
50,15,415.24,346.37,21.99,68.67,0.38,-1,-1,-1
50,7,395.77,349.62,22.50,74.25,0.67,-1,-1,-1
51,1,14.88,280.31,285.04,675.29,0.83,-1,-1,-1
51,2,647.79,272.99,132.56,353.22,0.96,-1,-1,-1
51,4,525.00,285.09,121.81,366.47,0.94,-1,-1,-1
51,9,477.33,352.39,27.50,69.89,0.79,-1,-1,-1
51,13,443.99,348.83,21.76,60.60,0.60,-1,-1,-1
51,14,458.88,350.91,24.58,70.81,0.54,-1,-1,-1
51,15,415.92,345.91,21.94,68.84,0.44,-1,-1,-1
51,7,396.51,350.86,22.25,71.60,0.57,-1,-1,-1
52,1,-24.40,274.88,310.11,690.73,0.75,-1,-1,-1
52,2,643.32,269.92,135.57,358.56,0.96,-1,-1,-1
52,4,522.93,283.19,118.37,377.60,0.94,-1,-1,-1
52,9,477.04,353.03,27.24,69.05,0.78,-1,-1,-1
52,13,444.55,348.31,21.68,60.44,0.57,-1,-1,-1
52,14,459.13,350.85,24.43,70.70,0.60,-1,-1,-1
52,15,416.18,345.51,22.23,69.20,0.55,-1,-1,-1
52,7,396.52,351.48,22.44,69.16,0.64,-1,-1,-1
53,1,-44.02,263.31,311.17,718.42,0.79,-1,-1,-1
53,2,638.74,266.21,138.33,371.11,0.96,-1,-1,-1
53,4,519.61,280.75,115.06,385.93,0.94,-1,-1,-1
53,9,476.85,352.24,27.13,69.64,0.83,-1,-1,-1
53,13,444.79,348.27,21.48,60.40,0.61,-1,-1,-1
53,14,458.82,349.48,24.68,71.89,0.65,-1,-1,-1
53,15,410.67,346.34,23.27,72.42,0.61,-1,-1,-1
53,7,395.64,350.47,23.10,70.74,0.77,-1,-1,-1
54,1,-71.41,250.24,313.10,740.98,0.78,-1,-1,-1
54,2,634.26,264.00,141.12,384.22,0.96,-1,-1,-1
54,4,516.27,277.85,113.79,395.33,0.94,-1,-1,-1
54,9,476.90,351.13,27.09,70.74,0.83,-1,-1,-1
54,13,445.58,348.18,21.41,60.37,0.66,-1,-1,-1
54,14,459.27,349.63,24.34,72.03,0.68,-1,-1,-1
54,15,408.50,346.54,22.74,73.90,0.59,-1,-1,-1
54,7,395.13,349.57,23.65,73.44,0.78,-1,-1,-1
55,1,-96.09,241.60,308.99,773.86,0.79,-1,-1,-1
55,2,629.10,261.39,144.65,397.61,0.96,-1,-1,-1
55,4,508.84,274.44,114.65,405.22,0.94,-1,-1,-1
55,9,476.58,350.30,27.10,71.45,0.80,-1,-1,-1
55,13,445.65,347.60,21.87,61.27,0.60,-1,-1,-1
55,14,458.77,350.63,24.87,71.49,0.61,-1,-1,-1
55,15,407.18,346.36,22.88,75.94,0.57,-1,-1,-1
55,7,394.86,348.38,23.88,76.56,0.78,-1,-1,-1
56,1,-134.54,233.73,309.99,798.70,0.52,-1,-1,-1
56,2,624.31,259.34,147.68,408.85,0.96,-1,-1,-1
56,4,500.62,270.32,117.91,414.48,0.94,-1,-1,-1
56,9,476.25,349.44,27.10,72.28,0.80,-1,-1,-1
56,13,445.90,347.57,21.89,61.58,0.58,-1,-1,-1
56,14,458.82,351.05,24.61,71.25,0.70,-1,-1,-1
56,15,406.98,346.49,22.63,76.66,0.61,-1,-1,-1
56,7,395.17,347.98,23.66,77.40,0.79,-1,-1,-1
57,1,-168.43,234.12,302.81,881.68,0.11,-1,-1,-1
57,2,619.28,257.83,150.45,421.80,0.96,-1,-1,-1
57,4,491.07,267.10,121.41,424.31,0.95,-1,-1,-1
57,9,476.02,348.60,26.48,73.48,0.62,-1,-1,-1
57,13,446.01,347.78,21.73,61.11,0.55,-1,-1,-1
57,14,457.97,351.42,25.57,71.17,0.60,-1,-1,-1
57,15,406.52,346.13,22.83,77.50,0.71,-1,-1,-1
57,7,394.72,347.74,23.86,78.01,0.82,-1,-1,-1
58,2,612.67,256.54,154.88,436.45,0.96,-1,-1,-1
58,4,479.84,263.37,126.76,433.67,0.95,-1,-1,-1
58,9,475.84,346.73,26.23,76.59,0.27,-1,-1,-1
58,13,445.64,347.77,21.66,60.92,0.48,-1,-1,-1
58,14,456.66,348.00,27.11,75.05,0.47,-1,-1,-1
58,15,406.13,346.19,22.29,76.90,0.74,-1,-1,-1
58,7,394.60,348.00,23.62,76.42,0.83,-1,-1,-1
59,2,606.81,254.29,159.33,452.25,0.96,-1,-1,-1
59,4,468.46,257.66,132.18,445.83,0.96,-1,-1,-1
59,13,445.82,347.65,21.62,60.86,0.39,-1,-1,-1
59,14,456.94,346.05,27.23,76.79,0.43,-1,-1,-1
59,15,405.91,346.24,22.08,76.93,0.73,-1,-1,-1
59,7,394.45,348.13,23.80,76.98,0.84,-1,-1,-1
60,2,600.23,252.19,164.62,468.43,0.96,-1,-1,-1
60,4,457.51,254.41,136.14,454.69,0.96,-1,-1,-1
60,13,446.18,347.84,21.93,60.81,0.50,-1,-1,-1
60,15,405.86,346.36,22.03,77.19,0.72,-1,-1,-1
60,7,394.26,348.14,23.90,77.45,0.84,-1,-1,-1
60,16,417.15,344.25,22.95,70.65,0.73,-1,-1,-1
61,2,593.30,248.73,171.21,478.51,0.96,-1,-1,-1
61,4,444.63,250.38,142.83,464.68,0.96,-1,-1,-1
61,15,405.61,346.44,22.62,77.54,0.69,-1,-1,-1
61,7,394.09,348.18,24.22,78.18,0.84,-1,-1,-1
61,16,416.74,344.15,22.98,71.47,0.67,-1,-1,-1
62,2,587.48,246.29,176.55,484.46,0.96,-1,-1,-1
62,4,431.94,247.00,148.21,479.54,0.96,-1,-1,-1
62,15,406.03,346.45,22.24,77.35,0.68,-1,-1,-1
62,7,394.23,348.49,24.04,78.45,0.84,-1,-1,-1
62,16,417.22,344.15,22.29,70.27,0.59,-1,-1,-1
63,2,581.03,242.08,182.56,491.77,0.96,-1,-1,-1
63,4,420.44,244.62,152.10,487.92,0.95,-1,-1,-1
63,15,405.79,346.01,22.40,79.05,0.74,-1,-1,-1
63,7,394.17,348.46,23.96,79.42,0.85,-1,-1,-1
63,16,418.39,344.46,19.55,65.55,0.22,-1,-1,-1
63,17,742.95,347.85,27.90,82.35,0.72,-1,-1,-1
64,2,573.94,237.27,189.91,502.77,0.96,-1,-1,-1
64,4,406.98,244.17,157.34,500.94,0.95,-1,-1,-1
64,7,393.59,349.13,24.21,75.61,0.33,-1,-1,-1
64,17,743.25,347.26,28.64,83.91,0.80,-1,-1,-1
65,2,566.15,231.53,196.77,510.28,0.96,-1,-1,-1
65,4,393.35,239.13,162.24,518.14,0.95,-1,-1,-1
65,17,742.95,347.49,29.49,83.54,0.80,-1,-1,-1
66,2,558.22,225.04,202.27,521.57,0.96,-1,-1,-1
66,4,380.04,234.81,166.98,536.84,0.95,-1,-1,-1
66,17,742.48,347.28,31.15,83.71,0.83,-1,-1,-1
67,2,549.56,219.38,206.46,536.33,0.95,-1,-1,-1
67,4,366.06,234.30,170.19,545.74,0.94,-1,-1,-1
67,17,741.05,347.13,34.27,84.09,0.85,-1,-1,-1
68,2,539.99,214.58,209.85,553.31,0.95,-1,-1,-1
68,4,352.68,233.89,174.54,552.80,0.95,-1,-1,-1
68,17,740.90,347.28,35.37,83.87,0.83,-1,-1,-1
69,2,530.26,209.40,211.55,576.24,0.95,-1,-1,-1
69,4,336.84,230.97,181.16,563.40,0.94,-1,-1,-1
69,17,740.76,347.42,35.68,83.78,0.84,-1,-1,-1
70,2,519.25,204.87,212.61,603.44,0.94,-1,-1,-1
70,4,320.60,224.79,184.92,578.76,0.93,-1,-1,-1
70,17,741.77,348.03,34.51,82.79,0.84,-1,-1,-1
71,2,507.70,202.70,215.27,624.68,0.93,-1,-1,-1
71,4,301.21,218.62,191.83,596.69,0.93,-1,-1,-1
71,17,741.49,348.44,34.61,82.80,0.86,-1,-1,-1
72,2,493.91,199.63,218.46,647.83,0.93,-1,-1,-1
72,4,280.28,213.21,199.87,620.83,0.92,-1,-1,-1
72,17,741.42,348.76,35.22,82.47,0.86,-1,-1,-1
72,9,470.14,349.53,27.91,78.00,0.64,-1,-1,-1
73,2,479.26,198.65,222.42,663.86,0.91,-1,-1,-1
73,4,253.67,205.80,213.06,660.16,0.91,-1,-1,-1
73,17,741.42,348.94,35.40,82.34,0.86,-1,-1,-1
73,9,469.34,350.38,27.32,77.29,0.45,-1,-1,-1
74,2,462.60,194.87,227.19,691.45,0.90,-1,-1,-1
74,4,221.73,197.67,227.04,694.92,0.89,-1,-1,-1
74,17,741.92,349.23,35.42,82.53,0.87,-1,-1,-1
74,9,464.92,349.40,25.90,78.24,0.34,-1,-1,-1
74,14,444.62,345.77,28.37,81.08,0.71,-1,-1,-1
75,2,442.69,182.55,234.46,747.89,0.90,-1,-1,-1
75,4,187.80,189.55,239.81,732.78,0.89,-1,-1,-1
75,17,741.81,349.64,35.44,83.30,0.86,-1,-1,-1
75,14,443.80,343.15,28.40,81.45,0.29,-1,-1,-1
75,18,685.35,356.85,18.00,48.15,0.71,-1,-1,-1
76,2,417.37,180.84,247.03,786.07,0.86,-1,-1,-1
76,4,144.70,180.23,262.29,773.68,0.87,-1,-1,-1
76,17,741.93,350.16,35.42,82.69,0.85,-1,-1,-1
76,18,685.49,358.29,18.03,47.15,0.76,-1,-1,-1
76,15,384.62,350.07,25.18,80.69,0.66,-1,-1,-1
77,2,388.27,174.60,262.89,828.15,0.87,-1,-1,-1
77,4,102.89,169.53,280.58,814.21,0.87,-1,-1,-1
77,17,742.06,349.99,35.40,83.06,0.85,-1,-1,-1
77,18,685.53,359.11,18.05,46.62,0.75,-1,-1,-1
77,15,383.99,353.39,25.91,78.09,0.40,-1,-1,-1
78,2,356.83,161.82,280.46,876.57,0.86,-1,-1,-1
78,4,49.01,158.24,306.96,855.34,0.84,-1,-1,-1
78,17,742.59,349.87,34.78,82.32,0.86,-1,-1,-1
78,18,684.85,358.90,18.74,46.76,0.75,-1,-1,-1
79,2,322.75,146.73,301.56,932.32,0.87,-1,-1,-1
79,4,2.21,144.47,325.81,905.31,0.84,-1,-1,-1
79,17,743.43,349.56,34.45,81.90,0.85,-1,-1,-1
79,18,685.35,358.88,18.92,46.75,0.74,-1,-1,-1
80,2,281.02,130.90,329.96,994.35,0.89,-1,-1,-1
80,4,-33.14,131.70,329.00,956.29,0.84,-1,-1,-1
80,17,743.55,348.70,34.37,82.77,0.87,-1,-1,-1
80,18,685.62,358.72,18.34,46.80,0.75,-1,-1,-1
81,2,234.08,103.75,363.87,1070.98,0.90,-1,-1,-1
81,4,-74.73,125.00,334.74,1005.40,0.85,-1,-1,-1
81,17,744.21,348.34,33.11,83.69,0.86,-1,-1,-1
81,18,685.76,358.46,18.11,46.49,0.76,-1,-1,-1
82,2,180.71,83.86,407.29,1136.24,0.88,-1,-1,-1
82,4,-140.32,92.40,358.11,1107.51,0.75,-1,-1,-1
82,17,744.51,348.61,32.64,83.99,0.86,-1,-1,-1
82,18,685.90,358.50,18.04,46.36,0.73,-1,-1,-1
83,2,120.33,65.41,455.34,1197.65,0.84,-1,-1,-1
83,4,-172.33,104.52,348.98,1111.32,0.66,-1,-1,-1
83,17,744.58,348.03,31.85,85.01,0.86,-1,-1,-1
83,18,686.54,359.06,17.38,45.70,0.75,-1,-1,-1
84,2,57.95,43.54,499.72,1263.72,0.85,-1,-1,-1
84,4,-228.06,102.25,341.19,1121.01,0.30,-1,-1,-1
84,17,745.00,348.01,30.98,84.77,0.87,-1,-1,-1
84,18,687.19,358.71,17.16,46.07,0.68,-1,-1,-1
85,2,-13.63,20.40,553.29,1332.36,0.82,-1,-1,-1
85,17,745.41,348.03,31.26,84.35,0.86,-1,-1,-1
85,18,687.40,358.43,17.08,46.51,0.72,-1,-1,-1
86,2,-67.87,-14.20,585.68,1409.81,0.77,-1,-1,-1
86,17,745.58,348.35,30.13,83.56,0.86,-1,-1,-1
86,18,687.52,358.63,17.04,46.35,0.76,-1,-1,-1
87,2,-148.25,-43.70,645.99,1474.77,0.61,-1,-1,-1
87,17,745.70,349.09,28.51,82.73,0.84,-1,-1,-1
87,18,687.59,358.41,17.65,46.64,0.74,-1,-1,-1
87,19,708.30,360.90,18.00,45.45,0.72,-1,-1,-1
87,9,451.21,349.16,30.79,86.38,0.73,-1,-1,-1
87,14,432.65,345.85,29.73,87.76,0.70,-1,-1,-1
88,2,-239.85,-87.33,710.51,1563.40,0.25,-1,-1,-1
88,17,745.98,349.58,27.32,82.11,0.85,-1,-1,-1
88,18,688.78,358.55,17.28,46.14,0.75,-1,-1,-1
88,19,708.79,359.48,18.75,46.95,0.70,-1,-1,-1
88,9,450.73,349.45,30.80,85.03,0.78,-1,-1,-1
88,14,430.99,344.90,29.44,88.22,0.63,-1,-1,-1
88,16,391.73,345.54,25.20,81.89,0.76,-1,-1,-1
88,15,374.37,348.01,27.92,84.57,0.86,-1,-1,-1
89,2,-289.03,-63.75,699.24,1549.95,0.15,-1,-1,-1
89,17,746.08,350.04,26.92,81.66,0.84,-1,-1,-1
89,18,689.19,358.87,17.14,45.69,0.77,-1,-1,-1
89,19,708.93,359.37,18.91,47.28,0.71,-1,-1,-1
89,9,450.53,349.60,30.66,83.74,0.76,-1,-1,-1
89,14,431.05,347.93,28.14,85.16,0.76,-1,-1,-1
89,16,391.17,345.31,25.62,82.22,0.79,-1,-1,-1
89,15,373.72,347.68,27.66,85.16,0.86,-1,-1,-1
89,20,282.15,350.10,49.95,127.35,0.85,-1,-1,-1
89,21,407.02,343.80,23.40,74.70,0.73,-1,-1,-1
90,17,746.31,350.38,25.56,81.22,0.85,-1,-1,-1
90,18,689.51,359.01,17.10,45.23,0.77,-1,-1,-1
90,19,709.17,358.98,18.94,47.70,0.68,-1,-1,-1
90,9,448.64,349.22,31.94,84.48,0.84,-1,-1,-1
90,14,429.51,345.30,27.66,87.94,0.81,-1,-1,-1
90,16,390.44,344.93,25.49,82.05,0.80,-1,-1,-1
90,15,372.98,347.86,27.29,84.80,0.86,-1,-1,-1
90,20,281.00,349.38,50.41,131.21,0.87,-1,-1,-1
90,21,405.95,343.24,23.45,75.21,0.76,-1,-1,-1
90,22,539.10,347.40,36.90,85.50,0.73,-1,-1,-1
91,17,746.65,350.04,25.08,81.62,0.85,-1,-1,-1
91,18,689.92,359.34,17.07,44.74,0.80,-1,-1,-1
91,19,709.24,358.96,19.60,47.80,0.69,-1,-1,-1
91,9,448.39,348.87,30.61,85.00,0.77,-1,-1,-1
91,14,428.53,342.93,27.46,90.69,0.83,-1,-1,-1
91,16,390.23,345.32,25.09,81.31,0.78,-1,-1,-1
91,15,372.63,347.72,27.10,84.89,0.85,-1,-1,-1
91,20,280.62,349.09,50.48,135.25,0.87,-1,-1,-1
91,21,405.59,343.18,23.45,75.66,0.77,-1,-1,-1
91,22,538.89,347.63,36.23,84.57,0.72,-1,-1,-1
92,17,746.48,350.02,25.57,81.20,0.85,-1,-1,-1
92,18,690.07,359.58,17.07,44.57,0.72,-1,-1,-1
92,19,709.28,358.76,19.83,47.82,0.66,-1,-1,-1
92,9,447.06,348.90,30.69,85.81,0.83,-1,-1,-1
92,14,426.91,341.31,27.41,92.34,0.85,-1,-1,-1
92,16,389.19,345.65,25.25,81.32,0.77,-1,-1,-1
92,15,371.83,348.01,27.06,84.93,0.83,-1,-1,-1
92,20,281.13,348.15,50.85,137.41,0.86,-1,-1,-1
92,21,404.60,343.16,23.79,76.11,0.77,-1,-1,-1
92,22,539.15,347.16,34.73,83.74,0.51,-1,-1,-1
92,23,764.10,354.15,22.50,68.85,0.78,-1,-1,-1
93,17,746.35,350.15,25.15,80.40,0.85,-1,-1,-1
93,18,690.39,359.95,17.07,44.49,0.75,-1,-1,-1
93,19,709.26,358.68,19.89,47.79,0.61,-1,-1,-1
93,9,445.20,347.58,31.30,87.55,0.84,-1,-1,-1
93,14,426.00,340.71,27.69,93.78,0.85,-1,-1,-1
93,16,388.95,346.08,24.69,80.36,0.74,-1,-1,-1
93,15,371.25,348.88,27.03,84.27,0.83,-1,-1,-1
93,20,281.22,348.18,51.60,139.22,0.86,-1,-1,-1
93,21,403.97,342.98,23.21,76.18,0.74,-1,-1,-1
93,22,539.40,347.15,32.02,81.56,0.37,-1,-1,-1
93,23,764.28,353.86,22.54,69.69,0.81,-1,-1,-1
94,17,746.31,350.53,25.02,80.12,0.85,-1,-1,-1
94,18,690.80,359.06,17.07,45.69,0.64,-1,-1,-1
94,19,710.50,359.17,19.28,47.47,0.53,-1,-1,-1
94,9,444.34,349.66,34.35,86.42,0.86,-1,-1,-1
94,14,424.29,340.54,28.11,94.32,0.86,-1,-1,-1
94,16,388.07,345.68,24.47,81.81,0.80,-1,-1,-1
94,15,370.86,347.46,26.72,85.83,0.86,-1,-1,-1
94,20,282.04,348.24,51.51,140.06,0.86,-1,-1,-1
94,21,403.46,342.96,23.34,76.19,0.80,-1,-1,-1
94,22,539.13,346.67,32.73,80.23,0.29,-1,-1,-1
94,23,764.71,354.54,22.55,69.54,0.82,-1,-1,-1
95,17,746.22,350.21,24.97,80.32,0.86,-1,-1,-1
95,18,690.89,357.82,17.67,47.03,0.57,-1,-1,-1
95,19,710.59,358.24,19.65,48.27,0.53,-1,-1,-1
95,9,442.88,350.10,35.75,86.54,0.86,-1,-1,-1
95,14,423.25,340.28,28.54,94.77,0.86,-1,-1,-1
95,16,387.19,345.31,24.67,82.62,0.81,-1,-1,-1
95,15,370.31,347.75,26.58,85.49,0.86,-1,-1,-1
95,20,282.40,348.19,51.11,138.33,0.87,-1,-1,-1
95,21,402.71,343.05,23.69,75.85,0.83,-1,-1,-1
95,22,538.72,347.32,32.94,78.51,0.46,-1,-1,-1
95,23,764.35,354.54,23.23,69.75,0.82,-1,-1,-1
96,17,745.83,351.36,25.58,79.20,0.84,-1,-1,-1
96,18,691.16,357.26,17.88,47.83,0.61,-1,-1,-1
96,19,711.18,359.19,19.17,47.34,0.59,-1,-1,-1
96,9,441.10,350.01,36.28,87.49,0.84,-1,-1,-1
96,14,421.48,340.54,29.30,94.91,0.86,-1,-1,-1
96,16,386.20,344.91,24.73,83.81,0.81,-1,-1,-1
96,15,369.61,348.22,25.92,85.04,0.87,-1,-1,-1
96,20,282.46,347.90,51.26,137.94,0.86,-1,-1,-1
96,21,401.79,343.12,24.12,75.72,0.78,-1,-1,-1
96,22,538.86,346.77,33.69,79.32,0.45,-1,-1,-1
96,23,763.84,354.90,23.43,69.81,0.83,-1,-1,-1
97,17,745.59,350.88,25.82,79.69,0.85,-1,-1,-1
97,18,691.16,356.92,17.97,48.13,0.65,-1,-1,-1
97,19,711.00,359.42,18.99,46.98,0.61,-1,-1,-1
97,9,439.76,350.63,35.60,87.22,0.84,-1,-1,-1
97,14,420.16,340.56,29.30,95.52,0.86,-1,-1,-1
97,16,384.87,344.53,25.07,84.24,0.81,-1,-1,-1
97,15,368.84,347.86,25.69,85.16,0.86,-1,-1,-1
97,20,282.10,347.12,51.02,135.88,0.87,-1,-1,-1
97,21,401.10,342.75,23.36,75.67,0.80,-1,-1,-1
97,22,538.21,346.33,33.98,80.58,0.62,-1,-1,-1
97,23,763.91,354.88,23.49,70.47,0.84,-1,-1,-1
98,17,745.02,349.94,26.52,80.45,0.86,-1,-1,-1
98,18,691.59,356.34,18.00,48.51,0.68,-1,-1,-1
98,19,711.06,357.66,18.92,48.66,0.54,-1,-1,-1
98,9,438.39,351.33,34.40,86.46,0.87,-1,-1,-1
98,14,418.65,340.32,29.29,96.27,0.87,-1,-1,-1
98,16,383.21,343.52,25.18,84.93,0.81,-1,-1,-1
98,15,367.98,347.77,25.91,85.44,0.87,-1,-1,-1
98,20,282.62,346.26,49.67,133.78,0.87,-1,-1,-1
98,21,400.57,342.49,23.69,75.60,0.82,-1,-1,-1
98,22,537.59,346.36,35.32,83.50,0.67,-1,-1,-1
98,23,764.04,354.38,23.49,70.97,0.84,-1,-1,-1
98,24,580.95,350.32,41.40,99.45,0.78,-1,-1,-1
99,17,744.73,349.39,26.79,81.09,0.86,-1,-1,-1
99,18,692.23,355.63,17.41,48.97,0.65,-1,-1,-1
99,19,710.98,357.72,18.89,48.70,0.56,-1,-1,-1
99,9,436.30,350.59,37.39,87.41,0.87,-1,-1,-1
99,14,415.75,339.98,31.08,96.88,0.87,-1,-1,-1
99,16,382.01,342.88,24.92,85.23,0.81,-1,-1,-1
99,15,366.33,347.48,26.60,85.59,0.86,-1,-1,-1
99,20,282.16,345.23,49.50,132.47,0.87,-1,-1,-1
99,21,399.67,342.14,23.19,75.32,0.79,-1,-1,-1
99,22,536.56,346.14,36.43,84.62,0.66,-1,-1,-1
99,23,764.34,354.16,23.48,71.18,0.85,-1,-1,-1
99,24,580.71,350.14,41.46,100.00,0.78,-1,-1,-1
100,17,743.77,348.75,28.09,81.93,0.86,-1,-1,-1
100,18,692.21,355.24,17.79,49.43,0.69,-1,-1,-1
100,19,710.69,357.32,19.49,49.00,0.67,-1,-1,-1
100,9,435.01,350.17,36.43,87.77,0.84,-1,-1,-1
100,14,414.32,340.32,30.86,96.79,0.86,-1,-1,-1
100,16,380.60,342.51,25.42,85.31,0.81,-1,-1,-1
100,15,365.35,347.98,26.25,85.04,0.84,-1,-1,-1
100,20,281.91,344.26,49.74,132.91,0.89,-1,-1,-1
100,21,398.67,341.73,22.70,75.82,0.75,-1,-1,-1
100,22,535.35,346.38,35.63,80.19,0.55,-1,-1,-1
100,23,764.48,354.10,24.09,71.24,0.83,-1,-1,-1
100,24,581.35,349.41,40.08,100.83,0.78,-1,-1,-1
101,17,743.38,348.48,28.57,81.93,0.87,-1,-1,-1
101,18,692.47,355.07,17.33,49.59,0.70,-1,-1,-1
101,19,710.55,356.10,19.71,50.30,0.68,-1,-1,-1
101,9,433.12,349.25,38.09,88.46,0.87,-1,-1,-1
101,14,412.67,339.71,30.75,97.30,0.87,-1,-1,-1
101,16,380.00,342.22,25.30,84.71,0.81,-1,-1,-1
101,15,364.46,347.12,26.12,85.70,0.85,-1,-1,-1
101,20,281.12,343.32,49.53,133.66,0.89,-1,-1,-1
101,21,397.92,341.42,21.90,75.69,0.78,-1,-1,-1
101,22,534.31,346.32,36.53,81.25,0.70,-1,-1,-1
101,23,764.50,354.51,24.30,70.62,0.83,-1,-1,-1
101,24,581.69,348.97,39.59,101.35,0.78,-1,-1,-1
102,17,743.52,348.76,28.15,81.61,0.86,-1,-1,-1
102,18,691.94,355.39,17.75,48.43,0.67,-1,-1,-1
102,19,710.49,356.02,19.78,50.77,0.65,-1,-1,-1
102,9,431.76,348.06,35.02,89.90,0.84,-1,-1,-1
102,14,410.97,339.85,30.69,96.85,0.85,-1,-1,-1
102,16,379.13,341.89,25.24,85.35,0.82,-1,-1,-1
102,15,363.17,347.01,26.37,85.62,0.86,-1,-1,-1
102,20,280.61,343.05,49.13,133.01,0.88,-1,-1,-1
102,21,396.67,341.38,21.92,74.10,0.68,-1,-1,-1
102,22,533.67,345.91,35.03,79.80,0.51,-1,-1,-1
102,23,764.78,354.44,24.36,70.97,0.84,-1,-1,-1
102,24,582.85,348.06,38.08,102.12,0.79,-1,-1,-1
103,17,743.61,349.13,27.38,80.89,0.85,-1,-1,-1
103,18,692.07,355.33,18.50,47.97,0.60,-1,-1,-1
103,19,710.49,356.11,19.80,50.94,0.66,-1,-1,-1
103,9,429.51,347.41,36.49,90.42,0.85,-1,-1,-1
103,14,409.21,340.15,30.95,96.05,0.83,-1,-1,-1
103,16,378.41,341.25,24.61,85.87,0.82,-1,-1,-1
103,15,362.30,346.46,26.45,85.58,0.87,-1,-1,-1
103,20,280.30,342.44,47.76,130.80,0.88,-1,-1,-1
103,21,394.89,341.16,21.93,73.21,0.53,-1,-1,-1
103,22,532.88,344.33,35.05,83.85,0.60,-1,-1,-1
103,23,764.61,355.13,24.37,70.49,0.86,-1,-1,-1
103,24,583.23,348.22,36.97,101.68,0.78,-1,-1,-1
104,17,743.73,349.17,27.11,80.95,0.85,-1,-1,-1
104,18,691.58,355.38,18.80,48.12,0.57,-1,-1,-1
104,19,709.95,356.52,19.82,50.71,0.53,-1,-1,-1
104,9,428.82,347.86,34.23,90.04,0.83,-1,-1,-1
104,14,406.91,342.48,31.97,93.35,0.74,-1,-1,-1
104,16,377.21,341.43,25.00,85.78,0.77,-1,-1,-1
104,15,360.88,346.22,27.11,85.89,0.85,-1,-1,-1
104,20,279.63,342.06,49.45,131.85,0.89,-1,-1,-1
104,21,394.07,340.72,21.96,72.00,0.28,-1,-1,-1
104,22,531.40,343.70,36.30,86.83,0.61,-1,-1,-1
104,23,764.62,354.52,24.98,71.55,0.84,-1,-1,-1
104,24,582.02,348.05,37.33,102.48,0.75,-1,-1,-1
105,17,743.44,349.04,27.63,80.97,0.85,-1,-1,-1
105,18,691.64,355.26,18.32,48.47,0.64,-1,-1,-1
105,19,710.01,356.68,19.24,50.00,0.50,-1,-1,-1
105,9,427.41,346.75,34.85,91.66,0.83,-1,-1,-1
105,14,403.39,340.99,32.36,95.05,0.80,-1,-1,-1
105,16,376.01,341.57,25.75,86.03,0.77,-1,-1,-1
105,15,359.45,346.04,27.37,86.00,0.85,-1,-1,-1
105,20,278.91,342.31,49.48,132.24,0.90,-1,-1,-1
105,21,393.31,340.77,21.68,70.34,0.39,-1,-1,-1
105,22,530.53,343.20,36.77,86.18,0.71,-1,-1,-1
105,23,764.59,354.75,24.62,71.33,0.84,-1,-1,-1
105,24,580.62,347.71,38.13,102.73,0.77,-1,-1,-1
106,17,743.35,349.02,27.20,80.88,0.85,-1,-1,-1
106,18,692.03,354.95,18.11,48.84,0.50,-1,-1,-1
106,19,709.48,356.17,19.60,50.87,0.48,-1,-1,-1
106,9,427.46,346.24,32.04,92.44,0.82,-1,-1,-1
106,14,400.60,338.72,33.06,97.65,0.80,-1,-1,-1
106,16,374.71,341.41,25.41,86.90,0.73,-1,-1,-1
106,15,358.98,346.95,27.14,85.33,0.83,-1,-1,-1
106,20,279.06,342.95,49.74,130.87,0.88,-1,-1,-1
106,21,393.04,340.10,22.48,73.65,0.40,-1,-1,-1
106,22,530.20,343.98,35.71,80.69,0.69,-1,-1,-1
106,23,765.16,354.54,24.45,71.75,0.84,-1,-1,-1
106,24,580.00,347.47,38.40,102.99,0.83,-1,-1,-1
107,17,743.05,349.19,27.64,80.56,0.85,-1,-1,-1
107,18,692.20,354.86,18.04,48.98,0.51,-1,-1,-1
107,19,709.62,356.76,19.73,50.60,0.47,-1,-1,-1
107,9,426.76,345.48,31.57,93.33,0.85,-1,-1,-1
107,14,398.40,337.44,33.61,99.52,0.82,-1,-1,-1
107,16,373.46,340.77,25.28,86.93,0.77,-1,-1,-1
107,15,358.35,347.31,26.75,85.09,0.84,-1,-1,-1
107,20,279.08,343.22,48.95,131.31,0.88,-1,-1,-1
107,21,392.50,339.88,22.77,75.74,0.50,-1,-1,-1
107,22,530.10,343.69,35.30,80.75,0.76,-1,-1,-1
107,23,765.11,354.19,24.98,72.22,0.84,-1,-1,-1
107,24,579.18,347.42,39.13,103.70,0.85,-1,-1,-1
108,17,743.36,349.00,27.82,80.54,0.84,-1,-1,-1
108,18,692.91,355.34,17.42,48.49,0.59,-1,-1,-1
108,19,709.44,356.45,19.20,51.44,0.46,-1,-1,-1
108,9,423.09,344.79,33.28,94.04,0.84,-1,-1,-1
108,14,394.98,338.90,37.67,99.43,0.83,-1,-1,-1
108,16,372.12,340.84,24.65,87.03,0.78,-1,-1,-1
108,15,357.37,345.95,26.02,87.20,0.85,-1,-1,-1
108,20,278.67,343.93,47.78,129.83,0.88,-1,-1,-1
108,21,391.29,339.36,23.79,79.59,0.50,-1,-1,-1
108,22,529.66,344.08,35.18,78.75,0.70,-1,-1,-1
108,23,765.81,355.62,25.19,71.27,0.85,-1,-1,-1
108,24,578.81,347.44,39.44,104.37,0.84,-1,-1,-1
109,17,743.22,349.07,28.49,79.89,0.85,-1,-1,-1
109,18,693.53,355.36,17.19,48.27,0.64,-1,-1,-1
109,19,709.13,356.47,19.60,51.72,0.58,-1,-1,-1
109,9,418.13,346.07,36.57,93.34,0.85,-1,-1,-1
109,14,390.95,337.59,41.74,101.10,0.89,-1,-1,-1
109,16,371.27,340.78,24.10,87.91,0.79,-1,-1,-1
109,15,356.81,344.61,25.75,89.13,0.85,-1,-1,-1
109,20,278.78,344.27,46.44,128.30,0.89,-1,-1,-1
109,21,388.42,342.03,25.65,81.89,0.32,-1,-1,-1
109,22,529.66,344.10,35.13,79.19,0.61,-1,-1,-1
109,23,766.40,355.53,25.27,71.77,0.86,-1,-1,-1
109,24,578.50,347.62,39.55,104.23,0.86,-1,-1,-1
110,17,743.48,348.93,28.75,79.99,0.85,-1,-1,-1
110,18,694.34,355.66,16.50,48.21,0.61,-1,-1,-1
110,19,709.31,358.86,19.15,49.46,0.69,-1,-1,-1
110,9,414.00,346.24,38.98,93.69,0.88,-1,-1,-1
110,14,386.29,337.81,45.63,102.65,0.89,-1,-1,-1
110,16,370.71,340.43,26.04,89.44,0.80,-1,-1,-1
110,15,355.14,343.64,26.57,90.48,0.84,-1,-1,-1
110,20,278.97,344.66,45.97,129.32,0.89,-1,-1,-1
110,21,386.79,342.59,24.34,82.51,0.10,-1,-1,-1
110,22,529.01,343.64,35.72,83.63,0.69,-1,-1,-1
110,23,766.64,355.34,26.49,72.58,0.86,-1,-1,-1
110,24,578.65,347.67,39.60,104.51,0.86,-1,-1,-1
111,17,744.79,348.98,27.65,80.33,0.86,-1,-1,-1
111,18,694.64,355.73,16.25,48.19,0.61,-1,-1,-1
111,19,709.40,360.19,18.98,47.66,0.73,-1,-1,-1
111,9,409.11,346.86,42.53,93.51,0.88,-1,-1,-1
111,14,383.33,337.71,48.04,103.52,0.89,-1,-1,-1
111,16,370.38,340.11,27.61,89.72,0.78,-1,-1,-1
111,15,354.25,343.96,26.87,90.38,0.84,-1,-1,-1
111,20,279.04,344.30,46.11,129.86,0.87,-1,-1,-1
111,21,384.84,343.20,23.48,83.01,0.16,-1,-1,-1
111,22,528.79,343.72,35.94,84.38,0.65,-1,-1,-1
111,23,767.33,355.06,26.94,73.18,0.86,-1,-1,-1
111,24,578.12,347.64,40.23,104.90,0.86,-1,-1,-1
112,17,744.95,348.37,28.43,81.02,0.86,-1,-1,-1
112,18,695.03,355.28,16.77,48.75,0.65,-1,-1,-1
112,19,709.72,360.64,18.31,47.28,0.63,-1,-1,-1
112,9,406.40,347.71,43.61,93.37,0.88,-1,-1,-1
112,14,381.68,338.59,48.69,103.46,0.90,-1,-1,-1
112,16,369.74,340.61,26.76,89.46,0.82,-1,-1,-1
112,15,353.38,344.87,26.98,89.98,0.87,-1,-1,-1
112,20,279.43,343.75,49.81,132.26,0.88,-1,-1,-1
112,21,383.86,343.89,22.85,80.46,0.17,-1,-1,-1
112,22,529.11,344.96,35.42,80.73,0.45,-1,-1,-1
112,23,767.84,354.17,27.69,74.55,0.86,-1,-1,-1
112,24,577.99,347.48,40.45,105.27,0.86,-1,-1,-1
113,17,745.65,348.10,28.12,81.61,0.86,-1,-1,-1
113,18,695.49,355.22,16.97,48.98,0.65,-1,-1,-1
113,19,709.55,359.53,18.68,48.99,0.63,-1,-1,-1
113,9,405.02,348.12,43.45,93.64,0.88,-1,-1,-1
113,14,381.15,338.27,48.04,104.34,0.90,-1,-1,-1
113,16,369.11,340.90,25.81,89.37,0.82,-1,-1,-1
113,15,351.93,344.86,27.62,90.13,0.87,-1,-1,-1
113,20,279.75,343.33,49.41,132.47,0.88,-1,-1,-1
113,22,529.50,345.69,34.62,76.60,0.38,-1,-1,-1
113,23,768.08,353.35,27.98,75.68,0.86,-1,-1,-1
113,24,577.93,347.37,40.54,105.73,0.86,-1,-1,-1
114,17,746.13,347.77,28.60,81.51,0.87,-1,-1,-1
114,18,695.88,353.93,17.65,50.24,0.57,-1,-1,-1
114,19,709.13,356.65,19.41,52.00,0.70,-1,-1,-1
114,9,404.45,348.22,43.04,94.30,0.85,-1,-1,-1
114,14,379.89,337.36,47.71,105.51,0.89,-1,-1,-1
114,16,368.78,340.66,25.44,89.90,0.82,-1,-1,-1
114,15,350.56,344.06,28.46,91.05,0.86,-1,-1,-1
114,20,280.51,342.82,48.03,134.60,0.86,-1,-1,-1
114,22,529.04,345.59,34.92,77.23,0.43,-1,-1,-1
114,23,768.95,353.25,28.07,75.78,0.86,-1,-1,-1
114,24,577.89,347.27,40.57,105.86,0.86,-1,-1,-1
115,17,746.41,347.82,28.78,81.20,0.87,-1,-1,-1
115,18,696.41,353.01,17.31,50.73,0.49,-1,-1,-1
115,19,709.37,356.01,19.69,52.56,0.69,-1,-1,-1
115,9,404.16,347.79,42.56,94.57,0.88,-1,-1,-1
115,14,378.89,336.41,46.97,106.86,0.89,-1,-1,-1
115,16,368.21,340.40,24.70,90.12,0.83,-1,-1,-1
115,15,349.75,344.35,28.48,90.52,0.87,-1,-1,-1
115,20,282.11,342.32,47.82,135.45,0.88,-1,-1,-1
115,22,528.92,345.69,35.04,76.28,0.38,-1,-1,-1
115,23,768.80,352.94,29.28,76.12,0.87,-1,-1,-1
115,24,578.53,347.38,39.98,105.93,0.86,-1,-1,-1
115,25,722.70,350.55,19.80,51.30,0.71,-1,-1,-1
115,26,679.05,352.35,18.90,47.25,0.71,-1,-1,-1
116,17,746.61,347.97,28.83,81.03,0.87,-1,-1,-1
116,18,696.43,354.13,17.17,49.39,0.45,-1,-1,-1
116,19,709.29,356.05,19.79,52.73,0.64,-1,-1,-1
116,9,402.97,347.78,42.03,94.30,0.89,-1,-1,-1
116,14,378.17,335.47,45.73,108.46,0.89,-1,-1,-1
116,16,367.77,340.17,25.63,90.42,0.78,-1,-1,-1
116,15,349.38,344.78,28.47,89.94,0.86,-1,-1,-1
116,20,283.08,341.70,47.12,135.22,0.87,-1,-1,-1
116,22,528.22,345.27,35.68,78.64,0.36,-1,-1,-1
116,23,769.70,352.50,29.72,76.79,0.87,-1,-1,-1
116,24,579.00,346.97,39.73,106.48,0.84,-1,-1,-1
116,25,723.97,350.55,19.11,51.37,0.65,-1,-1,-1
116,26,679.53,352.53,18.21,46.60,0.70,-1,-1,-1
117,17,746.81,347.85,28.86,81.00,0.88,-1,-1,-1
117,18,697.43,353.65,17.13,49.18,0.43,-1,-1,-1
117,19,709.68,356.19,19.83,52.50,0.69,-1,-1,-1
117,9,401.86,346.09,41.82,96.92,0.88,-1,-1,-1
117,14,377.24,336.57,44.93,107.30,0.89,-1,-1,-1
117,16,366.88,339.76,25.68,90.56,0.75,-1,-1,-1
117,15,349.11,344.61,28.17,90.35,0.87,-1,-1,-1
117,20,283.38,341.59,47.78,135.92,0.89,-1,-1,-1
117,22,527.73,344.78,36.52,81.93,0.52,-1,-1,-1
117,23,770.47,352.31,29.88,77.05,0.88,-1,-1,-1
117,24,579.54,346.79,39.66,106.71,0.84,-1,-1,-1
117,25,725.03,350.34,18.28,51.41,0.78,-1,-1,-1
117,26,679.72,352.19,18.08,46.84,0.73,-1,-1,-1
118,17,747.19,348.31,28.86,80.40,0.87,-1,-1,-1
118,18,698.70,354.27,17.11,48.51,0.38,-1,-1,-1
118,19,710.13,357.50,19.84,51.51,0.72,-1,-1,-1
118,9,401.17,345.33,41.12,97.90,0.89,-1,-1,-1
118,14,376.32,336.58,44.90,107.43,0.89,-1,-1,-1
118,16,366.07,340.82,25.99,90.31,0.39,-1,-1,-1
118,15,348.55,343.97,28.64,91.11,0.86,-1,-1,-1
118,20,283.29,341.42,48.93,135.74,0.90,-1,-1,-1
118,22,526.94,344.33,37.43,86.45,0.67,-1,-1,-1
118,23,770.77,352.30,31.70,77.44,0.87,-1,-1,-1
118,24,579.74,346.61,39.63,107.10,0.84,-1,-1,-1
118,25,725.94,350.66,17.99,51.03,0.77,-1,-1,-1
118,26,679.68,352.28,18.73,46.53,0.69,-1,-1,-1
118,27,426.60,342.45,21.60,67.50,0.72,-1,-1,-1
119,17,746.98,348.53,29.45,80.17,0.87,-1,-1,-1
119,18,699.42,354.39,17.10,48.26,0.48,-1,-1,-1
119,19,710.56,357.44,19.84,52.03,0.73,-1,-1,-1
119,9,400.51,344.89,40.52,98.26,0.89,-1,-1,-1
119,14,374.97,335.99,46.35,108.06,0.88,-1,-1,-1
119,16,366.21,340.02,25.80,91.41,0.47,-1,-1,-1
119,15,348.04,343.72,28.51,91.39,0.86,-1,-1,-1
119,20,283.05,341.05,50.83,135.96,0.91,-1,-1,-1
119,22,526.91,345.04,37.76,84.36,0.68,-1,-1,-1
119,23,771.14,352.19,31.79,77.88,0.87,-1,-1,-1
119,24,579.47,346.57,40.20,107.24,0.84,-1,-1,-1
119,25,726.82,350.78,17.23,50.90,0.77,-1,-1,-1
119,26,679.63,352.17,18.93,46.76,0.68,-1,-1,-1
119,27,426.35,342.24,21.27,67.98,0.77,-1,-1,-1
120,17,747.27,348.81,28.45,80.31,0.86,-1,-1,-1
120,18,699.19,354.34,17.68,48.72,0.48,-1,-1,-1
120,19,710.53,357.16,19.82,52.46,0.72,-1,-1,-1
120,9,398.22,344.84,39.05,98.86,0.87,-1,-1,-1
120,14,374.25,336.93,46.54,107.25,0.89,-1,-1,-1
120,16,365.58,339.38,25.40,91.41,0.70,-1,-1,-1
120,15,347.34,343.73,28.73,91.08,0.86,-1,-1,-1
120,20,283.83,341.33,54.75,135.29,0.91,-1,-1,-1
120,22,526.34,343.77,38.44,90.59,0.72,-1,-1,-1
120,23,770.70,351.92,32.94,78.53,0.86,-1,-1,-1
120,24,579.62,346.33,40.39,107.75,0.84,-1,-1,-1
120,25,726.88,351.51,17.68,50.15,0.75,-1,-1,-1
120,26,679.15,352.33,18.96,46.45,0.70,-1,-1,-1
120,27,426.00,342.08,21.21,68.74,0.82,-1,-1,-1
121,17,747.67,349.09,28.07,79.81,0.86,-1,-1,-1
121,18,698.76,354.20,17.90,48.92,0.48,-1,-1,-1
121,19,710.20,354.70,20.41,55.33,0.73,-1,-1,-1
121,9,395.88,344.20,38.80,99.42,0.85,-1,-1,-1
121,14,373.10,336.21,46.30,107.88,0.88,-1,-1,-1
121,16,364.56,338.65,24.95,91.45,0.66,-1,-1,-1
121,15,346.44,343.26,28.51,91.60,0.86,-1,-1,-1
121,20,283.01,341.09,60.58,135.70,0.93,-1,-1,-1
121,22,525.72,343.44,39.29,92.03,0.77,-1,-1,-1
121,23,771.11,351.99,32.79,78.51,0.86,-1,-1,-1
121,24,579.29,346.54,40.46,107.70,0.84,-1,-1,-1
121,25,727.19,351.28,17.84,50.57,0.78,-1,-1,-1
121,26,678.96,352.23,18.97,46.37,0.70,-1,-1,-1
121,27,425.89,341.65,20.46,68.97,0.79,-1,-1,-1
122,17,748.45,349.38,26.72,79.29,0.86,-1,-1,-1
122,18,698.63,355.38,17.98,47.18,0.55,-1,-1,-1
122,19,710.41,354.11,20.04,55.79,0.73,-1,-1,-1
122,9,394.31,343.46,38.71,101.36,0.86,-1,-1,-1
122,14,370.78,337.68,42.61,106.27,0.84,-1,-1,-1
122,16,363.59,338.64,25.39,90.82,0.55,-1,-1,-1
122,15,345.83,343.04,28.43,92.36,0.86,-1,-1,-1
122,20,282.74,340.23,64.83,137.60,0.93,-1,-1,-1
122,22,525.00,342.95,40.19,94.28,0.72,-1,-1,-1
122,23,772.17,351.91,32.71,78.76,0.86,-1,-1,-1
122,24,579.25,346.54,41.09,107.93,0.85,-1,-1,-1
122,25,727.00,351.05,18.54,50.40,0.77,-1,-1,-1
122,26,678.95,352.07,18.96,46.64,0.75,-1,-1,-1
122,27,425.33,341.24,20.24,68.65,0.81,-1,-1,-1
123,17,748.97,349.30,26.25,79.79,0.87,-1,-1,-1
123,18,698.48,355.66,18.63,46.56,0.51,-1,-1,-1
123,19,710.41,355.50,19.91,54.52,0.73,-1,-1,-1
123,9,392.96,342.16,41.44,103.65,0.88,-1,-1,-1
123,14,368.17,334.48,40.89,109.64,0.89,-1,-1,-1
123,16,362.39,339.09,25.59,90.35,0.45,-1,-1,-1
123,15,344.45,343.26,28.73,92.42,0.86,-1,-1,-1
123,20,281.83,340.36,67.73,138.28,0.93,-1,-1,-1
123,22,524.78,342.90,40.58,95.49,0.71,-1,-1,-1
123,23,773.44,351.55,32.11,79.50,0.88,-1,-1,-1
123,24,579.03,346.67,41.37,108.10,0.85,-1,-1,-1
123,25,727.44,350.62,18.20,50.38,0.77,-1,-1,-1
123,26,678.82,351.99,18.98,46.78,0.75,-1,-1,-1
123,27,424.47,341.60,20.53,68.24,0.83,-1,-1,-1
124,17,749.08,350.09,25.48,79.06,0.86,-1,-1,-1
124,18,699.23,355.68,18.87,46.34,0.53,-1,-1,-1
124,19,710.63,356.72,19.26,53.69,0.70,-1,-1,-1
124,9,389.67,342.19,44.20,104.49,0.86,-1,-1,-1
124,14,367.58,336.49,36.58,108.80,0.86,-1,-1,-1
124,16,361.04,339.18,25.36,90.46,0.53,-1,-1,-1
124,15,343.48,343.73,28.54,92.12,0.86,-1,-1,-1
124,20,281.44,340.79,68.84,138.50,0.92,-1,-1,-1
124,22,524.66,342.52,40.71,95.90,0.76,-1,-1,-1
124,23,773.82,351.80,32.45,79.46,0.87,-1,-1,-1
124,24,578.89,346.80,41.47,108.14,0.86,-1,-1,-1
124,25,727.51,350.83,18.68,49.76,0.72,-1,-1,-1
124,26,678.72,351.87,18.97,46.82,0.74,-1,-1,-1
124,27,424.02,341.96,20.63,68.08,0.82,-1,-1,-1
125,17,748.80,349.94,25.82,79.41,0.86,-1,-1,-1
125,18,701.58,354.94,17.77,46.27,0.35,-1,-1,-1
125,19,710.72,357.50,19.02,53.38,0.73,-1,-1,-1
125,9,387.82,342.67,44.98,105.97,0.89,-1,-1,-1
125,14,365.38,341.48,34.69,104.86,0.85,-1,-1,-1
125,16,358.85,338.47,25.58,92.02,0.72,-1,-1,-1
125,15,342.50,344.06,27.86,92.01,0.85,-1,-1,-1
125,20,280.49,340.07,68.94,140.39,0.93,-1,-1,-1
125,22,523.42,342.54,42.52,98.39,0.66,-1,-1,-1
125,23,775.16,351.76,32.57,80.34,0.85,-1,-1,-1
125,24,578.82,347.01,41.51,108.76,0.85,-1,-1,-1
125,25,726.92,350.92,19.46,49.23,0.76,-1,-1,-1
125,26,678.68,351.84,18.97,46.84,0.73,-1,-1,-1
125,27,423.24,341.62,20.99,68.97,0.82,-1,-1,-1
126,17,748.42,349.43,25.95,79.86,0.88,-1,-1,-1
126,18,701.58,355.10,17.34,46.56,0.40,-1,-1,-1
126,19,710.47,357.19,18.93,53.86,0.74,-1,-1,-1
126,9,385.42,342.85,44.38,106.51,0.88,-1,-1,-1
126,14,362.65,342.89,34.39,104.27,0.83,-1,-1,-1
126,16,357.78,337.90,26.55,93.20,0.64,-1,-1,-1
126,15,341.57,344.47,27.60,91.96,0.85,-1,-1,-1
126,20,280.69,341.72,67.75,139.75,0.92,-1,-1,-1
126,22,522.98,341.95,42.61,100.19,0.71,-1,-1,-1
126,23,775.68,351.60,32.60,80.96,0.86,-1,-1,-1
126,24,578.22,347.08,42.11,109.29,0.86,-1,-1,-1
126,25,727.02,350.94,19.16,49.05,0.79,-1,-1,-1
126,26,678.70,351.97,18.96,46.54,0.75,-1,-1,-1
126,27,422.38,342.10,21.12,68.98,0.81,-1,-1,-1
127,17,747.37,348.92,27.18,79.93,0.87,-1,-1,-1
127,18,701.02,355.90,17.15,46.32,0.51,-1,-1,-1
127,19,709.82,356.30,19.48,55.17,0.72,-1,-1,-1
127,9,383.22,344.25,41.97,106.25,0.87,-1,-1,-1
127,14,357.55,336.27,37.71,113.01,0.85,-1,-1,-1
127,16,356.68,337.98,27.77,94.12,0.19,-1,-1,-1
127,15,341.14,344.60,27.47,92.13,0.84,-1,-1,-1
127,20,282.51,343.24,65.36,138.42,0.91,-1,-1,-1
127,22,521.02,342.02,44.34,102.19,0.71,-1,-1,-1
127,23,775.81,351.53,31.96,81.38,0.87,-1,-1,-1
127,24,577.60,347.24,42.87,109.65,0.86,-1,-1,-1
127,25,727.07,351.54,19.00,48.32,0.78,-1,-1,-1
127,26,678.49,352.00,18.93,46.68,0.77,-1,-1,-1
127,27,421.88,342.42,20.83,68.59,0.81,-1,-1,-1
128,17,746.92,348.70,28.26,80.34,0.88,-1,-1,-1
128,18,700.99,355.87,17.10,45.98,0.54,-1,-1,-1
128,19,709.78,355.35,19.70,56.30,0.73,-1,-1,-1
128,9,381.01,343.54,40.14,108.02,0.88,-1,-1,-1
128,14,354.03,334.11,39.19,115.69,0.85,-1,-1,-1
128,16,354.69,337.21,31.18,97.53,0.21,-1,-1,-1
128,15,339.80,344.89,28.05,91.98,0.83,-1,-1,-1
128,20,285.38,343.74,62.64,136.84,0.88,-1,-1,-1
128,22,520.32,341.70,44.44,103.31,0.69,-1,-1,-1
128,23,775.80,351.63,31.73,81.60,0.88,-1,-1,-1
128,24,576.55,347.11,43.79,110.48,0.86,-1,-1,-1
128,25,727.61,352.34,18.36,47.50,0.78,-1,-1,-1
128,26,678.29,351.83,18.33,47.08,0.78,-1,-1,-1
128,27,421.05,342.33,20.74,69.11,0.80,-1,-1,-1
129,17,746.26,348.28,29.25,81.05,0.86,-1,-1,-1
129,18,700.80,355.51,17.08,46.14,0.56,-1,-1,-1
129,19,708.70,352.87,20.37,59.06,0.75,-1,-1,-1
129,9,379.23,344.31,41.29,108.29,0.87,-1,-1,-1
129,14,350.57,332.82,40.06,118.70,0.88,-1,-1,-1
129,15,338.03,344.99,29.15,92.17,0.78,-1,-1,-1
129,20,288.94,344.37,58.23,135.70,0.86,-1,-1,-1
129,22,520.89,342.01,44.42,102.73,0.68,-1,-1,-1
129,23,775.57,351.93,31.62,81.62,0.87,-1,-1,-1
129,24,576.07,347.33,44.11,110.42,0.86,-1,-1,-1
129,25,727.01,352.74,18.71,47.49,0.78,-1,-1,-1
129,26,678.08,352.03,18.70,46.90,0.78,-1,-1,-1
129,27,420.15,342.29,21.01,69.57,0.81,-1,-1,-1
130,17,745.69,348.30,29.62,81.04,0.86,-1,-1,-1
130,18,700.69,355.25,17.07,45.92,0.54,-1,-1,-1
130,19,707.97,351.67,20.62,60.11,0.79,-1,-1,-1
130,9,375.56,344.58,42.29,108.69,0.89,-1,-1,-1
130,14,349.26,332.89,39.19,118.66,0.88,-1,-1,-1
130,15,337.14,345.00,29.26,92.25,0.79,-1,-1,-1
130,20,293.07,344.71,53.14,134.41,0.85,-1,-1,-1
130,22,520.78,342.28,43.80,100.40,0.64,-1,-1,-1
130,23,775.45,351.63,31.57,82.23,0.88,-1,-1,-1
130,24,575.54,347.42,44.21,110.41,0.86,-1,-1,-1
130,25,727.07,352.76,18.24,47.52,0.79,-1,-1,-1
130,26,677.37,351.83,18.84,47.14,0.76,-1,-1,-1
130,27,419.33,341.81,20.80,70.35,0.72,-1,-1,-1
131,17,745.15,347.90,30.36,81.36,0.85,-1,-1,-1
131,18,700.89,355.35,16.47,45.86,0.43,-1,-1,-1
131,19,707.65,352.28,20.72,59.34,0.74,-1,-1,-1
131,9,372.10,343.39,42.98,110.34,0.87,-1,-1,-1
131,14,346.57,336.84,40.08,115.09,0.87,-1,-1,-1
131,15,336.03,346.40,28.72,91.12,0.79,-1,-1,-1
131,20,298.22,344.13,47.55,135.05,0.86,-1,-1,-1
131,22,520.02,341.68,43.56,101.00,0.50,-1,-1,-1
131,23,775.97,351.71,30.97,82.18,0.87,-1,-1,-1
131,24,574.94,346.90,44.85,111.34,0.86,-1,-1,-1
131,25,726.74,352.80,18.68,47.56,0.78,-1,-1,-1
131,26,677.35,352.10,18.29,46.95,0.72,-1,-1,-1
131,27,418.12,341.53,20.73,70.67,0.70,-1,-1,-1
132,17,744.72,348.08,31.19,80.84,0.85,-1,-1,-1
132,18,701.04,355.25,16.24,45.82,0.46,-1,-1,-1
132,19,707.62,351.97,20.74,59.28,0.76,-1,-1,-1
132,9,370.25,342.76,44.09,110.88,0.87,-1,-1,-1
132,14,344.29,334.75,41.56,118.11,0.88,-1,-1,-1
132,15,335.64,345.83,28.17,92.15,0.66,-1,-1,-1
132,20,301.02,343.25,46.90,135.53,0.85,-1,-1,-1
132,22,519.94,341.46,44.01,102.64,0.44,-1,-1,-1
132,23,776.81,352.97,30.70,80.91,0.85,-1,-1,-1
132,24,574.29,346.85,45.64,111.62,0.86,-1,-1,-1
132,25,726.39,352.37,18.82,47.86,0.79,-1,-1,-1
132,26,677.15,352.36,18.07,46.55,0.65,-1,-1,-1
132,27,417.79,341.40,20.08,70.14,0.29,-1,-1,-1
133,17,744.74,347.96,33.30,80.99,0.86,-1,-1,-1
133,18,702.15,354.13,15.56,48.25,0.32,-1,-1,-1
133,19,706.58,349.60,21.95,61.94,0.83,-1,-1,-1
133,9,367.65,341.21,43.66,112.60,0.87,-1,-1,-1
133,14,342.10,332.37,42.16,120.74,0.88,-1,-1,-1
133,15,335.31,341.90,27.70,96.17,0.57,-1,-1,-1
133,20,304.17,341.31,45.81,137.59,0.87,-1,-1,-1
133,22,518.78,341.07,44.81,104.77,0.55,-1,-1,-1
133,23,777.29,351.30,31.24,82.87,0.86,-1,-1,-1
133,24,574.13,345.77,45.97,112.97,0.86,-1,-1,-1
133,25,726.42,350.81,18.89,49.22,0.83,-1,-1,-1
133,26,676.30,351.84,18.62,46.12,0.56,-1,-1,-1
133,27,417.53,340.93,20.17,70.27,0.35,-1,-1,-1
134,17,744.70,348.84,33.47,79.73,0.84,-1,-1,-1
134,18,702.29,353.72,15.30,49.08,0.37,-1,-1,-1
134,19,705.92,349.32,22.38,62.26,0.83,-1,-1,-1
134,9,364.99,339.18,45.21,114.56,0.85,-1,-1,-1
134,14,340.39,331.07,42.03,121.85,0.88,-1,-1,-1
134,15,335.44,339.57,28.09,98.43,0.50,-1,-1,-1
134,20,306.20,341.05,44.81,138.19,0.87,-1,-1,-1
134,22,518.33,341.26,45.04,102.44,0.50,-1,-1,-1
134,23,777.70,350.68,31.40,83.47,0.87,-1,-1,-1
134,24,573.98,345.69,46.03,113.31,0.86,-1,-1,-1
134,25,725.83,350.54,18.89,49.06,0.84,-1,-1,-1
134,26,675.77,351.80,18.20,45.90,0.55,-1,-1,-1
134,27,417.12,340.63,20.18,70.82,0.45,-1,-1,-1
135,17,744.21,347.90,34.69,81.16,0.87,-1,-1,-1
135,18,701.76,352.91,16.44,50.63,0.41,-1,-1,-1
135,19,705.73,349.47,22.52,62.13,0.80,-1,-1,-1
135,9,361.57,337.88,44.59,115.99,0.88,-1,-1,-1
135,14,338.81,329.74,41.06,123.55,0.88,-1,-1,-1
135,20,305.88,340.56,46.69,138.55,0.88,-1,-1,-1
135,22,518.35,341.32,44.52,99.22,0.30,-1,-1,-1
135,23,778.25,349.97,31.45,84.68,0.88,-1,-1,-1
135,24,574.76,345.37,45.43,113.86,0.86,-1,-1,-1
135,25,725.08,350.37,19.49,49.06,0.85,-1,-1,-1
135,26,675.31,351.25,18.64,46.78,0.70,-1,-1,-1
135,27,415.71,340.46,20.78,71.09,0.58,-1,-1,-1
136,17,743.92,347.29,35.19,81.69,0.87,-1,-1,-1
136,18,702.03,352.51,16.87,50.93,0.45,-1,-1,-1
136,19,705.84,349.75,22.61,62.05,0.81,-1,-1,-1
136,9,359.10,337.20,43.81,117.09,0.87,-1,-1,-1
136,14,337.33,328.33,40.15,125.05,0.86,-1,-1,-1
136,20,306.84,339.90,46.24,139.89,0.88,-1,-1,-1
136,22,518.49,342.73,43.17,93.11,0.20,-1,-1,-1
136,23,778.93,349.72,31.53,85.13,0.87,-1,-1,-1
136,24,574.90,345.09,45.26,114.34,0.85,-1,-1,-1
136,25,724.98,350.21,19.74,49.06,0.85,-1,-1,-1
136,26,674.71,350.82,18.83,47.11,0.72,-1,-1,-1
136,27,414.70,340.77,21.04,70.89,0.61,-1,-1,-1
137,17,743.97,346.64,35.34,82.47,0.86,-1,-1,-1
137,18,701.69,353.87,17.03,48.64,0.25,-1,-1,-1
137,19,705.17,350.04,23.21,61.98,0.82,-1,-1,-1
137,9,356.31,337.51,43.16,116.85,0.87,-1,-1,-1
137,14,334.45,327.47,40.38,126.44,0.83,-1,-1,-1
137,20,307.25,339.75,47.90,140.36,0.88,-1,-1,-1
137,22,513.96,338.60,46.25,99.77,0.12,-1,-1,-1
137,23,779.02,349.37,31.52,86.15,0.87,-1,-1,-1
137,24,574.88,345.13,45.15,114.49,0.86,-1,-1,-1
137,25,725.11,349.87,19.82,49.65,0.85,-1,-1,-1
137,26,674.38,350.82,18.89,47.53,0.77,-1,-1,-1
137,27,413.72,340.70,21.42,71.09,0.70,-1,-1,-1
138,17,743.61,346.19,35.38,82.37,0.86,-1,-1,-1
138,18,701.81,354.05,17.09,47.99,0.31,-1,-1,-1
138,19,704.58,350.27,24.02,61.87,0.82,-1,-1,-1
138,9,354.13,339.11,42.32,115.69,0.84,-1,-1,-1
138,14,331.80,326.85,41.38,126.19,0.82,-1,-1,-1
138,20,306.93,340.12,50.03,140.37,0.90,-1,-1,-1
138,22,511.29,333.52,49.11,111.41,0.37,-1,-1,-1
138,23,779.21,350.05,31.53,85.83,0.86,-1,-1,-1
138,24,574.35,345.16,45.71,114.69,0.86,-1,-1,-1
138,25,725.39,349.69,19.25,49.82,0.84,-1,-1,-1
138,26,673.95,350.93,18.91,47.63,0.79,-1,-1,-1
138,27,413.00,340.61,21.28,71.68,0.74,-1,-1,-1
139,17,743.48,346.03,34.76,81.80,0.86,-1,-1,-1
139,19,702.87,349.61,24.89,62.75,0.84,-1,-1,-1
139,9,351.98,338.94,42.27,116.80,0.85,-1,-1,-1
139,14,328.85,326.88,43.80,127.33,0.70,-1,-1,-1
139,20,306.92,341.86,49.62,139.42,0.89,-1,-1,-1
139,22,510.70,334.65,47.86,108.76,0.20,-1,-1,-1
139,23,778.99,351.10,32.70,85.46,0.86,-1,-1,-1
139,24,574.05,345.10,45.88,115.60,0.85,-1,-1,-1
139,25,725.20,349.62,19.02,49.62,0.83,-1,-1,-1
139,26,673.45,351.10,18.90,47.70,0.79,-1,-1,-1
139,27,411.65,340.72,21.50,71.66,0.78,-1,-1,-1
140,17,743.39,346.51,35.13,81.29,0.84,-1,-1,-1
140,19,702.75,349.47,24.67,62.79,0.84,-1,-1,-1
140,9,348.38,339.23,42.00,117.21,0.88,-1,-1,-1
140,14,324.54,326.08,44.46,129.24,0.73,-1,-1,-1
140,20,306.21,343.33,50.12,138.93,0.89,-1,-1,-1
140,22,508.92,332.36,49.15,116.46,0.49,-1,-1,-1
140,23,778.85,351.12,33.17,85.91,0.86,-1,-1,-1
140,24,573.54,344.91,46.58,116.39,0.85,-1,-1,-1
140,25,725.36,349.69,18.95,49.55,0.84,-1,-1,-1
140,26,673.20,351.12,18.92,47.73,0.79,-1,-1,-1
140,27,410.87,340.79,21.31,71.95,0.80,-1,-1,-1
141,17,743.22,346.26,34.67,81.39,0.85,-1,-1,-1
141,19,702.29,349.30,24.55,63.08,0.84,-1,-1,-1
141,9,343.38,339.51,45.52,118.24,0.85,-1,-1,-1
141,14,311.02,325.20,51.49,148.59,0.87,-1,-1,-1
141,22,508.43,331.54,51.39,121.90,0.50,-1,-1,-1
141,23,778.64,351.15,33.35,86.37,0.86,-1,-1,-1
141,24,572.91,345.16,47.44,116.97,0.84,-1,-1,-1
141,25,724.98,349.59,18.92,49.83,0.84,-1,-1,-1
141,26,672.38,351.15,19.52,47.74,0.78,-1,-1,-1
141,27,409.72,341.28,21.53,71.76,0.73,-1,-1,-1
141,21,362.70,336.65,33.73,81.97,0.62,-1,-1,-1
142,17,742.88,346.32,34.48,82.07,0.85,-1,-1,-1
142,19,701.53,349.68,24.50,63.20,0.83,-1,-1,-1
142,9,338.79,339.13,47.68,120.14,0.85,-1,-1,-1
142,14,306.19,328.51,51.86,151.87,0.85,-1,-1,-1
142,22,506.73,331.22,54.57,126.65,0.55,-1,-1,-1
142,23,778.57,351.46,33.41,86.57,0.85,-1,-1,-1
142,24,572.03,345.08,48.35,117.97,0.82,-1,-1,-1
142,25,724.55,349.40,19.52,50.55,0.84,-1,-1,-1
142,26,672.07,351.45,19.16,47.46,0.76,-1,-1,-1
142,27,408.75,341.27,21.61,72.01,0.76,-1,-1,-1
142,21,362.01,336.80,32.75,84.95,0.47,-1,-1,-1
143,17,743.65,346.34,33.17,81.96,0.85,-1,-1,-1
143,19,701.28,350.72,23.86,62.28,0.82,-1,-1,-1
143,9,338.43,339.29,44.98,120.73,0.83,-1,-1,-1
143,14,305.35,326.63,51.32,155.66,0.86,-1,-1,-1
143,22,505.98,330.98,55.75,128.63,0.63,-1,-1,-1
143,23,779.09,352.16,32.21,85.96,0.84,-1,-1,-1
143,24,571.23,347.59,49.24,116.30,0.82,-1,-1,-1
143,25,724.38,349.62,19.13,50.48,0.81,-1,-1,-1
143,26,671.71,351.55,19.60,47.62,0.80,-1,-1,-1
143,27,407.91,341.42,21.62,72.34,0.83,-1,-1,-1
143,21,360.86,336.71,32.92,86.01,0.62,-1,-1,-1
144,17,743.91,346.16,31.45,82.22,0.85,-1,-1,-1
144,19,701.46,352.14,23.00,61.02,0.80,-1,-1,-1
144,9,336.48,340.38,45.68,119.74,0.81,-1,-1,-1
144,14,305.41,326.61,49.89,154.29,0.87,-1,-1,-1
144,22,505.09,331.04,56.18,129.60,0.66,-1,-1,-1
144,23,779.85,352.68,31.14,85.71,0.84,-1,-1,-1
144,24,569.99,347.00,50.16,117.75,0.84,-1,-1,-1
144,25,723.68,349.82,19.58,50.75,0.81,-1,-1,-1
144,26,671.24,351.55,19.17,47.68,0.80,-1,-1,-1
144,27,406.82,341.60,21.93,72.76,0.84,-1,-1,-1
144,21,360.70,336.96,31.79,83.02,0.77,-1,-1,-1
145,17,744.16,346.43,29.61,81.98,0.85,-1,-1,-1
145,19,701.71,353.63,22.69,59.61,0.80,-1,-1,-1
145,9,335.44,340.54,46.27,120.78,0.82,-1,-1,-1
145,14,297.34,327.08,51.72,141.50,0.83,-1,-1,-1
145,22,509.35,335.48,52.83,121.32,0.66,-1,-1,-1
145,23,779.96,352.28,31.98,86.50,0.84,-1,-1,-1
145,24,569.42,346.73,50.54,119.28,0.85,-1,-1,-1
145,25,724.47,349.93,19.17,50.83,0.81,-1,-1,-1
145,26,671.25,351.60,19.01,47.68,0.78,-1,-1,-1
145,27,406.04,341.82,21.77,72.89,0.82,-1,-1,-1
145,21,359.37,337.53,32.58,82.47,0.70,-1,-1,-1
145,15,311.29,338.33,45.95,140.82,0.85,-1,-1,-1
146,17,743.78,346.62,28.30,82.25,0.85,-1,-1,-1
146,19,701.63,353.64,22.56,59.74,0.77,-1,-1,-1
146,9,337.75,342.26,42.57,119.29,0.80,-1,-1,-1
146,14,288.16,327.00,57.32,136.69,0.89,-1,-1,-1
146,22,506.60,336.46,55.03,120.43,0.72,-1,-1,-1
146,23,779.23,350.90,32.86,88.33,0.85,-1,-1,-1
146,24,569.25,346.47,50.03,119.63,0.84,-1,-1,-1
146,25,724.30,350.36,18.99,50.29,0.80,-1,-1,-1
146,26,670.75,351.53,18.94,47.71,0.79,-1,-1,-1
146,27,404.40,341.66,22.27,73.28,0.82,-1,-1,-1
146,21,359.15,337.33,30.74,78.01,0.59,-1,-1,-1
146,15,310.86,340.42,45.97,140.59,0.88,-1,-1,-1
147,17,743.44,346.70,27.23,82.33,0.85,-1,-1,-1
147,19,700.51,353.19,23.12,60.38,0.78,-1,-1,-1
147,9,331.63,344.15,43.58,118.37,0.70,-1,-1,-1
147,14,278.92,327.33,65.40,137.32,0.88,-1,-1,-1
147,22,510.16,338.35,51.11,113.75,0.70,-1,-1,-1
147,23,778.74,350.67,34.38,88.99,0.86,-1,-1,-1
147,24,569.35,346.24,49.82,120.45,0.82,-1,-1,-1
147,25,723.74,350.82,19.53,50.07,0.79,-1,-1,-1
147,26,670.40,351.51,18.91,47.71,0.75,-1,-1,-1
147,27,403.83,341.79,21.87,73.10,0.83,-1,-1,-1
147,21,355.01,337.61,34.01,82.65,0.81,-1,-1,-1
147,15,309.91,341.34,49.29,140.29,0.83,-1,-1,-1
148,17,743.03,346.75,26.88,82.33,0.84,-1,-1,-1
148,19,700.13,353.18,23.32,60.30,0.79,-1,-1,-1
148,9,328.76,343.12,47.23,120.53,0.44,-1,-1,-1
148,14,271.70,327.70,71.39,137.18,0.89,-1,-1,-1
148,22,508.05,339.28,52.55,109.27,0.69,-1,-1,-1
148,23,778.86,351.34,34.37,88.60,0.85,-1,-1,-1
148,24,568.87,345.89,50.32,121.15,0.85,-1,-1,-1
148,25,723.56,350.72,19.73,49.97,0.83,-1,-1,-1
148,26,670.02,351.53,18.90,47.70,0.73,-1,-1,-1
148,27,403.48,341.90,21.71,73.00,0.80,-1,-1,-1
148,21,353.83,337.63,34.57,84.21,0.85,-1,-1,-1
148,15,307.46,340.74,54.78,140.90,0.84,-1,-1,-1
149,17,741.70,346.78,26.79,82.06,0.82,-1,-1,-1
149,19,700.05,353.19,22.81,60.29,0.78,-1,-1,-1
149,14,265.81,326.65,74.13,139.54,0.89,-1,-1,-1
149,22,507.00,339.00,53.07,110.74,0.72,-1,-1,-1
149,23,779.27,352.35,34.36,87.56,0.85,-1,-1,-1
149,24,569.89,345.62,49.33,121.58,0.87,-1,-1,-1
149,25,723.85,350.83,19.21,49.65,0.83,-1,-1,-1
149,26,669.93,351.39,18.30,47.70,0.67,-1,-1,-1
149,27,402.42,341.34,21.66,73.28,0.81,-1,-1,-1
149,21,352.76,337.80,34.19,85.14,0.78,-1,-1,-1
149,15,298.81,339.76,65.84,143.01,0.86,-1,-1,-1
