0,1,707.40,330.30,63.00,148.95,0.92,-1,-1,-1
0,2,270.90,343.80,40.05,113.85,0.90,-1,-1,-1
0,3,629.55,352.80,27.90,72.45,0.88,-1,-1,-1
0,4,660.60,362.92,23.40,62.55,0.87,-1,-1,-1
0,5,318.60,342.22,62.10,122.17,0.86,-1,-1,-1
0,6,607.50,361.57,21.60,53.55,0.83,-1,-1,-1
1,1,707.40,330.30,63.00,148.95,0.92,-1,-1,-1
1,2,270.90,343.80,40.05,113.85,0.90,-1,-1,-1
1,3,629.55,352.80,27.90,72.45,0.88,-1,-1,-1
1,4,660.60,362.93,23.40,62.55,0.87,-1,-1,-1
1,5,318.60,342.03,62.10,122.37,0.86,-1,-1,-1
1,6,607.50,361.58,21.60,53.55,0.83,-1,-1,-1
2,1,705.75,330.42,64.45,150.18,0.93,-1,-1,-1
2,2,269.28,344.57,40.78,113.63,0.90,-1,-1,-1
2,3,629.56,353.45,27.92,72.18,0.86,-1,-1,-1
2,4,660.64,363.07,24.12,62.97,0.87,-1,-1,-1
2,5,316.86,342.42,61.80,121.15,0.86,-1,-1,-1
2,6,607.48,361.71,21.62,54.32,0.82,-1,-1,-1
3,1,703.92,331.00,66.29,150.81,0.93,-1,-1,-1
3,2,266.58,343.43,41.36,116.72,0.90,-1,-1,-1
3,3,629.59,353.70,27.93,72.13,0.85,-1,-1,-1
3,4,661.37,363.33,25.71,62.79,0.88,-1,-1,-1
3,5,315.86,343.06,60.34,119.95,0.86,-1,-1,-1
3,6,607.15,362.31,20.94,53.90,0.72,-1,-1,-1
4,1,703.07,331.23,66.86,151.05,0.93,-1,-1,-1
4,2,265.02,343.82,41.20,116.99,0.89,-1,-1,-1
4,3,630.34,353.80,27.27,72.75,0.86,-1,-1,-1
4,4,661.69,362.94,26.23,63.02,0.88,-1,-1,-1
4,5,314.16,343.03,62.24,120.69,0.85,-1,-1,-1
4,6,607.13,362.37,20.72,53.71,0.79,-1,-1,-1
5,1,702.70,331.29,68.24,152.01,0.93,-1,-1,-1
5,2,263.52,343.61,41.42,118.42,0.88,-1,-1,-1
5,3,631.16,354.78,27.03,72.28,0.86,-1,-1,-1
5,4,661.68,362.47,26.35,63.07,0.88,-1,-1,-1
5,5,305.82,342.66,71.50,124.15,0.81,-1,-1,-1
5,6,606.72,362.68,20.64,53.29,0.74,-1,-1,-1
6,1,702.94,331.40,68.07,152.46,0.93,-1,-1,-1
6,2,262.03,344.46,41.17,116.98,0.90,-1,-1,-1
6,3,631.76,355.06,26.32,72.09,0.86,-1,-1,-1
6,4,662.30,361.93,26.37,63.38,0.89,-1,-1,-1
6,5,306.53,342.65,69.39,125.81,0.85,-1,-1,-1
6,6,606.61,362.73,20.63,53.14,0.70,-1,-1,-1
7,1,702.89,330.47,68.52,154.07,0.93,-1,-1,-1
7,2,259.76,344.40,41.36,117.28,0.91,-1,-1,-1
7,3,632.14,355.09,26.06,71.99,0.86,-1,-1,-1
7,4,662.66,361.54,26.32,63.77,0.89,-1,-1,-1
7,5,304.99,342.27,69.79,126.02,0.86,-1,-1,-1
7,6,606.78,362.21,20.62,53.38,0.68,-1,-1,-1
7,7,648.45,360.90,17.10,51.75,0.71,-1,-1,-1
8,1,703.45,329.99,68.76,154.79,0.93,-1,-1,-1
8,2,257.50,342.63,41.79,119.19,0.90,-1,-1,-1
8,3,632.72,355.00,26.02,72.04,0.86,-1,-1,-1
8,4,663.29,361.01,26.33,64.28,0.88,-1,-1,-1
8,5,302.00,341.46,71.50,127.42,0.87,-1,-1,-1
8,6,607.91,361.63,20.66,53.83,0.69,-1,-1,-1
8,7,648.56,360.55,17.12,51.84,0.70,-1,-1,-1
9,1,703.57,328.90,70.60,155.86,0.93,-1,-1,-1
9,2,255.35,342.12,41.92,119.66,0.92,-1,-1,-1
9,3,632.84,354.63,26.63,72.02,0.86,-1,-1,-1
9,4,662.82,360.51,26.91,65.04,0.88,-1,-1,-1
9,5,301.51,340.39,69.06,127.38,0.87,-1,-1,-1
9,6,608.26,361.40,20.66,53.97,0.69,-1,-1,-1
9,7,648.55,358.89,17.13,53.95,0.63,-1,-1,-1
10,1,703.78,327.99,70.54,156.69,0.93,-1,-1,-1
10,2,254.03,341.75,41.88,120.14,0.92,-1,-1,-1
10,3,632.19,354.38,27.42,71.63,0.87,-1,-1,-1
10,4,662.52,360.07,27.06,65.25,0.89,-1,-1,-1
10,5,300.37,339.52,68.23,127.67,0.89,-1,-1,-1
10,6,608.34,361.20,20.64,53.97,0.72,-1,-1,-1
10,7,648.09,357.66,17.80,55.61,0.65,-1,-1,-1
11,1,704.33,326.29,68.75,158.39,0.93,-1,-1,-1
11,2,252.17,342.31,42.82,120.34,0.92,-1,-1,-1
11,3,632.65,353.84,27.74,71.53,0.86,-1,-1,-1
11,4,663.13,360.09,26.54,65.04,0.89,-1,-1,-1
11,5,299.36,338.07,66.74,127.81,0.88,-1,-1,-1
11,6,608.16,360.70,21.26,54.30,0.74,-1,-1,-1
11,7,647.72,356.98,18.69,56.11,0.65,-1,-1,-1
12,1,704.91,325.41,68.09,158.82,0.94,-1,-1,-1
12,2,250.86,341.99,42.60,120.68,0.92,-1,-1,-1
12,3,633.78,352.95,27.29,72.10,0.86,-1,-1,-1
12,4,663.72,360.02,26.95,64.94,0.89,-1,-1,-1
12,5,299.29,337.14,64.38,125.85,0.87,-1,-1,-1
12,6,608.17,360.15,22.11,54.71,0.76,-1,-1,-1
12,7,647.97,357.36,19.00,55.23,0.67,-1,-1,-1
13,1,705.33,326.39,67.15,158.25,0.93,-1,-1,-1
13,2,248.00,340.69,43.96,121.72,0.91,-1,-1,-1
13,3,633.76,352.37,27.69,72.33,0.86,-1,-1,-1
13,4,663.81,360.23,27.06,64.92,0.89,-1,-1,-1
13,5,298.72,336.54,60.66,124.84,0.87,-1,-1,-1
13,6,607.43,360.14,22.40,54.28,0.79,-1,-1,-1
13,7,647.94,356.45,19.06,56.15,0.63,-1,-1,-1
14,1,705.84,326.13,63.80,158.89,0.92,-1,-1,-1
14,2,246.46,341.13,44.18,120.89,0.92,-1,-1,-1
14,3,633.20,351.82,29.05,72.71,0.87,-1,-1,-1
14,4,663.89,360.43,27.11,64.59,0.89,-1,-1,-1
14,5,298.19,336.37,57.77,123.23,0.87,-1,-1,-1
14,6,606.91,359.81,23.71,54.41,0.81,-1,-1,-1
14,7,648.30,355.02,19.07,57.07,0.67,-1,-1,-1
15,1,705.97,325.34,61.26,160.54,0.93,-1,-1,-1
15,2,245.03,340.86,43.62,121.70,0.91,-1,-1,-1
15,3,633.54,351.05,28.94,73.73,0.87,-1,-1,-1
15,4,664.45,360.53,25.90,64.14,0.89,-1,-1,-1
15,5,298.16,335.87,54.55,124.40,0.87,-1,-1,-1
15,6,606.68,360.01,24.18,54.73,0.80,-1,-1,-1
15,7,648.39,354.52,19.04,57.96,0.63,-1,-1,-1
16,1,706.17,325.18,57.88,161.86,0.93,-1,-1,-1
16,2,242.77,340.15,43.69,122.68,0.91,-1,-1,-1
16,3,633.77,350.88,28.89,73.87,0.87,-1,-1,-1
16,4,664.78,360.85,25.43,64.02,0.88,-1,-1,-1
16,5,298.91,336.00,52.19,124.33,0.87,-1,-1,-1
16,6,606.69,360.20,23.77,54.90,0.82,-1,-1,-1
16,7,648.84,354.18,19.02,58.31,0.62,-1,-1,-1
17,1,705.12,325.42,54.23,162.94,0.92,-1,-1,-1
17,2,240.33,339.93,44.03,123.82,0.91,-1,-1,-1
17,3,635.21,350.52,28.28,74.45,0.87,-1,-1,-1
17,4,664.75,360.66,25.26,64.22,0.89,-1,-1,-1
17,5,298.67,336.38,50.19,124.19,0.86,-1,-1,-1
17,6,606.59,360.14,23.00,54.91,0.81,-1,-1,-1
17,7,649.79,353.46,18.40,58.66,0.37,-1,-1,-1
18,1,704.21,325.12,51.74,164.45,0.92,-1,-1,-1
18,2,238.57,341.34,44.16,123.42,0.92,-1,-1,-1
18,3,636.40,350.45,28.05,75.00,0.88,-1,-1,-1
18,4,664.80,360.79,25.21,64.33,0.89,-1,-1,-1
18,5,297.72,336.40,48.94,126.17,0.86,-1,-1,-1
18,6,606.60,360.76,22.11,54.35,0.81,-1,-1,-1
18,7,650.81,352.06,18.16,58.80,0.44,-1,-1,-1
19,1,702.55,325.02,50.29,165.49,0.92,-1,-1,-1
19,2,236.65,342.02,44.47,124.51,0.91,-1,-1,-1
19,3,636.78,350.56,27.94,75.16,0.88,-1,-1,-1
19,4,665.34,360.68,25.18,64.33,0.88,-1,-1,-1
19,5,296.29,336.41,49.16,129.81,0.86,-1,-1,-1
19,6,606.26,360.68,21.76,54.70,0.79,-1,-1,-1
19,7,650.81,352.14,18.06,57.89,0.39,-1,-1,-1
20,1,701.43,325.04,49.27,166.34,0.93,-1,-1,-1
20,2,235.29,341.84,44.03,125.99,0.91,-1,-1,-1
20,3,637.85,350.99,27.33,74.94,0.88,-1,-1,-1
20,4,665.60,360.56,25.19,64.65,0.88,-1,-1,-1
20,5,294.19,336.56,49.94,131.66,0.87,-1,-1,-1
20,6,605.58,360.89,22.25,54.85,0.80,-1,-1,-1
20,7,651.16,352.28,17.43,57.23,0.49,-1,-1,-1
21,1,700.35,325.37,48.90,167.67,0.92,-1,-1,-1
21,2,232.87,341.39,44.38,128.02,0.90,-1,-1,-1
21,3,638.75,351.13,27.66,75.15,0.85,-1,-1,-1
21,4,665.59,360.65,25.76,64.48,0.88,-1,-1,-1
21,5,292.51,336.58,48.98,128.80,0.84,-1,-1,-1
21,6,604.64,360.47,23.01,55.50,0.81,-1,-1,-1
21,7,651.50,353.83,17.17,54.86,0.33,-1,-1,-1
22,1,698.11,325.62,50.08,168.67,0.93,-1,-1,-1
22,2,231.07,341.28,44.22,127.40,0.91,-1,-1,-1
22,3,639.65,351.46,27.80,74.90,0.84,-1,-1,-1
22,4,665.86,360.36,25.98,65.29,0.89,-1,-1,-1
22,5,292.16,336.49,48.08,128.82,0.85,-1,-1,-1
22,6,604.00,360.15,23.88,55.73,0.83,-1,-1,-1
22,7,650.98,354.28,17.70,53.32,0.21,-1,-1,-1
23,1,697.00,325.56,49.91,169.48,0.93,-1,-1,-1
23,2,227.80,341.17,45.86,128.31,0.92,-1,-1,-1
23,3,639.94,352.03,28.44,74.50,0.84,-1,-1,-1
23,4,666.23,360.24,26.06,65.30,0.89,-1,-1,-1
23,5,291.43,336.10,46.54,128.23,0.85,-1,-1,-1
23,6,603.73,360.30,24.21,55.52,0.79,-1,-1,-1
23,7,651.66,355.80,17.28,51.56,0.19,-1,-1,-1
23,8,626.85,353.70,25.20,62.55,0.71,-1,-1,-1
24,1,696.06,325.27,49.32,169.61,0.93,-1,-1,-1
24,2,225.36,340.51,45.98,129.25,0.90,-1,-1,-1
24,3,640.65,352.74,28.10,73.76,0.84,-1,-1,-1
24,4,666.69,360.09,26.10,65.00,0.88,-1,-1,-1
24,5,290.58,336.08,45.76,127.55,0.85,-1,-1,-1
24,6,603.66,360.12,24.34,55.73,0.77,-1,-1,-1
24,7,651.33,355.51,17.74,52.15,0.17,-1,-1,-1
24,8,626.85,353.92,25.21,61.90,0.75,-1,-1,-1
25,1,693.32,324.69,51.00,170.07,0.92,-1,-1,-1
25,2,222.25,339.55,47.22,129.43,0.90,-1,-1,-1
25,3,641.81,353.12,27.38,72.57,0.78,-1,-1,-1
25,4,666.87,360.00,26.72,64.88,0.87,-1,-1,-1
25,5,289.68,335.34,45.53,130.74,0.86,-1,-1,-1
25,6,603.37,359.87,24.98,55.51,0.83,-1,-1,-1
25,8,627.89,353.94,25.22,62.49,0.67,-1,-1,-1
26,1,690.21,324.19,53.39,170.73,0.93,-1,-1,-1
26,2,219.22,339.44,48.53,129.72,0.91,-1,-1,-1
26,3,642.48,353.11,27.09,72.41,0.81,-1,-1,-1
26,4,667.18,359.82,26.94,65.12,0.88,-1,-1,-1
26,5,288.58,334.89,45.15,129.94,0.86,-1,-1,-1
26,6,603.53,359.77,24.62,55.41,0.83,-1,-1,-1
26,8,628.22,354.10,24.50,61.58,0.74,-1,-1,-1
26,9,851.85,302.85,64.80,221.40,0.77,-1,-1,-1
27,1,687.25,323.65,56.05,171.41,0.92,-1,-1,-1
27,2,216.43,336.31,49.00,133.55,0.92,-1,-1,-1
27,3,642.65,353.19,27.58,72.66,0.85,-1,-1,-1
27,4,667.53,359.84,27.01,65.21,0.88,-1,-1,-1
27,5,287.23,333.87,45.65,131.72,0.86,-1,-1,-1
27,6,603.26,359.82,24.46,55.38,0.83,-1,-1,-1
27,8,629.62,354.20,22.90,61.61,0.79,-1,-1,-1
27,9,853.46,300.76,65.50,228.46,0.66,-1,-1,-1
28,1,685.13,322.99,58.32,172.00,0.92,-1,-1,-1
28,2,213.98,335.16,49.32,134.71,0.92,-1,-1,-1
28,3,643.12,353.08,27.81,72.48,0.86,-1,-1,-1
28,4,668.09,359.42,26.47,65.56,0.88,-1,-1,-1
28,5,285.38,333.94,45.62,132.27,0.85,-1,-1,-1
28,6,603.27,359.58,24.42,55.37,0.81,-1,-1,-1
28,8,630.80,354.44,22.44,60.98,0.79,-1,-1,-1
28,9,855.30,299.52,66.75,231.29,0.58,-1,-1,-1
29,1,684.02,322.61,59.75,173.04,0.92,-1,-1,-1
29,2,211.77,335.01,49.09,135.22,0.92,-1,-1,-1
29,3,643.54,352.74,27.88,72.70,0.86,-1,-1,-1
29,4,668.55,359.57,26.24,66.27,0.88,-1,-1,-1
29,5,283.01,333.52,46.82,134.80,0.85,-1,-1,-1
29,6,602.68,359.94,24.99,54.76,0.80,-1,-1,-1
29,8,630.79,354.17,22.32,61.39,0.84,-1,-1,-1
29,9,856.76,297.86,68.16,247.00,0.28,-1,-1,-1
30,1,682.81,322.96,60.88,172.97,0.93,-1,-1,-1
30,2,209.98,335.00,48.54,135.39,0.92,-1,-1,-1
30,3,644.00,352.49,27.90,72.49,0.87,-1,-1,-1
30,4,669.34,359.81,25.56,65.35,0.88,-1,-1,-1
30,5,280.83,332.51,46.09,136.04,0.85,-1,-1,-1
30,6,602.49,360.11,25.20,54.53,0.81,-1,-1,-1
30,8,631.08,353.93,22.30,61.54,0.83,-1,-1,-1
30,9,859.17,296.05,68.58,238.00,0.43,-1,-1,-1
31,1,681.28,323.07,62.49,174.10,0.92,-1,-1,-1
31,2,206.17,335.37,49.90,135.23,0.92,-1,-1,-1
31,3,644.77,352.23,27.92,72.78,0.88,-1,-1,-1
31,4,669.66,360.20,24.70,65.94,0.86,-1,-1,-1
31,5,277.39,332.79,46.44,135.12,0.84,-1,-1,-1
31,6,602.11,360.16,25.87,54.79,0.80,-1,-1,-1
31,8,631.16,354.11,22.32,61.96,0.82,-1,-1,-1
31,9,861.04,295.24,66.42,235.64,0.64,-1,-1,-1
31,10,759.15,320.40,67.50,163.35,0.82,-1,-1,-1
32,1,680.40,323.21,63.07,173.91,0.92,-1,-1,-1
32,2,203.81,335.82,50.09,135.33,0.91,-1,-1,-1
32,3,645.92,351.76,27.32,72.83,0.83,-1,-1,-1
32,4,670.34,360.11,23.16,65.52,0.83,-1,-1,-1
32,5,275.39,332.60,46.57,136.71,0.84,-1,-1,-1
32,6,602.00,360.10,26.11,54.54,0.80,-1,-1,-1
32,8,631.47,354.09,22.34,62.06,0.82,-1,-1,-1
32,9,861.40,295.61,68.17,236.77,0.29,-1,-1,-1
33,1,679.88,323.21,61.52,175.83,0.92,-1,-1,-1
33,2,201.76,336.69,48.60,135.69,0.91,-1,-1,-1
33,3,647.27,351.53,26.49,73.48,0.85,-1,-1,-1
33,4,671.23,359.88,23.23,67.17,0.78,-1,-1,-1
33,5,273.41,333.37,46.94,133.63,0.83,-1,-1,-1
33,6,601.99,360.18,26.20,54.47,0.81,-1,-1,-1
33,8,631.89,354.02,22.37,62.42,0.84,-1,-1,-1
33,9,862.51,294.44,69.10,239.22,0.33,-1,-1,-1
33,11,756.90,322.65,72.00,164.70,0.72,-1,-1,-1
34,1,679.44,323.15,60.27,177.13,0.92,-1,-1,-1
34,2,197.71,336.91,49.57,136.39,0.90,-1,-1,-1
34,3,648.64,351.08,25.57,75.22,0.84,-1,-1,-1
34,4,671.52,360.18,22.64,66.89,0.61,-1,-1,-1
34,5,270.77,334.32,47.38,134.97,0.78,-1,-1,-1
34,6,601.68,360.44,26.22,54.45,0.80,-1,-1,-1
34,8,632.01,354.07,22.38,62.55,0.84,-1,-1,-1
34,9,864.98,293.53,69.70,241.74,0.47,-1,-1,-1
34,11,757.44,320.80,72.05,167.99,0.80,-1,-1,-1
35,1,678.48,323.14,59.21,177.89,0.91,-1,-1,-1
35,2,194.23,337.51,50.83,136.78,0.91,-1,-1,-1
35,3,649.76,351.07,25.25,75.57,0.84,-1,-1,-1
35,4,672.26,361.20,22.45,65.28,0.60,-1,-1,-1
35,5,267.49,332.49,47.86,139.78,0.81,-1,-1,-1
35,6,601.32,360.40,26.82,56.84,0.84,-1,-1,-1
35,8,632.38,354.25,22.40,62.60,0.86,-1,-1,-1
35,9,865.57,292.32,72.06,245.03,0.59,-1,-1,-1
35,11,758.31,319.78,73.47,170.40,0.72,-1,-1,-1
36,1,676.33,323.11,57.57,178.18,0.91,-1,-1,-1
36,2,191.81,337.91,50.62,137.23,0.91,-1,-1,-1
36,3,651.01,351.04,24.52,75.71,0.85,-1,-1,-1
36,4,672.78,365.47,20.55,59.55,0.35,-1,-1,-1
36,5,265.65,331.69,47.13,143.37,0.81,-1,-1,-1
36,6,601.15,360.49,27.03,58.04,0.84,-1,-1,-1
36,8,632.15,353.97,23.02,63.22,0.86,-1,-1,-1
36,9,866.33,293.10,72.28,246.84,0.69,-1,-1,-1
36,11,760.57,320.74,72.51,169.38,0.44,-1,-1,-1
37,1,673.73,323.06,55.74,177.86,0.91,-1,-1,-1
37,2,188.82,337.35,51.55,138.03,0.92,-1,-1,-1
37,3,651.10,351.58,24.88,75.40,0.85,-1,-1,-1
37,5,261.60,330.99,48.66,148.01,0.82,-1,-1,-1
37,6,602.28,360.32,26.50,58.16,0.81,-1,-1,-1
37,8,632.34,353.96,23.25,63.42,0.86,-1,-1,-1
37,9,869.41,292.46,71.73,248.82,0.77,-1,-1,-1
37,11,761.84,320.01,72.14,171.57,0.63,-1,-1,-1
37,12,584.10,357.52,19.80,52.20,0.74,-1,-1,-1
38,1,671.29,323.30,55.67,176.77,0.91,-1,-1,-1
38,2,186.68,336.92,51.58,138.44,0.92,-1,-1,-1
38,3,650.79,351.73,25.61,74.97,0.85,-1,-1,-1
38,5,258.88,330.50,49.50,150.46,0.83,-1,-1,-1
38,6,602.42,360.20,26.28,58.48,0.82,-1,-1,-1
38,8,632.68,354.05,22.73,63.18,0.85,-1,-1,-1
38,9,869.25,291.03,73.88,251.52,0.57,-1,-1,-1
38,11,762.82,319.57,71.34,172.71,0.86,-1,-1,-1
38,12,584.06,357.05,19.81,53.34,0.75,-1,-1,-1
39,1,668.08,320.93,58.09,179.69,0.90,-1,-1,-1
39,2,183.78,337.00,52.43,138.63,0.92,-1,-1,-1
39,3,650.98,351.58,25.90,75.13,0.84,-1,-1,-1
39,5,255.27,329.98,51.63,151.70,0.84,-1,-1,-1
39,6,602.18,360.10,27.41,59.21,0.83,-1,-1,-1
39,8,632.52,354.03,23.15,63.10,0.85,-1,-1,-1
39,9,872.55,290.85,74.40,253.93,0.66,-1,-1,-1
39,11,764.44,317.93,71.75,175.51,0.90,-1,-1,-1
39,12,583.70,356.93,20.51,55.31,0.72,-1,-1,-1
40,1,664.66,319.40,60.23,182.88,0.90,-1,-1,-1
40,2,181.63,336.34,52.11,139.45,0.92,-1,-1,-1
40,3,651.11,351.33,25.44,73.11,0.81,-1,-1,-1
40,5,253.35,329.82,50.43,149.51,0.84,-1,-1,-1
40,6,602.77,360.03,27.25,59.19,0.84,-1,-1,-1
40,8,633.13,353.98,22.73,63.09,0.85,-1,-1,-1
40,9,872.70,289.09,77.02,256.44,0.74,-1,-1,-1
40,11,765.05,316.52,71.95,177.56,0.87,-1,-1,-1
40,12,583.99,356.67,20.75,56.64,0.71,-1,-1,-1
41,1,662.49,318.42,60.98,184.47,0.90,-1,-1,-1
41,2,178.88,335.12,52.59,140.90,0.92,-1,-1,-1
41,3,651.69,352.48,24.64,68.39,0.82,-1,-1,-1
41,5,252.24,328.96,49.28,152.28,0.86,-1,-1,-1
41,6,603.27,360.01,27.16,58.85,0.82,-1,-1,-1
41,8,633.61,353.68,23.16,63.36,0.85,-1,-1,-1
41,9,874.67,287.20,77.61,259.20,0.74,-1,-1,-1
41,11,766.69,325.74,70.73,167.95,0.87,-1,-1,-1
41,12,584.08,356.43,21.46,56.34,0.74,-1,-1,-1
42,1,660.26,317.63,61.90,184.06,0.91,-1,-1,-1
42,2,176.12,334.29,53.54,142.39,0.93,-1,-1,-1
42,3,652.51,353.42,24.37,66.29,0.79,-1,-1,-1
42,5,249.81,328.26,49.79,154.53,0.85,-1,-1,-1
42,6,604.10,359.90,27.13,57.79,0.83,-1,-1,-1
42,8,633.81,353.59,23.33,62.83,0.86,-1,-1,-1
42,9,876.77,286.45,78.77,260.48,0.73,-1,-1,-1
42,11,764.72,319.56,75.28,173.99,0.89,-1,-1,-1
42,12,584.16,356.09,21.70,58.09,0.75,-1,-1,-1
43,1,654.51,317.75,66.34,183.81,0.92,-1,-1,-1
43,2,174.16,333.70,52.96,142.73,0.92,-1,-1,-1
43,3,653.42,354.73,22.44,62.54,0.77,-1,-1,-1
43,5,247.50,328.34,50.53,154.55,0.86,-1,-1,-1
43,6,605.31,359.77,27.10,58.31,0.83,-1,-1,-1
43,8,633.90,353.78,23.38,62.66,0.86,-1,-1,-1
43,9,877.69,283.55,83.23,266.08,0.76,-1,-1,-1
43,11,767.69,317.95,73.28,176.51,0.91,-1,-1,-1
43,12,584.49,356.31,21.75,57.76,0.78,-1,-1,-1
44,1,646.94,317.57,72.49,184.53,0.92,-1,-1,-1
44,2,171.56,333.66,53.22,142.84,0.92,-1,-1,-1
44,3,653.82,355.49,21.69,60.86,0.73,-1,-1,-1
44,5,245.72,328.14,50.40,153.75,0.87,-1,-1,-1
44,6,605.88,359.70,27.03,58.45,0.85,-1,-1,-1
44,8,633.70,354.00,23.95,62.84,0.86,-1,-1,-1
44,9,878.71,282.93,87.05,269.20,0.60,-1,-1,-1
44,11,769.38,317.27,71.73,178.17,0.92,-1,-1,-1
44,12,584.16,356.35,21.71,58.16,0.79,-1,-1,-1
45,1,639.92,316.63,78.43,186.55,0.93,-1,-1,-1
45,2,168.77,333.46,54.45,144.44,0.92,-1,-1,-1
45,3,654.37,355.03,21.49,60.66,0.52,-1,-1,-1
45,5,242.39,324.43,51.95,160.79,0.84,-1,-1,-1
45,6,605.89,359.31,27.65,59.43,0.86,-1,-1,-1
45,8,633.75,353.84,24.81,63.25,0.86,-1,-1,-1
45,9,880.83,282.02,87.25,270.67,0.74,-1,-1,-1
45,11,771.09,316.84,71.90,178.57,0.92,-1,-1,-1
45,12,584.12,356.45,22.33,60.45,0.80,-1,-1,-1
46,1,633.21,317.10,83.59,187.13,0.93,-1,-1,-1
46,2,166.38,333.28,54.74,146.05,0.92,-1,-1,-1
46,3,654.24,355.54,20.20,60.64,0.15,-1,-1,-1
46,5,239.91,324.11,52.51,163.24,0.84,-1,-1,-1
46,6,606.18,359.23,27.87,59.50,0.85,-1,-1,-1
46,8,634.05,353.54,25.12,64.00,0.86,-1,-1,-1
46,9,882.45,282.10,89.28,271.98,0.80,-1,-1,-1
46,11,772.26,316.47,71.95,180.16,0.92,-1,-1,-1
46,12,584.41,356.54,22.55,61.57,0.80,-1,-1,-1
47,1,628.82,317.78,87.23,188.21,0.92,-1,-1,-1
47,2,163.62,333.40,55.82,146.48,0.92,-1,-1,-1
47,3,652.49,355.44,19.73,60.67,0.17,-1,-1,-1
47,5,237.85,325.99,52.95,161.32,0.84,-1,-1,-1
47,6,606.19,359.22,27.92,60.11,0.85,-1,-1,-1
47,8,633.77,353.91,25.21,64.28,0.85,-1,-1,-1
47,9,884.67,281.41,90.48,274.91,0.81,-1,-1,-1
47,11,772.85,316.29,71.90,182.21,0.92,-1,-1,-1
47,12,583.84,356.44,23.80,64.94,0.82,-1,-1,-1
48,1,624.95,317.67,91.02,189.36,0.93,-1,-1,-1
48,2,160.66,333.87,55.11,147.09,0.93,-1,-1,-1
48,3,651.01,353.05,18.99,62.56,0.10,-1,-1,-1
48,5,236.20,327.41,53.18,156.80,0.85,-1,-1,-1
48,6,606.55,359.32,27.97,60.63,0.84,-1,-1,-1
48,8,634.02,353.99,24.68,64.09,0.84,-1,-1,-1
48,9,887.65,281.00,90.74,277.92,0.70,-1,-1,-1
48,11,774.33,316.25,71.97,183.57,0.91,-1,-1,-1
48,12,583.97,356.50,24.28,65.91,0.80,-1,-1,-1
49,1,622.17,318.29,93.60,190.33,0.94,-1,-1,-1
49,2,157.91,334.28,55.71,148.00,0.93,-1,-1,-1
49,3,648.35,351.78,18.75,64.46,0.11,-1,-1,-1
49,5,234.30,328.51,53.56,152.44,0.84,-1,-1,-1
49,6,606.75,359.71,27.98,60.81,0.84,-1,-1,-1
49,8,634.48,353.77,23.27,64.61,0.80,-1,-1,-1
49,9,890.54,282.41,91.96,279.82,0.60,-1,-1,-1
49,11,775.49,317.19,74.40,184.00,0.89,-1,-1,-1
49,12,584.11,356.72,24.46,65.63,0.79,-1,-1,-1
50,1,620.39,320.09,95.72,190.41,0.94,-1,-1,-1
50,2,155.29,334.82,56.82,149.24,0.91,-1,-1,-1
50,3,646.54,352.13,19.31,65.20,0.10,-1,-1,-1
50,5,231.85,330.05,54.00,155.20,0.85,-1,-1,-1
50,6,607.46,360.10,27.39,61.18,0.82,-1,-1,-1
50,8,634.69,354.66,22.12,63.91,0.74,-1,-1,-1
50,9,894.06,283.05,94.75,281.98,0.42,-1,-1,-1
50,11,777.16,317.64,78.29,185.35,0.86,-1,-1,-1
50,12,584.21,357.03,24.51,64.59,0.79,-1,-1,-1
51,1,620.04,320.43,96.49,191.63,0.94,-1,-1,-1
51,2,153.37,335.28,56.35,150.30,0.91,-1,-1,-1
51,5,229.63,330.13,55.27,159.64,0.85,-1,-1,-1
51,6,607.96,360.19,27.16,61.62,0.81,-1,-1,-1
51,8,635.32,354.35,22.33,65.45,0.60,-1,-1,-1
51,9,895.34,283.26,98.14,285.72,0.58,-1,-1,-1
51,11,778.32,317.61,85.62,187.77,0.89,-1,-1,-1
51,12,583.89,357.25,24.52,63.85,0.80,-1,-1,-1
52,1,619.40,320.78,96.62,193.19,0.94,-1,-1,-1
52,2,149.24,334.85,58.49,151.35,0.92,-1,-1,-1
52,5,226.90,329.27,55.84,160.22,0.84,-1,-1,-1
52,6,608.97,360.44,27.65,62.34,0.85,-1,-1,-1
52,8,634.25,356.54,19.36,62.45,0.28,-1,-1,-1
52,9,896.46,284.25,100.17,288.44,0.43,-1,-1,-1
52,11,779.47,317.86,87.78,190.07,0.90,-1,-1,-1
52,12,584.01,357.08,24.48,63.52,0.81,-1,-1,-1
53,1,618.99,321.39,96.07,193.71,0.94,-1,-1,-1
53,2,146.91,335.16,58.14,152.45,0.91,-1,-1,-1
53,5,225.08,329.54,55.20,159.48,0.85,-1,-1,-1
53,6,609.36,360.13,27.26,63.19,0.84,-1,-1,-1
53,8,632.88,356.65,19.53,62.46,0.15,-1,-1,-1
53,9,899.16,283.85,102.74,291.41,0.58,-1,-1,-1
53,11,780.47,317.36,88.65,191.62,0.89,-1,-1,-1
53,12,584.09,356.92,24.48,64.26,0.81,-1,-1,-1
54,1,619.20,320.71,93.94,195.69,0.93,-1,-1,-1
54,2,142.97,335.72,58.52,152.54,0.91,-1,-1,-1
54,5,221.76,329.66,55.48,163.80,0.87,-1,-1,-1
54,6,609.13,360.44,27.08,62.91,0.84,-1,-1,-1
54,9,900.67,282.90,105.34,294.25,0.51,-1,-1,-1
54,11,781.34,317.21,86.52,192.48,0.89,-1,-1,-1
54,12,584.06,356.68,24.44,65.12,0.81,-1,-1,-1
55,1,619.78,319.61,90.70,197.70,0.94,-1,-1,-1
55,2,138.81,335.81,60.02,152.96,0.90,-1,-1,-1
55,5,218.99,329.27,56.72,164.92,0.85,-1,-1,-1
55,6,609.11,360.46,26.43,63.08,0.85,-1,-1,-1
55,9,904.73,281.33,104.61,298.00,0.35,-1,-1,-1
55,11,782.28,317.01,85.08,193.01,0.88,-1,-1,-1
55,12,584.13,356.35,23.84,65.71,0.80,-1,-1,-1
56,1,618.87,318.43,87.62,198.94,0.93,-1,-1,-1
56,2,135.55,335.19,59.41,154.33,0.90,-1,-1,-1
56,5,217.09,329.07,55.72,165.37,0.85,-1,-1,-1
56,6,609.93,360.00,24.98,61.66,0.63,-1,-1,-1
56,9,907.17,279.99,108.67,301.94,0.30,-1,-1,-1
56,11,783.78,317.22,65.43,193.26,0.88,-1,-1,-1
56,12,584.09,356.06,23.00,66.23,0.80,-1,-1,-1
57,1,618.04,317.09,83.40,199.96,0.92,-1,-1,-1
57,2,132.67,334.38,59.45,155.12,0.91,-1,-1,-1
57,5,215.08,328.85,55.98,163.55,0.81,-1,-1,-1
57,6,610.24,359.38,23.21,60.20,0.19,-1,-1,-1
57,9,911.26,277.71,111.05,306.30,0.56,-1,-1,-1
57,11,784.56,317.01,65.95,193.27,0.87,-1,-1,-1
57,12,584.09,356.10,22.68,65.81,0.79,-1,-1,-1
57,4,683.09,361.15,22.49,64.81,0.70,-1,-1,-1
58,1,615.40,315.41,80.60,202.12,0.92,-1,-1,-1
58,2,127.46,333.65,61.39,156.15,0.91,-1,-1,-1
58,5,212.41,327.61,54.75,164.04,0.84,-1,-1,-1
58,6,612.85,361.44,22.59,60.57,0.20,-1,-1,-1
58,9,915.47,275.97,111.07,309.11,0.48,-1,-1,-1
58,11,785.79,316.04,57.43,195.36,0.88,-1,-1,-1
58,12,584.10,356.14,23.17,66.53,0.80,-1,-1,-1
58,4,682.70,361.23,23.17,64.60,0.81,-1,-1,-1
59,1,612.90,314.83,75.84,203.15,0.92,-1,-1,-1
59,2,123.10,333.05,62.96,157.96,0.90,-1,-1,-1
59,5,209.64,326.52,54.90,165.36,0.85,-1,-1,-1
59,9,919.48,274.40,112.38,312.50,0.67,-1,-1,-1
59,11,786.65,315.01,51.69,197.41,0.86,-1,-1,-1
59,12,584.01,356.18,23.34,66.17,0.80,-1,-1,-1
59,4,682.74,361.27,23.39,64.23,0.83,-1,-1,-1
60,1,608.70,314.38,74.17,204.47,0.93,-1,-1,-1
60,2,118.98,332.59,62.84,158.10,0.88,-1,-1,-1
60,5,206.43,325.88,55.28,165.00,0.85,-1,-1,-1
60,9,923.73,271.92,113.77,316.93,0.51,-1,-1,-1
60,11,786.61,313.92,49.98,199.55,0.54,-1,-1,-1
60,12,584.57,356.86,22.82,62.76,0.77,-1,-1,-1
60,4,683.08,361.50,22.89,64.41,0.79,-1,-1,-1
61,1,606.06,313.66,71.75,206.13,0.93,-1,-1,-1
61,2,116.02,332.29,62.17,159.76,0.91,-1,-1,-1
61,5,203.93,325.66,55.42,165.74,0.84,-1,-1,-1
61,9,926.47,270.01,115.41,321.94,0.59,-1,-1,-1
61,11,786.58,313.85,49.53,200.62,0.82,-1,-1,-1
61,12,584.49,357.15,22.61,62.04,0.77,-1,-1,-1
61,4,683.50,362.08,22.68,63.57,0.85,-1,-1,-1
61,13,664.65,354.37,25.20,73.35,0.82,-1,-1,-1
62,1,604.01,313.65,70.29,207.06,0.92,-1,-1,-1
62,2,112.32,331.70,61.86,160.87,0.91,-1,-1,-1
62,5,201.52,325.85,55.74,161.88,0.85,-1,-1,-1
62,9,930.24,268.69,118.30,326.98,0.56,-1,-1,-1
62,11,781.09,314.41,55.80,201.29,0.89,-1,-1,-1
62,12,584.49,357.33,23.14,63.57,0.84,-1,-1,-1
62,4,683.93,362.08,23.20,64.12,0.87,-1,-1,-1
62,13,665.07,354.31,25.23,73.82,0.86,-1,-1,-1
63,1,602.25,313.43,70.44,208.87,0.92,-1,-1,-1
63,2,108.70,331.70,62.63,162.32,0.91,-1,-1,-1
63,5,199.03,326.61,56.09,167.05,0.86,-1,-1,-1
63,9,932.93,266.82,121.71,333.55,0.70,-1,-1,-1
63,11,773.44,313.81,64.44,203.60,0.84,-1,-1,-1
63,12,584.89,357.62,23.33,63.54,0.82,-1,-1,-1
63,4,684.50,362.15,23.39,64.33,0.87,-1,-1,-1
63,13,665.24,354.37,25.24,73.94,0.86,-1,-1,-1
64,1,597.36,314.35,74.22,210.24,0.90,-1,-1,-1
64,2,104.87,332.24,61.87,162.84,0.91,-1,-1,-1
64,5,196.12,326.98,56.74,169.38,0.85,-1,-1,-1
64,9,937.31,266.07,124.14,337.71,0.86,-1,-1,-1
64,11,767.89,313.81,70.61,205.03,0.89,-1,-1,-1
64,12,584.99,357.50,23.41,63.23,0.77,-1,-1,-1
64,4,684.64,361.51,23.45,65.61,0.84,-1,-1,-1
64,13,665.54,354.26,25.93,74.62,0.85,-1,-1,-1
65,1,595.29,314.79,73.78,211.26,0.91,-1,-1,-1
65,2,100.49,332.51,63.67,163.83,0.91,-1,-1,-1
65,5,193.84,328.07,57.10,168.11,0.85,-1,-1,-1
65,9,942.85,265.07,122.60,342.61,0.64,-1,-1,-1
65,11,760.70,314.22,78.22,206.95,0.83,-1,-1,-1
65,12,584.96,357.68,22.82,64.29,0.75,-1,-1,-1
65,4,685.49,361.35,22.87,65.77,0.84,-1,-1,-1
65,13,665.90,354.44,26.14,74.12,0.86,-1,-1,-1
66,1,594.06,315.62,69.31,211.99,0.93,-1,-1,-1
66,2,96.27,332.59,64.18,164.98,0.90,-1,-1,-1
66,5,190.92,328.37,57.60,172.73,0.83,-1,-1,-1
66,9,946.14,264.09,125.32,348.29,0.61,-1,-1,-1
66,11,757.91,314.21,81.70,208.61,0.58,-1,-1,-1
66,12,583.73,357.67,21.36,63.23,0.31,-1,-1,-1
66,4,686.40,361.55,22.61,65.54,0.85,-1,-1,-1
66,13,666.34,353.92,26.16,74.93,0.87,-1,-1,-1
67,1,591.96,315.63,67.78,213.77,0.92,-1,-1,-1
67,2,92.57,332.61,64.79,166.07,0.92,-1,-1,-1
67,5,189.19,328.55,56.32,170.84,0.84,-1,-1,-1
67,9,950.83,262.91,127.68,353.32,0.77,-1,-1,-1
67,11,751.78,313.79,88.33,210.15,0.19,-1,-1,-1
67,12,584.28,353.70,26.41,69.10,0.27,-1,-1,-1
67,4,686.80,361.25,22.55,65.12,0.85,-1,-1,-1
67,13,666.87,353.70,26.20,75.18,0.87,-1,-1,-1
68,1,587.88,315.99,68.49,214.82,0.92,-1,-1,-1
68,2,88.87,331.91,66.03,167.62,0.91,-1,-1,-1
68,5,186.33,328.50,56.33,170.33,0.84,-1,-1,-1
68,9,958.90,260.36,127.31,358.90,0.83,-1,-1,-1
68,11,750.74,312.80,90.33,212.61,0.45,-1,-1,-1
68,4,686.58,360.90,23.13,65.25,0.86,-1,-1,-1
68,13,666.99,353.08,26.19,75.57,0.87,-1,-1,-1
68,14,639.45,354.60,22.50,67.95,0.78,-1,-1,-1
69,1,584.02,315.80,70.55,216.52,0.94,-1,-1,-1
69,2,85.97,332.02,65.22,167.92,0.91,-1,-1,-1
69,5,183.45,327.83,58.09,172.70,0.83,-1,-1,-1
69,9,959.23,257.83,132.92,363.44,0.87,-1,-1,-1
69,11,750.29,312.83,91.55,212.92,0.78,-1,-1,-1
69,4,686.67,360.26,23.32,65.85,0.86,-1,-1,-1
69,13,666.62,352.35,26.79,75.96,0.88,-1,-1,-1
69,14,639.07,354.46,23.96,68.75,0.84,-1,-1,-1
70,1,581.24,315.41,72.56,216.67,0.94,-1,-1,-1
70,2,82.17,331.00,65.02,169.75,0.90,-1,-1,-1
70,5,180.68,326.65,59.72,176.96,0.81,-1,-1,-1
70,9,963.67,255.40,136.22,369.12,0.84,-1,-1,-1
70,11,751.25,311.52,92.00,214.77,0.90,-1,-1,-1
70,4,687.11,360.05,22.81,65.53,0.86,-1,-1,-1
70,13,666.88,351.82,27.01,76.75,0.87,-1,-1,-1
70,14,639.39,354.61,23.56,68.95,0.83,-1,-1,-1
71,1,579.11,315.22,73.93,216.66,0.93,-1,-1,-1
71,2,77.58,330.87,66.24,170.69,0.91,-1,-1,-1
71,5,175.83,325.28,62.63,178.52,0.80,-1,-1,-1
71,9,965.25,252.13,142.11,375.52,0.87,-1,-1,-1
71,11,749.39,310.24,95.00,216.74,0.87,-1,-1,-1
71,4,687.57,359.94,22.61,65.39,0.87,-1,-1,-1
71,13,667.27,351.90,26.47,76.72,0.87,-1,-1,-1
71,14,639.14,354.26,24.11,69.31,0.85,-1,-1,-1
72,1,575.43,314.65,76.80,217.42,0.93,-1,-1,-1
72,2,74.41,330.44,66.39,171.39,0.90,-1,-1,-1
72,5,170.62,324.68,65.66,180.64,0.79,-1,-1,-1
72,9,966.75,250.76,146.57,380.03,0.79,-1,-1,-1
72,11,751.25,309.55,94.33,217.66,0.84,-1,-1,-1
72,4,687.66,360.27,22.52,65.01,0.85,-1,-1,-1
72,13,667.97,352.01,26.25,76.06,0.86,-1,-1,-1
72,14,638.68,353.84,24.95,69.71,0.85,-1,-1,-1
73,1,573.87,313.99,76.13,218.70,0.92,-1,-1,-1
73,2,69.88,329.18,67.64,173.38,0.92,-1,-1,-1
73,5,168.70,324.66,65.46,175.90,0.78,-1,-1,-1
73,9,970.14,248.48,150.59,385.08,0.88,-1,-1,-1
73,11,755.07,308.55,92.22,218.66,0.88,-1,-1,-1
73,4,688.04,360.55,22.50,64.56,0.83,-1,-1,-1
73,13,668.27,352.07,26.78,75.79,0.86,-1,-1,-1
73,14,638.58,353.86,25.23,69.50,0.85,-1,-1,-1
73,6,618.73,356.24,26.07,74.15,0.68,-1,-1,-1
74,1,571.65,313.78,75.88,219.22,0.92,-1,-1,-1
74,2,66.85,328.88,67.41,174.30,0.92,-1,-1,-1
74,5,166.94,324.10,64.76,177.08,0.77,-1,-1,-1
74,9,981.96,246.05,147.46,390.96,0.89,-1,-1,-1
74,11,765.31,307.91,83.64,219.67,0.90,-1,-1,-1
74,4,687.92,360.86,22.50,64.11,0.84,-1,-1,-1
74,13,669.02,352.59,26.98,75.41,0.87,-1,-1,-1
74,14,638.89,353.74,25.32,70.39,0.85,-1,-1,-1
74,6,618.93,357.67,26.18,72.12,0.73,-1,-1,-1
75,1,569.94,312.98,73.97,220.75,0.92,-1,-1,-1
75,2,62.89,329.05,68.64,174.92,0.91,-1,-1,-1
75,5,165.38,323.87,63.85,180.81,0.80,-1,-1,-1
75,9,985.25,244.37,150.78,396.91,0.89,-1,-1,-1
75,11,765.63,308.19,84.49,219.86,0.92,-1,-1,-1
75,4,688.09,361.01,22.49,63.95,0.83,-1,-1,-1
75,13,669.51,352.98,27.04,74.96,0.87,-1,-1,-1
75,14,638.62,353.73,25.95,71.01,0.86,-1,-1,-1
75,6,619.81,358.96,25.62,69.89,0.77,-1,-1,-1
76,1,565.99,311.80,72.74,222.35,0.91,-1,-1,-1
76,2,58.75,328.81,67.58,175.69,0.91,-1,-1,-1
76,5,163.43,323.46,64.02,185.43,0.82,-1,-1,-1
76,9,989.54,241.15,154.53,403.88,0.88,-1,-1,-1
76,11,776.28,307.22,74.70,221.70,0.89,-1,-1,-1
76,4,688.14,360.94,22.52,64.24,0.78,-1,-1,-1
76,13,670.56,353.30,26.50,75.15,0.87,-1,-1,-1
76,14,638.49,353.89,26.20,71.26,0.86,-1,-1,-1
76,6,619.78,359.19,26.04,68.77,0.76,-1,-1,-1
77,1,562.98,311.31,69.17,222.60,0.91,-1,-1,-1
77,2,54.75,328.30,67.46,178.05,0.91,-1,-1,-1
77,5,161.63,323.20,63.69,185.98,0.81,-1,-1,-1
77,9,993.80,240.48,158.06,409.60,0.91,-1,-1,-1
77,11,777.28,307.60,74.51,222.46,0.91,-1,-1,-1
77,4,688.20,360.98,22.51,64.60,0.78,-1,-1,-1
77,13,671.32,353.79,25.65,75.17,0.87,-1,-1,-1
77,14,638.53,354.02,26.25,70.98,0.86,-1,-1,-1
77,6,620.45,359.19,26.15,68.59,0.75,-1,-1,-1
78,1,558.33,310.93,67.23,223.26,0.91,-1,-1,-1
78,2,50.07,328.79,69.45,179.20,0.91,-1,-1,-1
78,5,158.96,323.93,63.99,185.69,0.83,-1,-1,-1
78,9,997.70,239.50,162.85,416.34,0.90,-1,-1,-1
78,11,783.77,307.70,68.32,223.77,0.79,-1,-1,-1
78,4,688.53,360.78,21.90,64.74,0.75,-1,-1,-1
78,13,671.59,354.52,25.33,74.87,0.86,-1,-1,-1
78,14,638.57,354.29,26.26,70.56,0.86,-1,-1,-1
78,6,618.62,359.28,29.17,70.32,0.77,-1,-1,-1
79,1,552.81,311.13,68.41,223.65,0.91,-1,-1,-1
79,2,45.61,329.11,70.96,180.70,0.91,-1,-1,-1
79,5,157.06,324.62,63.35,185.13,0.82,-1,-1,-1
79,9,1001.81,238.59,166.96,422.65,0.89,-1,-1,-1
79,11,793.63,307.59,58.47,223.96,0.76,-1,-1,-1
79,4,688.93,361.00,21.68,64.47,0.76,-1,-1,-1
79,13,671.97,354.92,25.22,75.03,0.86,-1,-1,-1
79,14,638.89,354.39,26.25,70.96,0.85,-1,-1,-1
79,6,618.54,359.17,29.14,70.04,0.74,-1,-1,-1
79,15,659.70,358.87,19.80,64.80,0.71,-1,-1,-1
80,1,546.62,312.28,70.04,226.39,0.92,-1,-1,-1
80,2,41.42,329.12,70.24,182.79,0.92,-1,-1,-1
80,5,153.53,325.70,64.27,178.98,0.79,-1,-1,-1
80,9,1006.30,237.37,171.91,430.52,0.86,-1,-1,-1
80,11,795.62,308.39,58.41,225.10,0.87,-1,-1,-1
80,4,688.73,361.28,22.20,64.09,0.76,-1,-1,-1
80,13,672.35,355.42,25.17,75.12,0.86,-1,-1,-1
80,14,639.56,354.76,25.62,71.14,0.85,-1,-1,-1
80,6,618.14,359.91,29.09,69.05,0.73,-1,-1,-1
80,15,659.77,358.75,19.82,65.99,0.69,-1,-1,-1
81,1,541.73,313.00,70.07,227.96,0.93,-1,-1,-1
81,2,37.54,329.75,69.63,184.11,0.92,-1,-1,-1
81,5,151.82,327.18,63.42,177.02,0.81,-1,-1,-1
81,9,1010.75,237.93,177.25,435.48,0.90,-1,-1,-1
81,11,796.19,308.67,60.31,226.94,0.89,-1,-1,-1
81,4,688.64,361.35,22.39,64.24,0.75,-1,-1,-1
81,13,672.46,355.86,25.17,74.84,0.87,-1,-1,-1
81,14,639.81,355.16,25.38,70.88,0.85,-1,-1,-1
81,6,618.27,360.00,28.46,68.35,0.77,-1,-1,-1
81,15,659.78,359.11,19.83,65.89,0.71,-1,-1,-1
81,12,593.40,355.55,24.39,74.75,0.77,-1,-1,-1
82,1,535.26,314.07,72.50,228.67,0.93,-1,-1,-1
82,2,32.94,330.57,70.27,185.04,0.92,-1,-1,-1
82,5,147.09,325.72,65.93,191.15,0.82,-1,-1,-1
82,9,1017.90,237.19,179.20,442.20,0.90,-1,-1,-1
82,11,795.59,310.43,61.03,226.57,0.87,-1,-1,-1
82,4,689.14,361.22,21.87,64.86,0.71,-1,-1,-1
82,13,672.44,355.88,25.16,74.69,0.86,-1,-1,-1
82,14,639.26,355.47,25.89,71.04,0.84,-1,-1,-1
82,6,618.89,359.90,27.60,68.65,0.77,-1,-1,-1
82,15,659.73,359.02,19.82,66.47,0.72,-1,-1,-1
82,12,594.01,356.09,24.29,73.87,0.81,-1,-1,-1
83,1,523.46,314.41,81.13,229.82,0.94,-1,-1,-1
83,2,28.66,330.24,69.50,187.15,0.91,-1,-1,-1
83,5,143.48,328.21,67.90,190.58,0.83,-1,-1,-1
83,9,1024.09,235.81,182.22,451.55,0.91,-1,-1,-1
83,11,794.65,310.72,78.53,228.80,0.89,-1,-1,-1
83,4,689.32,360.95,21.68,65.70,0.74,-1,-1,-1
83,13,672.42,355.34,25.17,74.95,0.86,-1,-1,-1
83,14,639.95,355.50,25.49,70.80,0.84,-1,-1,-1
83,6,619.42,359.34,29.68,71.47,0.76,-1,-1,-1
83,15,659.70,359.59,19.82,65.97,0.75,-1,-1,-1
83,12,593.57,356.35,24.27,74.80,0.83,-1,-1,-1
84,1,511.05,314.24,91.12,231.65,0.94,-1,-1,-1
84,2,25.11,330.65,68.65,187.45,0.91,-1,-1,-1
84,5,139.69,329.19,68.85,188.61,0.82,-1,-1,-1
84,9,1026.81,235.23,187.74,458.70,0.91,-1,-1,-1
84,11,793.77,310.03,72.84,231.67,0.81,-1,-1,-1
84,4,689.02,360.89,22.19,66.01,0.74,-1,-1,-1
84,13,672.34,355.17,25.15,75.04,0.86,-1,-1,-1
84,14,639.86,355.53,25.29,71.00,0.84,-1,-1,-1
84,6,619.26,359.00,31.56,74.28,0.76,-1,-1,-1
84,15,659.65,359.14,19.79,65.79,0.75,-1,-1,-1
84,12,593.97,356.75,24.23,73.93,0.85,-1,-1,-1
85,1,499.83,314.05,100.64,233.49,0.94,-1,-1,-1
85,2,18.01,330.01,71.90,188.98,0.90,-1,-1,-1
85,5,135.16,329.96,70.77,193.18,0.81,-1,-1,-1
85,9,1034.51,235.63,188.47,463.00,0.90,-1,-1,-1
85,11,791.51,308.82,107.95,233.70,0.82,-1,-1,-1
85,4,688.41,360.93,22.36,65.22,0.84,-1,-1,-1
85,13,672.11,354.87,25.13,75.08,0.88,-1,-1,-1
85,14,639.34,356.05,25.20,71.07,0.85,-1,-1,-1
85,6,619.86,360.08,31.69,72.71,0.85,-1,-1,-1
85,15,658.82,359.05,20.41,66.03,0.77,-1,-1,-1
85,12,593.91,356.93,24.82,74.18,0.88,-1,-1,-1
85,16,396.45,347.40,28.35,81.45,0.76,-1,-1,-1
86,1,491.02,314.88,108.47,233.44,0.93,-1,-1,-1
86,2,13.62,330.23,72.30,190.10,0.91,-1,-1,-1
86,5,131.66,330.12,71.39,194.56,0.80,-1,-1,-1
86,9,1039.58,234.03,194.63,470.05,0.91,-1,-1,-1
86,11,790.10,308.37,122.78,235.04,0.89,-1,-1,-1
86,4,688.40,361.00,22.44,64.97,0.83,-1,-1,-1
86,13,672.23,354.65,25.74,75.44,0.87,-1,-1,-1
86,14,639.33,356.43,25.19,70.84,0.84,-1,-1,-1
86,6,620.87,360.57,31.15,71.81,0.84,-1,-1,-1
86,15,658.72,358.91,20.64,66.48,0.77,-1,-1,-1
86,12,594.03,356.90,25.06,74.62,0.86,-1,-1,-1
86,16,395.67,347.40,28.01,83.02,0.69,-1,-1,-1
87,1,484.78,314.52,113.30,234.62,0.94,-1,-1,-1
87,2,10.09,330.53,71.03,190.53,0.90,-1,-1,-1
87,5,128.14,329.64,71.75,194.33,0.78,-1,-1,-1
87,9,1046.74,229.73,198.07,477.79,0.91,-1,-1,-1
87,11,788.33,308.46,134.93,236.45,0.92,-1,-1,-1
87,4,688.42,361.14,23.07,64.88,0.83,-1,-1,-1
87,13,672.28,354.52,25.97,75.89,0.87,-1,-1,-1
87,14,639.64,356.38,25.19,71.07,0.85,-1,-1,-1
87,6,622.45,360.86,29.73,71.77,0.78,-1,-1,-1
87,15,658.70,359.13,20.72,66.33,0.78,-1,-1,-1
87,12,594.06,356.83,25.15,74.79,0.87,-1,-1,-1
87,16,394.73,347.35,27.94,83.02,0.56,-1,-1,-1
88,1,480.36,312.89,116.83,236.30,0.94,-1,-1,-1
88,2,5.11,329.29,71.90,192.54,0.90,-1,-1,-1
88,5,124.78,329.39,72.29,191.16,0.79,-1,-1,-1
88,9,1057.17,223.77,200.39,488.18,0.92,-1,-1,-1
88,11,786.32,308.13,141.02,237.92,0.91,-1,-1,-1
88,4,688.41,360.81,23.31,65.09,0.79,-1,-1,-1
88,13,672.29,353.66,27.25,76.58,0.87,-1,-1,-1
88,14,639.78,355.98,25.18,71.08,0.81,-1,-1,-1
88,6,623.99,360.30,29.17,72.28,0.80,-1,-1,-1
88,15,658.71,358.52,20.74,66.83,0.77,-1,-1,-1
88,12,594.11,356.74,26.38,74.47,0.87,-1,-1,-1
88,16,393.38,351.21,27.56,79.73,0.37,-1,-1,-1
89,1,476.62,312.56,119.29,236.81,0.95,-1,-1,-1
89,2,-0.22,328.08,70.60,194.03,0.91,-1,-1,-1
89,5,120.50,327.98,73.34,197.88,0.81,-1,-1,-1
89,9,1073.08,220.33,196.44,498.44,0.94,-1,-1,-1
89,11,784.11,307.23,144.25,239.55,0.88,-1,-1,-1
89,4,688.37,360.95,23.98,65.82,0.79,-1,-1,-1
89,13,672.24,353.58,27.72,76.61,0.87,-1,-1,-1
89,14,639.46,355.92,25.18,70.85,0.81,-1,-1,-1
89,6,623.86,360.03,29.55,73.12,0.82,-1,-1,-1
89,15,658.96,359.15,20.74,66.46,0.78,-1,-1,-1
89,12,594.02,356.63,26.83,74.41,0.87,-1,-1,-1
89,16,390.29,357.61,28.13,73.20,0.43,-1,-1,-1
90,1,474.16,311.65,120.07,239.42,0.95,-1,-1,-1
90,2,-6.68,326.69,71.43,195.16,0.89,-1,-1,-1
90,5,116.02,327.00,75.72,202.88,0.71,-1,-1,-1
90,9,1077.82,215.51,202.92,510.85,0.92,-1,-1,-1
90,11,781.75,305.93,133.70,241.73,0.91,-1,-1,-1
90,4,688.30,361.34,24.21,66.11,0.81,-1,-1,-1
90,13,672.17,353.89,27.87,76.63,0.87,-1,-1,-1
90,14,639.89,356.06,24.55,70.78,0.80,-1,-1,-1
90,6,623.44,360.25,29.67,72.25,0.82,-1,-1,-1
90,15,659.01,359.56,20.71,66.32,0.77,-1,-1,-1
90,12,593.92,356.89,27.57,74.09,0.87,-1,-1,-1
91,1,472.37,310.96,120.44,241.07,0.95,-1,-1,-1
91,2,-14.03,326.82,74.84,192.42,0.73,-1,-1,-1
91,5,112.25,325.24,75.88,194.46,0.71,-1,-1,-1
91,9,1090.42,211.07,198.60,519.50,0.94,-1,-1,-1
91,11,780.77,303.93,128.01,244.05,0.86,-1,-1,-1
91,4,688.66,361.53,24.34,66.18,0.83,-1,-1,-1
91,13,672.52,353.92,27.39,76.29,0.87,-1,-1,-1
91,14,640.46,356.06,24.37,70.70,0.80,-1,-1,-1
91,6,623.67,360.14,29.76,72.15,0.82,-1,-1,-1
91,15,658.82,359.34,20.75,66.53,0.77,-1,-1,-1
91,12,593.98,356.81,27.90,73.92,0.87,-1,-1,-1
92,1,470.61,311.53,119.26,241.67,0.95,-1,-1,-1
92,2,-18.21,326.97,74.40,176.54,0.55,-1,-1,-1
92,5,107.59,325.11,76.61,190.80,0.15,-1,-1,-1
92,9,1100.23,205.45,199.02,536.35,0.91,-1,-1,-1
92,11,777.74,303.85,114.42,245.95,0.90,-1,-1,-1
92,4,689.44,361.65,24.38,65.86,0.76,-1,-1,-1
92,13,673.01,353.84,28.38,76.11,0.86,-1,-1,-1
92,14,640.43,355.50,24.29,70.93,0.80,-1,-1,-1
92,6,623.83,360.14,29.77,72.67,0.84,-1,-1,-1
92,15,658.81,359.14,21.35,66.87,0.79,-1,-1,-1
92,12,594.69,356.97,28.00,74.72,0.87,-1,-1,-1
93,1,468.49,309.28,118.10,245.28,0.95,-1,-1,-1
93,2,-21.02,326.42,71.61,170.18,0.65,-1,-1,-1
93,5,101.85,322.86,80.86,206.54,0.21,-1,-1,-1
93,9,1110.10,201.44,201.43,545.99,0.90,-1,-1,-1
93,11,777.59,304.03,100.91,249.02,0.87,-1,-1,-1
93,4,689.44,361.45,24.38,66.42,0.71,-1,-1,-1
93,13,673.47,353.70,29.32,76.43,0.86,-1,-1,-1
93,14,639.77,355.62,24.87,70.79,0.81,-1,-1,-1
93,6,623.51,360.47,30.37,73.54,0.83,-1,-1,-1
93,15,658.78,359.11,21.56,67.37,0.80,-1,-1,-1
93,12,594.56,357.19,28.62,75.10,0.87,-1,-1,-1
94,1,465.28,307.76,115.86,248.51,0.95,-1,-1,-1
94,2,-25.05,326.59,70.84,167.79,0.70,-1,-1,-1
94,5,97.43,322.79,82.17,216.03,0.74,-1,-1,-1
94,9,1117.77,198.85,204.80,554.49,0.89,-1,-1,-1
94,11,777.92,303.19,99.11,252.13,0.91,-1,-1,-1
94,4,689.80,361.22,23.79,66.62,0.64,-1,-1,-1
94,13,674.29,354.25,29.70,75.94,0.86,-1,-1,-1
94,14,640.48,355.67,24.50,71.04,0.77,-1,-1,-1
94,6,624.04,360.60,30.61,73.85,0.79,-1,-1,-1
94,15,658.83,359.25,21.66,67.25,0.80,-1,-1,-1
94,12,594.87,357.29,28.87,75.53,0.87,-1,-1,-1
95,1,463.92,306.55,110.15,252.67,0.95,-1,-1,-1
95,2,-25.81,326.63,69.72,170.69,0.45,-1,-1,-1
95,5,91.74,322.62,85.59,222.48,0.57,-1,-1,-1
95,9,1125.14,196.41,202.50,563.68,0.87,-1,-1,-1
95,11,778.93,302.83,96.67,254.74,0.91,-1,-1,-1
95,4,690.50,361.23,22.97,66.40,0.65,-1,-1,-1
95,13,675.16,354.56,29.25,76.06,0.87,-1,-1,-1
95,14,641.02,355.94,24.37,71.14,0.78,-1,-1,-1
95,6,624.19,360.76,30.10,73.67,0.78,-1,-1,-1
95,15,659.11,359.70,21.10,66.90,0.81,-1,-1,-1
95,12,594.93,357.29,28.96,76.29,0.87,-1,-1,-1
96,1,462.52,306.38,104.09,255.60,0.94,-1,-1,-1
96,2,-27.59,325.79,67.43,189.81,0.64,-1,-1,-1
96,5,87.89,323.50,83.98,227.06,0.68,-1,-1,-1
96,9,1130.01,194.60,202.40,582.67,0.85,-1,-1,-1
96,11,780.61,303.17,93.80,256.62,0.89,-1,-1,-1
96,4,690.28,361.34,23.23,66.54,0.74,-1,-1,-1
96,13,675.32,355.38,29.62,75.74,0.87,-1,-1,-1
96,14,640.78,355.84,24.29,71.41,0.77,-1,-1,-1
96,6,623.82,360.16,31.06,75.31,0.83,-1,-1,-1
96,15,659.38,359.81,20.84,67.01,0.80,-1,-1,-1
96,12,595.16,357.22,28.34,77.11,0.87,-1,-1,-1
97,1,460.24,305.54,97.53,258.17,0.95,-1,-1,-1
97,2,-27.98,326.73,61.52,180.56,0.53,-1,-1,-1
97,5,83.27,322.78,84.77,234.59,0.66,-1,-1,-1
97,9,1129.42,191.60,214.30,596.84,0.83,-1,-1,-1
97,11,780.80,302.52,93.41,260.54,0.92,-1,-1,-1
97,4,690.68,361.03,23.34,66.90,0.76,-1,-1,-1
97,13,675.26,355.49,30.35,75.62,0.88,-1,-1,-1
97,14,641.47,356.05,23.66,71.22,0.76,-1,-1,-1
97,6,623.86,359.88,32.01,75.93,0.84,-1,-1,-1
97,15,659.65,359.95,20.75,66.75,0.81,-1,-1,-1
97,12,595.41,356.99,28.10,77.41,0.87,-1,-1,-1
97,16,376.77,344.36,30.12,82.21,0.66,-1,-1,-1
98,1,456.35,306.24,92.28,259.36,0.94,-1,-1,-1
98,2,-33.35,327.11,57.83,178.44,0.13,-1,-1,-1
98,5,78.82,323.59,83.31,235.67,0.80,-1,-1,-1
98,9,1147.22,189.15,200.22,606.83,0.83,-1,-1,-1
98,11,781.80,301.09,93.99,265.52,0.91,-1,-1,-1
98,4,691.15,360.64,22.80,67.34,0.78,-1,-1,-1
98,13,675.84,355.71,30.06,75.89,0.87,-1,-1,-1
98,14,642.35,356.62,22.85,70.85,0.73,-1,-1,-1
98,6,625.36,360.57,31.22,75.86,0.84,-1,-1,-1
98,15,659.48,359.29,21.34,67.56,0.82,-1,-1,-1
98,12,595.51,356.66,28.03,78.11,0.87,-1,-1,-1
98,16,373.40,344.72,30.85,87.02,0.63,-1,-1,-1
99,1,450.82,304.41,92.19,263.39,0.95,-1,-1,-1
99,5,74.06,323.71,82.75,228.23,0.70,-1,-1,-1
99,9,1159.52,187.27,200.40,606.89,0.82,-1,-1,-1
99,11,781.26,300.85,96.07,268.34,0.90,-1,-1,-1
99,4,691.28,360.80,22.60,67.53,0.81,-1,-1,-1
99,13,676.31,355.94,29.34,75.73,0.87,-1,-1,-1
99,14,642.61,356.38,22.56,71.34,0.72,-1,-1,-1
99,6,625.87,360.53,30.89,76.45,0.84,-1,-1,-1
99,15,659.66,359.19,20.97,67.89,0.82,-1,-1,-1
99,12,596.07,356.37,27.41,78.70,0.87,-1,-1,-1
99,16,371.50,344.08,31.10,89.06,0.80,-1,-1,-1
100,1,445.50,302.51,94.00,267.71,0.95,-1,-1,-1
100,5,68.19,322.95,83.13,238.99,0.80,-1,-1,-1
100,9,1173.92,181.68,207.56,616.24,0.75,-1,-1,-1
100,11,778.10,300.33,102.22,272.32,0.92,-1,-1,-1
100,4,691.41,360.67,21.91,67.58,0.78,-1,-1,-1
100,13,677.77,355.67,29.04,75.64,0.87,-1,-1,-1
100,14,642.50,357.00,23.06,70.90,0.66,-1,-1,-1
100,6,626.16,360.32,32.55,76.92,0.83,-1,-1,-1
100,15,660.13,359.10,21.41,67.98,0.82,-1,-1,-1
100,12,596.09,356.22,27.15,78.88,0.87,-1,-1,-1
100,16,370.17,344.10,31.17,89.76,0.70,-1,-1,-1
101,1,439.55,302.00,96.64,268.88,0.95,-1,-1,-1
101,5,60.24,322.87,87.76,248.94,0.76,-1,-1,-1
101,9,1185.24,180.16,203.03,611.67,0.65,-1,-1,-1
101,11,777.03,299.58,104.48,275.58,0.91,-1,-1,-1
101,4,691.31,360.50,21.65,67.56,0.77,-1,-1,-1
101,13,678.76,355.28,28.31,75.58,0.86,-1,-1,-1
101,14,642.62,356.35,23.24,71.31,0.64,-1,-1,-1
101,6,626.14,359.81,33.15,77.06,0.83,-1,-1,-1
101,15,659.87,358.94,21.57,68.29,0.83,-1,-1,-1
101,12,596.27,355.88,27.05,79.21,0.87,-1,-1,-1
101,16,365.07,343.01,35.36,91.67,0.82,-1,-1,-1
102,1,433.02,302.14,99.89,270.64,0.95,-1,-1,-1
102,5,56.04,316.60,87.37,252.65,0.77,-1,-1,-1
102,11,783.87,298.48,98.80,279.38,0.90,-1,-1,-1
102,4,690.69,358.91,22.16,69.10,0.46,-1,-1,-1
102,13,679.14,354.96,29.25,75.92,0.85,-1,-1,-1
102,14,642.67,356.35,23.31,70.92,0.71,-1,-1,-1
102,6,626.11,359.72,33.37,77.17,0.85,-1,-1,-1
102,15,660.08,359.29,21.62,68.16,0.82,-1,-1,-1
102,12,596.00,355.85,28.21,79.37,0.87,-1,-1,-1
102,16,361.84,342.04,36.89,93.33,0.85,-1,-1,-1
103,1,427.49,300.92,101.77,274.39,0.95,-1,-1,-1
103,5,52.43,314.88,86.54,247.53,0.80,-1,-1,-1
103,11,781.01,297.04,103.29,282.34,0.92,-1,-1,-1
103,4,691.05,359.31,21.77,67.57,0.31,-1,-1,-1
103,13,679.56,354.19,29.60,75.72,0.84,-1,-1,-1
103,14,642.37,356.03,23.36,71.05,0.67,-1,-1,-1
103,6,626.39,359.22,33.46,77.16,0.84,-1,-1,-1
103,15,659.85,358.95,22.25,68.37,0.82,-1,-1,-1
103,12,595.91,355.53,28.66,79.70,0.88,-1,-1,-1
103,16,358.97,342.33,37.79,93.87,0.88,-1,-1,-1
104,1,423.08,300.95,104.29,275.77,0.95,-1,-1,-1
104,5,45.92,316.01,95.37,253.97,0.73,-1,-1,-1
104,11,781.83,294.96,105.51,285.92,0.93,-1,-1,-1
104,4,691.59,358.53,21.63,66.63,0.17,-1,-1,-1
104,13,680.40,353.86,30.34,74.71,0.85,-1,-1,-1
104,14,642.68,355.57,23.38,71.37,0.70,-1,-1,-1
104,6,626.90,358.69,32.89,77.42,0.84,-1,-1,-1
104,15,659.88,358.92,22.49,68.42,0.82,-1,-1,-1
104,12,596.00,354.93,28.83,80.07,0.88,-1,-1,-1
104,16,357.85,341.32,37.55,95.75,0.87,-1,-1,-1
105,1,418.73,300.74,105.83,276.42,0.95,-1,-1,-1
105,5,41.03,315.05,99.82,254.48,0.67,-1,-1,-1
105,11,783.94,292.72,106.93,289.47,0.92,-1,-1,-1
105,13,681.94,352.99,30.02,75.83,0.85,-1,-1,-1
105,14,643.14,355.10,22.79,71.47,0.69,-1,-1,-1
105,6,627.75,358.51,32.66,77.48,0.83,-1,-1,-1
105,15,660.24,359.07,21.98,68.12,0.82,-1,-1,-1
105,12,596.40,354.57,28.89,80.18,0.88,-1,-1,-1
105,16,356.17,340.85,36.83,96.10,0.89,-1,-1,-1
106,1,414.56,300.02,106.58,277.75,0.95,-1,-1,-1
106,5,35.35,315.95,103.18,250.49,0.62,-1,-1,-1
106,11,785.02,290.81,108.66,293.22,0.93,-1,-1,-1
106,13,683.34,353.24,29.29,75.08,0.85,-1,-1,-1
106,14,643.83,355.34,22.58,70.94,0.63,-1,-1,-1
106,6,630.66,358.11,31.97,78.13,0.82,-1,-1,-1
106,15,660.30,359.40,22.39,68.04,0.81,-1,-1,-1
106,12,596.44,354.40,29.51,80.84,0.89,-1,-1,-1
106,16,355.11,340.65,35.93,96.50,0.88,-1,-1,-1
107,1,410.85,299.35,107.81,279.14,0.94,-1,-1,-1
107,5,29.55,314.61,105.26,252.78,0.73,-1,-1,-1
107,11,785.70,288.94,110.99,297.28,0.93,-1,-1,-1
107,13,683.78,353.17,28.99,74.82,0.86,-1,-1,-1
107,14,643.41,355.41,22.49,71.66,0.67,-1,-1,-1
107,6,631.68,358.37,31.08,78.09,0.82,-1,-1,-1
107,15,660.26,359.34,23.11,68.32,0.82,-1,-1,-1
107,12,596.38,354.30,29.72,80.80,0.89,-1,-1,-1
107,16,353.50,340.62,34.64,96.04,0.88,-1,-1,-1
108,1,408.78,298.78,106.96,281.66,0.94,-1,-1,-1
108,5,26.58,313.82,105.69,237.93,0.33,-1,-1,-1
108,11,787.11,287.45,112.92,301.65,0.92,-1,-1,-1
108,13,684.80,353.78,27.64,74.73,0.87,-1,-1,-1
108,14,644.14,355.15,22.44,71.02,0.55,-1,-1,-1
108,6,632.32,358.50,31.94,78.04,0.87,-1,-1,-1
108,15,660.52,358.29,23.95,69.61,0.82,-1,-1,-1
108,12,596.94,354.72,29.77,81.07,0.88,-1,-1,-1
108,16,351.98,340.14,33.50,96.69,0.88,-1,-1,-1
109,1,406.60,298.49,106.80,282.77,0.94,-1,-1,-1
109,5,21.36,313.10,107.18,240.05,0.22,-1,-1,-1
109,11,794.13,286.13,110.12,305.52,0.92,-1,-1,-1
109,13,684.86,353.85,27.76,74.67,0.88,-1,-1,-1
109,14,644.44,355.05,22.43,71.06,0.50,-1,-1,-1
109,6,632.57,358.40,32.27,78.30,0.87,-1,-1,-1
109,15,661.53,357.73,23.69,70.08,0.83,-1,-1,-1
109,12,596.89,354.89,29.79,81.14,0.89,-1,-1,-1
109,16,349.75,339.75,33.69,97.46,0.89,-1,-1,-1
110,1,404.46,298.36,104.85,285.37,0.94,-1,-1,-1
110,5,17.03,312.92,104.51,237.09,0.76,-1,-1,-1
110,11,797.74,285.79,113.85,308.79,0.89,-1,-1,-1
110,13,685.55,354.75,27.23,74.02,0.87,-1,-1,-1
110,14,644.94,354.99,22.46,71.35,0.38,-1,-1,-1
110,6,633.94,358.35,31.21,79.26,0.85,-1,-1,-1
110,15,662.02,358.10,23.59,69.93,0.83,-1,-1,-1
110,12,597.87,355.41,29.81,81.12,0.89,-1,-1,-1
110,16,348.27,339.43,33.78,98.86,0.90,-1,-1,-1
110,17,365.40,334.35,20.70,61.65,0.70,-1,-1,-1
111,1,400.78,298.00,107.94,288.30,0.93,-1,-1,-1
111,5,12.47,313.39,95.06,226.54,0.76,-1,-1,-1
111,11,800.39,286.02,113.38,311.64,0.91,-1,-1,-1
111,13,685.35,354.92,27.62,74.07,0.88,-1,-1,-1
111,14,645.31,355.40,22.46,72.35,0.28,-1,-1,-1
111,6,635.22,358.46,30.78,78.99,0.82,-1,-1,-1
111,15,662.38,358.38,23.53,69.84,0.83,-1,-1,-1
111,12,598.74,355.87,29.79,80.78,0.89,-1,-1,-1
111,16,347.00,339.42,33.49,98.74,0.89,-1,-1,-1
111,17,364.65,334.61,21.08,61.74,0.73,-1,-1,-1
111,18,230.40,350.77,47.70,116.32,0.74,-1,-1,-1
112,1,396.20,298.58,106.40,289.75,0.93,-1,-1,-1
112,5,6.51,313.80,106.45,238.14,0.75,-1,-1,-1
112,11,801.41,286.61,113.13,315.38,0.92,-1,-1,-1
112,13,685.58,355.59,27.17,74.13,0.89,-1,-1,-1
112,14,646.64,355.86,21.25,63.20,0.14,-1,-1,-1
112,6,636.27,358.36,31.84,80.71,0.83,-1,-1,-1
112,15,662.81,358.64,23.50,70.43,0.85,-1,-1,-1
112,12,599.33,356.05,29.18,81.28,0.89,-1,-1,-1
112,16,345.16,339.10,33.98,100.76,0.89,-1,-1,-1
112,17,364.20,335.11,21.16,62.14,0.69,-1,-1,-1
112,18,223.79,343.92,51.36,142.26,0.73,-1,-1,-1
113,1,390.15,299.10,110.02,294.05,0.92,-1,-1,-1
113,5,1.62,313.86,110.99,245.95,0.77,-1,-1,-1
113,11,802.33,287.37,124.99,318.99,0.85,-1,-1,-1
113,13,685.95,356.66,27.02,73.84,0.89,-1,-1,-1
113,6,636.06,358.41,34.02,82.52,0.86,-1,-1,-1
113,15,662.98,358.97,23.49,70.64,0.84,-1,-1,-1
113,12,599.57,356.20,29.56,81.75,0.89,-1,-1,-1
113,16,341.58,338.99,35.67,102.66,0.91,-1,-1,-1
113,17,363.09,335.37,22.23,62.21,0.70,-1,-1,-1
113,18,219.49,343.58,53.10,140.75,0.70,-1,-1,-1
114,1,385.93,300.52,111.35,293.22,0.93,-1,-1,-1
114,5,-6.27,314.67,118.64,254.69,0.69,-1,-1,-1
114,11,803.21,288.61,118.44,322.04,0.90,-1,-1,-1
114,13,686.05,357.53,26.96,73.44,0.88,-1,-1,-1
114,6,635.07,360.24,36.60,81.71,0.86,-1,-1,-1
114,15,663.01,359.26,23.48,71.01,0.82,-1,-1,-1
114,12,600.22,356.27,29.10,82.82,0.90,-1,-1,-1
114,16,339.24,339.88,36.01,103.35,0.90,-1,-1,-1
114,17,363.96,335.78,21.57,61.86,0.61,-1,-1,-1
114,18,213.36,349.02,55.06,116.48,0.54,-1,-1,-1
115,1,377.11,301.27,116.55,294.19,0.94,-1,-1,-1
115,5,-10.77,313.85,119.75,264.82,0.74,-1,-1,-1
115,11,802.75,289.29,117.31,325.03,0.89,-1,-1,-1
115,13,686.00,358.16,26.94,72.97,0.89,-1,-1,-1
115,6,635.19,360.95,37.00,81.34,0.87,-1,-1,-1
115,15,663.26,359.84,22.87,70.81,0.82,-1,-1,-1
115,12,600.12,356.47,29.51,83.48,0.90,-1,-1,-1
115,16,337.45,340.41,35.52,103.53,0.90,-1,-1,-1
115,17,364.72,335.47,20.97,61.71,0.59,-1,-1,-1
115,18,208.02,352.83,57.61,105.38,0.52,-1,-1,-1
116,1,366.44,301.04,123.29,297.66,0.93,-1,-1,-1
116,5,-16.74,311.94,122.22,265.76,0.63,-1,-1,-1
116,11,799.31,289.72,115.02,328.92,0.93,-1,-1,-1
116,13,686.01,358.37,26.33,72.82,0.88,-1,-1,-1
116,6,634.66,362.54,37.72,80.31,0.86,-1,-1,-1
116,15,663.08,360.03,22.62,71.04,0.82,-1,-1,-1
116,12,600.40,356.06,30.25,84.92,0.90,-1,-1,-1
116,16,334.91,342.18,36.21,103.27,0.88,-1,-1,-1
116,17,364.69,335.63,20.76,61.67,0.60,-1,-1,-1
116,18,209.19,353.85,51.80,113.69,0.72,-1,-1,-1
117,1,356.87,300.54,129.10,299.88,0.94,-1,-1,-1
117,5,-21.12,314.22,123.64,265.02,0.71,-1,-1,-1
117,11,798.01,289.15,113.57,333.32,0.93,-1,-1,-1
117,13,686.01,358.31,26.12,72.79,0.89,-1,-1,-1
117,6,634.74,363.31,36.82,79.62,0.86,-1,-1,-1
117,15,662.41,359.83,23.15,71.44,0.81,-1,-1,-1
117,12,600.49,355.79,30.54,85.47,0.91,-1,-1,-1
117,16,332.76,343.21,36.77,102.86,0.88,-1,-1,-1
117,17,364.16,335.28,20.70,61.98,0.53,-1,-1,-1
117,18,203.95,354.57,52.92,123.13,0.79,-1,-1,-1
118,1,348.33,300.25,133.57,302.42,0.93,-1,-1,-1
118,5,-23.01,314.78,117.28,263.59,0.76,-1,-1,-1
118,11,797.42,288.19,110.52,337.38,0.92,-1,-1,-1
118,13,685.92,357.78,25.42,73.09,0.88,-1,-1,-1
118,6,635.57,359.77,36.42,83.58,0.83,-1,-1,-1
118,15,662.38,359.56,23.32,72.48,0.79,-1,-1,-1
118,12,600.73,355.63,30.63,85.66,0.91,-1,-1,-1
118,16,330.49,343.19,36.95,103.56,0.86,-1,-1,-1
118,17,363.48,334.92,20.98,62.40,0.51,-1,-1,-1
118,18,202.14,355.10,50.91,125.23,0.57,-1,-1,-1
119,1,341.54,299.83,135.09,304.00,0.94,-1,-1,-1
119,5,-24.98,315.96,113.04,253.51,0.78,-1,-1,-1
119,11,795.05,286.70,113.01,340.77,0.93,-1,-1,-1
119,13,685.65,357.31,25.79,73.45,0.88,-1,-1,-1
119,6,635.97,361.73,36.25,81.43,0.81,-1,-1,-1
119,15,662.46,359.04,23.39,73.11,0.80,-1,-1,-1
119,12,601.24,355.16,30.65,85.96,0.90,-1,-1,-1
119,16,329.26,341.80,36.41,104.92,0.86,-1,-1,-1
119,17,363.19,334.46,20.78,60.97,0.36,-1,-1,-1
119,18,198.66,355.67,50.08,123.39,0.77,-1,-1,-1
120,1,335.34,298.80,135.76,306.74,0.93,-1,-1,-1
120,5,-28.46,315.13,112.77,245.87,0.12,-1,-1,-1
120,11,791.98,284.62,119.44,345.37,0.93,-1,-1,-1
120,13,685.62,356.42,25.96,73.37,0.88,-1,-1,-1
120,6,637.64,361.98,35.62,81.54,0.86,-1,-1,-1
120,15,662.25,359.19,24.04,72.51,0.79,-1,-1,-1
120,12,601.72,354.60,30.70,86.43,0.90,-1,-1,-1
120,16,327.56,339.56,35.34,107.29,0.88,-1,-1,-1
120,17,361.95,334.06,22.57,64.50,0.21,-1,-1,-1
120,18,192.54,355.61,49.39,119.91,0.65,-1,-1,-1
121,1,329.36,298.14,136.13,309.16,0.94,-1,-1,-1
121,11,788.38,282.48,127.64,349.31,0.94,-1,-1,-1
121,13,685.23,356.01,26.61,73.33,0.88,-1,-1,-1
121,6,637.88,361.67,36.55,81.87,0.85,-1,-1,-1
121,15,662.39,359.02,23.67,72.56,0.76,-1,-1,-1
121,12,602.12,354.00,30.69,86.88,0.90,-1,-1,-1
121,16,325.96,337.97,35.20,108.74,0.86,-1,-1,-1
121,17,360.17,334.08,22.31,68.74,0.18,-1,-1,-1
121,18,187.81,353.66,50.59,127.64,0.75,-1,-1,-1
122,1,322.88,295.40,137.17,313.59,0.94,-1,-1,-1
122,11,780.74,280.43,140.15,354.71,0.93,-1,-1,-1
122,13,685.17,355.37,26.88,74.23,0.87,-1,-1,-1
122,6,638.34,360.78,37.50,82.89,0.87,-1,-1,-1
122,15,660.73,358.93,24.74,72.88,0.73,-1,-1,-1
122,12,602.04,353.31,32.49,87.94,0.90,-1,-1,-1
122,16,323.80,337.42,35.48,109.56,0.85,-1,-1,-1
122,18,182.74,352.57,48.18,128.60,0.72,-1,-1,-1
123,1,316.90,295.60,137.90,314.32,0.94,-1,-1,-1
123,11,772.71,277.89,153.64,360.30,0.92,-1,-1,-1
123,13,685.03,354.86,27.54,75.10,0.87,-1,-1,-1
123,6,638.72,360.16,37.81,83.78,0.86,-1,-1,-1
123,15,660.33,358.63,25.10,73.22,0.70,-1,-1,-1
123,12,601.98,353.09,33.12,88.24,0.90,-1,-1,-1
123,16,322.10,336.34,35.23,110.92,0.85,-1,-1,-1
123,18,176.79,353.27,51.10,125.53,0.76,-1,-1,-1
124,1,310.52,296.40,139.08,316.74,0.94,-1,-1,-1
124,11,765.40,276.66,166.70,365.89,0.91,-1,-1,-1
124,13,684.98,354.74,27.81,75.20,0.86,-1,-1,-1
124,6,639.10,359.69,39.12,84.79,0.85,-1,-1,-1
124,15,660.45,358.88,25.25,73.12,0.63,-1,-1,-1
124,12,601.56,352.76,34.55,89.02,0.90,-1,-1,-1
124,16,317.91,336.24,36.66,110.91,0.85,-1,-1,-1
124,18,171.25,353.36,51.40,121.29,0.62,-1,-1,-1
125,1,306.47,294.65,138.60,322.43,0.94,-1,-1,-1
125,11,757.42,276.33,178.70,370.18,0.93,-1,-1,-1
125,13,685.28,355.25,27.32,74.92,0.86,-1,-1,-1
125,6,639.27,359.92,39.03,85.44,0.86,-1,-1,-1
125,15,660.24,358.78,25.30,73.95,0.68,-1,-1,-1
125,12,601.73,353.06,35.10,89.28,0.89,-1,-1,-1
125,16,316.93,337.42,39.57,110.54,0.11,-1,-1,-1
125,18,162.38,350.63,54.23,133.64,0.79,-1,-1,-1
126,1,300.25,294.32,140.65,325.99,0.95,-1,-1,-1
126,11,758.43,275.30,182.51,375.38,0.93,-1,-1,-1
126,13,684.74,355.38,27.71,75.41,0.86,-1,-1,-1
126,6,640.74,359.19,38.95,86.56,0.83,-1,-1,-1
126,15,661.01,358.52,24.70,74.26,0.55,-1,-1,-1
126,12,602.62,353.10,34.09,89.95,0.89,-1,-1,-1
126,16,312.51,334.92,38.03,113.36,0.68,-1,-1,-1
126,18,156.96,349.08,53.78,138.57,0.81,-1,-1,-1
127,1,295.25,294.40,139.72,329.34,0.93,-1,-1,-1
127,11,757.60,273.30,187.74,383.75,0.93,-1,-1,-1
127,13,684.27,355.61,28.48,75.92,0.86,-1,-1,-1
127,6,639.50,356.43,34.18,85.83,0.64,-1,-1,-1
127,15,661.93,358.00,24.49,75.60,0.62,-1,-1,-1
127,12,602.65,353.16,34.31,90.53,0.89,-1,-1,-1
127,16,310.09,334.35,35.61,115.93,0.59,-1,-1,-1
127,18,150.15,349.14,56.17,144.67,0.79,-1,-1,-1
127,14,642.30,359.35,38.50,86.19,0.84,-1,-1,-1
128,1,291.07,295.58,138.06,330.46,0.94,-1,-1,-1
128,11,756.25,272.60,194.19,390.10,0.93,-1,-1,-1
128,13,684.78,355.84,28.76,76.37,0.87,-1,-1,-1
128,6,642.21,358.82,37.29,86.36,0.85,-1,-1,-1
128,15,662.07,357.96,25.00,76.34,0.60,-1,-1,-1
128,12,603.67,353.49,33.18,90.98,0.89,-1,-1,-1
128,16,306.85,334.07,38.96,117.69,0.56,-1,-1,-1
128,18,144.79,349.25,55.72,147.19,0.81,-1,-1,-1
128,14,640.93,356.94,33.91,81.19,0.72,-1,-1,-1
129,1,287.10,295.33,135.56,333.21,0.95,-1,-1,-1
129,11,752.31,272.89,203.47,395.98,0.93,-1,-1,-1
129,13,684.92,356.16,28.27,76.25,0.87,-1,-1,-1
129,6,643.95,359.96,37.13,86.56,0.86,-1,-1,-1
129,15,662.07,358.32,25.19,76.33,0.65,-1,-1,-1
129,12,604.59,353.69,32.73,91.14,0.89,-1,-1,-1
129,18,139.04,349.46,55.81,146.36,0.78,-1,-1,-1
129,14,640.19,355.73,31.46,80.60,0.73,-1,-1,-1
130,1,283.51,293.40,134.26,336.31,0.95,-1,-1,-1
130,11,751.53,271.40,211.00,403.89,0.92,-1,-1,-1
130,13,685.08,357.31,27.46,75.91,0.88,-1,-1,-1
130,6,645.59,359.47,38.25,88.73,0.86,-1,-1,-1
130,15,662.17,358.00,25.25,76.62,0.58,-1,-1,-1
130,12,605.01,354.20,32.55,91.20,0.89,-1,-1,-1
130,18,133.29,352.60,55.07,142.85,0.68,-1,-1,-1
130,14,640.02,355.27,30.51,79.77,0.74,-1,-1,-1
131,1,277.75,292.07,136.03,339.08,0.95,-1,-1,-1
131,11,756.86,269.97,211.85,410.71,0.94,-1,-1,-1
131,13,685.34,357.95,27.13,75.39,0.88,-1,-1,-1
131,6,645.53,358.76,38.62,90.33,0.86,-1,-1,-1
131,15,662.72,357.49,25.85,77.52,0.67,-1,-1,-1
131,12,605.74,354.46,31.85,92.00,0.88,-1,-1,-1
131,18,127.35,351.93,55.92,148.47,0.47,-1,-1,-1
131,14,639.93,355.17,30.12,79.33,0.71,-1,-1,-1
132,1,270.58,293.60,138.04,339.13,0.95,-1,-1,-1
132,11,762.15,268.57,213.36,418.63,0.94,-1,-1,-1
132,13,685.22,358.27,27.65,75.25,0.88,-1,-1,-1
132,6,646.42,358.42,39.99,91.28,0.86,-1,-1,-1
132,15,663.00,356.94,26.69,78.21,0.66,-1,-1,-1
132,12,606.61,353.90,31.62,92.66,0.89,-1,-1,-1
132,14,639.95,355.23,30.00,78.90,0.73,-1,-1,-1
133,1,262.26,292.24,143.53,343.03,0.94,-1,-1,-1
133,11,769.49,267.47,213.13,423.21,0.91,-1,-1,-1
133,13,685.73,358.36,27.24,75.19,0.87,-1,-1,-1
133,6,647.58,359.17,39.32,91.02,0.87,-1,-1,-1
133,15,663.06,356.71,27.59,78.45,0.65,-1,-1,-1
133,12,607.18,354.26,31.54,92.58,0.89,-1,-1,-1
133,14,640.52,355.09,29.93,79.01,0.75,-1,-1,-1
134,1,254.38,289.00,144.27,347.52,0.95,-1,-1,-1
134,11,775.31,264.00,214.42,430.88,0.92,-1,-1,-1
134,13,685.01,358.19,28.27,75.44,0.88,-1,-1,-1
134,6,647.41,360.76,42.00,89.94,0.90,-1,-1,-1
134,15,664.28,357.64,26.14,76.69,0.49,-1,-1,-1
134,12,607.72,354.35,32.69,93.08,0.90,-1,-1,-1
134,14,641.09,354.85,30.47,79.88,0.75,-1,-1,-1
135,1,245.68,286.59,145.21,352.08,0.95,-1,-1,-1
135,11,802.92,261.44,197.86,436.86,0.92,-1,-1,-1
135,13,685.71,357.49,28.07,75.25,0.88,-1,-1,-1
135,6,647.69,361.03,43.01,89.54,0.90,-1,-1,-1
135,15,664.49,358.28,26.18,75.13,0.47,-1,-1,-1
135,12,608.54,354.36,32.55,92.40,0.89,-1,-1,-1
135,14,641.94,354.28,30.09,80.22,0.68,-1,-1,-1
136,1,236.20,284.65,146.45,357.27,0.95,-1,-1,-1
136,11,799.71,258.15,216.33,444.45,0.92,-1,-1,-1
136,13,686.14,356.36,28.60,75.52,0.88,-1,-1,-1
136,6,649.39,359.82,41.64,91.22,0.86,-1,-1,-1
136,15,665.93,357.35,25.59,75.78,0.30,-1,-1,-1
136,12,609.26,354.10,33.09,93.36,0.90,-1,-1,-1
136,14,643.02,353.82,30.53,81.56,0.73,-1,-1,-1
137,1,229.09,281.84,146.34,362.16,0.95,-1,-1,-1
137,11,806.63,255.31,222.34,450.70,0.93,-1,-1,-1
137,13,686.50,355.93,28.81,75.30,0.89,-1,-1,-1
137,6,650.20,359.52,41.67,91.51,0.86,-1,-1,-1
137,15,666.34,357.46,25.98,75.70,0.32,-1,-1,-1
137,12,609.72,353.72,33.31,93.68,0.90,-1,-1,-1
137,14,643.32,353.96,31.30,82.33,0.74,-1,-1,-1
138,1,222.25,278.46,146.63,367.96,0.95,-1,-1,-1
138,11,819.36,252.48,221.04,458.38,0.92,-1,-1,-1
138,13,686.76,355.05,28.24,75.19,0.87,-1,-1,-1
138,6,651.83,358.52,41.62,92.77,0.87,-1,-1,-1
138,12,609.74,352.38,33.94,95.56,0.90,-1,-1,-1
138,14,643.29,353.74,31.54,81.38,0.76,-1,-1,-1
139,1,214.89,276.58,148.05,372.31,0.95,-1,-1,-1
139,11,835.01,249.22,217.42,467.47,0.91,-1,-1,-1
139,13,687.29,354.77,27.99,75.13,0.87,-1,-1,-1
139,6,651.65,358.33,42.74,92.91,0.87,-1,-1,-1
139,12,610.48,351.31,33.53,97.12,0.90,-1,-1,-1
139,14,643.42,353.71,30.99,80.07,0.78,-1,-1,-1
140,1,207.38,274.89,149.74,378.29,0.95,-1,-1,-1
140,11,856.12,247.62,208.53,475.52,0.91,-1,-1,-1
140,13,687.76,354.56,27.96,75.17,0.87,-1,-1,-1
140,6,653.88,358.47,42.64,93.01,0.87,-1,-1,-1
140,12,611.24,350.23,33.45,98.07,0.91,-1,-1,-1
140,14,643.69,353.61,31.43,80.52,0.78,-1,-1,-1
141,1,199.60,273.87,151.15,383.82,0.95,-1,-1,-1
141,11,882.58,245.66,199.38,482.73,0.93,-1,-1,-1
141,13,688.17,354.33,27.32,76.06,0.88,-1,-1,-1
141,6,654.95,358.22,42.56,93.59,0.88,-1,-1,-1
141,12,611.78,349.97,33.39,99.25,0.91,-1,-1,-1
141,14,644.05,353.27,32.17,81.55,0.81,-1,-1,-1
142,1,192.55,273.91,152.35,388.57,0.95,-1,-1,-1
142,11,908.94,244.68,208.56,493.87,0.91,-1,-1,-1
142,13,688.11,355.02,27.05,76.06,0.88,-1,-1,-1
142,6,656.03,358.59,41.26,93.75,0.90,-1,-1,-1
142,12,612.11,350.49,32.72,99.63,0.90,-1,-1,-1
142,14,644.31,353.46,32.40,82.19,0.86,-1,-1,-1
143,1,186.78,274.10,153.11,393.54,0.95,-1,-1,-1
143,11,920.76,244.52,231.75,498.35,0.89,-1,-1,-1
143,13,688.66,355.44,26.96,73.93,0.88,-1,-1,-1
143,6,656.37,358.74,41.38,93.76,0.90,-1,-1,-1
143,12,612.18,350.57,33.08,100.32,0.90,-1,-1,-1
143,14,644.67,353.40,32.49,82.69,0.87,-1,-1,-1
144,1,181.49,274.19,153.15,399.54,0.95,-1,-1,-1
144,11,936.62,244.33,238.27,503.74,0.92,-1,-1,-1
144,13,688.93,356.51,26.95,72.21,0.88,-1,-1,-1
144,6,657.74,358.35,42.04,94.64,0.90,-1,-1,-1
144,12,612.87,351.52,33.24,99.05,0.90,-1,-1,-1
144,14,645.47,353.23,31.93,83.46,0.86,-1,-1,-1
145,1,174.92,275.76,153.59,403.97,0.95,-1,-1,-1
145,11,944.08,244.83,256.97,507.97,0.86,-1,-1,-1
145,13,689.53,357.38,26.95,72.80,0.88,-1,-1,-1
145,6,658.72,357.79,42.27,96.14,0.88,-1,-1,-1
145,12,613.62,351.91,33.29,99.13,0.90,-1,-1,-1
145,14,645.68,353.36,32.30,84.02,0.87,-1,-1,-1
146,1,168.70,276.65,153.55,409.66,0.95,-1,-1,-1
146,11,955.37,245.82,258.33,513.95,0.88,-1,-1,-1
146,13,688.87,357.99,28.15,73.03,0.87,-1,-1,-1
146,6,657.89,356.82,44.73,97.88,0.88,-1,-1,-1
146,12,614.22,352.19,33.90,100.04,0.90,-1,-1,-1
146,14,646.67,353.99,32.42,83.63,0.86,-1,-1,-1
147,1,162.92,277.20,153.13,414.06,0.95,-1,-1,-1
147,11,969.85,246.14,257.41,521.92,0.89,-1,-1,-1
147,13,689.20,358.56,28.60,72.83,0.87,-1,-1,-1
147,6,658.13,357.40,45.65,97.94,0.88,-1,-1,-1
147,12,614.70,352.35,34.13,100.38,0.90,-1,-1,-1
147,14,647.02,354.13,32.47,84.06,0.86,-1,-1,-1
147,19,1131.30,156.82,165.60,468.67,0.80,-1,-1,-1
148,1,155.49,277.51,154.45,419.40,0.95,-1,-1,-1
148,11,988.63,246.58,253.33,529.34,0.91,-1,-1,-1
148,13,689.33,358.61,28.17,74.90,0.87,-1,-1,-1
148,6,659.66,356.42,45.40,99.15,0.88,-1,-1,-1
148,12,616.04,352.69,33.61,100.51,0.91,-1,-1,-1
148,14,647.73,354.48,32.48,84.54,0.86,-1,-1,-1
148,19,1107.75,153.76,204.75,473.06,0.77,-1,-1,-1
149,1,148.28,278.00,156.34,423.96,0.95,-1,-1,-1
149,11,1005.32,246.33,260.93,541.68,0.90,-1,-1,-1
149,13,689.91,359.14,27.39,74.76,0.87,-1,-1,-1
149,6,660.77,356.14,45.26,99.86,0.88,-1,-1,-1
149,12,616.79,352.60,33.40,100.82,0.90,-1,-1,-1
149,14,648.84,354.53,31.26,84.98,0.87,-1,-1,-1
