0,1,823.95,343.80,121.05,327.60,0.95,-1,-1,-1
0,2,350.10,340.65,47.25,121.95,0.93,-1,-1,-1
0,3,441.67,343.12,40.27,118.58,0.92,-1,-1,-1
0,4,544.05,360.00,28.80,68.40,0.90,-1,-1,-1
0,5,6.27,362.02,76.98,105.97,0.89,-1,-1,-1
0,6,495.90,359.55,24.30,66.15,0.87,-1,-1,-1
0,7,516.60,360.67,24.30,65.70,0.87,-1,-1,-1
0,8,459.90,350.55,39.60,99.45,0.87,-1,-1,-1
0,9,774.00,371.25,31.50,78.75,0.86,-1,-1,-1
0,10,803.70,364.95,18.90,51.75,0.86,-1,-1,-1
0,11,764.10,368.32,16.20,41.85,0.81,-1,-1,-1
0,12,51.67,374.62,73.43,87.52,0.80,-1,-1,-1
0,13,925.20,370.80,19.80,47.25,0.76,-1,-1,-1
1,1,830.69,342.62,122.29,332.31,0.94,-1,-1,-1
1,2,349.95,339.15,46.50,123.91,0.93,-1,-1,-1
1,3,441.15,342.59,42.05,119.56,0.92,-1,-1,-1
1,4,543.73,360.23,29.60,68.79,0.91,-1,-1,-1
1,5,5.72,361.36,76.64,106.37,0.89,-1,-1,-1
1,6,495.97,359.59,25.09,66.55,0.87,-1,-1,-1
1,7,517.84,360.71,23.53,65.70,0.86,-1,-1,-1
1,8,459.57,351.18,38.84,100.24,0.86,-1,-1,-1
1,9,777.23,370.66,33.08,79.93,0.89,-1,-1,-1
1,10,804.98,365.14,18.91,51.75,0.85,-1,-1,-1
1,11,764.98,368.52,16.21,41.46,0.83,-1,-1,-1
1,12,51.76,374.35,73.68,87.52,0.80,-1,-1,-1
1,13,924.54,371.16,19.81,44.91,0.66,-1,-1,-1
2,1,838.18,341.72,122.53,335.91,0.95,-1,-1,-1
2,2,349.59,338.22,46.37,124.60,0.93,-1,-1,-1
2,3,441.43,341.82,42.38,121.13,0.91,-1,-1,-1
2,4,544.06,360.11,29.74,68.86,0.90,-1,-1,-1
2,5,5.37,361.13,74.35,106.26,0.88,-1,-1,-1
2,6,496.01,359.79,25.24,66.61,0.88,-1,-1,-1
2,7,518.79,360.91,23.41,66.06,0.87,-1,-1,-1
2,8,458.13,348.86,40.13,104.23,0.85,-1,-1,-1
2,9,780.25,370.22,31.99,80.82,0.87,-1,-1,-1
2,10,805.59,365.17,18.92,51.76,0.86,-1,-1,-1
2,11,765.53,368.56,16.21,41.40,0.83,-1,-1,-1
2,12,51.56,374.17,73.68,87.70,0.77,-1,-1,-1
2,13,925.18,370.86,19.81,44.15,0.60,-1,-1,-1
3,1,846.71,341.12,123.30,339.77,0.95,-1,-1,-1
3,2,349.16,337.96,46.36,124.80,0.93,-1,-1,-1
3,3,441.75,342.27,42.96,120.61,0.91,-1,-1,-1
3,4,544.23,360.08,29.78,68.89,0.90,-1,-1,-1
3,5,4.93,361.42,72.35,106.23,0.88,-1,-1,-1
3,6,496.42,359.87,25.27,66.64,0.88,-1,-1,-1
3,7,519.11,360.81,23.39,66.18,0.87,-1,-1,-1
3,8,458.58,347.63,40.39,107.52,0.86,-1,-1,-1
3,9,783.32,369.24,31.59,81.79,0.88,-1,-1,-1
3,10,806.55,365.18,18.92,51.08,0.86,-1,-1,-1
3,11,766.46,368.74,16.22,41.39,0.82,-1,-1,-1
3,12,51.08,374.48,74.08,87.08,0.75,-1,-1,-1
4,1,855.03,341.29,124.80,342.15,0.95,-1,-1,-1
4,2,348.82,337.56,46.68,126.14,0.93,-1,-1,-1
4,3,441.45,342.60,45.08,120.87,0.90,-1,-1,-1
4,4,544.52,360.22,29.77,68.88,0.90,-1,-1,-1
4,5,4.31,361.31,75.90,106.38,0.88,-1,-1,-1
4,6,497.12,359.87,24.60,66.63,0.88,-1,-1,-1
4,7,519.43,360.43,23.38,66.53,0.87,-1,-1,-1
4,8,458.70,347.89,40.42,107.21,0.86,-1,-1,-1
4,9,786.06,368.94,30.80,81.73,0.90,-1,-1,-1
4,10,807.35,365.53,19.58,50.52,0.87,-1,-1,-1
4,11,767.27,368.64,16.21,41.72,0.83,-1,-1,-1
4,12,50.85,374.21,74.20,87.53,0.76,-1,-1,-1
5,1,863.83,341.70,125.02,344.84,0.95,-1,-1,-1
5,2,347.94,337.48,48.42,127.25,0.92,-1,-1,-1
5,3,441.56,341.93,47.22,123.38,0.91,-1,-1,-1
5,4,545.66,360.30,29.12,68.89,0.90,-1,-1,-1
5,5,2.59,361.32,80.25,106.78,0.90,-1,-1,-1
5,6,497.42,359.57,25.03,67.61,0.87,-1,-1,-1
5,7,519.91,359.85,23.39,67.30,0.87,-1,-1,-1
5,8,460.25,346.64,39.95,107.31,0.84,-1,-1,-1
5,9,788.62,370.00,29.91,81.05,0.89,-1,-1,-1
5,10,808.71,365.66,19.81,50.68,0.81,-1,-1,-1
5,11,767.98,368.14,16.86,42.16,0.83,-1,-1,-1
5,12,50.46,373.84,74.44,88.68,0.80,-1,-1,-1
6,1,872.19,341.89,125.86,347.35,0.96,-1,-1,-1
6,2,347.11,337.41,47.42,128.46,0.91,-1,-1,-1
6,3,441.31,341.65,48.07,124.17,0.91,-1,-1,-1
6,4,546.48,361.39,29.50,67.91,0.90,-1,-1,-1
6,5,1.43,361.04,82.96,107.96,0.87,-1,-1,-1
6,6,497.66,359.58,25.15,67.91,0.87,-1,-1,-1
6,7,520.18,359.45,23.37,68.15,0.87,-1,-1,-1
6,8,460.66,346.18,40.36,107.84,0.85,-1,-1,-1
6,9,790.96,370.39,31.54,81.70,0.88,-1,-1,-1
6,10,809.73,366.17,18.61,50.40,0.42,-1,-1,-1
6,11,768.80,368.11,16.45,42.29,0.84,-1,-1,-1
6,12,50.04,373.27,73.91,89.66,0.81,-1,-1,-1
6,14,1085.40,373.50,28.80,53.55,0.74,-1,-1,-1
6,15,1069.20,376.42,19.80,49.50,0.72,-1,-1,-1
7,1,880.14,342.90,125.87,348.81,0.95,-1,-1,-1
7,2,344.41,337.44,48.60,130.74,0.92,-1,-1,-1
7,3,441.60,341.92,48.19,126.59,0.91,-1,-1,-1
7,4,547.02,361.35,29.64,68.51,0.90,-1,-1,-1
7,5,0.00,361.01,85.48,109.01,0.89,-1,-1,-1
7,6,498.30,359.63,24.58,67.70,0.88,-1,-1,-1
7,7,520.53,359.51,23.38,68.45,0.87,-1,-1,-1
7,8,461.66,346.40,39.28,107.99,0.86,-1,-1,-1
7,9,792.31,370.10,32.71,82.86,0.88,-1,-1,-1
7,11,769.69,368.30,16.29,42.34,0.85,-1,-1,-1
7,12,49.58,373.14,73.84,90.01,0.80,-1,-1,-1
7,14,1087.75,373.11,27.38,53.55,0.74,-1,-1,-1
7,15,1070.11,376.76,19.82,48.78,0.74,-1,-1,-1
8,1,888.89,344.20,125.24,346.76,0.95,-1,-1,-1
8,2,343.83,337.96,48.71,131.99,0.93,-1,-1,-1
8,3,442.07,342.65,48.19,127.43,0.90,-1,-1,-1
8,4,547.86,361.50,29.08,68.72,0.90,-1,-1,-1
8,5,-1.35,361.34,85.54,109.67,0.87,-1,-1,-1
8,6,499.19,359.82,23.75,67.92,0.87,-1,-1,-1
8,7,521.00,359.56,23.38,68.24,0.87,-1,-1,-1
8,8,462.08,346.69,39.49,108.30,0.86,-1,-1,-1
8,9,794.57,370.61,33.16,83.57,0.89,-1,-1,-1
8,11,770.03,368.37,16.23,42.04,0.85,-1,-1,-1
8,12,49.36,373.14,73.73,90.73,0.81,-1,-1,-1
8,14,1090.35,374.07,25.70,52.16,0.77,-1,-1,-1
8,15,1071.02,376.82,21.21,48.65,0.71,-1,-1,-1
9,1,897.63,345.26,125.14,347.23,0.95,-1,-1,-1
9,2,342.40,339.05,50.01,133.21,0.93,-1,-1,-1
9,3,442.71,343.49,47.02,128.19,0.90,-1,-1,-1
9,4,548.36,361.63,28.91,69.43,0.90,-1,-1,-1
9,5,-3.08,361.72,80.98,110.22,0.88,-1,-1,-1
9,6,499.68,359.84,24.10,68.33,0.89,-1,-1,-1
9,7,521.35,359.23,23.42,69.07,0.88,-1,-1,-1
9,8,462.68,347.53,39.62,108.11,0.86,-1,-1,-1
9,9,796.26,371.13,33.96,83.84,0.89,-1,-1,-1
9,11,770.74,368.43,16.84,42.55,0.84,-1,-1,-1
9,12,48.19,373.84,74.44,91.45,0.80,-1,-1,-1
9,14,1092.05,374.02,28.08,51.72,0.75,-1,-1,-1
9,15,1072.26,376.82,21.70,48.96,0.67,-1,-1,-1
10,1,906.94,345.04,124.41,347.21,0.95,-1,-1,-1
10,2,341.25,339.59,50.46,134.02,0.93,-1,-1,-1
10,3,442.84,344.08,46.50,128.69,0.90,-1,-1,-1
10,4,548.69,361.49,28.83,69.98,0.90,-1,-1,-1
10,5,-4.14,362.09,81.86,110.68,0.87,-1,-1,-1
10,6,500.33,359.96,23.62,69.04,0.88,-1,-1,-1
10,7,521.94,359.24,23.42,69.05,0.89,-1,-1,-1
10,8,462.48,347.67,40.25,110.08,0.85,-1,-1,-1
10,9,799.56,371.47,31.86,83.88,0.90,-1,-1,-1
10,11,771.06,368.44,16.46,43.02,0.84,-1,-1,-1
10,12,47.03,374.19,75.39,91.53,0.80,-1,-1,-1
10,14,1093.56,373.31,27.45,53.65,0.81,-1,-1,-1
10,15,1073.60,376.50,21.80,49.72,0.80,-1,-1,-1
10,13,927.98,374.32,18.04,40.54,0.60,-1,-1,-1
11,1,914.44,344.90,124.29,346.55,0.95,-1,-1,-1
11,2,340.74,340.01,50.26,134.73,0.93,-1,-1,-1
11,3,444.74,344.56,44.27,129.58,0.91,-1,-1,-1
11,4,549.26,361.13,28.78,70.78,0.90,-1,-1,-1
11,5,-4.37,361.58,82.08,111.45,0.86,-1,-1,-1
11,6,500.74,360.14,23.41,69.30,0.88,-1,-1,-1
11,7,522.32,358.78,23.39,69.62,0.89,-1,-1,-1
11,8,462.58,347.70,41.04,109.89,0.85,-1,-1,-1
11,9,801.76,372.11,30.37,83.88,0.90,-1,-1,-1
11,11,771.60,368.81,16.29,42.89,0.84,-1,-1,-1
11,12,46.74,374.73,75.42,91.70,0.80,-1,-1,-1
11,14,1095.76,373.11,25.85,54.60,0.81,-1,-1,-1
11,15,1074.47,376.91,21.78,49.96,0.82,-1,-1,-1
11,13,928.55,374.64,17.96,40.09,0.71,-1,-1,-1
12,1,922.50,344.52,124.28,343.88,0.95,-1,-1,-1
12,2,340.54,339.92,50.19,136.16,0.93,-1,-1,-1
12,3,445.40,345.06,43.58,129.90,0.90,-1,-1,-1
12,4,549.88,361.02,28.77,71.08,0.91,-1,-1,-1
12,5,-4.64,361.18,86.59,112.62,0.88,-1,-1,-1
12,6,500.99,360.08,23.96,70.00,0.89,-1,-1,-1
12,7,522.57,358.50,24.00,71.03,0.88,-1,-1,-1
12,8,461.52,347.61,42.54,110.69,0.84,-1,-1,-1
12,9,802.30,372.34,31.69,84.49,0.89,-1,-1,-1
12,11,771.92,368.96,16.83,42.85,0.85,-1,-1,-1
12,12,46.96,375.33,75.27,91.75,0.82,-1,-1,-1
12,14,1097.24,374.44,25.31,55.87,0.77,-1,-1,-1
12,15,1075.54,377.19,21.76,50.35,0.81,-1,-1,-1
12,13,929.47,374.43,17.94,42.11,0.81,-1,-1,-1
12,16,923.40,373.50,16.20,42.75,0.76,-1,-1,-1
13,1,929.41,343.70,125.51,339.79,0.95,-1,-1,-1
13,2,340.13,339.76,50.46,137.38,0.93,-1,-1,-1
13,3,446.60,345.10,42.73,130.71,0.91,-1,-1,-1
13,4,549.85,360.81,29.38,71.47,0.91,-1,-1,-1
13,5,-4.59,361.24,87.81,112.87,0.89,-1,-1,-1
13,6,501.12,360.36,24.17,69.94,0.88,-1,-1,-1
13,7,523.00,358.84,24.23,71.24,0.88,-1,-1,-1
13,8,462.06,347.59,42.53,112.13,0.82,-1,-1,-1
13,9,804.29,372.24,31.58,85.58,0.89,-1,-1,-1
13,11,772.37,369.13,16.45,42.81,0.85,-1,-1,-1
13,12,46.90,375.45,75.40,92.18,0.82,-1,-1,-1
13,14,1098.95,373.77,25.14,56.62,0.81,-1,-1,-1
13,15,1077.12,376.92,21.74,50.78,0.83,-1,-1,-1
13,13,929.82,374.44,17.94,42.52,0.80,-1,-1,-1
13,16,922.95,373.28,19.10,43.48,0.78,-1,-1,-1
14,1,937.53,342.33,124.68,335.35,0.95,-1,-1,-1
14,2,339.92,339.26,50.22,138.39,0.93,-1,-1,-1
14,3,447.08,344.39,41.94,131.87,0.90,-1,-1,-1
14,4,550.31,360.50,29.59,71.91,0.90,-1,-1,-1
14,5,-4.80,361.35,88.83,113.84,0.88,-1,-1,-1
14,6,501.36,360.36,24.24,70.50,0.88,-1,-1,-1
14,7,523.64,358.88,23.70,71.59,0.87,-1,-1,-1
14,8,466.33,348.10,38.91,111.73,0.79,-1,-1,-1
14,9,808.11,372.76,30.31,85.67,0.91,-1,-1,-1
14,11,772.67,369.14,16.28,42.79,0.85,-1,-1,-1
14,12,46.60,374.70,75.59,93.23,0.80,-1,-1,-1
14,14,1100.57,374.45,23.83,56.25,0.79,-1,-1,-1
14,15,1078.10,376.98,21.71,50.62,0.79,-1,-1,-1
14,13,929.17,374.41,17.93,42.98,0.81,-1,-1,-1
14,16,922.21,373.22,19.63,43.27,0.76,-1,-1,-1
15,1,945.13,341.84,125.58,333.74,0.94,-1,-1,-1
15,2,340.05,338.38,49.82,139.78,0.93,-1,-1,-1
15,3,447.27,343.57,42.26,132.89,0.90,-1,-1,-1
15,4,550.80,360.42,30.27,72.66,0.91,-1,-1,-1
15,5,-6.13,361.60,90.20,114.04,0.88,-1,-1,-1
15,6,501.46,359.95,24.87,71.30,0.87,-1,-1,-1
15,7,524.51,359.84,22.90,71.41,0.86,-1,-1,-1
15,8,463.69,346.96,42.42,112.79,0.82,-1,-1,-1
15,9,811.04,373.57,29.23,84.80,0.90,-1,-1,-1
15,11,772.83,369.18,16.82,42.79,0.85,-1,-1,-1
15,12,47.00,366.61,75.61,102.08,0.82,-1,-1,-1
15,14,1102.41,374.42,24.65,55.49,0.82,-1,-1,-1
15,15,1078.51,377.03,22.91,50.55,0.75,-1,-1,-1
15,13,929.60,374.14,17.94,43.75,0.83,-1,-1,-1
15,16,921.86,373.42,18.48,42.84,0.76,-1,-1,-1
16,1,952.98,341.81,125.87,334.20,0.95,-1,-1,-1
16,2,339.63,337.24,48.46,140.70,0.94,-1,-1,-1
16,3,447.27,341.86,43.88,135.18,0.90,-1,-1,-1
16,4,550.92,360.20,31.11,72.93,0.92,-1,-1,-1
16,5,-6.72,362.20,89.57,113.80,0.87,-1,-1,-1
16,6,501.73,359.90,25.69,71.60,0.88,-1,-1,-1
16,7,525.06,360.76,23.20,71.33,0.86,-1,-1,-1
16,8,463.33,345.46,44.77,114.34,0.82,-1,-1,-1
16,9,814.07,372.21,28.22,86.24,0.90,-1,-1,-1
16,11,772.80,368.57,17.61,43.38,0.85,-1,-1,-1
16,12,46.74,371.54,76.06,96.75,0.83,-1,-1,-1
16,14,1104.75,374.42,23.71,55.18,0.80,-1,-1,-1
16,15,1079.72,377.36,23.34,49.60,0.66,-1,-1,-1
16,13,929.67,374.01,17.94,44.04,0.83,-1,-1,-1
16,16,921.30,373.31,17.04,43.05,0.78,-1,-1,-1
17,1,961.01,341.18,127.17,336.18,0.95,-1,-1,-1
17,2,339.39,336.36,50.35,142.06,0.94,-1,-1,-1
17,3,447.14,340.91,44.63,136.59,0.91,-1,-1,-1
17,4,551.27,359.81,31.42,73.61,0.91,-1,-1,-1
17,5,-7.25,361.99,88.65,114.42,0.86,-1,-1,-1
17,6,502.45,360.47,25.41,71.38,0.86,-1,-1,-1
17,7,526.18,361.84,23.31,70.68,0.85,-1,-1,-1
17,8,464.67,345.34,45.68,114.00,0.80,-1,-1,-1
17,9,816.62,371.53,27.87,87.95,0.91,-1,-1,-1
17,11,773.38,368.48,17.91,43.30,0.85,-1,-1,-1
17,12,47.10,373.22,76.06,95.78,0.83,-1,-1,-1
17,14,1105.53,374.98,24.61,53.25,0.71,-1,-1,-1
17,15,1081.93,377.00,22.30,49.84,0.76,-1,-1,-1
17,13,929.70,373.35,17.95,44.73,0.83,-1,-1,-1
17,16,921.47,372.76,16.26,43.46,0.80,-1,-1,-1
18,1,969.71,340.67,126.47,338.72,0.95,-1,-1,-1
18,2,338.74,335.46,51.62,143.71,0.94,-1,-1,-1
18,3,446.80,339.68,44.92,137.68,0.91,-1,-1,-1
18,4,551.99,359.83,31.54,73.86,0.92,-1,-1,-1
18,5,-7.31,362.22,87.93,114.34,0.87,-1,-1,-1
18,6,502.72,360.69,25.89,71.59,0.87,-1,-1,-1
18,7,526.89,362.11,23.36,70.43,0.87,-1,-1,-1
18,8,466.37,345.33,44.26,114.12,0.80,-1,-1,-1
18,9,818.99,371.86,28.37,87.42,0.90,-1,-1,-1
18,11,773.90,368.60,18.02,43.27,0.86,-1,-1,-1
18,12,47.22,374.45,76.46,94.81,0.83,-1,-1,-1
18,14,1106.39,373.83,24.94,54.04,0.64,-1,-1,-1
18,15,1083.97,376.73,21.88,50.23,0.63,-1,-1,-1
18,13,929.72,373.10,17.95,44.99,0.84,-1,-1,-1
18,16,922.21,372.59,16.05,43.60,0.81,-1,-1,-1
19,1,978.30,341.20,126.31,339.89,0.95,-1,-1,-1
19,2,338.00,334.66,53.04,144.92,0.94,-1,-1,-1
19,3,446.46,339.32,46.25,138.68,0.91,-1,-1,-1
19,4,552.70,359.92,31.60,73.95,0.90,-1,-1,-1
19,5,-7.47,362.23,87.24,114.60,0.86,-1,-1,-1
19,6,502.36,360.86,26.68,71.67,0.86,-1,-1,-1
19,7,527.57,363.63,22.80,69.14,0.85,-1,-1,-1
19,8,467.73,345.44,43.72,114.75,0.80,-1,-1,-1
19,9,821.50,372.31,27.99,87.20,0.90,-1,-1,-1
19,11,774.59,368.53,18.07,43.55,0.84,-1,-1,-1
19,12,47.70,373.94,76.45,95.62,0.82,-1,-1,-1
19,14,1107.53,373.36,26.29,55.53,0.72,-1,-1,-1
19,15,1085.56,376.28,22.95,51.28,0.67,-1,-1,-1
19,13,929.97,373.30,17.97,44.79,0.84,-1,-1,-1
19,16,922.65,372.84,16.01,43.35,0.79,-1,-1,-1
20,1,979.30,345.12,133.35,338.44,0.95,-1,-1,-1
20,2,336.32,333.92,55.02,145.77,0.93,-1,-1,-1
20,3,446.23,338.91,47.33,139.31,0.91,-1,-1,-1
20,4,553.13,360.42,32.20,73.97,0.90,-1,-1,-1
20,5,-7.29,362.64,92.06,114.83,0.89,-1,-1,-1
20,6,502.10,361.53,27.56,71.10,0.86,-1,-1,-1
20,7,527.99,362.85,23.18,70.45,0.86,-1,-1,-1
20,8,466.33,345.18,44.68,115.86,0.84,-1,-1,-1
20,9,824.00,371.77,27.24,87.68,0.90,-1,-1,-1
20,11,775.30,368.69,18.08,43.65,0.85,-1,-1,-1
20,12,47.59,373.72,77.61,96.21,0.83,-1,-1,-1
20,14,1109.53,375.02,23.26,53.70,0.60,-1,-1,-1
20,15,1086.56,376.76,23.33,51.97,0.57,-1,-1,-1
20,13,930.51,373.57,17.98,44.70,0.78,-1,-1,-1
20,16,923.29,372.82,16.02,43.87,0.75,-1,-1,-1
21,1,981.64,350.34,138.40,337.16,0.95,-1,-1,-1
21,2,334.99,333.81,56.40,146.96,0.94,-1,-1,-1
21,3,446.47,338.90,47.92,139.82,0.91,-1,-1,-1
21,4,553.51,360.57,31.86,74.26,0.91,-1,-1,-1
21,5,-7.40,363.49,92.09,115.35,0.89,-1,-1,-1
21,6,502.79,361.76,27.91,71.47,0.87,-1,-1,-1
21,7,529.53,362.83,22.76,70.94,0.87,-1,-1,-1
21,8,466.01,345.23,45.07,116.27,0.85,-1,-1,-1
21,9,825.40,371.74,28.83,88.19,0.91,-1,-1,-1
21,11,776.13,369.10,18.09,43.40,0.85,-1,-1,-1
21,12,47.26,375.05,77.97,95.53,0.86,-1,-1,-1
21,14,1111.13,374.29,24.54,54.52,0.64,-1,-1,-1
21,15,1087.85,376.64,23.49,54.59,0.51,-1,-1,-1
21,13,931.61,373.70,16.80,44.95,0.79,-1,-1,-1
21,16,923.79,372.68,16.05,44.37,0.76,-1,-1,-1
22,1,985.41,349.81,140.27,341.46,0.95,-1,-1,-1
22,2,330.47,334.21,60.67,148.08,0.95,-1,-1,-1
22,3,446.86,339.23,47.96,140.51,0.91,-1,-1,-1
22,4,553.73,360.49,31.70,75.23,0.90,-1,-1,-1
22,5,-7.11,363.78,91.81,115.79,0.90,-1,-1,-1
22,6,503.18,362.30,28.02,71.28,0.87,-1,-1,-1
22,7,529.91,362.81,23.18,71.40,0.88,-1,-1,-1
22,8,464.83,345.56,46.36,117.85,0.84,-1,-1,-1
22,9,826.78,372.05,29.98,88.04,0.90,-1,-1,-1
22,11,776.74,369.44,18.08,43.28,0.85,-1,-1,-1
22,12,47.53,374.95,77.68,96.71,0.81,-1,-1,-1
22,14,1113.11,374.07,23.77,55.38,0.73,-1,-1,-1
22,15,1089.07,377.95,22.34,53.80,0.33,-1,-1,-1
22,13,930.45,373.91,17.57,45.04,0.82,-1,-1,-1
22,16,923.03,373.11,16.07,44.24,0.82,-1,-1,-1
23,1,991.15,350.94,139.67,344.67,0.95,-1,-1,-1
23,2,325.27,334.53,65.39,149.63,0.95,-1,-1,-1
23,3,446.78,339.38,48.36,141.18,0.91,-1,-1,-1
23,4,553.72,360.80,31.61,75.58,0.90,-1,-1,-1
23,5,-6.50,364.24,89.72,116.24,0.89,-1,-1,-1
23,6,503.82,362.53,27.45,71.49,0.86,-1,-1,-1
23,7,530.25,362.84,23.32,71.56,0.89,-1,-1,-1
23,8,466.06,345.59,45.05,118.99,0.86,-1,-1,-1
23,9,828.27,371.99,30.40,88.99,0.89,-1,-1,-1
23,11,776.84,369.65,18.06,43.23,0.85,-1,-1,-1
23,12,47.66,375.57,77.91,96.56,0.82,-1,-1,-1
23,14,1114.85,375.34,22.25,53.92,0.68,-1,-1,-1
23,15,1091.74,378.50,19.45,47.81,0.39,-1,-1,-1
23,13,930.50,374.44,17.83,44.77,0.82,-1,-1,-1
23,16,922.62,373.41,16.08,44.18,0.82,-1,-1,-1
24,1,1003.82,351.82,133.59,347.15,0.94,-1,-1,-1
24,2,319.64,335.52,70.67,150.92,0.95,-1,-1,-1
24,3,445.64,339.69,50.01,142.74,0.91,-1,-1,-1
24,4,553.78,361.89,31.59,75.11,0.90,-1,-1,-1
24,5,-6.21,365.21,89.68,116.39,0.89,-1,-1,-1
24,6,504.43,363.00,27.23,71.86,0.85,-1,-1,-1
24,7,531.03,363.23,23.39,71.91,0.89,-1,-1,-1
24,8,466.90,345.27,44.55,120.72,0.86,-1,-1,-1
24,9,830.64,372.59,30.58,89.04,0.88,-1,-1,-1
24,11,777.26,369.77,18.06,43.51,0.85,-1,-1,-1
24,12,48.27,363.52,77.97,110.14,0.86,-1,-1,-1
24,14,1116.14,376.09,22.94,53.66,0.64,-1,-1,-1
24,15,1094.67,378.82,17.09,41.40,0.20,-1,-1,-1
24,13,930.63,374.48,17.94,45.25,0.81,-1,-1,-1
24,16,923.18,373.23,16.10,44.45,0.80,-1,-1,-1
25,1,1013.55,352.77,131.01,349.94,0.94,-1,-1,-1
25,2,314.92,335.99,74.37,152.56,0.94,-1,-1,-1
25,3,440.59,339.76,56.11,144.68,0.92,-1,-1,-1
25,4,554.15,362.92,30.95,74.33,0.89,-1,-1,-1
25,5,-7.64,365.93,89.31,116.92,0.89,-1,-1,-1
25,6,504.71,363.76,26.52,71.41,0.86,-1,-1,-1
25,7,531.36,363.24,23.39,72.34,0.88,-1,-1,-1
25,8,466.98,345.12,44.30,121.82,0.82,-1,-1,-1
25,9,832.98,372.96,31.20,88.61,0.87,-1,-1,-1
25,11,778.04,369.93,17.44,43.62,0.84,-1,-1,-1
25,12,46.92,372.18,78.46,102.00,0.83,-1,-1,-1
25,14,1117.53,376.19,24.36,54.18,0.58,-1,-1,-1
25,15,1097.96,378.70,14.99,38.53,0.10,-1,-1,-1
25,13,931.03,375.43,17.97,44.55,0.70,-1,-1,-1
25,16,923.15,373.94,16.10,44.26,0.76,-1,-1,-1
25,10,824.85,367.88,18.91,52.63,0.81,-1,-1,-1
26,1,1022.92,353.65,131.27,346.86,0.94,-1,-1,-1
26,2,312.61,337.33,75.83,154.02,0.95,-1,-1,-1
26,3,436.83,340.81,60.24,145.82,0.94,-1,-1,-1
26,4,555.47,362.68,29.51,75.22,0.90,-1,-1,-1
26,5,-9.03,366.32,91.72,117.56,0.86,-1,-1,-1
26,6,505.09,363.72,26.84,72.14,0.88,-1,-1,-1
26,7,531.46,363.64,23.98,71.32,0.88,-1,-1,-1
26,8,467.59,345.78,44.20,122.07,0.85,-1,-1,-1
26,9,835.29,373.65,30.84,87.84,0.87,-1,-1,-1
26,11,778.94,370.25,17.21,43.66,0.85,-1,-1,-1
26,12,47.20,376.16,78.55,98.79,0.85,-1,-1,-1
26,14,1117.46,376.01,23.73,55.56,0.73,-1,-1,-1
26,13,930.61,376.04,17.98,42.78,0.62,-1,-1,-1
26,16,923.16,374.77,16.11,43.28,0.54,-1,-1,-1
26,10,825.25,367.91,20.19,53.00,0.84,-1,-1,-1
27,1,1030.32,353.33,133.74,347.43,0.95,-1,-1,-1
27,2,312.37,338.14,75.77,154.82,0.95,-1,-1,-1
27,3,433.21,341.65,64.29,146.95,0.93,-1,-1,-1
27,4,555.98,363.46,29.58,74.66,0.90,-1,-1,-1
27,5,-8.43,366.60,91.84,118.22,0.88,-1,-1,-1
27,6,505.54,362.79,26.96,73.29,0.87,-1,-1,-1
27,7,532.08,364.83,23.61,70.31,0.89,-1,-1,-1
27,8,467.53,346.47,42.97,122.86,0.82,-1,-1,-1
27,9,837.88,374.35,31.30,89.78,0.88,-1,-1,-1
27,11,779.87,370.51,16.52,43.37,0.86,-1,-1,-1
27,12,47.49,375.52,77.98,100.88,0.82,-1,-1,-1
27,13,929.85,376.09,19.17,43.93,0.75,-1,-1,-1
27,16,923.17,375.66,16.11,42.31,0.66,-1,-1,-1
27,10,825.95,368.21,20.56,53.12,0.85,-1,-1,-1
28,1,1035.29,352.53,138.22,348.23,0.95,-1,-1,-1
28,2,313.00,338.30,74.23,156.39,0.95,-1,-1,-1
28,3,432.13,341.97,66.18,148.20,0.94,-1,-1,-1
28,4,556.51,363.58,29.61,75.03,0.91,-1,-1,-1
28,5,-7.99,366.70,90.96,118.75,0.88,-1,-1,-1
28,6,505.46,362.27,27.01,74.31,0.87,-1,-1,-1
28,7,532.07,364.95,24.07,70.53,0.88,-1,-1,-1
28,8,467.86,346.72,42.50,124.02,0.82,-1,-1,-1
28,9,840.03,374.72,32.65,90.35,0.89,-1,-1,-1
28,11,779.96,370.56,16.87,43.27,0.86,-1,-1,-1
28,12,47.59,363.05,79.03,114.46,0.85,-1,-1,-1
28,13,929.06,376.22,20.78,44.35,0.76,-1,-1,-1
28,16,923.24,375.65,16.12,42.55,0.67,-1,-1,-1
28,10,826.56,368.29,21.30,52.86,0.87,-1,-1,-1
29,1,1040.02,350.68,139.99,347.92,0.95,-1,-1,-1
29,2,313.80,338.15,73.31,158.13,0.94,-1,-1,-1
29,3,434.64,342.32,64.64,149.37,0.94,-1,-1,-1
29,4,557.06,362.47,29.64,76.66,0.90,-1,-1,-1
29,5,-9.49,366.27,95.77,120.13,0.87,-1,-1,-1
29,6,505.78,361.96,27.04,74.99,0.87,-1,-1,-1
29,7,532.41,364.43,24.25,70.92,0.88,-1,-1,-1
29,8,466.53,345.83,43.56,126.96,0.82,-1,-1,-1
29,9,841.78,374.24,33.17,91.74,0.89,-1,-1,-1
29,11,780.38,370.58,17.01,43.53,0.85,-1,-1,-1
29,12,47.66,357.85,79.71,120.20,0.88,-1,-1,-1
29,13,927.17,375.94,22.55,44.81,0.78,-1,-1,-1
29,16,923.39,375.47,16.14,42.65,0.60,-1,-1,-1
29,10,827.18,367.86,22.17,53.36,0.85,-1,-1,-1
30,1,1044.93,348.78,140.55,345.93,0.95,-1,-1,-1
30,2,314.78,336.67,72.28,160.34,0.95,-1,-1,-1
30,3,438.03,342.09,62.44,150.63,0.93,-1,-1,-1
30,4,557.21,364.05,30.24,75.19,0.90,-1,-1,-1
30,5,-9.56,365.96,94.36,120.90,0.88,-1,-1,-1
30,6,506.16,361.05,27.63,76.11,0.88,-1,-1,-1
30,7,532.79,364.31,24.30,72.24,0.87,-1,-1,-1
30,8,465.43,344.98,45.11,131.69,0.80,-1,-1,-1
30,9,843.43,374.04,34.52,92.54,0.89,-1,-1,-1
30,11,780.72,370.71,17.06,43.62,0.85,-1,-1,-1
30,12,47.18,355.34,79.71,123.02,0.87,-1,-1,-1
30,13,927.41,376.12,20.97,44.66,0.73,-1,-1,-1
30,16,923.32,375.38,16.14,42.39,0.54,-1,-1,-1
30,10,827.87,367.98,21.32,52.93,0.86,-1,-1,-1
31,1,1049.60,347.57,137.20,339.38,0.96,-1,-1,-1
31,2,315.80,335.62,70.96,161.90,0.95,-1,-1,-1
31,3,439.97,341.95,60.95,151.68,0.93,-1,-1,-1
31,4,557.58,363.13,30.47,76.41,0.91,-1,-1,-1
31,5,-9.84,365.50,93.46,121.50,0.89,-1,-1,-1
31,6,506.62,360.51,27.85,76.83,0.88,-1,-1,-1
31,7,533.24,363.78,24.33,73.33,0.87,-1,-1,-1
31,8,465.02,344.62,45.71,134.64,0.78,-1,-1,-1
31,9,845.25,374.07,36.19,92.69,0.89,-1,-1,-1
31,11,781.19,370.72,17.08,43.65,0.85,-1,-1,-1
31,12,46.67,354.22,80.21,124.23,0.88,-1,-1,-1
31,13,927.05,376.15,20.28,44.02,0.73,-1,-1,-1
31,16,922.78,375.30,16.15,42.00,0.50,-1,-1,-1
31,10,828.78,368.28,20.97,52.47,0.86,-1,-1,-1
32,1,1054.94,347.48,132.38,331.26,0.95,-1,-1,-1
32,2,317.61,334.77,68.98,163.29,0.95,-1,-1,-1
32,3,441.94,340.96,59.51,153.04,0.93,-1,-1,-1
32,4,558.32,362.24,30.58,77.43,0.90,-1,-1,-1
32,5,-11.45,364.96,95.14,122.55,0.87,-1,-1,-1
32,6,507.11,360.09,27.95,77.65,0.88,-1,-1,-1
32,7,533.43,363.93,24.94,73.44,0.87,-1,-1,-1
32,8,465.20,344.28,47.14,135.72,0.83,-1,-1,-1
32,9,847.65,374.49,36.28,92.55,0.89,-1,-1,-1
32,11,781.96,370.71,17.10,43.66,0.85,-1,-1,-1
32,12,46.76,362.62,80.58,115.72,0.82,-1,-1,-1
32,13,926.02,375.35,21.22,44.37,0.73,-1,-1,-1
32,16,922.88,375.52,16.16,41.25,0.19,-1,-1,-1
32,10,829.39,368.07,21.44,52.89,0.87,-1,-1,-1
33,1,1060.48,352.13,129.22,320.50,0.95,-1,-1,-1
33,2,318.54,333.76,67.55,164.68,0.95,-1,-1,-1
33,3,444.52,339.65,54.86,154.40,0.91,-1,-1,-1
33,4,557.88,362.03,31.19,77.83,0.90,-1,-1,-1
33,5,-13.51,364.83,94.88,123.26,0.87,-1,-1,-1
33,6,507.46,360.34,27.96,77.67,0.88,-1,-1,-1
33,7,532.49,364.54,26.32,72.60,0.87,-1,-1,-1
33,8,466.03,344.71,48.21,130.54,0.87,-1,-1,-1
33,9,849.55,374.72,35.67,92.20,0.90,-1,-1,-1
33,11,782.13,370.90,17.09,43.37,0.85,-1,-1,-1
33,12,46.15,357.64,81.93,120.78,0.87,-1,-1,-1
33,13,925.26,374.86,21.54,44.50,0.77,-1,-1,-1
33,16,922.51,375.10,14.96,37.66,0.15,-1,-1,-1
33,10,830.09,368.07,21.01,53.04,0.86,-1,-1,-1
34,1,1065.87,349.48,129.27,320.99,0.95,-1,-1,-1
34,2,317.83,332.06,64.29,166.78,0.95,-1,-1,-1
34,3,445.94,338.42,54.12,155.94,0.91,-1,-1,-1
34,4,557.08,362.56,32.01,77.97,0.90,-1,-1,-1
34,5,-13.94,364.65,94.93,123.95,0.87,-1,-1,-1
34,6,507.55,360.46,28.55,77.96,0.87,-1,-1,-1
34,7,530.93,364.05,28.00,73.76,0.86,-1,-1,-1
34,8,466.32,344.45,48.61,130.67,0.86,-1,-1,-1
34,9,851.94,374.83,35.42,92.64,0.91,-1,-1,-1
34,11,782.44,371.00,17.09,43.56,0.85,-1,-1,-1
34,12,45.75,355.42,83.96,123.60,0.88,-1,-1,-1
34,13,924.94,374.85,21.66,44.55,0.78,-1,-1,-1
34,16,922.36,374.95,15.74,39.75,0.16,-1,-1,-1
34,10,830.30,368.23,21.43,53.11,0.85,-1,-1,-1
35,1,1071.28,347.43,130.53,324.10,0.96,-1,-1,-1
35,2,316.88,331.31,63.37,167.98,0.95,-1,-1,-1
35,3,446.62,337.83,53.42,157.51,0.91,-1,-1,-1
35,4,557.39,362.78,31.73,78.00,0.90,-1,-1,-1
35,5,-12.99,365.09,93.72,124.04,0.88,-1,-1,-1
35,6,508.21,360.24,28.19,78.63,0.87,-1,-1,-1
35,7,531.22,364.03,28.08,74.17,0.86,-1,-1,-1
35,8,467.07,344.38,48.76,130.98,0.85,-1,-1,-1
35,9,854.30,375.15,35.31,92.50,0.91,-1,-1,-1
35,11,782.88,370.88,17.09,43.63,0.85,-1,-1,-1
35,12,45.61,354.65,84.11,124.93,0.87,-1,-1,-1
35,13,924.30,374.68,21.70,44.56,0.77,-1,-1,-1
35,10,831.00,368.14,21.00,53.42,0.86,-1,-1,-1
36,1,1077.17,347.38,130.98,326.55,0.95,-1,-1,-1
36,2,315.53,330.75,63.63,169.58,0.94,-1,-1,-1
36,3,446.75,337.79,53.74,158.24,0.92,-1,-1,-1
36,4,556.81,362.60,32.80,78.61,0.90,-1,-1,-1
36,5,-12.87,365.66,93.58,124.21,0.87,-1,-1,-1
36,6,508.34,360.63,28.03,78.88,0.87,-1,-1,-1
36,7,531.51,364.07,28.09,74.92,0.85,-1,-1,-1
36,8,467.53,344.54,48.20,130.64,0.87,-1,-1,-1
36,9,856.20,375.05,35.85,93.04,0.91,-1,-1,-1
36,11,783.23,370.90,17.09,43.65,0.85,-1,-1,-1
36,12,44.79,365.05,84.70,115.01,0.83,-1,-1,-1
36,13,923.98,374.86,21.70,44.28,0.81,-1,-1,-1
36,10,831.44,368.33,20.82,53.54,0.86,-1,-1,-1
37,1,1083.35,347.88,131.20,329.76,0.95,-1,-1,-1
37,2,314.44,330.53,64.06,171.10,0.94,-1,-1,-1
37,3,446.57,336.98,53.44,160.46,0.92,-1,-1,-1
37,4,557.37,362.14,32.62,79.67,0.90,-1,-1,-1
37,5,-13.53,366.07,95.58,124.48,0.86,-1,-1,-1
37,6,508.90,361.29,28.57,78.63,0.87,-1,-1,-1
37,7,532.72,364.73,27.50,74.56,0.86,-1,-1,-1
37,8,468.54,345.28,47.98,131.01,0.87,-1,-1,-1
37,9,858.72,375.27,36.05,94.07,0.91,-1,-1,-1
37,11,783.48,371.33,17.69,43.35,0.85,-1,-1,-1
37,12,44.44,369.29,84.01,111.65,0.84,-1,-1,-1
37,13,923.95,375.17,21.70,44.44,0.72,-1,-1,-1
37,10,832.29,368.07,20.16,53.85,0.86,-1,-1,-1
38,1,1089.16,348.95,131.40,332.34,0.95,-1,-1,-1
38,2,312.63,330.68,64.58,173.62,0.95,-1,-1,-1
38,3,446.16,336.60,53.83,161.78,0.92,-1,-1,-1
38,4,558.94,362.62,31.38,80.09,0.90,-1,-1,-1
38,5,-15.94,366.80,96.76,125.06,0.86,-1,-1,-1
38,6,509.55,362.05,27.62,78.54,0.87,-1,-1,-1
38,7,533.35,364.89,27.28,75.34,0.87,-1,-1,-1
38,8,468.45,345.47,48.52,131.64,0.88,-1,-1,-1
38,9,861.71,375.38,34.97,94.78,0.87,-1,-1,-1
38,11,783.56,371.38,18.51,43.85,0.85,-1,-1,-1
38,12,43.45,371.54,83.40,109.86,0.82,-1,-1,-1
38,13,924.03,375.75,21.71,43.93,0.79,-1,-1,-1
38,10,832.91,368.00,19.92,54.29,0.86,-1,-1,-1
39,1,1095.18,349.70,132.56,334.52,0.95,-1,-1,-1
39,2,310.77,330.61,65.92,176.29,0.95,-1,-1,-1
39,3,446.27,336.06,53.93,163.12,0.92,-1,-1,-1
39,4,560.10,363.46,30.87,79.65,0.90,-1,-1,-1
39,5,-16.73,366.99,98.64,125.71,0.87,-1,-1,-1
39,6,510.04,362.69,27.21,78.49,0.86,-1,-1,-1
39,7,533.53,364.70,27.17,75.91,0.87,-1,-1,-1
39,8,468.97,345.73,48.09,132.14,0.88,-1,-1,-1
39,9,863.86,375.11,39.90,95.37,0.90,-1,-1,-1
39,11,784.07,371.66,18.23,43.74,0.86,-1,-1,-1
39,12,42.81,361.31,83.84,122.15,0.87,-1,-1,-1
39,13,924.56,376.43,20.50,43.13,0.80,-1,-1,-1
39,10,833.93,368.55,19.82,53.86,0.85,-1,-1,-1
39,15,1109.73,378.14,25.09,52.92,0.69,-1,-1,-1
40,1,1102.05,353.03,132.07,334.33,0.95,-1,-1,-1
40,2,309.59,331.03,66.26,179.41,0.94,-1,-1,-1
40,3,446.48,336.08,54.09,164.41,0.92,-1,-1,-1
40,4,561.08,364.99,30.74,78.62,0.90,-1,-1,-1
40,5,-18.90,367.66,100.70,126.29,0.86,-1,-1,-1
40,6,511.05,363.73,26.52,78.21,0.86,-1,-1,-1
40,7,534.15,364.97,27.17,76.16,0.87,-1,-1,-1
40,8,469.36,346.19,48.60,136.23,0.88,-1,-1,-1
40,9,866.90,374.75,42.30,96.65,0.91,-1,-1,-1
40,11,784.71,371.70,18.74,43.72,0.86,-1,-1,-1
40,12,42.62,358.22,83.90,126.91,0.88,-1,-1,-1
40,13,925.33,376.86,20.07,42.86,0.80,-1,-1,-1
40,10,835.06,368.52,19.82,54.31,0.84,-1,-1,-1
40,15,1111.83,378.23,26.56,51.53,0.72,-1,-1,-1
41,1,1107.46,354.14,132.91,335.82,0.95,-1,-1,-1
41,2,308.65,331.67,66.89,182.04,0.94,-1,-1,-1
41,3,446.51,336.45,54.67,166.23,0.92,-1,-1,-1
41,4,561.01,366.06,31.25,77.87,0.90,-1,-1,-1
41,5,-20.32,368.30,102.88,126.85,0.85,-1,-1,-1
41,6,511.92,364.60,26.22,78.04,0.85,-1,-1,-1
41,7,534.26,364.97,27.13,76.79,0.86,-1,-1,-1
41,8,469.75,346.27,48.73,137.23,0.87,-1,-1,-1
41,9,869.37,375.15,42.07,96.89,0.89,-1,-1,-1
41,11,785.23,372.10,18.32,43.67,0.86,-1,-1,-1
41,12,42.69,356.52,84.54,129.70,0.87,-1,-1,-1
41,13,925.22,376.97,19.88,43.33,0.79,-1,-1,-1
41,10,835.42,368.90,19.80,54.15,0.86,-1,-1,-1
41,15,1112.06,378.44,27.15,54.56,0.82,-1,-1,-1
42,1,1113.13,355.28,132.98,337.61,0.95,-1,-1,-1
42,2,307.28,332.55,68.18,183.74,0.94,-1,-1,-1
42,3,445.58,336.44,56.41,168.81,0.92,-1,-1,-1
42,4,561.04,365.78,31.98,78.48,0.89,-1,-1,-1
42,5,-19.70,367.60,100.87,128.87,0.87,-1,-1,-1
42,6,512.62,367.49,25.46,74.70,0.83,-1,-1,-1
42,7,534.37,364.13,27.06,77.61,0.84,-1,-1,-1
42,8,469.68,345.71,49.26,138.47,0.86,-1,-1,-1
42,9,871.12,375.14,41.27,97.42,0.91,-1,-1,-1
42,11,785.15,372.17,18.12,43.96,0.87,-1,-1,-1
42,12,42.36,354.99,85.35,130.77,0.88,-1,-1,-1
42,13,924.91,376.72,19.79,43.82,0.79,-1,-1,-1
42,10,835.27,369.00,20.36,54.09,0.87,-1,-1,-1
42,15,1111.77,378.68,28.45,55.15,0.79,-1,-1,-1
43,1,1118.61,357.54,133.05,336.86,0.95,-1,-1,-1
43,2,306.19,332.71,68.98,185.45,0.94,-1,-1,-1
43,3,447.10,336.82,56.50,170.87,0.92,-1,-1,-1
43,4,561.72,365.41,32.27,79.58,0.89,-1,-1,-1
43,5,-19.54,368.68,102.35,128.98,0.86,-1,-1,-1
43,6,513.27,373.16,25.19,68.87,0.84,-1,-1,-1
43,7,535.09,363.56,27.04,78.19,0.85,-1,-1,-1
43,8,470.64,344.68,50.07,140.94,0.87,-1,-1,-1
43,9,873.81,374.51,39.18,98.75,0.91,-1,-1,-1
43,11,785.46,372.18,18.04,44.06,0.86,-1,-1,-1
43,12,42.61,354.75,87.17,132.96,0.88,-1,-1,-1
43,13,924.24,377.17,19.76,43.10,0.80,-1,-1,-1
43,10,836.12,369.31,20.57,53.75,0.87,-1,-1,-1
43,15,1112.19,379.26,27.83,54.46,0.82,-1,-1,-1
44,1,1124.37,356.68,134.60,336.96,0.95,-1,-1,-1
44,2,305.49,332.90,70.05,187.06,0.94,-1,-1,-1
44,3,445.74,337.29,58.60,172.64,0.92,-1,-1,-1
44,4,562.66,364.96,32.46,80.94,0.89,-1,-1,-1
44,5,-17.75,369.46,103.12,129.06,0.86,-1,-1,-1
44,6,514.43,373.58,25.77,68.94,0.82,-1,-1,-1
44,7,535.73,363.50,27.69,78.46,0.86,-1,-1,-1
44,8,471.58,343.73,49.92,143.42,0.87,-1,-1,-1
44,9,877.24,373.64,38.45,100.04,0.88,-1,-1,-1
44,11,786.48,372.19,17.47,43.83,0.86,-1,-1,-1
44,12,42.85,354.43,90.03,134.42,0.89,-1,-1,-1
44,13,924.75,377.58,19.80,42.56,0.78,-1,-1,-1
44,10,837.40,368.96,20.71,53.96,0.87,-1,-1,-1
44,15,1113.91,379.16,27.61,54.18,0.81,-1,-1,-1
45,1,1129.70,356.25,135.05,336.12,0.95,-1,-1,-1
45,2,305.46,332.88,69.79,189.21,0.94,-1,-1,-1
45,3,446.02,337.83,58.61,174.71,0.92,-1,-1,-1
45,4,563.57,364.67,31.90,81.37,0.89,-1,-1,-1
45,5,-16.57,370.33,105.48,128.81,0.87,-1,-1,-1
45,6,515.17,371.14,26.56,71.66,0.83,-1,-1,-1
45,7,536.26,363.07,27.91,78.77,0.85,-1,-1,-1
45,8,471.99,342.68,50.39,143.63,0.87,-1,-1,-1
45,9,879.66,373.49,36.94,100.13,0.86,-1,-1,-1
45,11,786.65,371.93,17.23,44.00,0.86,-1,-1,-1
45,12,43.08,360.06,90.88,129.23,0.84,-1,-1,-1
45,13,923.74,377.32,19.79,42.63,0.82,-1,-1,-1
45,10,837.90,368.57,20.15,54.28,0.87,-1,-1,-1
45,15,1114.33,378.87,28.63,54.89,0.81,-1,-1,-1
46,1,1135.45,356.65,135.19,333.57,0.96,-1,-1,-1
46,2,305.72,332.38,69.66,191.24,0.94,-1,-1,-1
46,3,445.97,338.32,59.46,176.57,0.93,-1,-1,-1
46,4,564.97,364.87,31.68,81.27,0.90,-1,-1,-1
46,5,-15.74,369.94,104.54,129.51,0.87,-1,-1,-1
46,6,515.87,371.42,26.86,71.21,0.83,-1,-1,-1
46,7,537.20,363.22,26.21,79.48,0.86,-1,-1,-1
46,8,473.16,342.42,49.95,144.31,0.88,-1,-1,-1
46,9,881.95,374.12,37.56,100.06,0.86,-1,-1,-1
46,11,786.65,371.75,17.74,44.39,0.85,-1,-1,-1
46,12,43.28,356.67,89.72,132.56,0.90,-1,-1,-1
46,13,922.48,376.56,20.99,43.58,0.77,-1,-1,-1
46,10,838.64,368.80,19.92,54.43,0.87,-1,-1,-1
46,15,1115.46,378.91,29.01,55.16,0.83,-1,-1,-1
47,1,1139.90,354.82,135.07,331.91,0.96,-1,-1,-1
47,2,305.29,331.21,69.21,193.06,0.94,-1,-1,-1
47,3,445.48,338.74,59.99,177.46,0.93,-1,-1,-1
47,4,565.24,364.75,31.55,81.49,0.89,-1,-1,-1
47,5,-15.67,369.57,105.29,130.03,0.87,-1,-1,-1
47,6,516.80,376.55,25.75,66.22,0.83,-1,-1,-1
47,7,537.93,363.68,25.50,79.14,0.85,-1,-1,-1
47,8,473.70,342.72,50.30,144.34,0.88,-1,-1,-1
47,9,883.86,374.41,37.14,99.68,0.84,-1,-1,-1
47,11,786.62,372.01,17.31,44.22,0.85,-1,-1,-1
47,12,43.47,356.57,90.01,132.71,0.90,-1,-1,-1
47,13,922.21,376.35,20.24,43.62,0.78,-1,-1,-1
47,10,839.15,368.93,19.22,54.47,0.87,-1,-1,-1
47,15,1115.38,379.20,29.10,54.93,0.80,-1,-1,-1
48,1,1145.31,353.01,131.38,330.04,0.96,-1,-1,-1
48,2,304.35,330.58,69.59,193.82,0.94,-1,-1,-1
48,3,445.49,339.19,60.73,178.31,0.93,-1,-1,-1
48,4,565.51,363.81,31.49,82.74,0.88,-1,-1,-1
48,5,-15.72,369.34,107.27,130.20,0.87,-1,-1,-1
48,6,517.31,368.89,27.14,74.53,0.83,-1,-1,-1
48,7,537.77,363.26,25.84,80.47,0.85,-1,-1,-1
48,8,474.09,343.28,49.80,142.66,0.88,-1,-1,-1
48,9,886.11,375.02,36.96,99.65,0.88,-1,-1,-1
48,11,786.44,372.13,17.14,44.15,0.84,-1,-1,-1
48,12,43.54,354.28,89.09,135.50,0.91,-1,-1,-1
48,13,921.97,376.31,19.93,43.64,0.79,-1,-1,-1
48,10,839.15,368.86,18.94,54.47,0.87,-1,-1,-1
48,15,1114.51,379.38,30.26,55.40,0.80,-1,-1,-1
49,1,1151.54,352.22,127.69,325.15,0.95,-1,-1,-1
49,2,303.61,329.77,70.38,195.65,0.94,-1,-1,-1
49,3,445.10,339.32,61.06,179.88,0.92,-1,-1,-1
49,4,566.39,365.31,32.69,81.14,0.88,-1,-1,-1
49,5,-14.27,369.51,103.67,130.52,0.86,-1,-1,-1
49,6,518.27,365.55,27.66,78.47,0.84,-1,-1,-1
49,7,537.90,362.89,26.59,81.55,0.85,-1,-1,-1
49,8,473.22,343.00,52.04,146.15,0.88,-1,-1,-1
49,9,893.36,375.85,32.44,97.81,0.75,-1,-1,-1
49,11,787.48,372.48,16.49,43.52,0.85,-1,-1,-1
49,12,43.76,355.14,88.90,136.21,0.91,-1,-1,-1
49,13,920.63,375.81,20.73,44.24,0.77,-1,-1,-1
49,10,839.96,368.68,18.87,54.77,0.87,-1,-1,-1
49,15,1114.41,378.47,30.72,55.84,0.83,-1,-1,-1
49,17,887.85,380.47,30.60,93.38,0.80,-1,-1,-1
50,1,1156.58,352.13,125.08,317.86,0.95,-1,-1,-1
50,2,302.44,328.52,71.24,197.80,0.94,-1,-1,-1
50,3,443.17,339.75,63.06,180.04,0.93,-1,-1,-1
50,4,565.97,364.06,36.64,82.32,0.89,-1,-1,-1
50,5,-14.79,369.45,104.81,131.25,0.87,-1,-1,-1
50,6,518.46,363.87,28.44,80.92,0.84,-1,-1,-1
50,7,538.68,363.02,26.86,82.25,0.84,-1,-1,-1
50,8,470.69,342.85,54.60,148.34,0.88,-1,-1,-1
50,9,892.12,374.78,37.61,100.92,0.87,-1,-1,-1
50,11,787.45,372.47,16.86,43.59,0.86,-1,-1,-1
50,12,43.35,355.10,88.93,137.64,0.92,-1,-1,-1
50,13,921.51,375.81,18.96,44.46,0.79,-1,-1,-1
50,10,840.13,368.92,19.44,54.59,0.86,-1,-1,-1
50,15,1114.85,378.04,30.86,56.30,0.85,-1,-1,-1
51,1,1161.89,351.97,124.16,313.52,0.94,-1,-1,-1
51,2,301.37,327.23,72.16,200.31,0.94,-1,-1,-1
51,3,442.52,339.83,64.40,181.65,0.93,-1,-1,-1
51,4,566.45,363.79,38.13,83.04,0.88,-1,-1,-1
51,5,-15.39,369.80,105.86,131.50,0.88,-1,-1,-1
51,6,518.88,363.57,28.74,82.14,0.85,-1,-1,-1
51,7,539.93,363.42,25.79,81.89,0.86,-1,-1,-1
51,8,471.24,342.57,54.43,148.83,0.87,-1,-1,-1
51,9,894.17,374.73,38.09,101.73,0.86,-1,-1,-1
51,11,787.50,372.64,16.99,43.32,0.85,-1,-1,-1
51,12,43.68,355.47,88.62,137.83,0.92,-1,-1,-1
51,13,922.60,375.98,17.03,44.54,0.81,-1,-1,-1
51,10,840.83,369.05,19.06,54.51,0.86,-1,-1,-1
51,15,1115.65,378.19,30.90,55.86,0.84,-1,-1,-1
52,1,1168.09,351.52,126.34,309.62,0.89,-1,-1,-1
52,2,300.37,327.16,72.85,201.80,0.94,-1,-1,-1
52,3,443.15,339.79,64.22,182.07,0.90,-1,-1,-1
52,4,567.94,364.49,38.17,82.99,0.88,-1,-1,-1
52,5,-16.45,370.42,108.68,132.17,0.88,-1,-1,-1
52,6,518.88,360.61,29.46,85.51,0.82,-1,-1,-1
52,7,539.94,363.63,26.60,82.35,0.85,-1,-1,-1
52,8,469.25,342.53,57.89,149.89,0.88,-1,-1,-1
52,9,896.56,375.12,39.19,102.48,0.86,-1,-1,-1
52,11,788.00,372.71,17.06,43.82,0.86,-1,-1,-1
52,12,43.69,356.26,89.18,137.71,0.90,-1,-1,-1
52,13,923.21,375.87,16.35,44.28,0.71,-1,-1,-1
52,10,840.98,369.22,19.54,54.49,0.86,-1,-1,-1
52,15,1116.19,378.32,30.91,55.67,0.82,-1,-1,-1
52,14,1143.90,380.23,25.21,54.45,0.61,-1,-1,-1
53,1,1173.55,351.12,124.66,309.71,0.87,-1,-1,-1
53,2,298.29,326.60,74.18,203.86,0.95,-1,-1,-1
53,3,443.91,339.17,63.44,183.28,0.89,-1,-1,-1
53,4,569.02,364.51,38.12,84.78,0.90,-1,-1,-1
53,5,-17.48,369.94,110.63,133.67,0.88,-1,-1,-1
53,6,519.07,363.70,29.69,83.34,0.84,-1,-1,-1
53,7,540.76,365.08,26.85,82.53,0.85,-1,-1,-1
53,8,470.42,343.27,56.82,150.58,0.87,-1,-1,-1
53,9,897.97,376.53,40.44,102.19,0.90,-1,-1,-1
53,11,787.86,372.75,17.66,44.03,0.85,-1,-1,-1
53,12,43.53,356.19,89.56,138.58,0.91,-1,-1,-1
53,13,921.29,375.91,17.36,43.90,0.25,-1,-1,-1
53,10,841.01,369.49,19.69,54.80,0.85,-1,-1,-1
53,15,1116.70,380.20,30.87,54.42,0.77,-1,-1,-1
53,14,1145.33,380.16,23.94,54.45,0.56,-1,-1,-1
54,1,1175.77,354.08,127.63,307.80,0.89,-1,-1,-1
54,2,296.13,326.56,75.83,204.66,0.95,-1,-1,-1
54,3,449.13,338.95,57.92,184.49,0.92,-1,-1,-1
54,4,569.69,363.91,38.07,86.30,0.92,-1,-1,-1
54,5,-15.97,370.20,109.77,134.32,0.90,-1,-1,-1
54,6,518.83,363.63,30.35,84.76,0.88,-1,-1,-1
54,7,541.64,365.47,26.95,83.15,0.84,-1,-1,-1
54,8,468.57,345.90,57.51,148.70,0.88,-1,-1,-1
54,9,899.48,376.44,40.31,103.21,0.91,-1,-1,-1
54,11,788.01,373.03,17.88,44.09,0.86,-1,-1,-1
54,12,43.84,356.63,89.89,138.97,0.92,-1,-1,-1
54,10,840.90,369.26,20.34,55.19,0.86,-1,-1,-1
54,15,1116.70,381.02,30.83,53.91,0.82,-1,-1,-1
54,14,1146.22,379.81,23.53,54.73,0.72,-1,-1,-1
55,1,1175.49,355.98,126.45,308.34,0.89,-1,-1,-1
55,2,291.13,326.81,80.60,207.12,0.96,-1,-1,-1
55,3,451.04,338.50,56.43,186.24,0.92,-1,-1,-1
55,4,570.43,363.44,38.64,87.45,0.91,-1,-1,-1
55,5,-16.87,370.95,111.90,135.27,0.89,-1,-1,-1
55,6,519.23,364.41,30.61,84.67,0.88,-1,-1,-1
55,7,542.76,365.68,26.41,83.66,0.86,-1,-1,-1
55,8,468.07,346.70,58.38,149.41,0.89,-1,-1,-1
55,9,902.27,376.38,39.98,104.16,0.90,-1,-1,-1
55,11,788.28,373.13,17.98,44.11,0.86,-1,-1,-1
55,12,44.19,357.74,89.84,138.92,0.91,-1,-1,-1
55,10,841.66,369.46,20.01,55.04,0.85,-1,-1,-1
55,15,1117.51,381.39,30.81,53.41,0.84,-1,-1,-1
55,14,1147.34,379.59,23.40,55.14,0.69,-1,-1,-1
56,1,1169.91,358.00,133.26,307.36,0.90,-1,-1,-1
56,2,282.81,327.95,88.49,209.43,0.95,-1,-1,-1
56,3,450.90,337.53,57.62,188.60,0.92,-1,-1,-1
56,4,571.54,363.92,38.87,87.54,0.91,-1,-1,-1
56,5,-16.63,372.39,114.60,134.95,0.89,-1,-1,-1
56,6,519.63,365.55,30.73,84.58,0.88,-1,-1,-1
56,7,543.12,367.00,26.82,82.93,0.86,-1,-1,-1
56,8,470.20,347.71,56.98,149.88,0.89,-1,-1,-1
56,9,904.93,376.75,40.16,105.21,0.90,-1,-1,-1
56,11,788.59,373.16,18.02,44.10,0.85,-1,-1,-1
56,12,44.41,359.03,90.84,139.40,0.90,-1,-1,-1
56,10,842.14,369.05,19.89,55.85,0.84,-1,-1,-1
56,15,1118.55,381.55,29.62,53.20,0.83,-1,-1,-1
56,14,1148.46,380.87,22.15,53.77,0.66,-1,-1,-1
57,1,1163.55,359.03,146.24,306.43,0.89,-1,-1,-1
57,2,273.76,328.98,96.61,211.37,0.95,-1,-1,-1
57,3,449.53,336.70,60.58,191.06,0.93,-1,-1,-1
57,4,572.82,364.69,37.76,87.52,0.91,-1,-1,-1
57,5,-17.29,373.06,114.53,135.51,0.90,-1,-1,-1
57,6,520.08,364.80,30.76,85.67,0.89,-1,-1,-1
57,7,543.55,368.07,28.15,82.03,0.86,-1,-1,-1
57,8,470.77,348.36,57.57,149.43,0.89,-1,-1,-1
57,9,907.26,376.72,39.92,106.01,0.90,-1,-1,-1
57,11,789.25,373.30,17.44,44.38,0.85,-1,-1,-1
57,12,44.05,359.05,92.06,140.55,0.91,-1,-1,-1
57,10,842.54,369.19,20.44,56.14,0.84,-1,-1,-1
57,15,1119.40,381.14,27.94,53.70,0.83,-1,-1,-1
57,14,1149.31,380.89,21.69,53.85,0.70,-1,-1,-1
58,1,1161.62,362.29,149.98,303.31,0.89,-1,-1,-1
58,2,264.20,329.27,104.28,214.38,0.94,-1,-1,-1
58,3,447.76,335.62,62.81,192.93,0.92,-1,-1,-1
58,4,573.27,365.30,37.88,87.27,0.91,-1,-1,-1
58,5,-16.51,372.61,113.31,136.71,0.90,-1,-1,-1
58,6,520.77,364.96,30.14,85.82,0.89,-1,-1,-1
58,7,543.94,367.90,28.62,80.54,0.85,-1,-1,-1
58,8,471.51,348.41,57.74,148.44,0.89,-1,-1,-1
58,9,909.68,377.33,39.78,106.07,0.91,-1,-1,-1
58,11,788.97,373.48,17.81,44.22,0.85,-1,-1,-1
58,12,43.12,357.80,93.35,142.55,0.90,-1,-1,-1
58,10,842.79,369.84,21.22,55.69,0.86,-1,-1,-1
58,15,1119.65,381.57,28.51,53.34,0.84,-1,-1,-1
58,14,1149.54,380.30,22.76,55.13,0.79,-1,-1,-1
59,1,1163.03,362.75,153.75,288.28,0.88,-1,-1,-1
59,2,258.40,329.93,108.76,215.80,0.94,-1,-1,-1
59,3,446.80,335.25,64.14,194.41,0.93,-1,-1,-1
59,4,573.26,365.97,38.52,86.83,0.91,-1,-1,-1
59,5,-15.26,372.58,110.94,137.08,0.90,-1,-1,-1
59,6,521.77,365.64,29.32,85.52,0.88,-1,-1,-1
59,7,543.65,365.72,30.58,84.14,0.87,-1,-1,-1
59,8,471.96,348.75,57.81,147.69,0.89,-1,-1,-1
59,9,912.36,378.37,39.74,105.44,0.91,-1,-1,-1
59,11,789.55,373.50,17.36,44.14,0.85,-1,-1,-1
59,12,43.66,358.06,93.31,142.62,0.91,-1,-1,-1
59,10,843.25,370.17,21.52,55.20,0.87,-1,-1,-1
59,15,1120.92,381.74,27.53,53.17,0.83,-1,-1,-1
59,14,1150.20,379.63,23.15,55.88,0.79,-1,-1,-1
60,1,1167.59,364.17,153.93,276.65,0.88,-1,-1,-1
60,2,255.44,330.20,110.73,218.79,0.94,-1,-1,-1
60,3,445.99,335.17,65.91,195.67,0.93,-1,-1,-1
60,4,574.71,366.15,36.97,86.94,0.91,-1,-1,-1
60,5,-14.64,371.90,110.31,137.97,0.90,-1,-1,-1
60,6,521.23,364.92,30.18,86.59,0.87,-1,-1,-1
60,7,544.39,365.71,30.72,84.28,0.87,-1,-1,-1
60,8,471.23,348.46,58.97,148.90,0.88,-1,-1,-1
60,9,915.07,378.90,39.69,105.04,0.91,-1,-1,-1
60,11,789.17,373.47,17.77,44.12,0.85,-1,-1,-1
60,12,43.44,358.70,99.94,142.50,0.90,-1,-1,-1
60,10,843.71,370.27,21.03,55.01,0.87,-1,-1,-1
60,15,1121.40,381.84,28.35,53.12,0.83,-1,-1,-1
60,14,1150.44,381.20,22.09,54.39,0.76,-1,-1,-1
61,1,1176.94,364.68,148.12,273.85,0.88,-1,-1,-1
61,2,256.06,329.47,109.45,222.84,0.94,-1,-1,-1
61,3,446.00,334.16,66.16,198.34,0.94,-1,-1,-1
61,4,575.45,365.65,36.36,87.59,0.91,-1,-1,-1
61,5,-14.06,371.40,110.92,138.91,0.90,-1,-1,-1
61,6,520.93,362.77,31.09,89.05,0.86,-1,-1,-1
61,7,545.15,365.90,30.18,83.74,0.85,-1,-1,-1
61,8,471.73,346.75,59.42,153.97,0.88,-1,-1,-1
61,9,917.49,378.07,39.98,106.23,0.91,-1,-1,-1
61,11,789.58,373.48,17.93,44.42,0.86,-1,-1,-1
61,12,42.97,358.55,99.51,142.88,0.90,-1,-1,-1
61,10,844.15,370.18,20.84,55.25,0.86,-1,-1,-1
61,15,1124.57,382.04,25.10,53.11,0.81,-1,-1,-1
61,14,1151.75,382.58,20.48,52.61,0.60,-1,-1,-1
62,1,1185.30,364.18,139.84,273.57,0.88,-1,-1,-1
62,2,255.77,329.37,110.58,224.76,0.95,-1,-1,-1
62,3,440.63,334.20,71.97,201.25,0.94,-1,-1,-1
62,4,576.35,365.17,36.14,88.41,0.91,-1,-1,-1
62,5,-13.02,371.26,109.86,139.24,0.90,-1,-1,-1
62,6,521.14,362.26,30.86,89.38,0.86,-1,-1,-1
62,7,546.07,366.43,28.78,83.22,0.84,-1,-1,-1
62,8,471.97,345.82,59.00,156.74,0.89,-1,-1,-1
62,9,920.16,378.18,40.68,106.23,0.91,-1,-1,-1
62,11,789.79,373.33,17.99,44.53,0.86,-1,-1,-1
62,12,43.20,358.11,100.68,144.03,0.89,-1,-1,-1
62,10,844.95,370.13,20.18,55.03,0.86,-1,-1,-1
62,15,1125.83,382.22,23.81,53.10,0.81,-1,-1,-1
62,14,1152.87,382.89,19.90,51.96,0.60,-1,-1,-1
63,1,1194.33,363.34,130.62,274.19,0.88,-1,-1,-1
63,2,256.25,328.47,111.53,227.15,0.95,-1,-1,-1
63,3,435.11,333.79,77.99,204.49,0.94,-1,-1,-1
63,4,577.30,364.98,36.06,89.00,0.91,-1,-1,-1
63,5,-11.43,370.78,106.83,140.36,0.89,-1,-1,-1
63,6,521.55,361.93,30.17,89.46,0.86,-1,-1,-1
63,7,546.74,364.98,28.84,85.09,0.86,-1,-1,-1
63,8,472.10,343.26,58.23,160.84,0.88,-1,-1,-1
63,9,922.57,378.19,40.06,105.90,0.89,-1,-1,-1
63,11,790.17,373.40,18.01,44.56,0.84,-1,-1,-1
63,12,43.96,358.99,98.75,142.80,0.91,-1,-1,-1
63,10,845.24,370.09,20.52,55.25,0.86,-1,-1,-1
63,15,1127.46,382.10,23.38,52.80,0.79,-1,-1,-1
63,14,1151.99,382.50,20.94,52.64,0.41,-1,-1,-1
64,1,1200.43,362.00,123.45,277.63,0.87,-1,-1,-1
64,2,257.21,326.56,111.17,229.50,0.95,-1,-1,-1
64,3,427.35,333.17,85.95,205.57,0.94,-1,-1,-1
64,4,577.74,364.77,36.60,89.23,0.91,-1,-1,-1
64,5,-15.67,370.26,113.34,141.55,0.86,-1,-1,-1
64,6,522.11,360.93,30.47,90.66,0.86,-1,-1,-1
64,7,547.38,364.44,28.83,85.50,0.85,-1,-1,-1
64,8,472.26,341.38,57.27,163.57,0.88,-1,-1,-1
64,9,925.61,377.87,39.77,106.22,0.91,-1,-1,-1
64,11,789.85,373.50,18.60,44.58,0.86,-1,-1,-1
64,12,43.45,359.91,97.62,141.89,0.91,-1,-1,-1
64,10,845.77,370.02,20.04,55.63,0.86,-1,-1,-1
64,15,1128.48,382.39,22.00,50.01,0.66,-1,-1,-1
64,14,1152.71,384.64,21.30,50.81,0.30,-1,-1,-1
64,13,916.15,376.43,18.00,42.34,0.77,-1,-1,-1
65,1,1205.76,360.30,113.67,278.39,0.88,-1,-1,-1
65,2,258.46,325.08,108.45,231.78,0.95,-1,-1,-1
65,3,423.40,332.56,91.59,208.70,0.94,-1,-1,-1
65,4,578.03,364.23,37.44,89.90,0.91,-1,-1,-1
65,5,-15.58,370.18,113.83,142.69,0.88,-1,-1,-1
65,6,522.43,360.12,31.80,91.99,0.87,-1,-1,-1
65,7,547.74,364.97,29.46,85.66,0.87,-1,-1,-1
65,8,471.53,340.25,58.18,166.50,0.87,-1,-1,-1
65,9,928.07,375.94,39.72,108.27,0.91,-1,-1,-1
65,11,790.20,373.29,18.84,44.89,0.86,-1,-1,-1
65,12,42.71,360.03,101.84,142.56,0.90,-1,-1,-1
65,10,846.45,370.46,21.08,54.90,0.88,-1,-1,-1
65,15,1129.66,382.09,21.55,51.39,0.70,-1,-1,-1
65,14,1153.82,381.25,22.66,54.07,0.63,-1,-1,-1
65,13,915.82,376.19,18.34,43.24,0.75,-1,-1,-1
66,1,1210.69,358.26,106.47,281.75,0.87,-1,-1,-1
66,2,260.41,323.83,104.94,233.72,0.94,-1,-1,-1
66,3,422.44,332.68,93.99,211.41,0.95,-1,-1,-1
66,4,579.16,363.74,37.76,90.42,0.91,-1,-1,-1
66,5,-16.22,370.33,113.44,143.38,0.88,-1,-1,-1
66,6,523.29,359.99,31.14,92.75,0.88,-1,-1,-1
66,7,548.91,364.60,29.11,86.57,0.88,-1,-1,-1
66,8,471.71,339.99,59.12,169.02,0.88,-1,-1,-1
66,9,930.83,374.46,40.89,110.50,0.91,-1,-1,-1
66,11,790.48,373.35,18.94,44.99,0.86,-1,-1,-1
66,12,42.56,359.96,100.18,143.67,0.90,-1,-1,-1
66,10,847.15,370.61,20.88,54.90,0.87,-1,-1,-1
66,15,1130.77,382.23,21.42,51.89,0.77,-1,-1,-1
66,14,1154.96,380.28,22.01,54.94,0.67,-1,-1,-1
66,13,915.28,376.38,18.46,43.51,0.80,-1,-1,-1
67,1,1215.09,364.23,101.58,275.17,0.87,-1,-1,-1
67,2,262.23,322.60,98.18,237.28,0.94,-1,-1,-1
67,3,425.72,333.16,91.90,214.08,0.95,-1,-1,-1
67,4,579.34,363.48,39.06,91.19,0.91,-1,-1,-1
67,5,-16.33,370.67,115.03,144.04,0.90,-1,-1,-1
67,6,523.68,359.90,30.87,93.59,0.85,-1,-1,-1
67,7,548.81,362.91,29.57,89.27,0.84,-1,-1,-1
67,8,470.38,339.85,60.07,172.40,0.86,-1,-1,-1
67,9,933.90,373.96,41.33,111.32,0.91,-1,-1,-1
67,11,790.64,373.28,18.97,45.03,0.84,-1,-1,-1
67,12,42.20,360.20,99.68,144.20,0.91,-1,-1,-1
67,10,847.44,371.47,20.80,54.00,0.86,-1,-1,-1
67,15,1131.49,382.47,21.39,52.08,0.70,-1,-1,-1
67,14,1155.67,379.94,21.75,55.56,0.72,-1,-1,-1
67,13,915.13,376.66,18.21,43.31,0.79,-1,-1,-1
68,1,1220.57,365.32,93.57,272.88,0.89,-1,-1,-1
68,2,264.66,320.70,90.81,239.61,0.95,-1,-1,-1
68,3,428.22,333.47,89.61,217.54,0.93,-1,-1,-1
68,4,580.12,362.73,38.90,92.35,0.90,-1,-1,-1
68,5,-17.75,370.06,116.99,144.74,0.90,-1,-1,-1
68,6,524.30,359.47,31.90,94.47,0.87,-1,-1,-1
68,7,550.40,364.83,27.90,87.34,0.84,-1,-1,-1
68,8,468.59,338.80,62.08,176.13,0.86,-1,-1,-1
68,9,935.94,375.38,41.42,109.99,0.91,-1,-1,-1
68,11,791.09,373.31,18.94,44.74,0.85,-1,-1,-1
68,12,42.18,360.03,103.69,144.42,0.92,-1,-1,-1
68,10,847.63,371.72,19.54,53.66,0.86,-1,-1,-1
68,15,1132.68,382.67,18.93,52.74,0.78,-1,-1,-1
68,14,1156.25,381.42,21.62,54.32,0.68,-1,-1,-1
68,13,914.58,376.89,18.38,43.24,0.81,-1,-1,-1
69,1,1224.12,362.04,94.86,277.53,0.86,-1,-1,-1
69,2,264.86,318.84,87.21,242.17,0.95,-1,-1,-1
69,3,434.24,333.63,85.14,218.76,0.92,-1,-1,-1
69,4,581.59,362.89,38.24,92.47,0.92,-1,-1,-1
69,5,-18.42,369.74,117.28,146.00,0.90,-1,-1,-1
69,6,525.40,360.07,32.86,94.48,0.88,-1,-1,-1
69,7,551.61,365.60,27.25,87.44,0.86,-1,-1,-1
69,8,470.27,338.44,62.25,180.39,0.87,-1,-1,-1
69,9,938.38,375.47,42.63,111.66,0.92,-1,-1,-1
69,11,791.54,373.46,18.93,44.63,0.86,-1,-1,-1
69,12,42.53,359.57,103.47,145.79,0.92,-1,-1,-1
69,10,847.98,371.79,20.28,53.54,0.87,-1,-1,-1
69,15,1133.69,382.69,18.05,52.99,0.77,-1,-1,-1
69,14,1156.99,382.10,22.77,53.83,0.71,-1,-1,-1
69,13,914.37,376.95,18.44,42.61,0.83,-1,-1,-1
70,1,1227.35,360.06,96.68,281.61,0.86,-1,-1,-1
70,2,263.82,317.71,87.29,245.80,0.95,-1,-1,-1
70,3,437.46,333.63,81.80,220.82,0.93,-1,-1,-1
70,4,583.12,362.81,38.61,93.06,0.91,-1,-1,-1
70,5,-16.55,370.19,116.53,146.51,0.90,-1,-1,-1
70,6,526.23,360.18,33.27,95.01,0.88,-1,-1,-1
70,7,553.03,365.74,27.06,88.03,0.86,-1,-1,-1
70,8,472.52,339.84,61.78,183.21,0.86,-1,-1,-1
70,9,942.51,376.37,41.96,111.64,0.92,-1,-1,-1
70,11,792.09,373.55,18.94,44.56,0.86,-1,-1,-1
70,12,43.21,360.38,102.31,145.93,0.92,-1,-1,-1
70,10,848.46,371.83,20.56,53.48,0.87,-1,-1,-1
70,15,1134.29,382.42,19.06,53.08,0.78,-1,-1,-1
70,14,1157.58,382.36,23.21,53.63,0.77,-1,-1,-1
70,13,914.68,377.10,18.48,42.96,0.83,-1,-1,-1
71,1,1229.85,361.18,97.34,277.24,0.83,-1,-1,-1
71,2,261.22,316.44,89.69,251.20,0.95,-1,-1,-1
71,3,439.56,332.24,80.85,223.89,0.93,-1,-1,-1
71,4,584.94,363.07,37.52,93.55,0.90,-1,-1,-1
71,5,-16.02,370.12,116.45,147.44,0.90,-1,-1,-1
71,6,526.91,360.80,33.37,95.18,0.89,-1,-1,-1
71,7,553.62,367.39,26.95,86.46,0.86,-1,-1,-1
71,8,474.10,341.07,60.91,182.46,0.86,-1,-1,-1
71,9,945.49,376.39,42.82,112.50,0.92,-1,-1,-1
71,11,792.32,373.65,18.33,44.54,0.85,-1,-1,-1
71,12,43.86,359.43,101.63,147.45,0.90,-1,-1,-1
71,10,849.53,371.48,20.05,53.76,0.86,-1,-1,-1
71,15,1134.77,382.23,19.38,52.81,0.78,-1,-1,-1
71,14,1158.62,382.23,22.18,53.84,0.68,-1,-1,-1
71,13,913.93,377.27,19.06,43.09,0.82,-1,-1,-1
72,1,1232.81,361.84,94.10,269.66,0.85,-1,-1,-1
72,2,257.74,316.29,92.73,253.68,0.95,-1,-1,-1
72,3,439.71,331.45,82.77,226.06,0.92,-1,-1,-1
72,4,587.02,362.65,36.52,94.67,0.91,-1,-1,-1
72,5,-20.40,371.48,119.80,147.44,0.88,-1,-1,-1
72,6,527.62,361.69,32.83,94.99,0.87,-1,-1,-1
72,7,554.32,367.94,26.33,86.50,0.85,-1,-1,-1
72,8,475.13,342.93,61.19,182.66,0.88,-1,-1,-1
72,9,949.67,378.71,43.16,111.27,0.90,-1,-1,-1
72,11,793.08,373.92,18.11,44.56,0.85,-1,-1,-1
72,12,44.67,361.33,100.83,146.50,0.92,-1,-1,-1
72,10,850.65,371.43,19.87,54.21,0.84,-1,-1,-1
72,15,1135.24,382.69,20.74,52.74,0.72,-1,-1,-1
72,14,1159.94,382.12,21.79,54.26,0.62,-1,-1,-1
72,13,913.83,377.42,18.71,43.17,0.81,-1,-1,-1
73,1,1236.04,362.09,93.04,265.68,0.83,-1,-1,-1
73,2,255.12,315.66,95.11,262.46,0.95,-1,-1,-1
73,3,440.56,330.35,77.31,229.29,0.91,-1,-1,-1
73,4,589.12,362.67,34.35,95.61,0.90,-1,-1,-1
73,5,-19.79,372.32,116.24,147.75,0.89,-1,-1,-1
73,6,528.35,362.67,31.43,94.54,0.87,-1,-1,-1
73,7,554.71,367.57,26.72,87.67,0.87,-1,-1,-1
73,8,476.29,342.96,61.31,186.84,0.88,-1,-1,-1
73,9,952.36,378.46,45.65,112.36,0.90,-1,-1,-1
73,11,794.03,373.83,17.43,44.84,0.85,-1,-1,-1
73,12,45.97,361.03,100.94,147.50,0.92,-1,-1,-1
73,10,850.80,371.50,21.01,54.06,0.86,-1,-1,-1
73,15,1135.93,382.73,21.25,52.99,0.79,-1,-1,-1
73,14,1160.34,381.49,21.65,54.99,0.65,-1,-1,-1
73,13,913.84,377.40,18.56,43.18,0.82,-1,-1,-1
74,1,1239.55,362.81,91.50,261.33,0.81,-1,-1,-1
74,2,253.90,315.33,95.70,268.11,0.95,-1,-1,-1
74,3,440.79,329.25,77.84,232.30,0.92,-1,-1,-1
74,4,590.39,363.93,34.14,93.93,0.90,-1,-1,-1
74,5,-20.18,372.34,116.80,148.04,0.88,-1,-1,-1
74,6,529.43,362.97,30.28,94.67,0.87,-1,-1,-1
74,7,555.36,367.50,26.87,87.83,0.88,-1,-1,-1
74,8,476.93,343.04,61.93,186.52,0.88,-1,-1,-1
74,9,955.06,379.83,46.57,111.00,0.92,-1,-1,-1
74,11,794.34,373.76,17.17,44.96,0.85,-1,-1,-1
74,12,46.95,361.22,100.37,147.76,0.92,-1,-1,-1
74,10,851.41,371.19,21.42,54.31,0.86,-1,-1,-1
74,15,1136.78,382.61,21.45,53.09,0.78,-1,-1,-1
74,14,1160.49,380.97,22.79,55.57,0.58,-1,-1,-1
74,13,914.15,377.37,18.21,43.49,0.83,-1,-1,-1
75,1,1243.10,364.56,92.24,256.77,0.77,-1,-1,-1
75,2,251.21,315.38,98.29,275.56,0.94,-1,-1,-1
75,3,438.69,327.07,79.37,235.41,0.93,-1,-1,-1
75,4,592.07,364.42,34.08,93.54,0.91,-1,-1,-1
75,5,-18.11,372.50,124.69,147.97,0.90,-1,-1,-1
75,6,531.37,362.64,29.25,95.28,0.87,-1,-1,-1
75,7,556.53,367.02,26.92,87.86,0.89,-1,-1,-1
75,8,478.70,342.33,61.56,186.42,0.89,-1,-1,-1
75,9,957.77,377.79,46.91,113.87,0.92,-1,-1,-1
75,11,795.08,373.87,17.08,44.71,0.85,-1,-1,-1
75,12,47.79,361.58,101.33,147.82,0.92,-1,-1,-1
75,10,852.54,371.07,20.99,54.70,0.86,-1,-1,-1
75,15,1137.67,382.84,21.53,52.52,0.79,-1,-1,-1
75,14,1161.71,381.20,22.04,55.19,0.53,-1,-1,-1
75,13,914.00,377.35,18.37,43.61,0.82,-1,-1,-1
76,1,1246.02,372.04,96.17,247.18,0.45,-1,-1,-1
76,2,246.25,315.63,103.63,280.95,0.94,-1,-1,-1
76,3,438.76,325.05,79.91,237.40,0.94,-1,-1,-1
76,4,593.81,364.72,34.66,93.09,0.91,-1,-1,-1
76,5,-17.78,372.90,123.97,147.47,0.89,-1,-1,-1
76,6,532.63,363.50,28.86,94.32,0.86,-1,-1,-1
76,7,557.50,366.50,27.53,89.06,0.89,-1,-1,-1
76,8,479.92,341.43,62.57,186.62,0.88,-1,-1,-1
76,9,961.00,376.89,47.01,115.08,0.91,-1,-1,-1
76,11,795.59,373.60,17.65,44.91,0.86,-1,-1,-1
76,12,49.20,366.08,100.68,143.38,0.92,-1,-1,-1
76,10,853.50,370.43,20.81,55.44,0.87,-1,-1,-1
76,15,1138.51,382.65,21.56,52.90,0.75,-1,-1,-1
76,14,1162.68,379.98,21.74,55.93,0.34,-1,-1,-1
76,13,913.60,377.04,18.13,43.35,0.82,-1,-1,-1
77,1,1248.81,371.25,94.10,246.94,0.31,-1,-1,-1
77,2,243.50,315.80,107.12,283.20,0.95,-1,-1,-1
77,3,439.21,323.88,81.17,240.87,0.94,-1,-1,-1
77,4,595.30,364.85,34.89,93.50,0.89,-1,-1,-1
77,5,-19.45,373.26,125.54,147.71,0.88,-1,-1,-1
77,6,533.05,364.29,29.34,92.76,0.86,-1,-1,-1
77,7,558.42,366.02,28.36,89.21,0.89,-1,-1,-1
77,8,481.52,339.63,63.55,189.30,0.89,-1,-1,-1
77,9,965.09,376.83,47.04,115.52,0.91,-1,-1,-1
77,11,795.77,373.35,18.46,45.28,0.85,-1,-1,-1
77,12,50.89,363.34,104.66,146.18,0.92,-1,-1,-1
77,10,853.84,370.02,21.34,55.72,0.87,-1,-1,-1
77,15,1140.01,382.85,21.57,53.05,0.82,-1,-1,-1
77,14,1163.05,379.20,22.83,56.80,0.57,-1,-1,-1
77,13,914.08,377.06,18.04,43.55,0.81,-1,-1,-1
78,1,1253.28,369.58,90.94,247.38,0.31,-1,-1,-1
78,2,243.59,315.61,107.56,286.80,0.95,-1,-1,-1
78,3,439.74,323.02,83.10,242.54,0.94,-1,-1,-1
78,4,597.35,364.59,34.98,94.24,0.90,-1,-1,-1
78,5,-18.48,373.38,127.06,147.47,0.90,-1,-1,-1
78,6,534.72,363.24,28.93,93.94,0.87,-1,-1,-1
78,7,559.97,364.51,28.09,91.31,0.88,-1,-1,-1
78,8,482.45,337.77,64.49,194.37,0.88,-1,-1,-1
78,9,968.92,376.21,47.03,116.84,0.92,-1,-1,-1
78,11,796.44,373.26,18.18,45.41,0.85,-1,-1,-1
78,12,52.72,364.68,101.42,144.82,0.91,-1,-1,-1
78,10,854.57,370.32,20.95,55.22,0.87,-1,-1,-1
78,15,1140.54,382.92,22.77,52.80,0.83,-1,-1,-1
78,14,1163.75,378.91,23.22,56.82,0.74,-1,-1,-1
78,13,914.58,376.92,17.70,43.62,0.82,-1,-1,-1
79,2,245.43,315.00,106.82,292.43,0.95,-1,-1,-1
79,3,439.76,322.15,84.86,247.20,0.94,-1,-1,-1
79,4,599.24,364.36,34.42,95.09,0.90,-1,-1,-1
79,5,-16.60,373.15,126.66,148.26,0.89,-1,-1,-1
79,6,536.50,363.46,28.78,92.60,0.86,-1,-1,-1
79,7,561.40,364.10,27.98,91.80,0.88,-1,-1,-1
79,8,482.46,335.92,66.02,199.76,0.89,-1,-1,-1
79,9,972.02,375.84,48.19,117.76,0.92,-1,-1,-1
79,11,796.66,373.23,18.07,45.46,0.85,-1,-1,-1
79,12,54.48,362.97,101.84,146.83,0.91,-1,-1,-1
79,10,855.39,370.45,20.79,55.33,0.86,-1,-1,-1
79,15,1141.87,383.10,23.21,52.71,0.81,-1,-1,-1
79,14,1163.97,379.26,23.38,56.52,0.71,-1,-1,-1
79,13,914.75,377.03,16.98,43.35,0.82,-1,-1,-1
80,2,247.50,313.33,105.89,297.39,0.95,-1,-1,-1
80,3,441.21,321.56,84.93,252.71,0.93,-1,-1,-1
80,4,601.06,363.98,34.22,95.41,0.89,-1,-1,-1
80,5,-18.15,372.16,129.25,150.03,0.87,-1,-1,-1
80,6,536.49,362.49,29.33,95.07,0.85,-1,-1,-1
80,7,562.77,364.55,28.53,91.39,0.88,-1,-1,-1
80,8,485.92,334.66,65.42,197.69,0.86,-1,-1,-1
80,9,976.01,375.87,48.62,118.83,0.89,-1,-1,-1
80,11,797.00,373.24,18.02,45.18,0.85,-1,-1,-1
80,12,55.65,366.02,102.90,145.06,0.91,-1,-1,-1
80,10,855.96,371.10,21.33,54.77,0.85,-1,-1,-1
80,15,1143.51,383.49,22.21,52.07,0.78,-1,-1,-1
80,14,1165.20,380.31,22.25,55.21,0.64,-1,-1,-1
80,13,915.11,376.93,16.41,43.25,0.80,-1,-1,-1
81,2,250.23,310.68,104.32,301.49,0.95,-1,-1,-1
81,3,444.24,321.38,83.31,257.35,0.92,-1,-1,-1
81,4,603.15,363.70,34.15,95.52,0.90,-1,-1,-1
81,5,-15.20,370.18,126.92,152.90,0.89,-1,-1,-1
81,6,536.43,363.75,31.32,94.82,0.84,-1,-1,-1
81,7,564.10,364.14,28.74,92.99,0.89,-1,-1,-1
81,8,488.08,333.31,65.16,197.65,0.89,-1,-1,-1
81,9,980.34,375.59,48.77,119.50,0.91,-1,-1,-1
81,11,797.09,373.69,18.60,44.78,0.85,-1,-1,-1
81,12,57.74,363.46,105.27,148.11,0.92,-1,-1,-1
81,10,857.00,371.65,20.35,54.26,0.84,-1,-1,-1
81,15,1145.27,383.03,23.01,52.73,0.81,-1,-1,-1
81,14,1167.42,380.87,21.81,55.31,0.55,-1,-1,-1
81,13,914.91,377.04,16.51,43.21,0.78,-1,-1,-1
82,2,251.44,309.09,104.58,303.82,0.95,-1,-1,-1
82,3,442.84,322.20,85.49,260.82,0.94,-1,-1,-1
82,4,604.15,363.30,34.13,96.14,0.90,-1,-1,-1
82,5,-12.49,370.16,128.92,153.24,0.89,-1,-1,-1
82,6,537.53,365.60,31.48,91.73,0.82,-1,-1,-1
82,7,566.04,364.75,28.22,92.69,0.88,-1,-1,-1
82,8,489.74,332.84,65.04,197.87,0.90,-1,-1,-1
82,9,983.05,375.50,51.16,120.33,0.88,-1,-1,-1
82,11,798.27,374.33,18.23,44.02,0.86,-1,-1,-1
82,12,59.92,362.95,105.32,149.09,0.92,-1,-1,-1
82,10,857.36,371.58,21.17,54.37,0.85,-1,-1,-1
82,15,1146.46,382.88,23.30,52.98,0.83,-1,-1,-1
82,14,1168.79,381.10,21.65,55.64,0.73,-1,-1,-1
82,13,915.12,376.96,16.25,43.20,0.79,-1,-1,-1
83,2,252.15,307.90,105.68,307.18,0.95,-1,-1,-1
83,3,438.47,323.86,91.67,262.35,0.94,-1,-1,-1
83,4,605.94,363.27,34.76,96.07,0.89,-1,-1,-1
83,5,-9.56,370.40,124.86,154.32,0.89,-1,-1,-1
83,6,539.38,364.78,31.58,94.74,0.84,-1,-1,-1
83,7,567.89,364.23,28.06,94.02,0.87,-1,-1,-1
83,8,490.58,332.83,65.67,199.95,0.91,-1,-1,-1
83,9,988.95,375.58,50.95,120.45,0.89,-1,-1,-1
83,11,799.00,374.74,18.70,43.74,0.85,-1,-1,-1
83,12,61.84,363.54,101.98,149.55,0.91,-1,-1,-1
83,10,857.48,371.54,22.08,54.41,0.86,-1,-1,-1
83,15,1147.79,382.69,23.43,53.07,0.85,-1,-1,-1
83,14,1170.18,380.60,22.81,56.36,0.74,-1,-1,-1
83,13,915.49,377.05,16.18,42.89,0.78,-1,-1,-1
84,2,250.95,306.78,108.09,311.28,0.96,-1,-1,-1
84,3,435.07,325.36,96.13,265.75,0.94,-1,-1,-1
84,4,608.76,363.23,34.40,96.91,0.89,-1,-1,-1
84,5,-4.42,371.24,119.10,154.73,0.90,-1,-1,-1
84,6,540.49,366.65,31.60,94.51,0.83,-1,-1,-1
84,7,569.58,366.06,27.98,92.16,0.87,-1,-1,-1
84,8,489.52,333.08,69.40,202.19,0.91,-1,-1,-1
84,9,993.29,375.79,49.64,120.91,0.92,-1,-1,-1
84,11,799.68,374.89,18.27,43.64,0.85,-1,-1,-1
84,12,63.34,363.49,100.28,150.47,0.92,-1,-1,-1
84,10,859.08,371.10,21.25,55.31,0.86,-1,-1,-1
84,15,1148.08,382.83,24.64,53.11,0.82,-1,-1,-1
84,14,1170.50,380.48,23.23,56.33,0.75,-1,-1,-1
84,13,915.46,377.70,16.15,42.18,0.78,-1,-1,-1
85,2,248.20,305.61,112.71,315.10,0.96,-1,-1,-1
85,3,432.73,325.84,99.79,269.59,0.94,-1,-1,-1
85,4,611.42,363.45,33.63,98.11,0.89,-1,-1,-1
85,5,-1.77,372.63,115.92,154.15,0.89,-1,-1,-1
85,6,541.32,368.46,32.16,94.13,0.81,-1,-1,-1
85,7,570.92,365.79,28.52,94.26,0.86,-1,-1,-1
85,8,488.10,333.84,73.05,204.61,0.90,-1,-1,-1
85,9,996.43,375.77,49.07,121.22,0.89,-1,-1,-1
85,11,800.67,374.94,16.89,43.90,0.85,-1,-1,-1
85,12,64.78,364.26,105.82,150.69,0.93,-1,-1,-1
85,10,860.73,371.24,20.29,55.36,0.87,-1,-1,-1
85,15,1149.73,383.88,23.92,51.93,0.82,-1,-1,-1
85,14,1171.00,381.28,23.37,55.43,0.77,-1,-1,-1
85,13,915.29,377.97,16.13,41.92,0.75,-1,-1,-1
86,2,244.68,304.01,117.93,318.77,0.96,-1,-1,-1
86,3,433.97,326.77,99.31,274.60,0.93,-1,-1,-1
86,4,613.84,363.96,32.75,98.70,0.89,-1,-1,-1
86,5,0.10,372.86,113.32,154.79,0.90,-1,-1,-1
86,6,542.48,368.52,32.37,94.86,0.79,-1,-1,-1
86,7,571.96,365.97,31.08,94.75,0.86,-1,-1,-1
86,8,485.78,334.72,77.34,205.48,0.89,-1,-1,-1
86,9,1001.03,376.05,48.84,121.91,0.90,-1,-1,-1
86,11,801.31,374.79,16.37,44.30,0.86,-1,-1,-1
86,12,66.58,366.76,107.40,149.71,0.92,-1,-1,-1
86,10,861.30,371.72,21.15,54.79,0.86,-1,-1,-1
86,15,1150.92,384.25,22.43,51.48,0.76,-1,-1,-1
86,14,1172.33,381.57,22.24,54.78,0.73,-1,-1,-1
86,13,915.52,377.76,16.43,42.13,0.76,-1,-1,-1
87,2,243.25,302.71,121.36,322.81,0.95,-1,-1,-1
87,3,435.00,326.85,99.48,278.46,0.93,-1,-1,-1
87,4,615.63,364.01,35.45,99.67,0.90,-1,-1,-1
87,5,2.00,373.54,112.39,155.01,0.90,-1,-1,-1
87,6,544.12,364.39,31.85,98.69,0.85,-1,-1,-1
87,7,572.97,366.19,33.18,96.84,0.86,-1,-1,-1
87,8,483.77,335.52,80.70,207.36,0.89,-1,-1,-1
87,9,1006.25,376.46,48.75,122.44,0.85,-1,-1,-1
87,11,801.57,374.73,16.80,44.46,0.85,-1,-1,-1
87,12,69.06,367.12,108.43,150.51,0.88,-1,-1,-1
87,10,862.13,371.90,22.04,54.87,0.86,-1,-1,-1
87,15,1151.37,383.79,24.28,52.52,0.79,-1,-1,-1
87,14,1173.45,380.93,23.01,56.04,0.70,-1,-1,-1
87,13,914.47,377.52,17.73,42.52,0.78,-1,-1,-1
88,2,242.48,302.13,123.56,325.54,0.95,-1,-1,-1
88,3,438.52,325.88,97.34,281.72,0.94,-1,-1,-1
88,4,617.76,364.02,37.01,100.60,0.91,-1,-1,-1
88,5,3.53,373.55,111.22,155.96,0.91,-1,-1,-1
88,6,545.65,363.12,31.66,99.82,0.86,-1,-1,-1
88,7,575.10,365.83,32.31,98.62,0.88,-1,-1,-1
88,8,484.15,335.85,82.60,208.89,0.89,-1,-1,-1
88,9,1009.34,376.26,49.90,122.92,0.92,-1,-1,-1
88,11,802.31,374.82,16.96,44.22,0.86,-1,-1,-1
88,12,70.88,370.85,109.12,147.53,0.88,-1,-1,-1
88,10,862.78,371.63,22.39,55.19,0.87,-1,-1,-1
88,15,1152.18,383.10,24.94,53.50,0.84,-1,-1,-1
88,14,1174.50,380.47,24.47,56.80,0.73,-1,-1,-1
88,13,915.01,377.54,17.94,42.66,0.77,-1,-1,-1
89,2,232.90,301.72,134.87,334.08,0.95,-1,-1,-1
89,3,442.81,324.72,93.99,284.55,0.93,-1,-1,-1
89,4,619.51,363.91,38.22,101.95,0.92,-1,-1,-1
89,5,5.09,374.02,121.91,156.57,0.90,-1,-1,-1
89,6,547.19,364.00,31.60,98.91,0.81,-1,-1,-1
89,7,576.88,366.17,31.35,98.23,0.88,-1,-1,-1
89,8,484.98,336.93,83.34,209.96,0.90,-1,-1,-1
89,9,1012.83,375.69,51.53,123.21,0.91,-1,-1,-1
89,11,802.96,374.70,17.04,44.43,0.86,-1,-1,-1
89,12,72.33,377.93,109.23,140.81,0.86,-1,-1,-1
89,10,863.68,371.51,21.94,55.30,0.87,-1,-1,-1
89,15,1152.53,382.46,26.37,54.16,0.86,-1,-1,-1
89,14,1176.11,379.92,23.87,57.07,0.78,-1,-1,-1
89,13,914.73,377.82,18.02,42.41,0.76,-1,-1,-1
90,2,218.90,301.15,150.72,343.15,0.96,-1,-1,-1
90,3,447.15,321.11,89.78,289.25,0.92,-1,-1,-1
90,4,621.75,363.54,39.24,102.77,0.92,-1,-1,-1
90,5,6.70,372.08,123.69,158.74,0.92,-1,-1,-1
90,6,547.60,363.54,31.56,100.18,0.86,-1,-1,-1
90,7,579.16,366.26,32.14,98.39,0.88,-1,-1,-1
90,8,487.49,336.70,81.79,210.65,0.90,-1,-1,-1
90,9,1016.91,375.67,50.96,123.47,0.93,-1,-1,-1
90,11,803.09,374.80,18.25,44.22,0.85,-1,-1,-1
90,12,74.53,373.26,108.05,146.07,0.90,-1,-1,-1
90,10,865.10,371.93,21.16,54.76,0.86,-1,-1,-1
90,15,1153.77,382.16,26.90,54.71,0.83,-1,-1,-1
90,14,1177.26,379.95,23.61,56.30,0.76,-1,-1,-1
90,13,913.97,377.80,19.22,42.33,0.78,-1,-1,-1
91,2,207.04,300.34,164.45,351.12,0.95,-1,-1,-1
91,3,450.00,318.06,87.54,293.13,0.92,-1,-1,-1
91,4,623.15,363.79,40.78,103.19,0.92,-1,-1,-1
91,5,8.42,370.66,125.48,161.00,0.92,-1,-1,-1
91,6,549.23,363.33,30.94,100.04,0.86,-1,-1,-1
91,7,581.46,365.65,32.41,99.00,0.89,-1,-1,-1
91,8,490.25,335.38,81.09,211.42,0.89,-1,-1,-1
91,9,1021.25,375.51,50.70,123.98,0.92,-1,-1,-1
91,11,804.00,374.81,18.12,44.13,0.86,-1,-1,-1
91,12,76.06,368.98,108.15,150.76,0.90,-1,-1,-1
91,10,865.89,371.91,21.45,54.85,0.87,-1,-1,-1
91,15,1155.91,382.34,27.09,54.91,0.82,-1,-1,-1
91,14,1178.80,379.66,23.50,57.18,0.80,-1,-1,-1
91,13,914.24,377.62,19.66,42.59,0.80,-1,-1,-1
92,2,197.48,299.80,175.30,354.64,0.95,-1,-1,-1
92,3,451.75,314.59,86.27,297.45,0.92,-1,-1,-1
92,4,624.51,363.61,41.95,103.92,0.91,-1,-1,-1
92,5,9.86,370.60,126.97,160.82,0.90,-1,-1,-1
92,6,550.39,362.68,31.30,100.27,0.85,-1,-1,-1
92,7,582.88,365.00,33.69,99.37,0.90,-1,-1,-1
92,8,491.57,334.75,81.39,210.65,0.88,-1,-1,-1
92,9,1025.75,375.62,50.59,124.61,0.92,-1,-1,-1
92,11,804.64,374.83,18.06,44.11,0.85,-1,-1,-1
92,12,77.65,376.02,108.48,143.30,0.88,-1,-1,-1
92,10,867.07,372.07,20.97,54.59,0.88,-1,-1,-1
92,15,1157.33,382.57,27.16,54.39,0.83,-1,-1,-1
92,14,1179.97,379.72,24.65,57.52,0.83,-1,-1,-1
92,13,914.38,377.57,19.83,42.70,0.79,-1,-1,-1
93,2,191.83,298.76,182.39,360.47,0.95,-1,-1,-1
93,3,452.02,312.09,87.92,300.76,0.93,-1,-1,-1
93,4,626.68,363.25,42.38,104.76,0.91,-1,-1,-1
93,5,11.89,370.57,126.99,161.59,0.90,-1,-1,-1
93,6,551.65,362.44,32.03,101.53,0.86,-1,-1,-1
93,7,583.93,364.59,34.16,100.22,0.89,-1,-1,-1
93,8,492.02,333.18,82.64,214.00,0.88,-1,-1,-1
93,9,1030.24,375.37,50.54,125.42,0.92,-1,-1,-1
93,11,805.72,374.69,18.04,44.39,0.85,-1,-1,-1
93,12,79.36,373.18,108.88,146.23,0.88,-1,-1,-1
93,10,868.04,371.53,20.78,54.79,0.88,-1,-1,-1
93,15,1158.39,382.37,27.17,54.48,0.84,-1,-1,-1
93,14,1181.51,379.90,23.90,57.34,0.75,-1,-1,-1
93,13,914.40,377.56,19.89,42.73,0.79,-1,-1,-1
94,2,197.23,297.65,178.89,371.43,0.95,-1,-1,-1
94,3,449.67,310.40,93.87,302.69,0.93,-1,-1,-1
94,4,628.01,363.40,43.10,105.66,0.92,-1,-1,-1
94,5,13.51,370.97,127.18,161.13,0.91,-1,-1,-1
94,6,551.46,362.04,34.07,102.30,0.85,-1,-1,-1
94,7,585.41,363.85,33.74,101.11,0.86,-1,-1,-1
94,8,493.01,331.25,84.83,217.45,0.88,-1,-1,-1
94,9,1034.14,375.59,51.69,125.72,0.92,-1,-1,-1
94,11,806.96,374.94,17.43,43.91,0.85,-1,-1,-1
94,12,81.75,368.54,103.38,151.45,0.91,-1,-1,-1
94,10,868.94,371.19,21.31,55.16,0.87,-1,-1,-1
94,15,1159.31,382.03,28.33,55.10,0.83,-1,-1,-1
94,14,1183.23,380.60,24.79,56.68,0.84,-1,-1,-1
94,13,914.38,377.56,19.90,42.45,0.78,-1,-1,-1
95,2,201.85,295.98,175.50,384.06,0.95,-1,-1,-1
95,3,447.53,308.79,99.16,305.50,0.94,-1,-1,-1
95,4,630.86,363.63,42.21,106.11,0.91,-1,-1,-1
95,5,15.19,369.69,122.55,162.99,0.92,-1,-1,-1
95,6,552.59,360.89,34.26,103.89,0.85,-1,-1,-1
95,7,588.06,362.86,32.97,101.87,0.88,-1,-1,-1
95,8,493.44,329.67,86.82,219.01,0.87,-1,-1,-1
95,9,1039.10,374.50,50.95,127.28,0.92,-1,-1,-1
95,11,808.68,374.60,16.60,44.32,0.85,-1,-1,-1
95,12,84.14,362.41,101.86,158.41,0.88,-1,-1,-1
95,10,869.91,370.92,22.10,55.61,0.88,-1,-1,-1
95,15,1161.47,382.49,28.77,54.45,0.85,-1,-1,-1
95,14,1185.68,380.11,25.12,57.31,0.85,-1,-1,-1
95,13,915.63,377.42,18.72,42.05,0.78,-1,-1,-1
96,2,205.34,293.89,173.83,393.54,0.95,-1,-1,-1
96,3,447.13,306.97,102.77,308.49,0.94,-1,-1,-1
96,4,633.81,364.15,41.34,105.56,0.92,-1,-1,-1
96,5,16.94,369.76,120.99,163.25,0.91,-1,-1,-1
96,6,555.44,360.80,32.66,104.20,0.85,-1,-1,-1
96,7,590.60,362.35,32.76,102.91,0.88,-1,-1,-1
96,8,495.37,327.52,87.18,223.00,0.87,-1,-1,-1
96,9,1044.50,373.94,51.95,128.65,0.91,-1,-1,-1
96,11,810.42,374.34,16.33,44.49,0.84,-1,-1,-1
96,12,86.07,359.70,104.15,161.82,0.88,-1,-1,-1
96,10,871.74,370.80,21.86,55.49,0.88,-1,-1,-1
96,15,1164.24,382.17,27.82,54.79,0.83,-1,-1,-1
96,14,1187.98,379.85,25.29,57.27,0.86,-1,-1,-1
96,13,916.41,376.87,18.59,42.51,0.78,-1,-1,-1
97,2,210.63,291.67,169.78,399.59,0.95,-1,-1,-1
97,3,446.79,304.57,105.51,311.10,0.94,-1,-1,-1
97,4,635.29,364.70,41.50,105.57,0.91,-1,-1,-1
97,5,18.87,369.22,122.34,164.16,0.90,-1,-1,-1
97,6,556.98,359.91,31.93,106.02,0.84,-1,-1,-1
97,7,592.57,362.20,32.59,103.83,0.88,-1,-1,-1
97,8,499.27,325.58,84.15,228.16,0.89,-1,-1,-1
97,9,1049.20,374.31,51.04,128.78,0.91,-1,-1,-1
97,11,810.77,374.39,16.80,44.54,0.85,-1,-1,-1
97,12,87.82,359.16,104.45,162.31,0.89,-1,-1,-1
97,10,872.95,371.69,21.12,54.82,0.86,-1,-1,-1
97,15,1166.77,383.12,26.18,53.41,0.74,-1,-1,-1
97,14,1189.71,379.81,25.30,57.52,0.82,-1,-1,-1
97,13,915.76,377.32,19.41,42.37,0.80,-1,-1,-1
98,2,216.08,288.99,166.51,405.80,0.95,-1,-1,-1
98,3,445.68,304.07,109.38,315.96,0.94,-1,-1,-1
98,4,636.55,363.98,42.12,106.74,0.91,-1,-1,-1
98,5,20.60,368.88,125.14,164.79,0.90,-1,-1,-1
98,6,558.60,359.53,32.24,106.40,0.83,-1,-1,-1
98,7,594.32,362.11,33.09,103.86,0.86,-1,-1,-1
98,8,502.72,324.21,81.68,232.42,0.88,-1,-1,-1
98,9,1053.65,374.35,51.84,129.84,0.91,-1,-1,-1
98,11,811.34,374.26,16.97,44.56,0.85,-1,-1,-1
98,12,89.37,358.86,106.02,162.45,0.89,-1,-1,-1
98,10,874.13,370.68,21.43,55.76,0.88,-1,-1,-1
98,15,1167.51,382.93,25.53,53.79,0.78,-1,-1,-1
98,14,1191.34,379.85,25.28,57.31,0.84,-1,-1,-1
98,13,916.26,377.21,18.82,42.31,0.77,-1,-1,-1
99,2,221.56,286.64,163.09,411.71,0.95,-1,-1,-1
99,3,443.35,303.75,114.43,321.73,0.94,-1,-1,-1
99,4,639.63,364.02,41.75,107.48,0.91,-1,-1,-1
99,5,22.34,369.91,118.48,164.73,0.91,-1,-1,-1
99,6,560.35,358.81,31.75,106.83,0.80,-1,-1,-1
99,7,597.00,361.95,32.09,105.19,0.87,-1,-1,-1
99,8,504.86,322.82,80.73,235.50,0.90,-1,-1,-1
99,9,1058.82,374.70,52.14,130.25,0.91,-1,-1,-1
99,11,812.76,374.67,16.44,44.27,0.82,-1,-1,-1
99,12,91.11,357.70,110.06,164.41,0.91,-1,-1,-1
99,10,875.48,370.93,21.54,55.83,0.88,-1,-1,-1
99,15,1169.04,383.21,25.30,53.64,0.82,-1,-1,-1
99,14,1192.61,379.76,25.27,57.84,0.84,-1,-1,-1
99,13,916.23,378.08,19.48,41.11,0.74,-1,-1,-1
100,2,229.03,283.60,159.66,418.27,0.95,-1,-1,-1
100,3,441.10,303.33,119.26,326.20,0.94,-1,-1,-1
100,4,642.56,362.88,41.61,109.18,0.92,-1,-1,-1
100,5,24.24,370.62,115.29,165.06,0.92,-1,-1,-1
100,6,561.33,358.00,32.78,108.71,0.77,-1,-1,-1
100,7,599.21,361.79,36.51,106.40,0.82,-1,-1,-1
100,8,506.28,321.95,83.98,239.02,0.89,-1,-1,-1
100,9,1063.51,375.07,52.25,130.62,0.91,-1,-1,-1
100,11,813.57,374.82,16.85,44.45,0.81,-1,-1,-1
100,12,93.02,357.59,111.51,165.18,0.92,-1,-1,-1
100,10,876.24,370.26,22.18,56.72,0.88,-1,-1,-1
100,15,1169.46,383.07,27.62,54.17,0.80,-1,-1,-1
100,14,1194.12,379.79,25.27,57.71,0.84,-1,-1,-1
100,13,916.18,378.38,19.72,41.25,0.75,-1,-1,-1
101,2,235.51,281.25,157.08,424.17,0.96,-1,-1,-1
101,3,432.28,303.74,131.82,330.81,0.93,-1,-1,-1
101,4,645.04,363.34,41.53,109.53,0.91,-1,-1,-1
101,5,25.94,370.82,118.62,165.50,0.91,-1,-1,-1
101,6,564.56,366.23,30.79,101.77,0.68,-1,-1,-1
101,7,600.82,362.03,34.68,107.70,0.87,-1,-1,-1
101,8,508.49,321.49,85.74,244.27,0.89,-1,-1,-1
101,9,1069.29,375.28,51.09,131.35,0.93,-1,-1,-1
101,11,815.01,375.06,16.40,44.52,0.79,-1,-1,-1
101,12,94.38,357.81,106.09,166.05,0.91,-1,-1,-1
101,10,877.66,370.34,22.42,56.77,0.88,-1,-1,-1
101,15,1170.20,383.10,28.46,54.37,0.81,-1,-1,-1
101,14,1197.04,380.48,24.07,57.08,0.80,-1,-1,-1
101,13,917.34,378.24,19.81,41.61,0.76,-1,-1,-1
102,2,240.54,277.86,156.93,432.03,0.96,-1,-1,-1
102,3,419.29,303.60,148.08,338.59,0.94,-1,-1,-1
102,4,646.80,362.40,42.75,110.86,0.92,-1,-1,-1
102,5,28.31,371.11,119.33,166.69,0.92,-1,-1,-1
102,6,564.18,361.83,34.31,107.70,0.69,-1,-1,-1
102,7,603.13,362.96,33.33,108.05,0.88,-1,-1,-1
102,8,510.99,321.32,87.14,248.46,0.89,-1,-1,-1
102,9,1075.38,375.39,51.92,132.09,0.93,-1,-1,-1
102,11,816.51,374.84,16.26,44.85,0.82,-1,-1,-1
102,12,96.09,359.28,110.83,165.34,0.91,-1,-1,-1
102,10,879.17,370.34,22.54,56.79,0.88,-1,-1,-1
102,15,1173.33,383.10,27.66,54.45,0.83,-1,-1,-1
102,14,1199.23,379.97,22.43,57.44,0.82,-1,-1,-1
102,13,918.51,377.99,19.57,42.05,0.75,-1,-1,-1
103,2,241.83,274.98,160.14,437.78,0.96,-1,-1,-1
103,3,414.92,303.45,155.46,346.52,0.95,-1,-1,-1
103,4,648.52,362.67,43.13,111.15,0.91,-1,-1,-1
103,5,30.23,371.52,123.56,167.54,0.90,-1,-1,-1
103,6,564.63,359.55,37.78,110.63,0.65,-1,-1,-1
103,7,604.19,363.47,33.34,108.42,0.89,-1,-1,-1
103,8,513.39,322.14,88.66,250.04,0.88,-1,-1,-1
103,9,1080.48,375.37,50.95,133.33,0.92,-1,-1,-1
103,11,816.58,374.72,16.78,44.97,0.82,-1,-1,-1
103,12,99.01,359.33,107.38,166.30,0.89,-1,-1,-1
103,10,880.10,370.34,22.54,57.07,0.87,-1,-1,-1
103,15,1175.02,383.08,27.28,55.06,0.80,-1,-1,-1
103,14,1200.53,380.52,23.02,57.26,0.81,-1,-1,-1
103,13,918.73,378.19,19.74,42.21,0.74,-1,-1,-1
104,2,243.29,271.58,164.54,443.97,0.96,-1,-1,-1
104,3,417.63,303.80,156.95,354.56,0.94,-1,-1,-1
104,4,650.92,362.59,43.33,111.54,0.92,-1,-1,-1
104,5,32.59,371.65,122.00,168.87,0.90,-1,-1,-1
104,6,565.96,358.24,39.78,112.64,0.59,-1,-1,-1
104,7,606.93,364.10,32.81,107.96,0.89,-1,-1,-1
104,8,516.29,322.66,90.55,263.49,0.88,-1,-1,-1
104,9,1085.11,375.11,51.85,134.25,0.92,-1,-1,-1
104,11,817.59,374.70,17.00,45.02,0.81,-1,-1,-1
104,12,101.57,359.30,106.54,167.68,0.90,-1,-1,-1
104,10,881.75,370.19,22.57,57.18,0.88,-1,-1,-1
104,15,1177.35,383.38,25.97,54.41,0.81,-1,-1,-1
104,14,1202.12,380.27,23.26,57.50,0.82,-1,-1,-1
104,13,919.86,377.80,19.83,42.57,0.75,-1,-1,-1
105,2,243.94,269.88,169.43,454.65,0.96,-1,-1,-1
105,3,423.45,304.04,154.81,365.03,0.94,-1,-1,-1
105,4,653.18,362.59,42.73,112.09,0.91,-1,-1,-1
105,5,35.36,372.13,118.37,169.35,0.90,-1,-1,-1
105,7,607.86,364.18,34.33,108.94,0.88,-1,-1,-1
105,8,518.24,322.97,91.66,267.32,0.88,-1,-1,-1
105,9,1089.14,375.41,53.28,134.55,0.93,-1,-1,-1
105,11,818.11,374.81,17.06,45.32,0.78,-1,-1,-1
105,12,103.41,363.60,106.57,164.32,0.88,-1,-1,-1
105,10,882.77,370.29,21.95,57.80,0.86,-1,-1,-1
105,15,1176.99,383.93,26.64,54.15,0.79,-1,-1,-1
105,14,1203.87,381.09,25.71,56.70,0.80,-1,-1,-1
105,13,920.11,378.12,20.13,41.81,0.82,-1,-1,-1
106,2,245.08,267.85,173.92,463.47,0.96,-1,-1,-1
106,3,431.11,303.88,152.66,372.94,0.94,-1,-1,-1
106,4,656.09,363.17,41.90,111.67,0.92,-1,-1,-1
106,5,38.50,372.34,118.80,170.08,0.91,-1,-1,-1
106,7,609.10,363.91,34.89,109.56,0.88,-1,-1,-1
106,8,523.37,323.57,91.47,260.93,0.89,-1,-1,-1
106,9,1094.07,375.04,53.82,135.36,0.92,-1,-1,-1
106,11,818.62,374.97,17.68,45.14,0.81,-1,-1,-1
106,12,106.12,365.16,111.96,162.83,0.89,-1,-1,-1
106,10,884.36,370.30,21.11,58.02,0.85,-1,-1,-1
106,15,1178.04,383.64,26.89,54.64,0.79,-1,-1,-1
106,14,1205.09,381.34,25.45,56.98,0.81,-1,-1,-1
106,13,920.53,378.35,19.94,41.22,0.82,-1,-1,-1
107,2,247.75,267.13,176.77,471.35,0.96,-1,-1,-1
107,3,438.03,302.39,151.26,378.78,0.94,-1,-1,-1
107,4,659.48,363.85,40.39,111.65,0.91,-1,-1,-1
107,5,41.47,372.27,121.81,171.09,0.91,-1,-1,-1
107,7,610.68,363.81,35.10,109.79,0.87,-1,-1,-1
107,8,526.74,323.67,93.14,256.65,0.89,-1,-1,-1
107,9,1098.78,374.61,54.02,136.55,0.92,-1,-1,-1
107,11,819.38,375.03,17.91,44.77,0.80,-1,-1,-1
107,12,108.99,363.20,109.73,165.39,0.90,-1,-1,-1
107,10,886.13,370.60,20.80,57.81,0.85,-1,-1,-1
107,15,1180.21,383.24,26.98,55.42,0.81,-1,-1,-1
107,14,1206.73,381.44,25.34,56.79,0.81,-1,-1,-1
107,13,921.29,378.14,19.87,41.60,0.82,-1,-1,-1
108,2,252.04,261.45,178.72,486.03,0.95,-1,-1,-1
108,3,446.49,300.27,146.39,383.83,0.93,-1,-1,-1
108,4,662.53,362.92,40.43,113.68,0.91,-1,-1,-1
108,5,44.33,372.31,125.67,171.42,0.91,-1,-1,-1
108,7,612.46,363.18,36.36,110.44,0.89,-1,-1,-1
108,8,531.53,324.64,93.17,254.59,0.89,-1,-1,-1
108,9,1103.37,374.55,55.28,137.10,0.93,-1,-1,-1
108,11,821.17,374.90,17.41,44.92,0.82,-1,-1,-1
108,12,111.80,362.67,108.56,165.86,0.91,-1,-1,-1
108,10,887.08,370.70,21.30,57.72,0.87,-1,-1,-1
108,15,1182.79,383.33,25.83,55.12,0.80,-1,-1,-1
108,14,1209.68,381.27,22.93,57.00,0.75,-1,-1,-1
108,13,922.20,378.04,19.84,41.74,0.83,-1,-1,-1
109,2,255.32,258.55,182.90,498.06,0.96,-1,-1,-1
109,3,455.93,298.14,139.03,388.39,0.93,-1,-1,-1
109,4,665.03,363.01,40.44,114.89,0.90,-1,-1,-1
109,5,47.06,372.87,122.70,171.23,0.90,-1,-1,-1
109,7,614.79,363.39,36.24,110.51,0.89,-1,-1,-1
109,8,537.95,324.41,90.78,254.64,0.89,-1,-1,-1
109,9,1107.90,374.69,56.92,136.86,0.92,-1,-1,-1
109,11,822.39,374.55,17.81,45.57,0.85,-1,-1,-1
109,12,114.89,363.77,106.73,165.89,0.91,-1,-1,-1
109,10,888.26,370.59,21.48,57.68,0.86,-1,-1,-1
109,15,1184.31,382.94,25.38,55.30,0.81,-1,-1,-1
109,14,1211.96,381.97,23.21,56.50,0.78,-1,-1,-1
109,13,922.51,378.00,19.83,42.10,0.85,-1,-1,-1
110,2,260.31,259.83,184.74,502.46,0.96,-1,-1,-1
110,3,464.88,295.89,134.93,391.70,0.92,-1,-1,-1
110,4,667.96,362.74,41.05,115.62,0.91,-1,-1,-1
110,5,49.71,372.21,121.67,172.32,0.90,-1,-1,-1
110,7,616.80,362.28,36.19,111.70,0.88,-1,-1,-1
110,8,543.28,324.92,88.64,259.03,0.87,-1,-1,-1
110,9,1112.39,374.14,57.53,137.62,0.93,-1,-1,-1
110,11,823.10,374.41,17.96,45.82,0.83,-1,-1,-1
110,12,117.38,363.01,105.74,167.65,0.90,-1,-1,-1
110,10,889.54,369.80,21.55,58.55,0.88,-1,-1,-1
110,15,1185.41,382.62,26.43,55.66,0.82,-1,-1,-1
110,14,1213.31,381.61,23.31,56.91,0.77,-1,-1,-1
110,13,923.20,377.69,19.82,42.53,0.85,-1,-1,-1
111,2,264.92,261.29,188.28,503.90,0.96,-1,-1,-1
111,3,470.51,294.18,130.36,393.97,0.93,-1,-1,-1
111,4,669.56,362.80,43.65,116.04,0.90,-1,-1,-1
111,5,52.16,372.10,120.82,172.86,0.92,-1,-1,-1
111,7,618.68,361.88,36.74,111.85,0.87,-1,-1,-1
111,8,543.65,324.23,92.61,267.45,0.88,-1,-1,-1
111,9,1116.31,373.52,58.92,138.34,0.94,-1,-1,-1
111,11,823.64,374.52,19.19,45.32,0.83,-1,-1,-1
111,12,119.70,362.87,105.53,167.86,0.90,-1,-1,-1
111,10,890.88,369.82,21.58,58.59,0.87,-1,-1,-1
111,15,1186.97,382.69,25.63,55.50,0.81,-1,-1,-1
111,14,1215.56,381.06,23.35,57.66,0.79,-1,-1,-1
111,13,923.45,377.44,19.82,42.69,0.84,-1,-1,-1
112,2,271.86,258.77,189.16,508.23,0.96,-1,-1,-1
112,3,473.99,290.94,126.84,400.51,0.95,-1,-1,-1
112,4,672.72,362.71,43.47,115.42,0.90,-1,-1,-1
112,5,55.03,372.26,119.51,173.48,0.92,-1,-1,-1
112,7,620.79,361.31,38.71,112.92,0.88,-1,-1,-1
112,8,546.94,322.54,92.90,274.67,0.89,-1,-1,-1
112,9,1120.00,373.58,60.61,139.18,0.93,-1,-1,-1
112,11,824.69,374.58,18.50,45.72,0.81,-1,-1,-1
112,12,122.56,363.76,105.16,167.62,0.91,-1,-1,-1
112,10,891.63,369.84,23.38,58.60,0.87,-1,-1,-1
112,15,1188.70,383.00,25.32,54.84,0.80,-1,-1,-1
112,14,1216.93,380.10,23.37,58.53,0.78,-1,-1,-1
112,13,924.12,377.50,19.82,42.46,0.85,-1,-1,-1
113,2,279.87,259.18,190.43,507.77,0.95,-1,-1,-1
113,3,476.35,290.32,127.97,403.47,0.94,-1,-1,-1
113,4,675.03,363.28,43.38,113.97,0.91,-1,-1,-1
113,5,57.68,372.47,124.81,174.45,0.92,-1,-1,-1
113,7,622.71,360.68,39.45,113.74,0.88,-1,-1,-1
113,8,549.56,318.41,94.76,283.22,0.90,-1,-1,-1
113,9,1124.19,373.49,61.24,139.32,0.93,-1,-1,-1
113,11,825.06,374.62,19.40,45.57,0.83,-1,-1,-1
113,12,124.72,365.14,106.08,167.06,0.92,-1,-1,-1
113,10,893.63,369.73,22.89,58.88,0.87,-1,-1,-1
113,15,1189.89,383.00,25.21,54.88,0.80,-1,-1,-1
113,14,1219.18,381.53,22.18,56.80,0.60,-1,-1,-1
113,13,924.36,377.70,19.81,42.37,0.83,-1,-1,-1
114,2,287.40,257.37,193.33,514.03,0.95,-1,-1,-1
114,3,478.33,288.09,130.20,409.08,0.94,-1,-1,-1
114,4,677.28,363.79,43.93,116.67,0.92,-1,-1,-1
114,5,60.05,372.72,122.51,175.20,0.91,-1,-1,-1
114,7,625.42,360.74,37.98,113.42,0.86,-1,-1,-1
114,8,553.69,314.36,97.21,294.39,0.91,-1,-1,-1
114,9,1127.35,373.58,62.63,140.08,0.93,-1,-1,-1
114,11,826.31,374.78,19.14,45.51,0.82,-1,-1,-1
114,12,127.57,365.97,104.79,166.81,0.92,-1,-1,-1
114,10,894.33,369.67,22.68,58.98,0.87,-1,-1,-1
114,15,1191.42,383.12,23.97,54.59,0.80,-1,-1,-1
114,14,1221.10,385.06,21.73,53.11,0.69,-1,-1,-1
114,13,924.99,378.05,19.81,42.03,0.83,-1,-1,-1
115,2,295.26,254.47,196.92,524.30,0.94,-1,-1,-1
115,3,480.03,285.97,133.56,415.78,0.94,-1,-1,-1
115,4,679.47,364.53,44.17,118.11,0.92,-1,-1,-1
115,5,62.61,373.26,126.13,176.20,0.91,-1,-1,-1
115,7,628.98,362.24,36.22,113.42,0.83,-1,-1,-1
115,8,557.71,313.98,98.82,296.45,0.90,-1,-1,-1
115,9,1133.40,374.34,60.87,139.89,0.90,-1,-1,-1
115,11,827.63,375.35,18.46,44.88,0.82,-1,-1,-1
115,12,130.48,367.16,106.02,167.59,0.91,-1,-1,-1
115,10,895.71,370.29,22.02,58.42,0.88,-1,-1,-1
115,15,1192.23,383.27,25.97,54.50,0.76,-1,-1,-1
115,14,1222.66,386.79,21.59,51.74,0.74,-1,-1,-1
115,13,926.08,377.63,19.83,42.50,0.78,-1,-1,-1
116,2,303.05,252.11,201.36,537.57,0.94,-1,-1,-1
116,3,484.76,285.32,132.88,405.33,0.92,-1,-1,-1
116,4,682.28,364.56,43.62,119.38,0.92,-1,-1,-1
116,5,64.86,373.10,123.13,177.77,0.92,-1,-1,-1
116,7,629.35,354.66,39.12,122.63,0.73,-1,-1,-1
116,8,563.87,312.84,98.69,297.10,0.90,-1,-1,-1
116,9,1136.41,374.84,62.45,140.57,0.93,-1,-1,-1
116,11,828.38,375.21,18.77,45.25,0.83,-1,-1,-1
116,12,131.60,365.62,107.67,170.72,0.91,-1,-1,-1
116,10,896.48,370.80,22.34,58.21,0.89,-1,-1,-1
116,15,1193.37,382.97,25.48,55.05,0.80,-1,-1,-1
116,14,1224.65,389.76,20.32,49.13,0.56,-1,-1,-1
116,13,926.76,377.75,19.81,42.09,0.73,-1,-1,-1
117,2,310.15,249.12,207.90,541.98,0.94,-1,-1,-1
117,3,484.90,284.36,138.13,429.02,0.92,-1,-1,-1
117,4,684.75,364.36,44.04,121.04,0.92,-1,-1,-1
117,5,67.59,373.80,120.28,178.49,0.92,-1,-1,-1
117,7,630.35,350.39,41.36,129.07,0.71,-1,-1,-1
117,8,568.73,312.85,98.73,293.13,0.91,-1,-1,-1
117,9,1140.79,374.83,64.26,142.74,0.92,-1,-1,-1
117,11,829.87,375.21,18.31,45.69,0.84,-1,-1,-1
117,12,134.76,365.33,107.05,172.19,0.89,-1,-1,-1
117,10,897.98,370.72,21.89,58.72,0.88,-1,-1,-1
117,15,1194.78,382.78,26.50,55.57,0.79,-1,-1,-1
117,14,1226.95,391.52,19.87,47.29,0.35,-1,-1,-1
117,13,927.97,377.82,19.83,42.23,0.74,-1,-1,-1
118,2,317.26,244.44,215.89,563.07,0.94,-1,-1,-1
118,3,485.26,285.03,142.24,441.08,0.92,-1,-1,-1
118,4,686.77,363.88,43.54,121.63,0.92,-1,-1,-1
118,5,69.22,373.71,122.33,179.62,0.94,-1,-1,-1
118,7,632.98,356.08,41.59,125.79,0.77,-1,-1,-1
118,8,573.46,314.08,99.75,293.61,0.93,-1,-1,-1
118,9,1144.80,375.18,66.02,143.82,0.93,-1,-1,-1
118,11,830.04,375.30,18.11,45.55,0.81,-1,-1,-1
118,12,135.74,365.77,108.50,172.42,0.90,-1,-1,-1
118,10,898.72,371.10,22.29,58.32,0.88,-1,-1,-1
118,15,1195.99,383.53,26.85,55.16,0.80,-1,-1,-1
118,14,1226.02,385.40,23.38,54.07,0.74,-1,-1,-1
118,13,928.02,377.67,18.62,42.57,0.82,-1,-1,-1
119,2,324.00,241.22,223.35,575.97,0.94,-1,-1,-1
119,3,481.92,282.93,148.55,449.82,0.91,-1,-1,-1
119,4,688.75,364.03,44.56,120.94,0.92,-1,-1,-1
119,5,71.72,373.98,120.38,180.73,0.94,-1,-1,-1
119,7,634.95,360.85,42.84,122.00,0.63,-1,-1,-1
119,8,575.84,313.00,103.70,305.64,0.93,-1,-1,-1
119,9,1148.67,375.56,69.04,145.68,0.93,-1,-1,-1
119,11,830.49,375.34,19.24,45.50,0.84,-1,-1,-1
119,12,136.36,365.64,110.47,173.50,0.86,-1,-1,-1
119,10,899.09,371.39,22.45,58.15,0.87,-1,-1,-1
119,15,1197.13,383.16,27.00,57.08,0.71,-1,-1,-1
119,14,1225.88,382.55,24.59,57.22,0.81,-1,-1,-1
119,13,927.52,377.61,19.38,42.70,0.77,-1,-1,-1
120,2,333.02,237.20,231.59,602.34,0.93,-1,-1,-1
120,3,483.07,283.56,151.48,454.43,0.91,-1,-1,-1
120,4,691.67,363.00,44.33,121.67,0.92,-1,-1,-1
120,5,73.23,374.26,122.01,181.72,0.93,-1,-1,-1
120,8,577.41,313.42,107.48,310.68,0.91,-1,-1,-1
120,9,1151.64,375.24,72.47,147.38,0.93,-1,-1,-1
120,11,830.82,375.31,19.65,45.77,0.86,-1,-1,-1
120,12,136.73,364.89,112.52,175.65,0.87,-1,-1,-1
120,10,900.54,372.06,22.50,57.20,0.87,-1,-1,-1
120,15,1197.97,383.16,27.04,57.50,0.67,-1,-1,-1
120,14,1226.75,381.39,26.23,58.21,0.74,-1,-1,-1
120,13,928.40,377.70,18.47,42.75,0.79,-1,-1,-1
121,2,341.34,233.58,241.32,622.29,0.92,-1,-1,-1
121,3,479.04,283.54,160.80,458.69,0.90,-1,-1,-1
121,4,693.56,362.45,46.04,123.57,0.92,-1,-1,-1
121,5,74.89,374.16,123.51,183.26,0.92,-1,-1,-1
121,8,581.93,312.17,108.98,314.86,0.92,-1,-1,-1
121,9,1156.49,375.49,73.82,147.86,0.93,-1,-1,-1
121,11,831.51,374.98,20.40,46.18,0.86,-1,-1,-1
121,12,139.04,365.87,112.60,174.98,0.87,-1,-1,-1
121,10,901.66,372.43,22.23,56.84,0.87,-1,-1,-1
121,15,1199.19,382.50,27.07,58.54,0.35,-1,-1,-1
121,14,1228.01,380.57,26.88,58.87,0.80,-1,-1,-1
121,13,929.63,377.56,18.12,42.77,0.79,-1,-1,-1
122,2,349.52,229.03,252.01,647.11,0.92,-1,-1,-1
122,3,483.11,283.80,160.76,456.96,0.89,-1,-1,-1
122,4,695.61,361.63,47.23,125.18,0.91,-1,-1,-1
122,5,75.96,374.48,128.77,183.88,0.93,-1,-1,-1
122,8,582.92,311.33,113.49,315.26,0.89,-1,-1,-1
122,9,1161.41,375.72,75.42,148.64,0.94,-1,-1,-1
122,11,832.28,374.88,20.09,46.34,0.85,-1,-1,-1
122,12,138.39,366.02,115.52,175.05,0.85,-1,-1,-1
122,10,902.91,372.31,21.51,57.02,0.86,-1,-1,-1
122,14,1228.73,381.16,27.11,58.54,0.73,-1,-1,-1
122,13,929.15,377.56,19.20,42.49,0.80,-1,-1,-1
123,2,358.66,224.52,264.26,676.37,0.92,-1,-1,-1
123,3,486.34,281.91,162.38,454.41,0.87,-1,-1,-1
123,4,700.25,361.46,47.68,125.87,0.93,-1,-1,-1
123,5,78.49,374.51,130.04,184.45,0.93,-1,-1,-1
123,8,587.99,310.76,114.62,319.25,0.90,-1,-1,-1
123,9,1166.08,374.97,77.16,150.18,0.94,-1,-1,-1
123,11,834.42,375.10,18.77,45.78,0.83,-1,-1,-1
123,12,143.73,366.44,114.61,175.27,0.89,-1,-1,-1
123,10,904.30,372.20,20.94,57.07,0.87,-1,-1,-1
123,14,1232.43,381.31,24.86,58.06,0.56,-1,-1,-1
123,13,929.02,377.05,19.59,42.96,0.80,-1,-1,-1
124,2,368.25,217.53,275.09,703.94,0.91,-1,-1,-1
124,3,488.44,278.41,166.45,474.93,0.83,-1,-1,-1
124,4,703.46,361.24,48.42,125.95,0.92,-1,-1,-1
124,5,81.43,373.48,128.55,185.36,0.93,-1,-1,-1
124,8,593.97,309.68,115.00,320.06,0.90,-1,-1,-1
124,9,1171.27,375.11,77.79,149.70,0.94,-1,-1,-1
124,11,835.24,375.02,18.86,45.87,0.85,-1,-1,-1
124,12,146.43,366.44,114.31,175.47,0.90,-1,-1,-1
124,10,905.41,371.84,20.74,57.40,0.86,-1,-1,-1
124,14,1232.65,381.64,25.14,57.58,0.54,-1,-1,-1
124,13,929.58,376.84,19.74,43.14,0.81,-1,-1,-1
125,2,378.01,211.01,290.19,730.80,0.90,-1,-1,-1
125,3,488.04,273.35,174.89,479.03,0.81,-1,-1,-1
125,4,706.63,360.58,50.45,127.42,0.92,-1,-1,-1
125,5,83.77,372.95,124.38,185.51,0.94,-1,-1,-1
125,8,592.34,308.98,122.69,334.35,0.90,-1,-1,-1
125,9,1176.57,375.32,79.15,149.91,0.94,-1,-1,-1
125,11,835.78,374.70,20.08,46.20,0.82,-1,-1,-1
125,12,148.88,365.70,116.08,175.37,0.90,-1,-1,-1
125,10,906.34,371.71,21.27,57.52,0.86,-1,-1,-1
125,13,930.34,376.78,19.80,43.20,0.80,-1,-1,-1
126,2,387.86,202.07,310.73,770.96,0.91,-1,-1,-1
126,3,493.82,268.94,175.78,489.62,0.74,-1,-1,-1
126,4,709.19,360.35,51.78,128.26,0.93,-1,-1,-1
126,5,85.82,373.16,123.93,185.72,0.94,-1,-1,-1
126,8,595.64,308.17,124.98,335.07,0.88,-1,-1,-1
126,9,1181.98,374.86,78.47,150.27,0.94,-1,-1,-1
126,11,836.81,374.60,19.95,46.32,0.82,-1,-1,-1
126,12,150.22,363.91,116.00,178.00,0.89,-1,-1,-1
126,10,907.23,371.25,21.46,57.87,0.87,-1,-1,-1
126,13,930.60,376.79,19.81,43.23,0.80,-1,-1,-1
127,2,397.80,197.97,333.43,802.96,0.88,-1,-1,-1
127,3,505.36,266.20,167.88,493.44,0.70,-1,-1,-1
127,4,710.96,360.44,54.62,129.00,0.91,-1,-1,-1
127,5,87.37,373.31,122.62,185.17,0.93,-1,-1,-1
127,8,600.29,306.17,125.84,349.20,0.87,-1,-1,-1
127,9,1188.60,375.41,76.98,149.64,0.94,-1,-1,-1
127,11,837.47,374.43,20.49,46.37,0.82,-1,-1,-1
127,12,153.24,362.41,115.29,179.56,0.90,-1,-1,-1
127,10,908.42,371.08,23.62,58.01,0.86,-1,-1,-1
127,13,931.27,376.81,19.82,43.23,0.80,-1,-1,-1
128,2,408.86,187.66,351.99,849.64,0.90,-1,-1,-1
128,3,516.61,261.43,168.24,503.22,0.55,-1,-1,-1
128,4,715.30,360.07,53.41,130.56,0.90,-1,-1,-1
128,5,89.04,372.98,123.30,185.98,0.92,-1,-1,-1
128,8,607.21,307.48,124.37,338.85,0.88,-1,-1,-1
128,9,1193.94,374.13,77.56,151.16,0.94,-1,-1,-1
128,11,838.58,374.39,20.10,46.38,0.83,-1,-1,-1
128,12,154.77,363.37,113.91,178.66,0.91,-1,-1,-1
128,10,908.85,371.17,23.85,57.76,0.86,-1,-1,-1
128,13,931.52,376.97,19.83,42.94,0.81,-1,-1,-1
129,2,420.74,179.77,371.71,895.40,0.86,-1,-1,-1
129,4,717.84,360.55,54.06,127.31,0.89,-1,-1,-1
129,5,90.69,373.08,124.51,187.60,0.93,-1,-1,-1
129,8,613.33,305.42,119.62,338.58,0.82,-1,-1,-1
129,9,1199.41,373.65,77.77,151.71,0.93,-1,-1,-1
129,11,839.92,374.70,18.76,46.38,0.83,-1,-1,-1
129,12,152.91,363.23,119.64,180.07,0.89,-1,-1,-1
129,10,910.49,371.38,23.64,57.66,0.86,-1,-1,-1
129,13,931.66,376.91,19.83,43.12,0.78,-1,-1,-1
130,2,434.11,177.00,389.83,924.64,0.86,-1,-1,-1
130,4,718.34,360.44,57.19,126.91,0.86,-1,-1,-1
130,5,91.97,373.05,125.28,189.37,0.93,-1,-1,-1
130,8,616.93,303.17,115.88,330.10,0.57,-1,-1,-1
130,9,1204.73,372.77,76.62,153.52,0.93,-1,-1,-1
130,11,840.58,374.67,18.23,46.38,0.83,-1,-1,-1
130,12,149.79,362.97,123.91,181.90,0.88,-1,-1,-1
130,10,911.27,371.02,22.66,57.92,0.86,-1,-1,-1
130,13,932.19,377.05,19.82,42.89,0.80,-1,-1,-1
130,15,1209.56,379.06,25.30,70.61,0.69,-1,-1,-1
131,2,448.39,173.23,406.01,969.76,0.86,-1,-1,-1
131,4,721.31,359.69,53.20,132.82,0.61,-1,-1,-1
131,5,93.22,372.63,128.68,191.94,0.93,-1,-1,-1
131,8,633.68,311.23,118.64,341.21,0.30,-1,-1,-1
131,9,1210.10,372.91,76.14,152.86,0.90,-1,-1,-1
131,11,841.07,374.98,18.05,46.08,0.80,-1,-1,-1
131,12,156.48,364.54,117.40,181.53,0.90,-1,-1,-1
131,10,912.39,370.62,23.18,58.61,0.87,-1,-1,-1
131,13,932.34,377.28,19.82,42.51,0.80,-1,-1,-1
131,15,1211.76,379.23,25.20,68.33,0.67,-1,-1,-1
132,2,462.69,155.11,425.73,1043.43,0.87,-1,-1,-1
132,5,94.63,373.33,125.61,193.18,0.95,-1,-1,-1
132,9,1215.55,372.69,77.13,153.17,0.89,-1,-1,-1
132,11,842.16,374.95,17.38,45.97,0.83,-1,-1,-1
132,12,158.68,364.23,116.52,184.03,0.89,-1,-1,-1
132,10,913.40,370.62,23.36,58.87,0.87,-1,-1,-1
132,13,933.61,377.97,18.63,41.46,0.81,-1,-1,-1
132,15,1213.08,380.21,25.16,62.10,0.62,-1,-1,-1
133,2,480.58,143.87,437.32,1080.08,0.87,-1,-1,-1
133,5,96.55,374.10,123.87,193.74,0.94,-1,-1,-1
133,9,1221.53,373.17,77.49,152.95,0.88,-1,-1,-1
133,11,842.82,375.23,17.74,45.62,0.83,-1,-1,-1
133,12,160.96,364.90,116.20,185.08,0.87,-1,-1,-1
133,10,914.32,370.46,23.43,58.96,0.87,-1,-1,-1
133,13,933.46,377.61,19.39,42.27,0.81,-1,-1,-1
133,15,1213.49,381.01,25.16,58.44,0.70,-1,-1,-1
134,2,499.42,128.94,448.95,1132.30,0.89,-1,-1,-1
134,5,98.10,374.62,124.83,195.12,0.94,-1,-1,-1
134,9,1227.22,374.83,76.42,150.19,0.88,-1,-1,-1
134,11,843.35,375.31,17.88,46.69,0.75,-1,-1,-1
134,12,163.06,363.47,115.32,187.97,0.87,-1,-1,-1
134,10,915.54,370.82,23.15,58.70,0.88,-1,-1,-1
134,13,934.01,377.30,19.66,42.28,0.82,-1,-1,-1
134,15,1214.23,380.97,27.56,57.14,0.70,-1,-1,-1
134,3,518.23,240.19,208.74,614.79,0.80,-1,-1,-1
135,2,517.50,109.65,465.91,1200.81,0.88,-1,-1,-1
135,5,99.60,374.93,125.54,197.34,0.94,-1,-1,-1
135,9,1233.39,376.91,70.05,148.19,0.88,-1,-1,-1
135,12,165.99,360.83,115.01,192.69,0.91,-1,-1,-1
135,10,916.64,370.36,23.05,59.18,0.87,-1,-1,-1
135,13,934.28,376.88,19.77,42.88,0.83,-1,-1,-1
135,15,1214.55,380.46,29.59,58.51,0.79,-1,-1,-1
135,3,516.85,239.25,217.68,646.17,0.80,-1,-1,-1
136,2,543.90,95.34,478.58,1244.12,0.87,-1,-1,-1
136,5,100.91,376.07,128.58,196.98,0.94,-1,-1,-1
136,9,1239.54,377.72,60.16,146.83,0.88,-1,-1,-1
136,12,167.68,358.95,115.44,195.18,0.89,-1,-1,-1
136,10,920.12,370.48,19.72,52.24,0.25,-1,-1,-1
136,13,934.20,377.00,19.80,42.21,0.73,-1,-1,-1
136,15,1215.57,380.61,29.23,58.70,0.78,-1,-1,-1
136,3,518.43,236.58,221.52,658.00,0.81,-1,-1,-1
137,2,576.69,81.26,492.26,1288.39,0.86,-1,-1,-1
137,5,102.48,376.81,131.44,197.40,0.92,-1,-1,-1
137,9,1244.77,379.42,57.89,145.16,0.85,-1,-1,-1
137,12,167.98,357.22,117.27,198.89,0.88,-1,-1,-1
137,15,1216.73,380.29,29.07,59.09,0.81,-1,-1,-1
137,3,524.25,231.64,223.58,699.64,0.79,-1,-1,-1
138,2,609.08,66.73,501.27,1319.79,0.81,-1,-1,-1
138,5,104.42,377.41,131.39,198.11,0.93,-1,-1,-1
138,9,1249.67,377.21,57.22,146.96,0.80,-1,-1,-1
138,12,170.77,357.91,116.96,198.95,0.88,-1,-1,-1
138,15,1217.33,380.63,29.01,58.36,0.80,-1,-1,-1
138,3,530.90,231.99,227.30,737.16,0.82,-1,-1,-1
138,8,656.52,291.50,113.07,352.24,0.66,-1,-1,-1
139,2,650.37,47.23,549.94,1387.64,0.85,-1,-1,-1
139,5,106.07,377.38,131.01,199.03,0.93,-1,-1,-1
139,9,1254.55,403.77,42.37,118.76,0.68,-1,-1,-1
139,12,172.17,359.80,118.58,197.68,0.86,-1,-1,-1
139,15,1219.02,380.12,30.23,57.52,0.75,-1,-1,-1
139,3,536.09,226.31,235.29,766.87,0.83,-1,-1,-1
139,8,665.09,288.33,128.30,392.69,0.76,-1,-1,-1
140,2,708.25,39.35,566.64,1416.49,0.80,-1,-1,-1
140,5,107.87,377.64,131.21,199.94,0.92,-1,-1,-1
140,9,1259.92,400.86,46.49,122.56,0.39,-1,-1,-1
140,12,164.38,360.67,110.60,198.42,0.75,-1,-1,-1
140,15,1220.16,380.36,29.51,56.90,0.78,-1,-1,-1
140,3,541.76,223.26,246.29,769.46,0.87,-1,-1,-1
140,8,674.31,286.06,141.60,415.18,0.84,-1,-1,-1
141,2,772.43,28.27,599.86,1430.44,0.76,-1,-1,-1
141,5,109.76,377.83,134.70,201.00,0.92,-1,-1,-1
141,12,180.14,360.48,108.60,197.21,0.75,-1,-1,-1
141,3,545.91,221.68,256.71,779.42,0.89,-1,-1,-1
141,8,678.13,282.98,154.78,446.19,0.88,-1,-1,-1
141,11,846.05,374.29,20.59,47.25,0.81,-1,-1,-1
142,2,853.21,19.56,602.44,1459.04,0.63,-1,-1,-1
142,5,111.78,377.78,138.29,202.36,0.91,-1,-1,-1
142,12,181.82,361.27,117.24,197.00,0.87,-1,-1,-1
142,3,549.37,221.20,269.78,796.60,0.87,-1,-1,-1
142,8,685.57,280.50,162.30,465.19,0.87,-1,-1,-1
142,11,847.16,374.23,20.20,46.34,0.81,-1,-1,-1
142,18,920.25,368.10,22.95,60.75,0.84,-1,-1,-1
142,10,938.55,375.81,14.78,41.15,0.69,-1,-1,-1
143,5,113.46,377.43,145.85,204.09,0.91,-1,-1,-1
143,12,181.76,359.05,121.75,200.62,0.86,-1,-1,-1
143,3,554.07,212.71,282.50,822.48,0.89,-1,-1,-1
143,8,694.95,281.52,166.19,474.85,0.87,-1,-1,-1
143,11,848.11,374.46,19.44,46.34,0.82,-1,-1,-1
143,18,921.09,369.07,23.36,59.34,0.85,-1,-1,-1
143,10,940.07,376.91,14.40,40.09,0.71,-1,-1,-1
144,5,114.96,376.54,144.42,206.36,0.93,-1,-1,-1
144,12,183.31,360.64,123.21,200.49,0.90,-1,-1,-1
144,3,557.72,202.61,297.84,856.53,0.86,-1,-1,-1
144,8,705.39,281.53,168.16,474.79,0.88,-1,-1,-1
144,11,847.34,375.25,19.69,44.83,0.53,-1,-1,-1
144,18,922.15,369.53,22.02,59.03,0.85,-1,-1,-1
144,10,938.60,377.43,15.53,40.08,0.71,-1,-1,-1
144,15,1216.03,381.02,32.19,59.13,0.74,-1,-1,-1
145,5,116.61,377.93,142.62,207.01,0.92,-1,-1,-1
145,12,185.09,361.22,121.13,200.81,0.90,-1,-1,-1
145,3,562.82,191.32,312.37,901.45,0.87,-1,-1,-1
145,8,716.57,281.90,171.19,478.72,0.89,-1,-1,-1
145,18,921.81,369.50,23.01,59.64,0.86,-1,-1,-1
145,10,939.35,378.20,14.69,38.86,0.68,-1,-1,-1
145,15,1214.29,382.09,32.40,56.63,0.81,-1,-1,-1
145,19,1252.80,379.57,27.00,58.95,0.80,-1,-1,-1
146,5,118.36,377.47,135.76,209.71,0.93,-1,-1,-1
146,12,186.29,362.22,121.13,202.21,0.89,-1,-1,-1
146,3,568.80,182.13,328.28,931.45,0.86,-1,-1,-1
146,8,729.49,281.93,174.04,483.29,0.89,-1,-1,-1
146,18,922.42,369.81,23.32,59.16,0.86,-1,-1,-1
146,10,939.68,378.55,14.39,38.15,0.68,-1,-1,-1
146,15,1213.75,382.25,32.48,56.05,0.81,-1,-1,-1
146,19,1253.58,379.47,27.02,58.95,0.80,-1,-1,-1
146,13,954.63,379.17,12.89,34.43,0.65,-1,-1,-1
147,5,119.47,378.40,141.03,210.62,0.92,-1,-1,-1
147,12,187.48,362.51,122.70,204.41,0.88,-1,-1,-1
147,3,575.76,172.45,343.67,957.83,0.88,-1,-1,-1
147,8,740.82,282.77,179.76,491.19,0.87,-1,-1,-1
147,18,922.67,370.08,23.42,58.98,0.85,-1,-1,-1
147,10,939.86,378.78,14.30,37.62,0.62,-1,-1,-1
147,15,1213.60,382.66,32.51,55.21,0.80,-1,-1,-1
147,19,1253.05,379.54,28.41,58.59,0.82,-1,-1,-1
147,13,954.98,380.03,12.56,33.77,0.61,-1,-1,-1
148,5,120.32,379.21,144.40,211.57,0.94,-1,-1,-1
148,12,187.17,363.97,122.41,205.26,0.86,-1,-1,-1
148,3,581.68,168.04,361.51,1008.61,0.89,-1,-1,-1
148,8,754.69,282.46,183.62,500.50,0.85,-1,-1,-1
148,18,923.28,369.98,23.45,58.93,0.85,-1,-1,-1
148,10,939.81,378.49,14.28,38.09,0.58,-1,-1,-1
148,15,1214.14,382.48,31.33,55.52,0.79,-1,-1,-1
148,19,1254.18,379.48,26.15,58.82,0.78,-1,-1,-1
148,13,954.40,379.64,13.74,33.89,0.67,-1,-1,-1
149,5,121.33,379.82,142.57,213.27,0.93,-1,-1,-1
149,12,198.41,364.56,113.05,204.84,0.83,-1,-1,-1
149,3,590.41,160.95,374.74,1046.06,0.88,-1,-1,-1
149,8,769.41,280.88,185.22,515.86,0.81,-1,-1,-1
149,18,923.45,369.96,23.45,61.43,0.57,-1,-1,-1
149,10,940.35,378.85,13.06,37.38,0.37,-1,-1,-1
149,15,1218.00,382.34,27.26,56.25,0.75,-1,-1,-1
149,19,1254.59,380.06,26.71,58.59,0.79,-1,-1,-1
149,13,954.78,379.53,12.91,33.94,0.59,-1,-1,-1
