0,1,884.70,348.30,178.20,388.80,0.93,-1,-1,-1
0,2,579.60,338.17,54.90,137.02,0.90,-1,-1,-1
0,3,623.70,345.82,59.40,132.52,0.89,-1,-1,-1
0,4,518.85,351.22,38.70,101.70,0.89,-1,-1,-1
0,5,561.60,359.55,22.50,61.20,0.80,-1,-1,-1
0,6,1149.30,377.77,19.80,43.65,0.72,-1,-1,-1
0,7,1238.40,378.00,19.80,47.25,0.70,-1,-1,-1
1,1,884.16,348.18,172.02,388.37,0.92,-1,-1,-1
1,2,580.89,338.05,54.92,136.49,0.89,-1,-1,-1
1,3,625.78,346.09,57.86,130.04,0.88,-1,-1,-1
1,4,519.72,351.50,39.50,102.13,0.89,-1,-1,-1
1,5,562.49,359.24,22.51,62.40,0.81,-1,-1,-1
1,6,1151.98,377.86,18.25,44.06,0.73,-1,-1,-1
1,7,1239.56,378.09,21.37,48.05,0.73,-1,-1,-1
2,1,884.15,348.28,163.88,385.34,0.93,-1,-1,-1
2,2,581.88,338.87,54.94,135.54,0.90,-1,-1,-1
2,3,629.05,346.28,54.77,128.74,0.87,-1,-1,-1
2,4,520.64,351.34,39.65,102.57,0.90,-1,-1,-1
2,5,563.41,358.63,22.52,64.00,0.83,-1,-1,-1
2,6,1154.70,377.11,17.99,44.83,0.80,-1,-1,-1
2,7,1242.03,378.37,21.65,48.19,0.74,-1,-1,-1
2,8,1104.30,375.30,18.00,42.75,0.74,-1,-1,-1
3,1,882.59,348.67,160.11,390.55,0.91,-1,-1,-1
3,2,583.46,338.96,53.55,136.08,0.90,-1,-1,-1
3,3,630.60,346.33,51.73,129.75,0.86,-1,-1,-1
3,4,521.18,351.45,40.35,102.68,0.89,-1,-1,-1
3,5,563.95,358.44,23.20,65.50,0.80,-1,-1,-1
3,6,1156.66,377.73,17.93,44.72,0.74,-1,-1,-1
3,7,1245.29,378.48,21.71,48.21,0.76,-1,-1,-1
3,8,1106.22,375.53,18.01,43.49,0.67,-1,-1,-1
4,1,882.70,349.39,160.49,392.22,0.92,-1,-1,-1
4,2,584.19,338.52,53.75,136.93,0.90,-1,-1,-1
4,3,630.17,345.40,50.90,131.26,0.89,-1,-1,-1
4,4,521.93,351.52,40.54,103.02,0.89,-1,-1,-1
4,5,564.36,358.59,23.40,65.29,0.80,-1,-1,-1
4,6,1159.02,377.45,17.92,45.32,0.81,-1,-1,-1
4,7,1248.05,378.68,21.69,48.54,0.74,-1,-1,-1
4,8,1107.95,375.92,18.01,42.95,0.70,-1,-1,-1
5,1,885.78,349.17,158.57,396.81,0.92,-1,-1,-1
5,2,585.71,338.75,53.21,137.24,0.89,-1,-1,-1
5,3,630.35,345.47,51.43,131.47,0.89,-1,-1,-1
5,4,523.13,352.10,39.97,103.13,0.89,-1,-1,-1
5,5,564.81,358.89,23.47,64.85,0.82,-1,-1,-1
5,6,1160.49,377.82,19.24,45.52,0.81,-1,-1,-1
5,7,1250.97,379.04,21.68,48.00,0.65,-1,-1,-1
5,8,1109.82,375.85,19.41,43.11,0.71,-1,-1,-1
6,1,886.73,350.96,162.57,398.29,0.91,-1,-1,-1
6,2,586.43,338.85,53.04,136.37,0.89,-1,-1,-1
6,3,632.86,345.84,48.46,132.14,0.87,-1,-1,-1
6,4,524.73,352.65,38.49,102.83,0.89,-1,-1,-1
6,5,565.19,359.03,23.49,64.96,0.84,-1,-1,-1
6,6,1162.04,378.24,19.69,45.25,0.76,-1,-1,-1
6,7,1253.61,378.49,21.67,49.06,0.75,-1,-1,-1
6,8,1112.17,375.96,18.56,43.16,0.73,-1,-1,-1
7,1,892.28,352.41,160.48,402.56,0.90,-1,-1,-1
7,2,586.67,338.65,53.06,137.70,0.88,-1,-1,-1
7,3,633.43,345.43,48.19,131.84,0.86,-1,-1,-1
7,4,526.19,353.71,37.37,102.16,0.88,-1,-1,-1
7,5,565.64,359.33,23.51,65.03,0.82,-1,-1,-1
7,6,1164.86,378.09,19.87,45.48,0.79,-1,-1,-1
7,7,1257.49,378.75,21.69,48.24,0.64,-1,-1,-1
7,8,1115.22,376.17,16.90,42.88,0.71,-1,-1,-1
8,1,898.03,353.72,158.59,406.81,0.91,-1,-1,-1
8,2,586.68,338.84,53.62,138.24,0.90,-1,-1,-1
8,3,632.56,345.10,49.34,134.08,0.90,-1,-1,-1
8,4,526.68,353.86,37.55,102.15,0.88,-1,-1,-1
8,5,566.37,358.92,23.48,64.98,0.83,-1,-1,-1
8,6,1167.71,378.29,18.68,45.22,0.78,-1,-1,-1
8,7,1259.40,378.82,21.65,47.88,0.52,-1,-1,-1
8,8,1116.31,376.02,17.63,43.08,0.69,-1,-1,-1
9,1,905.79,355.14,154.46,407.81,0.92,-1,-1,-1
9,2,587.32,340.12,53.28,137.10,0.90,-1,-1,-1
9,3,632.62,344.96,49.84,134.48,0.90,-1,-1,-1
9,4,527.16,354.07,37.67,101.57,0.87,-1,-1,-1
9,5,567.28,359.23,23.49,64.06,0.83,-1,-1,-1
9,6,1169.61,378.49,19.48,45.13,0.78,-1,-1,-1
9,7,1262.20,378.49,21.66,48.38,0.66,-1,-1,-1
9,8,1118.80,376.26,17.88,42.85,0.75,-1,-1,-1
10,1,911.19,355.25,152.01,408.02,0.91,-1,-1,-1
10,2,588.11,341.37,52.52,134.20,0.90,-1,-1,-1
10,3,633.18,344.33,50.04,134.43,0.90,-1,-1,-1
10,4,527.28,353.84,38.32,101.03,0.87,-1,-1,-1
10,5,567.88,359.21,23.47,63.39,0.82,-1,-1,-1
10,6,1171.90,378.20,19.75,45.08,0.79,-1,-1,-1
10,7,1264.16,378.01,21.65,48.86,0.66,-1,-1,-1
10,8,1121.33,376.13,16.74,43.08,0.73,-1,-1,-1
11,1,917.54,354.68,150.79,410.34,0.91,-1,-1,-1
11,2,589.57,339.37,51.60,136.78,0.90,-1,-1,-1
11,3,633.63,344.25,50.10,134.22,0.90,-1,-1,-1
11,4,527.88,352.95,38.54,101.13,0.88,-1,-1,-1
11,5,568.06,358.72,24.05,66.17,0.81,-1,-1,-1
11,6,1174.33,378.32,19.83,45.05,0.77,-1,-1,-1
11,7,1266.42,380.19,19.21,45.72,0.50,-1,-1,-1
11,8,1122.61,376.15,17.56,42.54,0.65,-1,-1,-1
12,1,922.82,351.40,149.31,415.36,0.91,-1,-1,-1
12,2,590.40,338.65,51.92,137.13,0.90,-1,-1,-1
12,3,634.11,343.93,50.78,135.34,0.91,-1,-1,-1
12,4,528.70,352.49,38.65,100.88,0.88,-1,-1,-1
12,5,569.02,358.42,24.28,66.89,0.82,-1,-1,-1
12,6,1176.47,378.12,19.87,45.34,0.80,-1,-1,-1
12,7,1269.73,380.31,17.02,45.13,0.42,-1,-1,-1
12,8,1124.35,375.15,17.85,43.88,0.74,-1,-1,-1
13,1,926.87,348.74,149.94,417.56,0.88,-1,-1,-1
13,2,591.29,338.42,51.40,138.09,0.90,-1,-1,-1
13,3,635.16,344.02,49.81,135.22,0.90,-1,-1,-1
13,4,529.32,352.04,39.26,101.34,0.88,-1,-1,-1
13,5,570.29,358.18,23.74,67.12,0.80,-1,-1,-1
13,6,1178.08,378.29,19.86,45.13,0.79,-1,-1,-1
13,7,1272.34,381.51,14.97,43.38,0.11,-1,-1,-1
13,8,1126.44,375.33,17.95,43.45,0.70,-1,-1,-1
14,1,933.17,347.80,150.52,419.18,0.89,-1,-1,-1
14,2,591.74,338.69,51.32,137.79,0.91,-1,-1,-1
14,3,635.72,344.55,50.15,135.26,0.91,-1,-1,-1
14,4,530.51,351.22,38.97,102.79,0.88,-1,-1,-1
14,5,571.48,358.34,22.98,66.63,0.80,-1,-1,-1
14,6,1180.75,378.20,19.89,45.07,0.79,-1,-1,-1
14,8,1128.66,375.71,18.02,43.30,0.69,-1,-1,-1
15,1,937.66,344.17,150.49,420.08,0.90,-1,-1,-1
15,2,592.01,338.47,51.79,137.16,0.89,-1,-1,-1
15,3,636.91,344.76,49.59,135.03,0.91,-1,-1,-1
15,4,531.72,350.41,38.17,102.39,0.89,-1,-1,-1
15,5,571.73,358.20,23.24,68.80,0.83,-1,-1,-1
15,6,1183.19,377.97,19.86,45.93,0.80,-1,-1,-1
15,8,1130.37,375.94,18.01,43.53,0.71,-1,-1,-1
16,1,942.85,342.22,153.01,420.42,0.90,-1,-1,-1
16,2,592.07,338.73,52.61,131.84,0.89,-1,-1,-1
16,3,637.32,345.03,49.42,135.11,0.91,-1,-1,-1
16,4,532.41,350.15,37.89,102.25,0.89,-1,-1,-1
16,5,572.09,358.20,23.35,69.31,0.84,-1,-1,-1
16,6,1185.35,377.87,19.85,46.26,0.78,-1,-1,-1
16,8,1132.85,375.71,18.01,43.92,0.76,-1,-1,-1
17,1,946.88,339.75,151.52,416.13,0.92,-1,-1,-1
17,2,591.77,338.84,53.49,131.61,0.90,-1,-1,-1
17,3,637.43,343.95,49.95,137.18,0.91,-1,-1,-1
17,4,532.95,350.07,38.38,103.06,0.89,-1,-1,-1
17,5,572.50,358.35,23.98,69.76,0.84,-1,-1,-1
17,6,1187.64,377.86,19.84,46.36,0.80,-1,-1,-1
17,8,1134.10,375.80,19.20,44.06,0.66,-1,-1,-1
18,1,951.36,338.57,153.47,418.13,0.92,-1,-1,-1
18,2,592.27,338.49,53.85,132.94,0.90,-1,-1,-1
18,3,637.81,343.45,50.18,138.13,0.91,-1,-1,-1
18,4,533.76,350.27,37.99,103.69,0.88,-1,-1,-1
18,5,573.28,358.63,23.63,69.04,0.84,-1,-1,-1
18,6,1190.44,378.16,19.84,46.40,0.81,-1,-1,-1
18,8,1136.49,375.99,19.65,43.81,0.69,-1,-1,-1
19,1,955.83,338.45,155.44,426.01,0.92,-1,-1,-1
19,2,592.69,338.51,53.99,134.80,0.90,-1,-1,-1
19,3,638.48,342.82,50.28,136.54,0.90,-1,-1,-1
19,4,533.97,350.65,38.45,103.92,0.89,-1,-1,-1
19,5,573.19,358.44,24.70,68.75,0.85,-1,-1,-1
19,6,1193.19,378.41,19.84,46.42,0.76,-1,-1,-1
19,8,1138.50,375.90,19.82,44.32,0.69,-1,-1,-1
20,1,960.84,337.97,158.51,441.41,0.92,-1,-1,-1
20,2,593.13,338.16,54.02,136.07,0.90,-1,-1,-1
20,3,638.11,341.63,50.91,136.48,0.90,-1,-1,-1
20,4,534.05,351.03,38.60,103.68,0.89,-1,-1,-1
20,5,573.16,358.15,25.67,70.99,0.85,-1,-1,-1
20,6,1195.18,378.62,19.83,46.11,0.78,-1,-1,-1
20,8,1140.24,375.83,18.69,44.50,0.74,-1,-1,-1
21,1,966.18,338.39,159.68,452.29,0.92,-1,-1,-1
21,2,593.31,337.92,54.04,136.09,0.90,-1,-1,-1
21,3,638.91,341.25,51.15,135.84,0.90,-1,-1,-1
21,4,534.33,351.36,39.26,103.68,0.90,-1,-1,-1
21,5,573.41,357.65,26.62,71.89,0.85,-1,-1,-1
21,6,1197.27,378.64,21.02,46.33,0.78,-1,-1,-1
21,8,1142.20,376.03,19.46,44.60,0.66,-1,-1,-1
22,1,970.47,339.98,163.79,456.89,0.92,-1,-1,-1
22,2,594.55,338.24,53.47,135.38,0.89,-1,-1,-1
22,3,639.76,341.21,51.87,135.47,0.88,-1,-1,-1
22,4,535.64,351.91,38.35,103.29,0.89,-1,-1,-1
22,5,574.70,357.72,26.42,71.86,0.85,-1,-1,-1
22,6,1199.69,378.59,20.31,46.37,0.75,-1,-1,-1
22,8,1144.62,375.78,19.74,44.30,0.64,-1,-1,-1
23,1,976.63,340.34,165.22,458.70,0.89,-1,-1,-1
23,2,595.06,338.31,53.82,134.79,0.90,-1,-1,-1
23,3,639.53,341.15,55.66,136.21,0.92,-1,-1,-1
23,4,536.78,351.91,37.97,103.13,0.89,-1,-1,-1
23,5,575.24,357.09,27.48,72.41,0.86,-1,-1,-1
23,6,1202.22,378.90,19.99,45.78,0.75,-1,-1,-1
23,8,1146.58,375.70,19.83,44.48,0.75,-1,-1,-1
24,1,975.18,340.76,176.30,457.67,0.89,-1,-1,-1
24,2,595.83,338.29,53.33,134.25,0.89,-1,-1,-1
24,3,640.00,340.65,57.63,136.90,0.91,-1,-1,-1
24,4,537.49,351.54,37.81,103.34,0.89,-1,-1,-1
24,5,576.03,356.50,27.28,73.47,0.86,-1,-1,-1
24,6,1204.73,378.71,19.87,45.84,0.80,-1,-1,-1
24,8,1149.49,375.96,18.67,44.23,0.70,-1,-1,-1
25,1,976.39,340.03,185.25,462.07,0.88,-1,-1,-1
25,2,597.98,340.39,52.60,131.77,0.89,-1,-1,-1
25,3,639.69,340.60,60.19,137.42,0.91,-1,-1,-1
25,4,538.13,351.43,38.40,104.00,0.89,-1,-1,-1
25,5,576.70,356.30,27.81,74.72,0.86,-1,-1,-1
25,6,1206.87,378.67,19.84,45.86,0.76,-1,-1,-1
25,8,1151.20,375.37,20.65,45.03,0.71,-1,-1,-1
26,1,973.89,340.36,197.92,460.50,0.88,-1,-1,-1
26,2,598.82,339.09,52.92,133.53,0.90,-1,-1,-1
26,3,640.20,340.50,61.75,138.03,0.89,-1,-1,-1
26,4,538.04,351.26,38.61,104.04,0.89,-1,-1,-1
26,5,577.55,356.11,28.00,75.55,0.87,-1,-1,-1
26,6,1210.20,378.93,19.83,45.61,0.73,-1,-1,-1
26,8,1154.30,375.70,19.05,44.77,0.67,-1,-1,-1
27,1,973.90,340.26,212.94,464.53,0.88,-1,-1,-1
27,2,599.85,342.79,53.00,129.35,0.91,-1,-1,-1
27,3,643.13,341.22,61.12,136.84,0.89,-1,-1,-1
27,4,538.47,350.14,38.66,103.70,0.89,-1,-1,-1
27,5,577.44,355.89,29.21,75.50,0.88,-1,-1,-1
27,6,1211.76,378.61,21.00,46.09,0.76,-1,-1,-1
27,8,1156.45,376.01,18.35,44.64,0.61,-1,-1,-1
28,1,979.02,340.60,220.21,462.67,0.88,-1,-1,-1
28,2,601.42,345.03,52.51,127.46,0.91,-1,-1,-1
28,3,646.05,341.88,59.73,136.82,0.90,-1,-1,-1
28,4,539.21,349.99,38.74,104.76,0.89,-1,-1,-1
28,5,577.98,356.22,28.55,75.45,0.87,-1,-1,-1
28,6,1214.20,378.75,20.30,46.26,0.74,-1,-1,-1
28,8,1157.89,375.81,19.33,44.89,0.62,-1,-1,-1
29,1,988.35,342.56,226.33,468.36,0.87,-1,-1,-1
29,2,603.75,345.21,51.10,127.10,0.90,-1,-1,-1
29,3,646.81,342.70,60.93,136.22,0.88,-1,-1,-1
29,4,539.43,349.75,39.34,104.56,0.88,-1,-1,-1
29,5,579.02,357.06,27.65,74.52,0.87,-1,-1,-1
29,6,1216.75,379.45,21.19,45.74,0.76,-1,-1,-1
29,8,1159.50,375.93,20.85,44.99,0.67,-1,-1,-1
30,1,995.92,344.21,230.69,468.50,0.87,-1,-1,-1
30,2,605.08,345.25,51.13,128.38,0.90,-1,-1,-1
30,3,647.57,344.07,61.30,135.13,0.89,-1,-1,-1
30,4,539.68,349.64,39.53,105.11,0.88,-1,-1,-1
30,5,578.68,357.08,28.47,75.97,0.88,-1,-1,-1
30,6,1218.77,379.70,21.50,45.85,0.79,-1,-1,-1
30,8,1161.75,376.08,20.26,45.32,0.73,-1,-1,-1
31,1,1011.04,344.75,220.93,478.75,0.86,-1,-1,-1
31,2,606.14,345.08,52.40,128.33,0.91,-1,-1,-1
31,3,648.44,344.71,62.66,135.96,0.90,-1,-1,-1
31,4,539.14,350.20,40.82,103.25,0.88,-1,-1,-1
31,5,579.72,357.24,28.79,76.51,0.86,-1,-1,-1
31,6,1221.46,379.35,21.64,46.79,0.69,-1,-1,-1
31,8,1163.94,376.61,20.02,45.16,0.65,-1,-1,-1
32,1,1022.06,344.89,211.97,479.44,0.87,-1,-1,-1
32,2,607.40,344.36,52.87,131.88,0.91,-1,-1,-1
32,3,649.02,344.91,63.73,136.82,0.91,-1,-1,-1
32,4,539.24,350.24,40.71,103.41,0.89,-1,-1,-1
32,5,580.70,357.41,28.31,77.27,0.87,-1,-1,-1
32,6,1224.01,379.44,21.68,46.84,0.77,-1,-1,-1
32,8,1166.32,376.59,19.92,45.38,0.67,-1,-1,-1
33,1,1026.35,344.56,208.15,481.67,0.87,-1,-1,-1
33,2,608.43,343.32,52.98,133.43,0.91,-1,-1,-1
33,3,650.08,344.97,62.87,136.62,0.91,-1,-1,-1
33,4,539.30,350.07,41.79,104.31,0.90,-1,-1,-1
33,5,581.67,357.29,28.07,77.79,0.85,-1,-1,-1
33,6,1225.65,379.87,21.66,46.83,0.70,-1,-1,-1
33,8,1167.95,376.38,19.85,45.73,0.75,-1,-1,-1
34,1,1026.94,344.51,207.16,485.77,0.89,-1,-1,-1
34,2,608.99,343.25,53.74,132.36,0.91,-1,-1,-1
34,3,651.00,344.99,62.65,137.55,0.92,-1,-1,-1
34,4,539.16,350.39,42.29,104.43,0.89,-1,-1,-1
34,5,582.79,357.77,28.05,77.45,0.85,-1,-1,-1
34,6,1228.58,380.08,21.70,46.86,0.72,-1,-1,-1
34,8,1170.82,377.25,18.68,45.01,0.69,-1,-1,-1
35,1,1023.12,344.46,201.49,485.30,0.90,-1,-1,-1
35,2,609.75,343.35,53.92,132.05,0.91,-1,-1,-1
35,3,652.18,344.86,60.04,137.12,0.91,-1,-1,-1
35,4,539.71,350.00,41.79,104.45,0.89,-1,-1,-1
35,5,582.89,357.31,28.57,77.57,0.86,-1,-1,-1
35,6,1230.41,380.22,21.66,46.85,0.75,-1,-1,-1
35,8,1172.67,377.17,19.41,45.62,0.67,-1,-1,-1
36,1,1019.02,344.96,198.15,483.78,0.91,-1,-1,-1
36,2,610.57,343.54,54.00,132.08,0.91,-1,-1,-1
36,3,653.17,344.66,58.43,137.09,0.92,-1,-1,-1
36,4,539.89,350.02,42.19,104.74,0.89,-1,-1,-1
36,5,583.78,356.99,28.18,77.89,0.86,-1,-1,-1
36,6,1232.18,380.63,21.65,46.54,0.76,-1,-1,-1
36,8,1174.46,377.06,19.67,46.13,0.70,-1,-1,-1
37,1,1016.85,346.77,200.60,477.13,0.90,-1,-1,-1
37,2,611.42,343.47,54.05,132.27,0.91,-1,-1,-1
37,3,654.41,344.44,56.66,137.25,0.92,-1,-1,-1
37,4,539.61,350.81,42.95,104.88,0.89,-1,-1,-1
37,5,584.67,356.01,28.04,79.21,0.84,-1,-1,-1
37,6,1234.72,380.76,21.65,46.74,0.66,-1,-1,-1
37,8,1177.00,377.29,18.59,46.04,0.69,-1,-1,-1
38,1,996.71,347.66,224.02,475.25,0.91,-1,-1,-1
38,2,612.05,343.31,54.62,131.99,0.91,-1,-1,-1
38,3,655.16,344.38,55.35,137.11,0.92,-1,-1,-1
38,4,540.75,350.81,42.60,105.18,0.89,-1,-1,-1
38,5,585.33,356.09,28.55,79.07,0.85,-1,-1,-1
38,6,1237.13,380.75,20.44,46.79,0.68,-1,-1,-1
38,8,1178.25,376.43,19.38,46.88,0.68,-1,-1,-1
39,1,1001.94,347.40,225.71,467.86,0.91,-1,-1,-1
39,2,612.33,341.61,55.42,133.21,0.91,-1,-1,-1
39,3,655.47,343.76,54.88,137.94,0.92,-1,-1,-1
39,4,541.56,350.82,42.46,104.98,0.89,-1,-1,-1
39,5,586.53,355.54,28.15,79.88,0.85,-1,-1,-1
39,6,1238.57,380.73,22.41,47.10,0.84,-1,-1,-1
39,8,1179.87,376.23,19.65,47.18,0.68,-1,-1,-1
40,1,1008.89,346.09,226.36,469.42,0.91,-1,-1,-1
40,2,612.91,340.84,55.16,133.58,0.91,-1,-1,-1
40,3,656.09,343.55,54.76,138.31,0.92,-1,-1,-1
40,4,542.04,350.86,41.83,104.95,0.89,-1,-1,-1
40,5,587.16,355.36,28.01,80.20,0.87,-1,-1,-1
40,6,1241.02,381.00,21.96,46.94,0.65,-1,-1,-1
40,8,1182.37,376.15,19.77,47.61,0.60,-1,-1,-1
41,1,1014.41,345.91,228.71,472.52,0.91,-1,-1,-1
41,2,612.56,340.54,55.61,135.45,0.91,-1,-1,-1
41,3,656.63,343.60,54.09,137.94,0.92,-1,-1,-1
41,4,543.19,350.69,41.55,103.99,0.89,-1,-1,-1
41,5,588.03,355.28,27.33,80.87,0.87,-1,-1,-1
41,6,1242.85,381.13,21.75,46.56,0.67,-1,-1,-1
41,8,1184.24,376.74,19.80,46.85,0.55,-1,-1,-1
42,1,1017.74,344.80,234.40,490.06,0.91,-1,-1,-1
42,2,612.91,338.44,55.82,138.85,0.91,-1,-1,-1
42,3,657.34,343.40,53.91,138.44,0.92,-1,-1,-1
42,4,543.80,350.58,40.88,103.96,0.89,-1,-1,-1
42,5,588.25,355.19,27.71,81.43,0.87,-1,-1,-1
42,6,1244.83,381.14,22.87,46.43,0.61,-1,-1,-1
42,8,1186.22,376.35,19.83,47.17,0.56,-1,-1,-1
43,1,1023.03,345.59,240.06,485.19,0.90,-1,-1,-1
43,2,613.13,338.54,55.33,138.74,0.91,-1,-1,-1
43,3,658.57,344.06,53.28,138.26,0.92,-1,-1,-1
43,4,544.44,350.71,40.05,103.91,0.89,-1,-1,-1
43,5,589.02,355.62,27.86,80.70,0.86,-1,-1,-1
43,6,1247.18,381.10,23.30,46.96,0.59,-1,-1,-1
43,8,1188.01,376.32,18.65,47.25,0.23,-1,-1,-1
44,1,1029.18,347.10,251.46,486.45,0.89,-1,-1,-1
44,2,613.38,338.63,55.11,138.30,0.91,-1,-1,-1
44,3,658.91,344.21,53.04,138.56,0.92,-1,-1,-1
44,4,543.92,350.62,40.93,104.25,0.89,-1,-1,-1
44,5,590.05,355.24,27.31,81.64,0.84,-1,-1,-1
44,6,1249.93,381.45,23.45,46.58,0.57,-1,-1,-1
45,1,1035.22,348.57,256.43,500.71,0.89,-1,-1,-1
45,2,613.58,339.72,54.91,137.10,0.91,-1,-1,-1
45,3,659.99,345.62,52.26,137.65,0.91,-1,-1,-1
45,4,544.21,350.41,41.17,103.99,0.88,-1,-1,-1
45,5,590.87,355.36,27.64,83.09,0.83,-1,-1,-1
45,6,1250.34,380.91,23.46,47.60,0.49,-1,-1,-1
46,1,1041.81,348.58,262.02,505.76,0.89,-1,-1,-1
46,2,614.42,340.43,54.31,138.06,0.91,-1,-1,-1
46,3,660.29,346.27,52.66,138.00,0.91,-1,-1,-1
46,4,543.84,350.62,42.51,105.16,0.88,-1,-1,-1
46,5,591.62,356.00,27.21,83.68,0.84,-1,-1,-1
46,6,1253.19,380.89,23.48,48.01,0.59,-1,-1,-1
47,1,1051.91,350.65,257.22,501.75,0.88,-1,-1,-1
47,2,615.28,341.81,53.51,137.40,0.91,-1,-1,-1
47,3,660.05,346.58,53.45,137.86,0.90,-1,-1,-1
47,4,543.65,350.95,42.45,105.02,0.88,-1,-1,-1
47,5,591.54,356.62,28.26,85.09,0.83,-1,-1,-1
47,6,1256.10,381.16,22.31,48.16,0.55,-1,-1,-1
48,1,1060.97,349.45,252.66,503.41,0.86,-1,-1,-1
48,2,615.29,342.11,53.80,136.36,0.92,-1,-1,-1
48,3,659.63,346.32,53.14,139.27,0.92,-1,-1,-1
48,4,543.58,350.98,41.80,104.65,0.89,-1,-1,-1
48,5,592.67,356.64,27.46,84.71,0.82,-1,-1,-1
48,6,1257.58,380.49,23.05,49.40,0.65,-1,-1,-1
49,1,1068.58,349.58,246.29,505.79,0.87,-1,-1,-1
49,2,615.59,342.22,53.97,137.63,0.91,-1,-1,-1
49,3,659.48,346.19,53.69,140.57,0.92,-1,-1,-1
49,4,543.85,351.02,41.60,104.82,0.89,-1,-1,-1
49,5,593.40,357.10,27.18,85.74,0.83,-1,-1,-1
49,6,1259.50,380.61,23.34,49.28,0.59,-1,-1,-1
50,1,1081.07,347.99,232.41,509.76,0.88,-1,-1,-1
50,2,615.63,343.36,54.18,135.61,0.92,-1,-1,-1
50,3,659.98,346.32,54.65,141.84,0.91,-1,-1,-1
50,4,543.25,351.61,42.82,105.22,0.91,-1,-1,-1
50,5,593.60,357.81,28.96,86.16,0.86,-1,-1,-1
50,6,1261.72,380.36,22.33,50.12,0.37,-1,-1,-1
51,1,1096.85,346.31,220.30,512.96,0.87,-1,-1,-1
51,2,615.37,342.96,54.71,134.32,0.92,-1,-1,-1
51,3,660.46,345.72,54.28,142.24,0.92,-1,-1,-1
51,4,542.81,351.24,43.76,105.62,0.90,-1,-1,-1
51,5,593.99,357.08,28.95,85.94,0.85,-1,-1,-1
52,1,1110.95,343.35,207.28,515.71,0.86,-1,-1,-1
52,2,615.27,342.71,55.50,133.84,0.92,-1,-1,-1
52,3,660.34,344.35,55.33,142.54,0.91,-1,-1,-1
52,4,542.95,351.16,43.53,105.76,0.90,-1,-1,-1
52,5,594.13,356.25,29.53,87.62,0.86,-1,-1,-1
53,1,1122.27,342.12,201.07,525.49,0.84,-1,-1,-1
53,2,615.56,342.17,55.70,134.50,0.92,-1,-1,-1
53,3,660.88,342.97,55.62,143.00,0.91,-1,-1,-1
53,4,544.28,350.95,42.16,106.05,0.89,-1,-1,-1
53,5,594.21,355.48,30.28,89.37,0.84,-1,-1,-1
54,1,1131.95,339.65,193.27,542.93,0.83,-1,-1,-1
54,2,615.61,341.83,55.90,136.05,0.91,-1,-1,-1
54,3,660.77,342.29,57.64,143.58,0.91,-1,-1,-1
54,4,545.27,351.53,41.13,105.94,0.89,-1,-1,-1
54,5,595.04,355.25,30.05,89.49,0.84,-1,-1,-1
55,1,1139.77,338.87,190.56,547.67,0.82,-1,-1,-1
55,2,615.58,341.76,56.55,136.88,0.91,-1,-1,-1
55,3,660.67,342.10,60.73,143.14,0.91,-1,-1,-1
55,4,545.93,351.51,39.52,105.84,0.90,-1,-1,-1
55,5,594.13,355.04,31.72,90.38,0.85,-1,-1,-1
55,9,580.50,361.35,18.00,48.15,0.72,-1,-1,-1
56,1,1143.50,335.64,190.87,557.12,0.81,-1,-1,-1
56,2,615.84,341.32,56.17,137.22,0.91,-1,-1,-1
56,3,660.90,342.23,61.88,141.78,0.92,-1,-1,-1
56,4,546.15,351.96,38.90,104.94,0.90,-1,-1,-1
56,5,594.05,354.86,31.74,90.99,0.86,-1,-1,-1
56,9,580.79,361.50,17.32,48.19,0.70,-1,-1,-1
57,1,1145.64,334.54,194.81,570.76,0.79,-1,-1,-1
57,2,616.62,340.94,56.01,137.86,0.91,-1,-1,-1
57,3,661.64,343.27,61.72,141.17,0.92,-1,-1,-1
57,4,546.33,351.76,38.69,105.44,0.90,-1,-1,-1
57,5,594.10,354.88,31.73,91.15,0.86,-1,-1,-1
57,9,580.91,361.96,17.19,47.84,0.62,-1,-1,-1
58,1,1150.80,334.70,194.85,576.95,0.79,-1,-1,-1
58,2,616.92,340.34,56.47,138.67,0.91,-1,-1,-1
58,3,662.50,343.68,60.95,140.76,0.91,-1,-1,-1
58,4,545.51,351.34,38.57,106.51,0.90,-1,-1,-1
58,5,594.42,354.57,31.07,91.46,0.85,-1,-1,-1
58,9,579.89,361.35,17.82,48.41,0.56,-1,-1,-1
59,1,1156.31,336.13,186.74,574.51,0.78,-1,-1,-1
59,2,616.96,341.44,57.29,137.56,0.90,-1,-1,-1
59,3,663.67,344.41,60.71,141.13,0.90,-1,-1,-1
59,4,544.49,351.33,38.58,106.37,0.89,-1,-1,-1
59,5,594.75,354.45,30.85,92.19,0.85,-1,-1,-1
59,9,579.51,361.77,18.70,47.94,0.63,-1,-1,-1
60,1,1157.10,338.66,182.30,583.53,0.77,-1,-1,-1
60,2,617.31,342.34,57.52,136.75,0.90,-1,-1,-1
60,3,662.64,344.70,62.89,141.95,0.91,-1,-1,-1
60,4,543.90,350.72,37.93,106.85,0.89,-1,-1,-1
60,5,594.93,354.42,30.71,92.40,0.85,-1,-1,-1
60,9,579.47,362.10,18.96,47.75,0.54,-1,-1,-1
61,1,1158.97,342.01,180.77,565.62,0.78,-1,-1,-1
61,2,618.03,342.80,56.99,135.70,0.90,-1,-1,-1
61,3,662.82,345.25,63.69,141.81,0.90,-1,-1,-1
61,4,542.77,350.47,38.31,106.43,0.88,-1,-1,-1
61,5,594.99,354.83,31.24,92.76,0.84,-1,-1,-1
61,9,578.84,362.51,19.65,47.37,0.55,-1,-1,-1
62,1,1166.83,346.08,175.51,571.31,0.76,-1,-1,-1
62,2,618.28,343.31,57.40,134.43,0.91,-1,-1,-1
62,3,662.89,345.34,65.75,141.93,0.90,-1,-1,-1
62,4,539.94,350.41,40.86,106.60,0.89,-1,-1,-1
62,5,594.99,354.89,31.44,94.08,0.85,-1,-1,-1
62,9,578.31,362.21,20.50,48.19,0.60,-1,-1,-1
63,1,1174.39,348.02,170.11,571.42,0.74,-1,-1,-1
63,2,619.24,344.29,56.96,135.31,0.91,-1,-1,-1
63,3,664.93,346.01,64.79,142.27,0.90,-1,-1,-1
63,4,538.00,350.30,42.98,107.86,0.89,-1,-1,-1
63,5,594.96,355.99,30.93,93.38,0.86,-1,-1,-1
63,9,578.10,362.14,20.81,48.48,0.68,-1,-1,-1
64,1,1180.79,350.66,169.66,581.93,0.76,-1,-1,-1
64,2,619.50,344.39,57.44,133.93,0.93,-1,-1,-1
64,3,666.54,346.30,63.83,142.46,0.91,-1,-1,-1
64,4,536.24,350.46,44.42,108.08,0.90,-1,-1,-1
64,5,594.23,356.02,31.35,94.62,0.87,-1,-1,-1
64,9,577.92,361.86,20.92,49.22,0.70,-1,-1,-1
65,1,1186.84,350.92,164.46,584.42,0.77,-1,-1,-1
65,2,621.11,344.26,55.74,137.24,0.93,-1,-1,-1
65,3,665.36,346.09,65.15,142.03,0.90,-1,-1,-1
65,4,536.26,350.64,44.33,107.50,0.90,-1,-1,-1
65,5,594.31,355.86,31.46,95.32,0.87,-1,-1,-1
65,9,578.23,361.71,20.31,49.16,0.65,-1,-1,-1
66,1,1191.77,350.20,161.43,580.97,0.76,-1,-1,-1
66,2,622.46,343.58,55.08,139.31,0.92,-1,-1,-1
66,3,665.34,345.98,64.42,141.49,0.90,-1,-1,-1
66,4,535.61,350.68,44.84,107.23,0.90,-1,-1,-1
66,5,593.90,355.90,32.08,95.23,0.88,-1,-1,-1
66,9,578.84,361.77,19.44,48.51,0.57,-1,-1,-1
67,1,1196.73,347.97,162.32,578.30,0.78,-1,-1,-1
67,2,623.05,343.21,55.03,140.35,0.92,-1,-1,-1
67,3,666.10,345.36,63.15,141.10,0.90,-1,-1,-1
67,4,535.30,350.81,45.18,107.62,0.91,-1,-1,-1
67,5,592.91,355.56,33.61,96.56,0.88,-1,-1,-1
67,9,579.42,362.05,18.57,48.34,0.61,-1,-1,-1
68,1,1194.01,343.51,169.75,587.18,0.76,-1,-1,-1
68,2,622.76,343.03,56.12,139.66,0.91,-1,-1,-1
68,3,666.73,344.49,61.93,141.67,0.89,-1,-1,-1
68,4,536.03,350.65,44.63,108.22,0.91,-1,-1,-1
68,5,592.97,355.38,33.54,96.90,0.88,-1,-1,-1
68,9,579.81,362.24,18.20,48.22,0.60,-1,-1,-1
69,1,1184.32,340.09,187.76,593.19,0.75,-1,-1,-1
69,2,622.97,342.55,56.46,138.43,0.91,-1,-1,-1
69,3,667.27,343.17,59.60,141.53,0.91,-1,-1,-1
69,4,536.72,350.16,43.75,108.40,0.91,-1,-1,-1
69,5,592.75,355.33,34.05,98.16,0.88,-1,-1,-1
69,9,579.39,361.86,18.65,48.46,0.63,-1,-1,-1
69,10,1222.20,377.10,19.80,49.50,0.74,-1,-1,-1
70,1,1175.62,340.47,202.74,584.74,0.75,-1,-1,-1
70,2,623.06,342.23,56.06,137.95,0.92,-1,-1,-1
70,3,666.88,342.66,58.79,141.92,0.91,-1,-1,-1
70,4,537.02,350.47,43.46,108.16,0.90,-1,-1,-1
70,5,593.00,355.20,34.28,98.91,0.88,-1,-1,-1
70,9,579.27,361.60,18.84,48.85,0.61,-1,-1,-1
70,10,1222.53,377.02,21.27,49.52,0.74,-1,-1,-1
71,1,1164.03,340.13,222.22,568.88,0.72,-1,-1,-1
71,2,623.35,340.77,55.85,138.39,0.92,-1,-1,-1
71,3,667.01,342.05,57.25,142.40,0.92,-1,-1,-1
71,4,537.72,350.70,42.71,107.49,0.90,-1,-1,-1
71,5,591.89,353.94,35.50,100.67,0.87,-1,-1,-1
71,9,578.30,360.74,19.49,50.20,0.65,-1,-1,-1
71,10,1224.04,376.86,21.54,49.53,0.63,-1,-1,-1
72,1,1156.01,343.07,247.91,551.38,0.70,-1,-1,-1
72,2,623.42,340.19,55.77,138.56,0.92,-1,-1,-1
72,3,667.32,341.81,56.69,142.29,0.91,-1,-1,-1
72,4,538.27,350.77,41.82,106.93,0.89,-1,-1,-1
72,5,591.44,353.44,35.95,101.32,0.88,-1,-1,-1
72,9,578.21,360.09,19.73,50.70,0.59,-1,-1,-1
72,10,1225.05,376.83,23.00,49.88,0.67,-1,-1,-1
73,1,1150.83,350.86,256.21,525.60,0.69,-1,-1,-1
73,2,623.38,340.17,55.82,139.27,0.92,-1,-1,-1
73,3,667.40,342.05,56.58,143.04,0.92,-1,-1,-1
73,4,538.09,351.01,40.94,107.66,0.89,-1,-1,-1
73,5,591.80,353.62,35.58,102.75,0.87,-1,-1,-1
73,9,577.52,360.36,19.85,51.20,0.54,-1,-1,-1
73,10,1226.83,376.83,20.91,49.65,0.73,-1,-1,-1
74,1,1147.23,353.07,273.83,505.74,0.44,-1,-1,-1
74,2,623.35,340.05,55.76,139.78,0.92,-1,-1,-1
74,3,667.70,342.19,55.87,143.72,0.92,-1,-1,-1
74,4,537.77,350.64,40.56,107.90,0.89,-1,-1,-1
74,5,592.25,353.25,34.76,103.53,0.87,-1,-1,-1
74,9,577.27,360.02,19.85,51.66,0.60,-1,-1,-1
74,10,1228.37,377.07,20.05,49.22,0.67,-1,-1,-1
75,1,1145.90,357.53,290.80,485.25,0.24,-1,-1,-1
75,2,623.39,340.62,55.74,139.37,0.92,-1,-1,-1
75,3,668.16,343.30,55.03,143.23,0.91,-1,-1,-1
75,4,537.71,350.36,40.43,108.29,0.89,-1,-1,-1
75,5,592.20,354.16,34.44,104.39,0.87,-1,-1,-1
75,9,577.85,359.90,19.26,51.82,0.61,-1,-1,-1
75,10,1229.51,377.30,19.78,48.76,0.63,-1,-1,-1
76,1,1147.44,360.20,296.67,485.95,0.11,-1,-1,-1
76,2,623.35,340.99,55.81,139.29,0.91,-1,-1,-1
76,3,668.62,344.02,54.81,142.97,0.91,-1,-1,-1
76,4,537.31,350.43,40.44,108.79,0.89,-1,-1,-1
76,5,591.82,354.97,34.96,104.75,0.87,-1,-1,-1
76,9,577.71,360.04,19.65,52.20,0.62,-1,-1,-1
76,10,1232.07,377.09,19.72,49.57,0.69,-1,-1,-1
77,2,623.03,341.33,55.17,139.48,0.91,-1,-1,-1
77,3,669.65,345.09,53.47,142.79,0.90,-1,-1,-1
77,4,536.91,350.48,39.80,108.92,0.89,-1,-1,-1
77,5,591.11,355.02,35.70,105.69,0.86,-1,-1,-1
77,9,577.69,360.27,19.77,52.31,0.62,-1,-1,-1
77,10,1233.17,377.19,20.95,49.84,0.72,-1,-1,-1
78,2,622.57,342.10,55.56,139.27,0.91,-1,-1,-1
78,3,670.00,345.53,53.02,143.05,0.90,-1,-1,-1
78,4,536.42,350.70,39.59,108.98,0.89,-1,-1,-1
78,5,590.21,354.94,36.58,105.75,0.86,-1,-1,-1
78,9,577.94,360.70,19.23,51.75,0.54,-1,-1,-1
78,10,1234.83,377.06,20.19,49.95,0.74,-1,-1,-1
79,2,622.05,342.44,55.84,139.77,0.91,-1,-1,-1
79,3,670.13,345.87,53.01,143.87,0.91,-1,-1,-1
79,4,534.61,351.34,40.82,108.81,0.89,-1,-1,-1
79,5,589.80,355.44,37.00,105.24,0.87,-1,-1,-1
79,9,577.66,360.97,19.06,52.17,0.49,-1,-1,-1
79,10,1235.99,376.92,21.17,50.33,0.62,-1,-1,-1
80,2,621.99,342.71,55.76,140.21,0.91,-1,-1,-1
80,3,669.91,345.86,52.84,143.83,0.91,-1,-1,-1
80,4,534.21,351.35,41.14,108.89,0.89,-1,-1,-1
80,5,589.54,355.42,37.02,106.36,0.87,-1,-1,-1
80,9,577.76,360.55,18.94,52.25,0.54,-1,-1,-1
80,10,1236.72,377.09,21.45,50.10,0.62,-1,-1,-1
81,2,621.99,341.91,54.55,143.05,0.92,-1,-1,-1
81,3,668.94,345.09,54.02,143.97,0.91,-1,-1,-1
81,4,534.41,351.21,40.68,109.21,0.89,-1,-1,-1
81,5,587.71,355.41,38.80,107.95,0.87,-1,-1,-1
81,9,576.62,360.10,19.49,53.17,0.48,-1,-1,-1
81,10,1238.18,377.42,21.57,50.01,0.65,-1,-1,-1
82,2,621.98,341.73,54.08,141.59,0.92,-1,-1,-1
82,3,668.56,344.62,54.46,144.45,0.91,-1,-1,-1
82,4,534.18,351.27,40.50,109.02,0.89,-1,-1,-1
82,5,586.72,354.64,40.03,108.97,0.87,-1,-1,-1
82,9,577.08,360.19,19.10,52.91,0.45,-1,-1,-1
82,10,1239.83,377.38,21.60,50.58,0.74,-1,-1,-1
83,2,622.28,341.02,53.98,140.89,0.92,-1,-1,-1
83,3,667.54,343.64,55.30,143.77,0.91,-1,-1,-1
83,4,533.20,350.98,41.09,109.57,0.89,-1,-1,-1
83,5,586.64,353.58,39.97,110.24,0.86,-1,-1,-1
83,9,577.57,360.66,18.38,52.52,0.43,-1,-1,-1
83,10,1241.84,377.14,21.64,50.50,0.68,-1,-1,-1
84,2,622.15,340.74,53.97,140.69,0.92,-1,-1,-1
84,3,667.24,343.11,55.65,143.73,0.91,-1,-1,-1
84,4,532.26,350.71,41.92,109.83,0.90,-1,-1,-1
84,5,585.79,353.02,41.11,110.31,0.87,-1,-1,-1
84,9,577.48,360.68,18.11,52.38,0.34,-1,-1,-1
84,10,1243.49,377.21,21.65,50.49,0.65,-1,-1,-1
85,2,622.01,339.98,53.91,139.66,0.92,-1,-1,-1
85,3,666.71,342.71,56.31,144.10,0.91,-1,-1,-1
85,4,532.16,350.52,41.59,110.18,0.89,-1,-1,-1
85,5,584.24,351.40,42.65,112.48,0.87,-1,-1,-1
85,9,577.69,360.46,17.38,52.31,0.32,-1,-1,-1
85,10,1245.44,376.90,21.63,51.06,0.67,-1,-1,-1
86,2,621.94,339.79,53.94,138.67,0.92,-1,-1,-1
86,3,666.21,342.36,57.79,144.25,0.91,-1,-1,-1
86,4,532.73,350.72,40.90,110.00,0.88,-1,-1,-1
86,5,583.93,351.49,44.43,114.47,0.87,-1,-1,-1
86,9,577.14,360.48,17.14,52.28,0.32,-1,-1,-1
86,10,1247.40,376.85,21.64,51.27,0.72,-1,-1,-1
87,2,622.03,339.39,53.96,139.86,0.91,-1,-1,-1
87,3,667.34,342.20,58.36,144.36,0.91,-1,-1,-1
87,4,532.43,351.05,40.64,110.43,0.89,-1,-1,-1
87,5,582.77,351.79,46.27,114.65,0.88,-1,-1,-1
87,9,578.25,360.01,17.67,52.89,0.27,-1,-1,-1
87,10,1249.03,376.56,21.64,51.67,0.72,-1,-1,-1
88,2,622.26,339.30,53.89,140.33,0.92,-1,-1,-1
88,3,668.22,342.21,58.48,144.11,0.91,-1,-1,-1
88,4,531.72,351.34,40.48,110.18,0.89,-1,-1,-1
88,5,581.98,351.36,46.88,116.79,0.88,-1,-1,-1
88,9,578.60,360.16,18.43,52.76,0.26,-1,-1,-1
88,10,1250.02,376.78,22.81,51.47,0.71,-1,-1,-1
89,2,622.38,339.38,53.90,140.83,0.91,-1,-1,-1
89,3,668.30,342.31,59.14,145.54,0.90,-1,-1,-1
89,4,532.97,352.32,38.65,109.66,0.89,-1,-1,-1
89,5,582.29,351.17,45.96,118.03,0.88,-1,-1,-1
89,9,578.75,360.47,18.14,52.42,0.16,-1,-1,-1
89,10,1251.73,376.59,22.08,51.69,0.64,-1,-1,-1
90,2,623.03,339.06,53.95,142.12,0.91,-1,-1,-1
90,3,667.48,343.19,61.80,145.69,0.90,-1,-1,-1
90,4,533.14,352.65,38.61,110.25,0.89,-1,-1,-1
90,5,582.15,351.07,45.60,121.02,0.88,-1,-1,-1
90,9,579.40,360.56,18.05,52.61,0.20,-1,-1,-1
90,10,1253.81,376.97,21.79,51.79,0.76,-1,-1,-1
91,2,623.26,339.21,54.53,143.45,0.91,-1,-1,-1
91,3,668.01,344.54,62.16,144.94,0.90,-1,-1,-1
91,4,532.91,352.70,38.56,110.43,0.88,-1,-1,-1
91,5,581.52,351.86,44.80,121.79,0.87,-1,-1,-1
91,9,579.33,360.38,18.59,53.26,0.25,-1,-1,-1
91,10,1255.46,376.75,21.67,52.11,0.73,-1,-1,-1
92,2,623.99,339.49,54.19,143.80,0.91,-1,-1,-1
92,3,669.46,345.26,61.73,145.40,0.90,-1,-1,-1
92,4,532.58,352.66,38.59,110.65,0.88,-1,-1,-1
92,5,581.65,353.01,43.91,123.37,0.87,-1,-1,-1
92,9,579.66,361.44,17.63,52.91,0.24,-1,-1,-1
92,10,1257.38,377.05,21.63,52.22,0.74,-1,-1,-1
93,2,623.90,341.42,54.00,142.54,0.91,-1,-1,-1
93,3,669.34,346.61,62.67,144.64,0.91,-1,-1,-1
93,4,531.52,352.64,39.77,109.66,0.88,-1,-1,-1
93,5,580.47,354.04,45.91,125.23,0.85,-1,-1,-1
93,9,578.80,361.71,18.45,53.35,0.13,-1,-1,-1
93,10,1258.92,377.35,21.60,51.65,0.69,-1,-1,-1
94,2,624.11,343.09,53.36,141.79,0.92,-1,-1,-1
94,3,668.08,347.60,64.80,144.54,0.91,-1,-1,-1
94,4,530.47,352.82,40.82,110.06,0.88,-1,-1,-1
94,5,580.87,355.96,43.14,124.16,0.86,-1,-1,-1
94,9,578.73,361.85,18.16,53.23,0.24,-1,-1,-1
94,10,1260.79,377.63,21.59,51.75,0.73,-1,-1,-1
95,2,624.18,344.71,52.52,141.05,0.92,-1,-1,-1
95,3,668.47,348.21,65.01,145.39,0.91,-1,-1,-1
95,4,529.49,352.98,41.21,109.76,0.88,-1,-1,-1
95,5,579.85,356.35,43.82,125.47,0.86,-1,-1,-1
95,9,578.71,362.15,18.04,53.18,0.24,-1,-1,-1
95,10,1263.21,377.70,20.39,52.07,0.76,-1,-1,-1
96,2,624.53,345.16,52.23,140.94,0.92,-1,-1,-1
96,3,668.96,348.42,64.50,145.73,0.92,-1,-1,-1
96,4,528.55,352.91,41.97,110.11,0.89,-1,-1,-1
96,5,579.82,356.20,42.30,127.12,0.87,-1,-1,-1
96,9,578.72,363.16,18.01,51.97,0.12,-1,-1,-1
96,10,1265.39,377.65,19.95,52.20,0.72,-1,-1,-1
97,2,624.37,345.23,52.70,140.54,0.92,-1,-1,-1
97,3,669.43,348.11,64.23,145.79,0.91,-1,-1,-1
97,4,527.98,352.48,42.22,110.49,0.89,-1,-1,-1
97,5,579.56,355.89,41.66,127.21,0.87,-1,-1,-1
97,10,1266.43,377.62,19.78,51.93,0.62,-1,-1,-1
98,2,624.55,345.02,52.87,140.85,0.91,-1,-1,-1
98,3,670.45,347.77,62.91,146.26,0.91,-1,-1,-1
98,4,527.43,352.39,42.90,111.09,0.89,-1,-1,-1
98,5,578.22,354.80,42.03,129.28,0.88,-1,-1,-1
98,10,1267.33,377.59,19.72,50.63,0.53,-1,-1,-1
99,2,624.67,344.89,52.39,142.34,0.91,-1,-1,-1
99,3,670.59,346.98,61.25,146.31,0.92,-1,-1,-1
99,4,527.55,352.34,43.19,111.18,0.90,-1,-1,-1
99,5,576.29,353.77,43.41,130.80,0.89,-1,-1,-1
99,10,1269.65,376.78,19.72,50.75,0.10,-1,-1,-1
100,2,624.39,345.07,52.78,142.57,0.91,-1,-1,-1
100,3,670.91,346.33,59.99,145.70,0.92,-1,-1,-1
100,4,527.93,352.11,42.67,111.04,0.89,-1,-1,-1
100,5,574.69,352.13,44.48,132.78,0.89,-1,-1,-1
101,2,623.87,344.78,52.94,142.13,0.91,-1,-1,-1
101,3,671.53,345.43,57.11,145.54,0.92,-1,-1,-1
101,4,527.93,352.26,42.47,111.33,0.89,-1,-1,-1
101,5,573.38,349.69,44.90,136.80,0.90,-1,-1,-1
102,2,623.42,345.10,53.04,140.44,0.91,-1,-1,-1
102,3,670.89,345.38,56.08,145.00,0.92,-1,-1,-1
102,4,528.30,352.49,41.82,110.83,0.90,-1,-1,-1
102,5,572.96,349.21,44.49,138.86,0.91,-1,-1,-1
103,2,623.20,345.24,53.11,140.76,0.91,-1,-1,-1
103,3,671.23,345.38,55.14,145.16,0.91,-1,-1,-1
103,4,527.46,353.04,42.19,110.83,0.89,-1,-1,-1
103,5,571.87,348.48,46.13,139.38,0.91,-1,-1,-1
104,2,622.81,344.80,53.09,140.69,0.92,-1,-1,-1
104,3,671.93,345.65,53.56,144.88,0.91,-1,-1,-1
104,4,527.78,353.65,41.69,110.34,0.89,-1,-1,-1
104,5,570.90,348.17,47.29,141.52,0.91,-1,-1,-1
105,2,622.40,345.18,53.70,140.19,0.93,-1,-1,-1
105,3,672.51,346.46,52.41,145.94,0.89,-1,-1,-1
105,4,526.46,354.44,43.32,111.79,0.89,-1,-1,-1
105,5,568.84,349.08,50.08,141.98,0.92,-1,-1,-1
106,2,622.01,345.09,53.89,140.44,0.92,-1,-1,-1
106,3,670.00,346.69,54.44,146.33,0.92,-1,-1,-1
106,4,527.22,355.08,42.12,110.98,0.89,-1,-1,-1
106,5,566.11,348.90,52.84,143.40,0.92,-1,-1,-1
107,2,621.14,345.23,54.61,141.08,0.92,-1,-1,-1
107,3,668.41,348.59,54.63,145.38,0.92,-1,-1,-1
107,4,526.76,355.51,42.27,110.88,0.89,-1,-1,-1
107,5,564.60,349.48,53.95,146.35,0.91,-1,-1,-1
108,2,621.03,345.25,54.25,142.14,0.93,-1,-1,-1
108,3,667.98,350.03,54.08,144.78,0.92,-1,-1,-1
108,4,526.84,355.32,41.71,110.48,0.88,-1,-1,-1
108,5,560.52,350.26,57.81,147.93,0.91,-1,-1,-1
109,2,620.57,346.16,54.14,142.30,0.93,-1,-1,-1
109,3,666.22,351.16,53.93,144.91,0.92,-1,-1,-1
109,4,527.33,355.57,40.32,110.97,0.87,-1,-1,-1
109,5,561.96,351.63,55.89,149.27,0.89,-1,-1,-1
110,2,619.79,346.61,54.07,142.75,0.92,-1,-1,-1
110,3,665.24,351.54,53.86,144.91,0.92,-1,-1,-1
110,4,527.24,355.61,39.78,112.32,0.88,-1,-1,-1
110,5,562.07,351.83,55.58,151.44,0.90,-1,-1,-1
111,2,618.29,346.87,54.65,144.01,0.91,-1,-1,-1
111,3,664.59,351.91,53.26,145.86,0.90,-1,-1,-1
111,4,527.16,355.12,38.38,111.52,0.88,-1,-1,-1
111,5,558.86,351.55,57.22,155.22,0.91,-1,-1,-1
112,2,617.24,346.58,54.82,143.80,0.92,-1,-1,-1
112,3,664.14,351.35,52.40,147.03,0.90,-1,-1,-1
112,4,526.67,354.97,38.46,110.69,0.89,-1,-1,-1
112,5,557.52,350.75,57.19,157.98,0.91,-1,-1,-1
113,2,616.37,347.65,54.86,142.75,0.91,-1,-1,-1
113,3,662.25,349.17,53.29,148.74,0.92,-1,-1,-1
113,4,526.64,354.46,37.27,110.78,0.88,-1,-1,-1
113,5,555.71,350.88,57.70,160.23,0.92,-1,-1,-1
114,2,616.31,348.45,54.30,140.77,0.91,-1,-1,-1
114,3,660.36,348.16,54.25,149.31,0.92,-1,-1,-1
114,4,526.55,354.08,35.64,111.02,0.90,-1,-1,-1
114,5,553.82,349.87,57.89,162.42,0.92,-1,-1,-1
115,2,615.76,347.86,54.68,142.41,0.90,-1,-1,-1
115,3,659.42,346.44,54.61,150.23,0.91,-1,-1,-1
115,4,525.95,353.05,35.06,111.69,0.88,-1,-1,-1
115,5,546.40,348.61,64.42,164.34,0.92,-1,-1,-1
116,2,615.65,347.25,54.83,143.42,0.91,-1,-1,-1
116,3,658.87,346.01,54.76,149.18,0.92,-1,-1,-1
116,4,526.15,352.60,34.27,112.06,0.88,-1,-1,-1
116,5,542.36,347.18,66.85,165.69,0.92,-1,-1,-1
117,2,615.10,346.26,55.56,143.94,0.90,-1,-1,-1
117,3,657.31,344.50,56.10,149.81,0.92,-1,-1,-1
117,4,525.61,352.60,34.68,112.61,0.87,-1,-1,-1
117,5,539.60,346.22,67.33,167.77,0.92,-1,-1,-1
118,2,614.74,344.56,55.74,144.90,0.90,-1,-1,-1
118,3,656.55,343.53,56.51,150.20,0.92,-1,-1,-1
118,4,525.63,352.16,34.17,112.71,0.87,-1,-1,-1
118,5,538.81,344.10,65.00,171.14,0.91,-1,-1,-1
119,2,613.67,342.33,56.38,148.11,0.89,-1,-1,-1
119,3,654.45,342.79,58.41,150.51,0.92,-1,-1,-1
119,4,524.67,352.77,35.82,112.60,0.86,-1,-1,-1
119,5,536.77,342.75,63.38,173.28,0.92,-1,-1,-1
120,2,612.57,341.72,57.30,144.54,0.90,-1,-1,-1
120,3,653.01,342.28,60.40,151.32,0.91,-1,-1,-1
120,4,524.42,353.40,35.89,112.05,0.84,-1,-1,-1
120,5,535.30,342.34,64.64,177.09,0.92,-1,-1,-1
121,2,611.65,342.19,57.64,142.78,0.89,-1,-1,-1
121,3,652.85,343.10,61.15,150.98,0.90,-1,-1,-1
121,4,524.74,354.05,35.33,110.61,0.81,-1,-1,-1
121,5,534.31,342.61,63.32,179.90,0.90,-1,-1,-1
122,2,610.46,342.30,56.53,143.28,0.90,-1,-1,-1
122,3,652.84,343.79,61.97,150.64,0.89,-1,-1,-1
122,4,525.23,354.64,34.49,109.88,0.79,-1,-1,-1
122,5,531.09,343.08,61.53,183.64,0.92,-1,-1,-1
122,9,582.25,364.70,18.01,53.12,0.77,-1,-1,-1
123,2,610.33,342.39,56.12,143.79,0.90,-1,-1,-1
123,3,651.12,345.14,64.06,150.08,0.91,-1,-1,-1
123,4,525.41,355.05,31.78,98.65,0.72,-1,-1,-1
123,5,528.14,344.50,61.46,185.03,0.93,-1,-1,-1
123,9,581.03,364.65,19.32,53.45,0.77,-1,-1,-1
124,2,608.87,343.55,57.14,143.43,0.90,-1,-1,-1
124,3,649.95,346.35,64.82,149.45,0.91,-1,-1,-1
124,4,524.63,355.11,33.27,95.33,0.69,-1,-1,-1
124,5,524.78,345.71,61.39,187.43,0.91,-1,-1,-1
124,9,580.43,365.04,19.69,52.96,0.64,-1,-1,-1
125,2,607.70,344.18,56.84,142.89,0.91,-1,-1,-1
125,3,648.88,346.83,66.76,150.76,0.91,-1,-1,-1
125,4,524.64,352.65,36.73,100.37,0.21,-1,-1,-1
125,5,522.41,346.32,60.06,190.20,0.92,-1,-1,-1
125,9,580.46,365.04,19.80,53.05,0.83,-1,-1,-1
126,2,607.27,344.66,56.18,143.15,0.90,-1,-1,-1
126,3,649.65,347.39,65.79,150.36,0.90,-1,-1,-1
126,5,519.18,346.69,60.23,194.71,0.92,-1,-1,-1
126,9,579.86,364.85,20.45,53.69,0.81,-1,-1,-1
127,2,606.59,344.62,56.50,143.35,0.91,-1,-1,-1
127,3,648.56,347.68,66.51,150.91,0.91,-1,-1,-1
127,5,515.45,346.60,60.85,197.62,0.92,-1,-1,-1
127,9,579.69,364.69,20.09,53.91,0.76,-1,-1,-1
128,2,606.04,345.23,56.63,143.15,0.91,-1,-1,-1
128,3,648.75,348.10,65.61,150.52,0.91,-1,-1,-1
128,5,510.53,345.00,63.49,201.74,0.92,-1,-1,-1
128,9,579.30,364.51,20.54,54.30,0.80,-1,-1,-1
129,2,605.79,345.43,56.70,142.83,0.91,-1,-1,-1
129,3,648.51,347.93,64.65,149.54,0.90,-1,-1,-1
129,5,505.40,343.02,65.07,206.11,0.93,-1,-1,-1
129,9,579.97,364.87,20.12,54.16,0.79,-1,-1,-1
130,2,604.88,345.85,56.13,143.87,0.90,-1,-1,-1
130,3,648.50,345.95,63.09,150.77,0.91,-1,-1,-1
130,5,499.80,341.75,67.46,208.80,0.93,-1,-1,-1
130,9,580.30,364.90,19.95,54.09,0.81,-1,-1,-1
131,2,604.02,345.54,55.92,145.03,0.90,-1,-1,-1
131,3,647.98,345.05,62.49,150.51,0.90,-1,-1,-1
131,5,495.15,339.64,68.94,211.68,0.93,-1,-1,-1
131,9,580.47,364.91,19.88,54.07,0.77,-1,-1,-1
132,2,603.43,344.91,55.19,144.57,0.90,-1,-1,-1
132,3,648.12,343.62,61.00,150.41,0.92,-1,-1,-1
132,5,489.10,338.02,72.35,214.13,0.93,-1,-1,-1
132,9,580.54,364.54,19.84,54.05,0.77,-1,-1,-1
133,2,603.56,344.19,54.90,144.65,0.90,-1,-1,-1
133,3,647.28,342.31,60.42,150.62,0.92,-1,-1,-1
133,5,482.00,337.24,77.08,216.07,0.93,-1,-1,-1
133,9,580.88,364.36,19.81,54.33,0.75,-1,-1,-1
134,2,603.58,344.17,54.86,144.87,0.90,-1,-1,-1
134,3,646.67,341.92,60.29,150.45,0.92,-1,-1,-1
134,5,476.36,336.21,81.27,218.55,0.93,-1,-1,-1
134,9,581.26,364.41,19.82,54.45,0.74,-1,-1,-1
135,2,603.66,343.33,54.24,144.65,0.89,-1,-1,-1
135,3,646.51,341.25,59.03,151.58,0.92,-1,-1,-1
135,5,470.58,333.85,85.18,224.41,0.94,-1,-1,-1
135,9,581.14,363.90,20.42,55.38,0.71,-1,-1,-1
135,4,524.24,353.53,36.06,104.82,0.67,-1,-1,-1
136,2,602.40,342.99,54.03,144.59,0.90,-1,-1,-1
136,3,645.47,340.99,59.18,151.74,0.93,-1,-1,-1
136,5,463.98,332.93,91.85,231.00,0.94,-1,-1,-1
136,9,581.57,363.23,20.05,56.04,0.70,-1,-1,-1
136,4,524.80,353.72,35.39,107.39,0.78,-1,-1,-1
137,2,600.85,342.37,55.76,143.34,0.89,-1,-1,-1
137,3,645.21,342.80,58.05,150.57,0.92,-1,-1,-1
137,5,456.51,332.72,98.96,236.91,0.94,-1,-1,-1
137,9,581.55,362.64,20.51,56.57,0.77,-1,-1,-1
137,4,523.56,354.34,38.21,110.15,0.85,-1,-1,-1
138,2,600.02,342.16,55.86,144.35,0.90,-1,-1,-1
138,3,644.85,344.10,57.68,150.09,0.92,-1,-1,-1
138,5,450.40,332.59,104.25,240.06,0.94,-1,-1,-1
138,9,582.16,362.59,20.10,56.46,0.76,-1,-1,-1
138,4,522.57,354.47,39.84,111.31,0.86,-1,-1,-1
139,2,598.56,341.97,57.03,145.31,0.91,-1,-1,-1
139,3,645.05,346.14,56.28,148.25,0.92,-1,-1,-1
139,5,443.07,332.27,110.72,244.19,0.94,-1,-1,-1
139,9,583.61,363.04,19.31,55.20,0.67,-1,-1,-1
139,4,522.22,354.23,40.42,111.85,0.88,-1,-1,-1
140,2,598.03,341.69,57.43,145.49,0.91,-1,-1,-1
140,3,644.22,346.99,55.76,147.68,0.92,-1,-1,-1
140,5,436.20,332.67,116.99,249.70,0.95,-1,-1,-1
140,9,584.14,363.45,19.00,54.71,0.70,-1,-1,-1
140,4,521.81,354.06,41.20,112.58,0.88,-1,-1,-1
141,2,598.28,339.96,56.99,146.27,0.91,-1,-1,-1
141,3,642.83,345.50,56.19,148.95,0.92,-1,-1,-1
141,5,429.95,333.59,122.38,256.76,0.95,-1,-1,-1
141,9,584.14,362.86,19.50,55.41,0.71,-1,-1,-1
141,4,521.51,353.27,42.07,112.06,0.88,-1,-1,-1
142,2,597.49,338.42,57.43,147.75,0.91,-1,-1,-1
142,3,642.02,341.94,56.39,152.42,0.92,-1,-1,-1
142,5,423.17,331.81,123.79,265.61,0.95,-1,-1,-1
142,9,584.71,362.34,19.10,55.97,0.68,-1,-1,-1
142,4,522.84,352.54,41.24,112.57,0.87,-1,-1,-1
143,2,596.15,338.68,57.00,147.21,0.90,-1,-1,-1
143,3,641.30,339.81,56.48,154.87,0.92,-1,-1,-1
143,5,415.92,328.99,126.37,274.33,0.95,-1,-1,-1
143,9,585.03,362.10,20.76,56.21,0.74,-1,-1,-1
143,4,523.15,351.30,41.48,112.22,0.89,-1,-1,-1
144,2,595.19,338.83,56.88,146.45,0.91,-1,-1,-1
144,3,640.00,338.73,57.18,155.25,0.92,-1,-1,-1
144,5,409.35,326.52,127.54,281.75,0.95,-1,-1,-1
144,9,584.95,361.90,21.37,56.32,0.74,-1,-1,-1
144,4,523.35,350.74,41.60,111.95,0.90,-1,-1,-1
145,2,595.60,339.68,55.63,145.93,0.91,-1,-1,-1
145,3,639.62,339.24,57.44,153.21,0.91,-1,-1,-1
145,5,404.21,323.39,127.26,287.07,0.95,-1,-1,-1
145,9,586.27,362.28,21.61,55.98,0.65,-1,-1,-1
145,4,523.68,350.13,42.21,111.96,0.90,-1,-1,-1
146,2,595.95,339.03,54.54,147.05,0.90,-1,-1,-1
146,3,640.59,338.79,55.75,152.24,0.90,-1,-1,-1
146,5,397.78,319.58,126.73,293.12,0.95,-1,-1,-1
146,9,586.61,361.61,21.10,56.48,0.72,-1,-1,-1
146,4,524.21,349.52,41.84,112.32,0.89,-1,-1,-1
147,2,595.67,337.94,53.55,147.81,0.91,-1,-1,-1
147,3,640.87,337.78,55.13,151.32,0.90,-1,-1,-1
147,5,393.08,316.72,123.96,297.74,0.95,-1,-1,-1
147,9,587.48,361.11,20.90,56.99,0.66,-1,-1,-1
147,4,523.94,348.75,42.29,112.78,0.88,-1,-1,-1
148,2,595.74,337.70,53.14,147.55,0.91,-1,-1,-1
148,3,640.51,336.83,55.45,151.17,0.90,-1,-1,-1
148,5,387.84,312.74,119.82,303.79,0.94,-1,-1,-1
148,9,587.94,361.22,20.20,56.83,0.57,-1,-1,-1
148,4,524.35,348.47,41.81,112.86,0.88,-1,-1,-1
149,2,595.46,337.20,53.61,147.31,0.90,-1,-1,-1
149,3,640.68,336.53,56.20,151.14,0.89,-1,-1,-1
149,5,381.25,309.54,117.58,311.24,0.94,-1,-1,-1
149,9,587.77,361.90,20.54,56.48,0.57,-1,-1,-1
149,4,524.76,348.27,41.62,113.04,0.89,-1,-1,-1
