0,1,258.52,260.10,171.45,381.15,0.96,-1,-1,-1
0,2,-6.92,274.95,120.82,227.70,0.95,-1,-1,-1
0,3,151.20,242.10,119.25,360.90,0.88,-1,-1,-1
0,4,439.42,267.30,84.83,245.70,0.85,-1,-1,-1
0,5,873.00,324.45,34.20,92.70,0.71,-1,-1,-1
1,1,258.52,260.10,171.45,381.15,0.96,-1,-1,-1
1,2,-6.87,274.95,120.82,227.70,0.94,-1,-1,-1
1,3,151.20,242.10,119.25,360.90,0.88,-1,-1,-1
1,4,439.42,267.30,84.83,245.70,0.85,-1,-1,-1
1,5,873.00,324.45,34.20,92.70,0.70,-1,-1,-1
2,1,265.93,259.50,171.99,384.03,0.96,-1,-1,-1
2,2,-3.62,275.84,123.53,228.44,0.93,-1,-1,-1
2,3,156.98,240.48,141.82,364.20,0.85,-1,-1,-1
2,4,444.09,267.17,84.06,243.83,0.87,-1,-1,-1
2,5,876.26,323.31,36.34,87.11,0.21,-1,-1,-1
2,6,-7.46,298.35,34.01,85.95,0.73,-1,-1,-1
3,1,272.65,257.29,173.71,389.03,0.96,-1,-1,-1
3,2,-1.14,276.54,126.00,227.83,0.93,-1,-1,-1
3,3,163.03,240.34,135.47,366.09,0.85,-1,-1,-1
3,4,449.42,267.67,83.73,245.68,0.88,-1,-1,-1
3,5,881.76,324.07,34.40,72.64,0.21,-1,-1,-1
3,6,-3.27,298.85,34.27,83.15,0.71,-1,-1,-1
4,1,281.72,254.89,172.43,394.63,0.95,-1,-1,-1
4,2,1.01,276.63,130.28,227.81,0.95,-1,-1,-1
4,3,168.24,238.28,129.64,370.04,0.89,-1,-1,-1
4,4,456.33,268.31,82.38,246.98,0.88,-1,-1,-1
4,5,883.48,319.18,37.66,97.06,0.24,-1,-1,-1
4,6,2.83,298.95,32.31,79.42,0.72,-1,-1,-1
5,1,289.99,253.12,171.18,399.44,0.96,-1,-1,-1
5,2,6.06,277.22,131.44,225.76,0.94,-1,-1,-1
5,3,173.85,238.05,123.70,371.30,0.90,-1,-1,-1
5,4,462.23,269.29,82.54,246.83,0.88,-1,-1,-1
5,5,887.56,320.35,36.81,93.48,0.27,-1,-1,-1
5,6,9.84,298.23,32.78,81.07,0.74,-1,-1,-1
6,1,299.71,251.50,168.92,405.14,0.96,-1,-1,-1
6,2,10.05,276.96,133.94,224.09,0.94,-1,-1,-1
6,3,179.09,236.62,149.06,376.02,0.88,-1,-1,-1
6,4,468.14,270.15,82.65,244.86,0.87,-1,-1,-1
6,5,891.59,321.24,35.79,88.31,0.20,-1,-1,-1
6,6,15.67,296.85,32.87,85.72,0.77,-1,-1,-1
7,1,308.85,250.97,168.17,409.23,0.95,-1,-1,-1
7,2,13.90,276.66,136.46,223.52,0.94,-1,-1,-1
7,3,184.27,236.30,157.26,378.93,0.85,-1,-1,-1
7,4,472.92,276.19,85.15,238.21,0.88,-1,-1,-1
7,5,895.16,321.11,36.95,94.42,0.38,-1,-1,-1
7,6,21.48,299.72,30.31,81.12,0.68,-1,-1,-1
8,1,316.52,250.22,169.07,414.84,0.95,-1,-1,-1
8,2,18.45,275.55,139.13,222.82,0.94,-1,-1,-1
8,3,189.56,236.83,150.80,382.17,0.85,-1,-1,-1
8,4,478.67,282.58,87.46,234.37,0.89,-1,-1,-1
8,5,899.23,320.83,37.75,108.95,0.59,-1,-1,-1
8,6,26.41,298.47,34.03,84.70,0.61,-1,-1,-1
9,1,325.51,250.20,168.44,419.77,0.96,-1,-1,-1
9,2,24.35,274.46,140.20,220.89,0.95,-1,-1,-1
9,3,194.56,236.64,134.48,385.08,0.89,-1,-1,-1
9,4,484.36,289.66,89.93,229.60,0.89,-1,-1,-1
9,6,33.45,298.29,34.10,84.84,0.73,-1,-1,-1
9,7,-35.97,277.65,72.06,193.95,0.84,-1,-1,-1
10,1,334.53,248.98,167.80,425.71,0.95,-1,-1,-1
10,2,32.37,273.97,138.43,218.26,0.93,-1,-1,-1
10,3,200.72,237.44,126.50,387.69,0.92,-1,-1,-1
10,4,488.84,296.20,93.75,223.68,0.87,-1,-1,-1
10,6,40.59,297.81,35.82,85.75,0.75,-1,-1,-1
10,7,-29.06,277.39,70.35,193.51,0.86,-1,-1,-1
11,1,343.86,249.91,166.98,430.97,0.96,-1,-1,-1
11,2,40.39,273.49,137.33,217.68,0.95,-1,-1,-1
11,3,206.35,237.61,138.63,392.18,0.87,-1,-1,-1
11,4,491.83,301.20,97.52,221.05,0.88,-1,-1,-1
11,6,47.63,297.79,35.97,86.98,0.70,-1,-1,-1
11,7,-26.70,277.54,74.08,193.99,0.85,-1,-1,-1
12,1,350.35,249.82,168.33,436.97,0.96,-1,-1,-1
12,2,52.11,273.50,131.41,217.73,0.94,-1,-1,-1
12,3,212.15,237.67,134.66,396.20,0.89,-1,-1,-1
12,4,494.11,310.81,103.68,213.86,0.84,-1,-1,-1
12,6,51.83,298.86,35.88,82.62,0.73,-1,-1,-1
12,7,-22.14,278.35,75.79,193.60,0.87,-1,-1,-1
13,1,358.02,250.16,169.33,442.97,0.96,-1,-1,-1
13,2,64.83,273.46,124.50,219.61,0.94,-1,-1,-1
13,3,217.90,238.20,133.97,399.57,0.88,-1,-1,-1
13,4,496.57,316.37,110.76,211.51,0.89,-1,-1,-1
13,6,58.42,301.10,34.53,80.34,0.81,-1,-1,-1
13,7,-18.23,278.80,78.11,200.49,0.89,-1,-1,-1
14,1,364.90,250.04,171.23,448.44,0.96,-1,-1,-1
14,2,78.36,273.57,115.36,219.73,0.93,-1,-1,-1
14,3,223.48,238.00,130.41,402.52,0.92,-1,-1,-1
14,4,503.92,326.92,112.72,202.81,0.88,-1,-1,-1
14,6,66.98,301.39,32.95,82.79,0.79,-1,-1,-1
14,7,-13.44,278.42,81.82,202.79,0.90,-1,-1,-1
15,1,372.42,249.98,173.12,452.90,0.95,-1,-1,-1
15,2,89.34,274.37,110.65,218.25,0.94,-1,-1,-1
15,3,229.78,237.60,127.31,406.37,0.93,-1,-1,-1
15,4,507.33,334.52,119.27,196.50,0.88,-1,-1,-1
15,6,73.68,301.79,32.93,84.31,0.83,-1,-1,-1
15,7,-6.41,277.02,82.55,204.83,0.92,-1,-1,-1
16,1,378.86,247.89,174.88,460.04,0.95,-1,-1,-1
16,2,98.20,275.26,106.90,217.13,0.94,-1,-1,-1
16,3,235.86,236.26,127.68,410.73,0.92,-1,-1,-1
16,4,520.77,352.35,114.30,179.98,0.87,-1,-1,-1
16,6,79.94,301.92,32.93,84.89,0.81,-1,-1,-1
16,7,2.94,275.89,82.17,203.91,0.93,-1,-1,-1
17,1,385.36,246.21,178.23,466.71,0.95,-1,-1,-1
17,2,106.41,276.15,103.26,216.30,0.94,-1,-1,-1
17,3,241.81,235.15,140.08,414.77,0.87,-1,-1,-1
17,4,531.53,360.87,112.59,173.27,0.86,-1,-1,-1
17,6,87.19,302.20,32.34,85.04,0.77,-1,-1,-1
17,7,13.29,274.81,80.64,201.17,0.93,-1,-1,-1
17,8,185.40,304.20,32.40,86.40,0.82,-1,-1,-1
18,1,391.42,244.14,182.84,473.25,0.95,-1,-1,-1
18,2,114.60,277.49,100.84,215.87,0.94,-1,-1,-1
18,3,248.91,232.14,152.89,420.65,0.92,-1,-1,-1
18,4,538.66,366.53,115.55,168.97,0.85,-1,-1,-1
18,6,94.00,301.83,32.47,85.15,0.80,-1,-1,-1
18,7,21.92,273.02,82.73,201.48,0.92,-1,-1,-1
18,8,192.32,306.77,33.19,84.30,0.82,-1,-1,-1
19,1,398.12,242.36,187.41,480.64,0.95,-1,-1,-1
19,2,122.76,278.54,97.99,215.12,0.93,-1,-1,-1
19,3,255.25,230.61,163.26,426.28,0.92,-1,-1,-1
19,4,549.01,370.38,113.07,168.64,0.81,-1,-1,-1
19,6,100.29,301.63,31.94,84.86,0.76,-1,-1,-1
19,7,30.77,272.16,84.36,201.68,0.92,-1,-1,-1
19,8,199.24,303.96,32.66,87.39,0.85,-1,-1,-1
19,9,-50.40,254.70,110.81,252.00,0.82,-1,-1,-1
20,1,404.48,240.59,196.33,486.67,0.94,-1,-1,-1
20,2,130.62,280.97,95.76,213.09,0.92,-1,-1,-1
20,3,261.68,228.86,167.78,430.76,0.90,-1,-1,-1
20,4,564.70,375.03,105.54,162.98,0.85,-1,-1,-1
20,6,107.48,300.47,32.38,87.82,0.82,-1,-1,-1
20,7,38.45,271.80,85.71,200.82,0.92,-1,-1,-1
20,8,204.28,301.78,34.58,89.83,0.84,-1,-1,-1
20,9,-44.37,255.74,112.30,258.77,0.87,-1,-1,-1
20,10,851.40,317.47,24.30,79.65,0.75,-1,-1,-1
20,11,831.15,322.65,28.80,72.90,0.73,-1,-1,-1
21,1,411.27,239.35,201.15,488.06,0.95,-1,-1,-1
21,2,139.06,282.22,92.00,211.92,0.93,-1,-1,-1
21,3,267.89,227.09,157.34,435.07,0.86,-1,-1,-1
21,4,573.96,377.23,103.02,161.48,0.84,-1,-1,-1
21,6,114.50,299.61,32.50,89.97,0.76,-1,-1,-1
21,7,47.25,272.81,88.71,199.30,0.92,-1,-1,-1
21,8,211.10,301.69,35.21,89.75,0.84,-1,-1,-1
21,9,-39.23,256.30,114.68,268.87,0.91,-1,-1,-1
21,10,857.61,316.89,28.66,84.74,0.73,-1,-1,-1
21,11,839.15,322.62,28.13,74.73,0.69,-1,-1,-1
22,1,418.89,236.74,208.36,494.31,0.94,-1,-1,-1
22,2,146.93,282.91,88.64,211.99,0.93,-1,-1,-1
22,3,275.56,225.96,145.66,440.11,0.90,-1,-1,-1
22,4,583.16,378.32,102.85,160.75,0.82,-1,-1,-1
22,6,121.70,300.00,32.00,88.26,0.79,-1,-1,-1
22,7,54.91,274.04,90.32,198.54,0.91,-1,-1,-1
22,8,216.98,296.81,35.28,95.24,0.85,-1,-1,-1
22,9,-29.82,255.38,112.96,276.32,0.90,-1,-1,-1
22,10,864.66,316.86,32.80,93.64,0.80,-1,-1,-1
22,11,846.68,322.20,30.83,84.13,0.80,-1,-1,-1
23,1,426.93,236.06,214.63,504.65,0.95,-1,-1,-1
23,2,154.02,283.38,85.91,211.50,0.94,-1,-1,-1
23,3,281.81,225.62,141.36,444.43,0.90,-1,-1,-1
23,4,592.46,381.88,101.53,158.13,0.85,-1,-1,-1
23,6,126.78,300.24,34.21,87.53,0.81,-1,-1,-1
23,7,63.52,275.98,91.62,196.79,0.91,-1,-1,-1
23,8,222.89,295.87,35.42,97.36,0.86,-1,-1,-1
23,9,-18.54,256.76,109.67,269.70,0.90,-1,-1,-1
23,10,871.05,317.72,35.00,95.08,0.78,-1,-1,-1
23,11,852.96,322.24,30.36,84.71,0.76,-1,-1,-1
24,1,436.52,234.42,219.82,505.96,0.93,-1,-1,-1
24,2,161.29,283.08,85.00,205.13,0.93,-1,-1,-1
24,3,289.94,226.63,140.28,447.87,0.92,-1,-1,-1
24,4,600.75,383.90,102.16,164.91,0.82,-1,-1,-1
24,6,132.39,300.17,35.57,86.55,0.78,-1,-1,-1
24,7,72.00,277.33,90.98,197.58,0.88,-1,-1,-1
24,8,229.55,295.00,34.72,98.54,0.84,-1,-1,-1
24,9,-12.92,257.39,112.88,272.71,0.89,-1,-1,-1
24,10,877.08,317.85,35.05,96.77,0.77,-1,-1,-1
24,11,858.36,321.75,32.06,88.04,0.77,-1,-1,-1
25,1,446.58,235.24,222.15,509.36,0.94,-1,-1,-1
25,2,168.26,282.53,84.08,203.88,0.93,-1,-1,-1
25,3,297.85,226.44,138.05,454.16,0.93,-1,-1,-1
25,4,609.27,386.11,103.00,166.80,0.80,-1,-1,-1
25,6,138.35,300.80,34.04,86.46,0.80,-1,-1,-1
25,7,79.96,278.76,92.70,196.41,0.88,-1,-1,-1
25,8,236.02,295.71,35.05,98.60,0.84,-1,-1,-1
25,9,-14.94,258.37,123.63,268.81,0.89,-1,-1,-1
25,10,883.97,318.46,34.92,95.62,0.79,-1,-1,-1
25,11,864.43,322.95,31.96,86.23,0.77,-1,-1,-1
26,1,457.76,235.43,227.46,519.77,0.93,-1,-1,-1
26,2,174.09,281.31,85.20,203.17,0.94,-1,-1,-1
26,3,305.78,226.63,137.40,460.84,0.94,-1,-1,-1
26,4,618.33,387.33,102.67,168.83,0.81,-1,-1,-1
26,6,144.01,301.38,35.36,86.73,0.82,-1,-1,-1
26,7,87.71,280.38,93.69,195.37,0.89,-1,-1,-1
26,8,244.19,301.57,33.00,92.48,0.82,-1,-1,-1
26,9,-7.01,257.85,123.90,267.39,0.92,-1,-1,-1
26,10,890.39,318.88,35.08,97.25,0.85,-1,-1,-1
26,11,871.50,323.47,32.47,87.56,0.81,-1,-1,-1
27,1,468.75,236.78,230.29,522.61,0.95,-1,-1,-1
27,2,180.59,281.48,84.87,202.01,0.94,-1,-1,-1
27,3,311.92,229.17,138.89,464.10,0.94,-1,-1,-1
27,4,629.28,390.43,100.26,168.53,0.81,-1,-1,-1
27,6,150.30,302.85,34.70,85.97,0.85,-1,-1,-1
27,7,93.19,282.51,94.69,193.42,0.88,-1,-1,-1
27,8,250.59,302.82,32.57,91.31,0.81,-1,-1,-1
27,9,2.04,257.39,123.21,261.83,0.94,-1,-1,-1
27,10,897.26,319.47,36.06,99.96,0.85,-1,-1,-1
27,11,878.92,324.41,31.44,88.60,0.81,-1,-1,-1
27,12,457.87,311.62,26.33,72.45,0.75,-1,-1,-1
28,1,479.85,237.80,224.88,528.54,0.91,-1,-1,-1
28,2,186.90,281.40,85.53,202.37,0.94,-1,-1,-1
28,3,318.01,228.24,140.66,470.23,0.94,-1,-1,-1
28,4,644.08,392.03,96.35,155.40,0.77,-1,-1,-1
28,6,155.29,302.96,36.68,86.65,0.85,-1,-1,-1
28,7,99.87,283.29,92.55,194.49,0.88,-1,-1,-1
28,8,258.12,305.61,31.51,89.40,0.82,-1,-1,-1
28,9,9.60,257.01,124.32,260.57,0.94,-1,-1,-1
28,10,903.83,319.96,37.30,101.57,0.87,-1,-1,-1
28,11,886.27,324.44,32.26,91.11,0.81,-1,-1,-1
28,12,463.73,311.67,26.93,75.78,0.73,-1,-1,-1
29,1,490.15,238.37,225.81,527.72,0.92,-1,-1,-1
29,2,193.10,280.99,85.26,202.00,0.94,-1,-1,-1
29,3,321.74,227.14,143.35,477.86,0.95,-1,-1,-1
29,4,645.09,391.84,103.36,169.56,0.81,-1,-1,-1
29,6,161.40,303.36,36.04,86.77,0.85,-1,-1,-1
29,7,107.89,284.53,89.65,193.00,0.88,-1,-1,-1
29,8,265.31,307.31,30.15,87.34,0.82,-1,-1,-1
29,9,19.74,256.83,124.83,259.19,0.94,-1,-1,-1
29,10,910.39,320.38,36.78,101.05,0.86,-1,-1,-1
29,11,892.88,324.82,30.98,91.85,0.81,-1,-1,-1
29,12,469.19,313.05,26.34,72.59,0.64,-1,-1,-1
30,1,502.26,237.52,227.95,534.09,0.87,-1,-1,-1
30,2,198.32,280.79,85.33,202.29,0.93,-1,-1,-1
30,3,331.11,225.70,142.34,486.52,0.93,-1,-1,-1
30,4,657.19,393.16,101.15,158.95,0.75,-1,-1,-1
30,6,167.73,303.61,34.90,86.85,0.78,-1,-1,-1
30,7,115.30,284.77,87.92,189.99,0.89,-1,-1,-1
30,8,270.86,307.42,30.00,87.55,0.85,-1,-1,-1
30,9,32.85,259.01,120.97,255.59,0.92,-1,-1,-1
30,10,916.64,320.64,38.05,105.63,0.85,-1,-1,-1
30,11,899.74,325.98,32.01,90.61,0.78,-1,-1,-1
30,12,473.39,313.02,28.25,76.14,0.77,-1,-1,-1
30,13,504.45,334.57,55.80,106.65,0.76,-1,-1,-1
31,1,513.08,236.20,223.14,543.62,0.90,-1,-1,-1
31,2,203.92,281.32,84.35,201.15,0.93,-1,-1,-1
31,3,338.68,226.23,143.15,490.86,0.93,-1,-1,-1
31,4,670.65,393.91,95.35,152.26,0.75,-1,-1,-1
31,6,173.21,303.98,35.17,87.08,0.81,-1,-1,-1
31,7,123.44,283.94,85.36,188.21,0.89,-1,-1,-1
31,8,275.99,307.87,29.32,86.62,0.85,-1,-1,-1
31,9,38.66,258.46,124.16,254.96,0.93,-1,-1,-1
31,10,923.05,320.94,38.16,105.38,0.84,-1,-1,-1
31,11,907.03,326.19,30.85,90.23,0.78,-1,-1,-1
31,12,477.90,314.15,26.85,70.86,0.75,-1,-1,-1
31,13,510.62,334.61,57.28,106.64,0.70,-1,-1,-1
32,1,524.22,234.19,220.18,553.69,0.92,-1,-1,-1
32,2,208.96,281.34,85.01,200.68,0.94,-1,-1,-1
32,3,348.94,225.24,142.21,496.51,0.94,-1,-1,-1
32,4,673.17,392.15,103.08,164.86,0.63,-1,-1,-1
32,6,179.11,304.10,34.70,85.46,0.78,-1,-1,-1
32,7,131.13,282.81,80.84,189.89,0.90,-1,-1,-1
32,8,282.47,307.88,27.89,86.37,0.84,-1,-1,-1
32,9,53.11,258.96,118.90,254.08,0.91,-1,-1,-1
32,10,930.68,320.97,38.20,105.60,0.81,-1,-1,-1
32,11,917.12,326.18,28.28,88.33,0.46,-1,-1,-1
32,12,483.21,313.64,28.30,73.11,0.77,-1,-1,-1
32,13,514.61,335.95,58.99,105.66,0.85,-1,-1,-1
33,1,535.62,229.90,217.61,563.72,0.91,-1,-1,-1
33,2,214.46,282.38,83.93,201.00,0.94,-1,-1,-1
33,3,357.10,225.04,142.58,502.33,0.94,-1,-1,-1
33,4,683.45,392.96,101.25,164.22,0.52,-1,-1,-1
33,6,183.64,304.30,35.18,87.02,0.76,-1,-1,-1
33,7,137.02,282.38,78.07,188.75,0.89,-1,-1,-1
33,8,287.35,308.90,28.68,85.47,0.85,-1,-1,-1
33,9,58.86,260.17,120.60,253.43,0.94,-1,-1,-1
33,10,937.45,321.03,39.44,109.88,0.84,-1,-1,-1
33,11,919.67,323.77,34.88,103.71,0.72,-1,-1,-1
33,12,488.05,313.05,29.44,74.52,0.77,-1,-1,-1
33,13,520.55,335.85,59.60,105.71,0.87,-1,-1,-1
34,1,547.44,227.35,212.01,576.16,0.91,-1,-1,-1
34,2,220.71,283.94,83.20,199.30,0.94,-1,-1,-1
34,3,365.61,223.57,144.82,507.55,0.93,-1,-1,-1
34,4,701.31,396.27,93.73,154.86,0.61,-1,-1,-1
34,6,189.05,303.86,36.64,92.28,0.84,-1,-1,-1
34,7,144.69,281.11,73.89,188.46,0.88,-1,-1,-1
34,8,293.25,309.54,29.53,84.76,0.87,-1,-1,-1
34,9,66.46,261.63,121.61,251.16,0.93,-1,-1,-1
34,10,944.44,320.58,39.83,111.33,0.85,-1,-1,-1
34,11,925.88,322.89,36.98,104.55,0.79,-1,-1,-1
34,12,491.59,311.74,31.62,79.01,0.80,-1,-1,-1
34,13,524.31,335.45,62.99,106.01,0.87,-1,-1,-1
34,14,56.39,284.17,62.30,184.27,0.78,-1,-1,-1
35,1,557.90,226.01,210.07,582.15,0.93,-1,-1,-1
35,2,225.77,284.33,82.35,199.42,0.94,-1,-1,-1
35,3,373.16,222.19,146.52,509.10,0.93,-1,-1,-1
35,4,699.75,383.12,104.54,188.22,0.35,-1,-1,-1
35,6,193.76,303.53,36.34,93.71,0.82,-1,-1,-1
35,7,150.84,280.59,70.78,187.45,0.87,-1,-1,-1
35,8,298.03,310.02,29.88,84.26,0.86,-1,-1,-1
35,9,78.19,262.44,118.68,249.74,0.91,-1,-1,-1
35,10,953.78,320.78,38.80,111.00,0.80,-1,-1,-1
35,11,934.87,326.13,33.29,96.31,0.54,-1,-1,-1
35,12,495.53,311.06,33.04,79.77,0.79,-1,-1,-1
35,13,529.91,335.24,64.77,107.47,0.89,-1,-1,-1
35,14,62.59,285.22,64.80,184.43,0.75,-1,-1,-1
35,5,1020.57,327.95,43.22,106.72,0.65,-1,-1,-1
36,1,569.29,223.54,232.67,600.42,0.90,-1,-1,-1
36,2,230.86,285.95,81.04,199.30,0.93,-1,-1,-1
36,3,380.71,220.96,147.27,512.14,0.93,-1,-1,-1
36,4,706.67,386.58,109.00,192.14,0.33,-1,-1,-1
36,6,198.98,303.73,36.88,92.24,0.80,-1,-1,-1
36,7,156.92,281.32,69.11,185.71,0.84,-1,-1,-1
36,8,302.93,310.60,30.09,84.13,0.86,-1,-1,-1
36,9,85.67,262.89,119.50,251.07,0.91,-1,-1,-1
36,10,961.10,320.89,39.65,110.28,0.64,-1,-1,-1
36,11,945.11,326.64,29.28,89.80,0.40,-1,-1,-1
36,12,501.62,311.43,31.88,79.43,0.81,-1,-1,-1
36,13,534.89,335.30,68.53,108.65,0.89,-1,-1,-1
36,14,66.96,285.74,65.90,183.52,0.85,-1,-1,-1
36,5,1024.92,324.97,48.54,115.26,0.47,-1,-1,-1
37,1,578.82,222.48,234.10,611.63,0.91,-1,-1,-1
37,2,236.22,286.94,80.10,198.66,0.93,-1,-1,-1
37,3,388.47,218.08,149.19,514.87,0.93,-1,-1,-1
37,4,719.19,386.79,104.70,190.67,0.28,-1,-1,-1
37,6,205.42,303.26,35.29,92.72,0.75,-1,-1,-1
37,7,163.99,281.22,66.71,185.22,0.83,-1,-1,-1
37,8,309.06,310.92,31.60,83.74,0.83,-1,-1,-1
37,9,93.98,263.85,119.99,247.77,0.93,-1,-1,-1
37,10,968.97,320.30,38.67,110.11,0.35,-1,-1,-1
37,12,506.39,311.46,30.66,78.58,0.74,-1,-1,-1
37,13,540.35,335.53,68.55,108.33,0.89,-1,-1,-1
37,14,72.33,285.87,65.66,183.51,0.86,-1,-1,-1
37,5,1030.63,326.79,46.53,110.06,0.66,-1,-1,-1
38,1,590.74,223.00,225.62,621.59,0.91,-1,-1,-1
38,2,240.67,287.96,81.29,197.65,0.93,-1,-1,-1
38,3,396.39,215.61,151.46,529.28,0.91,-1,-1,-1
38,4,735.18,375.46,96.92,209.89,0.14,-1,-1,-1
38,6,213.77,304.65,32.07,87.57,0.61,-1,-1,-1
38,7,169.49,283.17,65.14,183.50,0.82,-1,-1,-1
38,8,315.03,311.26,30.38,83.31,0.86,-1,-1,-1
38,9,102.86,265.72,119.40,250.01,0.92,-1,-1,-1
38,10,976.09,320.76,39.45,109.77,0.40,-1,-1,-1
38,12,509.83,311.75,33.20,78.91,0.81,-1,-1,-1
38,13,541.95,336.06,73.26,108.87,0.90,-1,-1,-1
38,14,76.44,284.53,67.63,188.69,0.87,-1,-1,-1
38,5,1036.51,325.48,45.64,112.95,0.75,-1,-1,-1
39,1,602.68,220.31,224.10,640.64,0.90,-1,-1,-1
39,2,245.35,288.81,81.79,197.21,0.93,-1,-1,-1
39,3,404.16,216.16,154.14,526.87,0.91,-1,-1,-1
39,6,219.32,304.29,31.59,88.64,0.54,-1,-1,-1
39,7,176.18,285.60,62.81,179.78,0.83,-1,-1,-1
39,8,320.89,311.56,29.01,82.29,0.85,-1,-1,-1
39,9,113.48,268.24,117.50,247.64,0.93,-1,-1,-1
39,10,983.48,320.79,40.93,112.62,0.75,-1,-1,-1
39,12,515.17,312.66,31.80,79.30,0.68,-1,-1,-1
39,13,548.93,335.83,72.68,110.30,0.89,-1,-1,-1
39,14,80.81,285.58,67.77,187.98,0.89,-1,-1,-1
39,5,1042.35,331.21,45.29,103.45,0.18,-1,-1,-1
40,1,613.71,218.73,226.48,657.98,0.91,-1,-1,-1
40,2,249.94,289.54,83.81,194.91,0.92,-1,-1,-1
40,3,412.16,221.31,156.86,515.95,0.92,-1,-1,-1
40,6,225.91,307.75,28.35,83.66,0.36,-1,-1,-1
40,7,182.67,287.53,60.65,176.23,0.78,-1,-1,-1
40,8,326.40,311.50,28.80,82.57,0.84,-1,-1,-1
40,9,125.31,268.50,112.35,242.36,0.89,-1,-1,-1
40,10,994.51,321.23,39.13,112.50,0.22,-1,-1,-1
40,12,520.00,313.92,30.57,76.77,0.76,-1,-1,-1
40,13,555.03,336.54,72.32,110.56,0.89,-1,-1,-1
40,14,84.15,282.87,73.66,189.83,0.89,-1,-1,-1
40,5,1047.55,330.06,46.38,106.09,0.48,-1,-1,-1
41,1,623.28,214.70,232.99,677.95,0.88,-1,-1,-1
41,2,254.26,289.74,83.86,194.97,0.93,-1,-1,-1
41,3,421.60,219.80,160.01,522.13,0.92,-1,-1,-1
41,6,234.10,309.77,25.86,77.32,0.25,-1,-1,-1
41,7,187.27,289.53,60.45,177.31,0.77,-1,-1,-1
41,8,331.68,311.38,28.70,83.17,0.83,-1,-1,-1
41,9,135.10,270.82,108.90,242.34,0.93,-1,-1,-1
41,12,524.32,314.76,30.04,75.67,0.78,-1,-1,-1
41,13,560.08,337.57,72.60,109.86,0.87,-1,-1,-1
41,14,89.20,286.73,73.82,185.29,0.88,-1,-1,-1
41,5,1051.81,327.87,46.72,112.32,0.38,-1,-1,-1
42,1,633.79,216.19,239.93,685.95,0.92,-1,-1,-1
42,2,257.68,289.22,86.53,194.18,0.93,-1,-1,-1
42,3,431.68,219.64,161.05,530.97,0.90,-1,-1,-1
42,7,198.17,290.77,57.00,171.90,0.83,-1,-1,-1
42,8,337.06,310.74,28.35,83.06,0.81,-1,-1,-1
42,9,145.67,269.86,105.85,234.26,0.93,-1,-1,-1
42,12,533.52,317.55,24.96,65.19,0.25,-1,-1,-1
42,13,564.96,336.76,73.19,111.33,0.89,-1,-1,-1
42,14,95.52,288.83,74.94,185.53,0.90,-1,-1,-1
42,5,1057.03,325.94,46.81,120.48,0.76,-1,-1,-1
43,1,645.53,213.02,248.93,713.27,0.90,-1,-1,-1
43,2,263.15,289.63,86.81,192.20,0.93,-1,-1,-1
43,3,440.12,219.30,169.42,538.85,0.88,-1,-1,-1
43,7,203.93,293.01,57.54,169.44,0.83,-1,-1,-1
43,8,340.50,310.81,31.01,84.37,0.86,-1,-1,-1
43,9,154.61,270.84,103.69,231.31,0.95,-1,-1,-1
43,12,532.64,314.32,30.21,80.59,0.27,-1,-1,-1
43,13,575.59,337.53,69.35,111.99,0.85,-1,-1,-1
43,14,100.31,290.52,74.86,189.05,0.92,-1,-1,-1
43,5,1062.87,326.39,46.93,120.83,0.78,-1,-1,-1
44,1,656.78,210.47,259.07,720.19,0.89,-1,-1,-1
44,2,270.01,289.34,85.04,191.04,0.93,-1,-1,-1
44,3,448.74,213.21,169.07,558.92,0.89,-1,-1,-1
44,7,211.59,292.30,56.72,169.55,0.81,-1,-1,-1
44,8,343.33,310.37,34.27,84.80,0.87,-1,-1,-1
44,9,162.35,269.50,103.02,229.87,0.93,-1,-1,-1
44,13,581.36,338.54,69.53,111.86,0.89,-1,-1,-1
44,14,104.58,290.36,76.19,193.24,0.89,-1,-1,-1
44,5,1075.10,329.35,39.73,116.29,0.58,-1,-1,-1
45,1,670.23,206.73,268.11,741.69,0.89,-1,-1,-1
45,2,275.98,288.93,83.32,190.37,0.92,-1,-1,-1
45,3,458.11,210.65,170.96,567.31,0.89,-1,-1,-1
45,7,219.26,292.20,57.21,170.14,0.82,-1,-1,-1
45,8,349.09,311.15,33.89,84.72,0.86,-1,-1,-1
45,9,168.67,267.33,102.86,229.04,0.94,-1,-1,-1
45,13,591.46,338.91,63.70,112.17,0.80,-1,-1,-1
45,14,109.24,289.15,76.21,196.91,0.91,-1,-1,-1
45,5,1087.68,331.99,33.09,105.84,0.41,-1,-1,-1
46,1,684.44,199.55,278.68,761.16,0.89,-1,-1,-1
46,2,282.50,287.85,82.95,191.84,0.92,-1,-1,-1
46,3,469.24,211.64,172.54,564.74,0.90,-1,-1,-1
46,7,224.20,291.62,58.03,171.02,0.77,-1,-1,-1
46,8,356.01,311.00,32.21,84.98,0.84,-1,-1,-1
46,9,177.45,264.22,101.44,231.25,0.93,-1,-1,-1
46,13,597.68,339.20,61.98,112.60,0.81,-1,-1,-1
46,14,114.56,288.77,76.42,197.67,0.90,-1,-1,-1
47,1,697.08,195.26,290.99,775.35,0.86,-1,-1,-1
47,2,288.30,286.98,82.19,191.28,0.91,-1,-1,-1
47,3,480.75,209.56,174.03,572.77,0.89,-1,-1,-1
47,7,231.74,288.34,59.34,174.36,0.85,-1,-1,-1
47,8,361.04,310.31,33.51,85.23,0.86,-1,-1,-1
47,9,184.62,262.13,102.43,230.78,0.94,-1,-1,-1
47,13,609.68,338.66,57.47,114.02,0.79,-1,-1,-1
47,14,119.66,286.98,76.58,199.28,0.91,-1,-1,-1
47,11,1025.20,325.88,41.19,107.27,0.66,-1,-1,-1
48,1,715.31,191.68,301.58,798.24,0.87,-1,-1,-1
48,2,293.77,286.54,81.52,191.59,0.91,-1,-1,-1
48,3,491.73,206.43,176.80,576.83,0.88,-1,-1,-1
48,7,240.60,288.82,58.51,174.00,0.84,-1,-1,-1
48,8,366.94,312.47,32.30,83.00,0.84,-1,-1,-1
48,9,192.48,260.97,100.64,230.59,0.93,-1,-1,-1
48,13,616.22,338.81,57.88,115.25,0.81,-1,-1,-1
48,14,124.33,284.77,78.00,201.54,0.93,-1,-1,-1
48,11,1032.68,326.54,41.68,104.31,0.51,-1,-1,-1
49,1,730.03,183.03,315.80,821.65,0.86,-1,-1,-1
49,2,299.49,286.12,80.35,191.60,0.90,-1,-1,-1
49,3,503.85,203.46,177.73,587.05,0.87,-1,-1,-1
49,7,248.31,287.84,59.41,174.69,0.84,-1,-1,-1
49,8,370.99,311.94,34.19,83.34,0.85,-1,-1,-1
49,9,200.66,259.72,98.46,231.63,0.92,-1,-1,-1
49,13,624.97,338.56,56.17,115.91,0.82,-1,-1,-1
49,14,128.84,281.46,80.10,205.33,0.94,-1,-1,-1
49,11,1040.23,327.35,41.80,98.34,0.58,-1,-1,-1
50,1,752.25,174.41,325.44,852.82,0.86,-1,-1,-1
50,2,306.01,286.31,78.17,192.02,0.91,-1,-1,-1
50,3,516.17,201.77,176.95,591.02,0.87,-1,-1,-1
50,7,255.04,287.65,60.40,175.51,0.85,-1,-1,-1
50,8,377.80,313.31,32.85,82.28,0.81,-1,-1,-1
50,9,213.40,261.43,91.37,230.35,0.89,-1,-1,-1
50,13,634.12,337.92,54.39,117.09,0.83,-1,-1,-1
50,14,131.95,279.07,83.12,208.01,0.93,-1,-1,-1
50,11,1049.67,322.87,47.67,120.37,0.40,-1,-1,-1
50,15,207.79,299.25,40.16,121.05,0.70,-1,-1,-1
51,1,772.53,156.90,339.79,911.54,0.84,-1,-1,-1
51,2,312.49,287.40,75.82,191.41,0.92,-1,-1,-1
51,3,529.57,203.57,178.21,589.27,0.88,-1,-1,-1
51,7,260.79,287.68,60.45,175.34,0.84,-1,-1,-1
51,8,382.91,314.08,32.87,81.29,0.81,-1,-1,-1
51,9,226.55,262.66,83.78,230.18,0.91,-1,-1,-1
51,13,644.35,337.67,49.43,118.08,0.79,-1,-1,-1
51,14,135.50,278.13,85.08,214.83,0.94,-1,-1,-1
51,15,213.08,300.48,41.57,120.02,0.80,-1,-1,-1
52,1,793.83,149.33,354.49,938.79,0.83,-1,-1,-1
52,2,318.28,289.21,75.02,189.86,0.91,-1,-1,-1
52,3,541.09,195.29,184.64,612.26,0.89,-1,-1,-1
52,7,264.92,287.58,63.49,175.16,0.85,-1,-1,-1
52,8,386.88,313.64,33.78,81.54,0.85,-1,-1,-1
52,9,229.40,262.22,87.92,230.52,0.90,-1,-1,-1
52,13,654.88,338.19,45.81,117.84,0.63,-1,-1,-1
52,14,138.83,278.16,88.29,214.13,0.93,-1,-1,-1
52,15,220.10,299.22,43.67,122.26,0.76,-1,-1,-1
53,1,817.57,142.98,369.96,959.17,0.82,-1,-1,-1
53,2,323.69,291.19,73.62,188.59,0.91,-1,-1,-1
53,3,552.75,191.32,189.00,621.40,0.89,-1,-1,-1
53,7,270.98,288.12,64.11,176.01,0.82,-1,-1,-1
53,8,393.33,313.61,34.15,82.02,0.85,-1,-1,-1
53,9,237.39,266.97,86.04,226.10,0.90,-1,-1,-1
53,13,664.81,338.82,43.42,113.99,0.35,-1,-1,-1
53,14,141.78,277.57,90.84,217.97,0.93,-1,-1,-1
53,15,225.69,302.07,41.85,119.56,0.80,-1,-1,-1
54,1,841.56,141.74,388.68,978.93,0.80,-1,-1,-1
54,2,329.88,292.34,72.74,188.39,0.93,-1,-1,-1
54,3,564.41,190.85,193.24,639.23,0.89,-1,-1,-1
54,7,278.28,288.89,62.17,174.93,0.82,-1,-1,-1
54,8,398.94,314.28,33.35,81.52,0.83,-1,-1,-1
54,9,239.56,269.62,89.00,224.26,0.90,-1,-1,-1
54,14,145.69,278.50,92.00,218.23,0.93,-1,-1,-1
54,15,232.55,304.12,41.15,118.17,0.79,-1,-1,-1
54,4,816.76,408.39,185.74,315.26,0.60,-1,-1,-1
55,1,865.58,144.05,410.70,1010.11,0.82,-1,-1,-1
55,2,335.58,294.09,70.99,188.47,0.92,-1,-1,-1
55,3,576.64,187.17,197.90,661.04,0.88,-1,-1,-1
55,7,284.65,291.57,59.97,172.41,0.83,-1,-1,-1
55,8,405.11,314.24,31.56,81.99,0.83,-1,-1,-1
55,9,243.73,272.39,90.75,223.02,0.92,-1,-1,-1
55,14,151.91,279.94,91.44,218.09,0.92,-1,-1,-1
55,15,237.38,305.16,41.61,117.82,0.86,-1,-1,-1
55,4,823.48,414.49,192.57,267.73,0.53,-1,-1,-1
56,1,887.84,138.48,431.51,1068.55,0.82,-1,-1,-1
56,2,340.21,294.82,70.36,188.57,0.92,-1,-1,-1
56,3,591.24,183.22,199.52,672.54,0.89,-1,-1,-1
56,7,291.64,293.73,60.65,171.09,0.84,-1,-1,-1
56,8,410.19,314.59,30.86,82.13,0.84,-1,-1,-1
56,9,255.99,273.56,83.33,223.78,0.91,-1,-1,-1
56,14,157.90,280.03,90.15,221.52,0.93,-1,-1,-1
56,15,243.00,305.88,40.81,118.95,0.85,-1,-1,-1
56,4,831.55,418.62,199.34,261.29,0.64,-1,-1,-1
57,1,913.77,139.75,437.90,1096.85,0.79,-1,-1,-1
57,2,346.49,294.67,69.01,190.04,0.92,-1,-1,-1
57,3,602.42,185.91,203.73,670.13,0.88,-1,-1,-1
57,7,296.77,295.29,61.24,169.64,0.84,-1,-1,-1
57,8,415.33,315.21,30.94,81.93,0.81,-1,-1,-1
57,9,262.90,275.32,81.22,223.18,0.90,-1,-1,-1
57,14,160.85,281.74,91.08,225.37,0.91,-1,-1,-1
57,15,247.44,307.36,40.55,119.10,0.86,-1,-1,-1
57,4,839.68,420.82,233.18,221.35,0.38,-1,-1,-1
58,1,939.08,140.81,444.13,1105.06,0.78,-1,-1,-1
58,2,349.70,295.82,70.33,189.57,0.91,-1,-1,-1
58,3,615.77,177.94,207.37,692.23,0.88,-1,-1,-1
58,7,302.27,295.90,60.82,170.45,0.81,-1,-1,-1
58,8,421.46,317.00,29.14,80.05,0.77,-1,-1,-1
58,9,270.55,276.28,78.92,223.13,0.90,-1,-1,-1
58,14,164.16,283.13,92.64,228.23,0.92,-1,-1,-1
58,15,252.91,307.27,41.05,121.01,0.87,-1,-1,-1
58,4,850.15,424.30,244.35,210.48,0.29,-1,-1,-1
58,12,591.81,315.44,28.89,71.74,0.65,-1,-1,-1
59,1,968.28,145.64,426.88,1102.89,0.81,-1,-1,-1
59,2,355.83,295.50,69.67,189.95,0.91,-1,-1,-1
59,3,628.74,174.02,214.69,714.24,0.87,-1,-1,-1
59,7,308.10,296.71,62.50,169.99,0.79,-1,-1,-1
59,8,427.05,316.16,28.48,80.91,0.79,-1,-1,-1
59,9,274.94,276.88,79.76,222.40,0.90,-1,-1,-1
59,14,168.61,283.39,92.61,235.85,0.93,-1,-1,-1
59,15,258.45,307.66,40.04,121.46,0.85,-1,-1,-1
59,4,860.98,425.61,247.66,289.90,0.46,-1,-1,-1
59,12,593.71,315.07,32.13,81.78,0.68,-1,-1,-1
60,1,998.08,150.02,430.92,1128.42,0.78,-1,-1,-1
60,2,360.41,294.97,70.63,186.69,0.91,-1,-1,-1
60,3,642.61,179.69,220.16,697.07,0.88,-1,-1,-1
60,7,312.74,296.74,58.65,168.63,0.74,-1,-1,-1
60,8,430.89,314.53,30.40,82.69,0.83,-1,-1,-1
60,9,282.51,277.62,76.72,215.38,0.90,-1,-1,-1
60,14,171.67,285.16,94.04,238.23,0.93,-1,-1,-1
60,15,265.48,306.93,38.72,123.05,0.84,-1,-1,-1
60,4,875.70,428.78,279.15,270.94,0.53,-1,-1,-1
60,12,597.66,314.92,31.80,83.21,0.73,-1,-1,-1
61,1,1025.79,158.31,419.46,1092.01,0.67,-1,-1,-1
61,2,364.71,294.53,71.32,184.44,0.92,-1,-1,-1
61,3,656.62,178.86,224.02,712.14,0.86,-1,-1,-1
61,7,317.74,296.97,55.95,166.06,0.72,-1,-1,-1
61,8,436.15,314.15,30.05,82.76,0.84,-1,-1,-1
61,9,278.70,276.50,86.17,215.33,0.93,-1,-1,-1
61,14,176.58,284.48,93.99,240.68,0.93,-1,-1,-1
61,15,270.02,308.80,38.58,122.15,0.77,-1,-1,-1
61,4,881.99,432.84,307.86,264.97,0.59,-1,-1,-1
61,12,602.31,315.37,31.07,79.32,0.72,-1,-1,-1
62,1,1054.88,165.81,416.96,1077.47,0.67,-1,-1,-1
62,2,370.49,293.84,69.81,182.93,0.92,-1,-1,-1
62,3,671.12,174.70,231.24,729.01,0.88,-1,-1,-1
62,7,324.21,297.43,54.68,163.85,0.76,-1,-1,-1
62,8,440.66,313.65,30.52,83.72,0.84,-1,-1,-1
62,9,280.51,275.58,89.41,214.34,0.92,-1,-1,-1
62,14,181.23,282.79,94.82,243.53,0.94,-1,-1,-1
62,15,276.33,307.02,37.62,123.94,0.73,-1,-1,-1
62,4,896.47,435.36,315.53,271.69,0.72,-1,-1,-1
62,12,606.42,315.36,30.17,79.00,0.72,-1,-1,-1
63,1,1089.00,195.76,416.94,1021.04,0.55,-1,-1,-1
63,2,375.94,292.83,68.66,183.52,0.93,-1,-1,-1
63,3,683.92,165.09,242.05,760.51,0.84,-1,-1,-1
63,7,329.24,296.36,53.64,163.57,0.71,-1,-1,-1
63,8,444.91,313.77,30.85,83.52,0.85,-1,-1,-1
63,9,285.34,273.11,89.55,217.40,0.91,-1,-1,-1
63,14,184.06,278.28,97.84,249.05,0.94,-1,-1,-1
63,15,281.62,307.21,38.51,123.46,0.76,-1,-1,-1
63,4,907.69,436.94,316.96,277.17,0.50,-1,-1,-1
63,12,610.17,314.78,30.45,82.83,0.65,-1,-1,-1
64,2,380.45,291.91,68.59,184.61,0.93,-1,-1,-1
64,3,698.24,165.10,249.17,773.11,0.86,-1,-1,-1
64,7,333.88,295.58,52.41,164.06,0.75,-1,-1,-1
64,8,448.98,314.17,31.88,83.11,0.85,-1,-1,-1
64,9,289.06,271.08,91.12,220.00,0.93,-1,-1,-1
64,14,184.91,276.38,101.19,251.28,0.91,-1,-1,-1
64,15,285.94,306.75,38.57,124.71,0.76,-1,-1,-1
64,4,923.28,438.96,297.74,283.52,0.63,-1,-1,-1
64,12,613.77,315.75,30.56,79.20,0.68,-1,-1,-1
65,2,384.35,291.68,68.56,184.90,0.93,-1,-1,-1
65,3,713.62,169.75,258.34,764.92,0.88,-1,-1,-1
65,7,341.00,294.95,51.36,163.98,0.80,-1,-1,-1
65,8,454.35,314.31,31.52,82.95,0.85,-1,-1,-1
65,9,293.12,269.68,92.55,220.13,0.92,-1,-1,-1
65,14,187.81,273.56,103.22,254.68,0.91,-1,-1,-1
65,15,291.41,303.69,37.67,127.25,0.73,-1,-1,-1
65,4,939.16,439.40,291.77,322.71,0.55,-1,-1,-1
65,12,617.08,315.06,29.99,84.10,0.74,-1,-1,-1
66,2,387.84,292.02,70.09,184.69,0.93,-1,-1,-1
66,3,728.65,157.91,270.82,797.90,0.84,-1,-1,-1
66,7,346.09,294.97,51.33,164.85,0.72,-1,-1,-1
66,8,458.26,314.61,32.58,83.17,0.85,-1,-1,-1
66,9,297.86,269.45,93.70,221.18,0.89,-1,-1,-1
66,14,190.57,271.33,104.56,258.30,0.94,-1,-1,-1
66,15,295.47,300.87,40.41,130.27,0.75,-1,-1,-1
66,4,954.20,437.76,334.07,345.93,0.51,-1,-1,-1
66,12,619.91,314.89,31.00,85.84,0.81,-1,-1,-1
67,2,391.36,292.54,70.61,184.45,0.93,-1,-1,-1
67,3,743.75,150.64,282.78,834.95,0.83,-1,-1,-1
67,7,351.69,294.92,51.31,161.29,0.69,-1,-1,-1
67,8,462.50,314.83,31.91,82.04,0.84,-1,-1,-1
67,9,302.77,270.79,93.16,217.68,0.93,-1,-1,-1
67,14,193.67,269.97,105.74,260.59,0.95,-1,-1,-1
67,15,299.82,305.03,39.29,126.92,0.77,-1,-1,-1
67,4,970.11,438.73,346.16,367.63,0.46,-1,-1,-1
67,12,621.84,315.26,31.93,89.14,0.78,-1,-1,-1
68,2,395.04,294.03,71.03,184.17,0.92,-1,-1,-1
68,3,763.57,150.05,293.03,847.89,0.83,-1,-1,-1
68,7,355.93,295.43,51.68,161.57,0.77,-1,-1,-1
68,8,466.06,315.45,34.06,83.17,0.86,-1,-1,-1
68,9,306.03,271.25,94.20,221.74,0.91,-1,-1,-1
68,14,196.46,269.59,105.73,265.02,0.95,-1,-1,-1
68,15,304.34,304.83,39.48,127.45,0.77,-1,-1,-1
68,4,983.56,442.43,341.88,350.74,0.66,-1,-1,-1
68,12,624.96,314.90,30.54,90.70,0.80,-1,-1,-1
68,16,421.42,290.02,43.88,137.25,0.73,-1,-1,-1
68,13,724.57,342.34,87.72,130.40,0.79,-1,-1,-1
69,2,398.64,295.56,71.36,183.79,0.93,-1,-1,-1
69,3,781.79,134.85,308.78,896.73,0.80,-1,-1,-1
69,7,358.02,296.13,51.85,163.66,0.70,-1,-1,-1
69,8,470.37,315.76,33.12,82.99,0.86,-1,-1,-1
69,9,310.49,274.49,94.30,218.80,0.92,-1,-1,-1
69,14,198.79,269.57,107.68,272.22,0.94,-1,-1,-1
69,15,308.68,303.94,40.77,130.03,0.77,-1,-1,-1
69,4,1014.35,445.95,311.70,323.56,0.60,-1,-1,-1
69,12,627.95,314.38,31.81,94.52,0.80,-1,-1,-1
69,16,427.24,292.93,42.70,129.11,0.67,-1,-1,-1
69,13,730.50,343.22,89.40,131.49,0.82,-1,-1,-1
70,2,403.21,297.62,70.37,182.34,0.93,-1,-1,-1
70,3,803.17,130.96,321.32,927.83,0.80,-1,-1,-1
70,7,361.87,297.13,52.49,163.32,0.68,-1,-1,-1
70,8,474.10,316.60,33.28,82.57,0.87,-1,-1,-1
70,9,315.29,277.07,94.82,217.40,0.91,-1,-1,-1
70,14,201.05,270.16,108.35,277.05,0.94,-1,-1,-1
70,15,312.38,305.05,42.09,130.60,0.82,-1,-1,-1
70,12,632.03,313.77,30.47,94.13,0.79,-1,-1,-1
70,16,427.95,292.09,45.79,143.77,0.43,-1,-1,-1
70,13,735.99,343.69,90.90,132.24,0.90,-1,-1,-1
71,2,407.05,299.67,70.32,180.77,0.93,-1,-1,-1
71,3,820.84,130.03,341.01,947.06,0.76,-1,-1,-1
71,7,367.21,298.65,50.35,162.29,0.72,-1,-1,-1
71,8,478.22,316.70,33.34,82.41,0.84,-1,-1,-1
71,9,325.88,278.88,87.60,216.27,0.88,-1,-1,-1
71,14,203.09,270.95,108.79,281.42,0.94,-1,-1,-1
71,15,317.34,305.58,41.13,131.08,0.86,-1,-1,-1
71,12,634.25,313.44,31.15,97.17,0.82,-1,-1,-1
71,16,430.93,292.89,47.98,147.19,0.18,-1,-1,-1
71,13,741.39,344.67,91.43,132.78,0.93,-1,-1,-1
72,2,411.33,300.91,70.32,181.38,0.91,-1,-1,-1
72,3,841.45,111.27,360.08,1019.54,0.76,-1,-1,-1
72,7,372.78,299.40,50.18,162.81,0.81,-1,-1,-1
72,8,482.06,317.54,32.77,81.52,0.85,-1,-1,-1
72,9,330.10,280.44,88.18,219.95,0.92,-1,-1,-1
72,14,203.41,271.86,110.50,286.42,0.93,-1,-1,-1
72,15,320.78,306.25,41.94,131.93,0.87,-1,-1,-1
72,12,636.93,313.55,30.81,96.02,0.81,-1,-1,-1
72,13,748.23,346.49,91.60,133.50,0.93,-1,-1,-1
73,2,414.89,303.15,70.33,180.64,0.92,-1,-1,-1
73,3,864.38,96.74,382.23,1062.09,0.75,-1,-1,-1
73,7,381.03,301.50,48.93,158.28,0.72,-1,-1,-1
73,8,486.02,318.44,31.35,80.23,0.85,-1,-1,-1
73,9,334.55,282.51,87.49,219.44,0.89,-1,-1,-1
73,14,203.85,270.83,111.11,295.39,0.93,-1,-1,-1
73,15,324.65,306.67,41.65,132.45,0.86,-1,-1,-1
73,12,639.54,314.75,31.28,93.68,0.83,-1,-1,-1
73,13,754.41,346.96,91.57,134.39,0.93,-1,-1,-1
74,2,418.02,303.84,71.68,181.55,0.92,-1,-1,-1
74,3,884.35,71.78,412.37,1175.71,0.68,-1,-1,-1
74,7,384.33,302.43,50.02,159.15,0.76,-1,-1,-1
74,8,488.52,318.94,32.63,81.56,0.84,-1,-1,-1
74,9,338.75,283.76,87.54,221.59,0.88,-1,-1,-1
74,14,205.15,271.81,111.88,303.03,0.93,-1,-1,-1
74,15,328.95,307.01,41.23,132.60,0.84,-1,-1,-1
74,12,642.77,314.94,31.45,91.52,0.78,-1,-1,-1
74,13,760.98,347.72,90.88,135.11,0.93,-1,-1,-1
75,2,421.15,303.80,72.49,182.79,0.91,-1,-1,-1
75,3,903.75,55.96,429.84,1216.30,0.58,-1,-1,-1
75,7,389.89,302.80,49.52,157.82,0.80,-1,-1,-1
75,8,493.50,319.00,33.69,81.16,0.83,-1,-1,-1
75,9,344.03,285.28,86.07,221.64,0.93,-1,-1,-1
75,14,206.47,270.79,110.66,310.77,0.93,-1,-1,-1
75,15,333.55,308.66,41.97,132.33,0.87,-1,-1,-1
75,12,646.56,314.43,31.51,93.07,0.81,-1,-1,-1
75,13,767.75,348.01,91.69,136.53,0.94,-1,-1,-1
76,2,424.97,303.38,73.28,183.06,0.91,-1,-1,-1
76,3,933.98,69.50,416.33,1188.24,0.60,-1,-1,-1
76,7,395.48,302.98,49.08,157.73,0.80,-1,-1,-1
76,8,497.91,318.49,31.74,81.64,0.81,-1,-1,-1
76,9,352.22,285.88,81.93,214.14,0.88,-1,-1,-1
76,14,207.77,268.42,111.09,317.13,0.94,-1,-1,-1
76,15,337.71,308.59,42.56,133.75,0.86,-1,-1,-1
76,12,649.14,314.90,33.33,93.09,0.80,-1,-1,-1
76,13,772.97,348.33,93.73,137.70,0.93,-1,-1,-1
76,17,657.90,358.20,68.40,88.20,0.74,-1,-1,-1
77,2,428.11,302.91,73.58,180.13,0.92,-1,-1,-1
77,3,964.61,53.89,411.26,1214.96,0.60,-1,-1,-1
77,7,400.88,301.69,49.24,158.60,0.82,-1,-1,-1
77,8,500.94,318.59,32.19,81.21,0.85,-1,-1,-1
77,9,354.01,285.16,83.19,208.83,0.90,-1,-1,-1
77,14,206.80,265.37,113.91,323.31,0.93,-1,-1,-1
77,15,341.14,309.33,42.20,135.42,0.87,-1,-1,-1
77,12,652.70,314.63,31.68,91.25,0.78,-1,-1,-1
77,13,779.80,348.56,94.46,138.51,0.94,-1,-1,-1
77,17,664.45,358.15,67.07,90.07,0.76,-1,-1,-1
78,2,432.76,301.58,73.86,179.30,0.92,-1,-1,-1
78,3,1002.20,54.22,382.22,1175.13,0.64,-1,-1,-1
78,7,405.13,300.65,49.04,158.31,0.83,-1,-1,-1
78,8,505.42,318.68,30.57,80.13,0.80,-1,-1,-1
78,9,360.43,284.66,80.97,204.12,0.91,-1,-1,-1
78,14,206.73,263.46,119.12,328.11,0.94,-1,-1,-1
78,15,344.55,310.27,42.96,136.32,0.86,-1,-1,-1
78,12,654.68,314.55,32.22,90.52,0.65,-1,-1,-1
78,13,785.96,349.08,95.85,139.49,0.93,-1,-1,-1
78,17,668.82,358.36,68.92,89.05,0.76,-1,-1,-1
79,2,436.67,300.82,74.39,177.68,0.92,-1,-1,-1
79,3,1033.73,46.64,373.62,1147.16,0.52,-1,-1,-1
79,7,408.22,299.39,49.87,159.46,0.84,-1,-1,-1
79,8,509.10,318.62,31.16,80.05,0.84,-1,-1,-1
79,9,362.05,283.09,82.89,202.50,0.93,-1,-1,-1
79,14,208.87,260.01,120.78,332.72,0.94,-1,-1,-1
79,15,347.81,308.58,45.61,139.64,0.87,-1,-1,-1
79,12,660.77,317.79,30.02,83.32,0.54,-1,-1,-1
79,13,792.05,348.61,97.49,140.45,0.95,-1,-1,-1
79,17,675.40,358.30,67.40,89.03,0.75,-1,-1,-1
80,2,441.34,298.72,73.99,178.07,0.92,-1,-1,-1
80,3,1070.79,88.92,333.06,1050.48,0.27,-1,-1,-1
80,7,412.54,299.22,49.89,159.06,0.84,-1,-1,-1
80,8,514.02,318.31,28.98,80.35,0.76,-1,-1,-1
80,9,367.19,282.50,81.51,201.73,0.90,-1,-1,-1
80,14,210.06,251.93,124.61,343.26,0.95,-1,-1,-1
80,15,350.30,308.65,45.73,140.01,0.86,-1,-1,-1
80,12,661.54,315.91,32.85,90.55,0.35,-1,-1,-1
80,13,798.53,348.32,99.25,141.58,0.93,-1,-1,-1
80,17,677.92,357.61,70.25,91.11,0.75,-1,-1,-1
81,2,446.19,297.95,72.59,178.15,0.92,-1,-1,-1
81,3,1104.87,106.77,324.26,1036.64,0.29,-1,-1,-1
81,7,416.64,297.98,50.47,159.76,0.85,-1,-1,-1
81,8,516.78,318.04,29.99,80.75,0.83,-1,-1,-1
81,9,371.32,280.93,83.39,202.81,0.91,-1,-1,-1
81,14,210.40,249.46,128.28,347.59,0.95,-1,-1,-1
81,15,354.02,309.29,44.83,139.74,0.87,-1,-1,-1
81,12,660.54,313.98,31.48,88.55,0.36,-1,-1,-1
81,13,805.61,348.08,100.39,142.65,0.95,-1,-1,-1
81,17,679.38,357.38,74.98,92.40,0.79,-1,-1,-1
82,2,451.50,297.37,70.55,177.92,0.92,-1,-1,-1
82,3,1145.03,146.12,299.08,981.63,0.14,-1,-1,-1
82,7,421.33,296.92,50.10,161.23,0.85,-1,-1,-1
82,8,520.74,318.10,30.34,80.61,0.74,-1,-1,-1
82,9,374.53,279.73,87.23,204.20,0.91,-1,-1,-1
82,14,209.34,247.53,133.15,357.14,0.95,-1,-1,-1
82,15,355.31,307.12,48.05,142.63,0.88,-1,-1,-1
82,13,812.04,348.43,102.53,146.45,0.92,-1,-1,-1
82,17,682.27,357.63,78.47,92.21,0.65,-1,-1,-1
83,2,455.96,296.81,70.43,178.61,0.92,-1,-1,-1
83,7,424.77,297.36,51.34,161.21,0.85,-1,-1,-1
83,8,525.61,318.81,29.30,79.96,0.82,-1,-1,-1
83,9,377.44,279.54,92.69,202.82,0.89,-1,-1,-1
83,14,204.86,245.94,141.16,371.03,0.95,-1,-1,-1
83,15,357.84,306.72,49.84,143.68,0.89,-1,-1,-1
83,13,820.15,348.15,103.04,146.82,0.93,-1,-1,-1
83,17,685.86,357.46,80.33,93.34,0.73,-1,-1,-1
84,2,461.20,298.37,68.40,177.36,0.92,-1,-1,-1
84,7,428.57,297.65,52.97,161.50,0.86,-1,-1,-1
84,8,529.96,320.10,28.89,78.81,0.79,-1,-1,-1
84,9,381.92,280.64,90.09,204.10,0.90,-1,-1,-1
84,14,198.94,243.86,149.91,386.95,0.94,-1,-1,-1
84,15,359.57,305.62,53.11,145.52,0.89,-1,-1,-1
84,13,827.43,348.05,104.01,147.20,0.94,-1,-1,-1
84,17,697.82,358.01,73.72,92.50,0.80,-1,-1,-1
85,2,466.27,298.89,66.42,177.64,0.92,-1,-1,-1
85,7,432.48,297.84,52.98,163.06,0.85,-1,-1,-1
85,8,532.86,319.58,29.96,79.30,0.82,-1,-1,-1
85,9,387.30,281.43,89.87,204.30,0.91,-1,-1,-1
85,14,193.71,243.48,157.26,398.97,0.94,-1,-1,-1
85,15,362.85,305.59,54.35,146.15,0.90,-1,-1,-1
85,13,834.63,348.38,104.30,147.88,0.95,-1,-1,-1
85,17,700.59,358.27,76.54,93.99,0.75,-1,-1,-1
86,2,471.40,301.02,65.70,176.37,0.91,-1,-1,-1
86,7,438.52,299.57,50.74,162.24,0.84,-1,-1,-1
86,8,537.79,320.72,29.15,78.55,0.80,-1,-1,-1
86,9,392.73,283.68,88.42,202.39,0.88,-1,-1,-1
86,14,188.39,244.58,165.22,408.82,0.95,-1,-1,-1
86,15,367.35,305.29,53.64,146.88,0.88,-1,-1,-1
86,13,834.24,349.04,113.18,149.84,0.93,-1,-1,-1
86,17,697.36,358.48,85.29,95.71,0.65,-1,-1,-1
86,18,29.47,301.05,63.34,135.90,0.76,-1,-1,-1
86,12,674.40,312.39,29.98,92.50,0.64,-1,-1,-1
87,2,475.64,302.82,64.89,176.64,0.91,-1,-1,-1
87,7,443.85,300.77,50.34,161.32,0.86,-1,-1,-1
87,8,542.03,321.11,28.26,78.64,0.79,-1,-1,-1
87,9,397.77,285.65,87.15,201.10,0.91,-1,-1,-1
87,14,182.12,244.54,172.93,420.84,0.94,-1,-1,-1
87,15,370.00,305.86,54.22,147.24,0.90,-1,-1,-1
87,13,844.99,349.92,110.26,151.39,0.93,-1,-1,-1
87,17,704.12,359.18,83.99,96.70,0.72,-1,-1,-1
87,18,33.99,301.83,62.75,136.08,0.67,-1,-1,-1
87,12,677.76,312.43,31.09,92.28,0.75,-1,-1,-1
88,2,480.56,304.50,63.39,176.95,0.92,-1,-1,-1
88,7,447.79,302.37,50.95,160.11,0.86,-1,-1,-1
88,8,542.72,321.80,32.21,79.03,0.84,-1,-1,-1
88,9,403.28,287.83,88.18,201.62,0.92,-1,-1,-1
88,14,175.25,246.24,180.54,434.67,0.94,-1,-1,-1
88,15,368.28,306.91,59.70,148.00,0.90,-1,-1,-1
88,13,855.53,350.25,108.32,153.77,0.95,-1,-1,-1
88,17,714.95,359.88,79.74,97.67,0.73,-1,-1,-1
88,18,37.99,302.72,63.25,138.26,0.68,-1,-1,-1
88,12,679.40,313.19,32.03,92.83,0.86,-1,-1,-1
89,2,484.70,305.98,62.83,176.99,0.91,-1,-1,-1
89,7,453.09,303.84,49.94,160.46,0.84,-1,-1,-1
89,8,547.06,322.03,31.84,79.12,0.76,-1,-1,-1
89,9,407.24,290.70,89.84,199.93,0.91,-1,-1,-1
89,14,173.98,246.24,181.85,450.39,0.94,-1,-1,-1
89,15,370.44,307.45,61.42,149.33,0.91,-1,-1,-1
89,13,862.73,351.38,108.62,154.99,0.95,-1,-1,-1
89,17,725.54,361.44,74.88,96.17,0.65,-1,-1,-1
89,18,43.42,304.16,62.69,135.35,0.73,-1,-1,-1
89,12,682.26,312.73,32.35,96.24,0.86,-1,-1,-1
90,2,490.33,306.63,62.08,177.51,0.92,-1,-1,-1
90,7,457.92,304.94,50.20,160.64,0.82,-1,-1,-1
90,8,554.00,322.83,28.71,79.17,0.82,-1,-1,-1
90,9,411.69,292.91,88.57,199.97,0.88,-1,-1,-1
90,14,174.27,240.48,180.77,471.40,0.94,-1,-1,-1
90,15,372.92,308.07,62.39,151.02,0.90,-1,-1,-1
90,13,870.42,352.32,109.62,156.63,0.95,-1,-1,-1
90,17,731.17,363.32,75.53,96.49,0.74,-1,-1,-1
90,18,48.87,304.53,62.05,135.72,0.74,-1,-1,-1
90,12,684.54,312.66,33.67,99.31,0.86,-1,-1,-1
91,2,495.80,307.24,60.61,177.82,0.91,-1,-1,-1
91,7,463.08,306.78,48.49,158.57,0.86,-1,-1,-1
91,8,558.53,322.89,28.72,79.78,0.75,-1,-1,-1
91,9,415.67,294.40,85.21,199.81,0.92,-1,-1,-1
91,14,173.28,231.88,180.44,490.20,0.94,-1,-1,-1
91,15,375.05,308.85,64.46,152.79,0.90,-1,-1,-1
91,13,876.82,352.88,111.43,158.36,0.95,-1,-1,-1
91,17,734.76,364.53,76.95,96.42,0.76,-1,-1,-1
91,18,53.67,305.38,62.03,136.82,0.76,-1,-1,-1
91,12,687.86,312.72,33.58,100.43,0.86,-1,-1,-1
92,2,500.39,306.44,61.28,179.33,0.91,-1,-1,-1
92,7,467.60,307.49,48.41,158.44,0.86,-1,-1,-1
92,8,563.65,322.80,27.48,79.96,0.81,-1,-1,-1
92,9,420.55,294.67,81.27,197.69,0.92,-1,-1,-1
92,14,172.97,227.31,179.69,502.08,0.93,-1,-1,-1
92,15,380.43,309.78,62.55,152.85,0.89,-1,-1,-1
92,13,882.01,354.15,114.04,159.15,0.95,-1,-1,-1
92,17,738.15,364.68,79.79,97.05,0.58,-1,-1,-1
92,18,58.54,306.14,61.81,138.39,0.79,-1,-1,-1
92,12,690.43,313.40,34.08,102.52,0.88,-1,-1,-1
93,2,505.29,305.66,61.00,179.89,0.91,-1,-1,-1
93,7,471.84,307.87,48.44,159.59,0.85,-1,-1,-1
93,8,567.92,322.90,27.67,78.89,0.81,-1,-1,-1
93,9,424.27,295.16,80.85,199.05,0.92,-1,-1,-1
93,14,170.43,225.95,181.29,509.82,0.94,-1,-1,-1
93,15,383.43,310.42,63.27,153.55,0.91,-1,-1,-1
93,13,888.88,354.63,116.27,160.41,0.95,-1,-1,-1
93,17,744.57,364.90,79.14,98.10,0.63,-1,-1,-1
93,18,63.87,305.93,61.59,140.91,0.82,-1,-1,-1
93,12,691.84,312.76,36.07,105.14,0.86,-1,-1,-1
94,2,509.98,304.39,61.51,178.09,0.92,-1,-1,-1
94,7,477.23,307.35,47.25,158.03,0.86,-1,-1,-1
94,8,572.02,322.53,27.74,78.70,0.81,-1,-1,-1
94,9,428.16,294.98,80.83,197.54,0.92,-1,-1,-1
94,14,167.34,222.43,183.12,523.39,0.93,-1,-1,-1
94,15,386.13,310.77,64.65,157.30,0.92,-1,-1,-1
94,13,896.78,354.58,116.40,162.11,0.95,-1,-1,-1
94,17,750.19,364.47,79.98,98.94,0.68,-1,-1,-1
94,18,68.63,306.78,62.00,141.34,0.82,-1,-1,-1
94,12,690.69,312.23,40.87,106.00,0.86,-1,-1,-1
95,2,514.21,303.27,63.53,175.77,0.92,-1,-1,-1
95,7,481.08,306.02,47.42,157.15,0.86,-1,-1,-1
95,8,575.19,322.53,29.59,79.01,0.81,-1,-1,-1
95,9,433.11,294.21,78.90,192.66,0.92,-1,-1,-1
95,14,161.35,221.37,188.14,526.35,0.93,-1,-1,-1
95,15,390.89,310.55,63.11,159.41,0.90,-1,-1,-1
95,13,905.75,354.94,117.03,164.05,0.95,-1,-1,-1
95,17,757.92,364.67,77.33,99.34,0.57,-1,-1,-1
95,18,73.33,306.33,61.74,144.33,0.84,-1,-1,-1
95,12,690.07,312.36,46.09,106.66,0.86,-1,-1,-1
96,2,518.28,302.66,64.25,174.07,0.92,-1,-1,-1
96,7,485.33,304.58,46.86,157.36,0.86,-1,-1,-1
96,8,578.28,321.44,30.25,79.69,0.77,-1,-1,-1
96,9,437.64,292.04,77.71,192.91,0.92,-1,-1,-1
96,14,154.29,216.37,194.84,544.90,0.92,-1,-1,-1
96,15,395.17,311.01,62.71,159.50,0.90,-1,-1,-1
96,13,915.81,355.02,115.97,167.33,0.95,-1,-1,-1
96,17,756.22,364.67,85.32,100.03,0.18,-1,-1,-1
96,18,79.21,305.93,60.39,146.55,0.85,-1,-1,-1
96,12,690.19,311.96,50.94,107.10,0.89,-1,-1,-1
97,2,520.93,301.79,65.78,173.94,0.91,-1,-1,-1
97,7,490.13,304.01,46.71,156.73,0.86,-1,-1,-1
97,8,583.57,321.60,28.17,80.24,0.80,-1,-1,-1
97,9,443.31,291.21,75.99,192.92,0.93,-1,-1,-1
97,14,147.13,214.11,201.57,554.73,0.92,-1,-1,-1
97,15,400.61,311.19,60.94,160.54,0.91,-1,-1,-1
97,13,921.66,355.38,119.45,167.66,0.94,-1,-1,-1
97,17,768.80,365.50,79.56,99.82,0.28,-1,-1,-1
97,18,83.97,306.57,61.10,145.87,0.83,-1,-1,-1
97,12,700.89,312.38,42.98,107.48,0.85,-1,-1,-1
98,2,524.23,301.53,66.44,174.00,0.93,-1,-1,-1
98,7,494.82,303.85,46.73,156.30,0.87,-1,-1,-1
98,8,588.55,321.72,27.37,79.61,0.78,-1,-1,-1
98,9,448.44,289.45,74.72,193.97,0.93,-1,-1,-1
98,14,136.75,210.18,211.81,573.92,0.91,-1,-1,-1
98,15,405.85,311.18,59.40,162.30,0.90,-1,-1,-1
98,13,930.18,355.81,122.01,169.58,0.94,-1,-1,-1
98,17,775.07,365.09,80.76,101.71,0.73,-1,-1,-1
98,18,87.81,307.08,60.48,147.73,0.85,-1,-1,-1
98,12,708.12,312.58,39.85,106.76,0.84,-1,-1,-1
99,2,527.19,301.36,67.75,174.24,0.92,-1,-1,-1
99,7,498.90,303.39,47.85,156.97,0.87,-1,-1,-1
99,8,590.53,321.97,28.87,80.23,0.80,-1,-1,-1
99,9,452.26,288.97,74.93,195.20,0.93,-1,-1,-1
99,14,125.71,203.48,221.95,620.54,0.91,-1,-1,-1
99,15,410.72,310.73,57.93,162.55,0.90,-1,-1,-1
99,13,938.86,356.31,122.78,171.66,0.94,-1,-1,-1
99,17,783.66,365.80,78.11,101.48,0.72,-1,-1,-1
99,18,92.58,306.83,59.49,141.74,0.80,-1,-1,-1
99,12,710.57,312.47,41.70,106.41,0.84,-1,-1,-1
100,2,529.34,301.65,69.42,175.29,0.92,-1,-1,-1
100,7,503.55,303.42,48.27,156.65,0.87,-1,-1,-1
100,8,594.16,321.98,29.40,81.37,0.85,-1,-1,-1
100,9,457.26,288.99,73.97,194.97,0.92,-1,-1,-1
100,14,112.07,199.22,234.28,650.44,0.92,-1,-1,-1
100,15,414.77,311.03,56.77,163.06,0.90,-1,-1,-1
100,13,949.06,357.31,121.84,172.87,0.95,-1,-1,-1
100,17,785.47,365.98,83.13,103.62,0.73,-1,-1,-1
100,18,97.47,306.89,54.56,128.72,0.61,-1,-1,-1
100,12,711.73,312.49,44.10,107.75,0.84,-1,-1,-1
100,19,294.97,310.27,53.10,142.20,0.73,-1,-1,-1
101,2,535.08,302.17,67.14,176.56,0.92,-1,-1,-1
101,7,507.55,304.43,48.47,157.29,0.86,-1,-1,-1
101,8,598.11,322.51,29.03,81.19,0.83,-1,-1,-1
101,9,462.14,288.51,74.17,196.70,0.92,-1,-1,-1
101,14,96.10,199.79,246.20,679.65,0.93,-1,-1,-1
101,15,418.42,311.41,56.23,163.66,0.92,-1,-1,-1
101,13,958.09,357.52,123.85,175.18,0.95,-1,-1,-1
101,17,779.41,366.81,94.92,104.25,0.73,-1,-1,-1
101,12,714.78,312.41,44.46,109.41,0.86,-1,-1,-1
101,19,297.92,310.39,53.93,137.33,0.79,-1,-1,-1
102,2,541.47,303.25,65.04,176.23,0.92,-1,-1,-1
102,7,512.32,305.98,48.55,157.01,0.87,-1,-1,-1
102,8,602.03,324.19,28.29,80.56,0.83,-1,-1,-1
102,9,471.46,289.66,68.82,196.68,0.92,-1,-1,-1
102,14,79.47,203.01,258.75,698.71,0.91,-1,-1,-1
102,15,422.30,311.06,55.59,165.56,0.91,-1,-1,-1
102,13,967.21,358.81,125.78,177.58,0.94,-1,-1,-1
102,17,790.03,366.86,91.55,106.88,0.73,-1,-1,-1
102,12,717.57,312.68,44.56,109.47,0.84,-1,-1,-1
102,19,300.51,311.31,54.82,149.27,0.75,-1,-1,-1
102,20,470.25,310.27,40.50,117.45,0.76,-1,-1,-1
103,2,545.87,305.09,65.39,175.97,0.91,-1,-1,-1
103,7,516.73,307.25,49.13,157.24,0.86,-1,-1,-1
103,8,604.85,324.75,28.59,80.25,0.84,-1,-1,-1
103,9,475.42,292.57,69.29,191.60,0.92,-1,-1,-1
103,14,61.56,198.93,270.25,720.26,0.91,-1,-1,-1
103,15,425.28,310.99,56.52,166.55,0.91,-1,-1,-1
103,13,974.83,359.66,128.72,178.73,0.95,-1,-1,-1
103,17,799.10,368.54,89.24,106.00,0.74,-1,-1,-1
103,12,722.90,312.45,39.79,109.94,0.86,-1,-1,-1
103,19,303.23,311.61,57.10,162.71,0.77,-1,-1,-1
103,20,473.95,310.65,40.57,117.93,0.75,-1,-1,-1
104,2,548.87,307.07,66.15,174.76,0.91,-1,-1,-1
104,7,521.21,309.32,49.37,154.09,0.86,-1,-1,-1
104,8,609.11,324.90,28.71,80.47,0.85,-1,-1,-1
104,9,480.33,293.01,68.89,192.95,0.91,-1,-1,-1
104,14,41.45,192.85,284.46,744.05,0.91,-1,-1,-1
104,15,428.62,311.07,55.99,167.84,0.92,-1,-1,-1
104,13,983.57,360.24,131.02,180.81,0.94,-1,-1,-1
104,17,805.76,369.60,87.75,107.46,0.77,-1,-1,-1
104,12,727.07,312.61,39.10,110.14,0.87,-1,-1,-1
104,19,307.50,312.23,56.83,159.26,0.78,-1,-1,-1
104,20,476.54,310.14,41.30,120.86,0.83,-1,-1,-1
105,2,552.79,309.08,66.46,173.32,0.91,-1,-1,-1
105,7,526.87,310.30,48.27,153.87,0.87,-1,-1,-1
105,8,612.66,324.88,28.76,80.88,0.83,-1,-1,-1
105,9,485.52,294.57,68.20,193.85,0.91,-1,-1,-1
105,14,17.13,192.83,301.05,763.98,0.90,-1,-1,-1
105,15,430.38,310.41,57.47,169.85,0.93,-1,-1,-1
105,13,992.68,361.13,133.08,183.24,0.94,-1,-1,-1
105,17,814.12,370.23,85.39,107.14,0.60,-1,-1,-1
105,12,730.63,312.00,38.26,112.32,0.88,-1,-1,-1
105,19,309.50,312.46,59.27,160.96,0.77,-1,-1,-1
105,20,480.76,311.17,40.81,119.37,0.83,-1,-1,-1
106,2,555.73,309.68,67.16,174.31,0.90,-1,-1,-1
106,7,532.27,311.29,48.46,151.29,0.85,-1,-1,-1
106,8,617.53,325.17,28.78,80.97,0.82,-1,-1,-1
106,9,491.04,296.25,70.43,193.62,0.89,-1,-1,-1
106,14,-19.00,181.41,330.08,812.92,0.84,-1,-1,-1
106,15,432.64,310.51,58.62,171.63,0.92,-1,-1,-1
106,13,1003.37,362.23,134.94,186.02,0.95,-1,-1,-1
106,17,817.60,370.37,89.85,108.97,0.43,-1,-1,-1
106,12,733.65,311.76,37.33,114.80,0.89,-1,-1,-1
106,19,315.34,313.07,57.58,154.45,0.79,-1,-1,-1
106,20,484.04,311.51,41.98,121.75,0.78,-1,-1,-1
107,2,558.06,311.63,67.42,172.98,0.92,-1,-1,-1
107,7,536.67,311.87,49.13,152.23,0.85,-1,-1,-1
107,8,620.61,325.68,29.39,80.74,0.77,-1,-1,-1
107,9,495.47,298.29,70.06,192.73,0.89,-1,-1,-1
107,14,-51.83,174.28,354.71,839.10,0.82,-1,-1,-1
107,15,434.38,310.47,60.53,174.12,0.93,-1,-1,-1
107,13,1010.18,362.53,140.33,189.03,0.94,-1,-1,-1
107,17,822.88,372.21,92.07,108.22,0.72,-1,-1,-1
107,12,736.71,311.50,36.38,114.01,0.88,-1,-1,-1
107,19,319.92,312.85,56.86,146.65,0.79,-1,-1,-1
107,20,487.09,312.20,42.99,123.19,0.80,-1,-1,-1
108,2,563.13,312.07,65.68,172.54,0.91,-1,-1,-1
108,7,541.63,311.94,48.75,150.72,0.85,-1,-1,-1
108,8,624.15,325.87,29.00,80.31,0.84,-1,-1,-1
108,9,499.83,299.66,70.50,186.44,0.89,-1,-1,-1
108,14,-64.47,157.01,358.72,877.12,0.80,-1,-1,-1
108,15,435.17,309.43,63.28,177.60,0.94,-1,-1,-1
108,13,1019.76,362.77,142.26,191.50,0.94,-1,-1,-1
108,17,827.09,373.03,94.32,109.63,0.75,-1,-1,-1
108,12,739.33,311.28,36.01,113.89,0.88,-1,-1,-1
108,19,325.43,313.24,55.29,141.76,0.79,-1,-1,-1
108,20,490.12,312.61,43.93,124.54,0.81,-1,-1,-1
108,21,1244.70,346.95,48.60,152.10,0.71,-1,-1,-1
109,2,570.17,312.06,63.21,172.56,0.91,-1,-1,-1
109,7,546.75,311.34,48.61,149.59,0.82,-1,-1,-1
109,8,628.50,325.79,28.85,80.15,0.82,-1,-1,-1
109,9,503.21,299.38,71.90,191.89,0.88,-1,-1,-1
109,14,-76.54,143.16,362.07,915.31,0.80,-1,-1,-1
109,15,436.55,309.18,65.05,180.51,0.93,-1,-1,-1
109,13,1029.24,362.99,145.29,193.41,0.94,-1,-1,-1
109,17,832.24,373.33,95.74,112.22,0.77,-1,-1,-1
109,12,742.47,311.06,35.89,116.21,0.89,-1,-1,-1
109,19,330.63,313.69,53.78,140.36,0.80,-1,-1,-1
109,20,493.68,313.21,44.86,124.05,0.74,-1,-1,-1
110,2,572.45,311.86,66.63,171.33,0.90,-1,-1,-1
110,7,550.43,310.48,51.01,150.19,0.84,-1,-1,-1
110,8,632.57,325.45,28.83,79.84,0.78,-1,-1,-1
110,9,508.00,299.70,73.70,189.95,0.90,-1,-1,-1
110,14,-95.25,119.19,367.75,962.02,0.80,-1,-1,-1
110,15,438.66,309.56,66.53,182.10,0.93,-1,-1,-1
110,13,1038.62,362.85,148.86,196.67,0.95,-1,-1,-1
110,17,842.29,373.55,94.56,113.97,0.79,-1,-1,-1
110,12,744.07,310.34,38.33,117.73,0.91,-1,-1,-1
110,19,332.98,313.08,56.08,148.33,0.79,-1,-1,-1
110,20,497.10,313.58,44.62,125.10,0.82,-1,-1,-1
111,2,577.46,310.59,65.98,171.15,0.91,-1,-1,-1
111,7,555.65,309.28,50.06,149.97,0.86,-1,-1,-1
111,8,637.89,325.04,28.17,78.73,0.79,-1,-1,-1
111,9,512.80,299.53,73.69,187.67,0.90,-1,-1,-1
111,14,-124.70,89.53,380.86,1047.60,0.80,-1,-1,-1
111,15,442.72,310.76,66.23,182.15,0.93,-1,-1,-1
111,13,1048.55,362.96,151.13,199.42,0.94,-1,-1,-1
111,17,846.34,373.75,97.49,114.20,0.78,-1,-1,-1
111,12,745.71,310.43,39.75,116.95,0.91,-1,-1,-1
111,19,337.69,313.14,55.31,143.83,0.80,-1,-1,-1
111,20,500.54,313.86,42.59,126.23,0.85,-1,-1,-1
112,2,582.87,309.65,65.17,170.54,0.90,-1,-1,-1
112,7,561.10,308.52,49.70,149.35,0.86,-1,-1,-1
112,8,641.93,325.48,28.55,78.95,0.80,-1,-1,-1
112,9,517.77,298.23,73.72,186.12,0.91,-1,-1,-1
112,14,-141.91,79.88,374.30,1093.92,0.76,-1,-1,-1
112,15,446.60,311.68,66.12,183.32,0.93,-1,-1,-1
112,13,1057.57,363.10,155.51,202.19,0.95,-1,-1,-1
112,17,849.93,373.95,101.82,115.75,0.76,-1,-1,-1
112,12,746.66,310.45,42.68,117.25,0.91,-1,-1,-1
112,19,342.32,313.34,55.34,146.51,0.77,-1,-1,-1
112,20,503.84,313.95,43.06,126.05,0.85,-1,-1,-1
113,2,586.07,307.16,67.85,171.86,0.91,-1,-1,-1
113,7,568.80,307.17,49.54,150.66,0.82,-1,-1,-1
113,8,645.23,324.88,28.68,79.65,0.75,-1,-1,-1
113,9,522.58,296.34,74.90,186.37,0.91,-1,-1,-1
113,14,-148.54,84.64,353.09,1082.80,0.74,-1,-1,-1
113,15,451.96,311.99,64.24,186.10,0.92,-1,-1,-1
113,13,1069.95,362.64,157.08,205.57,0.95,-1,-1,-1
113,17,859.43,374.19,101.39,116.47,0.76,-1,-1,-1
113,12,744.21,310.03,49.55,118.24,0.91,-1,-1,-1
113,19,347.34,313.18,54.11,144.93,0.80,-1,-1,-1
113,20,506.89,312.27,43.81,127.47,0.87,-1,-1,-1
113,18,155.72,308.43,62.94,144.78,0.81,-1,-1,-1
114,2,590.44,307.45,68.31,170.65,0.90,-1,-1,-1
114,7,573.92,306.69,48.34,150.94,0.82,-1,-1,-1
114,8,648.18,320.48,29.96,84.75,0.81,-1,-1,-1
114,9,527.49,294.31,76.02,188.23,0.91,-1,-1,-1
114,14,-178.85,94.03,352.31,1100.39,0.56,-1,-1,-1
114,15,456.37,312.90,62.82,188.52,0.91,-1,-1,-1
114,13,1081.23,362.09,161.26,209.81,0.95,-1,-1,-1
114,17,869.94,374.42,99.76,116.91,0.73,-1,-1,-1
114,12,744.25,309.28,54.48,119.54,0.92,-1,-1,-1
114,19,352.10,313.35,53.41,143.48,0.80,-1,-1,-1
114,20,510.60,311.52,44.13,128.63,0.87,-1,-1,-1
114,18,162.42,309.06,60.82,145.03,0.82,-1,-1,-1
115,2,597.86,305.97,65.47,173.63,0.91,-1,-1,-1
115,7,578.59,306.71,46.04,150.72,0.85,-1,-1,-1
115,8,653.26,321.10,28.07,84.86,0.79,-1,-1,-1
115,9,533.01,293.59,74.62,188.91,0.89,-1,-1,-1
115,14,-190.49,107.83,322.35,1092.14,0.41,-1,-1,-1
115,15,459.10,312.09,62.54,192.61,0.91,-1,-1,-1
115,13,1091.56,361.67,166.24,212.51,0.94,-1,-1,-1
115,17,873.61,375.00,103.21,119.25,0.82,-1,-1,-1
115,12,744.95,309.52,59.27,119.68,0.90,-1,-1,-1
115,19,355.68,313.11,53.74,140.49,0.80,-1,-1,-1
115,20,512.74,310.97,45.41,129.01,0.86,-1,-1,-1
115,18,167.16,309.26,60.63,140.93,0.78,-1,-1,-1
116,2,602.98,305.39,64.37,173.61,0.92,-1,-1,-1
116,7,583.84,306.41,45.19,151.31,0.83,-1,-1,-1
116,8,658.16,322.54,27.92,83.42,0.75,-1,-1,-1
116,9,537.65,293.15,73.48,189.70,0.89,-1,-1,-1
116,14,-229.30,102.20,308.50,1097.48,0.11,-1,-1,-1
116,15,460.77,312.03,64.09,195.36,0.93,-1,-1,-1
116,13,1104.51,361.84,168.12,216.47,0.95,-1,-1,-1
116,17,878.22,375.66,105.67,119.71,0.79,-1,-1,-1
116,12,746.95,309.91,61.76,120.04,0.90,-1,-1,-1
116,19,360.31,313.14,52.96,139.12,0.80,-1,-1,-1
116,20,516.45,309.99,45.89,130.96,0.86,-1,-1,-1
116,18,171.61,309.60,59.95,139.36,0.83,-1,-1,-1
117,2,608.27,306.05,63.35,173.44,0.92,-1,-1,-1
117,7,588.84,307.15,46.11,152.13,0.86,-1,-1,-1
117,8,661.86,323.22,28.47,83.74,0.80,-1,-1,-1
117,9,539.75,292.79,76.66,189.40,0.91,-1,-1,-1
117,15,462.76,310.63,65.24,199.27,0.93,-1,-1,-1
117,13,1116.43,363.35,172.22,220.68,0.94,-1,-1,-1
117,17,887.64,376.02,105.38,121.31,0.80,-1,-1,-1
117,12,750.24,310.34,63.83,121.32,0.90,-1,-1,-1
117,19,363.36,312.62,54.49,139.84,0.79,-1,-1,-1
117,20,520.40,309.72,45.44,131.05,0.89,-1,-1,-1
117,18,176.27,309.96,60.12,135.13,0.81,-1,-1,-1
118,2,612.96,307.16,62.95,172.07,0.92,-1,-1,-1
118,7,593.43,308.00,45.83,151.75,0.86,-1,-1,-1
118,8,664.76,320.14,29.85,87.39,0.77,-1,-1,-1
118,9,545.09,293.10,76.00,189.62,0.88,-1,-1,-1
118,15,464.57,310.20,66.82,201.61,0.93,-1,-1,-1
118,13,1129.64,364.14,170.10,223.53,0.92,-1,-1,-1
118,17,897.29,376.50,105.14,122.85,0.80,-1,-1,-1
118,12,754.15,310.46,65.14,122.00,0.92,-1,-1,-1
118,19,368.28,312.84,53.22,140.34,0.78,-1,-1,-1
118,20,523.20,309.29,47.03,132.76,0.88,-1,-1,-1
118,18,180.89,310.38,59.31,131.61,0.77,-1,-1,-1
119,2,618.39,307.49,61.62,172.02,0.92,-1,-1,-1
119,7,597.89,309.73,46.36,150.43,0.85,-1,-1,-1
119,8,669.52,322.87,28.02,84.33,0.81,-1,-1,-1
119,9,551.35,294.18,73.96,189.43,0.87,-1,-1,-1
119,15,466.86,309.22,68.01,203.91,0.93,-1,-1,-1
119,13,1140.26,362.26,176.27,231.45,0.82,-1,-1,-1
119,17,900.10,377.15,109.77,123.55,0.80,-1,-1,-1
119,12,757.05,311.15,67.33,121.64,0.91,-1,-1,-1
119,19,372.44,313.14,53.36,137.85,0.78,-1,-1,-1
119,20,525.27,309.33,48.80,134.28,0.91,-1,-1,-1
119,18,184.88,311.07,59.31,134.00,0.82,-1,-1,-1
120,2,623.01,308.54,61.13,172.01,0.92,-1,-1,-1
120,7,602.45,310.55,45.95,150.99,0.86,-1,-1,-1
120,8,674.26,324.90,27.89,82.79,0.79,-1,-1,-1
120,9,558.43,295.06,71.35,191.31,0.89,-1,-1,-1
120,15,470.39,308.28,67.84,206.47,0.93,-1,-1,-1
120,13,1151.08,366.27,166.83,232.64,0.87,-1,-1,-1
120,17,908.98,377.43,108.84,125.56,0.80,-1,-1,-1
120,12,761.09,311.45,68.13,121.77,0.93,-1,-1,-1
120,19,376.77,313.86,52.80,138.44,0.78,-1,-1,-1
120,20,527.82,309.53,49.45,135.41,0.91,-1,-1,-1
120,18,189.82,311.62,58.02,131.58,0.79,-1,-1,-1
121,2,626.93,308.85,60.97,172.29,0.91,-1,-1,-1
121,7,607.24,311.22,45.20,151.33,0.86,-1,-1,-1
121,8,677.94,327.08,27.84,80.69,0.78,-1,-1,-1
121,9,559.28,296.06,77.10,190.65,0.88,-1,-1,-1
121,15,471.03,308.14,72.51,207.93,0.93,-1,-1,-1
121,13,1166.07,367.42,162.87,235.27,0.84,-1,-1,-1
121,17,895.48,379.48,132.12,125.08,0.69,-1,-1,-1
121,12,768.65,310.88,61.44,122.97,0.85,-1,-1,-1
121,19,380.49,314.21,53.21,138.06,0.79,-1,-1,-1
121,20,531.91,309.68,48.50,136.96,0.91,-1,-1,-1
121,18,193.83,311.46,58.51,134.90,0.80,-1,-1,-1
122,2,632.48,310.35,59.17,171.77,0.92,-1,-1,-1
122,7,611.28,312.39,44.37,150.07,0.86,-1,-1,-1
122,8,681.65,327.01,27.86,81.48,0.80,-1,-1,-1
122,9,561.90,297.67,75.69,189.03,0.89,-1,-1,-1
122,15,469.40,308.14,78.37,210.03,0.93,-1,-1,-1
122,13,1177.37,368.47,159.08,239.27,0.82,-1,-1,-1
122,17,899.31,380.91,136.52,126.11,0.77,-1,-1,-1
122,12,770.81,310.98,63.49,123.78,0.91,-1,-1,-1
122,19,384.74,314.68,51.61,138.63,0.80,-1,-1,-1
122,20,533.91,310.38,49.34,138.51,0.90,-1,-1,-1
122,18,196.69,311.61,59.20,134.43,0.71,-1,-1,-1
123,2,637.43,311.73,59.08,172.07,0.91,-1,-1,-1
123,7,614.76,312.89,44.03,150.26,0.85,-1,-1,-1
123,8,685.91,328.25,26.64,79.62,0.79,-1,-1,-1
123,9,566.67,299.10,75.64,188.30,0.88,-1,-1,-1
123,15,466.57,308.06,86.29,211.50,0.93,-1,-1,-1
123,13,1189.28,371.14,158.72,241.73,0.74,-1,-1,-1
123,17,902.27,381.92,141.50,127.29,0.71,-1,-1,-1
123,12,776.50,310.66,52.42,123.98,0.87,-1,-1,-1
123,19,388.48,315.21,51.88,139.07,0.79,-1,-1,-1
123,20,535.87,311.45,50.19,137.78,0.89,-1,-1,-1
123,18,200.40,311.86,59.93,135.06,0.75,-1,-1,-1
124,2,642.66,312.52,57.88,172.51,0.91,-1,-1,-1
124,7,618.84,313.21,44.55,151.11,0.87,-1,-1,-1
124,8,690.03,327.63,26.19,79.84,0.73,-1,-1,-1
124,9,568.84,299.91,78.64,188.97,0.88,-1,-1,-1
124,15,464.76,307.90,92.25,212.75,0.95,-1,-1,-1
124,13,1204.15,340.87,171.86,278.51,0.29,-1,-1,-1
124,17,934.22,382.85,117.07,126.52,0.68,-1,-1,-1
124,12,780.49,310.96,55.42,124.35,0.89,-1,-1,-1
124,19,392.35,314.81,51.40,140.47,0.81,-1,-1,-1
124,20,538.23,312.31,50.52,138.06,0.89,-1,-1,-1
124,18,204.05,311.82,60.52,126.63,0.64,-1,-1,-1
125,2,648.15,313.24,56.83,171.31,0.91,-1,-1,-1
125,7,622.10,313.30,45.33,151.12,0.87,-1,-1,-1
125,8,694.22,328.43,24.81,76.31,0.67,-1,-1,-1
125,9,573.20,300.79,75.59,188.60,0.88,-1,-1,-1
125,15,466.95,307.97,94.57,215.03,0.94,-1,-1,-1
125,13,1217.06,336.71,168.45,288.21,0.23,-1,-1,-1
125,17,961.16,383.03,99.95,128.11,0.73,-1,-1,-1
125,12,784.26,310.93,52.76,125.04,0.88,-1,-1,-1
125,19,395.88,314.92,51.52,138.29,0.80,-1,-1,-1
125,20,541.22,312.76,50.60,140.80,0.91,-1,-1,-1
125,18,207.76,312.07,59.89,128.62,0.73,-1,-1,-1
126,2,652.56,311.61,57.69,172.99,0.91,-1,-1,-1
126,7,625.99,313.23,45.03,148.75,0.88,-1,-1,-1
126,8,697.27,322.20,25.55,83.58,0.44,-1,-1,-1
126,9,575.70,301.01,74.97,187.90,0.91,-1,-1,-1
126,15,466.17,307.47,98.86,218.97,0.95,-1,-1,-1
126,17,968.71,383.46,100.38,128.55,0.69,-1,-1,-1
126,12,789.71,309.50,46.17,126.49,0.88,-1,-1,-1
126,19,400.02,314.70,50.06,136.58,0.80,-1,-1,-1
126,20,544.17,313.27,49.42,141.82,0.90,-1,-1,-1
126,18,209.90,311.29,61.67,130.87,0.59,-1,-1,-1
127,2,657.11,310.42,58.65,173.58,0.92,-1,-1,-1
127,7,629.17,312.77,46.15,148.58,0.88,-1,-1,-1
127,8,701.05,325.58,24.02,77.35,0.18,-1,-1,-1
127,9,580.50,300.67,72.37,189.55,0.91,-1,-1,-1
127,15,466.52,307.80,102.80,223.14,0.95,-1,-1,-1
127,17,965.06,383.84,111.55,129.24,0.70,-1,-1,-1
127,12,795.11,308.82,43.11,127.28,0.86,-1,-1,-1
127,19,402.87,315.16,50.76,139.56,0.80,-1,-1,-1
127,20,546.78,312.62,49.57,143.91,0.90,-1,-1,-1
127,18,213.92,311.72,60.06,132.89,0.75,-1,-1,-1
128,2,660.73,309.31,59.73,173.22,0.92,-1,-1,-1
128,7,631.98,312.10,47.85,148.82,0.88,-1,-1,-1
128,8,704.80,320.20,24.12,82.53,0.48,-1,-1,-1
128,9,584.48,301.08,70.29,186.90,0.89,-1,-1,-1
128,15,467.81,308.09,105.04,227.79,0.95,-1,-1,-1
128,17,981.84,383.90,104.03,130.90,0.65,-1,-1,-1
128,12,799.50,308.48,41.57,126.78,0.87,-1,-1,-1
128,19,406.71,315.65,49.32,137.50,0.83,-1,-1,-1
128,20,549.04,312.80,50.30,145.10,0.89,-1,-1,-1
128,18,216.35,312.26,60.86,134.97,0.74,-1,-1,-1
129,2,665.14,308.51,60.58,172.01,0.93,-1,-1,-1
129,7,636.13,311.29,48.35,149.38,0.88,-1,-1,-1
129,9,587.91,300.05,70.59,186.48,0.90,-1,-1,-1
129,15,469.64,307.42,107.30,232.54,0.95,-1,-1,-1
129,17,954.14,384.95,139.98,132.45,0.76,-1,-1,-1
129,12,803.45,308.51,40.36,126.44,0.86,-1,-1,-1
129,19,410.16,315.13,49.25,136.59,0.83,-1,-1,-1
129,20,551.04,311.82,52.22,146.26,0.89,-1,-1,-1
129,18,220.82,311.97,59.22,134.45,0.76,-1,-1,-1
130,2,669.01,308.01,61.51,170.15,0.93,-1,-1,-1
130,7,639.94,310.93,47.95,149.85,0.89,-1,-1,-1
130,9,591.47,299.31,70.11,185.38,0.90,-1,-1,-1
130,15,471.83,308.02,107.51,235.64,0.95,-1,-1,-1
130,17,951.91,384.62,150.73,135.33,0.72,-1,-1,-1
130,12,806.20,308.16,40.64,129.84,0.89,-1,-1,-1
130,19,412.71,314.91,49.70,136.23,0.81,-1,-1,-1
130,20,552.35,310.22,54.10,148.09,0.90,-1,-1,-1
130,18,223.66,311.86,60.10,140.79,0.78,-1,-1,-1
131,2,671.49,306.59,63.13,171.34,0.93,-1,-1,-1
131,7,641.78,310.78,49.64,150.08,0.89,-1,-1,-1
131,9,593.45,297.78,69.42,184.48,0.92,-1,-1,-1
131,15,472.65,308.08,108.21,239.41,0.95,-1,-1,-1
131,17,951.86,384.12,159.97,138.64,0.64,-1,-1,-1
131,12,808.16,308.16,41.44,131.86,0.89,-1,-1,-1
131,19,414.40,314.65,50.24,138.09,0.81,-1,-1,-1
131,20,553.17,308.84,55.47,149.24,0.89,-1,-1,-1
131,18,225.36,311.92,59.01,140.67,0.78,-1,-1,-1
132,2,674.54,305.38,64.27,172.49,0.93,-1,-1,-1
132,7,644.95,310.47,50.81,150.44,0.89,-1,-1,-1
132,9,597.03,296.52,69.13,183.64,0.92,-1,-1,-1
132,15,473.95,308.32,107.13,243.69,0.95,-1,-1,-1
132,17,954.42,384.57,165.68,139.98,0.46,-1,-1,-1
132,12,809.07,307.60,43.57,133.63,0.89,-1,-1,-1
132,19,417.33,314.32,49.66,138.93,0.81,-1,-1,-1
132,20,554.03,307.93,57.10,150.93,0.90,-1,-1,-1
132,18,228.88,311.89,57.70,138.32,0.82,-1,-1,-1
133,2,676.79,305.04,65.90,174.47,0.93,-1,-1,-1
133,7,648.13,310.31,51.27,151.67,0.89,-1,-1,-1
133,9,597.93,296.17,71.49,185.50,0.91,-1,-1,-1
133,15,476.78,308.54,104.28,248.23,0.94,-1,-1,-1
133,17,970.84,385.74,158.75,141.66,0.64,-1,-1,-1
133,12,810.60,307.51,44.97,134.60,0.90,-1,-1,-1
133,19,420.68,314.46,48.86,137.19,0.81,-1,-1,-1
133,20,554.90,306.97,59.47,154.09,0.90,-1,-1,-1
133,18,230.43,311.85,59.67,139.54,0.79,-1,-1,-1
134,2,681.44,305.29,64.75,175.31,0.92,-1,-1,-1
134,7,651.38,311.21,51.43,152.21,0.89,-1,-1,-1
134,9,601.53,296.68,71.18,185.71,0.91,-1,-1,-1
134,15,479.63,308.50,101.32,253.96,0.94,-1,-1,-1
134,17,999.66,387.04,139.20,139.24,0.71,-1,-1,-1
134,12,808.56,308.01,50.29,134.99,0.87,-1,-1,-1
134,19,423.16,314.24,48.42,136.61,0.84,-1,-1,-1
134,20,555.79,306.37,61.53,156.50,0.90,-1,-1,-1
134,18,232.90,311.98,59.20,133.20,0.76,-1,-1,-1
135,2,683.96,306.10,65.47,175.94,0.92,-1,-1,-1
135,7,654.29,312.26,51.47,151.85,0.89,-1,-1,-1
135,9,602.50,296.56,72.86,186.57,0.90,-1,-1,-1
135,15,482.30,308.05,99.52,258.65,0.95,-1,-1,-1
135,17,1022.91,388.41,123.68,140.35,0.61,-1,-1,-1
135,12,807.39,308.43,53.97,135.31,0.92,-1,-1,-1
135,19,424.71,314.61,48.88,134.80,0.83,-1,-1,-1
135,20,557.02,305.83,62.30,159.03,0.91,-1,-1,-1
135,18,235.18,311.92,58.71,131.55,0.77,-1,-1,-1
136,2,685.95,305.30,66.93,177.73,0.92,-1,-1,-1
136,7,656.72,313.47,52.07,151.62,0.89,-1,-1,-1
136,9,605.99,297.03,72.30,188.02,0.92,-1,-1,-1
136,15,484.66,307.34,98.21,263.67,0.95,-1,-1,-1
136,17,1032.28,389.79,120.53,140.36,0.79,-1,-1,-1
136,12,806.59,309.27,57.16,135.45,0.90,-1,-1,-1
136,19,426.27,315.55,48.76,134.19,0.82,-1,-1,-1
136,20,558.55,305.85,62.56,161.34,0.91,-1,-1,-1
136,18,236.48,312.37,58.54,133.74,0.80,-1,-1,-1
137,2,686.95,307.54,69.23,176.46,0.92,-1,-1,-1
137,7,660.56,314.97,51.69,151.69,0.89,-1,-1,-1
137,9,610.27,297.36,69.69,189.03,0.93,-1,-1,-1
137,15,486.46,306.19,98.30,267.54,0.95,-1,-1,-1
137,17,1034.15,391.78,126.81,141.51,0.74,-1,-1,-1
137,12,807.43,309.90,58.98,136.36,0.92,-1,-1,-1
137,19,428.60,315.44,49.32,134.89,0.81,-1,-1,-1
137,20,560.32,307.20,62.03,164.97,0.91,-1,-1,-1
137,18,238.27,312.98,58.77,139.95,0.78,-1,-1,-1
138,2,694.09,310.13,64.23,174.41,0.92,-1,-1,-1
138,7,663.81,315.31,51.53,153.02,0.90,-1,-1,-1
138,9,614.32,298.63,66.87,189.06,0.93,-1,-1,-1
138,15,486.36,303.79,100.71,273.96,0.95,-1,-1,-1
138,17,1037.43,393.00,131.41,143.95,0.75,-1,-1,-1
138,12,808.07,310.51,60.24,136.64,0.91,-1,-1,-1
138,19,431.36,315.95,48.64,134.23,0.80,-1,-1,-1
138,20,560.80,307.83,64.74,168.45,0.91,-1,-1,-1
138,18,239.37,313.33,60.06,140.46,0.77,-1,-1,-1
139,2,696.27,311.57,63.39,174.20,0.90,-1,-1,-1
139,7,666.24,315.43,51.44,152.44,0.90,-1,-1,-1
139,9,615.25,299.87,67.68,188.42,0.92,-1,-1,-1
139,15,484.94,303.32,103.35,277.99,0.94,-1,-1,-1
139,17,1040.82,394.46,135.47,146.89,0.70,-1,-1,-1
139,12,809.20,311.05,60.10,136.69,0.91,-1,-1,-1
139,19,433.09,316.14,46.86,133.97,0.80,-1,-1,-1
139,20,562.22,308.66,65.14,168.37,0.90,-1,-1,-1
139,18,239.47,313.30,60.53,141.50,0.77,-1,-1,-1
140,2,696.02,313.68,66.13,172.64,0.91,-1,-1,-1
140,7,668.23,316.14,51.41,151.34,0.89,-1,-1,-1
140,9,617.56,301.61,68.00,186.71,0.92,-1,-1,-1
140,15,482.86,299.86,105.54,284.58,0.95,-1,-1,-1
140,17,1029.86,394.92,154.70,148.43,0.77,-1,-1,-1
140,12,811.11,311.02,60.02,138.19,0.94,-1,-1,-1
140,19,434.33,316.30,46.99,134.51,0.80,-1,-1,-1
140,20,563.31,309.97,66.45,170.64,0.90,-1,-1,-1
140,18,240.38,313.39,59.22,144.57,0.82,-1,-1,-1
140,22,605.25,316.12,41.40,119.70,0.85,-1,-1,-1
141,2,697.94,314.18,66.50,173.07,0.91,-1,-1,-1
141,7,671.59,315.82,51.37,152.53,0.89,-1,-1,-1
141,9,618.97,301.53,69.31,186.91,0.93,-1,-1,-1
141,15,479.16,298.85,109.84,288.21,0.95,-1,-1,-1
141,17,1023.37,394.93,168.63,149.52,0.77,-1,-1,-1
141,12,812.67,310.59,60.50,139.88,0.94,-1,-1,-1
141,19,434.95,318.46,46.57,131.99,0.79,-1,-1,-1
141,20,564.63,310.48,65.12,171.83,0.90,-1,-1,-1
141,18,241.10,312.82,60.20,146.84,0.80,-1,-1,-1
141,22,608.82,316.35,40.00,120.19,0.86,-1,-1,-1
142,2,700.03,314.68,66.64,173.56,0.90,-1,-1,-1
142,7,674.52,315.28,51.35,153.45,0.88,-1,-1,-1
142,9,621.76,301.08,68.62,188.08,0.93,-1,-1,-1
142,15,480.32,298.38,109.11,290.82,0.94,-1,-1,-1
142,17,1029.61,395.40,169.73,150.95,0.75,-1,-1,-1
142,12,814.71,310.32,60.67,141.41,0.93,-1,-1,-1
142,19,435.18,321.59,46.89,129.87,0.79,-1,-1,-1
142,20,565.36,310.86,66.35,172.09,0.90,-1,-1,-1
142,18,241.51,312.63,59.97,144.45,0.81,-1,-1,-1
142,22,609.88,316.07,40.43,121.02,0.84,-1,-1,-1
143,2,698.16,314.27,70.25,174.32,0.90,-1,-1,-1
143,7,675.63,314.48,52.53,150.48,0.88,-1,-1,-1
143,9,624.66,300.90,68.35,188.49,0.92,-1,-1,-1
143,15,475.01,296.78,114.08,294.55,0.95,-1,-1,-1
143,17,1031.82,395.99,175.66,152.17,0.73,-1,-1,-1
143,12,815.84,309.78,60.69,142.82,0.91,-1,-1,-1
143,19,436.57,323.18,46.11,127.57,0.79,-1,-1,-1
143,20,564.85,310.12,66.77,173.57,0.91,-1,-1,-1
143,18,240.60,312.57,61.37,144.95,0.81,-1,-1,-1
143,22,611.34,315.94,39.84,121.55,0.84,-1,-1,-1
144,2,697.01,313.83,73.98,174.22,0.90,-1,-1,-1
144,7,677.33,313.31,53.01,149.24,0.88,-1,-1,-1
144,9,627.31,300.88,67.72,181.97,0.91,-1,-1,-1
144,15,467.00,294.78,121.25,302.25,0.94,-1,-1,-1
144,17,1030.06,395.91,184.85,154.24,0.80,-1,-1,-1
144,12,818.56,309.00,57.75,143.37,0.89,-1,-1,-1
144,19,437.12,323.69,46.17,128.62,0.82,-1,-1,-1
144,20,564.76,309.30,67.55,175.46,0.92,-1,-1,-1
144,18,240.23,312.06,61.64,147.55,0.81,-1,-1,-1
144,22,612.85,314.98,40.35,123.73,0.87,-1,-1,-1
145,2,698.18,312.17,75.39,173.62,0.91,-1,-1,-1
145,7,680.80,312.14,51.38,149.88,0.89,-1,-1,-1
145,9,629.05,300.88,68.68,183.48,0.92,-1,-1,-1
145,15,458.61,292.28,128.57,314.51,0.94,-1,-1,-1
145,17,1028.70,396.68,194.07,155.18,0.80,-1,-1,-1
145,12,825.59,310.08,49.90,137.34,0.84,-1,-1,-1
145,19,436.11,323.98,47.55,130.26,0.84,-1,-1,-1
145,20,564.33,307.52,70.16,178.53,0.91,-1,-1,-1
145,18,239.32,311.23,62.01,155.20,0.80,-1,-1,-1
145,22,613.20,313.22,41.15,126.37,0.86,-1,-1,-1
146,2,702.48,311.28,72.96,170.28,0.91,-1,-1,-1
146,7,683.93,311.01,50.13,150.49,0.89,-1,-1,-1
146,9,631.24,300.94,69.02,183.63,0.92,-1,-1,-1
146,15,452.43,291.28,132.51,323.99,0.95,-1,-1,-1
146,17,1034.84,397.20,195.21,156.56,0.83,-1,-1,-1
146,12,829.19,309.64,46.25,135.18,0.82,-1,-1,-1
146,19,436.68,323.54,47.90,133.22,0.83,-1,-1,-1
146,20,563.44,305.72,72.87,180.70,0.91,-1,-1,-1
146,18,239.16,310.88,62.43,158.11,0.77,-1,-1,-1
146,22,613.69,312.35,42.68,127.17,0.85,-1,-1,-1
147,2,706.15,310.30,71.38,168.96,0.92,-1,-1,-1
147,7,685.86,310.86,50.89,150.94,0.88,-1,-1,-1
147,9,633.10,300.16,69.19,182.59,0.91,-1,-1,-1
147,15,444.69,288.71,138.08,333.77,0.95,-1,-1,-1
147,17,1030.98,398.13,208.25,154.73,0.81,-1,-1,-1
147,12,826.55,307.63,51.40,144.10,0.86,-1,-1,-1
147,19,436.55,322.12,48.21,131.12,0.82,-1,-1,-1
147,20,562.11,303.53,76.25,184.35,0.91,-1,-1,-1
147,18,238.08,310.86,61.12,161.02,0.78,-1,-1,-1
147,22,615.88,312.63,42.00,126.82,0.85,-1,-1,-1
148,2,708.91,309.34,70.17,168.81,0.91,-1,-1,-1
148,7,687.93,310.81,51.77,151.43,0.87,-1,-1,-1
148,9,633.95,299.56,71.05,182.54,0.93,-1,-1,-1
148,15,439.92,288.02,140.76,341.51,0.94,-1,-1,-1
148,17,1033.41,397.88,214.36,158.18,0.79,-1,-1,-1
148,12,827.42,306.75,53.08,147.66,0.89,-1,-1,-1
148,19,436.53,319.58,48.18,133.65,0.81,-1,-1,-1
148,20,560.92,301.97,78.11,187.33,0.91,-1,-1,-1
148,18,237.40,310.98,60.30,160.78,0.78,-1,-1,-1
148,22,618.12,313.83,41.09,125.71,0.85,-1,-1,-1
149,2,712.63,308.43,68.47,171.11,0.92,-1,-1,-1
149,7,691.67,310.86,51.50,152.14,0.86,-1,-1,-1
149,9,636.08,297.89,71.13,183.35,0.93,-1,-1,-1
149,15,436.31,290.21,142.24,349.96,0.95,-1,-1,-1
149,17,1045.16,399.09,213.05,160.09,0.76,-1,-1,-1
149,12,827.71,306.18,54.33,149.52,0.89,-1,-1,-1
149,19,436.97,316.91,46.96,136.91,0.83,-1,-1,-1
149,20,559.13,301.16,79.93,189.18,0.90,-1,-1,-1
149,18,236.95,310.68,62.39,158.60,0.77,-1,-1,-1
149,22,619.28,313.42,41.96,126.12,0.87,-1,-1,-1
