0,1,556.20,323.55,63.00,126.45,0.92,-1,-1,-1
0,2,609.75,349.20,50.40,99.90,0.92,-1,-1,-1
0,3,698.85,329.85,52.20,118.80,0.90,-1,-1,-1
0,4,597.60,322.65,34.20,93.60,0.84,-1,-1,-1
0,5,643.05,334.80,31.50,107.10,0.79,-1,-1,-1
0,6,694.35,327.15,27.90,82.80,0.77,-1,-1,-1
1,1,555.52,322.85,63.84,128.93,0.93,-1,-1,-1
1,2,610.30,347.94,49.67,103.52,0.91,-1,-1,-1
1,3,698.32,329.16,53.03,120.88,0.90,-1,-1,-1
1,4,600.09,322.93,31.89,94.09,0.84,-1,-1,-1
1,5,643.24,335.68,33.09,106.43,0.77,-1,-1,-1
1,6,694.59,328.02,29.49,84.45,0.74,-1,-1,-1
2,1,555.41,323.22,63.99,129.73,0.92,-1,-1,-1
2,2,610.75,348.22,48.13,102.44,0.91,-1,-1,-1
2,3,699.66,329.19,51.78,121.26,0.91,-1,-1,-1
2,4,601.59,323.12,30.77,94.19,0.84,-1,-1,-1
2,5,644.34,335.09,32.68,106.69,0.84,-1,-1,-1
2,6,695.03,327.45,29.77,89.29,0.76,-1,-1,-1
3,1,555.32,323.34,63.32,129.90,0.92,-1,-1,-1
3,2,611.85,347.28,46.25,103.00,0.91,-1,-1,-1
3,3,699.97,329.71,52.04,120.96,0.90,-1,-1,-1
3,4,602.97,323.33,31.90,93.83,0.84,-1,-1,-1
3,5,644.60,335.91,33.19,105.70,0.76,-1,-1,-1
3,6,695.73,326.91,31.86,99.49,0.78,-1,-1,-1
4,1,555.27,323.98,62.40,128.87,0.91,-1,-1,-1
4,2,612.12,346.92,43.66,102.15,0.91,-1,-1,-1
4,3,700.98,329.82,51.47,120.80,0.91,-1,-1,-1
4,4,603.31,323.17,32.93,93.69,0.81,-1,-1,-1
4,5,645.26,335.11,32.68,106.37,0.84,-1,-1,-1
4,6,696.85,326.03,32.53,103.24,0.73,-1,-1,-1
5,1,555.02,323.70,62.78,129.14,0.91,-1,-1,-1
5,2,612.58,344.53,42.26,104.12,0.89,-1,-1,-1
5,3,702.68,329.82,50.65,121.05,0.91,-1,-1,-1
5,4,604.10,322.77,33.29,95.26,0.80,-1,-1,-1
5,5,645.87,336.76,33.16,104.98,0.82,-1,-1,-1
5,6,698.58,325.98,30.85,97.26,0.78,-1,-1,-1
6,1,554.92,323.60,62.96,128.95,0.92,-1,-1,-1
6,2,612.06,342.32,41.91,104.83,0.90,-1,-1,-1
6,3,703.26,329.50,51.69,121.49,0.91,-1,-1,-1
6,4,605.91,322.79,32.17,95.52,0.79,-1,-1,-1
6,5,645.77,341.19,33.34,101.01,0.81,-1,-1,-1
6,6,699.51,325.85,30.18,94.28,0.79,-1,-1,-1
7,1,555.12,323.28,63.59,129.46,0.92,-1,-1,-1
7,2,611.11,341.45,43.10,105.65,0.90,-1,-1,-1
7,3,704.84,329.92,51.39,121.28,0.90,-1,-1,-1
7,4,606.08,322.07,32.34,97.43,0.79,-1,-1,-1
7,5,645.57,334.62,34.60,107.26,0.85,-1,-1,-1
7,6,700.28,325.57,29.89,90.26,0.81,-1,-1,-1
8,1,556.10,322.62,61.92,130.19,0.92,-1,-1,-1
8,2,611.04,341.25,42.89,105.56,0.90,-1,-1,-1
8,3,706.82,329.53,50.63,121.75,0.90,-1,-1,-1
8,4,606.98,321.44,31.13,98.36,0.78,-1,-1,-1
8,5,645.42,332.77,35.63,109.34,0.85,-1,-1,-1
8,6,700.73,325.58,29.76,88.37,0.81,-1,-1,-1
9,1,556.90,322.27,60.74,130.54,0.91,-1,-1,-1
9,2,610.86,342.34,42.89,104.66,0.91,-1,-1,-1
9,3,707.10,329.58,52.26,122.30,0.90,-1,-1,-1
9,4,607.73,320.78,30.71,99.66,0.73,-1,-1,-1
9,5,646.13,331.81,38.44,111.10,0.83,-1,-1,-1
9,6,701.07,324.84,30.35,87.11,0.80,-1,-1,-1
10,1,557.08,322.62,60.96,130.08,0.92,-1,-1,-1
10,2,611.02,343.89,42.93,103.41,0.91,-1,-1,-1
10,3,708.02,329.93,52.86,122.83,0.91,-1,-1,-1
10,4,608.49,320.73,29.96,98.03,0.71,-1,-1,-1
10,5,646.32,334.98,38.91,108.45,0.82,-1,-1,-1
10,6,701.40,324.77,31.18,86.67,0.81,-1,-1,-1
11,1,558.01,323.49,59.75,128.85,0.92,-1,-1,-1
11,2,611.59,344.90,42.91,103.44,0.91,-1,-1,-1
11,3,708.70,330.49,53.62,122.59,0.90,-1,-1,-1
11,4,609.55,321.16,29.04,92.10,0.69,-1,-1,-1
11,5,647.11,333.88,39.59,110.64,0.86,-1,-1,-1
11,6,700.99,324.13,32.64,88.57,0.83,-1,-1,-1
12,1,558.68,323.43,59.37,128.19,0.91,-1,-1,-1
12,2,612.18,346.28,42.35,102.94,0.91,-1,-1,-1
12,3,709.69,330.32,53.95,123.50,0.89,-1,-1,-1
12,4,610.59,321.08,28.13,86.22,0.69,-1,-1,-1
12,5,647.82,333.28,39.86,111.83,0.87,-1,-1,-1
12,6,700.69,323.83,33.81,89.94,0.84,-1,-1,-1
13,1,560.15,322.77,57.94,128.56,0.90,-1,-1,-1
13,2,610.53,347.56,44.55,104.55,0.91,-1,-1,-1
13,3,710.89,331.22,54.58,124.13,0.90,-1,-1,-1
13,4,611.22,320.72,28.39,86.00,0.54,-1,-1,-1
13,5,650.43,332.77,38.07,114.36,0.88,-1,-1,-1
13,6,700.22,323.64,35.35,94.65,0.84,-1,-1,-1
14,1,560.38,321.26,58.15,130.52,0.91,-1,-1,-1
14,2,610.59,347.95,43.64,105.17,0.91,-1,-1,-1
14,3,713.78,331.54,53.12,124.67,0.87,-1,-1,-1
14,4,612.69,320.54,32.22,90.25,0.40,-1,-1,-1
14,5,650.87,332.49,38.65,115.59,0.86,-1,-1,-1
14,6,700.11,323.43,36.01,96.42,0.84,-1,-1,-1
15,1,561.65,321.47,57.64,130.65,0.88,-1,-1,-1
15,2,609.08,348.41,45.72,105.09,0.91,-1,-1,-1
15,3,714.50,331.53,54.36,125.76,0.90,-1,-1,-1
15,4,614.35,320.94,28.39,84.35,0.57,-1,-1,-1
15,5,650.69,335.39,38.25,114.24,0.83,-1,-1,-1
15,6,700.32,323.68,36.83,95.58,0.84,-1,-1,-1
16,1,562.60,322.18,56.18,130.22,0.89,-1,-1,-1
16,2,608.36,348.54,46.42,104.92,0.91,-1,-1,-1
16,3,715.03,331.51,54.74,126.59,0.90,-1,-1,-1
16,4,616.03,321.13,28.57,85.37,0.57,-1,-1,-1
16,5,650.98,340.71,36.24,110.24,0.82,-1,-1,-1
16,6,700.10,323.64,37.08,93.89,0.84,-1,-1,-1
17,1,563.14,322.91,55.67,129.79,0.90,-1,-1,-1
17,2,607.41,347.85,48.46,106.07,0.90,-1,-1,-1
17,3,716.31,331.08,54.28,127.52,0.90,-1,-1,-1
17,4,616.49,321.22,29.84,87.27,0.57,-1,-1,-1
17,5,651.60,340.90,36.06,110.85,0.83,-1,-1,-1
17,6,700.51,323.96,37.14,94.45,0.84,-1,-1,-1
17,7,585.90,315.00,37.80,118.35,0.72,-1,-1,-1
18,1,563.39,323.02,54.93,130.31,0.91,-1,-1,-1
18,2,607.17,347.29,49.27,106.87,0.91,-1,-1,-1
18,3,717.25,331.05,54.74,127.34,0.91,-1,-1,-1
18,4,616.45,321.09,32.11,93.76,0.62,-1,-1,-1
18,5,652.25,338.70,36.02,112.94,0.83,-1,-1,-1
18,6,701.15,324.22,35.99,92.32,0.84,-1,-1,-1
18,7,585.57,315.12,38.55,119.27,0.79,-1,-1,-1
19,1,564.13,322.99,53.45,130.70,0.91,-1,-1,-1
19,2,606.84,345.77,49.55,106.78,0.90,-1,-1,-1
19,3,717.21,330.78,56.08,127.44,0.91,-1,-1,-1
19,4,617.01,321.10,32.96,95.52,0.65,-1,-1,-1
19,5,653.08,334.61,35.99,117.21,0.84,-1,-1,-1
19,6,702.85,324.68,34.91,92.61,0.84,-1,-1,-1
19,7,586.92,314.59,38.00,118.73,0.78,-1,-1,-1
19,8,560.25,313.20,36.90,120.15,0.70,-1,-1,-1
20,1,564.67,323.30,52.97,130.94,0.92,-1,-1,-1
20,2,606.75,344.64,49.67,107.11,0.90,-1,-1,-1
20,3,717.85,330.26,56.61,128.15,0.91,-1,-1,-1
20,4,617.21,321.14,32.72,94.79,0.64,-1,-1,-1
20,5,653.72,333.99,36.01,118.00,0.85,-1,-1,-1
20,6,703.56,325.03,34.51,90.98,0.85,-1,-1,-1
20,7,586.63,314.21,38.52,118.16,0.80,-1,-1,-1
21,1,564.57,323.11,53.45,131.95,0.93,-1,-1,-1
21,2,607.07,344.82,49.12,106.66,0.90,-1,-1,-1
21,3,718.13,329.77,57.41,128.74,0.91,-1,-1,-1
21,4,616.71,320.71,36.19,98.08,0.73,-1,-1,-1
21,5,654.90,332.13,36.02,120.39,0.85,-1,-1,-1
21,6,704.79,325.17,33.76,92.19,0.84,-1,-1,-1
21,7,586.53,313.91,39.37,119.35,0.82,-1,-1,-1
22,1,564.77,323.13,53.00,132.07,0.93,-1,-1,-1
22,2,607.76,346.36,48.27,105.31,0.90,-1,-1,-1
22,3,718.47,329.58,58.26,129.28,0.92,-1,-1,-1
22,4,616.47,320.66,37.43,99.92,0.74,-1,-1,-1
22,5,655.58,332.00,35.99,121.00,0.86,-1,-1,-1
22,6,705.80,325.36,32.84,92.96,0.83,-1,-1,-1
22,7,587.09,313.73,38.97,120.42,0.82,-1,-1,-1
23,1,566.09,323.77,52.25,131.27,0.93,-1,-1,-1
23,2,608.93,347.22,46.11,103.70,0.90,-1,-1,-1
23,3,718.68,329.30,58.55,129.24,0.91,-1,-1,-1
23,4,616.03,319.76,38.48,104.26,0.80,-1,-1,-1
23,5,656.33,332.08,35.38,120.98,0.87,-1,-1,-1
23,6,705.39,324.94,33.11,93.08,0.86,-1,-1,-1
23,7,585.68,313.89,40.73,121.21,0.82,-1,-1,-1
24,1,567.49,324.33,50.78,130.36,0.91,-1,-1,-1
24,2,609.11,347.87,45.91,102.80,0.91,-1,-1,-1
24,3,718.76,329.21,58.64,129.80,0.91,-1,-1,-1
24,4,615.86,319.59,38.87,102.67,0.76,-1,-1,-1
24,5,657.22,332.89,34.55,120.34,0.86,-1,-1,-1
24,6,705.25,324.50,33.81,94.01,0.83,-1,-1,-1
24,7,585.51,313.66,40.72,121.48,0.80,-1,-1,-1
25,1,569.20,324.42,49.03,130.34,0.89,-1,-1,-1
25,2,608.86,348.00,45.23,102.49,0.90,-1,-1,-1
25,3,718.76,329.54,59.25,129.71,0.91,-1,-1,-1
25,4,615.48,319.57,38.99,102.29,0.73,-1,-1,-1
25,5,657.81,333.56,33.63,119.18,0.87,-1,-1,-1
25,6,705.47,324.38,34.07,94.36,0.85,-1,-1,-1
25,7,586.36,314.84,39.46,117.56,0.66,-1,-1,-1
26,1,569.56,324.02,49.09,131.74,0.89,-1,-1,-1
26,2,608.60,348.71,45.03,102.55,0.90,-1,-1,-1
26,3,719.07,329.89,60.12,130.18,0.91,-1,-1,-1
26,4,615.77,319.75,38.46,100.21,0.72,-1,-1,-1
26,5,658.22,333.59,33.93,119.80,0.87,-1,-1,-1
26,6,706.44,324.11,33.59,95.25,0.84,-1,-1,-1
26,7,587.09,315.43,39.00,116.90,0.58,-1,-1,-1
27,1,566.67,322.99,52.25,133.55,0.88,-1,-1,-1
27,2,609.81,348.23,43.20,104.47,0.89,-1,-1,-1
27,3,719.03,329.84,60.52,131.63,0.90,-1,-1,-1
27,4,613.57,319.22,40.66,109.95,0.75,-1,-1,-1
27,5,658.47,333.60,34.11,119.51,0.88,-1,-1,-1
27,6,707.85,323.97,32.86,95.64,0.83,-1,-1,-1
27,7,586.81,315.96,38.27,117.97,0.50,-1,-1,-1
27,9,692.55,326.70,24.30,84.60,0.71,-1,-1,-1
28,1,564.85,322.17,53.94,134.06,0.89,-1,-1,-1
28,2,611.28,348.04,41.24,105.36,0.88,-1,-1,-1
28,3,721.30,329.70,58.19,132.45,0.88,-1,-1,-1
28,4,613.68,319.06,40.25,111.64,0.76,-1,-1,-1
28,5,658.56,333.62,34.13,119.22,0.87,-1,-1,-1
28,6,707.70,324.11,33.75,95.93,0.84,-1,-1,-1
28,7,584.95,316.64,40.41,120.65,0.67,-1,-1,-1
28,9,693.12,328.49,24.33,83.31,0.73,-1,-1,-1
29,1,568.36,322.15,50.95,132.30,0.90,-1,-1,-1
29,2,610.89,347.79,41.73,106.46,0.88,-1,-1,-1
29,3,721.43,329.65,58.39,132.87,0.89,-1,-1,-1
29,4,614.33,319.30,38.81,107.41,0.77,-1,-1,-1
29,5,658.52,333.19,34.70,121.05,0.87,-1,-1,-1
29,6,707.24,323.13,34.62,97.41,0.79,-1,-1,-1
29,7,584.03,317.34,41.11,121.21,0.62,-1,-1,-1
29,9,693.90,328.17,24.31,83.72,0.57,-1,-1,-1
30,1,569.95,321.80,49.25,131.79,0.89,-1,-1,-1
30,2,610.71,349.02,41.36,105.81,0.89,-1,-1,-1
30,3,721.26,330.04,58.54,133.33,0.89,-1,-1,-1
30,4,614.85,319.65,37.69,102.81,0.77,-1,-1,-1
30,5,658.22,332.99,34.96,120.98,0.87,-1,-1,-1
30,6,708.03,322.71,34.40,98.09,0.80,-1,-1,-1
30,7,583.91,317.23,42.02,123.37,0.69,-1,-1,-1
30,9,694.11,329.52,24.33,82.46,0.63,-1,-1,-1
31,1,569.76,321.08,49.86,131.52,0.86,-1,-1,-1
31,2,610.80,349.62,41.23,104.90,0.89,-1,-1,-1
31,3,722.49,330.47,58.57,134.02,0.90,-1,-1,-1
31,4,617.31,319.02,36.03,100.68,0.79,-1,-1,-1
31,5,658.83,332.60,35.05,122.97,0.87,-1,-1,-1
31,6,707.83,322.85,35.50,98.86,0.82,-1,-1,-1
31,7,584.35,316.72,40.56,121.12,0.61,-1,-1,-1
31,9,694.89,331.29,23.64,80.97,0.67,-1,-1,-1
32,1,569.24,320.61,50.70,132.01,0.88,-1,-1,-1
32,2,610.68,349.92,41.20,104.25,0.90,-1,-1,-1
32,3,723.07,330.27,57.38,134.85,0.90,-1,-1,-1
32,4,617.47,319.04,36.62,100.18,0.79,-1,-1,-1
32,5,658.89,332.70,35.09,122.50,0.88,-1,-1,-1
32,6,707.30,322.70,35.32,98.54,0.82,-1,-1,-1
32,7,584.69,316.15,40.58,121.13,0.68,-1,-1,-1
32,9,694.97,329.44,23.41,82.82,0.73,-1,-1,-1
33,1,568.79,321.19,50.99,131.78,0.87,-1,-1,-1
33,2,610.97,347.88,40.58,106.62,0.89,-1,-1,-1
33,3,723.50,329.27,56.28,136.51,0.91,-1,-1,-1
33,4,618.43,319.20,35.62,99.60,0.78,-1,-1,-1
33,5,659.48,332.42,35.08,121.89,0.88,-1,-1,-1
33,6,707.03,321.58,36.41,104.88,0.79,-1,-1,-1
33,7,584.87,315.03,40.56,121.02,0.62,-1,-1,-1
33,9,695.25,327.18,24.63,85.61,0.75,-1,-1,-1
34,1,569.51,321.75,49.92,129.67,0.84,-1,-1,-1
34,2,610.19,344.95,41.59,108.15,0.90,-1,-1,-1
34,3,723.43,327.47,55.88,138.68,0.90,-1,-1,-1
34,4,619.42,319.30,34.63,98.85,0.80,-1,-1,-1
34,5,660.05,331.78,35.08,122.31,0.88,-1,-1,-1
34,6,707.30,320.93,36.81,104.65,0.83,-1,-1,-1
34,7,586.16,314.03,38.75,118.35,0.68,-1,-1,-1
34,9,695.71,326.58,25.05,86.33,0.76,-1,-1,-1
35,1,566.69,321.56,52.56,131.32,0.88,-1,-1,-1
35,2,610.16,342.39,41.97,110.84,0.89,-1,-1,-1
35,3,723.67,327.14,56.35,138.63,0.83,-1,-1,-1
35,4,619.11,319.24,34.88,100.71,0.81,-1,-1,-1
35,5,659.92,330.70,36.28,123.68,0.89,-1,-1,-1
35,6,707.38,320.44,36.37,103.65,0.84,-1,-1,-1
35,7,584.46,312.34,41.12,122.20,0.72,-1,-1,-1
35,9,695.84,328.72,25.20,84.45,0.80,-1,-1,-1
36,1,566.52,322.02,52.29,131.33,0.87,-1,-1,-1
36,2,609.80,342.27,42.08,110.94,0.90,-1,-1,-1
36,3,723.66,327.60,56.48,138.10,0.88,-1,-1,-1
36,4,618.64,319.32,35.54,104.36,0.82,-1,-1,-1
36,5,660.39,330.55,36.09,124.46,0.89,-1,-1,-1
36,6,707.33,320.54,36.75,103.50,0.81,-1,-1,-1
36,7,583.82,311.97,41.32,123.89,0.75,-1,-1,-1
36,9,695.79,329.02,25.83,84.30,0.80,-1,-1,-1
37,1,568.69,321.85,49.86,132.62,0.87,-1,-1,-1
37,2,611.34,342.36,40.99,111.62,0.89,-1,-1,-1
37,3,723.59,328.31,56.61,137.95,0.90,-1,-1,-1
37,4,618.92,319.16,35.84,106.68,0.82,-1,-1,-1
37,5,661.07,330.31,36.67,125.71,0.88,-1,-1,-1
37,6,707.55,320.07,36.93,105.56,0.81,-1,-1,-1
37,7,584.03,311.64,42.05,124.00,0.80,-1,-1,-1
37,9,696.29,329.22,26.10,83.99,0.78,-1,-1,-1
38,1,570.98,321.58,47.07,132.94,0.85,-1,-1,-1
38,2,612.43,342.92,39.95,110.82,0.89,-1,-1,-1
38,3,723.31,327.44,56.63,138.75,0.89,-1,-1,-1
38,4,618.30,319.32,36.54,107.42,0.83,-1,-1,-1
38,5,661.44,330.14,36.86,126.60,0.87,-1,-1,-1
38,6,709.49,320.10,35.78,106.79,0.78,-1,-1,-1
38,7,583.74,311.63,42.89,124.47,0.81,-1,-1,-1
38,9,696.55,329.65,26.18,83.16,0.78,-1,-1,-1
39,1,567.54,321.86,51.00,134.02,0.87,-1,-1,-1
39,2,612.30,343.69,40.79,110.87,0.89,-1,-1,-1
39,3,723.36,327.68,57.82,139.43,0.88,-1,-1,-1
39,4,618.15,319.32,37.38,108.65,0.82,-1,-1,-1
39,5,661.99,330.33,36.91,128.80,0.88,-1,-1,-1
39,6,710.99,320.68,35.32,106.71,0.76,-1,-1,-1
39,7,584.30,311.84,42.00,123.84,0.80,-1,-1,-1
39,9,696.78,329.89,27.39,84.42,0.80,-1,-1,-1
40,1,566.11,322.32,52.91,134.44,0.87,-1,-1,-1
40,2,612.58,345.11,41.08,110.29,0.88,-1,-1,-1
40,3,724.01,327.41,58.25,140.73,0.84,-1,-1,-1
40,4,617.83,319.39,39.46,110.86,0.83,-1,-1,-1
40,5,662.22,330.49,36.90,129.62,0.88,-1,-1,-1
40,6,712.17,321.15,35.13,105.76,0.77,-1,-1,-1
40,7,584.87,312.59,41.62,122.39,0.80,-1,-1,-1
40,9,696.90,329.61,28.40,86.09,0.77,-1,-1,-1
41,1,564.73,322.28,55.48,135.52,0.88,-1,-1,-1
41,2,612.74,347.99,43.05,109.17,0.88,-1,-1,-1
41,3,723.15,327.52,59.06,141.82,0.88,-1,-1,-1
41,4,617.78,319.35,40.86,109.64,0.83,-1,-1,-1
41,5,662.67,331.67,36.94,130.23,0.87,-1,-1,-1
41,6,712.08,321.54,35.10,105.69,0.81,-1,-1,-1
41,7,586.03,313.41,40.92,119.46,0.73,-1,-1,-1
41,9,697.33,327.76,28.23,88.84,0.78,-1,-1,-1
42,1,564.34,322.81,55.83,135.54,0.89,-1,-1,-1
42,2,612.91,349.60,42.57,109.59,0.89,-1,-1,-1
42,3,721.96,327.81,59.92,142.41,0.74,-1,-1,-1
42,4,617.86,319.72,40.79,105.18,0.83,-1,-1,-1
42,5,662.91,332.22,36.93,130.49,0.87,-1,-1,-1
42,6,713.28,321.93,34.47,103.48,0.77,-1,-1,-1
42,7,587.81,313.82,38.82,115.86,0.72,-1,-1,-1
42,9,697.53,327.89,28.12,88.62,0.81,-1,-1,-1
43,1,564.43,322.54,55.99,136.49,0.89,-1,-1,-1
43,2,613.22,350.65,43.00,109.78,0.89,-1,-1,-1
43,3,722.41,327.76,60.27,143.12,0.87,-1,-1,-1
43,4,617.54,319.24,40.76,107.75,0.83,-1,-1,-1
43,5,662.36,332.87,38.14,129.86,0.86,-1,-1,-1
43,6,714.02,322.22,34.25,103.27,0.81,-1,-1,-1
43,7,589.95,315.33,36.83,113.99,0.58,-1,-1,-1
43,9,697.88,327.48,28.08,90.64,0.81,-1,-1,-1
44,1,564.44,322.81,56.02,136.50,0.90,-1,-1,-1
44,2,613.58,350.48,43.16,110.41,0.89,-1,-1,-1
44,3,721.30,328.10,60.98,143.46,0.90,-1,-1,-1
44,4,617.96,319.13,40.13,108.04,0.83,-1,-1,-1
44,5,662.97,333.01,37.99,130.46,0.86,-1,-1,-1
44,6,714.19,322.39,34.78,102.24,0.80,-1,-1,-1
44,7,590.36,316.12,36.12,112.68,0.64,-1,-1,-1
44,9,697.93,326.95,28.05,92.23,0.82,-1,-1,-1
45,1,564.50,324.10,56.64,134.76,0.91,-1,-1,-1
45,2,613.49,349.37,43.23,115.93,0.89,-1,-1,-1
45,3,721.31,328.83,61.26,144.24,0.92,-1,-1,-1
45,4,617.89,319.54,41.69,109.68,0.84,-1,-1,-1
45,5,662.69,332.93,40.93,131.45,0.88,-1,-1,-1
45,6,714.65,322.00,35.59,106.42,0.81,-1,-1,-1
45,7,591.46,316.85,35.89,116.84,0.69,-1,-1,-1
45,9,698.65,326.75,27.45,93.17,0.83,-1,-1,-1
46,1,564.26,325.20,57.41,131.83,0.90,-1,-1,-1
46,2,614.00,348.18,42.62,117.27,0.88,-1,-1,-1
46,3,722.05,328.63,60.72,144.64,0.91,-1,-1,-1
46,4,618.12,319.70,41.64,110.46,0.82,-1,-1,-1
46,5,662.49,332.88,40.82,132.12,0.88,-1,-1,-1
46,6,715.55,321.40,35.87,111.69,0.79,-1,-1,-1
46,7,592.44,316.82,35.80,117.95,0.65,-1,-1,-1
46,9,698.77,326.81,27.79,93.38,0.83,-1,-1,-1
47,1,564.46,326.55,56.56,129.05,0.91,-1,-1,-1
47,2,613.94,347.03,43.63,111.80,0.89,-1,-1,-1
47,3,723.68,328.75,59.95,145.36,0.92,-1,-1,-1
47,4,618.84,319.94,41.05,110.55,0.82,-1,-1,-1
47,5,662.50,332.31,40.79,133.08,0.89,-1,-1,-1
47,6,715.72,321.06,36.60,113.79,0.82,-1,-1,-1
47,7,594.62,316.67,34.60,118.80,0.65,-1,-1,-1
47,9,698.34,327.19,28.53,93.81,0.83,-1,-1,-1
47,10,658.80,328.95,22.50,57.15,0.74,-1,-1,-1
48,1,565.22,325.62,55.59,129.49,0.89,-1,-1,-1
48,2,613.95,346.07,44.59,109.87,0.89,-1,-1,-1
48,3,723.99,328.88,60.24,145.68,0.92,-1,-1,-1
48,4,619.46,319.98,40.20,111.10,0.82,-1,-1,-1
48,5,662.81,332.32,41.35,133.05,0.89,-1,-1,-1
48,6,716.36,320.43,36.87,113.62,0.80,-1,-1,-1
48,7,596.36,316.56,34.17,120.56,0.73,-1,-1,-1
48,9,697.88,327.28,29.40,93.60,0.83,-1,-1,-1
48,10,658.25,329.07,23.24,60.46,0.76,-1,-1,-1
49,1,565.10,324.16,55.83,130.30,0.89,-1,-1,-1
49,2,613.55,345.53,46.74,111.29,0.90,-1,-1,-1
49,3,724.32,328.44,60.96,146.86,0.92,-1,-1,-1
49,4,618.38,319.80,41.08,112.50,0.83,-1,-1,-1
49,5,663.71,331.38,40.97,133.65,0.88,-1,-1,-1
49,6,716.20,319.55,38.16,118.28,0.76,-1,-1,-1
49,7,595.94,314.83,35.27,122.13,0.73,-1,-1,-1
49,9,697.90,328.01,28.55,91.44,0.83,-1,-1,-1
49,10,656.40,329.26,24.76,64.19,0.77,-1,-1,-1
50,1,565.05,323.06,55.89,131.55,0.91,-1,-1,-1
50,2,613.39,344.94,48.12,113.34,0.90,-1,-1,-1
50,3,724.76,328.05,61.20,147.61,0.92,-1,-1,-1
50,4,618.87,319.79,40.79,111.26,0.82,-1,-1,-1
50,5,664.07,331.25,41.38,133.44,0.89,-1,-1,-1
50,6,715.86,319.31,39.80,124.42,0.77,-1,-1,-1
50,7,596.36,314.08,35.06,122.46,0.76,-1,-1,-1
50,9,697.32,328.23,28.79,91.21,0.81,-1,-1,-1
50,10,655.36,329.31,24.60,65.49,0.82,-1,-1,-1
51,1,565.13,322.73,56.47,132.30,0.91,-1,-1,-1
51,2,614.57,344.36,47.43,112.60,0.89,-1,-1,-1
51,3,725.55,327.57,60.64,148.59,0.92,-1,-1,-1
51,4,621.23,319.87,38.24,106.55,0.80,-1,-1,-1
51,5,664.25,330.71,41.48,133.30,0.89,-1,-1,-1
51,6,716.04,319.04,40.38,125.56,0.78,-1,-1,-1
51,7,595.95,313.00,36.17,123.41,0.73,-1,-1,-1
51,9,697.44,327.96,28.25,91.69,0.81,-1,-1,-1
51,10,655.09,329.53,24.47,64.78,0.76,-1,-1,-1
52,1,565.75,322.48,55.51,132.48,0.91,-1,-1,-1
52,2,614.70,343.70,47.75,111.62,0.89,-1,-1,-1
52,3,726.64,326.45,59.85,150.15,0.92,-1,-1,-1
52,4,622.38,319.76,36.67,104.05,0.80,-1,-1,-1
52,5,663.94,330.49,42.14,134.17,0.88,-1,-1,-1
52,6,715.70,318.46,41.21,125.83,0.79,-1,-1,-1
52,7,595.16,312.31,37.81,124.57,0.78,-1,-1,-1
52,9,697.41,327.82,28.06,90.90,0.80,-1,-1,-1
52,10,654.33,329.10,25.71,66.66,0.77,-1,-1,-1
53,1,566.25,322.46,56.31,133.76,0.91,-1,-1,-1
53,2,614.69,343.69,47.84,110.94,0.90,-1,-1,-1
53,3,726.99,325.23,60.73,151.91,0.93,-1,-1,-1
53,4,622.44,319.95,35.49,98.90,0.80,-1,-1,-1
53,5,664.07,330.19,41.76,133.60,0.89,-1,-1,-1
53,6,713.17,318.05,43.84,126.74,0.84,-1,-1,-1
53,7,595.69,312.12,37.82,125.00,0.79,-1,-1,-1
53,9,697.95,327.55,27.97,92.69,0.78,-1,-1,-1
53,10,653.43,329.17,26.12,68.21,0.76,-1,-1,-1
54,1,567.09,322.66,56.66,134.67,0.89,-1,-1,-1
54,2,615.09,344.23,47.91,110.20,0.90,-1,-1,-1
54,3,727.04,325.73,61.71,151.51,0.92,-1,-1,-1
54,4,623.47,320.23,33.88,93.11,0.79,-1,-1,-1
54,5,663.98,330.16,42.24,133.50,0.90,-1,-1,-1
54,6,712.42,318.11,44.87,126.88,0.81,-1,-1,-1
54,7,596.26,312.41,37.86,123.19,0.76,-1,-1,-1
54,9,698.65,327.67,27.36,93.15,0.75,-1,-1,-1
54,10,652.96,329.09,26.27,69.71,0.76,-1,-1,-1
55,1,567.29,323.16,56.77,135.82,0.90,-1,-1,-1
55,2,614.80,346.50,48.50,108.05,0.90,-1,-1,-1
55,3,727.13,327.97,62.05,151.23,0.85,-1,-1,-1
55,4,623.69,320.14,33.30,91.33,0.79,-1,-1,-1
55,5,663.76,330.11,42.40,133.96,0.90,-1,-1,-1
55,6,712.20,318.23,45.24,126.79,0.76,-1,-1,-1
55,7,596.92,312.80,37.26,120.60,0.77,-1,-1,-1
55,9,699.32,328.56,27.12,92.95,0.79,-1,-1,-1
55,10,652.35,329.00,26.30,70.47,0.75,-1,-1,-1
56,1,567.82,323.18,56.21,136.63,0.91,-1,-1,-1
56,2,615.16,346.60,48.13,108.84,0.90,-1,-1,-1
56,3,727.40,328.84,62.79,152.23,0.90,-1,-1,-1
56,4,623.62,320.40,33.13,90.81,0.79,-1,-1,-1
56,5,663.60,330.69,43.05,134.06,0.90,-1,-1,-1
56,6,714.42,318.44,44.19,133.61,0.70,-1,-1,-1
56,7,597.63,313.08,36.44,120.00,0.75,-1,-1,-1
56,9,699.79,329.20,26.43,91.73,0.75,-1,-1,-1
56,10,652.96,328.80,25.69,70.75,0.76,-1,-1,-1
57,1,568.31,323.45,55.40,137.17,0.89,-1,-1,-1
57,2,615.29,347.64,47.37,110.60,0.89,-1,-1,-1
57,3,726.85,329.85,64.84,152.37,0.90,-1,-1,-1
57,4,623.87,320.75,33.09,92.50,0.81,-1,-1,-1
57,5,663.80,331.01,43.29,135.08,0.89,-1,-1,-1
57,6,714.65,318.32,43.75,133.18,0.77,-1,-1,-1
57,7,597.56,313.76,36.14,122.15,0.73,-1,-1,-1
57,9,700.83,329.08,26.18,93.32,0.73,-1,-1,-1
57,10,652.88,328.96,26.05,71.07,0.82,-1,-1,-1
58,1,569.08,323.28,55.08,137.77,0.88,-1,-1,-1
58,2,615.03,349.13,47.07,109.27,0.90,-1,-1,-1
58,3,726.44,329.72,66.20,154.62,0.90,-1,-1,-1
58,4,623.36,320.47,33.70,93.23,0.80,-1,-1,-1
58,5,663.92,331.21,43.36,135.87,0.89,-1,-1,-1
58,6,715.72,318.66,44.15,138.94,0.69,-1,-1,-1
58,7,597.82,314.35,36.01,121.85,0.68,-1,-1,-1
58,9,700.97,328.67,26.69,95.17,0.71,-1,-1,-1
58,10,652.91,329.08,26.17,71.21,0.83,-1,-1,-1
59,1,574.20,324.54,50.20,137.29,0.89,-1,-1,-1
59,2,614.38,349.97,47.60,109.08,0.89,-1,-1,-1
59,3,727.25,329.31,66.76,156.68,0.91,-1,-1,-1
59,4,622.60,320.64,35.18,94.47,0.81,-1,-1,-1
59,5,662.84,331.55,45.21,136.77,0.86,-1,-1,-1
59,6,715.31,319.47,45.52,137.03,0.80,-1,-1,-1
59,7,598.54,315.90,36.02,118.77,0.75,-1,-1,-1
59,9,700.49,328.47,28.11,98.26,0.69,-1,-1,-1
59,10,652.69,329.09,25.63,71.53,0.83,-1,-1,-1
60,1,575.22,324.23,50.15,137.70,0.89,-1,-1,-1
60,2,614.73,350.06,47.14,110.13,0.89,-1,-1,-1
60,3,728.34,329.40,66.89,157.30,0.92,-1,-1,-1
60,4,622.31,320.51,35.70,96.09,0.81,-1,-1,-1
60,5,662.39,331.33,45.26,137.29,0.89,-1,-1,-1
60,6,716.53,319.17,44.80,136.95,0.81,-1,-1,-1
60,7,598.20,316.14,36.58,120.52,0.74,-1,-1,-1
60,9,700.53,327.91,28.61,99.34,0.75,-1,-1,-1
60,10,652.58,329.04,25.39,71.56,0.83,-1,-1,-1
61,1,578.15,323.58,48.29,137.62,0.84,-1,-1,-1
61,2,615.55,349.35,46.33,111.25,0.89,-1,-1,-1
61,3,728.35,328.25,68.05,159.32,0.91,-1,-1,-1
61,4,621.96,320.22,36.47,99.86,0.81,-1,-1,-1
61,5,661.92,330.98,45.23,139.93,0.89,-1,-1,-1
61,6,716.32,318.20,45.07,141.37,0.80,-1,-1,-1
61,7,599.06,316.45,36.19,117.98,0.72,-1,-1,-1
61,9,700.47,326.67,29.97,101.63,0.65,-1,-1,-1
61,10,652.29,328.75,25.28,71.42,0.83,-1,-1,-1
62,1,581.17,323.50,46.51,134.89,0.82,-1,-1,-1
62,2,616.68,349.43,45.53,111.75,0.90,-1,-1,-1
62,3,730.89,327.98,67.46,160.99,0.92,-1,-1,-1
62,4,621.77,320.26,37.45,103.26,0.81,-1,-1,-1
62,5,662.67,331.02,44.73,141.21,0.89,-1,-1,-1
62,6,716.68,317.38,45.27,143.59,0.82,-1,-1,-1
62,7,600.76,316.85,34.32,109.12,0.68,-1,-1,-1
62,9,700.87,326.21,31.14,102.40,0.74,-1,-1,-1
62,10,652.19,328.82,25.90,71.79,0.82,-1,-1,-1
63,1,579.40,322.05,50.13,135.83,0.82,-1,-1,-1
63,2,617.65,348.63,44.50,113.36,0.89,-1,-1,-1
63,3,731.70,327.75,68.81,162.37,0.92,-1,-1,-1
63,4,621.65,320.53,38.31,107.14,0.77,-1,-1,-1
63,5,661.97,331.17,44.98,142.75,0.89,-1,-1,-1
63,6,716.08,317.26,46.98,141.03,0.84,-1,-1,-1
63,7,599.19,316.48,36.59,112.86,0.53,-1,-1,-1
63,9,701.19,328.13,31.50,100.51,0.76,-1,-1,-1
63,10,652.09,328.36,24.86,73.35,0.80,-1,-1,-1
64,1,580.74,320.10,49.73,138.11,0.84,-1,-1,-1
64,2,618.52,347.83,43.64,113.30,0.89,-1,-1,-1
64,3,734.68,327.37,67.71,162.98,0.92,-1,-1,-1
64,4,622.10,320.39,38.15,108.11,0.78,-1,-1,-1
64,5,661.97,330.97,45.20,142.83,0.89,-1,-1,-1
64,6,716.44,316.32,47.75,138.57,0.85,-1,-1,-1
64,7,597.66,316.57,39.84,121.78,0.65,-1,-1,-1
64,9,702.17,327.55,31.13,101.92,0.75,-1,-1,-1
64,10,652.00,327.94,24.53,73.68,0.80,-1,-1,-1
65,1,582.83,318.93,49.47,137.63,0.83,-1,-1,-1
65,2,619.49,347.95,42.62,112.86,0.87,-1,-1,-1
65,3,736.94,326.83,67.11,164.80,0.91,-1,-1,-1
65,4,623.54,320.80,35.60,100.08,0.71,-1,-1,-1
65,5,661.68,330.47,45.16,145.37,0.90,-1,-1,-1
65,6,716.53,315.13,48.51,138.64,0.86,-1,-1,-1
65,7,596.57,316.02,42.16,124.98,0.51,-1,-1,-1
65,9,703.71,328.40,31.49,101.44,0.76,-1,-1,-1
65,10,652.01,327.95,24.35,73.40,0.80,-1,-1,-1
66,1,583.07,320.29,48.21,136.58,0.88,-1,-1,-1
66,2,620.57,349.04,42.29,110.91,0.89,-1,-1,-1
66,3,737.92,326.02,69.31,166.67,0.91,-1,-1,-1
66,4,625.12,320.95,34.64,101.80,0.60,-1,-1,-1
66,5,662.02,329.82,45.17,146.49,0.90,-1,-1,-1
66,6,718.20,313.92,47.63,139.57,0.86,-1,-1,-1
66,7,598.87,314.74,40.20,126.85,0.69,-1,-1,-1
66,9,705.32,326.02,31.63,105.43,0.67,-1,-1,-1
66,10,652.46,327.94,23.70,73.59,0.77,-1,-1,-1
67,1,583.87,321.51,47.69,134.89,0.88,-1,-1,-1
67,2,621.38,348.61,41.52,111.31,0.90,-1,-1,-1
67,3,738.31,325.99,71.21,167.40,0.91,-1,-1,-1
67,4,627.36,321.24,31.80,96.38,0.59,-1,-1,-1
67,5,661.96,329.67,45.09,147.38,0.90,-1,-1,-1
67,6,720.10,313.30,46.59,140.41,0.86,-1,-1,-1
67,7,599.05,314.05,39.89,128.65,0.65,-1,-1,-1
67,9,705.40,323.93,32.22,107.43,0.76,-1,-1,-1
67,10,652.45,327.88,23.42,74.79,0.77,-1,-1,-1
68,1,581.57,320.81,50.59,136.75,0.92,-1,-1,-1
68,2,622.48,349.26,40.67,111.24,0.89,-1,-1,-1
68,3,740.77,326.31,69.61,168.64,0.93,-1,-1,-1
68,4,629.95,321.83,30.79,93.73,0.56,-1,-1,-1
68,5,661.57,329.82,45.09,145.85,0.91,-1,-1,-1
68,6,722.58,313.86,47.42,142.87,0.85,-1,-1,-1
68,7,601.08,313.66,38.60,127.03,0.74,-1,-1,-1
68,9,706.26,323.16,34.22,109.12,0.85,-1,-1,-1
68,10,652.99,328.20,23.35,72.00,0.72,-1,-1,-1
69,1,581.18,321.19,51.64,137.42,0.92,-1,-1,-1
69,2,623.00,351.79,40.38,109.08,0.90,-1,-1,-1
69,3,742.10,326.78,71.34,169.32,0.93,-1,-1,-1
69,4,631.59,322.54,29.84,88.19,0.64,-1,-1,-1
69,5,661.57,330.06,45.68,146.24,0.90,-1,-1,-1
69,6,723.60,314.28,47.72,143.74,0.86,-1,-1,-1
69,7,600.17,314.46,40.52,128.11,0.45,-1,-1,-1
69,9,707.29,322.47,34.98,110.89,0.83,-1,-1,-1
69,10,653.94,328.96,22.72,72.09,0.73,-1,-1,-1
70,1,581.71,322.42,51.46,137.39,0.88,-1,-1,-1
70,2,623.28,349.88,40.91,112.36,0.88,-1,-1,-1
70,3,744.19,327.29,71.99,171.04,0.93,-1,-1,-1
70,4,633.80,323.13,27.67,83.40,0.32,-1,-1,-1
70,5,660.80,330.19,46.50,146.97,0.90,-1,-1,-1
70,6,723.50,314.49,49.61,147.90,0.86,-1,-1,-1
70,7,602.62,314.79,35.93,112.17,0.35,-1,-1,-1
70,9,708.40,323.14,35.26,110.95,0.82,-1,-1,-1
70,10,654.41,329.57,22.50,70.32,0.63,-1,-1,-1
71,1,584.35,323.69,48.90,137.31,0.84,-1,-1,-1
71,2,623.70,349.56,40.44,114.40,0.87,-1,-1,-1
71,3,745.48,327.77,72.09,172.60,0.93,-1,-1,-1
71,4,634.27,323.25,28.16,82.97,0.41,-1,-1,-1
71,5,660.22,330.49,46.71,148.18,0.90,-1,-1,-1
71,6,723.11,314.73,50.81,149.35,0.87,-1,-1,-1
71,9,708.18,323.26,37.05,111.74,0.83,-1,-1,-1
71,10,654.60,330.19,21.77,69.90,0.67,-1,-1,-1
72,1,582.49,325.56,50.98,137.07,0.89,-1,-1,-1
72,2,623.76,347.80,41.49,119.75,0.85,-1,-1,-1
72,3,746.72,328.57,72.69,174.31,0.92,-1,-1,-1
72,4,634.95,323.30,28.33,83.18,0.58,-1,-1,-1
72,5,659.63,331.06,46.77,147.55,0.90,-1,-1,-1
72,6,723.43,315.13,53.01,151.30,0.88,-1,-1,-1
72,9,708.56,323.77,36.53,111.71,0.83,-1,-1,-1
72,10,654.91,330.88,22.13,69.43,0.73,-1,-1,-1
73,1,582.46,326.45,51.82,137.47,0.90,-1,-1,-1
73,2,624.13,347.61,42.57,119.29,0.86,-1,-1,-1
73,3,749.03,328.67,72.44,175.97,0.93,-1,-1,-1
73,4,635.52,322.90,27.87,83.64,0.64,-1,-1,-1
73,5,659.49,331.44,46.90,147.46,0.90,-1,-1,-1
73,6,724.21,314.81,55.11,157.21,0.87,-1,-1,-1
73,9,708.78,324.10,35.80,111.97,0.75,-1,-1,-1
73,10,655.07,330.39,22.32,67.16,0.72,-1,-1,-1
74,1,582.91,326.62,50.41,138.23,0.89,-1,-1,-1
74,2,625.08,348.62,41.24,119.66,0.88,-1,-1,-1
74,3,751.44,329.31,71.80,177.36,0.93,-1,-1,-1
74,4,635.33,322.61,28.36,86.39,0.62,-1,-1,-1
74,5,658.23,331.90,47.58,146.97,0.90,-1,-1,-1
74,6,725.71,315.42,54.81,153.90,0.88,-1,-1,-1
74,9,709.78,323.50,35.53,113.95,0.81,-1,-1,-1
74,10,655.10,330.68,21.82,64.26,0.67,-1,-1,-1
75,1,583.13,327.32,49.74,137.79,0.89,-1,-1,-1
75,2,626.00,350.21,40.64,119.08,0.88,-1,-1,-1
75,3,752.61,329.32,71.38,178.22,0.94,-1,-1,-1
75,4,634.88,322.26,29.10,89.66,0.60,-1,-1,-1
75,5,657.67,332.27,46.53,146.48,0.90,-1,-1,-1
75,6,726.34,315.61,54.51,150.67,0.88,-1,-1,-1
75,9,710.83,323.34,34.14,112.96,0.78,-1,-1,-1
75,10,655.33,330.68,21.59,63.40,0.63,-1,-1,-1
75,7,612.55,316.82,31.84,106.41,0.62,-1,-1,-1
76,1,582.64,326.88,50.73,139.07,0.89,-1,-1,-1
76,2,626.10,350.15,40.44,119.67,0.85,-1,-1,-1
76,3,753.78,329.25,71.85,179.98,0.94,-1,-1,-1
76,4,634.48,322.04,29.40,91.87,0.62,-1,-1,-1
76,5,656.69,332.47,46.74,146.70,0.91,-1,-1,-1
76,6,727.33,316.19,54.40,149.68,0.88,-1,-1,-1
76,9,710.76,322.92,35.43,116.20,0.80,-1,-1,-1
76,10,655.22,330.89,22.13,62.86,0.62,-1,-1,-1
76,7,615.05,317.43,30.19,104.98,0.62,-1,-1,-1
77,1,582.40,326.29,51.07,140.04,0.89,-1,-1,-1
77,2,626.03,348.49,40.36,121.87,0.85,-1,-1,-1
77,3,753.98,329.23,72.58,181.49,0.94,-1,-1,-1
77,4,633.61,321.84,30.11,92.94,0.61,-1,-1,-1
77,5,656.23,332.26,46.80,147.71,0.91,-1,-1,-1
77,6,727.21,316.15,56.09,149.00,0.88,-1,-1,-1
77,9,711.15,324.69,35.29,108.74,0.76,-1,-1,-1
77,10,655.66,330.99,21.72,60.81,0.59,-1,-1,-1
77,7,615.72,317.82,30.94,105.97,0.58,-1,-1,-1
77,11,102.49,322.87,20.14,49.05,0.72,-1,-1,-1
78,1,582.91,326.02,51.23,140.11,0.87,-1,-1,-1
78,2,625.72,347.83,41.57,120.01,0.84,-1,-1,-1
78,3,754.65,329.16,73.47,182.03,0.94,-1,-1,-1
78,4,633.60,321.88,30.39,93.65,0.60,-1,-1,-1
78,5,655.81,331.84,46.84,148.38,0.91,-1,-1,-1
78,6,728.07,315.78,57.91,149.33,0.89,-1,-1,-1
78,9,711.33,324.32,36.43,113.69,0.80,-1,-1,-1
78,10,655.25,330.54,22.19,61.96,0.60,-1,-1,-1
78,7,616.56,318.24,32.43,107.23,0.70,-1,-1,-1
79,1,582.10,325.80,52.53,141.34,0.85,-1,-1,-1
79,2,625.53,347.36,42.06,119.42,0.81,-1,-1,-1
79,3,755.55,328.89,73.88,183.60,0.94,-1,-1,-1
79,4,633.83,321.78,30.54,95.52,0.60,-1,-1,-1
79,5,656.25,331.57,46.29,149.26,0.91,-1,-1,-1
79,6,729.34,315.68,58.06,150.22,0.89,-1,-1,-1
79,9,711.73,324.36,36.89,114.10,0.79,-1,-1,-1
79,10,655.38,330.26,22.39,63.06,0.59,-1,-1,-1
79,7,617.36,318.44,33.62,107.24,0.74,-1,-1,-1
80,1,581.63,325.03,53.58,142.80,0.89,-1,-1,-1
80,2,626.43,346.47,41.64,121.72,0.81,-1,-1,-1
80,3,755.78,328.36,74.56,185.68,0.94,-1,-1,-1
80,4,634.28,321.80,29.98,92.84,0.59,-1,-1,-1
80,5,655.60,331.07,46.66,149.97,0.90,-1,-1,-1
80,6,730.65,315.53,55.69,150.64,0.88,-1,-1,-1
80,9,711.55,324.28,37.03,115.86,0.82,-1,-1,-1
80,10,655.18,329.45,22.45,63.11,0.65,-1,-1,-1
80,7,617.71,318.29,34.06,108.60,0.73,-1,-1,-1
81,1,581.71,323.64,53.98,142.54,0.89,-1,-1,-1
81,2,627.96,347.59,40.88,121.60,0.82,-1,-1,-1
81,3,756.19,327.69,75.42,188.62,0.94,-1,-1,-1
81,4,634.45,321.92,29.78,93.05,0.54,-1,-1,-1
81,5,655.38,331.14,46.80,151.36,0.89,-1,-1,-1
81,6,732.69,315.60,54.74,151.17,0.88,-1,-1,-1
81,9,711.80,324.66,37.08,117.46,0.82,-1,-1,-1
81,10,655.41,328.96,22.48,64.40,0.58,-1,-1,-1
81,7,617.79,317.74,34.82,110.07,0.74,-1,-1,-1
82,1,582.05,322.56,53.54,142.80,0.88,-1,-1,-1
82,2,628.54,350.93,40.60,117.27,0.83,-1,-1,-1
82,3,755.81,327.21,76.93,190.38,0.93,-1,-1,-1
82,4,634.23,322.31,30.31,92.87,0.52,-1,-1,-1
82,5,655.37,331.37,46.26,153.00,0.89,-1,-1,-1
82,6,733.81,314.49,56.18,154.42,0.88,-1,-1,-1
82,9,710.78,323.83,38.28,120.47,0.85,-1,-1,-1
82,10,655.85,328.83,22.50,62.83,0.49,-1,-1,-1
82,7,617.52,316.39,35.70,114.54,0.77,-1,-1,-1
83,1,580.29,322.25,55.09,143.15,0.89,-1,-1,-1
83,2,627.72,351.39,41.67,117.07,0.80,-1,-1,-1
83,3,756.67,327.17,76.81,191.56,0.94,-1,-1,-1
83,4,633.44,322.42,32.26,97.87,0.53,-1,-1,-1
83,5,653.76,331.43,47.19,153.41,0.89,-1,-1,-1
83,6,734.36,314.06,56.04,155.74,0.89,-1,-1,-1
83,9,711.12,323.94,38.67,121.86,0.86,-1,-1,-1
83,10,655.59,329.04,23.08,62.83,0.41,-1,-1,-1
83,7,617.28,315.84,35.97,115.31,0.78,-1,-1,-1
83,12,580.50,325.80,34.20,90.90,0.71,-1,-1,-1
84,1,579.05,322.12,56.26,142.60,0.89,-1,-1,-1
84,2,628.29,349.24,40.29,117.41,0.80,-1,-1,-1
84,3,756.01,326.50,78.54,194.21,0.93,-1,-1,-1
84,4,632.82,323.00,34.16,104.65,0.60,-1,-1,-1
84,5,653.15,331.40,47.55,155.25,0.90,-1,-1,-1
84,6,734.18,312.81,58.38,159.84,0.88,-1,-1,-1
84,9,710.61,324.22,39.41,121.99,0.86,-1,-1,-1
84,10,655.47,328.93,23.30,64.32,0.36,-1,-1,-1
84,7,617.14,315.16,36.68,119.36,0.78,-1,-1,-1
84,12,579.73,325.90,34.22,88.49,0.67,-1,-1,-1
85,1,578.89,322.47,56.14,142.83,0.90,-1,-1,-1
85,2,627.65,350.38,40.38,116.45,0.79,-1,-1,-1
85,3,756.51,326.83,79.81,197.01,0.93,-1,-1,-1
85,4,631.77,322.92,35.49,107.65,0.59,-1,-1,-1
85,5,652.13,331.96,48.30,156.53,0.90,-1,-1,-1
85,6,735.14,312.02,59.27,164.04,0.87,-1,-1,-1
85,9,710.26,324.76,39.70,121.84,0.86,-1,-1,-1
85,10,655.51,329.16,23.40,64.65,0.39,-1,-1,-1
85,7,617.12,315.02,36.95,118.65,0.77,-1,-1,-1
85,12,578.88,326.18,34.24,87.39,0.70,-1,-1,-1
86,1,577.96,322.47,57.23,142.98,0.87,-1,-1,-1
86,2,629.21,331.79,38.59,111.67,0.60,-1,-1,-1
86,3,756.31,326.68,80.81,199.98,0.93,-1,-1,-1
86,4,628.44,324.94,40.61,129.99,0.71,-1,-1,-1
86,5,651.15,332.02,49.14,158.24,0.90,-1,-1,-1
86,6,735.12,312.49,60.14,166.26,0.85,-1,-1,-1
86,9,710.07,324.53,40.36,123.45,0.86,-1,-1,-1
86,10,655.20,329.11,23.41,66.84,0.36,-1,-1,-1
86,7,616.50,314.99,37.61,122.11,0.78,-1,-1,-1
86,12,578.62,326.36,34.22,90.83,0.72,-1,-1,-1
87,1,577.33,322.30,57.69,144.47,0.87,-1,-1,-1
87,2,630.14,324.93,37.35,109.65,0.55,-1,-1,-1
87,3,756.35,326.73,81.85,202.23,0.93,-1,-1,-1
87,4,626.65,325.94,43.16,139.84,0.71,-1,-1,-1
87,5,650.57,331.87,49.51,161.20,0.89,-1,-1,-1
87,6,736.10,312.77,61.11,169.10,0.85,-1,-1,-1
87,9,709.81,323.36,40.64,125.61,0.86,-1,-1,-1
87,10,655.15,329.21,23.44,67.41,0.42,-1,-1,-1
87,7,616.57,314.80,37.89,124.06,0.78,-1,-1,-1
87,12,578.57,326.21,34.23,90.26,0.72,-1,-1,-1
88,1,577.16,323.69,57.75,146.00,0.87,-1,-1,-1
88,2,630.44,323.09,36.87,110.30,0.15,-1,-1,-1
88,3,756.42,328.18,82.68,202.11,0.93,-1,-1,-1
88,4,627.32,324.04,42.97,142.85,0.73,-1,-1,-1
88,5,647.34,331.76,52.53,162.32,0.88,-1,-1,-1
88,6,734.78,311.84,64.31,173.53,0.87,-1,-1,-1
88,9,709.56,323.31,42.44,123.82,0.87,-1,-1,-1
88,10,654.77,329.19,23.41,67.51,0.34,-1,-1,-1
88,7,615.69,314.86,38.51,128.70,0.81,-1,-1,-1
88,12,578.29,326.10,34.19,90.20,0.76,-1,-1,-1
88,13,146.47,320.62,25.43,46.80,0.71,-1,-1,-1
89,1,581.25,324.21,53.65,141.36,0.80,-1,-1,-1
89,2,630.25,331.59,40.40,120.61,0.43,-1,-1,-1
89,3,757.47,328.90,82.45,204.42,0.93,-1,-1,-1
89,4,628.24,323.11,39.99,131.24,0.61,-1,-1,-1
89,5,647.07,332.02,52.54,162.59,0.89,-1,-1,-1
89,6,734.98,311.34,65.56,174.62,0.87,-1,-1,-1
89,9,709.57,323.17,43.15,124.41,0.87,-1,-1,-1
89,10,654.98,329.35,22.83,65.53,0.32,-1,-1,-1
89,7,615.66,315.19,38.77,129.97,0.81,-1,-1,-1
89,12,578.50,325.91,33.56,90.87,0.75,-1,-1,-1
90,1,581.08,324.87,53.86,145.42,0.86,-1,-1,-1
90,2,629.64,339.94,43.99,124.94,0.31,-1,-1,-1
90,3,757.59,329.17,83.50,205.21,0.93,-1,-1,-1
90,4,628.99,322.55,38.14,124.05,0.48,-1,-1,-1
90,5,645.58,331.82,54.27,163.51,0.86,-1,-1,-1
90,6,735.08,310.57,67.76,177.00,0.88,-1,-1,-1
90,9,709.33,321.92,45.15,126.66,0.87,-1,-1,-1
90,10,655.42,329.71,21.99,61.13,0.29,-1,-1,-1
90,7,615.40,315.91,40.62,132.43,0.80,-1,-1,-1
90,12,577.68,326.00,34.60,94.50,0.76,-1,-1,-1
91,1,582.06,324.94,52.75,145.34,0.86,-1,-1,-1
91,2,626.01,330.91,45.97,134.96,0.22,-1,-1,-1
91,3,758.71,327.95,83.30,207.79,0.93,-1,-1,-1
91,4,630.26,322.01,35.06,108.75,0.48,-1,-1,-1
91,5,643.63,331.67,56.69,164.16,0.86,-1,-1,-1
91,6,735.31,309.88,68.01,179.04,0.88,-1,-1,-1
91,9,708.89,320.91,45.34,129.38,0.87,-1,-1,-1
91,10,655.65,329.50,21.08,59.39,0.28,-1,-1,-1
91,7,615.08,316.44,41.34,133.12,0.79,-1,-1,-1
91,12,576.64,325.72,34.98,95.05,0.73,-1,-1,-1
92,1,581.96,325.13,52.91,144.48,0.85,-1,-1,-1
92,2,627.02,333.69,45.55,136.53,0.32,-1,-1,-1
92,3,759.64,327.13,83.74,210.90,0.93,-1,-1,-1
92,4,632.15,322.16,32.62,99.48,0.32,-1,-1,-1
92,5,643.94,331.36,56.41,165.52,0.88,-1,-1,-1
92,6,734.72,309.72,69.20,181.77,0.90,-1,-1,-1
92,9,709.23,320.90,45.94,130.74,0.87,-1,-1,-1
92,10,655.28,329.46,21.36,60.05,0.22,-1,-1,-1
92,7,615.69,316.53,40.97,132.81,0.79,-1,-1,-1
92,12,574.87,322.77,36.92,106.49,0.61,-1,-1,-1
92,14,137.14,318.15,25.88,49.95,0.71,-1,-1,-1
93,1,580.10,325.34,55.39,143.10,0.86,-1,-1,-1
93,2,626.54,336.46,45.96,134.59,0.32,-1,-1,-1
93,3,761.47,325.90,83.31,213.23,0.93,-1,-1,-1
93,4,632.83,322.04,31.14,94.70,0.35,-1,-1,-1
93,5,643.82,331.07,56.85,166.75,0.88,-1,-1,-1
93,6,737.42,309.04,66.69,185.42,0.88,-1,-1,-1
93,9,709.66,320.44,45.56,131.83,0.87,-1,-1,-1
93,10,655.45,329.57,20.86,59.41,0.23,-1,-1,-1
93,7,615.93,316.85,40.22,132.34,0.78,-1,-1,-1
93,12,573.92,320.93,37.63,110.65,0.62,-1,-1,-1
93,14,137.29,318.99,23.91,46.41,0.64,-1,-1,-1
94,1,581.17,324.80,55.13,141.67,0.87,-1,-1,-1
94,2,624.88,327.22,44.92,133.59,0.46,-1,-1,-1
94,3,763.32,324.39,83.13,216.24,0.92,-1,-1,-1
94,4,632.43,321.38,31.25,98.42,0.42,-1,-1,-1
94,5,642.03,330.82,58.77,168.20,0.87,-1,-1,-1
94,6,737.55,308.79,67.46,187.89,0.88,-1,-1,-1
94,9,709.81,319.53,47.17,134.85,0.87,-1,-1,-1
94,10,654.90,329.16,21.29,62.53,0.11,-1,-1,-1
94,7,615.40,316.97,39.33,131.80,0.78,-1,-1,-1
94,12,572.98,320.95,37.89,109.29,0.70,-1,-1,-1
94,14,134.99,318.28,25.84,48.90,0.32,-1,-1,-1
95,1,582.62,324.80,54.45,134.76,0.85,-1,-1,-1
95,2,625.29,326.60,44.52,129.39,0.35,-1,-1,-1
95,3,765.12,323.59,83.07,218.93,0.92,-1,-1,-1
95,4,632.74,321.49,31.31,99.17,0.40,-1,-1,-1
95,5,640.66,330.49,60.67,169.11,0.85,-1,-1,-1
95,6,737.81,308.61,68.35,190.51,0.87,-1,-1,-1
95,9,710.08,319.69,47.78,135.75,0.87,-1,-1,-1
95,10,655.16,328.91,20.86,61.93,0.11,-1,-1,-1
95,7,615.34,317.06,39.59,131.33,0.76,-1,-1,-1
95,12,572.46,320.89,37.99,110.16,0.80,-1,-1,-1
95,14,132.89,316.52,25.60,50.04,0.37,-1,-1,-1
96,1,586.81,323.72,51.05,136.70,0.81,-1,-1,-1
96,2,626.64,335.78,43.65,126.29,0.40,-1,-1,-1
96,3,765.06,321.52,84.04,221.52,0.92,-1,-1,-1
96,4,634.08,322.04,29.44,96.41,0.44,-1,-1,-1
96,5,642.47,329.95,57.72,169.94,0.84,-1,-1,-1
96,6,737.80,308.11,69.08,195.87,0.86,-1,-1,-1
96,9,709.52,318.70,49.05,138.02,0.87,-1,-1,-1
96,7,615.63,317.15,37.79,126.88,0.66,-1,-1,-1
96,12,571.73,321.65,36.72,108.87,0.82,-1,-1,-1
97,1,589.09,323.18,49.29,135.37,0.81,-1,-1,-1
97,3,765.83,319.27,84.60,224.33,0.92,-1,-1,-1
97,4,634.70,321.75,28.85,97.91,0.45,-1,-1,-1
97,5,642.20,329.71,58.47,171.33,0.83,-1,-1,-1
97,6,738.28,307.20,68.93,201.63,0.88,-1,-1,-1
97,9,710.37,318.36,48.47,138.64,0.87,-1,-1,-1
97,7,615.85,316.22,37.21,127.01,0.70,-1,-1,-1
97,12,570.97,322.09,36.32,105.37,0.83,-1,-1,-1
98,1,589.53,322.14,48.73,141.40,0.85,-1,-1,-1
98,3,765.67,312.27,86.70,233.57,0.92,-1,-1,-1
98,4,634.61,321.24,29.93,101.59,0.47,-1,-1,-1
98,5,644.49,329.83,56.45,172.48,0.85,-1,-1,-1
98,6,739.18,306.74,70.12,207.37,0.85,-1,-1,-1
98,9,712.58,318.29,46.50,141.37,0.87,-1,-1,-1
98,7,615.61,315.03,39.47,129.29,0.77,-1,-1,-1
98,12,569.13,322.19,36.82,107.07,0.84,-1,-1,-1
99,1,589.51,321.85,49.09,142.00,0.84,-1,-1,-1
99,3,766.75,310.34,86.15,237.39,0.93,-1,-1,-1
99,4,634.99,321.00,29.68,100.50,0.45,-1,-1,-1
99,5,644.33,329.98,56.74,173.88,0.83,-1,-1,-1
99,6,739.52,306.42,69.84,210.76,0.87,-1,-1,-1
99,9,713.48,318.25,46.23,143.24,0.87,-1,-1,-1
99,7,615.96,314.24,40.82,130.60,0.78,-1,-1,-1
99,12,568.66,321.87,37.54,110.24,0.81,-1,-1,-1
100,1,589.09,321.54,49.26,143.27,0.87,-1,-1,-1
100,3,766.91,310.63,87.76,240.17,0.91,-1,-1,-1
100,4,635.37,320.85,29.62,101.68,0.44,-1,-1,-1
100,5,644.54,330.14,54.48,175.46,0.85,-1,-1,-1
100,6,739.69,307.00,69.16,207.78,0.88,-1,-1,-1
100,9,714.12,319.09,46.15,143.32,0.86,-1,-1,-1
100,7,615.73,314.18,41.36,132.41,0.77,-1,-1,-1
100,12,567.80,321.69,37.23,113.89,0.79,-1,-1,-1
101,1,589.28,321.47,48.69,144.21,0.87,-1,-1,-1
101,3,768.36,305.69,87.66,247.84,0.91,-1,-1,-1
101,4,635.84,320.84,28.96,101.14,0.43,-1,-1,-1
101,5,644.06,330.84,52.92,175.55,0.84,-1,-1,-1
101,6,739.07,307.31,69.99,209.22,0.89,-1,-1,-1
101,9,714.32,319.18,46.06,139.88,0.85,-1,-1,-1
101,7,616.29,313.76,40.32,131.47,0.78,-1,-1,-1
101,12,566.10,321.53,37.66,115.72,0.81,-1,-1,-1
102,1,590.15,321.47,47.84,145.40,0.86,-1,-1,-1
102,3,768.42,306.55,88.72,250.30,0.92,-1,-1,-1
102,4,636.50,320.57,28.10,100.90,0.36,-1,-1,-1
102,5,641.04,331.46,54.76,176.94,0.84,-1,-1,-1
102,6,739.28,307.04,69.04,211.85,0.87,-1,-1,-1
102,9,714.54,320.16,46.58,141.75,0.85,-1,-1,-1
102,7,616.39,313.50,39.27,130.14,0.76,-1,-1,-1
102,12,564.21,322.53,38.38,115.44,0.85,-1,-1,-1
103,1,588.62,321.71,49.38,146.08,0.87,-1,-1,-1
103,3,769.27,305.37,89.09,253.69,0.92,-1,-1,-1
103,4,636.73,320.83,29.04,100.16,0.39,-1,-1,-1
103,5,639.65,331.73,55.42,178.13,0.84,-1,-1,-1
103,6,739.02,306.70,70.46,217.55,0.86,-1,-1,-1
103,9,714.59,320.73,46.77,142.08,0.85,-1,-1,-1
103,7,615.53,313.32,39.48,131.67,0.79,-1,-1,-1
103,12,562.66,322.68,38.65,115.52,0.86,-1,-1,-1
104,1,588.30,322.11,49.35,147.57,0.86,-1,-1,-1
104,3,769.87,306.76,89.82,254.95,0.91,-1,-1,-1
104,4,636.46,321.10,29.98,101.13,0.36,-1,-1,-1
104,5,636.43,331.42,56.87,180.52,0.84,-1,-1,-1
104,6,738.31,306.03,70.38,219.13,0.87,-1,-1,-1
104,9,714.58,319.78,48.03,141.31,0.84,-1,-1,-1
104,7,615.16,313.58,40.75,136.44,0.77,-1,-1,-1
104,12,561.45,322.31,39.34,116.41,0.85,-1,-1,-1
105,1,587.05,322.47,50.56,148.08,0.88,-1,-1,-1
105,3,770.42,307.53,90.09,256.14,0.92,-1,-1,-1
105,4,637.01,321.10,29.75,100.59,0.36,-1,-1,-1
105,5,635.62,331.02,56.23,180.94,0.85,-1,-1,-1
105,6,738.39,305.35,70.35,221.95,0.87,-1,-1,-1
105,9,714.93,320.05,47.33,137.68,0.85,-1,-1,-1
105,7,614.80,314.47,41.23,137.32,0.77,-1,-1,-1
105,12,558.15,322.53,41.97,116.97,0.86,-1,-1,-1
105,15,684.90,336.37,19.80,57.15,0.74,-1,-1,-1
106,1,585.30,323.38,52.19,147.81,0.87,-1,-1,-1
106,3,771.43,310.57,90.14,256.21,0.92,-1,-1,-1
106,4,636.84,321.58,29.65,100.40,0.33,-1,-1,-1
106,5,635.88,330.58,55.35,181.37,0.86,-1,-1,-1
106,6,736.26,305.17,73.29,223.51,0.87,-1,-1,-1
106,9,714.99,319.13,48.82,137.78,0.85,-1,-1,-1
106,7,614.59,314.84,42.58,139.40,0.77,-1,-1,-1
106,12,556.26,323.51,42.36,113.00,0.84,-1,-1,-1
106,15,685.26,336.79,19.80,56.88,0.81,-1,-1,-1
107,1,584.28,323.62,52.92,147.34,0.87,-1,-1,-1
107,3,771.56,317.51,90.93,250.78,0.93,-1,-1,-1
107,4,636.74,321.64,29.09,98.60,0.34,-1,-1,-1
107,5,633.60,330.01,56.95,182.02,0.87,-1,-1,-1
107,6,732.87,304.48,78.64,225.02,0.87,-1,-1,-1
107,9,715.63,317.88,49.46,142.41,0.84,-1,-1,-1
107,7,614.47,315.00,43.17,140.26,0.76,-1,-1,-1
107,12,554.61,323.50,42.57,115.40,0.88,-1,-1,-1
107,15,684.99,336.73,19.83,56.17,0.81,-1,-1,-1
108,1,583.33,324.09,53.10,147.55,0.88,-1,-1,-1
108,3,772.85,320.60,91.06,249.13,0.92,-1,-1,-1
108,4,636.66,321.30,28.84,95.06,0.29,-1,-1,-1
108,5,632.44,329.28,58.03,184.07,0.87,-1,-1,-1
108,6,727.91,303.18,84.60,228.44,0.86,-1,-1,-1
108,9,714.53,317.09,51.39,148.22,0.86,-1,-1,-1
108,7,614.12,315.76,42.73,137.68,0.76,-1,-1,-1
108,12,552.33,322.38,43.75,116.11,0.87,-1,-1,-1
108,15,684.46,336.70,20.51,55.82,0.82,-1,-1,-1
109,1,584.29,323.62,52.00,148.98,0.86,-1,-1,-1
109,3,775.99,321.28,89.95,250.36,0.93,-1,-1,-1
109,4,636.77,321.46,28.16,93.56,0.35,-1,-1,-1
109,5,631.01,329.29,59.65,185.88,0.88,-1,-1,-1
109,6,729.68,301.74,85.25,229.93,0.87,-1,-1,-1
109,9,714.64,316.04,51.55,148.96,0.86,-1,-1,-1
109,7,614.43,316.17,41.97,132.90,0.75,-1,-1,-1
109,12,550.41,321.63,44.79,117.95,0.87,-1,-1,-1
109,15,684.13,336.49,20.73,55.77,0.81,-1,-1,-1
110,1,583.15,323.50,52.79,147.68,0.88,-1,-1,-1
110,3,778.03,320.20,89.53,253.27,0.93,-1,-1,-1
110,4,635.88,321.88,27.92,92.12,0.29,-1,-1,-1
110,5,629.61,329.20,59.69,186.67,0.89,-1,-1,-1
110,6,728.97,300.36,86.61,233.33,0.88,-1,-1,-1
110,9,714.66,315.53,52.19,152.28,0.87,-1,-1,-1
110,7,614.84,316.22,38.68,125.61,0.75,-1,-1,-1
110,12,548.25,321.10,46.94,118.30,0.87,-1,-1,-1
110,15,683.03,336.60,22.09,56.09,0.82,-1,-1,-1
111,1,586.78,323.03,48.36,148.79,0.88,-1,-1,-1
111,3,779.37,319.66,90.04,255.96,0.94,-1,-1,-1
111,4,636.07,321.47,27.27,90.76,0.29,-1,-1,-1
111,5,628.43,329.07,60.33,187.03,0.90,-1,-1,-1
111,6,730.44,299.42,86.01,233.51,0.88,-1,-1,-1
111,9,714.92,315.09,51.88,152.28,0.88,-1,-1,-1
111,7,614.30,316.15,38.69,128.50,0.80,-1,-1,-1
111,12,546.44,320.36,48.38,119.07,0.90,-1,-1,-1
111,15,682.30,336.70,23.19,56.23,0.83,-1,-1,-1
112,1,588.03,323.36,47.18,148.61,0.88,-1,-1,-1
112,3,780.54,318.23,91.93,260.84,0.93,-1,-1,-1
112,4,635.94,321.83,27.61,90.31,0.28,-1,-1,-1
112,5,628.42,328.48,57.52,190.04,0.89,-1,-1,-1
112,6,730.29,298.76,86.20,237.10,0.88,-1,-1,-1
112,9,714.83,314.60,53.46,159.66,0.86,-1,-1,-1
112,7,614.81,316.31,37.44,122.35,0.78,-1,-1,-1
112,12,544.43,319.97,49.45,120.55,0.88,-1,-1,-1
112,15,681.83,336.94,24.16,56.92,0.78,-1,-1,-1
113,1,589.10,323.20,46.15,146.85,0.88,-1,-1,-1
113,3,781.06,317.65,93.17,263.21,0.93,-1,-1,-1
113,4,635.86,322.42,27.13,89.48,0.29,-1,-1,-1
113,5,627.56,328.27,56.99,192.37,0.89,-1,-1,-1
113,6,727.74,298.41,89.73,239.70,0.89,-1,-1,-1
113,9,715.56,314.26,54.01,166.18,0.86,-1,-1,-1
113,7,615.31,316.06,36.97,120.79,0.78,-1,-1,-1
113,12,542.90,319.55,49.23,119.46,0.88,-1,-1,-1
113,15,681.59,337.14,24.49,58.35,0.78,-1,-1,-1
114,1,588.58,322.74,47.05,144.53,0.86,-1,-1,-1
114,3,781.58,316.11,94.87,268.39,0.93,-1,-1,-1
114,4,635.56,322.98,27.59,89.52,0.31,-1,-1,-1
114,5,625.20,328.40,58.03,194.87,0.91,-1,-1,-1
114,6,725.97,298.76,94.00,244.05,0.88,-1,-1,-1
114,9,716.19,314.03,54.82,170.87,0.83,-1,-1,-1
114,7,614.91,315.72,36.83,120.29,0.77,-1,-1,-1
114,12,540.62,319.61,50.90,119.91,0.88,-1,-1,-1
114,15,681.27,337.08,24.60,58.27,0.78,-1,-1,-1
115,1,589.02,322.72,46.22,141.16,0.86,-1,-1,-1
115,3,782.75,316.98,96.75,272.48,0.92,-1,-1,-1
115,4,635.20,323.64,27.78,88.70,0.18,-1,-1,-1
115,5,622.92,328.76,60.26,196.43,0.90,-1,-1,-1
115,6,724.24,298.89,95.69,249.29,0.90,-1,-1,-1
115,9,717.12,314.23,55.15,175.33,0.81,-1,-1,-1
115,7,614.50,316.19,36.83,118.37,0.78,-1,-1,-1
115,12,538.94,319.94,52.14,122.20,0.89,-1,-1,-1
115,15,680.94,337.34,25.23,57.02,0.78,-1,-1,-1
116,1,587.84,322.93,46.51,136.21,0.86,-1,-1,-1
116,3,782.12,317.85,99.77,274.32,0.92,-1,-1,-1
116,4,635.25,324.23,27.24,88.72,0.19,-1,-1,-1
116,5,619.90,329.85,63.43,197.51,0.88,-1,-1,-1
116,6,724.03,298.58,96.82,256.61,0.90,-1,-1,-1
116,9,717.32,314.69,56.41,180.43,0.80,-1,-1,-1
116,7,614.24,315.50,37.42,120.43,0.76,-1,-1,-1
116,12,537.37,320.58,53.73,122.41,0.87,-1,-1,-1
116,15,681.29,337.17,24.85,56.54,0.79,-1,-1,-1
117,1,585.44,322.96,48.43,136.50,0.85,-1,-1,-1
117,3,781.33,319.02,103.81,278.64,0.93,-1,-1,-1
117,4,635.41,324.22,27.04,88.72,0.15,-1,-1,-1
117,5,619.82,330.04,62.86,200.03,0.89,-1,-1,-1
117,6,724.68,298.57,97.15,263.46,0.90,-1,-1,-1
117,9,717.79,315.12,58.03,181.64,0.73,-1,-1,-1
117,7,614.30,314.90,37.64,120.25,0.77,-1,-1,-1
117,12,537.30,320.76,53.14,122.71,0.87,-1,-1,-1
117,15,682.17,336.88,24.06,57.25,0.78,-1,-1,-1
118,1,586.38,322.44,47.38,134.53,0.85,-1,-1,-1
118,3,778.13,320.28,110.63,281.67,0.91,-1,-1,-1
118,4,635.51,323.85,26.37,85.72,0.15,-1,-1,-1
118,5,616.93,330.67,66.19,201.50,0.88,-1,-1,-1
118,6,725.59,298.51,99.61,268.91,0.90,-1,-1,-1
118,9,717.71,314.79,61.00,191.54,0.80,-1,-1,-1
118,7,615.55,313.85,37.14,122.35,0.76,-1,-1,-1
118,12,536.80,321.24,52.87,121.29,0.83,-1,-1,-1
118,15,683.16,335.20,23.74,61.14,0.75,-1,-1,-1
119,1,585.24,321.95,48.79,138.15,0.85,-1,-1,-1
119,3,778.10,321.04,113.82,284.60,0.92,-1,-1,-1
119,4,635.26,323.55,26.13,84.96,0.15,-1,-1,-1
119,5,618.53,330.73,66.25,205.20,0.88,-1,-1,-1
119,6,726.31,298.50,101.67,274.49,0.91,-1,-1,-1
119,9,718.01,315.82,62.71,193.86,0.80,-1,-1,-1
119,7,615.44,313.17,37.56,124.98,0.75,-1,-1,-1
119,12,535.78,321.11,52.74,125.27,0.84,-1,-1,-1
119,15,683.87,334.87,23.01,61.12,0.74,-1,-1,-1
120,1,585.43,322.20,48.69,142.00,0.88,-1,-1,-1
120,3,780.03,321.74,115.54,286.25,0.92,-1,-1,-1
120,4,635.15,322.95,26.66,83.46,0.13,-1,-1,-1
120,5,618.03,329.84,65.02,216.26,0.88,-1,-1,-1
120,6,728.01,298.94,100.03,276.26,0.90,-1,-1,-1
120,9,718.94,315.93,63.32,194.54,0.82,-1,-1,-1
120,7,616.29,313.05,36.50,127.44,0.68,-1,-1,-1
120,12,535.17,321.34,52.04,126.38,0.84,-1,-1,-1
120,15,685.01,334.73,22.10,61.05,0.77,-1,-1,-1
121,1,586.18,322.04,48.03,143.27,0.87,-1,-1,-1
121,3,780.21,321.31,119.59,290.83,0.92,-1,-1,-1
121,4,635.47,322.17,26.84,83.24,0.20,-1,-1,-1
121,5,618.26,329.39,64.47,220.33,0.88,-1,-1,-1
121,6,728.14,298.30,101.03,281.26,0.89,-1,-1,-1
121,9,719.62,315.74,64.07,196.81,0.78,-1,-1,-1
121,7,617.27,313.22,34.87,122.07,0.66,-1,-1,-1
121,12,534.19,321.18,52.32,129.11,0.85,-1,-1,-1
121,15,685.15,334.73,21.75,60.09,0.77,-1,-1,-1
122,1,584.91,321.70,49.61,147.38,0.88,-1,-1,-1
122,3,784.05,320.96,120.58,293.60,0.93,-1,-1,-1
122,4,635.86,321.43,26.93,82.31,0.22,-1,-1,-1
122,5,617.16,328.64,69.07,223.30,0.88,-1,-1,-1
122,6,727.88,297.31,105.56,288.24,0.90,-1,-1,-1
122,9,720.15,313.74,64.94,201.30,0.77,-1,-1,-1
122,7,617.58,313.92,33.69,116.37,0.62,-1,-1,-1
122,12,533.51,320.97,51.84,130.15,0.84,-1,-1,-1
122,15,686.40,334.73,20.41,58.52,0.71,-1,-1,-1
123,1,583.88,321.35,51.98,151.10,0.87,-1,-1,-1
123,3,785.23,319.84,123.21,296.84,0.93,-1,-1,-1
123,4,636.01,320.49,28.77,90.22,0.25,-1,-1,-1
123,5,617.66,327.98,69.03,223.12,0.89,-1,-1,-1
123,6,728.66,296.42,107.25,291.16,0.90,-1,-1,-1
123,9,721.51,313.48,65.25,201.99,0.76,-1,-1,-1
123,7,616.76,314.13,34.51,119.18,0.63,-1,-1,-1
123,12,531.25,320.54,54.03,131.35,0.85,-1,-1,-1
123,15,687.15,334.52,19.92,57.60,0.70,-1,-1,-1
124,1,586.09,321.72,51.68,150.56,0.84,-1,-1,-1
124,3,788.51,318.60,124.10,299.12,0.92,-1,-1,-1
124,4,635.73,319.91,30.60,93.31,0.11,-1,-1,-1
124,5,617.26,326.61,68.32,224.99,0.88,-1,-1,-1
124,6,727.14,294.13,110.13,297.68,0.91,-1,-1,-1
124,9,721.95,312.30,69.43,202.37,0.27,-1,-1,-1
124,7,617.93,314.41,33.59,115.07,0.49,-1,-1,-1
124,12,530.69,319.98,54.22,132.35,0.86,-1,-1,-1
124,15,687.96,334.37,19.13,57.25,0.66,-1,-1,-1
125,1,587.65,322.12,52.18,150.63,0.82,-1,-1,-1
125,3,793.41,316.68,124.45,303.32,0.92,-1,-1,-1
125,5,616.95,325.75,69.87,226.50,0.89,-1,-1,-1
125,6,730.48,292.27,108.36,301.25,0.91,-1,-1,-1
125,9,721.95,310.73,70.48,203.46,0.72,-1,-1,-1
125,7,617.23,314.48,34.51,118.76,0.40,-1,-1,-1
125,12,529.73,318.40,54.91,135.67,0.83,-1,-1,-1
125,15,688.02,334.25,19.49,57.43,0.53,-1,-1,-1
126,1,585.61,321.97,55.90,152.90,0.82,-1,-1,-1
126,3,798.01,316.59,125.64,308.62,0.92,-1,-1,-1
126,5,617.20,324.09,69.80,226.46,0.90,-1,-1,-1
126,6,732.48,289.69,108.69,307.85,0.90,-1,-1,-1
126,9,722.29,309.43,71.38,203.84,0.74,-1,-1,-1
126,7,617.02,314.63,35.44,119.23,0.48,-1,-1,-1
126,12,527.96,317.19,56.91,137.52,0.84,-1,-1,-1
126,15,688.40,333.77,20.23,58.12,0.24,-1,-1,-1
127,1,587.21,323.31,55.60,150.55,0.82,-1,-1,-1
127,3,801.94,315.86,128.20,313.65,0.91,-1,-1,-1
127,5,617.68,322.79,71.60,232.72,0.90,-1,-1,-1
127,6,736.61,287.71,107.68,311.58,0.92,-1,-1,-1
127,9,723.98,307.95,71.75,207.26,0.80,-1,-1,-1
127,7,616.69,314.75,35.83,119.49,0.48,-1,-1,-1
127,12,526.74,316.65,58.87,138.55,0.85,-1,-1,-1
127,15,689.83,331.40,20.53,59.92,0.26,-1,-1,-1
128,1,585.76,322.78,57.78,150.78,0.80,-1,-1,-1
128,3,808.65,315.16,127.89,318.38,0.90,-1,-1,-1
128,5,617.86,322.77,72.22,235.87,0.90,-1,-1,-1
128,6,738.73,286.72,109.58,314.71,0.92,-1,-1,-1
128,9,727.24,307.72,71.23,205.93,0.77,-1,-1,-1
128,7,615.94,314.95,36.56,120.19,0.40,-1,-1,-1
128,12,525.43,316.02,61.35,139.16,0.86,-1,-1,-1
129,1,587.86,323.02,57.45,151.58,0.77,-1,-1,-1
129,3,815.89,314.26,127.15,324.15,0.90,-1,-1,-1
129,5,618.85,322.17,72.48,238.42,0.90,-1,-1,-1
129,6,739.80,285.90,112.10,318.78,0.92,-1,-1,-1
129,9,729.65,306.58,73.99,210.49,0.51,-1,-1,-1
129,7,615.37,315.01,38.05,119.23,0.47,-1,-1,-1
129,12,525.28,315.80,61.73,139.62,0.87,-1,-1,-1
130,1,588.00,322.40,58.41,152.80,0.78,-1,-1,-1
130,3,821.27,314.30,128.46,328.95,0.88,-1,-1,-1
130,5,620.02,322.17,71.87,241.64,0.90,-1,-1,-1
130,6,740.86,285.13,114.69,323.80,0.91,-1,-1,-1
130,9,732.10,305.65,78.45,227.39,0.38,-1,-1,-1
130,7,612.10,314.94,43.88,134.21,0.44,-1,-1,-1
130,12,525.22,316.22,57.64,141.14,0.83,-1,-1,-1
131,1,589.57,321.00,59.95,153.31,0.77,-1,-1,-1
131,3,828.69,314.21,128.35,333.60,0.92,-1,-1,-1
131,5,620.84,322.07,72.83,243.32,0.89,-1,-1,-1
131,6,740.46,284.30,116.85,328.06,0.92,-1,-1,-1
131,9,736.03,303.90,80.16,239.60,0.10,-1,-1,-1
131,7,608.42,315.81,48.90,144.08,0.37,-1,-1,-1
131,12,525.59,316.27,55.99,142.32,0.85,-1,-1,-1
132,1,595.89,322.50,54.08,149.85,0.73,-1,-1,-1
132,3,835.07,313.79,130.97,339.60,0.91,-1,-1,-1
132,5,621.59,322.12,75.57,248.70,0.90,-1,-1,-1
132,6,740.09,283.93,120.61,331.82,0.92,-1,-1,-1
132,7,612.64,314.79,43.67,130.58,0.35,-1,-1,-1
132,12,524.72,316.99,55.99,142.69,0.84,-1,-1,-1
133,1,592.25,321.89,58.41,151.87,0.82,-1,-1,-1
133,3,841.01,313.42,131.26,345.66,0.91,-1,-1,-1
133,5,620.76,322.04,78.31,251.44,0.89,-1,-1,-1
133,6,740.60,282.55,123.70,337.45,0.92,-1,-1,-1
133,7,614.93,314.21,41.21,120.16,0.41,-1,-1,-1
133,12,523.57,317.28,56.56,147.14,0.83,-1,-1,-1
134,1,599.29,321.05,52.87,144.24,0.81,-1,-1,-1
134,3,847.35,314.04,133.10,349.20,0.92,-1,-1,-1
134,5,623.71,321.73,77.59,251.52,0.89,-1,-1,-1
134,6,741.12,280.73,126.60,343.17,0.91,-1,-1,-1
134,7,615.81,314.15,42.11,118.21,0.44,-1,-1,-1
134,12,523.51,317.69,55.57,145.26,0.83,-1,-1,-1
135,1,601.11,321.19,51.77,144.50,0.86,-1,-1,-1
135,3,853.36,315.47,134.01,353.29,0.91,-1,-1,-1
135,5,624.80,322.36,78.41,250.04,0.90,-1,-1,-1
135,6,741.21,280.06,130.55,348.10,0.92,-1,-1,-1
135,7,616.37,313.51,42.42,117.83,0.67,-1,-1,-1
135,12,523.18,318.29,54.56,144.87,0.83,-1,-1,-1
136,1,602.75,320.90,52.57,153.93,0.87,-1,-1,-1
136,3,859.59,315.58,135.08,357.61,0.93,-1,-1,-1
136,5,626.18,322.13,79.22,257.16,0.91,-1,-1,-1
136,6,741.25,278.82,134.83,354.21,0.90,-1,-1,-1
136,7,616.97,313.25,43.08,120.08,0.37,-1,-1,-1
136,12,522.64,319.22,53.53,144.15,0.84,-1,-1,-1
137,1,604.98,320.67,51.09,151.55,0.84,-1,-1,-1
137,3,867.73,314.14,135.83,362.68,0.93,-1,-1,-1
137,5,628.65,321.62,79.55,260.77,0.91,-1,-1,-1
137,6,740.90,277.63,140.59,367.18,0.94,-1,-1,-1
137,7,616.19,313.18,47.50,127.00,0.60,-1,-1,-1
137,12,522.60,319.30,53.80,146.46,0.86,-1,-1,-1
138,1,605.61,319.80,52.30,153.47,0.84,-1,-1,-1
138,3,874.79,313.03,136.77,370.01,0.93,-1,-1,-1
138,5,630.62,321.85,80.11,264.26,0.92,-1,-1,-1
138,6,738.48,276.21,147.78,379.96,0.94,-1,-1,-1
138,7,615.75,313.42,47.93,128.03,0.50,-1,-1,-1
138,12,521.02,319.12,55.65,149.29,0.84,-1,-1,-1
139,1,608.35,319.41,50.42,154.02,0.86,-1,-1,-1
139,3,881.82,312.03,139.67,376.06,0.93,-1,-1,-1
139,5,633.58,321.27,79.84,267.49,0.93,-1,-1,-1
139,6,732.60,274.24,158.82,394.24,0.93,-1,-1,-1
139,7,616.31,313.73,46.37,132.68,0.33,-1,-1,-1
139,12,520.23,318.69,54.62,150.46,0.86,-1,-1,-1
140,1,608.61,319.07,52.12,155.02,0.86,-1,-1,-1
140,3,888.24,310.02,143.00,382.77,0.93,-1,-1,-1
140,5,635.78,321.90,80.23,267.76,0.93,-1,-1,-1
140,6,729.86,272.47,165.82,405.85,0.93,-1,-1,-1
140,7,617.35,314.53,44.48,128.17,0.22,-1,-1,-1
140,12,519.01,317.71,54.78,154.07,0.87,-1,-1,-1
141,1,608.43,319.35,53.36,155.89,0.86,-1,-1,-1
141,3,894.80,308.89,149.02,388.85,0.94,-1,-1,-1
141,5,638.13,321.21,80.99,269.32,0.93,-1,-1,-1
141,6,734.33,270.84,166.86,420.22,0.92,-1,-1,-1
141,7,616.88,314.80,44.97,127.57,0.28,-1,-1,-1
141,12,518.01,317.00,56.08,156.93,0.84,-1,-1,-1
142,1,610.21,319.03,52.08,157.28,0.86,-1,-1,-1
142,3,901.15,307.71,156.96,397.14,0.94,-1,-1,-1
142,5,638.79,320.83,84.31,273.89,0.92,-1,-1,-1
142,6,744.45,269.79,162.55,430.79,0.93,-1,-1,-1
142,7,618.91,315.21,42.19,121.35,0.19,-1,-1,-1
142,12,516.25,316.77,57.80,159.79,0.85,-1,-1,-1
143,1,609.50,318.41,53.38,157.72,0.85,-1,-1,-1
143,3,907.01,306.79,166.01,404.71,0.95,-1,-1,-1
143,5,639.48,319.89,86.68,279.30,0.91,-1,-1,-1
143,6,741.77,268.83,171.82,440.41,0.95,-1,-1,-1
143,12,515.55,315.28,57.82,161.36,0.86,-1,-1,-1
144,1,609.84,319.05,53.91,157.92,0.86,-1,-1,-1
144,3,915.08,307.26,174.27,412.01,0.94,-1,-1,-1
144,5,640.33,318.32,89.42,287.00,0.91,-1,-1,-1
144,6,757.92,268.12,161.54,449.31,0.94,-1,-1,-1
144,12,515.00,314.56,57.87,163.59,0.87,-1,-1,-1
145,1,610.49,319.62,54.10,158.10,0.85,-1,-1,-1
145,3,922.64,308.08,183.19,419.42,0.94,-1,-1,-1
145,5,638.24,317.61,96.31,293.94,0.91,-1,-1,-1
145,6,769.25,268.22,156.07,455.48,0.92,-1,-1,-1
145,12,513.02,315.21,59.67,163.62,0.87,-1,-1,-1
146,1,610.30,319.76,54.69,159.36,0.87,-1,-1,-1
146,3,928.77,309.20,193.23,430.72,0.93,-1,-1,-1
146,5,640.13,316.69,98.22,298.89,0.92,-1,-1,-1
146,6,775.11,266.83,155.85,467.56,0.93,-1,-1,-1
146,12,511.19,314.67,61.43,165.79,0.88,-1,-1,-1
147,1,611.25,319.68,54.96,160.81,0.85,-1,-1,-1
147,3,936.29,311.00,201.92,456.23,0.90,-1,-1,-1
147,5,641.08,318.13,101.35,309.38,0.92,-1,-1,-1
147,6,779.98,265.11,158.30,475.01,0.93,-1,-1,-1
147,12,510.25,314.32,62.76,166.36,0.89,-1,-1,-1
148,1,611.83,319.67,55.03,161.63,0.86,-1,-1,-1
148,3,946.75,312.69,208.55,469.49,0.90,-1,-1,-1
148,5,645.99,317.69,100.70,315.90,0.93,-1,-1,-1
148,6,784.47,263.05,159.67,485.46,0.93,-1,-1,-1
148,12,510.26,313.93,63.21,167.69,0.89,-1,-1,-1
149,1,611.61,319.85,56.15,159.30,0.86,-1,-1,-1
149,3,957.89,313.83,214.14,507.15,0.88,-1,-1,-1
149,5,645.99,318.45,105.48,329.88,0.90,-1,-1,-1
149,6,788.85,261.26,161.65,487.21,0.91,-1,-1,-1
149,12,510.87,313.64,62.06,169.41,0.90,-1,-1,-1
149,4,656.16,322.98,35.12,98.67,0.64,-1,-1,-1
