0,1,590.40,316.80,72.00,174.15,0.95,-1,-1,-1
0,2,523.80,292.05,81.90,194.40,0.94,-1,-1,-1
0,3,699.75,339.30,49.50,100.35,0.91,-1,-1,-1
0,4,668.70,334.12,36.90,105.75,0.90,-1,-1,-1
0,5,882.00,326.02,47.70,110.25,0.89,-1,-1,-1
0,6,848.25,323.77,40.50,110.25,0.89,-1,-1,-1
0,7,909.45,324.45,44.55,92.25,0.85,-1,-1,-1
0,8,924.30,329.40,34.20,88.20,0.71,-1,-1,-1
1,1,590.40,316.80,72.00,174.15,0.95,-1,-1,-1
1,2,523.80,292.05,81.90,194.40,0.95,-1,-1,-1
1,3,699.75,339.30,49.50,100.35,0.91,-1,-1,-1
1,4,668.70,334.12,36.90,105.75,0.90,-1,-1,-1
1,5,882.00,326.02,47.70,110.25,0.89,-1,-1,-1
1,6,848.25,323.77,40.50,110.25,0.89,-1,-1,-1
1,7,909.45,324.45,44.55,92.25,0.85,-1,-1,-1
1,8,924.30,329.40,34.20,88.20,0.71,-1,-1,-1
2,1,587.97,315.78,74.17,177.20,0.95,-1,-1,-1
2,2,521.29,292.39,83.38,197.83,0.93,-1,-1,-1
2,3,699.22,339.38,50.25,100.49,0.89,-1,-1,-1
2,4,668.13,332.79,37.63,108.00,0.89,-1,-1,-1
2,5,883.46,326.46,47.04,110.40,0.90,-1,-1,-1
2,6,848.97,323.85,41.94,110.75,0.89,-1,-1,-1
2,7,909.54,324.37,44.59,92.73,0.85,-1,-1,-1
2,8,923.01,328.98,35.63,88.67,0.71,-1,-1,-1
3,1,586.07,314.08,76.86,180.42,0.95,-1,-1,-1
3,2,518.38,291.15,84.49,201.84,0.94,-1,-1,-1
3,3,698.52,339.37,51.15,101.14,0.89,-1,-1,-1
3,4,667.44,333.87,37.17,106.59,0.89,-1,-1,-1
3,5,884.98,326.04,46.47,111.40,0.91,-1,-1,-1
3,6,848.90,324.01,43.05,112.20,0.91,-1,-1,-1
3,7,909.92,324.47,43.55,93.15,0.86,-1,-1,-1
3,8,923.95,328.79,34.73,88.76,0.65,-1,-1,-1
4,1,584.34,313.15,79.02,184.80,0.95,-1,-1,-1
4,2,515.31,291.62,85.49,202.86,0.94,-1,-1,-1
4,3,697.20,338.49,52.75,102.74,0.88,-1,-1,-1
4,4,665.77,332.38,38.33,108.12,0.89,-1,-1,-1
4,5,886.42,325.22,45.30,112.44,0.89,-1,-1,-1
4,6,851.12,324.03,42.75,112.72,0.88,-1,-1,-1
4,7,910.03,324.48,43.22,93.00,0.85,-1,-1,-1
4,8,924.30,328.89,34.37,88.49,0.49,-1,-1,-1
5,1,583.31,312.53,81.54,188.60,0.95,-1,-1,-1
5,2,513.58,291.17,85.09,204.52,0.94,-1,-1,-1
5,3,695.86,337.83,53.87,103.50,0.87,-1,-1,-1
5,4,664.02,331.69,39.33,107.89,0.89,-1,-1,-1
5,5,887.72,323.29,44.58,114.29,0.90,-1,-1,-1
5,6,852.12,323.68,42.56,113.09,0.89,-1,-1,-1
5,7,912.22,324.93,40.16,91.24,0.84,-1,-1,-1
5,8,923.63,329.54,34.23,87.02,0.37,-1,-1,-1
6,1,581.01,311.87,84.88,189.83,0.95,-1,-1,-1
6,2,511.01,291.29,85.57,207.99,0.94,-1,-1,-1
6,3,695.35,337.00,53.64,104.13,0.84,-1,-1,-1
6,4,662.42,331.48,39.68,107.55,0.90,-1,-1,-1
6,5,888.50,322.19,45.35,115.93,0.90,-1,-1,-1
6,6,851.86,322.96,43.12,114.54,0.90,-1,-1,-1
6,7,910.74,323.85,40.81,92.59,0.82,-1,-1,-1
6,8,924.78,329.65,32.93,86.89,0.67,-1,-1,-1
7,1,579.78,311.41,86.65,193.10,0.95,-1,-1,-1
7,2,509.14,288.34,85.09,213.96,0.93,-1,-1,-1
7,3,695.32,337.50,49.18,103.02,0.80,-1,-1,-1
7,4,661.40,331.76,39.79,107.34,0.89,-1,-1,-1
7,5,889.67,320.41,46.57,117.95,0.90,-1,-1,-1
7,6,851.45,322.68,44.54,115.26,0.90,-1,-1,-1
7,7,910.56,323.44,40.72,92.40,0.80,-1,-1,-1
7,8,925.17,329.65,33.74,86.49,0.61,-1,-1,-1
8,1,577.84,310.75,87.83,199.68,0.94,-1,-1,-1
8,2,507.59,287.64,84.28,217.60,0.93,-1,-1,-1
8,3,693.75,337.17,51.27,104.12,0.81,-1,-1,-1
8,4,660.73,332.58,39.81,106.96,0.89,-1,-1,-1
8,5,890.64,318.81,46.41,119.58,0.89,-1,-1,-1
8,6,852.77,322.21,43.84,117.04,0.90,-1,-1,-1
8,7,908.91,322.92,39.78,92.95,0.73,-1,-1,-1
8,8,925.90,330.81,32.80,85.74,0.74,-1,-1,-1
9,1,576.01,310.87,88.79,203.50,0.95,-1,-1,-1
9,2,503.49,285.95,84.58,223.33,0.95,-1,-1,-1
9,3,690.83,337.09,55.02,104.18,0.89,-1,-1,-1
9,4,659.96,333.52,39.80,105.87,0.90,-1,-1,-1
9,5,891.26,319.16,52.19,119.80,0.87,-1,-1,-1
9,6,855.09,322.20,42.32,117.35,0.89,-1,-1,-1
9,8,924.91,331.24,32.46,85.47,0.78,-1,-1,-1
10,1,574.16,311.07,90.23,205.94,0.95,-1,-1,-1
10,2,500.87,285.36,84.05,226.32,0.94,-1,-1,-1
10,3,689.34,336.99,55.79,104.08,0.89,-1,-1,-1
10,4,658.99,334.12,40.38,105.05,0.90,-1,-1,-1
10,5,891.73,319.23,55.67,120.31,0.88,-1,-1,-1
10,6,855.92,321.81,42.34,117.90,0.89,-1,-1,-1
10,8,924.48,333.86,32.34,82.85,0.72,-1,-1,-1
11,1,571.53,311.46,92.02,208.45,0.95,-1,-1,-1
11,2,498.18,284.35,83.34,229.83,0.94,-1,-1,-1
11,3,687.60,337.01,56.13,104.21,0.88,-1,-1,-1
11,4,657.71,335.14,40.63,104.33,0.90,-1,-1,-1
11,5,891.36,319.34,56.54,121.58,0.90,-1,-1,-1
11,6,856.18,321.72,43.01,118.89,0.89,-1,-1,-1
11,8,925.03,334.26,32.34,82.04,0.79,-1,-1,-1
11,9,697.05,330.07,44.10,103.50,0.71,-1,-1,-1
12,1,570.52,310.45,91.51,211.72,0.95,-1,-1,-1
12,2,492.96,282.22,84.94,234.66,0.95,-1,-1,-1
12,3,686.67,337.48,55.06,103.96,0.89,-1,-1,-1
12,4,656.95,334.74,39.54,105.62,0.89,-1,-1,-1
12,5,896.48,319.69,51.00,123.55,0.87,-1,-1,-1
12,6,856.58,321.68,43.27,119.86,0.89,-1,-1,-1
12,8,925.29,343.57,32.37,73.52,0.81,-1,-1,-1
12,9,696.07,330.43,42.74,104.43,0.68,-1,-1,-1
13,1,568.24,309.31,92.33,215.67,0.95,-1,-1,-1
13,2,488.29,280.86,85.46,237.85,0.94,-1,-1,-1
13,3,685.43,337.59,49.14,103.42,0.86,-1,-1,-1
13,4,655.79,333.17,39.67,108.38,0.90,-1,-1,-1
13,5,895.06,320.05,55.69,124.38,0.88,-1,-1,-1
13,6,857.93,321.14,42.13,120.33,0.88,-1,-1,-1
13,8,926.54,340.65,31.15,75.72,0.57,-1,-1,-1
13,9,695.98,330.33,40.36,102.13,0.72,-1,-1,-1
14,1,565.13,308.91,93.25,218.81,0.95,-1,-1,-1
14,2,482.43,279.61,88.71,240.86,0.94,-1,-1,-1
14,3,684.65,337.85,51.89,103.63,0.88,-1,-1,-1
14,4,654.07,333.98,40.35,108.05,0.90,-1,-1,-1
14,5,895.35,321.04,56.20,124.51,0.88,-1,-1,-1
14,6,858.21,321.02,42.92,121.82,0.88,-1,-1,-1
14,8,930.26,340.10,28.25,76.53,0.62,-1,-1,-1
14,9,695.64,330.61,40.30,101.36,0.71,-1,-1,-1
15,1,562.73,308.32,92.33,222.03,0.95,-1,-1,-1
15,2,476.70,278.58,91.67,244.16,0.95,-1,-1,-1
15,3,683.65,337.02,52.80,105.17,0.89,-1,-1,-1
15,4,652.75,333.97,39.98,108.47,0.90,-1,-1,-1
15,5,896.37,321.56,56.33,125.35,0.86,-1,-1,-1
15,6,858.40,320.97,43.20,122.91,0.88,-1,-1,-1
15,8,931.38,341.50,25.93,74.72,0.37,-1,-1,-1
15,9,694.78,331.00,41.01,103.18,0.70,-1,-1,-1
16,1,558.26,307.62,93.62,225.77,0.95,-1,-1,-1
16,2,469.63,277.01,96.24,248.64,0.95,-1,-1,-1
16,3,683.45,336.65,52.49,105.66,0.90,-1,-1,-1
16,4,652.16,333.59,39.19,109.73,0.90,-1,-1,-1
16,5,902.02,321.86,52.73,126.73,0.87,-1,-1,-1
16,6,858.73,320.90,45.06,124.08,0.87,-1,-1,-1
16,8,934.23,345.45,22.57,70.95,0.13,-1,-1,-1
16,9,695.30,330.74,37.94,103.72,0.69,-1,-1,-1
17,1,555.67,306.75,91.13,229.25,0.96,-1,-1,-1
17,2,463.98,275.66,99.75,252.55,0.95,-1,-1,-1
17,3,682.80,336.94,51.78,105.28,0.90,-1,-1,-1
17,4,651.34,331.64,38.90,112.63,0.90,-1,-1,-1
17,5,904.23,321.67,51.30,127.86,0.87,-1,-1,-1
17,6,859.48,321.02,45.18,125.14,0.87,-1,-1,-1
17,9,695.83,330.79,35.58,102.04,0.74,-1,-1,-1
18,1,552.77,306.01,89.41,232.45,0.96,-1,-1,-1
18,2,457.96,274.01,104.48,258.12,0.95,-1,-1,-1
18,3,682.33,336.96,50.86,105.38,0.91,-1,-1,-1
18,4,650.82,331.83,38.15,111.89,0.91,-1,-1,-1
18,5,904.91,321.55,50.72,128.21,0.86,-1,-1,-1
18,6,860.29,321.30,45.76,126.35,0.83,-1,-1,-1
18,9,695.70,330.72,34.85,102.35,0.76,-1,-1,-1
19,1,549.16,306.37,89.38,237.13,0.96,-1,-1,-1
19,2,452.50,273.15,107.04,262.23,0.94,-1,-1,-1
19,3,682.01,336.98,49.93,105.73,0.90,-1,-1,-1
19,4,648.66,331.34,39.71,111.89,0.90,-1,-1,-1
19,5,907.39,322.99,49.61,127.72,0.84,-1,-1,-1
19,6,862.51,321.56,44.20,127.69,0.85,-1,-1,-1
19,9,695.45,330.71,35.32,103.73,0.73,-1,-1,-1
20,1,544.10,306.77,91.14,241.50,0.96,-1,-1,-1
20,2,447.38,271.32,108.83,272.26,0.94,-1,-1,-1
20,3,681.45,337.27,48.97,105.87,0.90,-1,-1,-1
20,4,647.11,330.98,40.86,112.19,0.90,-1,-1,-1
20,5,910.22,322.94,48.89,129.02,0.88,-1,-1,-1
20,6,863.17,321.36,44.18,128.78,0.86,-1,-1,-1
20,9,693.63,330.54,36.77,106.08,0.65,-1,-1,-1
20,7,902.28,323.96,29.47,91.99,0.62,-1,-1,-1
21,1,539.52,305.88,94.06,248.37,0.95,-1,-1,-1
21,2,443.31,271.13,111.07,277.99,0.95,-1,-1,-1
21,3,681.55,337.12,47.96,106.64,0.91,-1,-1,-1
21,4,646.32,331.36,41.25,111.50,0.90,-1,-1,-1
21,5,910.81,321.60,49.49,131.04,0.89,-1,-1,-1
21,6,865.77,321.91,42.91,128.64,0.86,-1,-1,-1
21,9,692.62,330.38,37.27,106.78,0.67,-1,-1,-1
21,7,903.50,324.20,27.70,90.80,0.53,-1,-1,-1
22,1,535.19,305.36,95.21,253.97,0.95,-1,-1,-1
22,2,437.79,271.59,113.86,281.28,0.94,-1,-1,-1
22,3,680.84,337.09,47.64,107.04,0.91,-1,-1,-1
22,4,644.95,331.53,42.02,111.37,0.90,-1,-1,-1
22,5,914.07,320.25,47.94,132.83,0.89,-1,-1,-1
22,6,867.36,322.31,42.46,129.30,0.86,-1,-1,-1
22,9,692.11,330.94,36.89,106.25,0.58,-1,-1,-1
22,7,903.77,323.37,27.91,91.75,0.62,-1,-1,-1
23,1,530.31,303.99,97.35,263.05,0.95,-1,-1,-1
23,2,433.40,269.86,112.49,286.97,0.94,-1,-1,-1
23,3,680.24,337.39,46.91,106.60,0.91,-1,-1,-1
23,4,642.91,332.50,44.06,110.41,0.90,-1,-1,-1
23,5,914.23,318.30,50.70,135.25,0.89,-1,-1,-1
23,6,868.75,321.60,44.10,131.01,0.87,-1,-1,-1
23,7,903.81,323.10,28.63,92.70,0.69,-1,-1,-1
24,1,525.94,303.85,98.25,271.91,0.95,-1,-1,-1
24,2,428.74,269.15,113.03,293.79,0.95,-1,-1,-1
24,3,679.93,337.76,46.10,106.21,0.91,-1,-1,-1
24,4,641.13,331.92,44.88,111.34,0.90,-1,-1,-1
24,5,916.13,317.19,50.56,137.44,0.89,-1,-1,-1
24,6,869.57,321.11,44.75,132.92,0.88,-1,-1,-1
24,7,903.60,323.08,29.25,93.43,0.56,-1,-1,-1
25,1,521.27,303.40,100.31,277.16,0.95,-1,-1,-1
25,2,422.93,268.87,116.09,300.24,0.94,-1,-1,-1
25,3,679.47,338.26,45.81,105.60,0.91,-1,-1,-1
25,4,639.31,331.79,46.92,111.83,0.90,-1,-1,-1
25,5,917.32,316.78,51.69,138.04,0.90,-1,-1,-1
25,6,870.72,321.09,44.99,134.03,0.89,-1,-1,-1
25,7,903.49,322.93,30.71,93.88,0.79,-1,-1,-1
26,1,515.05,302.32,102.24,283.52,0.95,-1,-1,-1
26,2,418.63,268.71,114.87,309.72,0.95,-1,-1,-1
26,3,678.95,338.43,45.11,105.72,0.90,-1,-1,-1
26,4,637.98,333.06,47.11,110.86,0.91,-1,-1,-1
26,5,918.62,317.24,54.19,139.17,0.90,-1,-1,-1
26,6,872.31,320.04,45.07,136.85,0.87,-1,-1,-1
26,7,902.86,322.87,31.85,93.48,0.79,-1,-1,-1
27,1,508.52,301.37,104.80,289.24,0.95,-1,-1,-1
27,2,410.58,268.12,119.31,320.17,0.95,-1,-1,-1
27,3,678.76,338.54,44.30,106.43,0.90,-1,-1,-1
27,4,636.87,333.14,48.38,111.76,0.92,-1,-1,-1
27,5,920.41,318.05,56.35,140.24,0.91,-1,-1,-1
27,6,873.59,319.53,46.33,138.87,0.88,-1,-1,-1
27,7,903.08,323.64,33.81,93.08,0.80,-1,-1,-1
28,1,501.10,300.27,109.27,294.71,0.95,-1,-1,-1
28,2,403.05,266.72,122.26,327.05,0.94,-1,-1,-1
28,3,678.41,339.03,44.02,106.72,0.89,-1,-1,-1
28,4,636.17,333.62,48.26,111.82,0.91,-1,-1,-1
28,5,921.96,320.03,59.81,140.04,0.91,-1,-1,-1
28,6,873.47,319.07,48.27,140.80,0.89,-1,-1,-1
28,7,904.08,323.35,34.25,93.85,0.76,-1,-1,-1
29,1,494.12,298.42,113.82,300.27,0.95,-1,-1,-1
29,2,393.18,264.79,127.98,334.57,0.94,-1,-1,-1
29,3,677.41,339.20,44.53,106.46,0.90,-1,-1,-1
29,4,636.02,333.93,48.15,111.77,0.91,-1,-1,-1
29,5,923.57,320.78,62.26,141.47,0.92,-1,-1,-1
29,6,875.36,319.33,48.11,141.41,0.89,-1,-1,-1
29,7,904.97,323.53,34.39,94.07,0.78,-1,-1,-1
30,1,486.21,296.54,118.49,306.40,0.95,-1,-1,-1
30,2,384.59,263.18,131.79,341.44,0.95,-1,-1,-1
30,3,677.01,338.79,44.75,106.07,0.90,-1,-1,-1
30,4,635.65,334.33,46.33,111.46,0.91,-1,-1,-1
30,5,925.30,321.47,64.38,141.55,0.90,-1,-1,-1
30,6,876.93,319.85,48.93,141.32,0.88,-1,-1,-1
30,7,903.82,322.96,35.92,95.67,0.74,-1,-1,-1
30,10,616.50,337.27,15.30,37.80,0.74,-1,-1,-1
31,1,479.03,293.33,123.76,313.68,0.95,-1,-1,-1
31,2,374.55,259.95,136.72,349.71,0.95,-1,-1,-1
31,3,676.39,338.89,45.46,105.91,0.91,-1,-1,-1
31,4,635.98,334.15,43.78,111.93,0.91,-1,-1,-1
31,5,928.34,320.04,65.18,146.15,0.91,-1,-1,-1
31,6,878.76,318.96,51.01,143.00,0.85,-1,-1,-1
31,7,904.36,321.95,37.38,97.75,0.64,-1,-1,-1
31,10,615.77,336.73,16.05,40.04,0.71,-1,-1,-1
32,1,471.91,291.57,130.22,319.81,0.96,-1,-1,-1
32,2,367.31,257.88,139.82,355.88,0.95,-1,-1,-1
32,3,675.90,338.55,46.27,105.80,0.91,-1,-1,-1
32,4,636.53,333.98,42.76,111.75,0.91,-1,-1,-1
32,5,931.11,319.80,64.19,148.37,0.91,-1,-1,-1
32,6,879.33,318.18,57.58,143.96,0.84,-1,-1,-1
32,7,904.76,321.42,39.34,99.66,0.52,-1,-1,-1
32,10,615.59,336.61,15.51,40.82,0.77,-1,-1,-1
33,1,464.34,290.42,140.68,331.32,0.96,-1,-1,-1
33,2,360.19,254.88,142.19,362.09,0.94,-1,-1,-1
33,3,675.87,338.32,46.57,106.31,0.91,-1,-1,-1
33,4,636.59,333.67,44.21,112.52,0.90,-1,-1,-1
33,5,933.28,318.42,63.73,150.86,0.90,-1,-1,-1
33,6,880.15,317.04,61.73,145.84,0.87,-1,-1,-1
33,7,908.11,321.72,38.61,99.43,0.63,-1,-1,-1
33,10,615.13,335.91,16.01,42.42,0.76,-1,-1,-1
34,1,457.14,289.16,151.86,346.58,0.96,-1,-1,-1
34,2,354.43,251.21,144.24,368.55,0.95,-1,-1,-1
34,3,675.68,338.19,47.25,106.39,0.91,-1,-1,-1
34,4,637.08,333.66,42.92,112.70,0.90,-1,-1,-1
34,5,935.68,317.82,62.29,152.49,0.91,-1,-1,-1
34,6,881.19,316.42,62.49,148.00,0.86,-1,-1,-1
34,7,909.34,321.48,38.26,98.31,0.54,-1,-1,-1
34,10,614.82,335.64,16.16,42.87,0.75,-1,-1,-1
35,1,449.90,288.12,162.16,361.02,0.96,-1,-1,-1
35,2,347.16,247.49,147.57,375.25,0.95,-1,-1,-1
35,3,675.34,337.85,48.11,106.74,0.91,-1,-1,-1
35,4,637.28,333.37,43.64,112.47,0.91,-1,-1,-1
35,5,937.74,316.89,62.91,154.11,0.90,-1,-1,-1
35,6,882.16,315.18,61.58,151.31,0.89,-1,-1,-1
35,7,913.97,322.92,34.54,96.99,0.58,-1,-1,-1
35,10,614.09,335.24,16.86,43.63,0.78,-1,-1,-1
36,1,443.19,285.86,170.45,382.53,0.96,-1,-1,-1
36,2,339.70,242.06,149.19,385.44,0.95,-1,-1,-1
36,3,674.93,337.44,48.43,107.31,0.91,-1,-1,-1
36,4,637.05,332.95,43.30,112.83,0.91,-1,-1,-1
36,5,940.85,316.06,63.12,156.06,0.91,-1,-1,-1
36,6,883.92,314.64,62.03,153.75,0.90,-1,-1,-1
36,7,916.99,328.82,31.82,90.60,0.46,-1,-1,-1
36,10,613.24,335.40,17.09,43.29,0.78,-1,-1,-1
37,1,434.89,284.27,179.63,390.28,0.96,-1,-1,-1
37,2,328.69,238.13,155.88,400.59,0.93,-1,-1,-1
37,3,674.91,337.05,49.19,107.54,0.91,-1,-1,-1
37,4,637.08,332.42,43.21,112.68,0.91,-1,-1,-1
37,5,943.91,314.41,64.43,158.39,0.90,-1,-1,-1
37,6,885.60,313.88,61.35,155.84,0.90,-1,-1,-1
37,7,914.42,319.82,34.63,99.27,0.46,-1,-1,-1
37,10,612.75,335.08,17.18,43.74,0.77,-1,-1,-1
38,1,427.49,282.20,187.65,404.04,0.96,-1,-1,-1
38,2,304.77,234.04,174.72,422.24,0.93,-1,-1,-1
38,3,674.63,336.77,50.06,107.63,0.91,-1,-1,-1
38,4,637.12,332.07,42.57,112.63,0.91,-1,-1,-1
38,5,948.58,313.39,62.52,159.69,0.90,-1,-1,-1
38,6,887.41,313.93,61.60,156.89,0.90,-1,-1,-1
38,7,913.03,315.45,35.57,104.01,0.20,-1,-1,-1
38,10,612.32,335.11,17.20,43.58,0.78,-1,-1,-1
39,1,419.44,282.70,194.99,414.80,0.96,-1,-1,-1
39,2,276.27,230.64,197.43,438.78,0.93,-1,-1,-1
39,3,674.42,336.45,50.94,107.78,0.90,-1,-1,-1
39,4,637.07,331.76,43.52,112.73,0.91,-1,-1,-1
39,5,953.04,313.47,61.71,159.26,0.90,-1,-1,-1
39,6,889.97,313.55,60.75,157.86,0.90,-1,-1,-1
39,10,612.45,334.02,17.19,44.65,0.79,-1,-1,-1
40,1,411.62,281.78,201.30,428.50,0.96,-1,-1,-1
40,2,247.26,229.22,220.00,453.42,0.94,-1,-1,-1
40,3,673.54,336.15,52.48,108.27,0.90,-1,-1,-1
40,4,636.80,331.59,43.90,113.20,0.91,-1,-1,-1
40,5,955.90,311.01,65.05,162.49,0.90,-1,-1,-1
40,6,892.42,314.60,60.12,158.51,0.90,-1,-1,-1
40,10,612.25,333.71,17.18,45.08,0.80,-1,-1,-1
41,1,403.99,280.23,206.67,440.41,0.96,-1,-1,-1
41,2,223.95,227.95,238.54,466.86,0.94,-1,-1,-1
41,3,673.19,335.72,53.65,108.89,0.90,-1,-1,-1
41,4,636.71,331.69,44.06,112.92,0.91,-1,-1,-1
41,5,958.01,308.73,68.64,164.92,0.90,-1,-1,-1
41,6,894.18,315.03,60.78,158.92,0.91,-1,-1,-1
41,10,612.22,333.76,17.18,44.85,0.79,-1,-1,-1
42,1,396.60,276.62,209.24,453.15,0.95,-1,-1,-1
42,2,207.51,226.05,247.34,485.52,0.94,-1,-1,-1
42,3,673.28,335.95,53.48,108.86,0.89,-1,-1,-1
42,4,636.30,332.55,44.10,112.25,0.91,-1,-1,-1
42,5,960.47,309.24,69.98,166.14,0.89,-1,-1,-1
42,6,895.65,313.87,61.27,163.23,0.91,-1,-1,-1
42,10,611.23,334.16,17.17,44.46,0.78,-1,-1,-1
43,1,388.63,274.03,211.16,463.58,0.95,-1,-1,-1
43,2,200.37,225.20,246.36,501.19,0.92,-1,-1,-1
43,3,673.11,336.87,53.41,108.68,0.89,-1,-1,-1
43,4,635.60,333.99,43.53,111.24,0.90,-1,-1,-1
43,5,963.19,310.18,74.01,168.22,0.89,-1,-1,-1
43,6,897.37,313.55,61.45,165.60,0.90,-1,-1,-1
43,10,610.30,334.06,17.16,45.25,0.79,-1,-1,-1
44,1,381.05,269.21,211.26,477.03,0.95,-1,-1,-1
44,2,205.72,220.29,230.22,529.09,0.93,-1,-1,-1
44,3,673.06,338.87,52.81,107.11,0.89,-1,-1,-1
44,4,635.34,333.49,43.34,112.36,0.90,-1,-1,-1
44,5,967.68,309.33,74.43,173.39,0.89,-1,-1,-1
44,6,899.78,313.69,61.54,167.34,0.91,-1,-1,-1
44,10,609.98,334.19,17.17,45.24,0.78,-1,-1,-1
45,1,374.31,265.44,207.25,488.35,0.95,-1,-1,-1
45,2,205.60,216.86,222.68,542.23,0.93,-1,-1,-1
45,3,672.95,339.79,53.08,106.67,0.89,-1,-1,-1
45,4,634.91,333.31,43.81,112.63,0.90,-1,-1,-1
45,5,970.87,308.35,77.93,176.53,0.90,-1,-1,-1
45,6,901.70,313.37,61.46,168.88,0.91,-1,-1,-1
45,10,610.16,334.11,17.14,45.16,0.77,-1,-1,-1
46,1,365.71,262.72,203.13,499.89,0.95,-1,-1,-1
46,2,200.24,213.84,217.55,554.56,0.93,-1,-1,-1
46,3,672.60,339.84,53.17,106.83,0.88,-1,-1,-1
46,4,634.42,334.46,42.79,111.86,0.90,-1,-1,-1
46,5,974.95,310.38,75.77,176.23,0.88,-1,-1,-1
46,6,905.65,313.43,59.33,169.59,0.88,-1,-1,-1
46,10,609.92,334.55,17.13,44.82,0.74,-1,-1,-1
46,11,897.30,324.00,35.10,93.15,0.76,-1,-1,-1
47,1,355.60,260.00,201.83,524.10,0.94,-1,-1,-1
47,2,183.80,209.09,220.34,572.78,0.93,-1,-1,-1
47,3,671.82,340.36,53.23,106.96,0.89,-1,-1,-1
47,4,633.86,333.89,42.43,113.15,0.89,-1,-1,-1
47,5,983.07,311.08,71.32,178.36,0.88,-1,-1,-1
47,6,907.46,313.06,60.65,171.24,0.89,-1,-1,-1
47,10,609.44,333.72,17.13,45.31,0.74,-1,-1,-1
47,7,898.47,321.54,38.22,97.68,0.77,-1,-1,-1
48,1,345.59,258.07,203.34,541.52,0.93,-1,-1,-1
48,2,162.48,203.11,227.94,596.03,0.91,-1,-1,-1
48,3,671.58,339.98,48.44,106.36,0.85,-1,-1,-1
48,4,633.13,334.32,42.88,112.67,0.89,-1,-1,-1
48,5,985.88,311.70,71.94,180.62,0.91,-1,-1,-1
48,6,906.80,312.24,65.85,173.49,0.88,-1,-1,-1
48,10,609.36,333.45,17.12,45.16,0.77,-1,-1,-1
48,7,897.01,322.83,37.08,95.58,0.83,-1,-1,-1
48,12,795.15,334.35,21.60,52.65,0.74,-1,-1,-1
49,1,332.67,254.31,211.11,562.65,0.93,-1,-1,-1
49,2,137.46,193.74,237.49,613.33,0.91,-1,-1,-1
49,3,671.16,339.81,46.58,106.16,0.85,-1,-1,-1
49,4,632.25,334.59,43.06,112.21,0.89,-1,-1,-1
49,5,989.25,312.21,72.16,182.04,0.91,-1,-1,-1
49,6,908.87,310.58,66.64,175.94,0.88,-1,-1,-1
49,10,609.32,333.18,17.12,45.41,0.76,-1,-1,-1
49,7,896.56,323.17,37.90,94.65,0.84,-1,-1,-1
49,12,795.60,334.56,21.62,51.98,0.77,-1,-1,-1
50,1,319.20,253.02,215.62,580.97,0.92,-1,-1,-1
50,2,109.25,183.17,248.59,639.47,0.91,-1,-1,-1
50,3,670.06,339.00,49.03,107.62,0.86,-1,-1,-1
50,4,631.57,333.36,43.14,113.57,0.90,-1,-1,-1
50,5,991.03,311.56,74.62,183.75,0.90,-1,-1,-1
50,6,912.57,309.98,66.92,177.17,0.90,-1,-1,-1
50,10,608.95,333.24,17.12,45.21,0.69,-1,-1,-1
50,7,897.91,323.47,36.72,94.66,0.85,-1,-1,-1
50,12,795.69,334.80,22.33,52.91,0.71,-1,-1,-1
51,1,303.95,248.60,221.96,609.71,0.91,-1,-1,-1
51,2,72.17,175.37,270.39,659.23,0.92,-1,-1,-1
51,3,669.45,338.20,50.45,108.38,0.89,-1,-1,-1
51,4,631.43,333.01,41.95,113.39,0.90,-1,-1,-1
51,5,994.95,310.82,75.48,185.80,0.91,-1,-1,-1
51,6,915.87,308.10,66.66,181.12,0.91,-1,-1,-1
51,10,608.94,333.24,17.11,44.79,0.68,-1,-1,-1
51,7,899.60,323.51,35.63,95.22,0.84,-1,-1,-1
51,12,796.71,335.51,21.85,51.77,0.66,-1,-1,-1
52,1,283.73,242.88,232.37,642.23,0.91,-1,-1,-1
52,2,20.92,160.53,305.66,686.87,0.90,-1,-1,-1
52,3,668.59,337.32,51.05,109.35,0.89,-1,-1,-1
52,4,631.31,333.04,40.93,112.51,0.89,-1,-1,-1
52,5,996.52,309.93,79.39,188.13,0.92,-1,-1,-1
52,6,918.08,307.39,68.07,183.28,0.91,-1,-1,-1
52,10,608.86,333.25,17.12,44.65,0.69,-1,-1,-1
52,7,900.37,323.82,35.86,94.91,0.81,-1,-1,-1
52,12,797.05,335.55,21.68,50.37,0.55,-1,-1,-1
53,1,256.29,237.27,248.72,672.60,0.89,-1,-1,-1
53,2,-22.56,144.86,333.09,737.91,0.86,-1,-1,-1
53,3,667.69,335.94,51.83,110.54,0.89,-1,-1,-1
53,4,629.80,332.45,42.35,112.72,0.90,-1,-1,-1
53,5,1002.69,309.20,77.31,189.88,0.90,-1,-1,-1
53,6,919.32,307.01,70.89,186.16,0.90,-1,-1,-1
53,10,608.88,333.71,16.51,43.38,0.67,-1,-1,-1
53,7,900.86,322.88,36.82,96.28,0.84,-1,-1,-1
53,12,797.42,334.88,22.27,51.58,0.61,-1,-1,-1
54,1,219.99,227.17,270.28,718.70,0.87,-1,-1,-1
54,2,-35.83,131.41,327.65,765.83,0.83,-1,-1,-1
54,3,667.57,335.13,50.95,111.36,0.89,-1,-1,-1
54,4,628.85,331.92,42.88,113.47,0.90,-1,-1,-1
54,5,1008.64,309.10,77.63,190.17,0.91,-1,-1,-1
54,6,922.70,307.20,71.96,189.37,0.91,-1,-1,-1
54,10,608.16,333.57,16.89,43.53,0.69,-1,-1,-1
54,7,901.39,322.69,38.08,96.85,0.86,-1,-1,-1
54,12,797.51,334.66,22.47,51.37,0.52,-1,-1,-1
55,1,176.66,218.48,297.72,765.19,0.86,-1,-1,-1
55,2,-58.45,123.39,328.61,795.84,0.85,-1,-1,-1
55,3,667.25,335.04,50.01,111.66,0.87,-1,-1,-1
55,4,628.51,331.79,42.49,113.46,0.90,-1,-1,-1
55,5,1011.37,306.62,83.66,193.91,0.88,-1,-1,-1
55,6,924.55,306.04,75.86,192.74,0.90,-1,-1,-1
55,10,607.61,333.73,17.03,44.19,0.69,-1,-1,-1
55,7,901.31,322.68,38.85,96.78,0.83,-1,-1,-1
55,12,797.22,333.22,22.54,54.13,0.59,-1,-1,-1
56,1,120.91,203.34,333.79,832.19,0.84,-1,-1,-1
56,2,-83.56,110.37,328.30,842.79,0.82,-1,-1,-1
56,3,667.49,334.90,50.26,112.01,0.89,-1,-1,-1
56,4,627.86,331.33,42.95,114.30,0.89,-1,-1,-1
56,5,1015.15,304.64,85.90,197.10,0.89,-1,-1,-1
56,6,928.04,306.05,78.49,194.91,0.88,-1,-1,-1
56,10,607.17,333.53,17.08,45.02,0.69,-1,-1,-1
56,7,901.26,322.36,39.74,97.02,0.87,-1,-1,-1
56,12,797.72,332.70,21.94,55.09,0.58,-1,-1,-1
57,1,73.61,184.59,364.04,921.93,0.73,-1,-1,-1
57,2,-115.61,99.75,332.77,890.49,0.75,-1,-1,-1
57,3,666.94,334.91,50.35,112.17,0.86,-1,-1,-1
57,4,627.27,331.80,43.12,114.66,0.89,-1,-1,-1
57,5,1017.13,303.84,90.23,199.65,0.87,-1,-1,-1
57,6,931.11,307.91,79.47,195.43,0.89,-1,-1,-1
57,10,606.95,333.94,17.10,45.05,0.71,-1,-1,-1
57,7,901.25,322.31,41.83,97.14,0.87,-1,-1,-1
57,12,797.88,332.42,21.71,55.45,0.53,-1,-1,-1
58,1,39.39,172.12,379.74,958.62,0.72,-1,-1,-1
58,2,-146.92,91.64,334.53,924.08,0.68,-1,-1,-1
58,3,665.89,334.91,51.56,112.48,0.87,-1,-1,-1
58,4,626.53,331.83,43.16,114.75,0.88,-1,-1,-1
58,5,1021.19,302.98,90.68,203.14,0.91,-1,-1,-1
58,6,935.68,308.95,78.61,196.96,0.90,-1,-1,-1
58,10,606.04,333.49,17.70,46.24,0.76,-1,-1,-1
58,7,900.93,321.54,42.89,98.65,0.88,-1,-1,-1
58,12,799.15,332.77,21.01,53.74,0.52,-1,-1,-1
59,1,19.16,151.83,376.58,1021.36,0.77,-1,-1,-1
59,3,665.27,335.40,52.64,112.59,0.87,-1,-1,-1
59,4,626.31,330.98,42.61,115.68,0.88,-1,-1,-1
59,5,1025.64,302.62,93.17,208.52,0.91,-1,-1,-1
59,6,939.79,309.03,80.62,200.71,0.90,-1,-1,-1
59,10,605.75,333.36,17.93,46.38,0.69,-1,-1,-1
59,7,900.59,320.49,44.19,100.11,0.87,-1,-1,-1
59,12,799.66,333.22,20.76,51.54,0.50,-1,-1,-1
60,1,-32.60,135.35,401.56,1093.79,0.78,-1,-1,-1
60,3,664.71,336.21,53.04,112.94,0.86,-1,-1,-1
60,4,626.20,331.29,42.40,115.45,0.85,-1,-1,-1
60,5,1029.62,303.43,97.58,212.90,0.92,-1,-1,-1
60,6,943.64,309.11,83.69,205.07,0.89,-1,-1,-1
60,10,605.31,333.19,18.02,47.03,0.63,-1,-1,-1
60,7,900.48,320.28,44.09,100.68,0.88,-1,-1,-1
60,12,800.13,333.88,20.07,49.81,0.50,-1,-1,-1
60,13,627.30,357.07,37.80,90.45,0.76,-1,-1,-1
61,1,-65.50,130.01,405.74,1133.35,0.80,-1,-1,-1
61,3,664.43,337.55,52.01,112.24,0.86,-1,-1,-1
61,4,623.68,331.83,45.33,116.02,0.90,-1,-1,-1
61,5,1035.24,301.61,102.72,219.76,0.93,-1,-1,-1
61,6,949.19,309.46,79.04,207.67,0.90,-1,-1,-1
61,10,604.45,333.39,18.64,47.30,0.71,-1,-1,-1
61,7,901.07,320.67,44.62,99.76,0.89,-1,-1,-1
61,12,800.88,334.13,19.82,48.91,0.46,-1,-1,-1
61,14,918.00,314.77,34.20,105.30,0.81,-1,-1,-1
62,1,-146.89,92.09,454.88,1223.50,0.75,-1,-1,-1
62,3,665.01,337.86,52.76,112.15,0.87,-1,-1,-1
62,4,623.15,332.29,46.96,116.42,0.89,-1,-1,-1
62,5,1042.21,302.76,104.61,222.25,0.93,-1,-1,-1
62,6,954.62,307.77,77.02,211.32,0.91,-1,-1,-1
62,10,603.95,333.72,17.69,47.05,0.77,-1,-1,-1
62,7,900.56,320.91,45.95,99.30,0.89,-1,-1,-1
62,12,801.08,333.39,20.34,50.08,0.64,-1,-1,-1
63,1,-190.09,98.75,460.55,1230.92,0.78,-1,-1,-1
63,3,664.62,338.12,54.24,112.78,0.89,-1,-1,-1
63,4,622.33,332.46,48.18,116.63,0.89,-1,-1,-1
63,5,1047.93,304.16,107.62,225.29,0.94,-1,-1,-1
63,6,957.25,305.69,82.27,215.41,0.89,-1,-1,-1
63,10,603.42,333.69,17.30,47.27,0.77,-1,-1,-1
63,7,900.77,321.18,45.57,99.48,0.89,-1,-1,-1
63,12,801.48,333.29,20.54,50.25,0.61,-1,-1,-1
64,1,-237.52,157.57,464.73,1175.54,0.58,-1,-1,-1
64,3,664.47,338.30,54.79,112.69,0.89,-1,-1,-1
64,4,622.04,332.47,48.63,116.38,0.90,-1,-1,-1
64,5,1052.84,304.36,107.55,227.18,0.94,-1,-1,-1
64,6,961.03,303.67,84.16,219.20,0.90,-1,-1,-1
64,10,603.24,333.62,17.16,47.34,0.78,-1,-1,-1
64,7,900.80,321.23,45.39,98.92,0.89,-1,-1,-1
64,12,801.58,333.04,20.61,50.91,0.62,-1,-1,-1
64,15,919.80,319.27,34.20,101.70,0.76,-1,-1,-1
65,1,-249.38,201.38,411.79,1084.90,0.11,-1,-1,-1
65,3,664.38,337.18,54.97,114.13,0.89,-1,-1,-1
65,4,622.21,332.48,48.77,115.97,0.89,-1,-1,-1
65,5,1058.58,303.30,107.40,233.94,0.93,-1,-1,-1
65,6,965.22,301.31,83.66,222.14,0.91,-1,-1,-1
65,10,602.56,333.60,17.10,47.05,0.77,-1,-1,-1
65,7,900.45,320.97,44.99,99.30,0.88,-1,-1,-1
65,12,802.15,332.97,20.04,50.56,0.63,-1,-1,-1
65,15,921.38,323.47,32.78,98.21,0.74,-1,-1,-1
66,3,664.33,335.67,55.04,115.89,0.88,-1,-1,-1
66,4,621.96,331.83,49.41,116.44,0.90,-1,-1,-1
66,5,1064.26,300.95,104.94,238.71,0.93,-1,-1,-1
66,6,967.95,299.93,85.81,224.57,0.93,-1,-1,-1
66,10,601.96,332.95,17.09,47.55,0.79,-1,-1,-1
66,7,900.65,320.52,45.13,100.07,0.88,-1,-1,-1
66,12,802.04,332.90,20.44,50.74,0.62,-1,-1,-1
66,15,921.73,323.91,32.51,97.20,0.67,-1,-1,-1
67,3,664.33,335.32,55.04,115.04,0.88,-1,-1,-1
67,4,621.90,331.08,49.63,116.59,0.91,-1,-1,-1
67,5,1068.56,300.44,105.07,241.27,0.93,-1,-1,-1
67,6,972.95,298.93,84.22,227.13,0.94,-1,-1,-1
67,10,600.88,332.64,18.28,48.61,0.81,-1,-1,-1
67,7,900.41,320.29,44.86,100.33,0.88,-1,-1,-1
67,12,802.58,333.56,19.99,50.21,0.70,-1,-1,-1
67,15,921.02,323.56,32.41,97.87,0.73,-1,-1,-1
68,3,664.47,334.67,55.06,114.96,0.87,-1,-1,-1
68,4,622.32,330.27,49.72,116.61,0.91,-1,-1,-1
68,5,1074.23,296.99,107.50,246.02,0.94,-1,-1,-1
68,6,975.99,297.24,85.98,230.30,0.94,-1,-1,-1
68,10,600.62,332.45,18.73,48.70,0.81,-1,-1,-1
68,7,900.40,319.32,44.17,101.30,0.89,-1,-1,-1
68,12,802.87,333.69,19.83,49.39,0.70,-1,-1,-1
68,15,921.17,319.75,33.42,100.44,0.71,-1,-1,-1
69,3,664.82,333.55,50.24,115.51,0.86,-1,-1,-1
69,4,623.39,330.13,47.92,116.61,0.91,-1,-1,-1
69,5,1080.87,295.36,108.30,249.03,0.93,-1,-1,-1
69,6,979.92,296.13,87.72,235.81,0.93,-1,-1,-1
69,10,600.84,332.39,18.30,48.72,0.80,-1,-1,-1
69,7,900.37,319.18,43.87,101.05,0.89,-1,-1,-1
69,12,802.93,333.33,20.36,51.20,0.64,-1,-1,-1
69,15,922.79,323.11,31.45,97.06,0.68,-1,-1,-1
70,3,664.98,333.59,50.25,115.11,0.87,-1,-1,-1
70,4,623.84,329.95,47.24,116.30,0.91,-1,-1,-1
70,5,1089.78,292.03,108.61,253.88,0.94,-1,-1,-1
70,6,983.70,293.61,89.60,242.81,0.93,-1,-1,-1
70,10,600.96,332.38,18.13,48.72,0.82,-1,-1,-1
70,7,900.39,318.93,44.37,101.54,0.88,-1,-1,-1
70,12,802.97,333.02,20.58,52.17,0.58,-1,-1,-1
70,15,922.73,324.49,32.07,95.81,0.67,-1,-1,-1
71,3,664.38,333.39,52.07,115.28,0.87,-1,-1,-1
71,4,624.24,329.95,46.37,116.22,0.91,-1,-1,-1
71,5,1096.02,288.45,116.94,259.07,0.94,-1,-1,-1
71,6,988.58,293.53,90.24,248.56,0.92,-1,-1,-1
71,10,600.04,332.00,18.66,49.32,0.82,-1,-1,-1
71,7,900.40,319.27,45.14,100.86,0.90,-1,-1,-1
71,12,803.55,332.86,20.65,54.33,0.43,-1,-1,-1
71,15,920.19,320.17,34.78,100.80,0.79,-1,-1,-1
72,3,663.62,333.50,50.95,114.99,0.86,-1,-1,-1
72,4,624.16,330.14,46.04,116.14,0.91,-1,-1,-1
72,5,1102.20,284.75,123.48,263.76,0.95,-1,-1,-1
72,6,995.55,294.42,88.09,250.26,0.91,-1,-1,-1
72,10,599.79,331.89,18.27,49.82,0.84,-1,-1,-1
72,7,900.37,319.40,46.01,100.55,0.89,-1,-1,-1
72,12,804.35,332.66,20.68,54.53,0.28,-1,-1,-1
72,15,917.74,320.18,36.04,101.59,0.81,-1,-1,-1
72,16,972.90,321.07,50.40,106.20,0.86,-1,-1,-1
73,3,663.27,333.39,52.95,115.51,0.87,-1,-1,-1
73,4,624.06,330.06,45.93,117.05,0.91,-1,-1,-1
73,5,1107.45,282.77,129.50,267.59,0.95,-1,-1,-1
73,6,1000.50,294.93,92.02,253.06,0.92,-1,-1,-1
73,10,599.33,331.70,18.11,50.31,0.84,-1,-1,-1
73,7,900.39,319.30,46.35,100.77,0.89,-1,-1,-1
73,12,804.62,332.58,20.70,54.03,0.30,-1,-1,-1
73,15,917.43,321.41,36.52,100.68,0.81,-1,-1,-1
73,16,973.14,323.11,53.33,105.25,0.85,-1,-1,-1
74,3,662.97,334.29,54.87,114.46,0.88,-1,-1,-1
74,4,623.56,329.78,45.90,118.24,0.91,-1,-1,-1
74,5,1112.19,283.06,136.41,270.72,0.96,-1,-1,-1
74,6,1004.62,295.00,95.81,258.77,0.92,-1,-1,-1
74,10,599.31,331.97,18.05,50.17,0.82,-1,-1,-1
74,7,900.74,318.96,45.58,101.10,0.88,-1,-1,-1
74,12,804.79,332.11,20.70,54.99,0.20,-1,-1,-1
74,15,917.37,321.12,36.68,100.88,0.84,-1,-1,-1
74,16,974.63,322.64,52.54,106.10,0.87,-1,-1,-1
75,3,662.17,335.83,56.81,113.85,0.88,-1,-1,-1
75,4,623.54,330.10,45.31,119.08,0.91,-1,-1,-1
75,5,1117.05,283.67,142.59,275.25,0.96,-1,-1,-1
75,6,1008.00,294.91,99.63,264.87,0.91,-1,-1,-1
75,10,598.56,332.06,18.04,50.75,0.82,-1,-1,-1
75,7,901.26,319.73,44.40,101.01,0.88,-1,-1,-1
75,12,805.74,334.02,20.12,53.02,0.35,-1,-1,-1
75,15,916.57,323.14,37.63,99.81,0.85,-1,-1,-1
75,16,973.68,322.21,53.65,106.74,0.90,-1,-1,-1
76,3,661.89,336.30,57.52,114.17,0.88,-1,-1,-1
76,4,623.27,329.98,45.07,119.93,0.91,-1,-1,-1
76,5,1122.06,283.16,147.17,284.24,0.95,-1,-1,-1
76,6,1008.48,293.94,108.00,269.62,0.92,-1,-1,-1
76,10,598.34,332.14,18.03,50.93,0.81,-1,-1,-1
76,7,901.37,319.94,45.74,101.23,0.89,-1,-1,-1
76,12,806.35,334.96,19.89,51.31,0.32,-1,-1,-1
76,15,916.79,323.36,37.96,99.66,0.84,-1,-1,-1
76,16,974.56,321.83,51.31,107.53,0.89,-1,-1,-1
77,3,660.87,336.50,58.96,114.91,0.89,-1,-1,-1
77,4,622.53,331.00,44.99,119.37,0.91,-1,-1,-1
77,5,1127.33,283.33,152.33,294.61,0.95,-1,-1,-1
77,6,1012.58,292.59,111.21,280.00,0.92,-1,-1,-1
77,10,597.63,332.20,18.02,51.30,0.79,-1,-1,-1
77,7,901.10,320.05,46.52,101.32,0.89,-1,-1,-1
77,12,806.83,336.09,18.60,48.86,0.15,-1,-1,-1
77,15,918.07,328.00,36.87,95.68,0.79,-1,-1,-1
77,16,976.15,323.38,47.84,106.46,0.86,-1,-1,-1
78,3,661.21,335.52,58.91,116.93,0.88,-1,-1,-1
78,4,622.10,331.55,44.37,119.68,0.91,-1,-1,-1
78,5,1134.95,283.94,154.26,299.82,0.92,-1,-1,-1
78,6,1019.28,293.77,112.42,284.34,0.93,-1,-1,-1
78,10,597.22,332.23,18.02,51.70,0.81,-1,-1,-1
78,7,901.05,320.04,46.82,102.21,0.89,-1,-1,-1
78,12,807.37,336.30,18.12,48.86,0.15,-1,-1,-1
78,15,917.72,327.54,37.94,96.28,0.78,-1,-1,-1
78,16,977.99,321.79,42.76,108.26,0.89,-1,-1,-1
79,3,661.23,336.41,58.84,116.51,0.89,-1,-1,-1
79,4,621.52,331.82,44.12,119.81,0.91,-1,-1,-1
79,5,1142.90,284.53,154.83,302.88,0.91,-1,-1,-1
79,6,1024.01,293.09,117.41,289.11,0.93,-1,-1,-1
79,10,596.96,332.31,18.01,51.55,0.81,-1,-1,-1
79,7,901.22,319.87,47.80,102.85,0.89,-1,-1,-1
79,12,807.75,336.18,17.95,49.18,0.14,-1,-1,-1
79,15,917.49,326.13,38.89,97.73,0.78,-1,-1,-1
79,16,979.12,321.38,41.19,108.58,0.90,-1,-1,-1
80,3,661.02,337.14,58.76,116.27,0.89,-1,-1,-1
80,4,621.10,332.01,44.01,120.07,0.91,-1,-1,-1
80,5,1150.22,285.36,152.46,310.72,0.91,-1,-1,-1
80,6,1029.02,290.92,121.50,295.14,0.92,-1,-1,-1
80,10,596.39,332.13,17.99,51.45,0.73,-1,-1,-1
80,7,900.90,319.61,47.24,103.62,0.89,-1,-1,-1
80,12,807.84,335.92,18.50,50.49,0.13,-1,-1,-1
80,15,918.21,320.29,38.33,103.62,0.80,-1,-1,-1
80,16,979.34,321.83,40.75,108.30,0.87,-1,-1,-1
81,3,660.62,337.38,58.12,116.23,0.88,-1,-1,-1
81,4,620.30,332.19,44.58,119.92,0.91,-1,-1,-1
81,5,1157.71,285.43,150.24,315.49,0.88,-1,-1,-1
81,6,1035.03,289.07,123.04,300.53,0.94,-1,-1,-1
81,10,595.82,332.02,18.59,51.13,0.73,-1,-1,-1
81,7,900.56,319.51,47.91,103.95,0.89,-1,-1,-1
81,12,808.19,336.10,18.71,51.00,0.29,-1,-1,-1
81,15,919.18,318.11,38.09,105.85,0.77,-1,-1,-1
81,16,979.46,322.93,40.69,106.99,0.87,-1,-1,-1
82,3,660.12,336.71,57.27,117.17,0.87,-1,-1,-1
82,4,618.74,331.94,46.00,120.81,0.91,-1,-1,-1
82,5,1165.86,284.05,150.49,326.68,0.85,-1,-1,-1
82,6,1042.60,287.23,124.72,304.95,0.93,-1,-1,-1
82,10,594.65,331.52,19.40,52.22,0.80,-1,-1,-1
82,7,900.48,319.78,48.75,103.52,0.89,-1,-1,-1
82,12,808.92,335.88,18.79,50.93,0.27,-1,-1,-1
82,15,921.41,318.48,36.80,104.69,0.67,-1,-1,-1
82,16,979.55,323.53,39.48,106.85,0.88,-1,-1,-1
83,3,658.49,335.97,58.13,117.71,0.86,-1,-1,-1
83,4,617.95,331.97,45.34,121.05,0.91,-1,-1,-1
83,5,1177.90,281.97,144.55,330.01,0.85,-1,-1,-1
83,6,1049.83,284.71,127.59,309.75,0.94,-1,-1,-1
83,10,594.31,331.01,19.71,52.88,0.81,-1,-1,-1
83,7,900.04,319.36,49.94,104.46,0.88,-1,-1,-1
83,12,808.82,335.42,20.03,51.46,0.36,-1,-1,-1
83,15,922.13,318.43,36.29,103.81,0.66,-1,-1,-1
83,16,978.76,323.65,40.39,106.71,0.87,-1,-1,-1
84,3,658.18,335.41,58.46,118.27,0.87,-1,-1,-1
84,4,616.74,331.25,46.30,122.37,0.91,-1,-1,-1
84,5,1194.45,279.75,136.14,326.55,0.80,-1,-1,-1
84,6,1057.87,281.31,129.81,314.95,0.92,-1,-1,-1
84,10,593.56,330.54,20.41,53.74,0.79,-1,-1,-1
84,7,899.96,319.09,50.39,104.86,0.88,-1,-1,-1
84,12,808.82,334.83,20.49,52.58,0.38,-1,-1,-1
84,15,922.47,319.22,36.10,103.20,0.65,-1,-1,-1
84,16,978.58,322.83,39.51,107.01,0.82,-1,-1,-1
85,3,657.58,335.31,58.56,117.19,0.85,-1,-1,-1
85,4,615.83,330.95,47.24,122.18,0.91,-1,-1,-1
85,5,1203.70,277.35,137.84,316.71,0.81,-1,-1,-1
85,6,1067.08,279.07,134.07,318.60,0.93,-1,-1,-1
85,10,593.43,330.35,20.68,54.02,0.80,-1,-1,-1
85,7,900.77,318.62,50.25,104.92,0.89,-1,-1,-1
85,12,809.40,334.10,20.07,52.66,0.28,-1,-1,-1
85,15,922.52,317.81,36.03,104.08,0.72,-1,-1,-1
85,16,978.40,322.88,39.24,106.45,0.89,-1,-1,-1
85,17,672.30,328.27,43.20,108.90,0.71,-1,-1,-1
86,3,656.38,334.15,55.64,117.45,0.84,-1,-1,-1
86,4,614.79,330.45,47.03,121.88,0.89,-1,-1,-1
86,5,1219.10,277.74,134.89,317.15,0.40,-1,-1,-1
86,6,1075.32,275.24,139.18,331.07,0.91,-1,-1,-1
86,10,592.97,330.64,20.78,54.15,0.82,-1,-1,-1
86,7,900.57,318.82,49.60,104.71,0.89,-1,-1,-1
86,12,809.92,333.01,20.51,55.41,0.13,-1,-1,-1
86,15,921.72,316.64,35.12,103.28,0.75,-1,-1,-1
86,16,977.21,323.00,40.43,107.21,0.90,-1,-1,-1
87,3,655.75,333.43,53.26,117.75,0.89,-1,-1,-1
87,4,614.85,330.28,44.54,121.97,0.89,-1,-1,-1
87,5,1238.76,267.45,148.26,357.43,0.11,-1,-1,-1
87,6,1083.36,272.62,149.15,342.72,0.95,-1,-1,-1
87,10,592.37,330.64,20.80,53.55,0.83,-1,-1,-1
87,7,900.42,318.58,49.32,105.13,0.89,-1,-1,-1
87,12,810.39,332.14,21.26,60.77,0.29,-1,-1,-1
87,15,921.62,314.98,35.68,105.28,0.77,-1,-1,-1
87,16,976.66,323.15,40.87,107.11,0.90,-1,-1,-1
88,3,654.46,332.76,54.26,118.86,0.85,-1,-1,-1
88,4,613.81,329.36,44.20,122.99,0.89,-1,-1,-1
88,6,1091.70,270.29,165.58,354.05,0.94,-1,-1,-1
88,10,591.64,330.52,21.40,53.66,0.83,-1,-1,-1
88,7,900.40,318.58,49.23,105.38,0.88,-1,-1,-1
88,12,810.52,332.03,21.55,62.59,0.30,-1,-1,-1
88,15,922.23,315.66,35.89,106.40,0.78,-1,-1,-1
88,16,976.55,323.15,41.07,107.77,0.90,-1,-1,-1
89,3,654.04,333.29,52.82,118.37,0.88,-1,-1,-1
89,4,613.17,328.75,44.68,124.24,0.88,-1,-1,-1
89,6,1101.06,268.89,178.74,364.92,0.93,-1,-1,-1
89,10,591.41,330.95,20.45,52.79,0.81,-1,-1,-1
89,7,900.69,318.61,48.88,105.15,0.88,-1,-1,-1
89,12,810.56,332.17,21.65,62.69,0.17,-1,-1,-1
89,15,920.06,315.23,38.37,107.38,0.80,-1,-1,-1
89,16,976.50,323.18,41.16,108.00,0.91,-1,-1,-1
90,3,653.37,334.04,51.69,118.45,0.87,-1,-1,-1
90,4,611.82,328.32,44.88,124.99,0.89,-1,-1,-1
90,6,1113.71,268.41,180.68,376.17,0.93,-1,-1,-1
90,10,590.21,331.52,21.27,52.44,0.83,-1,-1,-1
90,7,900.55,318.96,47.86,104.74,0.86,-1,-1,-1
90,12,810.61,332.15,21.69,62.68,0.23,-1,-1,-1
90,15,918.71,318.84,38.13,104.16,0.78,-1,-1,-1
90,16,977.12,323.66,40.02,107.77,0.90,-1,-1,-1
91,3,652.84,334.45,51.30,119.08,0.88,-1,-1,-1
91,4,610.73,328.59,44.97,123.78,0.90,-1,-1,-1
91,6,1126.13,269.54,178.95,384.29,0.89,-1,-1,-1
91,10,590.07,331.71,20.99,52.61,0.82,-1,-1,-1
91,7,897.19,318.76,50.20,105.49,0.88,-1,-1,-1
91,12,811.23,331.53,21.70,62.94,0.31,-1,-1,-1
91,15,917.61,319.31,38.03,104.41,0.81,-1,-1,-1
91,16,977.39,323.66,39.62,107.39,0.90,-1,-1,-1
92,3,652.72,334.87,51.16,119.27,0.90,-1,-1,-1
92,4,610.12,328.67,45.00,123.86,0.90,-1,-1,-1
92,6,1138.24,268.71,174.50,381.12,0.89,-1,-1,-1
92,10,590.12,331.74,20.26,52.96,0.82,-1,-1,-1
92,7,895.66,318.66,52.51,106.03,0.88,-1,-1,-1
92,12,811.76,331.56,21.70,62.10,0.27,-1,-1,-1
92,15,916.88,319.45,38.27,104.77,0.81,-1,-1,-1
92,16,977.45,323.77,39.48,106.91,0.90,-1,-1,-1
93,3,652.39,335.33,50.48,119.00,0.91,-1,-1,-1
93,4,608.13,329.00,46.77,123.24,0.92,-1,-1,-1
93,6,1150.09,270.62,174.78,370.85,0.90,-1,-1,-1
93,10,589.57,331.90,21.17,53.37,0.86,-1,-1,-1
93,7,893.52,319.11,55.98,105.59,0.90,-1,-1,-1
93,12,812.17,331.31,21.07,61.43,0.21,-1,-1,-1
93,15,917.10,320.45,38.32,104.26,0.83,-1,-1,-1
93,16,977.33,323.41,39.41,107.29,0.90,-1,-1,-1
93,18,675.00,324.00,38.70,113.85,0.78,-1,-1,-1
94,3,652.71,335.60,49.68,119.19,0.91,-1,-1,-1
94,4,607.53,329.39,46.87,123.29,0.92,-1,-1,-1
94,6,1158.60,268.85,183.10,374.02,0.87,-1,-1,-1
94,10,589.20,331.92,20.93,53.52,0.85,-1,-1,-1
94,7,892.56,318.87,58.79,105.72,0.91,-1,-1,-1
94,12,813.65,331.58,19.64,58.17,0.21,-1,-1,-1
94,15,917.94,320.55,38.36,104.36,0.83,-1,-1,-1
94,16,976.83,322.54,40.63,108.33,0.90,-1,-1,-1
94,18,674.24,324.25,39.47,114.69,0.80,-1,-1,-1
95,3,653.17,335.86,48.80,119.85,0.91,-1,-1,-1
95,4,606.76,329.55,47.50,123.32,0.91,-1,-1,-1
95,6,1169.81,267.61,176.97,377.44,0.87,-1,-1,-1
95,10,588.80,331.48,20.82,53.87,0.85,-1,-1,-1
95,7,893.11,318.93,58.43,105.76,0.91,-1,-1,-1
95,12,815.12,332.15,18.49,52.93,0.14,-1,-1,-1
95,15,918.30,319.39,38.37,105.90,0.81,-1,-1,-1
95,16,976.68,322.96,41.10,107.54,0.90,-1,-1,-1
95,18,673.76,324.31,39.63,115.23,0.82,-1,-1,-1
96,3,652.96,335.85,49.09,120.13,0.91,-1,-1,-1
96,4,606.39,329.50,47.71,123.35,0.91,-1,-1,-1
96,6,1185.10,271.93,178.93,378.98,0.77,-1,-1,-1
96,10,588.55,331.06,20.77,54.01,0.85,-1,-1,-1
96,7,894.49,318.62,57.05,105.81,0.91,-1,-1,-1
96,12,815.56,331.86,18.07,53.20,0.15,-1,-1,-1
96,15,919.00,318.62,38.35,107.10,0.80,-1,-1,-1
96,16,976.00,322.81,42.46,107.56,0.90,-1,-1,-1
96,18,673.56,324.58,39.64,115.01,0.82,-1,-1,-1
97,3,652.64,335.50,49.21,120.54,0.91,-1,-1,-1
97,4,606.33,329.29,48.38,123.37,0.91,-1,-1,-1
97,6,1204.82,265.88,180.76,394.23,0.46,-1,-1,-1
97,10,588.22,330.55,20.75,54.36,0.85,-1,-1,-1
97,7,896.01,317.86,55.58,106.13,0.90,-1,-1,-1
97,12,816.37,331.71,17.93,52.39,0.32,-1,-1,-1
97,15,919.63,317.54,38.04,108.14,0.81,-1,-1,-1
97,16,975.82,321.81,42.97,109.07,0.89,-1,-1,-1
97,18,673.91,324.29,39.64,115.24,0.83,-1,-1,-1
98,3,651.57,335.23,50.47,120.04,0.91,-1,-1,-1
98,4,606.29,329.22,48.61,123.33,0.91,-1,-1,-1
98,10,588.08,330.22,20.13,54.47,0.84,-1,-1,-1
98,7,897.06,317.74,54.38,106.50,0.90,-1,-1,-1
98,12,816.22,331.06,19.11,56.06,0.34,-1,-1,-1
98,15,920.33,318.34,36.70,106.41,0.81,-1,-1,-1
98,16,976.18,319.96,43.15,110.79,0.90,-1,-1,-1
98,18,674.32,322.89,39.62,116.25,0.82,-1,-1,-1
99,3,650.54,334.81,51.53,120.20,0.90,-1,-1,-1
99,4,606.24,329.02,48.68,123.37,0.92,-1,-1,-1
99,10,587.97,329.78,20.50,54.83,0.84,-1,-1,-1
99,7,898.41,317.73,53.01,105.79,0.88,-1,-1,-1
99,12,816.47,332.32,18.35,52.69,0.16,-1,-1,-1
99,15,920.94,318.39,36.49,106.37,0.83,-1,-1,-1
99,16,976.39,319.61,43.21,111.18,0.91,-1,-1,-1
99,18,674.75,324.31,38.97,114.72,0.82,-1,-1,-1
100,3,650.24,334.84,51.96,119.93,0.90,-1,-1,-1
100,4,606.04,328.70,49.31,123.35,0.92,-1,-1,-1
100,10,587.73,329.81,20.64,54.35,0.82,-1,-1,-1
100,7,898.66,317.72,52.80,106.39,0.89,-1,-1,-1
100,12,817.20,333.77,16.84,48.86,0.12,-1,-1,-1
100,15,921.51,318.10,37.34,106.03,0.83,-1,-1,-1
100,16,974.73,319.01,45.63,111.59,0.91,-1,-1,-1
100,18,674.98,324.38,38.75,114.76,0.82,-1,-1,-1
101,3,649.56,334.20,52.13,120.74,0.91,-1,-1,-1
101,4,606.57,328.37,49.55,123.67,0.92,-1,-1,-1
101,10,587.35,329.93,21.30,54.47,0.81,-1,-1,-1
101,7,899.70,317.07,51.23,107.83,0.89,-1,-1,-1
101,15,921.47,317.94,38.55,106.21,0.82,-1,-1,-1
101,16,974.76,319.35,46.53,111.16,0.90,-1,-1,-1
101,18,675.38,325.11,38.06,113.86,0.81,-1,-1,-1
102,3,650.00,333.94,52.77,120.94,0.91,-1,-1,-1
102,4,606.62,328.10,50.20,123.98,0.92,-1,-1,-1
102,10,587.06,329.67,21.53,55.06,0.81,-1,-1,-1
102,7,900.29,316.79,51.52,107.98,0.89,-1,-1,-1
102,15,921.62,317.55,39.29,106.48,0.80,-1,-1,-1
102,16,974.62,319.75,46.85,110.89,0.91,-1,-1,-1
102,18,675.58,325.35,37.80,113.44,0.79,-1,-1,-1
103,3,650.74,333.92,52.41,120.71,0.90,-1,-1,-1
103,4,607.20,327.63,49.84,124.40,0.91,-1,-1,-1
103,10,586.62,329.80,21.61,55.88,0.82,-1,-1,-1
103,7,900.76,316.77,50.72,108.02,0.88,-1,-1,-1
103,15,922.23,317.63,38.38,106.29,0.83,-1,-1,-1
103,16,974.53,320.13,46.95,111.08,0.91,-1,-1,-1
103,18,675.61,326.11,38.34,112.69,0.79,-1,-1,-1
104,3,651.93,333.95,51.08,120.05,0.89,-1,-1,-1
104,4,608.32,327.18,49.09,125.17,0.91,-1,-1,-1
104,10,586.15,330.03,21.64,56.49,0.83,-1,-1,-1
104,7,900.97,317.11,50.43,108.06,0.88,-1,-1,-1
104,15,923.10,317.86,38.02,105.93,0.85,-1,-1,-1
104,16,975.75,320.78,46.98,111.16,0.92,-1,-1,-1
104,18,674.71,326.25,39.75,113.66,0.83,-1,-1,-1
105,3,652.64,334.03,50.61,119.87,0.90,-1,-1,-1
105,4,608.98,327.68,48.84,124.95,0.91,-1,-1,-1
105,10,585.60,330.19,21.67,56.75,0.83,-1,-1,-1
105,7,901.46,317.59,50.67,108.13,0.88,-1,-1,-1
105,15,924.16,318.45,37.91,105.56,0.85,-1,-1,-1
105,16,976.40,321.22,47.01,111.56,0.92,-1,-1,-1
105,18,674.05,326.66,40.31,115.01,0.83,-1,-1,-1
106,3,652.30,334.39,49.22,120.67,0.89,-1,-1,-1
106,4,609.53,328.06,49.92,124.81,0.91,-1,-1,-1
106,10,585.42,330.58,21.66,56.82,0.83,-1,-1,-1
106,7,901.24,318.26,51.66,107.82,0.87,-1,-1,-1
106,15,923.85,319.00,39.06,105.39,0.85,-1,-1,-1
106,16,977.73,321.57,45.81,111.37,0.91,-1,-1,-1
106,18,674.38,327.27,41.10,115.48,0.85,-1,-1,-1
107,3,653.03,334.82,48.11,121.57,0.91,-1,-1,-1
107,4,610.58,328.79,49.74,125.06,0.92,-1,-1,-1
107,10,584.41,331.17,21.66,56.84,0.83,-1,-1,-1
107,7,901.43,318.78,51.74,108.00,0.89,-1,-1,-1
107,15,923.70,319.33,38.31,105.63,0.84,-1,-1,-1
107,16,978.21,322.72,45.34,111.30,0.92,-1,-1,-1
107,18,672.98,327.02,42.59,117.76,0.86,-1,-1,-1
108,3,653.31,335.57,46.48,122.16,0.91,-1,-1,-1
108,4,611.00,329.07,49.65,126.01,0.92,-1,-1,-1
108,10,583.78,330.93,21.65,57.41,0.85,-1,-1,-1
108,7,901.41,319.12,51.15,107.72,0.88,-1,-1,-1
108,15,924.74,320.05,36.79,105.69,0.81,-1,-1,-1
108,16,979.48,322.55,43.95,110.92,0.90,-1,-1,-1
108,18,670.68,327.21,44.90,116.78,0.86,-1,-1,-1
109,3,652.75,335.66,47.75,122.99,0.89,-1,-1,-1
109,4,610.80,329.57,49.61,126.37,0.92,-1,-1,-1
109,10,583.20,331.55,21.65,57.03,0.86,-1,-1,-1
109,7,901.07,319.51,51.84,107.63,0.89,-1,-1,-1
109,15,925.72,321.92,35.01,104.22,0.80,-1,-1,-1
109,16,979.94,322.89,43.42,111.39,0.91,-1,-1,-1
109,18,669.47,327.38,45.78,117.30,0.86,-1,-1,-1
110,3,651.91,335.77,48.81,123.60,0.88,-1,-1,-1
110,4,610.67,329.84,49.58,126.81,0.92,-1,-1,-1
110,10,582.36,331.56,22.24,57.48,0.86,-1,-1,-1
110,7,900.62,319.89,52.39,108.20,0.89,-1,-1,-1
110,15,926.04,324.83,34.35,101.57,0.81,-1,-1,-1
110,16,980.08,323.12,43.23,111.57,0.91,-1,-1,-1
110,18,668.68,327.52,46.68,118.10,0.86,-1,-1,-1
111,3,650.99,336.02,50.40,124.42,0.87,-1,-1,-1
111,4,610.32,329.85,49.56,127.56,0.92,-1,-1,-1
111,10,581.76,331.16,21.86,58.24,0.85,-1,-1,-1
111,7,901.34,319.96,52.29,108.71,0.89,-1,-1,-1
111,15,926.14,322.04,35.35,105.15,0.79,-1,-1,-1
111,16,980.12,322.98,43.16,111.64,0.91,-1,-1,-1
111,18,668.39,327.47,47.00,118.39,0.86,-1,-1,-1
112,3,650.41,336.41,49.80,125.00,0.88,-1,-1,-1
112,4,609.65,330.14,49.52,127.83,0.92,-1,-1,-1
112,10,580.73,329.96,22.30,59.70,0.87,-1,-1,-1
112,7,901.34,319.87,53.13,108.89,0.88,-1,-1,-1
112,15,926.78,322.24,34.49,105.55,0.79,-1,-1,-1
112,16,980.14,322.52,44.32,112.55,0.91,-1,-1,-1
112,18,668.95,327.29,47.66,118.77,0.88,-1,-1,-1
113,3,650.17,336.83,51.35,124.94,0.87,-1,-1,-1
113,4,609.06,330.22,49.49,128.24,0.92,-1,-1,-1
113,10,580.02,329.33,22.45,60.26,0.87,-1,-1,-1
113,7,902.24,320.00,52.53,109.58,0.88,-1,-1,-1
113,15,926.42,320.85,35.39,107.81,0.76,-1,-1,-1
113,16,980.17,322.09,44.74,112.02,0.90,-1,-1,-1
113,18,668.28,327.21,48.47,120.13,0.86,-1,-1,-1
114,3,649.75,336.87,52.52,124.83,0.87,-1,-1,-1
114,4,608.22,330.29,49.49,128.02,0.92,-1,-1,-1
114,10,578.87,328.69,23.10,60.72,0.87,-1,-1,-1
114,7,902.13,319.58,53.20,109.77,0.87,-1,-1,-1
114,15,925.52,320.14,36.92,108.60,0.74,-1,-1,-1
114,16,979.98,321.43,44.91,111.75,0.90,-1,-1,-1
114,18,667.69,327.20,49.35,120.26,0.86,-1,-1,-1
115,3,648.16,336.90,55.96,125.14,0.89,-1,-1,-1
115,4,607.32,330.49,49.53,127.70,0.92,-1,-1,-1
115,10,578.45,328.49,23.37,60.91,0.87,-1,-1,-1
115,7,902.57,319.70,52.60,109.30,0.86,-1,-1,-1
115,15,925.97,322.38,37.53,105.98,0.77,-1,-1,-1
115,16,980.14,321.01,45.01,111.70,0.90,-1,-1,-1
115,18,667.23,327.06,49.71,119.77,0.86,-1,-1,-1
116,3,646.65,337.12,56.06,124.47,0.89,-1,-1,-1
116,4,606.08,330.47,50.10,127.82,0.92,-1,-1,-1
116,10,577.72,328.03,24.04,61.24,0.87,-1,-1,-1
116,7,902.60,319.84,51.13,108.48,0.85,-1,-1,-1
116,15,926.59,323.04,36.55,104.33,0.81,-1,-1,-1
116,16,979.44,320.97,45.01,112.55,0.90,-1,-1,-1
116,18,667.93,326.92,49.20,118.93,0.84,-1,-1,-1
117,3,645.50,336.47,56.10,124.97,0.88,-1,-1,-1
117,4,604.43,330.18,50.94,128.19,0.92,-1,-1,-1
117,10,577.74,327.74,23.71,61.67,0.87,-1,-1,-1
117,7,902.68,319.88,50.60,108.78,0.85,-1,-1,-1
117,15,926.90,323.57,36.19,103.43,0.82,-1,-1,-1
117,16,979.86,320.49,45.03,112.88,0.91,-1,-1,-1
117,18,668.23,327.03,49.00,118.62,0.85,-1,-1,-1
118,3,644.49,336.13,57.86,125.89,0.90,-1,-1,-1
118,4,603.22,330.88,51.24,127.71,0.91,-1,-1,-1
118,10,576.90,327.85,24.16,61.51,0.87,-1,-1,-1
118,7,903.29,319.96,49.20,108.29,0.84,-1,-1,-1
118,15,927.59,322.01,36.05,105.51,0.82,-1,-1,-1
118,16,979.99,320.54,45.03,112.99,0.92,-1,-1,-1
118,18,670.14,327.13,47.11,116.40,0.85,-1,-1,-1
119,3,643.85,335.72,57.93,126.23,0.90,-1,-1,-1
119,4,601.92,330.71,51.96,128.42,0.91,-1,-1,-1
119,10,576.03,327.92,24.33,61.73,0.88,-1,-1,-1
119,7,903.24,320.00,48.38,107.81,0.85,-1,-1,-1
119,15,928.48,321.43,36.00,106.28,0.83,-1,-1,-1
119,16,980.08,320.26,45.03,113.33,0.92,-1,-1,-1
119,18,670.01,327.18,46.98,116.16,0.84,-1,-1,-1
120,3,642.99,335.48,56.21,126.87,0.89,-1,-1,-1
120,4,600.78,329.96,52.26,129.96,0.91,-1,-1,-1
120,10,575.63,328.17,23.82,61.84,0.88,-1,-1,-1
120,7,903.32,319.90,49.96,108.59,0.85,-1,-1,-1
120,15,928.92,320.50,36.02,107.54,0.83,-1,-1,-1
120,16,980.27,320.95,45.07,113.22,0.92,-1,-1,-1
120,18,669.33,326.81,47.56,117.95,0.85,-1,-1,-1
121,3,643.33,335.41,54.28,126.74,0.89,-1,-1,-1
121,4,599.83,329.70,52.94,129.87,0.91,-1,-1,-1
121,10,574.98,328.30,24.19,61.84,0.88,-1,-1,-1
121,7,903.26,319.73,51.12,109.72,0.85,-1,-1,-1
121,15,928.97,323.75,36.01,104.37,0.82,-1,-1,-1
121,16,980.20,321.53,45.06,113.41,0.92,-1,-1,-1
121,18,667.91,326.70,48.95,118.26,0.86,-1,-1,-1
122,3,642.85,335.07,52.94,125.48,0.90,-1,-1,-1
122,4,599.17,329.73,52.59,129.82,0.92,-1,-1,-1
122,10,574.13,328.78,24.33,61.52,0.87,-1,-1,-1
122,7,902.89,319.65,51.86,110.45,0.86,-1,-1,-1
122,15,928.93,321.04,36.01,107.69,0.82,-1,-1,-1
122,16,980.73,321.74,45.05,113.48,0.92,-1,-1,-1
122,18,668.82,326.78,47.68,117.18,0.86,-1,-1,-1
123,3,642.24,334.68,53.05,125.81,0.90,-1,-1,-1
123,4,598.82,329.64,52.44,129.40,0.92,-1,-1,-1
123,10,573.72,329.32,24.38,61.35,0.88,-1,-1,-1
123,7,903.04,319.59,49.46,110.64,0.85,-1,-1,-1
123,15,929.49,319.88,36.01,110.61,0.83,-1,-1,-1
123,16,980.88,321.77,45.05,113.72,0.91,-1,-1,-1
123,18,668.42,326.84,47.78,117.29,0.87,-1,-1,-1
124,3,641.16,334.40,53.08,126.55,0.90,-1,-1,-1
124,4,599.04,329.61,51.17,129.86,0.91,-1,-1,-1
124,10,573.31,329.38,24.38,61.30,0.87,-1,-1,-1
124,7,902.86,319.48,51.26,111.33,0.86,-1,-1,-1
124,15,929.76,319.65,36.00,111.14,0.82,-1,-1,-1
124,16,981.62,321.41,45.04,114.13,0.91,-1,-1,-1
124,18,668.32,326.58,47.79,117.36,0.87,-1,-1,-1
125,3,640.68,333.98,53.08,127.46,0.91,-1,-1,-1
125,4,598.75,328.98,50.67,130.97,0.91,-1,-1,-1
125,10,572.47,329.37,24.37,61.88,0.88,-1,-1,-1
125,7,903.06,319.16,53.98,111.91,0.87,-1,-1,-1
125,15,929.22,322.27,37.19,109.27,0.82,-1,-1,-1
125,16,983.07,321.15,43.82,114.31,0.90,-1,-1,-1
125,18,667.89,326.17,48.38,117.42,0.88,-1,-1,-1
126,3,640.53,333.66,53.06,128.25,0.91,-1,-1,-1
126,4,598.37,329.01,51.06,130.78,0.92,-1,-1,-1
126,10,571.88,328.88,24.35,62.70,0.87,-1,-1,-1
126,7,903.42,318.92,54.10,111.83,0.88,-1,-1,-1
126,15,929.01,322.26,37.61,109.14,0.82,-1,-1,-1
126,16,983.60,319.75,43.34,115.88,0.90,-1,-1,-1
126,18,668.34,326.15,47.38,117.45,0.88,-1,-1,-1
127,3,640.60,333.32,52.45,128.61,0.91,-1,-1,-1
127,4,598.37,328.96,51.20,130.62,0.92,-1,-1,-1
127,10,571.23,328.49,24.94,63.26,0.88,-1,-1,-1
127,7,903.52,318.40,52.94,112.01,0.87,-1,-1,-1
127,15,929.46,323.47,36.58,107.22,0.80,-1,-1,-1
127,16,983.70,319.83,43.17,114.89,0.90,-1,-1,-1
127,18,668.61,325.92,46.99,117.69,0.88,-1,-1,-1
128,3,640.94,332.89,51.63,129.05,0.91,-1,-1,-1
128,4,598.08,328.04,51.27,131.77,0.92,-1,-1,-1
128,10,570.69,327.73,25.16,64.07,0.88,-1,-1,-1
128,7,904.51,318.35,53.39,111.79,0.88,-1,-1,-1
128,15,930.28,320.90,37.40,109.21,0.83,-1,-1,-1
128,16,983.79,319.86,44.33,114.23,0.90,-1,-1,-1
128,18,668.71,325.67,46.85,118.10,0.88,-1,-1,-1
129,3,641.06,332.48,50.75,129.57,0.92,-1,-1,-1
129,4,597.64,327.74,51.91,132.26,0.91,-1,-1,-1
129,10,570.45,327.34,25.25,64.69,0.88,-1,-1,-1
129,7,904.67,317.93,55.07,112.65,0.89,-1,-1,-1
129,15,930.69,318.95,37.71,110.90,0.83,-1,-1,-1
129,16,985.14,319.02,43.59,114.03,0.89,-1,-1,-1
129,18,669.04,325.03,46.22,118.91,0.87,-1,-1,-1
130,3,641.46,332.65,49.83,129.75,0.92,-1,-1,-1
130,4,597.53,327.80,52.16,132.73,0.91,-1,-1,-1
130,10,569.82,327.07,25.28,64.92,0.87,-1,-1,-1
130,7,905.06,317.63,55.99,113.27,0.88,-1,-1,-1
130,15,930.87,324.31,37.83,105.88,0.83,-1,-1,-1
130,16,985.07,318.12,44.51,114.55,0.90,-1,-1,-1
130,18,669.20,324.20,45.99,120.70,0.88,-1,-1,-1
131,3,642.21,333.10,50.12,129.81,0.91,-1,-1,-1
131,4,598.07,327.60,51.66,133.20,0.92,-1,-1,-1
131,10,568.98,326.75,25.89,65.29,0.89,-1,-1,-1
131,7,906.09,317.43,57.23,113.79,0.88,-1,-1,-1
131,15,932.72,326.00,36.68,103.61,0.80,-1,-1,-1
131,16,986.24,317.84,43.68,115.05,0.89,-1,-1,-1
131,18,669.54,323.97,45.31,121.38,0.88,-1,-1,-1
132,3,642.51,333.31,50.24,129.53,0.91,-1,-1,-1
132,4,598.01,327.72,52.07,133.07,0.91,-1,-1,-1
132,10,568.69,326.52,25.52,65.42,0.88,-1,-1,-1
132,7,907.10,316.95,57.69,114.29,0.89,-1,-1,-1
132,15,933.44,326.49,37.45,102.80,0.78,-1,-1,-1
132,16,986.10,318.23,45.77,114.94,0.89,-1,-1,-1
132,18,669.99,323.63,44.46,122.23,0.87,-1,-1,-1
132,19,680.85,319.50,41.40,118.80,0.72,-1,-1,-1
133,3,641.94,333.88,51.48,130.11,0.91,-1,-1,-1
133,4,598.23,328.26,51.00,132.97,0.91,-1,-1,-1
133,10,567.95,326.63,25.96,65.43,0.88,-1,-1,-1
133,7,907.60,316.98,57.53,114.42,0.90,-1,-1,-1
133,15,933.52,323.82,37.71,104.61,0.75,-1,-1,-1
133,16,983.48,319.35,48.87,113.96,0.90,-1,-1,-1
133,18,670.06,324.00,44.13,122.20,0.87,-1,-1,-1
133,19,681.49,319.95,40.74,118.60,0.78,-1,-1,-1
134,3,641.56,334.90,52.56,129.24,0.91,-1,-1,-1
134,4,598.46,328.53,50.62,133.17,0.91,-1,-1,-1
134,10,567.54,326.75,26.13,65.70,0.88,-1,-1,-1
134,7,908.43,316.98,57.47,114.42,0.90,-1,-1,-1
134,15,934.78,323.70,36.64,104.36,0.76,-1,-1,-1
134,16,982.54,320.49,48.92,113.24,0.90,-1,-1,-1
134,18,670.50,324.04,42.84,122.73,0.87,-1,-1,-1
134,19,681.33,320.08,41.33,120.66,0.80,-1,-1,-1
135,3,642.23,335.02,52.34,130.45,0.91,-1,-1,-1
135,4,598.16,328.95,50.44,133.30,0.91,-1,-1,-1
135,10,567.01,326.96,25.57,65.82,0.89,-1,-1,-1
135,7,908.74,317.28,57.39,115.96,0.90,-1,-1,-1
135,15,935.25,327.11,37.40,102.81,0.82,-1,-1,-1
135,16,981.58,320.63,50.06,113.93,0.92,-1,-1,-1
135,18,670.90,324.56,41.10,123.86,0.86,-1,-1,-1
135,19,681.25,320.28,41.47,123.04,0.83,-1,-1,-1
136,3,642.85,335.53,51.72,131.97,0.91,-1,-1,-1
136,4,598.39,329.14,50.44,133.96,0.91,-1,-1,-1
136,10,566.56,327.24,25.38,65.87,0.89,-1,-1,-1
136,7,908.68,317.91,57.71,116.25,0.90,-1,-1,-1
136,15,934.96,322.40,38.92,108.63,0.82,-1,-1,-1
136,16,981.98,320.58,50.53,114.81,0.92,-1,-1,-1
136,18,671.09,325.07,40.55,124.60,0.87,-1,-1,-1
136,19,681.29,320.49,41.53,123.74,0.81,-1,-1,-1
137,3,643.13,335.81,52.02,131.66,0.90,-1,-1,-1
137,4,598.28,330.50,52.18,133.03,0.90,-1,-1,-1
137,10,566.23,327.44,25.28,66.41,0.89,-1,-1,-1
137,7,908.72,318.60,58.04,115.93,0.90,-1,-1,-1
137,15,933.42,325.10,40.62,106.81,0.77,-1,-1,-1
137,16,983.61,320.27,49.45,116.53,0.92,-1,-1,-1
137,18,671.17,326.41,40.31,124.74,0.85,-1,-1,-1
137,19,681.97,320.85,41.48,124.75,0.84,-1,-1,-1
138,3,643.79,336.36,52.14,131.69,0.90,-1,-1,-1
138,4,598.49,331.16,52.23,131.02,0.90,-1,-1,-1
138,10,565.79,327.96,25.24,66.31,0.89,-1,-1,-1
138,7,909.29,318.85,58.75,116.40,0.90,-1,-1,-1
138,15,932.78,325.25,41.27,107.88,0.80,-1,-1,-1
138,16,984.82,319.99,49.01,117.77,0.92,-1,-1,-1
138,18,670.54,327.06,40.26,124.49,0.85,-1,-1,-1
138,19,682.18,321.43,41.46,125.03,0.85,-1,-1,-1
139,3,645.21,336.77,51.61,130.70,0.91,-1,-1,-1
139,4,598.84,332.51,55.86,128.98,0.92,-1,-1,-1
139,10,565.58,327.92,25.23,67.18,0.89,-1,-1,-1
139,7,909.30,319.89,58.15,116.91,0.89,-1,-1,-1
139,15,932.06,329.53,41.53,104.45,0.79,-1,-1,-1
139,16,985.41,320.22,48.86,118.29,0.92,-1,-1,-1
139,18,669.69,327.95,40.28,124.13,0.85,-1,-1,-1
139,19,682.25,322.15,42.10,125.44,0.86,-1,-1,-1
140,3,645.73,337.15,52.02,130.00,0.91,-1,-1,-1
140,4,598.97,333.24,57.79,129.72,0.92,-1,-1,-1
140,10,565.52,328.15,24.64,67.50,0.89,-1,-1,-1
140,7,909.27,320.49,57.91,116.79,0.89,-1,-1,-1
140,15,932.35,331.07,41.62,103.12,0.81,-1,-1,-1
140,16,986.20,319.93,48.80,119.05,0.92,-1,-1,-1
140,18,668.46,328.22,41.52,124.58,0.83,-1,-1,-1
140,19,681.96,321.88,42.94,126.46,0.87,-1,-1,-1
141,3,645.55,336.99,53.31,130.45,0.91,-1,-1,-1
141,4,599.55,333.05,57.30,130.86,0.92,-1,-1,-1
141,10,564.88,327.92,24.99,67.89,0.89,-1,-1,-1
141,7,908.48,320.51,57.75,118.19,0.89,-1,-1,-1
141,15,932.28,330.95,41.59,104.12,0.72,-1,-1,-1
141,16,988.09,319.79,47.52,119.29,0.91,-1,-1,-1
141,18,667.33,327.88,42.54,125.59,0.81,-1,-1,-1
141,19,681.78,321.50,43.19,127.36,0.87,-1,-1,-1
142,3,645.73,337.07,54.39,131.39,0.91,-1,-1,-1
142,4,600.92,333.11,56.49,131.17,0.92,-1,-1,-1
142,10,564.61,328.42,24.52,67.73,0.88,-1,-1,-1
142,7,908.48,320.80,57.99,118.43,0.89,-1,-1,-1
142,15,931.66,329.99,42.75,106.02,0.73,-1,-1,-1
142,16,988.20,319.58,47.03,118.79,0.91,-1,-1,-1
142,18,664.21,327.44,44.72,128.96,0.84,-1,-1,-1
142,19,681.38,321.05,44.49,125.55,0.87,-1,-1,-1
143,3,645.57,336.86,55.41,131.91,0.91,-1,-1,-1
143,4,601.81,332.74,55.58,131.62,0.92,-1,-1,-1
143,10,563.98,328.24,24.96,67.97,0.88,-1,-1,-1
143,7,908.60,320.81,57.50,118.82,0.89,-1,-1,-1
143,15,930.98,331.74,43.20,104.37,0.81,-1,-1,-1
143,16,988.98,319.70,46.86,117.71,0.92,-1,-1,-1
143,18,662.53,327.18,46.14,129.95,0.84,-1,-1,-1
143,19,681.32,320.80,45.58,124.85,0.88,-1,-1,-1
144,3,645.82,336.94,55.76,132.48,0.91,-1,-1,-1
144,4,602.47,332.60,54.60,132.01,0.92,-1,-1,-1
144,10,563.53,328.48,25.11,68.02,0.87,-1,-1,-1
144,7,908.22,321.26,57.57,118.29,0.88,-1,-1,-1
144,15,931.17,336.77,43.33,99.77,0.69,-1,-1,-1
144,16,989.09,319.92,46.78,117.83,0.90,-1,-1,-1
144,18,660.74,326.21,48.43,132.60,0.84,-1,-1,-1
144,19,681.00,320.73,46.54,124.20,0.88,-1,-1,-1
145,3,646.15,337.27,57.09,132.76,0.91,-1,-1,-1
145,4,602.64,332.25,53.64,132.23,0.92,-1,-1,-1
145,10,562.68,328.12,24.57,68.96,0.87,-1,-1,-1
145,7,908.17,321.14,57.62,117.84,0.87,-1,-1,-1
145,15,930.77,334.52,44.57,102.39,0.70,-1,-1,-1
145,16,989.85,320.16,45.57,117.63,0.89,-1,-1,-1
145,18,660.33,326.13,49.31,132.76,0.83,-1,-1,-1
145,19,680.85,320.55,46.92,120.98,0.88,-1,-1,-1
146,3,645.84,337.59,57.01,133.02,0.90,-1,-1,-1
146,4,602.55,332.16,53.90,132.93,0.92,-1,-1,-1
146,10,561.64,328.49,24.38,69.01,0.86,-1,-1,-1
146,7,907.76,320.81,57.36,117.98,0.87,-1,-1,-1
146,15,929.35,334.32,46.22,102.45,0.69,-1,-1,-1
146,16,990.04,320.13,45.13,117.87,0.90,-1,-1,-1
146,18,659.77,325.71,50.83,133.10,0.83,-1,-1,-1
146,19,681.56,320.54,45.86,119.77,0.86,-1,-1,-1
147,3,645.55,338.03,58.15,133.33,0.90,-1,-1,-1
147,4,602.95,332.31,53.40,132.96,0.92,-1,-1,-1
147,10,560.84,328.38,24.31,69.28,0.88,-1,-1,-1
147,7,907.30,320.82,57.55,117.35,0.86,-1,-1,-1
147,15,927.05,332.22,49.17,104.23,0.62,-1,-1,-1
147,16,990.66,320.23,43.77,117.88,0.90,-1,-1,-1
147,18,659.71,325.73,51.40,133.41,0.82,-1,-1,-1
147,19,681.96,320.57,45.43,118.66,0.86,-1,-1,-1
148,3,645.68,338.27,56.19,133.36,0.89,-1,-1,-1
148,4,603.03,332.13,53.19,134.09,0.92,-1,-1,-1
148,10,560.18,328.24,24.28,69.41,0.87,-1,-1,-1
148,7,906.30,320.82,59.10,117.18,0.85,-1,-1,-1
148,15,926.82,331.59,50.28,104.66,0.54,-1,-1,-1
148,16,990.36,320.59,44.48,117.95,0.90,-1,-1,-1
148,18,659.97,325.67,51.58,133.57,0.83,-1,-1,-1
148,19,682.38,320.67,44.64,117.72,0.87,-1,-1,-1
149,3,645.14,338.76,57.83,133.95,0.88,-1,-1,-1
149,4,602.47,332.02,53.13,135.24,0.92,-1,-1,-1
149,10,559.37,328.30,24.28,69.44,0.87,-1,-1,-1
149,7,906.24,320.58,60.59,117.40,0.86,-1,-1,-1
149,15,927.93,331.56,48.38,103.91,0.38,-1,-1,-1
149,16,990.26,321.09,44.76,117.97,0.90,-1,-1,-1
149,18,659.82,325.91,52.82,133.30,0.83,-1,-1,-1
149,19,682.85,320.50,44.35,117.69,0.87,-1,-1,-1
