0,1,780.75,297.00,142.65,366.30,0.92,-1,-1,-1
0,2,1099.80,281.47,174.60,489.83,0.91,-1,-1,-1
0,3,113.06,313.65,79.42,193.05,0.90,-1,-1,-1
0,4,768.15,353.02,64.80,144.67,0.90,-1,-1,-1
0,5,916.65,344.02,43.65,141.97,0.87,-1,-1,-1
0,6,186.41,323.55,59.29,131.40,0.85,-1,-1,-1
0,7,895.95,345.60,43.65,143.10,0.84,-1,-1,-1
0,8,979.20,350.32,59.40,161.77,0.83,-1,-1,-1
0,9,693.45,364.50,23.40,64.35,0.81,-1,-1,-1
0,10,715.95,369.22,20.70,48.60,0.81,-1,-1,-1
1,1,772.14,298.19,146.97,370.32,0.92,-1,-1,-1
1,2,1099.49,281.12,180.88,489.59,0.91,-1,-1,-1
1,3,107.47,310.91,71.24,196.63,0.91,-1,-1,-1
1,4,766.17,354.04,67.16,144.92,0.89,-1,-1,-1
1,5,913.55,344.46,44.83,141.24,0.89,-1,-1,-1
1,6,182.01,323.36,61.55,131.05,0.84,-1,-1,-1
1,7,894.80,347.59,40.53,141.20,0.87,-1,-1,-1
1,8,978.85,350.37,59.41,159.09,0.79,-1,-1,-1
1,9,690.28,364.93,24.19,64.37,0.83,-1,-1,-1
1,10,712.40,369.27,20.70,48.62,0.81,-1,-1,-1
2,1,766.72,298.44,149.82,376.69,0.93,-1,-1,-1
2,2,1100.77,281.45,179.22,488.61,0.91,-1,-1,-1
2,3,98.55,309.43,65.83,199.38,0.88,-1,-1,-1
2,4,764.66,355.14,64.12,143.76,0.89,-1,-1,-1
2,5,910.84,345.47,45.04,140.97,0.89,-1,-1,-1
2,6,177.01,323.88,62.81,133.13,0.85,-1,-1,-1
2,7,888.06,349.94,42.18,139.66,0.85,-1,-1,-1
2,8,977.33,349.90,56.61,169.81,0.68,-1,-1,-1
2,9,688.20,365.06,23.63,63.69,0.75,-1,-1,-1
2,10,709.57,369.50,20.01,48.98,0.75,-1,-1,-1
3,1,761.56,299.15,152.00,382.62,0.95,-1,-1,-1
3,2,1101.97,283.76,178.52,484.53,0.91,-1,-1,-1
3,3,90.52,308.15,62.52,200.65,0.87,-1,-1,-1
3,4,763.05,355.60,61.66,143.18,0.90,-1,-1,-1
3,5,907.77,346.07,46.10,140.85,0.88,-1,-1,-1
3,6,173.27,324.05,62.83,135.80,0.84,-1,-1,-1
3,7,881.78,350.22,45.76,140.91,0.85,-1,-1,-1
3,8,972.07,350.05,52.91,168.46,0.76,-1,-1,-1
3,9,684.37,363.49,25.51,65.87,0.72,-1,-1,-1
3,10,705.48,369.88,20.48,48.74,0.76,-1,-1,-1
3,11,526.50,348.75,36.00,99.90,0.82,-1,-1,-1
4,1,757.52,300.10,153.27,390.41,0.94,-1,-1,-1
4,2,1103.18,285.26,178.28,484.06,0.91,-1,-1,-1
4,3,79.82,308.30,62.05,202.50,0.86,-1,-1,-1
4,4,760.66,356.96,60.97,142.56,0.90,-1,-1,-1
4,5,906.00,347.32,45.45,140.87,0.88,-1,-1,-1
4,6,168.60,324.28,63.70,136.01,0.85,-1,-1,-1
4,7,879.59,349.51,45.97,142.56,0.80,-1,-1,-1
4,8,967.92,351.54,54.67,172.32,0.80,-1,-1,-1
4,9,681.62,364.38,23.54,64.63,0.58,-1,-1,-1
4,10,702.69,370.40,19.98,49.00,0.78,-1,-1,-1
4,11,522.90,348.87,37.45,101.41,0.85,-1,-1,-1
5,1,754.84,300.53,158.67,397.35,0.92,-1,-1,-1
5,2,1104.80,286.48,179.45,490.78,0.91,-1,-1,-1
5,3,64.70,308.87,67.45,202.49,0.88,-1,-1,-1
5,4,757.73,357.17,61.45,142.81,0.90,-1,-1,-1
5,5,901.03,347.19,47.76,142.28,0.88,-1,-1,-1
5,6,164.26,324.16,64.50,136.91,0.83,-1,-1,-1
5,7,874.08,352.39,46.89,140.17,0.48,-1,-1,-1
5,8,964.78,351.99,53.92,174.75,0.81,-1,-1,-1
5,9,676.03,363.21,26.71,78.07,0.52,-1,-1,-1
5,10,698.75,371.32,20.46,48.42,0.72,-1,-1,-1
5,11,518.02,349.59,38.41,101.35,0.86,-1,-1,-1
6,1,752.97,300.42,156.20,401.91,0.92,-1,-1,-1
6,2,1106.73,288.04,179.87,492.50,0.91,-1,-1,-1
6,3,45.36,308.60,80.07,204.43,0.91,-1,-1,-1
6,4,756.66,357.45,59.12,142.60,0.91,-1,-1,-1
6,5,899.24,347.65,47.01,142.46,0.87,-1,-1,-1
6,6,160.97,324.37,64.60,139.37,0.84,-1,-1,-1
6,7,865.94,352.99,50.26,140.25,0.35,-1,-1,-1
6,8,961.45,352.51,53.72,174.70,0.82,-1,-1,-1
6,9,674.96,363.03,25.33,78.50,0.20,-1,-1,-1
6,10,696.11,371.55,20.00,48.53,0.79,-1,-1,-1
6,11,511.98,350.78,40.12,100.59,0.89,-1,-1,-1
7,1,753.11,299.84,153.89,405.89,0.86,-1,-1,-1
7,2,1107.97,288.94,182.50,496.30,0.90,-1,-1,-1
7,3,30.30,308.78,89.66,205.37,0.90,-1,-1,-1
7,4,754.48,357.46,62.18,142.52,0.90,-1,-1,-1
7,5,897.17,348.51,45.76,141.73,0.89,-1,-1,-1
7,6,157.52,324.40,65.23,139.88,0.85,-1,-1,-1
7,7,875.84,350.09,42.85,136.72,0.70,-1,-1,-1
7,8,958.52,353.24,56.21,174.53,0.84,-1,-1,-1
7,10,693.13,371.09,20.46,49.81,0.77,-1,-1,-1
7,11,505.63,351.09,42.62,101.02,0.90,-1,-1,-1
8,1,751.77,299.45,153.57,408.03,0.90,-1,-1,-1
8,2,1107.92,289.18,185.87,498.06,0.90,-1,-1,-1
8,3,15.61,308.00,101.20,208.02,0.93,-1,-1,-1
8,4,753.77,357.40,61.39,141.23,0.92,-1,-1,-1
8,5,896.17,348.75,45.90,141.70,0.89,-1,-1,-1
8,6,155.26,324.60,66.33,140.72,0.84,-1,-1,-1
8,7,880.42,348.81,39.93,135.24,0.70,-1,-1,-1
8,8,957.80,354.04,57.09,175.22,0.84,-1,-1,-1
8,10,691.27,371.18,20.62,49.95,0.76,-1,-1,-1
8,11,502.73,351.14,44.07,101.14,0.90,-1,-1,-1
9,1,755.91,297.64,143.66,412.01,0.89,-1,-1,-1
9,2,1108.27,290.06,191.91,503.02,0.89,-1,-1,-1
9,3,-1.52,307.93,113.01,210.57,0.93,-1,-1,-1
9,4,752.30,357.11,58.66,141.15,0.89,-1,-1,-1
9,5,893.47,349.04,46.85,142.22,0.89,-1,-1,-1
9,6,151.04,324.29,68.53,145.59,0.82,-1,-1,-1
9,7,880.79,348.57,38.32,134.04,0.66,-1,-1,-1
9,8,954.98,354.86,58.64,178.68,0.87,-1,-1,-1
9,10,689.39,371.40,19.47,50.02,0.77,-1,-1,-1
9,11,498.97,351.45,43.93,101.24,0.87,-1,-1,-1
10,1,752.96,295.91,139.91,416.78,0.91,-1,-1,-1
10,2,1109.58,290.03,195.34,503.34,0.89,-1,-1,-1
10,3,-12.27,307.15,117.94,212.84,0.92,-1,-1,-1
10,4,749.37,356.52,58.93,140.69,0.89,-1,-1,-1
10,5,891.96,349.56,46.60,141.67,0.90,-1,-1,-1
10,6,148.04,324.46,66.37,145.30,0.85,-1,-1,-1
10,7,879.72,348.32,38.42,134.72,0.66,-1,-1,-1
10,8,951.04,355.58,61.61,175.28,0.86,-1,-1,-1
10,10,687.00,371.62,19.03,50.04,0.74,-1,-1,-1
10,11,495.96,352.15,42.58,100.65,0.89,-1,-1,-1
10,12,853.65,356.62,51.30,135.68,0.72,-1,-1,-1
11,1,750.15,294.23,140.47,421.76,0.92,-1,-1,-1
11,2,1110.61,289.36,196.59,503.91,0.88,-1,-1,-1
11,3,-19.23,308.85,119.24,210.76,0.93,-1,-1,-1
11,4,749.32,355.98,56.61,141.73,0.89,-1,-1,-1
11,5,889.39,349.73,46.80,141.74,0.90,-1,-1,-1
11,6,145.22,324.41,66.54,144.03,0.83,-1,-1,-1
11,7,878.16,348.08,38.47,135.13,0.71,-1,-1,-1
11,8,946.70,355.82,65.08,177.78,0.86,-1,-1,-1
11,10,683.20,371.99,20.11,49.43,0.75,-1,-1,-1
11,11,492.08,352.09,42.62,101.04,0.88,-1,-1,-1
12,1,745.87,291.96,139.52,425.95,0.91,-1,-1,-1
12,2,1112.13,289.04,197.01,510.61,0.89,-1,-1,-1
12,3,-25.45,308.67,120.83,212.27,0.92,-1,-1,-1
12,4,748.17,355.62,55.17,142.27,0.87,-1,-1,-1
12,5,887.61,349.90,46.57,141.90,0.90,-1,-1,-1
12,6,140.68,324.58,73.48,141.52,0.83,-1,-1,-1
12,7,877.33,347.82,39.13,135.75,0.76,-1,-1,-1
12,8,944.52,356.00,66.40,178.50,0.86,-1,-1,-1
12,10,681.01,373.17,19.31,48.59,0.74,-1,-1,-1
12,11,489.63,351.90,41.41,102.09,0.89,-1,-1,-1
13,1,747.74,289.16,131.27,430.78,0.91,-1,-1,-1
13,2,1113.86,288.15,198.24,520.04,0.88,-1,-1,-1
13,3,-35.08,306.76,125.37,211.89,0.86,-1,-1,-1
13,4,746.31,355.76,54.07,141.57,0.89,-1,-1,-1
13,5,884.95,350.08,46.77,142.10,0.90,-1,-1,-1
13,6,137.22,324.44,75.72,140.07,0.82,-1,-1,-1
13,7,874.67,347.41,40.58,137.50,0.80,-1,-1,-1
13,8,941.46,355.59,68.04,180.66,0.86,-1,-1,-1
13,10,678.84,373.42,19.00,47.66,0.71,-1,-1,-1
13,11,486.23,351.63,40.91,102.78,0.89,-1,-1,-1
14,1,735.80,287.60,137.58,434.19,0.91,-1,-1,-1
14,2,1114.43,287.23,199.86,525.31,0.88,-1,-1,-1
14,3,-42.57,306.72,133.01,210.79,0.84,-1,-1,-1
14,4,744.42,356.01,52.49,141.46,0.88,-1,-1,-1
14,5,882.20,350.48,47.44,141.88,0.90,-1,-1,-1
14,6,135.63,324.60,75.84,139.36,0.80,-1,-1,-1
14,7,872.78,348.20,42.32,137.57,0.79,-1,-1,-1
14,8,938.00,356.35,69.82,181.42,0.86,-1,-1,-1
14,10,675.98,374.76,18.89,46.11,0.42,-1,-1,-1
14,11,483.26,350.67,40.11,104.24,0.89,-1,-1,-1
15,1,724.23,286.87,144.55,437.25,0.90,-1,-1,-1
15,2,1115.80,285.82,201.58,532.70,0.89,-1,-1,-1
15,3,-50.71,306.96,127.05,206.76,0.64,-1,-1,-1
15,4,742.58,356.82,49.49,139.79,0.84,-1,-1,-1
15,5,880.06,350.74,47.09,142.25,0.89,-1,-1,-1
15,6,134.06,324.62,74.95,136.84,0.79,-1,-1,-1
15,7,869.46,348.49,45.33,138.80,0.83,-1,-1,-1
15,8,933.85,355.87,70.47,182.11,0.86,-1,-1,-1
15,10,673.82,375.68,18.25,45.85,0.34,-1,-1,-1
15,11,478.99,349.37,40.41,105.67,0.87,-1,-1,-1
16,1,705.77,286.66,163.11,440.00,0.91,-1,-1,-1
16,2,1116.23,284.26,203.35,541.14,0.89,-1,-1,-1
16,3,-22.26,324.82,84.91,173.33,0.74,-1,-1,-1
16,4,738.83,357.30,50.34,138.11,0.72,-1,-1,-1
16,5,877.80,350.84,46.65,142.38,0.90,-1,-1,-1
16,6,131.69,324.49,73.22,138.90,0.83,-1,-1,-1
16,7,865.28,348.17,47.63,138.52,0.83,-1,-1,-1
16,8,929.96,355.83,70.68,181.88,0.86,-1,-1,-1
16,10,671.88,376.76,16.79,44.26,0.56,-1,-1,-1
16,11,476.01,348.59,38.11,106.79,0.86,-1,-1,-1
17,1,689.18,286.58,180.88,442.64,0.91,-1,-1,-1
17,2,1117.51,282.45,203.97,544.79,0.88,-1,-1,-1
17,3,-16.57,331.64,70.17,160.44,0.69,-1,-1,-1
17,4,736.96,358.64,48.83,135.39,0.55,-1,-1,-1
17,5,875.24,350.98,47.08,142.57,0.88,-1,-1,-1
17,6,129.39,323.97,72.36,141.88,0.82,-1,-1,-1
17,7,862.81,348.16,48.52,139.75,0.83,-1,-1,-1
17,8,923.86,355.92,73.06,183.37,0.88,-1,-1,-1
17,10,669.46,377.11,16.90,47.05,0.10,-1,-1,-1
17,11,472.67,347.38,37.84,108.08,0.88,-1,-1,-1
17,13,821.70,354.15,47.70,130.50,0.83,-1,-1,-1
18,1,677.02,286.70,195.22,445.19,0.91,-1,-1,-1
18,2,1117.88,281.05,206.40,549.47,0.87,-1,-1,-1
18,3,6.19,341.12,47.14,130.61,0.69,-1,-1,-1
18,4,734.21,359.25,46.46,123.49,0.41,-1,-1,-1
18,5,873.43,351.75,46.91,142.62,0.87,-1,-1,-1
18,6,128.46,324.28,71.24,143.13,0.81,-1,-1,-1
18,7,862.45,348.59,47.07,139.60,0.81,-1,-1,-1
18,8,918.37,356.82,75.95,183.41,0.89,-1,-1,-1
18,11,468.60,346.43,38.34,109.42,0.87,-1,-1,-1
18,13,820.14,354.22,44.81,130.54,0.83,-1,-1,-1
19,1,676.96,286.39,195.95,446.60,0.91,-1,-1,-1
19,2,1118.41,280.25,208.53,553.88,0.87,-1,-1,-1
19,3,12.89,344.21,39.09,128.12,0.71,-1,-1,-1
19,4,733.08,359.22,50.03,126.09,0.11,-1,-1,-1
19,5,872.07,351.92,46.86,142.33,0.87,-1,-1,-1
19,6,127.88,324.10,70.67,142.98,0.79,-1,-1,-1
19,7,861.96,348.65,47.08,140.43,0.83,-1,-1,-1
19,8,915.06,356.90,77.06,183.83,0.89,-1,-1,-1
19,11,466.44,345.44,38.54,110.49,0.87,-1,-1,-1
19,13,817.57,354.89,45.67,133.32,0.84,-1,-1,-1
20,1,673.69,286.78,194.36,451.22,0.93,-1,-1,-1
20,2,1118.36,278.09,214.09,553.47,0.86,-1,-1,-1
20,3,8.71,345.30,39.15,125.05,0.68,-1,-1,-1
20,4,728.18,360.48,49.49,121.92,0.35,-1,-1,-1
20,5,869.82,351.75,46.86,142.88,0.87,-1,-1,-1
20,6,123.49,323.63,72.71,146.09,0.80,-1,-1,-1
20,7,859.13,349.05,47.67,139.91,0.80,-1,-1,-1
20,8,909.51,357.44,78.06,183.89,0.90,-1,-1,-1
20,11,461.66,346.02,39.83,110.33,0.86,-1,-1,-1
20,13,812.80,355.49,48.06,133.24,0.86,-1,-1,-1
21,1,664.21,284.73,194.64,457.57,0.92,-1,-1,-1
21,2,1118.26,277.91,217.23,551.50,0.86,-1,-1,-1
21,3,1.75,345.55,40.51,132.65,0.74,-1,-1,-1
21,5,863.94,353.02,49.82,142.18,0.86,-1,-1,-1
21,6,107.32,324.85,86.87,140.59,0.74,-1,-1,-1
21,7,857.19,350.23,46.68,137.92,0.76,-1,-1,-1
21,8,903.64,358.83,79.24,183.43,0.90,-1,-1,-1
21,11,457.00,346.06,39.71,111.13,0.84,-1,-1,-1
21,13,809.08,356.59,49.44,131.25,0.85,-1,-1,-1
22,1,657.50,283.97,192.34,462.89,0.91,-1,-1,-1
22,2,1118.20,277.41,219.60,551.74,0.86,-1,-1,-1
22,3,-6.88,345.79,43.22,139.74,0.78,-1,-1,-1
22,5,862.35,353.79,48.60,142.55,0.87,-1,-1,-1
22,6,111.85,325.33,77.28,139.36,0.73,-1,-1,-1
22,7,853.51,350.54,48.08,139.12,0.80,-1,-1,-1
22,8,895.05,359.80,83.18,184.59,0.90,-1,-1,-1
22,11,451.71,347.30,39.67,111.42,0.85,-1,-1,-1
22,13,804.77,358.24,51.14,131.23,0.85,-1,-1,-1
23,1,649.61,282.37,194.13,474.27,0.92,-1,-1,-1
23,2,1118.66,277.45,221.49,550.28,0.84,-1,-1,-1
23,3,-10.72,346.13,41.17,139.93,0.70,-1,-1,-1
23,5,860.96,354.96,47.46,143.55,0.86,-1,-1,-1
23,6,118.37,325.12,67.51,140.38,0.79,-1,-1,-1
23,7,852.16,351.69,46.80,139.71,0.69,-1,-1,-1
23,8,884.60,360.61,88.37,186.00,0.90,-1,-1,-1
23,11,447.24,348.62,42.61,110.59,0.88,-1,-1,-1
23,13,802.13,359.23,51.66,135.82,0.90,-1,-1,-1
23,14,791.55,369.22,27.00,90.90,0.79,-1,-1,-1
24,1,640.19,281.53,194.77,477.75,0.91,-1,-1,-1
24,2,1120.72,279.25,222.19,547.39,0.83,-1,-1,-1
24,3,-10.90,346.82,34.83,118.38,0.68,-1,-1,-1
24,5,855.87,355.85,50.64,144.81,0.84,-1,-1,-1
24,6,118.98,325.57,63.86,140.16,0.77,-1,-1,-1
24,7,849.18,353.47,47.49,139.33,0.49,-1,-1,-1
24,8,876.48,362.82,91.24,186.52,0.91,-1,-1,-1
24,11,442.56,350.22,44.87,110.25,0.86,-1,-1,-1
24,13,799.32,360.94,51.80,136.81,0.90,-1,-1,-1
24,14,787.49,371.14,27.72,90.23,0.79,-1,-1,-1
25,1,632.69,280.52,190.78,481.47,0.91,-1,-1,-1
25,2,1122.68,281.19,223.56,550.44,0.83,-1,-1,-1
25,3,-13.31,349.42,30.55,108.96,0.36,-1,-1,-1
25,5,849.67,356.52,54.70,145.29,0.80,-1,-1,-1
25,6,117.56,326.94,70.99,142.46,0.81,-1,-1,-1
25,8,872.84,365.61,90.02,186.86,0.91,-1,-1,-1
25,11,438.49,351.89,45.16,109.97,0.85,-1,-1,-1
25,13,796.29,362.93,51.19,137.61,0.90,-1,-1,-1
25,14,784.19,373.00,27.86,89.07,0.78,-1,-1,-1
26,1,625.37,278.75,186.16,490.51,0.91,-1,-1,-1
26,2,1124.58,283.61,225.20,550.91,0.84,-1,-1,-1
26,5,844.17,355.61,56.27,147.10,0.81,-1,-1,-1
26,6,115.29,326.66,72.25,148.81,0.81,-1,-1,-1
26,8,869.89,366.69,89.44,188.59,0.89,-1,-1,-1
26,11,434.01,353.03,45.40,110.74,0.85,-1,-1,-1
26,13,793.20,364.30,50.91,137.10,0.88,-1,-1,-1
26,14,780.55,374.81,28.60,88.65,0.76,-1,-1,-1
27,1,616.96,277.30,180.09,498.94,0.91,-1,-1,-1
27,2,1127.64,285.22,224.53,563.35,0.85,-1,-1,-1
27,5,838.07,355.92,58.01,147.03,0.79,-1,-1,-1
27,6,112.41,326.00,72.42,157.19,0.83,-1,-1,-1
27,8,866.62,368.18,87.96,189.21,0.91,-1,-1,-1
27,11,429.83,355.28,48.40,110.27,0.87,-1,-1,-1
27,13,789.19,365.59,51.37,135.65,0.89,-1,-1,-1
27,14,776.90,375.57,29.50,88.89,0.80,-1,-1,-1
28,1,608.87,275.51,177.08,506.50,0.90,-1,-1,-1
28,2,1130.55,287.07,225.29,572.64,0.85,-1,-1,-1
28,5,837.05,356.94,54.59,145.61,0.74,-1,-1,-1
28,6,109.37,326.51,71.84,156.00,0.82,-1,-1,-1
28,8,863.58,369.78,87.01,189.94,0.92,-1,-1,-1
28,11,425.11,356.16,49.50,111.09,0.84,-1,-1,-1
28,13,785.53,366.52,52.70,135.03,0.89,-1,-1,-1
28,14,774.95,375.99,29.77,88.31,0.74,-1,-1,-1
29,1,602.89,274.86,171.23,507.44,0.89,-1,-1,-1
29,2,1132.43,287.78,223.25,580.61,0.85,-1,-1,-1
29,5,835.39,357.24,56.18,146.34,0.78,-1,-1,-1
29,6,107.21,326.39,71.62,152.72,0.79,-1,-1,-1
29,8,860.85,370.27,88.12,190.86,0.92,-1,-1,-1
29,11,422.10,356.05,46.16,112.54,0.84,-1,-1,-1
29,13,783.12,366.47,53.21,135.20,0.89,-1,-1,-1
29,14,773.78,376.39,30.49,87.62,0.76,-1,-1,-1
30,1,579.05,273.45,188.52,521.13,0.87,-1,-1,-1
30,2,1134.07,288.14,227.23,592.59,0.83,-1,-1,-1
30,5,836.57,361.76,56.77,143.55,0.69,-1,-1,-1
30,6,108.44,325.96,66.89,157.87,0.79,-1,-1,-1
30,8,857.30,371.58,89.12,191.11,0.92,-1,-1,-1
30,11,418.55,357.28,42.83,113.13,0.84,-1,-1,-1
30,13,780.21,366.38,53.38,136.35,0.90,-1,-1,-1
30,14,770.69,376.94,31.96,89.00,0.77,-1,-1,-1
30,15,756.00,373.72,29.70,82.80,0.77,-1,-1,-1
31,1,548.79,272.00,207.97,528.13,0.90,-1,-1,-1
31,2,1135.80,287.89,227.52,600.48,0.83,-1,-1,-1
31,5,830.06,361.15,60.49,145.48,0.81,-1,-1,-1
31,6,107.58,326.45,64.79,155.97,0.82,-1,-1,-1
31,8,854.58,371.67,83.29,193.13,0.91,-1,-1,-1
31,11,414.59,356.75,41.27,114.68,0.87,-1,-1,-1
31,13,777.69,367.14,53.42,136.94,0.90,-1,-1,-1
31,14,768.09,377.33,31.89,89.98,0.79,-1,-1,-1
31,15,753.43,374.68,28.99,79.97,0.79,-1,-1,-1
31,16,813.60,376.65,27.90,89.55,0.71,-1,-1,-1
32,1,565.61,270.25,183.10,532.09,0.88,-1,-1,-1
32,2,1136.82,286.76,232.23,610.42,0.83,-1,-1,-1
32,5,833.91,361.92,51.51,144.38,0.73,-1,-1,-1
32,6,106.11,326.23,62.35,154.20,0.82,-1,-1,-1
32,8,848.28,371.37,83.34,195.41,0.88,-1,-1,-1
32,11,410.37,356.98,41.30,115.20,0.86,-1,-1,-1
32,13,774.75,367.69,52.21,136.95,0.88,-1,-1,-1
32,14,764.79,378.52,31.82,88.78,0.73,-1,-1,-1
32,15,751.46,375.15,28.84,79.04,0.77,-1,-1,-1
32,16,812.47,376.45,27.90,90.66,0.72,-1,-1,-1
33,1,566.10,270.21,172.69,534.62,0.85,-1,-1,-1
33,2,1137.78,283.92,235.21,629.97,0.81,-1,-1,-1
33,5,832.14,366.80,52.63,141.72,0.60,-1,-1,-1
33,6,103.61,326.15,62.42,153.21,0.76,-1,-1,-1
33,8,843.72,370.61,80.39,197.45,0.90,-1,-1,-1
33,11,406.94,357.05,40.43,115.68,0.87,-1,-1,-1
33,13,772.26,368.75,51.74,136.65,0.90,-1,-1,-1
33,14,760.96,379.39,32.97,88.80,0.77,-1,-1,-1
33,15,748.57,375.39,30.92,81.93,0.78,-1,-1,-1
33,16,810.09,377.98,27.91,90.36,0.78,-1,-1,-1
33,4,696.98,370.67,57.45,138.78,0.70,-1,-1,-1
34,1,558.84,268.90,168.40,540.19,0.89,-1,-1,-1
34,2,1139.17,283.96,241.01,634.91,0.82,-1,-1,-1
34,5,827.57,368.74,55.39,142.67,0.43,-1,-1,-1
34,6,100.70,325.81,62.43,153.69,0.80,-1,-1,-1
34,8,837.59,369.53,79.56,201.87,0.88,-1,-1,-1
34,11,401.83,356.45,41.63,116.73,0.88,-1,-1,-1
34,13,769.57,370.29,50.35,135.63,0.89,-1,-1,-1
34,14,757.45,379.81,33.39,88.96,0.77,-1,-1,-1
34,15,745.71,376.25,29.60,79.49,0.76,-1,-1,-1
34,16,808.77,378.92,27.21,89.72,0.69,-1,-1,-1
34,4,692.26,367.84,59.52,143.55,0.80,-1,-1,-1
34,17,720.45,371.70,31.50,88.20,0.73,-1,-1,-1
35,1,458.91,267.15,260.49,552.60,0.89,-1,-1,-1
35,2,1141.85,279.24,242.15,648.82,0.81,-1,-1,-1
35,5,823.46,369.60,56.45,141.07,0.14,-1,-1,-1
35,6,97.41,325.45,63.28,157.56,0.80,-1,-1,-1
35,8,830.57,368.40,81.12,204.53,0.91,-1,-1,-1
35,11,397.26,355.76,40.31,117.98,0.86,-1,-1,-1
35,13,766.17,371.19,48.64,135.82,0.89,-1,-1,-1
35,14,753.45,380.75,34.73,89.17,0.76,-1,-1,-1
35,15,743.51,377.38,28.42,76.60,0.71,-1,-1,-1
35,16,807.76,379.68,26.32,89.01,0.66,-1,-1,-1
35,4,688.67,368.63,58.59,144.07,0.87,-1,-1,-1
35,17,716.99,372.22,31.52,90.39,0.70,-1,-1,-1
35,18,787.50,377.10,32.40,94.95,0.74,-1,-1,-1
36,1,412.05,265.20,297.87,568.11,0.88,-1,-1,-1
36,2,1142.80,279.11,244.66,650.70,0.80,-1,-1,-1
36,5,818.63,370.14,56.21,137.81,0.24,-1,-1,-1
36,6,93.30,325.19,61.59,158.59,0.81,-1,-1,-1
36,8,821.77,369.25,84.03,204.50,0.87,-1,-1,-1
36,11,392.60,356.94,39.77,110.94,0.84,-1,-1,-1
36,13,762.84,372.79,48.57,134.27,0.89,-1,-1,-1
36,14,750.14,381.77,34.04,88.82,0.71,-1,-1,-1
36,15,742.19,378.16,26.70,77.94,0.72,-1,-1,-1
36,16,806.14,380.99,24.70,87.00,0.47,-1,-1,-1
36,4,686.69,369.45,56.37,143.95,0.85,-1,-1,-1
36,17,714.05,373.00,30.82,89.10,0.74,-1,-1,-1
36,18,784.71,376.51,31.69,96.79,0.73,-1,-1,-1
37,1,381.60,261.56,320.49,582.22,0.92,-1,-1,-1
37,2,1144.68,274.95,244.47,657.78,0.79,-1,-1,-1
37,5,813.34,372.43,59.68,136.64,0.27,-1,-1,-1
37,6,88.90,324.69,63.27,161.20,0.79,-1,-1,-1
37,8,810.05,372.10,89.86,203.16,0.88,-1,-1,-1
37,11,387.87,357.42,41.71,112.13,0.82,-1,-1,-1
37,13,760.47,373.84,48.57,133.57,0.89,-1,-1,-1
37,14,748.10,382.76,32.55,86.61,0.72,-1,-1,-1
37,15,737.26,379.67,28.73,75.30,0.71,-1,-1,-1
37,16,801.97,381.88,26.86,89.43,0.61,-1,-1,-1
37,4,684.82,370.67,56.71,143.89,0.85,-1,-1,-1
37,17,710.76,374.08,31.30,86.90,0.71,-1,-1,-1
37,18,782.84,377.64,30.86,96.31,0.64,-1,-1,-1
38,1,362.60,258.00,331.84,591.60,0.91,-1,-1,-1
38,2,1147.71,270.67,245.37,664.71,0.77,-1,-1,-1
38,6,85.20,324.75,64.94,162.44,0.81,-1,-1,-1
38,8,803.17,373.95,92.04,202.71,0.90,-1,-1,-1
38,11,383.41,358.02,41.22,114.78,0.85,-1,-1,-1
38,13,758.28,375.41,49.15,132.99,0.89,-1,-1,-1
38,14,745.15,384.18,32.55,87.43,0.70,-1,-1,-1
38,15,735.10,381.30,27.56,72.46,0.68,-1,-1,-1
38,16,796.41,382.96,29.99,90.11,0.59,-1,-1,-1
38,4,681.31,372.03,65.11,143.20,0.86,-1,-1,-1
38,17,707.59,375.40,32.12,86.41,0.73,-1,-1,-1
38,18,779.70,379.89,31.29,95.22,0.45,-1,-1,-1
39,1,355.29,254.13,333.79,601.03,0.91,-1,-1,-1
39,2,1149.74,271.86,247.99,661.01,0.77,-1,-1,-1
39,6,83.86,324.73,62.95,160.45,0.80,-1,-1,-1
39,8,801.77,374.94,90.52,202.87,0.89,-1,-1,-1
39,11,380.69,359.48,41.03,114.40,0.84,-1,-1,-1
39,13,757.44,375.99,48.77,133.19,0.89,-1,-1,-1
39,14,744.92,385.00,30.74,86.37,0.72,-1,-1,-1
39,15,735.83,381.87,25.24,72.41,0.60,-1,-1,-1
39,16,795.73,383.33,31.15,90.18,0.69,-1,-1,-1
39,4,678.58,372.42,68.73,143.15,0.86,-1,-1,-1
39,17,706.74,376.50,31.75,85.47,0.70,-1,-1,-1
39,18,778.18,380.76,31.43,95.21,0.52,-1,-1,-1
40,1,343.42,248.37,337.00,618.48,0.91,-1,-1,-1
40,2,1154.38,273.01,245.42,654.50,0.71,-1,-1,-1
40,6,79.82,324.79,62.37,159.43,0.83,-1,-1,-1
40,8,791.04,376.23,96.99,204.04,0.91,-1,-1,-1
40,11,376.09,359.41,41.86,117.14,0.84,-1,-1,-1
40,13,755.02,377.85,48.64,132.44,0.89,-1,-1,-1
40,14,742.43,385.91,30.04,87.38,0.81,-1,-1,-1
40,15,734.57,382.82,24.42,74.01,0.74,-1,-1,-1
40,16,795.47,384.52,28.64,87.82,0.43,-1,-1,-1
40,4,672.79,373.32,75.89,142.57,0.86,-1,-1,-1
40,17,705.23,377.78,32.88,86.69,0.79,-1,-1,-1
40,18,777.45,381.14,32.14,96.26,0.64,-1,-1,-1
41,1,331.97,243.77,339.12,643.26,0.91,-1,-1,-1
41,2,1160.23,276.74,241.94,641.80,0.63,-1,-1,-1
41,6,77.01,324.84,61.34,157.19,0.82,-1,-1,-1
41,8,780.58,378.30,102.25,203.37,0.92,-1,-1,-1
41,11,371.86,359.66,41.87,112.81,0.84,-1,-1,-1
41,13,752.81,379.69,47.98,132.44,0.90,-1,-1,-1
41,14,740.81,386.35,29.18,87.89,0.81,-1,-1,-1
41,15,731.16,383.88,26.04,74.60,0.73,-1,-1,-1
41,16,793.17,384.42,27.58,89.83,0.50,-1,-1,-1
41,4,670.67,374.22,78.68,141.99,0.90,-1,-1,-1
41,17,704.25,378.78,32.03,85.25,0.78,-1,-1,-1
41,18,775.48,382.14,29.85,92.81,0.32,-1,-1,-1
42,1,320.44,239.89,342.57,662.76,0.89,-1,-1,-1
42,2,1165.14,289.47,245.55,626.49,0.44,-1,-1,-1
42,6,73.56,325.07,62.82,160.88,0.83,-1,-1,-1
42,8,772.28,380.70,107.23,203.18,0.94,-1,-1,-1
42,11,366.83,359.93,43.99,117.79,0.87,-1,-1,-1
42,13,751.68,381.10,45.98,132.21,0.90,-1,-1,-1
42,14,739.28,387.40,29.50,88.28,0.79,-1,-1,-1
42,15,730.49,384.99,24.82,73.98,0.77,-1,-1,-1
42,4,669.22,375.61,79.25,141.22,0.90,-1,-1,-1
42,17,703.86,380.80,31.11,82.92,0.71,-1,-1,-1
42,18,777.01,383.84,29.03,92.88,0.45,-1,-1,-1
42,5,816.16,369.66,49.75,147.59,0.69,-1,-1,-1
43,1,310.89,237.46,344.03,682.30,0.91,-1,-1,-1
43,2,1170.31,310.20,240.88,588.97,0.39,-1,-1,-1
43,6,70.46,326.50,63.88,159.54,0.82,-1,-1,-1
43,8,766.59,381.99,110.27,204.20,0.95,-1,-1,-1
43,11,360.46,361.64,45.35,120.74,0.86,-1,-1,-1
43,13,750.43,382.45,45.22,131.94,0.90,-1,-1,-1
43,14,738.49,388.93,29.01,87.95,0.78,-1,-1,-1
43,15,729.41,386.23,24.97,72.83,0.74,-1,-1,-1
43,4,667.60,376.83,77.64,139.37,0.89,-1,-1,-1
43,17,703.49,382.81,31.37,83.96,0.75,-1,-1,-1
43,18,770.92,384.66,29.39,94.30,0.64,-1,-1,-1
43,5,816.14,370.16,49.36,149.88,0.77,-1,-1,-1
44,1,307.50,232.12,337.72,710.26,0.88,-1,-1,-1
44,2,1176.84,316.93,247.32,591.84,0.29,-1,-1,-1
44,6,67.13,327.45,64.79,159.73,0.83,-1,-1,-1
44,8,760.45,384.27,114.82,204.56,0.94,-1,-1,-1
44,11,353.26,363.62,49.36,122.29,0.89,-1,-1,-1
44,13,748.46,383.41,45.54,132.29,0.89,-1,-1,-1
44,14,736.70,390.12,29.42,88.42,0.80,-1,-1,-1
44,15,727.79,387.44,25.03,74.85,0.78,-1,-1,-1
44,4,666.40,378.05,73.39,137.31,0.88,-1,-1,-1
44,17,701.51,384.15,31.46,86.19,0.78,-1,-1,-1
44,18,767.23,386.33,29.51,93.15,0.55,-1,-1,-1
44,5,813.60,371.60,49.81,150.69,0.83,-1,-1,-1
45,1,306.32,229.16,328.36,729.28,0.88,-1,-1,-1
45,2,1182.18,316.79,255.61,596.04,0.15,-1,-1,-1
45,6,63.12,328.91,63.43,158.02,0.82,-1,-1,-1
45,8,752.76,386.97,121.15,205.15,0.94,-1,-1,-1
45,11,350.36,365.16,48.31,123.47,0.90,-1,-1,-1
45,13,746.60,384.12,43.87,132.90,0.89,-1,-1,-1
45,14,734.89,391.07,29.58,89.21,0.76,-1,-1,-1
45,15,726.34,388.71,25.06,73.81,0.76,-1,-1,-1
45,4,664.54,379.17,71.66,138.50,0.88,-1,-1,-1
45,17,700.21,385.29,32.10,87.79,0.78,-1,-1,-1
45,5,811.20,372.68,50.61,153.03,0.85,-1,-1,-1
46,1,312.61,221.18,311.31,766.93,0.89,-1,-1,-1
46,6,58.87,330.26,64.44,161.86,0.83,-1,-1,-1
46,8,746.03,391.46,127.00,204.19,0.94,-1,-1,-1
46,11,349.25,366.24,45.47,124.50,0.91,-1,-1,-1
46,13,743.66,384.90,43.26,132.55,0.85,-1,-1,-1
46,14,732.01,392.25,30.24,90.41,0.71,-1,-1,-1
46,15,725.37,389.84,24.48,75.70,0.67,-1,-1,-1
46,4,663.14,379.81,68.59,141.06,0.88,-1,-1,-1
46,17,699.00,386.51,31.73,86.92,0.78,-1,-1,-1
46,5,811.09,374.22,49.11,146.55,0.81,-1,-1,-1
47,1,321.13,217.67,288.21,784.29,0.88,-1,-1,-1
47,6,54.88,331.42,61.99,161.32,0.84,-1,-1,-1
47,8,742.32,394.34,129.21,203.88,0.93,-1,-1,-1
47,11,345.78,366.68,45.24,125.84,0.91,-1,-1,-1
47,13,740.77,385.93,44.87,131.77,0.83,-1,-1,-1
47,14,730.91,393.59,29.89,89.50,0.70,-1,-1,-1
47,15,723.78,390.72,24.27,75.78,0.72,-1,-1,-1
47,4,661.74,380.82,71.62,142.56,0.87,-1,-1,-1
47,17,697.93,387.41,31.58,85.95,0.79,-1,-1,-1
47,5,810.39,375.88,48.56,138.48,0.85,-1,-1,-1
47,16,790.38,390.91,26.21,71.97,0.67,-1,-1,-1
48,1,316.15,214.98,280.12,801.49,0.85,-1,-1,-1
48,6,50.54,331.82,62.63,165.83,0.85,-1,-1,-1
48,8,738.46,396.48,132.24,203.90,0.94,-1,-1,-1
48,11,342.09,366.83,45.42,126.91,0.89,-1,-1,-1
48,13,738.24,386.96,46.63,131.78,0.79,-1,-1,-1
48,14,728.15,394.29,30.93,91.07,0.60,-1,-1,-1
48,15,721.70,391.54,25.40,76.85,0.68,-1,-1,-1
48,4,660.35,381.38,72.08,143.86,0.87,-1,-1,-1
48,17,696.64,387.93,30.30,84.54,0.74,-1,-1,-1
48,5,808.92,376.89,48.97,141.83,0.89,-1,-1,-1
48,16,788.40,391.90,27.37,74.36,0.66,-1,-1,-1
49,1,305.77,215.81,281.16,804.29,0.85,-1,-1,-1
49,6,48.37,332.00,64.08,168.01,0.84,-1,-1,-1
49,8,737.12,397.46,132.76,203.62,0.93,-1,-1,-1
49,11,339.62,366.52,45.50,128.09,0.88,-1,-1,-1
49,13,736.14,387.12,49.68,132.61,0.78,-1,-1,-1
49,14,724.78,393.14,31.92,92.20,0.59,-1,-1,-1
49,15,720.35,391.92,26.41,78.70,0.65,-1,-1,-1
49,4,659.59,382.15,68.10,143.81,0.87,-1,-1,-1
49,17,695.26,387.75,30.45,85.34,0.78,-1,-1,-1
49,5,808.03,377.47,49.16,142.21,0.91,-1,-1,-1
49,16,788.60,392.00,26.53,76.36,0.59,-1,-1,-1
49,19,1071.00,385.20,75.60,179.10,0.73,-1,-1,-1
49,20,4.09,369.00,56.77,111.15,0.72,-1,-1,-1
50,1,281.64,218.34,291.36,802.09,0.83,-1,-1,-1
50,6,45.11,333.91,64.54,171.11,0.83,-1,-1,-1
50,8,731.01,398.59,136.42,205.39,0.94,-1,-1,-1
50,11,337.90,366.75,43.48,128.14,0.84,-1,-1,-1
50,13,737.14,388.69,47.97,132.86,0.71,-1,-1,-1
50,14,725.91,395.26,31.15,91.49,0.55,-1,-1,-1
50,15,719.01,392.40,28.59,84.60,0.74,-1,-1,-1
50,4,658.17,383.23,67.17,144.43,0.88,-1,-1,-1
50,17,693.01,388.17,31.73,86.58,0.81,-1,-1,-1
50,5,805.70,378.33,50.48,149.73,0.91,-1,-1,-1
50,16,786.97,392.67,26.23,79.72,0.53,-1,-1,-1
50,19,1070.25,386.53,77.08,187.14,0.68,-1,-1,-1
50,20,1.49,369.74,54.47,111.41,0.63,-1,-1,-1
51,1,258.94,214.51,298.01,815.82,0.81,-1,-1,-1
51,6,46.62,334.78,63.14,173.98,0.82,-1,-1,-1
51,8,729.18,399.71,133.09,205.99,0.94,-1,-1,-1
51,11,334.29,365.36,40.24,131.19,0.35,-1,-1,-1
51,13,737.17,389.43,46.65,132.32,0.40,-1,-1,-1
51,14,725.65,396.06,30.23,91.02,0.63,-1,-1,-1
51,15,718.62,393.02,28.25,86.22,0.71,-1,-1,-1
51,4,657.21,384.38,63.79,144.32,0.88,-1,-1,-1
51,17,690.82,388.91,33.38,88.37,0.81,-1,-1,-1
51,5,804.93,378.66,50.37,152.93,0.90,-1,-1,-1
51,16,785.56,393.23,27.92,83.80,0.73,-1,-1,-1
51,19,1068.71,386.08,77.36,190.05,0.78,-1,-1,-1
51,20,-1.84,370.00,54.31,116.14,0.56,-1,-1,-1
52,1,241.62,207.86,297.52,841.64,0.81,-1,-1,-1
52,6,48.80,335.38,67.59,177.37,0.86,-1,-1,-1
52,8,729.09,400.96,130.44,205.60,0.94,-1,-1,-1
52,13,735.79,388.62,48.55,133.16,0.34,-1,-1,-1
52,14,725.38,397.23,29.87,90.24,0.68,-1,-1,-1
52,15,718.30,394.09,26.33,81.28,0.66,-1,-1,-1
52,4,656.06,385.52,62.52,144.39,0.89,-1,-1,-1
52,17,689.50,389.01,34.00,88.60,0.81,-1,-1,-1
52,5,803.84,379.05,50.34,155.01,0.90,-1,-1,-1
52,16,784.53,394.29,28.54,85.35,0.76,-1,-1,-1
52,19,1066.84,387.01,77.44,192.89,0.80,-1,-1,-1
52,20,-0.76,370.36,48.37,110.16,0.49,-1,-1,-1
53,1,211.37,201.32,307.89,879.60,0.81,-1,-1,-1
53,6,46.68,335.65,72.41,178.62,0.87,-1,-1,-1
53,8,727.52,401.01,129.98,206.02,0.94,-1,-1,-1
53,13,737.13,388.81,45.16,133.17,0.54,-1,-1,-1
53,14,724.47,398.31,29.16,89.19,0.54,-1,-1,-1
53,15,717.68,394.56,25.59,77.90,0.64,-1,-1,-1
53,4,655.44,386.76,62.10,143.51,0.90,-1,-1,-1
53,17,688.79,389.25,34.25,87.49,0.81,-1,-1,-1
53,5,802.62,379.24,50.96,157.09,0.91,-1,-1,-1
53,16,783.62,395.03,28.79,86.08,0.77,-1,-1,-1
53,19,1064.99,387.69,77.48,191.21,0.83,-1,-1,-1
53,20,-3.23,370.83,48.63,112.09,0.56,-1,-1,-1
54,1,161.92,192.94,335.58,904.99,0.79,-1,-1,-1
54,6,46.57,336.02,73.10,179.61,0.87,-1,-1,-1
54,8,726.83,401.70,128.55,205.70,0.93,-1,-1,-1
54,13,739.62,389.44,43.18,130.79,0.34,-1,-1,-1
54,14,720.60,399.72,31.92,89.54,0.59,-1,-1,-1
54,15,717.22,395.60,25.32,76.04,0.14,-1,-1,-1
54,4,654.69,387.64,64.39,142.70,0.89,-1,-1,-1
54,17,687.13,389.60,34.93,87.06,0.80,-1,-1,-1
54,5,801.63,379.57,51.20,157.83,0.91,-1,-1,-1
54,16,782.75,396.46,28.88,85.74,0.72,-1,-1,-1
54,19,1063.81,388.20,76.18,188.56,0.83,-1,-1,-1
54,20,-7.89,370.46,50.12,114.82,0.53,-1,-1,-1
55,1,138.00,185.26,335.23,934.06,0.80,-1,-1,-1
55,6,43.83,335.96,74.14,180.53,0.88,-1,-1,-1
55,8,725.83,403.11,125.62,205.27,0.92,-1,-1,-1
55,13,738.71,390.40,44.95,132.76,0.26,-1,-1,-1
55,14,718.05,399.93,34.08,89.98,0.59,-1,-1,-1
55,15,716.17,397.78,24.64,76.27,0.16,-1,-1,-1
55,4,653.53,388.85,68.83,141.81,0.90,-1,-1,-1
55,17,686.23,390.17,34.61,87.35,0.83,-1,-1,-1
55,5,800.10,379.67,51.92,158.37,0.91,-1,-1,-1
55,16,782.44,396.97,28.93,87.38,0.74,-1,-1,-1
55,19,1061.58,388.46,75.76,186.82,0.81,-1,-1,-1
55,20,-10.01,370.59,50.96,106.48,0.60,-1,-1,-1
56,1,102.84,183.80,343.84,950.24,0.81,-1,-1,-1
56,6,40.17,336.30,75.44,181.25,0.87,-1,-1,-1
56,8,717.80,399.93,127.98,209.42,0.94,-1,-1,-1
56,13,737.78,391.70,45.55,133.77,0.39,-1,-1,-1
56,14,717.63,399.89,33.76,90.88,0.31,-1,-1,-1
56,15,715.18,399.81,25.58,76.65,0.18,-1,-1,-1
56,4,651.95,390.07,69.89,140.99,0.89,-1,-1,-1
56,17,685.02,391.16,34.45,86.70,0.84,-1,-1,-1
56,5,799.80,380.23,51.56,158.94,0.91,-1,-1,-1
56,16,781.42,397.66,30.10,92.24,0.75,-1,-1,-1
56,19,1058.89,389.11,76.83,187.60,0.80,-1,-1,-1
56,20,-10.95,371.01,47.82,113.18,0.59,-1,-1,-1
57,1,58.60,173.39,360.01,966.99,0.79,-1,-1,-1
57,6,37.68,337.00,72.01,181.86,0.86,-1,-1,-1
57,8,711.20,397.86,125.88,212.08,0.95,-1,-1,-1
57,13,738.16,393.25,39.85,119.08,0.36,-1,-1,-1
57,14,713.85,398.70,34.78,92.38,0.41,-1,-1,-1
57,4,649.74,390.85,69.70,140.06,0.88,-1,-1,-1
57,17,683.25,392.61,33.19,86.59,0.83,-1,-1,-1
57,5,797.16,380.60,53.81,159.23,0.91,-1,-1,-1
57,16,780.29,398.52,31.71,96.08,0.68,-1,-1,-1
57,19,1055.31,386.54,73.55,193.40,0.76,-1,-1,-1
57,20,-11.94,371.29,45.11,105.95,0.34,-1,-1,-1
58,1,-4.51,162.94,393.62,987.72,0.79,-1,-1,-1
58,6,33.20,337.59,67.04,182.84,0.76,-1,-1,-1
58,8,704.88,397.10,123.81,214.34,0.93,-1,-1,-1
58,13,738.00,395.10,38.20,107.15,0.49,-1,-1,-1
58,14,708.84,398.28,36.32,92.98,0.38,-1,-1,-1
58,4,646.16,391.89,63.67,139.60,0.90,-1,-1,-1
58,17,681.32,393.92,32.09,87.32,0.81,-1,-1,-1
58,5,796.40,381.69,53.46,159.05,0.91,-1,-1,-1
58,19,1051.61,387.81,74.80,196.17,0.81,-1,-1,-1
58,20,-16.82,372.35,51.00,121.55,0.12,-1,-1,-1
59,1,-48.09,148.46,416.47,1022.70,0.77,-1,-1,-1
59,6,37.01,337.71,56.39,162.56,0.47,-1,-1,-1
59,8,702.42,396.33,120.53,215.70,0.94,-1,-1,-1
59,13,737.01,394.77,39.51,107.02,0.63,-1,-1,-1
59,14,706.43,397.50,36.87,93.31,0.36,-1,-1,-1
59,4,644.59,392.83,62.49,138.96,0.88,-1,-1,-1
59,17,680.09,394.37,32.26,89.21,0.81,-1,-1,-1
59,5,796.48,382.09,52.67,159.04,0.90,-1,-1,-1
59,19,1049.96,388.17,78.86,196.53,0.83,-1,-1,-1
59,21,501.75,392.40,30.60,81.00,0.74,-1,-1,-1
59,22,1127.70,393.75,43.20,120.15,0.72,-1,-1,-1
60,1,-93.70,137.70,434.17,1034.78,0.73,-1,-1,-1
60,8,699.94,396.17,113.32,217.32,0.92,-1,-1,-1
60,13,735.24,395.21,41.20,113.22,0.58,-1,-1,-1
60,4,642.00,393.88,63.93,138.05,0.87,-1,-1,-1
60,17,677.92,394.80,33.54,93.22,0.78,-1,-1,-1
60,5,794.85,383.24,53.59,159.52,0.91,-1,-1,-1
60,19,1048.74,391.87,78.02,190.69,0.83,-1,-1,-1
60,21,500.65,393.89,28.46,76.18,0.64,-1,-1,-1
60,22,1126.22,394.68,44.67,123.81,0.75,-1,-1,-1
60,11,298.78,370.98,47.05,131.31,0.85,-1,-1,-1
61,1,-96.07,123.30,401.66,1059.61,0.71,-1,-1,-1
61,8,698.12,396.60,106.92,219.23,0.93,-1,-1,-1
61,13,730.52,395.26,46.01,124.27,0.69,-1,-1,-1
61,4,639.38,393.98,64.46,140.11,0.89,-1,-1,-1
61,17,676.64,396.02,32.84,91.37,0.79,-1,-1,-1
61,5,793.17,384.01,54.52,160.86,0.91,-1,-1,-1
61,19,1046.05,393.45,77.66,193.73,0.85,-1,-1,-1
61,21,499.38,395.31,28.04,75.24,0.71,-1,-1,-1
61,22,1123.22,395.30,47.70,127.28,0.75,-1,-1,-1
61,11,293.07,371.53,49.46,135.81,0.87,-1,-1,-1
61,16,774.30,399.11,45.03,129.47,0.67,-1,-1,-1
62,1,-124.00,97.75,392.25,1101.29,0.68,-1,-1,-1
62,8,695.24,397.10,104.64,221.81,0.92,-1,-1,-1
62,13,729.69,395.47,46.63,125.23,0.73,-1,-1,-1
62,4,635.85,394.19,66.43,140.87,0.89,-1,-1,-1
62,17,675.69,396.95,32.54,93.57,0.80,-1,-1,-1
62,5,792.02,384.79,54.84,161.32,0.91,-1,-1,-1
62,19,1044.55,392.90,77.50,202.14,0.78,-1,-1,-1
62,21,497.79,396.09,27.89,75.44,0.73,-1,-1,-1
62,22,1122.18,395.70,46.03,127.74,0.63,-1,-1,-1
62,11,288.53,371.91,50.32,138.41,0.86,-1,-1,-1
62,16,772.93,399.48,47.65,134.45,0.67,-1,-1,-1
63,1,-163.19,80.23,389.67,1104.74,0.53,-1,-1,-1
63,8,692.55,397.94,98.98,223.39,0.92,-1,-1,-1
63,13,727.12,395.59,48.63,124.73,0.73,-1,-1,-1
63,4,634.30,394.30,66.59,141.79,0.90,-1,-1,-1
63,17,675.41,398.09,31.23,90.72,0.77,-1,-1,-1
63,5,791.39,385.73,54.95,162.09,0.91,-1,-1,-1
63,19,1042.97,393.63,78.64,202.96,0.78,-1,-1,-1
63,21,496.02,397.33,28.54,75.88,0.77,-1,-1,-1
63,22,1120.00,396.01,46.68,128.63,0.69,-1,-1,-1
63,11,280.61,372.38,55.28,140.29,0.86,-1,-1,-1
63,16,772.45,401.79,49.85,134.31,0.80,-1,-1,-1
63,23,1150.20,377.10,79.20,234.00,0.70,-1,-1,-1
64,1,-172.99,138.55,355.00,1003.70,0.14,-1,-1,-1
64,8,688.69,398.73,98.31,226.18,0.93,-1,-1,-1
64,13,725.63,396.37,49.41,125.58,0.77,-1,-1,-1
64,4,632.04,394.35,67.27,142.74,0.92,-1,-1,-1
64,17,674.50,398.95,31.37,88.24,0.78,-1,-1,-1
64,5,791.24,387.11,55.62,162.81,0.91,-1,-1,-1
64,19,1042.55,394.59,75.53,197.43,0.83,-1,-1,-1
64,21,494.54,398.22,28.12,75.87,0.72,-1,-1,-1
64,22,1118.80,397.50,49.48,128.39,0.71,-1,-1,-1
64,11,278.99,372.48,52.67,142.33,0.89,-1,-1,-1
64,16,771.49,402.26,50.17,135.72,0.80,-1,-1,-1
64,23,1153.23,380.25,70.62,202.47,0.70,-1,-1,-1
65,8,683.79,399.23,98.12,228.90,0.93,-1,-1,-1
65,13,724.53,397.90,49.09,118.29,0.72,-1,-1,-1
65,4,631.00,394.41,67.50,143.21,0.92,-1,-1,-1
65,17,673.33,399.16,31.41,90.30,0.78,-1,-1,-1
65,5,790.92,388.42,55.25,163.01,0.90,-1,-1,-1
65,19,1041.81,395.59,73.09,195.64,0.83,-1,-1,-1
65,21,492.90,398.88,28.60,76.64,0.82,-1,-1,-1
65,22,1115.87,397.62,52.89,135.82,0.76,-1,-1,-1
65,11,275.99,372.85,51.77,143.77,0.90,-1,-1,-1
65,16,771.14,402.48,50.80,139.75,0.78,-1,-1,-1
65,23,1153.78,381.94,64.57,186.62,0.76,-1,-1,-1
66,8,681.55,399.00,98.71,231.66,0.93,-1,-1,-1
66,13,722.09,398.35,50.70,124.58,0.69,-1,-1,-1
66,4,630.38,394.59,67.56,143.97,0.92,-1,-1,-1
66,17,672.34,399.41,32.62,91.05,0.78,-1,-1,-1
66,5,790.54,389.09,56.26,163.65,0.89,-1,-1,-1
66,19,1040.39,395.87,74.61,196.75,0.81,-1,-1,-1
66,21,491.77,399.26,28.13,76.91,0.80,-1,-1,-1
66,22,1113.04,398.05,56.49,140.07,0.73,-1,-1,-1
66,11,273.53,373.55,50.79,143.56,0.90,-1,-1,-1
66,16,771.89,403.59,50.99,141.82,0.71,-1,-1,-1
66,23,1155.38,383.19,67.23,190.05,0.72,-1,-1,-1
66,6,21.95,342.70,69.38,187.35,0.86,-1,-1,-1
67,8,681.26,398.78,97.80,233.80,0.93,-1,-1,-1
67,13,721.58,399.70,49.56,121.06,0.69,-1,-1,-1
67,4,629.72,395.12,67.59,144.53,0.91,-1,-1,-1
67,17,671.50,399.50,33.67,93.25,0.82,-1,-1,-1
67,5,790.20,389.78,57.25,163.84,0.89,-1,-1,-1
67,19,1038.78,394.59,78.78,197.13,0.78,-1,-1,-1
67,21,490.60,399.59,28.59,77.92,0.79,-1,-1,-1
67,22,1110.89,398.03,57.85,141.57,0.72,-1,-1,-1
67,11,269.90,373.44,51.60,145.49,0.90,-1,-1,-1
67,16,771.72,404.43,51.62,141.94,0.67,-1,-1,-1
67,23,1156.51,383.88,74.79,200.98,0.74,-1,-1,-1
67,6,3.41,343.83,86.95,189.12,0.88,-1,-1,-1
68,8,680.77,398.01,98.14,235.73,0.93,-1,-1,-1
68,13,722.41,400.57,47.89,117.41,0.70,-1,-1,-1
68,4,629.60,395.37,66.99,144.28,0.91,-1,-1,-1
68,17,671.30,399.58,34.07,95.11,0.81,-1,-1,-1
68,5,790.18,389.93,58.20,164.18,0.89,-1,-1,-1
68,19,1038.30,394.89,80.33,197.25,0.82,-1,-1,-1
68,21,489.69,399.76,28.75,78.43,0.83,-1,-1,-1
68,22,1110.79,397.93,60.65,143.23,0.66,-1,-1,-1
68,11,266.97,372.85,51.89,146.92,0.91,-1,-1,-1
68,16,767.42,403.76,54.14,143.62,0.74,-1,-1,-1
68,23,1158.19,383.68,77.30,201.33,0.74,-1,-1,-1
68,6,-3.01,344.16,91.73,190.90,0.86,-1,-1,-1
69,8,681.51,397.89,95.33,236.40,0.93,-1,-1,-1
69,13,723.58,401.51,46.65,111.06,0.66,-1,-1,-1
69,4,630.42,395.34,66.79,143.58,0.92,-1,-1,-1
69,17,670.88,399.32,36.59,93.89,0.82,-1,-1,-1
69,5,790.71,389.68,58.57,164.14,0.89,-1,-1,-1
69,19,1039.00,393.93,83.31,198.48,0.86,-1,-1,-1
69,21,488.69,399.41,29.43,78.61,0.81,-1,-1,-1
69,22,1110.49,397.70,62.86,146.74,0.72,-1,-1,-1
69,11,264.40,372.69,52.00,147.29,0.90,-1,-1,-1
69,16,765.16,403.34,56.83,144.19,0.76,-1,-1,-1
69,23,1159.59,383.71,79.37,219.14,0.74,-1,-1,-1
69,6,-7.23,343.50,95.59,192.23,0.88,-1,-1,-1
70,8,682.39,396.94,93.06,237.67,0.93,-1,-1,-1
70,13,723.30,401.52,46.76,111.15,0.66,-1,-1,-1
70,4,630.37,395.15,67.26,143.40,0.92,-1,-1,-1
70,17,670.92,399.04,37.51,92.90,0.82,-1,-1,-1
70,5,791.63,389.12,58.07,164.18,0.89,-1,-1,-1
70,19,1039.59,393.28,84.38,196.45,0.85,-1,-1,-1
70,21,488.02,399.24,30.25,78.93,0.81,-1,-1,-1
70,22,1109.50,397.64,63.62,145.27,0.71,-1,-1,-1
70,11,263.33,372.44,51.39,147.76,0.90,-1,-1,-1
70,16,764.11,402.70,58.38,144.98,0.77,-1,-1,-1
70,23,1161.53,383.42,78.77,220.42,0.73,-1,-1,-1
70,6,-6.47,343.35,94.23,192.13,0.88,-1,-1,-1
71,8,683.81,395.14,91.17,239.55,0.93,-1,-1,-1
71,13,724.54,400.63,45.65,111.11,0.50,-1,-1,-1
71,4,631.05,395.56,67.50,142.50,0.92,-1,-1,-1
71,17,671.65,398.97,36.74,91.81,0.83,-1,-1,-1
71,5,793.35,388.01,57.92,164.71,0.90,-1,-1,-1
71,19,1040.20,391.36,87.20,196.37,0.83,-1,-1,-1
71,21,487.51,398.94,30.59,78.92,0.85,-1,-1,-1
71,22,1111.29,397.29,60.42,141.52,0.78,-1,-1,-1
71,11,260.67,372.14,51.79,148.14,0.91,-1,-1,-1
71,16,763.61,399.82,60.74,146.89,0.80,-1,-1,-1
71,23,1164.40,382.35,82.14,221.50,0.76,-1,-1,-1
71,6,-6.14,342.67,92.34,192.11,0.89,-1,-1,-1
72,8,685.84,392.55,88.67,241.83,0.94,-1,-1,-1
72,13,727.06,399.55,41.58,105.56,0.50,-1,-1,-1
72,4,631.27,395.71,67.56,142.16,0.92,-1,-1,-1
72,17,671.87,398.79,36.39,90.35,0.84,-1,-1,-1
72,5,794.81,387.01,57.23,164.88,0.89,-1,-1,-1
72,19,1042.11,390.10,87.05,192.75,0.85,-1,-1,-1
72,21,486.99,398.49,30.69,78.91,0.83,-1,-1,-1
72,22,1112.55,397.23,59.00,138.80,0.82,-1,-1,-1
72,11,256.18,371.81,54.87,148.10,0.91,-1,-1,-1
72,16,762.78,399.30,61.03,145.80,0.82,-1,-1,-1
72,23,1166.52,380.20,86.86,223.51,0.74,-1,-1,-1
72,6,-5.03,342.03,88.49,191.73,0.90,-1,-1,-1
73,8,688.41,390.89,84.80,243.03,0.93,-1,-1,-1
73,13,727.62,399.03,39.44,101.50,0.38,-1,-1,-1
73,4,631.60,395.52,68.79,141.41,0.90,-1,-1,-1
73,17,672.49,399.07,36.26,90.38,0.83,-1,-1,-1
73,5,795.57,386.06,57.58,164.91,0.90,-1,-1,-1
73,19,1041.58,389.03,89.34,195.55,0.85,-1,-1,-1
73,21,486.47,398.11,30.14,78.28,0.74,-1,-1,-1
73,22,1114.73,396.59,57.25,137.71,0.84,-1,-1,-1
73,11,249.60,371.22,59.23,149.81,0.91,-1,-1,-1
73,16,762.96,399.14,60.53,144.06,0.82,-1,-1,-1
73,23,1170.07,378.30,86.32,226.90,0.76,-1,-1,-1
73,6,-3.38,341.09,86.10,191.78,0.89,-1,-1,-1
74,8,690.51,389.03,81.60,244.77,0.91,-1,-1,-1
74,13,733.31,400.47,34.35,92.72,0.27,-1,-1,-1
74,4,632.51,395.07,68.05,141.28,0.90,-1,-1,-1
74,17,673.22,399.10,35.60,89.35,0.82,-1,-1,-1
74,5,796.03,385.20,58.28,165.50,0.89,-1,-1,-1
74,19,1042.46,388.15,90.16,197.78,0.86,-1,-1,-1
74,21,485.01,397.87,31.11,78.19,0.81,-1,-1,-1
74,22,1115.48,396.77,57.74,136.69,0.82,-1,-1,-1
74,11,244.85,371.19,59.18,150.57,0.90,-1,-1,-1
74,16,763.53,399.47,59.09,142.74,0.82,-1,-1,-1
74,23,1169.51,375.91,85.94,229.25,0.77,-1,-1,-1
74,6,-4.31,340.30,84.23,192.19,0.91,-1,-1,-1
75,8,692.44,387.55,79.30,245.98,0.91,-1,-1,-1
75,13,736.25,400.92,31.27,89.50,0.29,-1,-1,-1
75,4,632.80,394.68,67.16,141.25,0.90,-1,-1,-1
75,17,674.02,399.34,33.54,87.32,0.82,-1,-1,-1
75,5,796.12,384.82,58.54,165.27,0.90,-1,-1,-1
75,19,1042.75,386.89,91.62,198.19,0.87,-1,-1,-1
75,21,483.80,397.71,31.46,78.00,0.82,-1,-1,-1
75,22,1116.30,396.35,56.71,134.49,0.79,-1,-1,-1
75,11,241.39,371.41,58.81,150.40,0.91,-1,-1,-1
75,16,763.99,399.83,57.30,142.34,0.82,-1,-1,-1
75,23,1171.53,374.98,89.27,240.26,0.77,-1,-1,-1
75,6,-5.76,339.92,82.73,192.76,0.91,-1,-1,-1
76,8,693.44,386.22,77.32,246.38,0.90,-1,-1,-1
76,13,734.57,401.46,32.28,89.76,0.18,-1,-1,-1
76,4,632.92,394.78,66.80,140.80,0.90,-1,-1,-1
76,17,674.64,399.52,33.36,87.18,0.81,-1,-1,-1
76,5,796.14,384.49,59.21,164.57,0.90,-1,-1,-1
76,19,1043.45,386.11,93.30,198.78,0.87,-1,-1,-1
76,21,483.08,398.19,30.40,77.48,0.82,-1,-1,-1
76,22,1117.22,396.92,57.47,128.22,0.73,-1,-1,-1
76,11,238.30,371.27,61.56,151.79,0.88,-1,-1,-1
76,16,763.59,399.93,58.35,141.41,0.77,-1,-1,-1
76,23,1173.42,373.74,90.47,243.60,0.77,-1,-1,-1
76,6,-8.08,339.70,82.25,193.37,0.88,-1,-1,-1
77,8,692.54,385.15,78.56,246.50,0.89,-1,-1,-1
77,13,732.46,400.56,36.95,93.48,0.25,-1,-1,-1
77,4,633.24,394.66,65.48,139.89,0.90,-1,-1,-1
77,17,674.83,399.58,33.29,86.24,0.81,-1,-1,-1
77,5,796.41,384.82,58.86,164.16,0.91,-1,-1,-1
77,19,1044.31,385.39,95.08,200.94,0.87,-1,-1,-1
77,21,481.92,397.91,29.98,77.43,0.74,-1,-1,-1
77,22,1118.76,396.53,57.74,127.71,0.78,-1,-1,-1
77,11,236.42,372.69,58.25,151.10,0.87,-1,-1,-1
77,16,771.67,388.65,57.55,152.95,0.80,-1,-1,-1
77,23,1175.27,372.55,94.38,257.21,0.77,-1,-1,-1
77,6,-9.21,339.16,80.00,194.91,0.88,-1,-1,-1
78,8,690.07,384.85,81.48,247.07,0.89,-1,-1,-1
78,13,734.60,400.90,35.66,94.25,0.12,-1,-1,-1
78,4,633.35,394.23,64.37,140.30,0.89,-1,-1,-1
78,17,674.58,399.81,33.27,88.16,0.79,-1,-1,-1
78,5,796.49,384.43,59.31,164.58,0.91,-1,-1,-1
78,19,1045.20,385.06,95.73,202.18,0.85,-1,-1,-1
78,21,480.61,397.57,30.42,78.91,0.83,-1,-1,-1
78,22,1119.91,396.46,55.44,120.89,0.75,-1,-1,-1
78,11,233.21,368.98,57.43,155.71,0.87,-1,-1,-1
78,16,775.98,387.30,53.04,153.86,0.78,-1,-1,-1
78,23,1175.90,372.03,96.98,263.31,0.75,-1,-1,-1
78,6,-11.08,339.03,78.16,195.44,0.88,-1,-1,-1
78,24,765.90,401.85,42.30,101.70,0.71,-1,-1,-1
79,8,690.12,384.68,81.33,247.93,0.89,-1,-1,-1
79,13,728.83,398.65,40.00,100.02,0.11,-1,-1,-1
79,4,633.78,394.10,63.93,139.85,0.89,-1,-1,-1
79,17,674.85,399.93,33.24,88.87,0.79,-1,-1,-1
79,5,797.13,384.80,58.83,164.86,0.91,-1,-1,-1
79,19,1046.10,385.08,95.86,199.62,0.86,-1,-1,-1
79,21,479.68,397.45,31.15,79.45,0.83,-1,-1,-1
79,22,1120.30,396.26,55.70,125.76,0.79,-1,-1,-1
79,11,229.86,367.41,57.44,157.83,0.89,-1,-1,-1
79,16,778.27,386.59,51.21,154.39,0.80,-1,-1,-1
79,23,1176.02,371.73,99.01,268.95,0.74,-1,-1,-1
79,6,-13.19,338.76,78.39,196.01,0.87,-1,-1,-1
79,24,766.26,402.79,41.60,101.20,0.69,-1,-1,-1
80,8,688.98,384.55,82.61,249.98,0.89,-1,-1,-1
80,13,732.04,400.84,39.26,98.10,0.15,-1,-1,-1
80,4,633.94,393.53,64.43,140.36,0.90,-1,-1,-1
80,17,674.38,399.90,35.06,89.34,0.80,-1,-1,-1
80,5,798.07,384.55,58.69,165.49,0.91,-1,-1,-1
80,19,1047.29,385.87,95.96,206.05,0.84,-1,-1,-1
80,21,478.08,397.35,32.04,80.14,0.84,-1,-1,-1
80,22,1120.72,396.20,57.04,131.13,0.84,-1,-1,-1
80,11,225.87,366.05,58.01,160.76,0.90,-1,-1,-1
80,16,778.22,386.27,51.84,155.94,0.83,-1,-1,-1
80,23,1178.68,371.62,103.31,276.93,0.76,-1,-1,-1
80,6,-13.80,339.25,75.31,196.44,0.85,-1,-1,-1
80,24,767.08,400.94,41.49,105.32,0.77,-1,-1,-1
80,25,505.80,399.15,27.00,79.20,0.72,-1,-1,-1
80,26,758.70,399.60,27.90,95.40,0.70,-1,-1,-1
81,8,686.40,384.21,85.46,251.84,0.89,-1,-1,-1
81,13,734.78,403.32,37.72,95.39,0.15,-1,-1,-1
81,4,634.24,393.13,64.60,140.97,0.90,-1,-1,-1
81,17,674.13,399.99,35.13,89.35,0.81,-1,-1,-1
81,5,798.90,384.74,58.60,165.69,0.91,-1,-1,-1
81,19,1048.76,386.93,94.73,210.01,0.86,-1,-1,-1
81,21,476.90,397.55,32.36,80.67,0.88,-1,-1,-1
81,22,1121.28,395.91,57.51,134.92,0.85,-1,-1,-1
81,11,222.53,366.05,58.10,161.51,0.91,-1,-1,-1
81,16,778.09,389.99,51.43,152.90,0.82,-1,-1,-1
81,23,1183.52,372.21,100.24,274.59,0.77,-1,-1,-1
81,6,-15.22,339.49,73.33,196.97,0.85,-1,-1,-1
81,24,767.97,399.58,43.53,117.65,0.79,-1,-1,-1
81,25,505.64,400.12,27.02,79.43,0.76,-1,-1,-1
81,26,759.05,400.57,27.92,94.92,0.67,-1,-1,-1
82,8,684.50,384.39,87.76,254.75,0.90,-1,-1,-1
82,13,741.81,405.72,32.32,91.53,0.22,-1,-1,-1
82,4,633.99,393.56,65.29,141.08,0.90,-1,-1,-1
82,17,673.98,400.15,34.57,86.39,0.83,-1,-1,-1
82,5,799.16,385.23,58.59,166.37,0.90,-1,-1,-1
82,19,1049.31,387.73,94.25,210.93,0.85,-1,-1,-1
82,21,475.21,397.78,32.48,81.76,0.87,-1,-1,-1
82,22,1122.10,395.88,57.69,136.39,0.87,-1,-1,-1
82,11,218.89,366.39,57.40,162.80,0.90,-1,-1,-1
82,16,777.95,395.47,51.31,149.88,0.81,-1,-1,-1
82,23,1187.76,372.99,95.38,276.51,0.76,-1,-1,-1
82,6,-17.98,339.93,72.89,198.20,0.84,-1,-1,-1
82,24,768.86,399.11,41.54,115.54,0.78,-1,-1,-1
82,25,504.13,400.25,27.72,80.36,0.82,-1,-1,-1
82,26,758.39,401.73,27.93,94.32,0.68,-1,-1,-1
83,8,684.04,384.59,87.43,256.54,0.90,-1,-1,-1
83,13,743.45,406.25,30.89,91.06,0.14,-1,-1,-1
83,4,633.54,393.84,65.53,141.86,0.91,-1,-1,-1
83,17,673.27,400.16,34.94,85.86,0.84,-1,-1,-1
83,5,798.88,385.70,59.15,166.02,0.89,-1,-1,-1
83,19,1049.42,388.51,94.01,205.46,0.86,-1,-1,-1
83,21,473.68,398.24,32.51,81.72,0.88,-1,-1,-1
83,22,1122.30,395.61,57.73,136.93,0.88,-1,-1,-1
83,11,214.20,365.70,56.94,164.86,0.91,-1,-1,-1
83,16,777.81,398.58,51.25,148.54,0.81,-1,-1,-1
83,23,1197.62,373.49,88.55,268.14,0.74,-1,-1,-1
83,6,-21.21,339.52,73.91,200.55,0.82,-1,-1,-1
83,24,769.41,397.54,40.76,117.21,0.80,-1,-1,-1
83,25,501.95,399.84,29.33,81.34,0.84,-1,-1,-1
83,26,756.74,402.38,29.32,96.20,0.77,-1,-1,-1
84,8,685.98,385.09,86.12,258.73,0.89,-1,-1,-1
84,13,741.15,404.84,33.57,95.75,0.11,-1,-1,-1
84,4,633.10,394.19,65.03,142.72,0.90,-1,-1,-1
84,17,673.01,400.25,34.48,86.11,0.84,-1,-1,-1
84,5,798.15,385.66,60.55,167.18,0.90,-1,-1,-1
84,19,1051.77,388.57,90.33,199.50,0.85,-1,-1,-1
84,21,471.70,397.94,32.51,83.01,0.86,-1,-1,-1
84,22,1121.69,395.55,57.73,136.34,0.87,-1,-1,-1
84,11,209.16,366.04,56.84,166.15,0.91,-1,-1,-1
84,16,777.12,394.14,53.64,155.30,0.83,-1,-1,-1
84,23,1198.04,373.88,88.41,269.95,0.77,-1,-1,-1
84,6,-22.88,340.14,72.35,199.73,0.79,-1,-1,-1
84,24,770.21,397.60,39.22,116.38,0.83,-1,-1,-1
84,25,499.71,400.17,30.49,82.10,0.84,-1,-1,-1
84,26,755.57,402.50,29.75,97.44,0.79,-1,-1,-1
85,8,685.27,386.19,86.24,259.84,0.89,-1,-1,-1
85,4,632.95,394.93,64.25,143.06,0.91,-1,-1,-1
85,17,672.65,400.44,34.30,85.78,0.84,-1,-1,-1
85,5,797.61,386.99,63.44,167.48,0.90,-1,-1,-1
85,19,1053.93,390.25,86.49,189.89,0.77,-1,-1,-1
85,21,469.81,398.87,33.10,83.05,0.85,-1,-1,-1
85,22,1121.53,395.84,57.73,135.22,0.87,-1,-1,-1
85,11,203.64,366.18,57.69,167.80,0.90,-1,-1,-1
85,16,776.58,388.12,56.29,163.09,0.87,-1,-1,-1
85,23,1202.42,374.94,87.15,272.93,0.76,-1,-1,-1
85,6,-26.38,340.53,72.38,201.93,0.79,-1,-1,-1
85,24,770.48,399.69,37.42,112.99,0.86,-1,-1,-1
85,25,498.35,399.97,30.22,82.98,0.83,-1,-1,-1
85,26,754.92,403.66,30.51,96.06,0.80,-1,-1,-1
85,15,701.10,404.59,28.80,91.32,0.71,-1,-1,-1
86,8,689.53,386.80,79.71,262.20,0.88,-1,-1,-1
86,4,632.64,396.28,63.95,141.96,0.90,-1,-1,-1
86,17,671.96,400.24,34.23,87.29,0.83,-1,-1,-1
86,5,797.40,387.08,65.10,168.13,0.89,-1,-1,-1
86,19,1053.44,393.65,64.30,174.81,0.72,-1,-1,-1
86,21,468.04,399.40,33.31,83.02,0.85,-1,-1,-1
86,22,1121.99,395.97,56.52,131.60,0.85,-1,-1,-1
86,11,199.09,365.70,57.33,169.07,0.92,-1,-1,-1
86,16,775.50,386.11,57.30,165.87,0.87,-1,-1,-1
86,23,1197.82,375.51,95.11,268.58,0.77,-1,-1,-1
86,6,-28.18,340.87,70.84,197.35,0.71,-1,-1,-1
86,24,769.91,400.40,37.46,113.74,0.86,-1,-1,-1
86,25,496.77,400.27,29.43,82.44,0.78,-1,-1,-1
86,26,753.50,403.78,32.00,97.26,0.80,-1,-1,-1
86,15,699.64,404.74,28.83,91.99,0.72,-1,-1,-1
87,8,693.04,387.60,74.76,263.07,0.90,-1,-1,-1
87,4,632.21,397.50,63.25,141.10,0.90,-1,-1,-1
87,17,671.38,400.28,34.21,87.43,0.85,-1,-1,-1
87,5,795.26,387.07,68.07,167.20,0.87,-1,-1,-1
87,19,1055.91,391.10,76.18,189.37,0.81,-1,-1,-1
87,21,466.19,399.86,33.39,82.12,0.87,-1,-1,-1
87,22,1121.58,395.99,56.06,129.94,0.86,-1,-1,-1
87,11,194.34,365.80,58.24,169.82,0.89,-1,-1,-1
87,16,774.17,385.76,60.02,167.62,0.86,-1,-1,-1
87,23,1200.80,375.40,95.68,272.15,0.76,-1,-1,-1
87,6,-31.48,341.13,70.61,195.10,0.71,-1,-1,-1
87,24,769.37,400.80,37.50,115.03,0.87,-1,-1,-1
87,25,495.31,400.52,29.74,82.69,0.81,-1,-1,-1
87,26,752.99,403.46,31.92,97.99,0.82,-1,-1,-1
87,15,698.82,404.91,28.85,92.09,0.76,-1,-1,-1
88,8,696.88,388.45,71.79,263.87,0.91,-1,-1,-1
88,4,632.49,398.05,61.79,140.59,0.90,-1,-1,-1
88,17,671.00,400.23,34.19,90.15,0.83,-1,-1,-1
88,5,793.67,386.86,70.34,168.13,0.87,-1,-1,-1
88,19,1056.63,389.89,76.70,193.60,0.75,-1,-1,-1
88,21,465.12,399.68,32.81,82.04,0.84,-1,-1,-1
88,22,1121.45,395.93,55.87,129.30,0.84,-1,-1,-1
88,11,189.79,366.69,59.15,170.31,0.92,-1,-1,-1
88,16,773.18,384.87,62.20,168.33,0.86,-1,-1,-1
88,23,1202.50,375.29,98.19,274.54,0.76,-1,-1,-1
88,6,-33.57,341.65,69.70,186.57,0.47,-1,-1,-1
88,24,768.64,400.60,38.16,114.53,0.86,-1,-1,-1
88,25,493.76,399.96,29.83,82.74,0.80,-1,-1,-1
88,26,753.56,403.28,31.23,97.60,0.76,-1,-1,-1
88,15,698.65,405.07,28.84,91.93,0.73,-1,-1,-1
89,8,698.91,389.34,70.16,263.41,0.90,-1,-1,-1
89,4,632.40,398.81,61.23,140.35,0.90,-1,-1,-1
89,17,670.96,400.33,34.18,89.50,0.83,-1,-1,-1
89,5,791.36,386.60,72.91,168.86,0.88,-1,-1,-1
89,19,1056.20,389.53,69.71,190.61,0.76,-1,-1,-1
89,21,464.35,399.58,32.57,81.97,0.86,-1,-1,-1
89,22,1121.31,395.88,55.79,126.32,0.82,-1,-1,-1
89,11,186.81,366.89,60.28,170.82,0.92,-1,-1,-1
89,16,772.85,384.68,63.01,168.31,0.85,-1,-1,-1
89,23,1203.55,375.22,99.08,271.10,0.77,-1,-1,-1
89,6,-34.53,340.93,70.53,187.54,0.47,-1,-1,-1
89,24,768.41,400.36,37.79,114.99,0.86,-1,-1,-1
89,25,492.50,399.57,30.44,82.86,0.84,-1,-1,-1
89,26,753.56,403.03,30.93,97.55,0.76,-1,-1,-1
89,15,698.99,405.24,28.23,91.66,0.71,-1,-1,-1
90,8,700.15,390.28,69.07,263.95,0.91,-1,-1,-1
90,4,631.67,398.79,62.29,141.56,0.89,-1,-1,-1
90,17,670.59,400.68,33.60,88.41,0.82,-1,-1,-1
90,5,791.05,386.35,73.36,169.08,0.89,-1,-1,-1
90,19,1054.88,389.55,69.63,186.44,0.80,-1,-1,-1
90,21,463.00,399.26,32.49,82.29,0.87,-1,-1,-1
90,22,1122.08,396.32,55.79,122.43,0.81,-1,-1,-1
90,11,182.46,366.37,60.75,172.86,0.90,-1,-1,-1
90,16,774.18,384.79,61.58,168.20,0.85,-1,-1,-1
90,23,1207.70,374.88,94.75,265.09,0.78,-1,-1,-1
90,6,-36.39,344.86,73.94,191.63,0.13,-1,-1,-1
90,24,768.00,401.34,36.48,114.74,0.87,-1,-1,-1
90,25,491.28,399.16,30.68,83.86,0.85,-1,-1,-1
90,26,751.45,402.79,32.64,98.34,0.65,-1,-1,-1
90,15,698.49,405.33,28.62,91.30,0.70,-1,-1,-1
91,8,699.99,391.67,68.76,263.03,0.91,-1,-1,-1
91,4,630.57,399.23,65.08,141.25,0.87,-1,-1,-1
91,17,670.50,401.11,33.38,87.08,0.82,-1,-1,-1
91,5,790.12,386.25,74.07,169.72,0.89,-1,-1,-1
91,19,1049.53,388.61,75.76,192.72,0.82,-1,-1,-1
91,21,462.03,399.90,32.47,81.94,0.88,-1,-1,-1
91,22,1118.78,396.60,59.39,126.33,0.77,-1,-1,-1
91,11,177.82,367.12,62.10,172.97,0.91,-1,-1,-1
91,16,777.40,385.60,59.21,167.62,0.82,-1,-1,-1
91,23,1210.39,374.72,93.00,261.49,0.80,-1,-1,-1
91,24,767.57,401.26,36.63,115.04,0.88,-1,-1,-1
91,25,490.36,398.73,30.76,85.10,0.86,-1,-1,-1
91,26,753.08,402.09,31.50,97.70,0.73,-1,-1,-1
91,15,697.46,405.35,29.36,91.14,0.65,-1,-1,-1
91,27,511.20,397.80,27.90,87.30,0.79,-1,-1,-1
92,8,698.69,391.69,69.91,263.64,0.90,-1,-1,-1
92,4,629.91,399.03,66.12,140.80,0.87,-1,-1,-1
92,17,670.52,401.37,33.30,85.52,0.82,-1,-1,-1
92,5,789.20,385.57,74.87,170.51,0.88,-1,-1,-1
92,19,1049.35,387.94,80.28,192.62,0.81,-1,-1,-1
92,21,461.19,399.64,32.45,82.24,0.87,-1,-1,-1
92,22,1119.26,396.81,59.54,131.15,0.79,-1,-1,-1
92,11,173.67,368.55,62.58,173.53,0.90,-1,-1,-1
92,16,775.34,385.30,60.67,167.31,0.82,-1,-1,-1
92,23,1213.04,373.43,92.32,267.88,0.77,-1,-1,-1
92,24,767.74,400.75,36.08,114.95,0.87,-1,-1,-1
92,25,489.53,398.22,30.77,85.83,0.85,-1,-1,-1
92,26,751.37,401.48,32.82,98.64,0.83,-1,-1,-1
92,15,697.71,405.62,28.45,81.77,0.43,-1,-1,-1
92,27,508.59,397.60,29.36,87.88,0.79,-1,-1,-1
93,8,698.79,392.18,73.99,264.59,0.89,-1,-1,-1
93,4,629.06,399.74,66.52,138.70,0.85,-1,-1,-1
93,17,670.52,401.67,33.27,84.80,0.82,-1,-1,-1
93,5,789.44,384.47,73.98,171.70,0.89,-1,-1,-1
93,19,1047.56,387.15,87.89,193.79,0.83,-1,-1,-1
93,21,460.30,399.58,32.44,82.05,0.86,-1,-1,-1
93,22,1119.47,396.35,57.22,135.05,0.81,-1,-1,-1
93,11,169.54,368.10,61.72,175.04,0.91,-1,-1,-1
93,16,780.17,386.15,56.48,166.56,0.79,-1,-1,-1
93,23,1214.56,372.55,92.05,265.05,0.78,-1,-1,-1
93,24,767.18,400.31,35.90,116.09,0.87,-1,-1,-1
93,25,488.65,398.09,30.16,86.39,0.85,-1,-1,-1
93,26,751.04,401.16,32.70,98.53,0.80,-1,-1,-1
93,15,699.94,405.78,25.67,74.07,0.18,-1,-1,-1
93,27,504.31,397.76,33.06,87.48,0.80,-1,-1,-1
94,8,696.68,392.24,78.46,265.68,0.89,-1,-1,-1
94,4,627.49,399.73,67.85,138.53,0.86,-1,-1,-1
94,17,670.46,401.81,32.67,84.85,0.82,-1,-1,-1
94,5,790.68,384.10,73.00,173.33,0.89,-1,-1,-1
94,19,1053.69,386.46,83.96,195.27,0.83,-1,-1,-1
94,21,459.49,399.45,32.28,82.13,0.86,-1,-1,-1
94,22,1119.53,396.35,56.30,131.70,0.64,-1,-1,-1
94,11,164.24,368.25,62.56,176.47,0.90,-1,-1,-1
94,16,779.87,385.19,56.63,167.58,0.84,-1,-1,-1
94,23,1216.81,371.52,89.56,263.78,0.78,-1,-1,-1
94,24,766.92,400.18,35.85,116.79,0.87,-1,-1,-1
94,25,487.09,398.09,30.52,86.89,0.85,-1,-1,-1
94,26,750.58,399.88,33.23,100.58,0.83,-1,-1,-1
94,15,702.61,405.87,24.62,70.17,0.25,-1,-1,-1
94,27,504.72,398.18,31.76,86.97,0.78,-1,-1,-1
95,8,693.73,393.67,79.59,264.76,0.87,-1,-1,-1
95,4,625.63,399.79,67.75,138.50,0.85,-1,-1,-1
95,17,669.75,402.23,31.84,85.19,0.83,-1,-1,-1
95,5,790.20,383.91,73.77,175.00,0.89,-1,-1,-1
95,19,1056.23,386.47,82.24,201.36,0.83,-1,-1,-1
95,21,458.36,399.30,32.37,82.92,0.86,-1,-1,-1
95,22,1118.92,397.23,54.76,122.45,0.63,-1,-1,-1
95,11,158.74,367.01,63.74,179.52,0.91,-1,-1,-1
95,16,782.07,385.08,54.28,169.00,0.86,-1,-1,-1
95,23,1218.75,370.97,89.80,265.12,0.78,-1,-1,-1
95,24,765.84,400.23,36.44,117.95,0.88,-1,-1,-1
95,25,485.24,398.16,30.64,86.47,0.88,-1,-1,-1
95,26,750.04,399.50,34.01,101.95,0.83,-1,-1,-1
95,15,698.18,406.12,23.02,69.72,0.39,-1,-1,-1
95,27,505.42,398.69,29.72,86.83,0.82,-1,-1,-1
96,8,693.79,394.47,80.00,264.31,0.86,-1,-1,-1
96,4,623.82,399.46,67.68,137.87,0.87,-1,-1,-1
96,17,668.95,402.20,32.13,86.66,0.82,-1,-1,-1
96,5,791.83,383.66,72.84,176.62,0.88,-1,-1,-1
96,19,1055.37,386.16,82.74,205.37,0.84,-1,-1,-1
96,21,457.18,398.90,32.39,84.09,0.86,-1,-1,-1
96,22,1119.28,397.99,49.32,112.31,0.30,-1,-1,-1
96,11,155.12,365.60,62.54,181.79,0.90,-1,-1,-1
96,16,782.61,384.43,53.37,170.66,0.87,-1,-1,-1
96,23,1221.14,371.06,88.67,264.96,0.79,-1,-1,-1
96,24,764.88,400.52,36.66,118.04,0.88,-1,-1,-1
96,25,484.09,398.89,30.08,85.83,0.87,-1,-1,-1
96,26,749.02,399.33,34.87,101.84,0.81,-1,-1,-1
96,15,695.69,406.01,22.47,67.60,0.33,-1,-1,-1
96,27,504.49,398.96,29.67,87.27,0.82,-1,-1,-1
97,8,692.08,395.83,81.95,264.78,0.87,-1,-1,-1
97,4,621.69,398.92,69.44,138.88,0.87,-1,-1,-1
97,17,668.99,402.37,32.86,90.81,0.80,-1,-1,-1
97,5,793.14,383.76,73.07,178.14,0.88,-1,-1,-1
97,19,1055.17,387.55,81.76,205.01,0.82,-1,-1,-1
97,21,455.72,399.25,32.86,85.14,0.85,-1,-1,-1
97,22,1119.56,398.58,46.06,109.51,0.64,-1,-1,-1
97,11,149.95,366.74,61.92,181.47,0.92,-1,-1,-1
97,16,779.50,384.38,55.50,171.89,0.85,-1,-1,-1
97,23,1222.72,371.28,90.70,268.53,0.76,-1,-1,-1
97,24,763.99,400.08,37.36,119.71,0.87,-1,-1,-1
97,25,483.09,399.52,29.26,86.34,0.86,-1,-1,-1
97,15,694.57,406.14,21.69,65.39,0.31,-1,-1,-1
97,27,502.92,400.16,30.31,86.82,0.84,-1,-1,-1
98,8,692.61,396.33,81.47,265.53,0.87,-1,-1,-1
98,4,620.04,398.70,70.67,139.87,0.89,-1,-1,-1
98,17,668.72,402.58,31.93,89.29,0.81,-1,-1,-1
98,5,797.49,384.71,69.56,178.39,0.88,-1,-1,-1
98,19,1052.08,388.88,83.73,208.52,0.83,-1,-1,-1
98,21,453.88,399.36,33.77,85.52,0.77,-1,-1,-1
98,22,1119.65,398.66,47.47,116.46,0.64,-1,-1,-1
98,11,144.70,368.03,62.10,181.29,0.91,-1,-1,-1
98,16,778.65,384.69,55.67,172.91,0.84,-1,-1,-1
98,23,1225.60,371.72,90.23,263.91,0.73,-1,-1,-1
98,24,763.67,400.07,37.62,121.05,0.87,-1,-1,-1
98,25,481.89,399.89,29.55,87.26,0.86,-1,-1,-1
98,15,694.20,406.49,20.80,61.27,0.19,-1,-1,-1
98,27,502.42,400.70,30.52,86.81,0.83,-1,-1,-1
98,13,750.12,402.36,32.44,100.32,0.79,-1,-1,-1
99,8,693.74,397.20,81.84,261.44,0.86,-1,-1,-1
99,4,620.09,398.59,70.51,139.70,0.89,-1,-1,-1
99,17,668.66,402.46,31.57,90.10,0.81,-1,-1,-1
99,5,801.53,385.62,66.34,177.88,0.89,-1,-1,-1
99,19,1048.96,389.45,85.61,212.62,0.82,-1,-1,-1
99,21,453.39,399.83,34.09,85.30,0.75,-1,-1,-1
99,22,1117.63,398.47,51.59,117.96,0.77,-1,-1,-1
99,11,139.82,366.18,63.93,183.87,0.91,-1,-1,-1
99,16,776.19,384.48,56.32,173.88,0.85,-1,-1,-1
99,23,1226.89,371.22,93.61,273.18,0.66,-1,-1,-1
99,24,762.94,399.88,38.90,122.63,0.87,-1,-1,-1
99,25,481.33,400.31,29.05,87.09,0.86,-1,-1,-1
99,15,694.12,406.42,20.52,63.04,0.17,-1,-1,-1
99,27,502.10,400.86,30.59,86.92,0.84,-1,-1,-1
99,13,750.67,402.74,32.39,100.26,0.72,-1,-1,-1
100,8,691.58,398.63,84.94,263.00,0.88,-1,-1,-1
100,4,619.90,398.31,70.45,140.76,0.90,-1,-1,-1
100,17,668.72,403.23,31.45,89.26,0.81,-1,-1,-1
100,5,805.26,386.80,63.34,178.35,0.89,-1,-1,-1
100,19,1050.97,391.25,81.62,200.89,0.56,-1,-1,-1
100,21,452.33,400.51,34.81,86.14,0.85,-1,-1,-1
100,22,1116.59,398.95,54.28,127.30,0.85,-1,-1,-1
100,11,135.58,365.20,63.89,186.82,0.91,-1,-1,-1
100,16,772.41,385.38,58.95,174.15,0.86,-1,-1,-1
100,23,1229.42,372.63,96.06,270.97,0.60,-1,-1,-1
100,24,762.50,400.19,39.97,123.42,0.85,-1,-1,-1
100,25,480.85,401.27,28.86,87.06,0.87,-1,-1,-1
100,15,694.19,407.23,20.45,62.16,0.19,-1,-1,-1
100,27,500.48,401.56,31.84,87.16,0.85,-1,-1,-1
100,13,752.47,403.26,31.77,101.33,0.31,-1,-1,-1
101,8,689.58,399.26,87.85,263.62,0.91,-1,-1,-1
101,4,620.41,399.05,69.82,142.23,0.90,-1,-1,-1
101,17,668.41,403.92,32.02,88.64,0.81,-1,-1,-1
101,5,808.70,388.39,61.03,179.27,0.90,-1,-1,-1
101,21,450.28,402.93,35.23,85.28,0.82,-1,-1,-1
101,22,1116.23,400.01,56.51,132.39,0.86,-1,-1,-1
101,11,131.06,364.17,63.41,190.14,0.91,-1,-1,-1
101,16,771.28,386.74,59.35,174.24,0.86,-1,-1,-1
101,23,1235.66,375.40,92.29,261.17,0.48,-1,-1,-1
101,24,762.91,400.43,39.79,124.29,0.86,-1,-1,-1
101,25,479.75,402.91,28.19,86.75,0.87,-1,-1,-1
101,15,693.59,408.54,22.29,67.46,0.21,-1,-1,-1
101,27,499.85,402.80,32.29,87.27,0.86,-1,-1,-1
101,13,750.65,405.20,30.94,100.11,0.36,-1,-1,-1
102,8,689.22,399.63,88.87,263.34,0.91,-1,-1,-1
102,4,621.33,399.47,68.93,143.13,0.89,-1,-1,-1
102,17,668.71,404.62,32.81,87.83,0.81,-1,-1,-1
102,5,810.64,389.64,60.19,180.10,0.91,-1,-1,-1
102,21,448.56,403.47,35.80,85.41,0.82,-1,-1,-1
102,22,1115.75,400.88,58.50,132.24,0.88,-1,-1,-1
102,11,122.36,364.47,67.04,191.86,0.91,-1,-1,-1
102,16,771.89,387.89,56.48,175.36,0.88,-1,-1,-1
102,23,1237.00,376.96,95.53,262.46,0.30,-1,-1,-1
102,24,762.92,401.30,39.68,124.64,0.87,-1,-1,-1
102,25,478.84,403.91,27.92,86.65,0.86,-1,-1,-1
102,15,693.21,409.34,22.92,72.45,0.19,-1,-1,-1
102,27,498.82,402.89,33.63,86.88,0.85,-1,-1,-1
102,13,752.20,405.97,29.38,100.11,0.30,-1,-1,-1
103,8,689.63,400.29,89.87,261.92,0.92,-1,-1,-1
103,4,621.37,400.35,69.20,143.25,0.89,-1,-1,-1
103,17,668.79,405.44,33.12,87.19,0.81,-1,-1,-1
103,5,811.48,390.63,60.55,180.90,0.91,-1,-1,-1
103,21,446.95,402.80,36.16,86.90,0.86,-1,-1,-1
103,22,1114.78,401.33,60.44,132.66,0.89,-1,-1,-1
103,11,116.23,365.60,68.69,193.56,0.92,-1,-1,-1
103,16,769.95,389.17,57.20,174.76,0.89,-1,-1,-1
103,24,762.56,402.47,40.24,125.27,0.86,-1,-1,-1
103,25,477.97,403.70,28.44,87.76,0.88,-1,-1,-1
103,15,693.33,410.18,22.59,74.66,0.26,-1,-1,-1
103,27,497.89,403.82,34.13,87.31,0.86,-1,-1,-1
103,13,752.35,406.80,28.84,101.25,0.45,-1,-1,-1
103,28,695.70,405.45,45.90,123.30,0.73,-1,-1,-1
104,8,689.07,401.34,93.16,260.76,0.92,-1,-1,-1
104,4,622.74,400.74,66.91,144.02,0.89,-1,-1,-1
104,17,668.96,405.66,33.83,87.54,0.80,-1,-1,-1
104,5,812.17,391.50,61.32,181.17,0.92,-1,-1,-1
104,21,445.21,402.01,37.32,87.90,0.88,-1,-1,-1
104,22,1114.56,401.55,61.17,132.93,0.89,-1,-1,-1
104,11,110.57,366.55,70.07,194.73,0.93,-1,-1,-1
104,16,769.40,389.86,56.86,175.99,0.89,-1,-1,-1
104,24,762.28,403.27,41.04,125.92,0.83,-1,-1,-1
104,25,477.22,403.53,29.24,88.16,0.87,-1,-1,-1
104,15,693.53,410.55,23.07,76.26,0.23,-1,-1,-1
104,27,497.12,403.17,35.49,88.96,0.87,-1,-1,-1
104,13,753.13,407.32,26.82,96.02,0.24,-1,-1,-1
104,28,696.21,405.45,47.35,123.56,0.71,-1,-1,-1
105,8,687.70,400.55,97.35,262.58,0.93,-1,-1,-1
105,4,623.86,401.53,66.07,144.16,0.89,-1,-1,-1
105,17,669.33,405.62,33.53,88.28,0.77,-1,-1,-1
105,5,811.78,391.09,62.88,183.04,0.92,-1,-1,-1
105,21,444.26,401.78,37.78,88.71,0.86,-1,-1,-1
105,22,1113.96,401.88,62.63,131.08,0.89,-1,-1,-1
105,11,99.16,366.49,77.18,197.34,0.93,-1,-1,-1
105,16,770.72,389.83,54.98,177.18,0.88,-1,-1,-1
105,24,763.08,404.03,40.19,126.74,0.81,-1,-1,-1
105,25,476.66,403.08,28.96,88.91,0.86,-1,-1,-1
105,15,693.62,410.87,22.68,75.70,0.14,-1,-1,-1
105,27,496.25,403.28,36.60,90.04,0.87,-1,-1,-1
105,28,695.68,404.90,48.33,126.24,0.75,-1,-1,-1
106,8,687.95,399.70,99.52,263.32,0.93,-1,-1,-1
106,4,624.51,402.04,65.75,143.55,0.88,-1,-1,-1
106,17,670.57,406.40,32.81,87.34,0.77,-1,-1,-1
106,5,811.45,391.40,64.66,183.66,0.92,-1,-1,-1
106,21,443.49,402.07,37.79,88.82,0.80,-1,-1,-1
106,22,1115.25,402.15,61.99,130.28,0.88,-1,-1,-1
106,11,88.29,366.29,83.29,199.53,0.94,-1,-1,-1
106,16,771.72,389.42,54.87,179.31,0.88,-1,-1,-1
106,24,763.56,404.22,40.44,126.97,0.80,-1,-1,-1
106,25,476.15,402.84,28.86,89.44,0.86,-1,-1,-1
106,15,693.87,411.62,22.53,74.70,0.20,-1,-1,-1
106,27,495.91,402.80,37.01,90.55,0.87,-1,-1,-1
106,28,695.00,404.76,49.35,127.23,0.82,-1,-1,-1
107,8,688.39,398.66,102.06,265.37,0.93,-1,-1,-1
107,4,625.99,402.42,70.46,143.29,0.88,-1,-1,-1
107,17,671.06,407.19,33.13,87.87,0.78,-1,-1,-1
107,5,811.91,390.81,64.75,184.45,0.92,-1,-1,-1
107,21,443.14,400.90,37.33,89.73,0.78,-1,-1,-1
107,22,1116.37,403.32,61.71,128.17,0.88,-1,-1,-1
107,11,79.53,365.69,88.22,201.32,0.94,-1,-1,-1
107,16,772.73,389.60,54.23,179.04,0.89,-1,-1,-1
107,24,764.08,404.32,39.94,128.35,0.80,-1,-1,-1
107,25,475.75,402.05,28.82,90.52,0.86,-1,-1,-1
107,15,694.60,411.94,23.08,76.83,0.17,-1,-1,-1
107,27,495.85,402.06,37.73,93.26,0.88,-1,-1,-1
107,28,694.49,404.47,49.65,128.63,0.83,-1,-1,-1
108,8,691.49,398.07,102.43,265.98,0.93,-1,-1,-1
108,4,627.43,402.67,71.01,142.74,0.88,-1,-1,-1
108,17,672.15,407.58,33.26,88.52,0.80,-1,-1,-1
108,5,811.75,390.53,65.99,184.71,0.92,-1,-1,-1
108,21,442.48,401.76,37.74,88.73,0.78,-1,-1,-1
108,22,1117.40,404.29,61.58,128.55,0.85,-1,-1,-1
108,11,73.61,366.49,91.72,200.90,0.94,-1,-1,-1
108,16,774.03,388.44,54.62,180.97,0.88,-1,-1,-1
108,24,764.59,403.72,42.14,137.12,0.77,-1,-1,-1
108,25,475.34,401.28,28.81,91.05,0.86,-1,-1,-1
108,27,495.88,402.04,37.99,93.97,0.88,-1,-1,-1
108,28,694.36,403.39,50.36,130.97,0.70,-1,-1,-1
109,8,694.61,395.77,101.33,268.19,0.92,-1,-1,-1
109,4,627.85,402.76,70.61,141.88,0.88,-1,-1,-1
109,17,672.71,407.57,32.70,87.39,0.81,-1,-1,-1
109,5,812.07,391.00,66.44,184.13,0.91,-1,-1,-1
109,21,442.48,402.56,37.88,87.85,0.78,-1,-1,-1
109,22,1118.71,404.17,61.51,129.09,0.86,-1,-1,-1
109,11,70.47,366.41,93.61,201.65,0.94,-1,-1,-1
109,16,774.64,387.55,54.76,181.76,0.88,-1,-1,-1
109,24,764.90,403.18,42.95,141.51,0.75,-1,-1,-1
109,25,475.13,400.85,29.40,91.36,0.86,-1,-1,-1
109,27,495.52,402.05,38.07,93.59,0.87,-1,-1,-1
109,28,694.51,403.02,50.58,131.69,0.73,-1,-1,-1
110,8,697.69,395.54,102.07,267.77,0.92,-1,-1,-1
110,4,628.97,402.40,71.66,141.90,0.88,-1,-1,-1
110,17,673.61,407.76,31.91,83.10,0.81,-1,-1,-1
110,5,813.79,389.74,65.46,185.58,0.91,-1,-1,-1
110,21,442.55,401.43,37.35,88.58,0.84,-1,-1,-1
110,22,1118.29,403.56,63.85,131.86,0.84,-1,-1,-1
110,11,67.84,365.56,94.04,202.68,0.93,-1,-1,-1
110,16,775.61,386.52,55.44,182.09,0.88,-1,-1,-1
110,24,765.16,402.73,42.68,141.04,0.72,-1,-1,-1
110,25,474.82,400.46,29.63,91.35,0.86,-1,-1,-1
110,27,495.46,401.37,38.09,92.86,0.86,-1,-1,-1
110,28,695.32,401.58,50.03,132.54,0.88,-1,-1,-1
111,8,702.91,394.26,100.51,267.56,0.93,-1,-1,-1
111,4,629.93,401.78,72.62,141.46,0.87,-1,-1,-1
111,17,674.78,407.51,31.60,81.78,0.76,-1,-1,-1
111,5,815.25,388.80,65.05,185.65,0.89,-1,-1,-1
111,21,442.14,400.51,36.97,88.69,0.87,-1,-1,-1
111,22,1122.12,403.17,61.20,130.37,0.85,-1,-1,-1
111,11,65.81,364.28,92.07,204.78,0.92,-1,-1,-1
111,16,775.01,385.23,57.47,183.35,0.88,-1,-1,-1
111,24,765.19,402.24,43.14,142.82,0.67,-1,-1,-1
111,25,474.40,399.98,30.30,91.91,0.86,-1,-1,-1
111,27,495.12,399.89,38.66,93.75,0.86,-1,-1,-1
111,28,695.27,400.44,50.40,132.78,0.89,-1,-1,-1
112,8,705.73,392.92,99.87,267.52,0.93,-1,-1,-1
112,4,630.81,400.98,68.85,141.32,0.88,-1,-1,-1
112,17,676.06,407.29,30.29,79.68,0.76,-1,-1,-1
112,5,816.33,387.73,64.90,186.43,0.89,-1,-1,-1
112,21,441.62,400.20,36.53,88.44,0.87,-1,-1,-1
112,22,1124.87,403.21,60.12,129.36,0.84,-1,-1,-1
112,11,63.92,362.04,90.93,206.75,0.91,-1,-1,-1
112,16,775.64,384.19,57.06,183.24,0.88,-1,-1,-1
112,24,765.76,401.50,41.54,139.66,0.66,-1,-1,-1
112,25,474.47,399.99,29.97,91.09,0.86,-1,-1,-1
112,27,495.22,399.36,38.28,93.50,0.84,-1,-1,-1
112,28,695.83,399.46,49.92,132.83,0.89,-1,-1,-1
113,8,707.49,392.55,100.85,267.54,0.93,-1,-1,-1
113,4,631.83,399.91,64.97,140.69,0.89,-1,-1,-1
113,17,677.85,406.42,29.83,80.16,0.76,-1,-1,-1
113,5,820.14,386.26,62.51,187.92,0.87,-1,-1,-1
113,21,440.93,399.06,36.98,89.85,0.86,-1,-1,-1
113,22,1127.88,402.54,59.74,131.52,0.82,-1,-1,-1
113,11,61.98,363.78,87.76,204.52,0.92,-1,-1,-1
113,16,776.91,383.48,56.93,183.64,0.87,-1,-1,-1
113,24,767.01,399.71,39.73,136.44,0.58,-1,-1,-1
113,25,474.61,399.86,29.85,90.47,0.86,-1,-1,-1
113,27,495.07,399.03,37.54,92.81,0.83,-1,-1,-1
113,28,696.48,399.09,49.15,132.37,0.89,-1,-1,-1
114,8,709.47,393.07,99.95,264.50,0.93,-1,-1,-1
114,4,633.00,398.80,64.12,139.99,0.89,-1,-1,-1
114,17,678.67,405.52,29.65,80.65,0.81,-1,-1,-1
114,5,820.79,384.27,62.16,190.21,0.88,-1,-1,-1
114,21,440.19,398.94,36.98,89.76,0.82,-1,-1,-1
114,22,1131.18,402.53,59.57,131.57,0.80,-1,-1,-1
114,11,58.24,357.59,84.82,210.72,0.89,-1,-1,-1
114,16,776.66,383.43,56.25,182.69,0.87,-1,-1,-1
114,24,770.08,399.40,37.20,126.17,0.53,-1,-1,-1
114,25,474.31,399.68,29.79,88.88,0.86,-1,-1,-1
114,27,494.06,399.23,37.22,92.22,0.84,-1,-1,-1
114,28,696.92,398.87,50.04,132.59,0.90,-1,-1,-1
115,8,710.56,393.02,100.19,264.58,0.92,-1,-1,-1
115,4,634.69,397.68,64.45,140.21,0.90,-1,-1,-1
115,17,679.34,405.38,29.61,79.82,0.82,-1,-1,-1
115,5,824.41,383.13,59.66,191.53,0.87,-1,-1,-1
115,21,439.10,398.06,36.98,90.03,0.82,-1,-1,-1
115,22,1135.53,401.95,57.12,125.64,0.67,-1,-1,-1
115,11,51.90,352.84,87.54,215.83,0.88,-1,-1,-1
115,16,776.96,382.72,56.00,183.37,0.88,-1,-1,-1
115,24,771.90,398.73,35.05,115.18,0.27,-1,-1,-1
115,25,474.27,399.68,29.17,87.38,0.86,-1,-1,-1
115,27,493.46,399.66,36.51,91.10,0.86,-1,-1,-1
115,28,697.18,398.39,52.17,132.21,0.90,-1,-1,-1
116,8,713.54,393.44,96.66,264.04,0.93,-1,-1,-1
116,4,635.84,396.48,64.57,140.91,0.90,-1,-1,-1
116,17,679.50,404.84,30.19,80.44,0.78,-1,-1,-1
116,5,829.31,382.70,56.26,192.45,0.88,-1,-1,-1
116,21,438.95,397.52,37.26,90.72,0.82,-1,-1,-1
116,22,1135.24,400.70,59.82,129.43,0.67,-1,-1,-1
116,11,48.07,349.59,79.49,218.92,0.91,-1,-1,-1
116,16,776.71,382.45,57.67,183.77,0.88,-1,-1,-1
116,25,473.31,399.61,29.52,88.19,0.86,-1,-1,-1
116,27,492.89,398.71,36.21,91.89,0.82,-1,-1,-1
116,28,697.51,398.49,53.54,131.90,0.90,-1,-1,-1
117,8,716.50,393.99,94.06,263.92,0.93,-1,-1,-1
117,4,636.60,395.82,64.03,141.82,0.90,-1,-1,-1
117,17,679.91,403.98,30.42,81.16,0.71,-1,-1,-1
117,5,834.53,382.80,53.19,194.17,0.87,-1,-1,-1
117,21,438.64,397.09,35.88,91.00,0.81,-1,-1,-1
117,22,1138.88,399.49,58.42,132.62,0.70,-1,-1,-1
117,11,42.11,348.84,77.12,219.96,0.90,-1,-1,-1
117,16,776.13,382.75,61.25,184.56,0.87,-1,-1,-1
117,25,472.40,399.05,30.25,89.41,0.86,-1,-1,-1
117,27,492.72,397.24,36.10,93.70,0.83,-1,-1,-1
117,28,697.14,398.78,55.23,131.35,0.89,-1,-1,-1
118,8,720.19,393.59,92.48,268.04,0.93,-1,-1,-1
118,4,637.09,395.73,64.44,142.30,0.89,-1,-1,-1
118,17,680.28,403.50,31.10,82.19,0.76,-1,-1,-1
118,5,838.09,383.15,50.88,195.36,0.86,-1,-1,-1
118,21,437.76,396.92,35.79,91.38,0.83,-1,-1,-1
118,22,1141.90,398.75,57.86,137.37,0.80,-1,-1,-1
118,11,35.51,346.37,77.64,222.48,0.89,-1,-1,-1
118,16,777.30,383.02,60.84,184.96,0.85,-1,-1,-1
118,25,471.73,398.54,30.52,90.76,0.86,-1,-1,-1
118,27,492.33,397.27,36.05,93.19,0.86,-1,-1,-1
118,28,697.81,399.34,55.26,131.56,0.89,-1,-1,-1
118,29,504.45,395.10,31.50,90.00,0.74,-1,-1,-1
119,8,722.09,393.12,91.22,266.40,0.93,-1,-1,-1
119,4,637.31,395.68,64.54,142.37,0.89,-1,-1,-1
119,17,679.83,402.99,31.93,83.71,0.75,-1,-1,-1
119,5,840.44,383.43,49.45,196.06,0.86,-1,-1,-1
119,21,437.39,396.83,35.73,91.15,0.83,-1,-1,-1
119,22,1147.15,398.16,54.00,134.94,0.78,-1,-1,-1
119,11,31.85,345.31,76.73,225.39,0.91,-1,-1,-1
119,16,778.58,383.71,58.23,183.46,0.84,-1,-1,-1
119,25,470.80,398.45,30.59,91.05,0.86,-1,-1,-1
119,27,491.79,397.10,36.00,93.35,0.86,-1,-1,-1
119,28,697.49,399.82,56.38,131.53,0.88,-1,-1,-1
119,29,504.81,395.49,31.51,89.68,0.76,-1,-1,-1
120,8,726.55,393.98,88.98,270.10,0.93,-1,-1,-1
120,4,637.52,396.25,64.62,142.92,0.90,-1,-1,-1
120,17,680.12,403.24,32.84,85.52,0.75,-1,-1,-1
120,5,842.65,383.99,49.02,197.58,0.85,-1,-1,-1
120,21,437.47,397.66,35.27,90.35,0.80,-1,-1,-1
120,22,1156.23,398.71,47.63,131.05,0.74,-1,-1,-1
120,11,25.65,345.89,77.32,227.15,0.93,-1,-1,-1
120,16,780.51,385.46,59.03,184.31,0.85,-1,-1,-1
120,25,470.24,398.70,30.62,91.65,0.84,-1,-1,-1
120,27,490.19,396.43,37.79,96.28,0.84,-1,-1,-1
120,28,698.14,401.05,57.39,131.58,0.88,-1,-1,-1
120,29,504.59,395.13,31.51,91.56,0.78,-1,-1,-1
121,8,730.27,394.00,88.18,268.52,0.93,-1,-1,-1
121,4,639.10,397.50,64.05,142.99,0.91,-1,-1,-1
121,17,680.83,403.18,32.60,86.06,0.73,-1,-1,-1
121,5,844.92,384.79,48.92,198.13,0.84,-1,-1,-1
121,21,438.01,398.56,34.35,90.05,0.73,-1,-1,-1
121,22,1158.76,399.37,47.92,128.50,0.70,-1,-1,-1
121,11,18.41,346.44,78.85,230.70,0.92,-1,-1,-1
121,16,783.32,386.99,59.31,183.44,0.84,-1,-1,-1
121,25,470.08,398.18,30.63,93.06,0.83,-1,-1,-1
121,27,489.92,396.02,38.45,97.83,0.86,-1,-1,-1
121,28,698.43,400.59,57.76,132.79,0.89,-1,-1,-1
121,29,505.20,395.13,30.11,91.65,0.79,-1,-1,-1
122,8,733.04,393.33,89.73,269.63,0.93,-1,-1,-1
122,4,640.57,398.36,63.85,143.12,0.91,-1,-1,-1
122,17,681.38,403.23,33.09,88.46,0.79,-1,-1,-1
122,5,847.44,385.16,47.70,199.01,0.80,-1,-1,-1
122,21,437.51,398.69,34.17,90.36,0.64,-1,-1,-1
122,22,1162.57,399.67,48.02,126.77,0.75,-1,-1,-1
122,11,5.64,347.85,85.61,231.92,0.92,-1,-1,-1
122,16,785.53,387.34,55.85,181.42,0.82,-1,-1,-1
122,25,470.07,397.33,30.62,94.15,0.86,-1,-1,-1
122,27,487.52,396.25,41.05,98.52,0.87,-1,-1,-1
122,28,699.11,402.13,57.87,131.42,0.90,-1,-1,-1
122,29,505.06,395.76,30.36,91.25,0.78,-1,-1,-1
123,8,736.10,391.88,90.94,268.24,0.93,-1,-1,-1
123,4,641.70,399.72,63.19,142.12,0.92,-1,-1,-1
123,17,683.07,403.55,32.09,88.19,0.80,-1,-1,-1
123,5,848.87,385.59,47.95,199.89,0.83,-1,-1,-1
123,21,435.85,399.06,36.22,90.17,0.78,-1,-1,-1
123,22,1162.01,400.65,50.55,122.52,0.74,-1,-1,-1
123,11,-6.08,348.77,91.43,231.13,0.91,-1,-1,-1
123,16,787.87,387.75,53.30,183.34,0.80,-1,-1,-1
123,25,469.80,397.77,30.63,94.11,0.84,-1,-1,-1
123,27,487.50,396.06,40.30,99.66,0.85,-1,-1,-1
123,28,700.57,402.70,56.71,131.48,0.90,-1,-1,-1
123,29,505.35,395.33,30.46,92.72,0.83,-1,-1,-1
124,8,740.43,391.23,90.21,270.08,0.93,-1,-1,-1
124,4,642.99,400.58,66.57,141.58,0.89,-1,-1,-1
124,17,683.99,403.57,31.70,86.87,0.77,-1,-1,-1
124,5,851.44,385.34,47.46,200.77,0.83,-1,-1,-1
124,21,433.21,398.95,39.91,90.83,0.78,-1,-1,-1
124,22,1155.78,400.45,58.64,129.91,0.78,-1,-1,-1
124,11,-13.86,349.05,95.69,235.47,0.90,-1,-1,-1
124,16,789.60,387.64,52.99,185.98,0.77,-1,-1,-1
124,25,469.73,397.10,30.63,94.52,0.86,-1,-1,-1
124,27,488.44,395.60,39.97,100.36,0.85,-1,-1,-1
124,28,702.02,402.65,56.24,131.04,0.90,-1,-1,-1
124,29,506.09,394.77,30.51,93.83,0.82,-1,-1,-1
125,8,744.38,390.65,89.99,273.74,0.92,-1,-1,-1
125,4,644.06,401.16,64.89,141.38,0.89,-1,-1,-1
125,17,684.63,403.69,31.57,87.39,0.75,-1,-1,-1
125,5,853.21,384.74,47.95,201.81,0.83,-1,-1,-1
125,21,434.38,398.74,39.47,91.82,0.81,-1,-1,-1
125,22,1153.54,400.71,63.90,136.24,0.84,-1,-1,-1
125,11,-18.81,349.21,98.78,237.05,0.90,-1,-1,-1
125,16,790.81,387.97,54.74,190.37,0.74,-1,-1,-1
125,25,469.73,395.80,31.23,96.58,0.87,-1,-1,-1
125,27,489.71,396.45,38.66,100.16,0.85,-1,-1,-1
125,28,702.86,401.83,57.27,131.32,0.88,-1,-1,-1
125,29,506.98,393.79,30.54,97.46,0.82,-1,-1,-1
126,8,748.09,389.47,90.50,275.04,0.93,-1,-1,-1
126,4,644.39,401.44,64.21,140.22,0.89,-1,-1,-1
126,17,685.41,404.10,31.52,86.81,0.77,-1,-1,-1
126,5,854.01,383.84,49.36,203.60,0.82,-1,-1,-1
126,21,435.81,398.29,37.78,92.17,0.83,-1,-1,-1
126,22,1153.53,400.86,66.03,136.45,0.83,-1,-1,-1
126,11,-20.88,349.25,99.16,231.02,0.87,-1,-1,-1
126,16,794.73,388.46,53.60,186.22,0.51,-1,-1,-1
126,25,469.76,395.09,31.45,97.47,0.88,-1,-1,-1
126,27,489.33,396.12,38.74,100.32,0.86,-1,-1,-1
126,28,703.13,400.99,57.04,130.64,0.89,-1,-1,-1
126,29,506.98,393.22,31.17,98.58,0.81,-1,-1,-1
127,8,751.52,388.84,92.52,276.01,0.93,-1,-1,-1
127,4,644.51,401.64,65.18,139.68,0.89,-1,-1,-1
127,17,686.31,404.52,30.91,84.52,0.79,-1,-1,-1
127,5,856.11,382.71,49.32,205.03,0.85,-1,-1,-1
127,21,437.13,397.64,36.66,92.76,0.85,-1,-1,-1
127,22,1155.37,401.02,69.16,138.15,0.77,-1,-1,-1
127,11,-27.17,348.65,94.98,228.65,0.86,-1,-1,-1
127,16,801.68,389.19,47.75,162.46,0.65,-1,-1,-1
127,25,469.48,395.09,32.13,96.93,0.88,-1,-1,-1
127,27,488.90,396.26,39.37,99.79,0.87,-1,-1,-1
127,28,703.55,399.58,57.54,130.56,0.90,-1,-1,-1
127,29,507.88,392.08,30.81,98.67,0.83,-1,-1,-1
128,8,754.70,388.46,99.80,275.88,0.93,-1,-1,-1
128,4,644.76,401.10,69.70,138.87,0.88,-1,-1,-1
128,17,686.85,404.22,30.68,82.88,0.78,-1,-1,-1
128,5,857.32,381.97,49.93,206.11,0.85,-1,-1,-1
128,21,435.01,396.66,39.11,93.41,0.83,-1,-1,-1
128,22,1156.52,400.75,73.79,139.93,0.81,-1,-1,-1
128,11,-30.10,349.66,88.64,226.50,0.82,-1,-1,-1
128,16,802.21,388.52,48.70,173.41,0.56,-1,-1,-1
128,25,469.32,395.11,32.39,96.39,0.89,-1,-1,-1
128,27,488.99,396.02,39.01,99.26,0.90,-1,-1,-1
128,28,704.21,398.60,57.72,130.66,0.90,-1,-1,-1
128,29,509.06,391.67,30.06,98.34,0.82,-1,-1,-1
129,8,757.90,387.51,106.01,277.04,0.93,-1,-1,-1
129,4,644.91,400.67,73.71,138.37,0.89,-1,-1,-1
129,17,687.38,403.88,30.60,82.10,0.79,-1,-1,-1
129,5,858.89,380.86,50.19,207.45,0.71,-1,-1,-1
129,21,431.78,395.36,42.32,94.50,0.77,-1,-1,-1
129,22,1157.99,400.49,69.92,136.98,0.88,-1,-1,-1
129,11,-35.20,346.83,89.03,226.78,0.78,-1,-1,-1
129,16,804.83,388.33,47.22,169.31,0.37,-1,-1,-1
129,25,469.41,394.50,32.49,96.42,0.89,-1,-1,-1
129,27,489.15,395.75,38.87,99.16,0.90,-1,-1,-1
129,28,705.68,397.71,56.59,131.10,0.91,-1,-1,-1
129,29,509.89,392.25,31.01,97.38,0.81,-1,-1,-1
130,8,759.91,388.12,110.07,276.04,0.93,-1,-1,-1
130,4,644.67,400.39,74.64,138.17,0.88,-1,-1,-1
130,17,687.58,403.65,30.56,81.20,0.78,-1,-1,-1
130,5,859.38,380.54,50.25,208.01,0.62,-1,-1,-1
130,21,430.62,394.89,43.24,95.03,0.79,-1,-1,-1
130,22,1158.70,400.67,69.33,135.18,0.87,-1,-1,-1
130,11,-37.65,345.58,85.29,226.81,0.74,-1,-1,-1
130,16,806.63,387.72,46.04,159.70,0.47,-1,-1,-1
130,25,469.23,394.44,32.49,96.40,0.89,-1,-1,-1
130,27,489.01,395.67,38.78,99.23,0.90,-1,-1,-1
130,28,706.54,396.99,56.11,131.23,0.91,-1,-1,-1
130,29,509.96,392.51,31.34,97.11,0.81,-1,-1,-1
130,13,759.69,396.19,43.14,109.54,0.65,-1,-1,-1
131,8,763.72,386.33,111.76,277.76,0.93,-1,-1,-1
131,4,644.42,399.60,78.54,138.20,0.90,-1,-1,-1
131,17,688.71,403.49,29.98,78.82,0.77,-1,-1,-1
131,5,860.11,379.86,50.34,208.18,0.76,-1,-1,-1
131,21,430.76,394.08,42.76,95.27,0.84,-1,-1,-1
131,22,1160.65,400.60,69.14,136.96,0.88,-1,-1,-1
131,11,-41.46,341.81,81.75,233.82,0.62,-1,-1,-1
131,25,468.91,394.07,32.52,96.75,0.89,-1,-1,-1
131,27,488.71,395.28,39.38,99.62,0.89,-1,-1,-1
131,28,707.34,396.35,55.38,131.37,0.91,-1,-1,-1
131,29,510.32,391.05,31.49,98.56,0.81,-1,-1,-1
131,13,760.01,395.91,42.97,110.37,0.73,-1,-1,-1
131,24,770.12,394.93,53.81,151.74,0.61,-1,-1,-1
132,8,767.88,385.29,111.80,279.48,0.93,-1,-1,-1
132,4,644.73,397.28,75.43,138.84,0.89,-1,-1,-1
132,17,688.67,402.58,30.37,80.41,0.77,-1,-1,-1
132,5,862.30,379.39,49.80,208.24,0.82,-1,-1,-1
132,21,430.51,393.11,43.58,95.82,0.84,-1,-1,-1
132,22,1161.91,399.74,70.23,136.46,0.86,-1,-1,-1
132,25,467.71,393.71,33.13,97.48,0.89,-1,-1,-1
132,27,489.01,394.91,39.62,100.07,0.89,-1,-1,-1
132,28,708.08,395.89,54.51,131.45,0.91,-1,-1,-1
132,29,509.66,391.17,32.15,98.21,0.80,-1,-1,-1
132,13,759.14,394.82,44.56,117.67,0.79,-1,-1,-1
132,24,769.03,393.71,55.55,157.85,0.75,-1,-1,-1
133,8,772.08,385.23,108.74,280.01,0.93,-1,-1,-1
133,4,645.23,395.37,74.64,139.80,0.89,-1,-1,-1
133,17,689.02,401.81,30.50,81.12,0.79,-1,-1,-1
133,5,864.27,378.07,49.56,209.05,0.86,-1,-1,-1
133,21,430.02,391.84,44.43,96.57,0.86,-1,-1,-1
133,22,1164.02,399.48,69.40,136.21,0.89,-1,-1,-1
133,25,466.84,393.28,33.32,98.01,0.88,-1,-1,-1
133,27,486.92,394.31,42.05,100.65,0.89,-1,-1,-1
133,28,708.40,395.74,54.15,131.43,0.91,-1,-1,-1
133,29,509.85,390.77,32.97,98.46,0.83,-1,-1,-1
133,13,760.00,394.00,44.56,121.36,0.76,-1,-1,-1
133,24,768.62,393.27,55.07,154.13,0.76,-1,-1,-1
134,8,776.26,384.69,106.30,280.84,0.92,-1,-1,-1
134,4,646.29,393.81,71.36,140.79,0.89,-1,-1,-1
134,17,690.33,400.68,30.55,85.60,0.77,-1,-1,-1
134,5,865.29,377.64,50.67,208.78,0.84,-1,-1,-1
134,21,429.24,390.97,44.16,96.42,0.87,-1,-1,-1
134,22,1165.48,398.72,70.23,138.07,0.88,-1,-1,-1
134,25,466.20,392.56,33.99,98.52,0.88,-1,-1,-1
134,27,486.40,392.95,43.53,102.07,0.90,-1,-1,-1
134,28,708.22,395.75,54.63,131.46,0.89,-1,-1,-1
134,29,509.89,388.73,33.86,100.50,0.83,-1,-1,-1
134,13,760.07,398.00,42.21,115.03,0.35,-1,-1,-1
134,24,767.63,392.15,54.24,147.11,0.74,-1,-1,-1
135,8,781.28,383.98,102.31,280.61,0.93,-1,-1,-1
135,4,648.21,392.26,67.64,141.14,0.89,-1,-1,-1
135,17,691.71,399.74,29.97,84.18,0.76,-1,-1,-1
135,5,866.78,376.69,50.47,209.63,0.76,-1,-1,-1
135,21,429.34,390.40,42.83,96.47,0.87,-1,-1,-1
135,22,1167.06,397.64,70.48,139.17,0.87,-1,-1,-1
135,25,465.16,391.46,34.21,99.11,0.88,-1,-1,-1
135,27,486.28,392.19,44.08,102.12,0.90,-1,-1,-1
135,28,708.13,395.83,54.19,130.98,0.89,-1,-1,-1
135,29,510.54,387.73,33.60,99.89,0.81,-1,-1,-1
135,13,757.70,401.81,39.43,106.48,0.22,-1,-1,-1
135,24,766.37,390.33,53.85,145.01,0.80,-1,-1,-1
136,8,783.05,382.38,102.05,282.72,0.92,-1,-1,-1
136,4,649.78,391.26,66.90,142.53,0.88,-1,-1,-1
136,17,692.19,399.10,29.77,84.98,0.75,-1,-1,-1
136,5,868.54,375.88,50.43,211.82,0.70,-1,-1,-1
136,21,428.21,390.38,42.77,96.52,0.86,-1,-1,-1
136,22,1170.22,396.76,69.42,138.45,0.87,-1,-1,-1
136,25,464.35,390.79,34.32,100.12,0.88,-1,-1,-1
136,27,485.25,391.49,44.90,102.77,0.91,-1,-1,-1
136,28,707.78,395.58,54.66,131.32,0.89,-1,-1,-1
136,29,510.08,387.54,34.10,99.68,0.83,-1,-1,-1
136,13,760.17,403.85,37.79,106.54,0.10,-1,-1,-1
136,24,765.34,389.52,54.88,148.45,0.85,-1,-1,-1
137,8,787.22,380.87,99.49,284.18,0.93,-1,-1,-1
137,4,650.99,391.14,65.40,141.98,0.88,-1,-1,-1
137,17,693.00,398.81,29.68,82.44,0.77,-1,-1,-1
137,5,869.46,375.72,51.88,213.76,0.50,-1,-1,-1
137,21,427.63,390.75,42.71,96.21,0.85,-1,-1,-1
137,22,1173.11,396.00,68.94,137.53,0.87,-1,-1,-1
137,25,464.17,390.75,33.73,100.02,0.88,-1,-1,-1
137,27,485.56,390.86,44.58,103.43,0.91,-1,-1,-1
137,28,708.28,395.88,54.21,130.82,0.89,-1,-1,-1
137,29,510.59,387.40,34.26,99.70,0.84,-1,-1,-1
137,13,754.41,402.53,32.91,98.99,0.61,-1,-1,-1
137,24,766.75,389.49,55.22,150.12,0.88,-1,-1,-1
138,8,790.41,381.81,98.46,282.86,0.93,-1,-1,-1
138,4,652.01,391.26,63.61,142.19,0.89,-1,-1,-1
138,17,693.56,399.16,29.03,79.19,0.74,-1,-1,-1
138,5,870.00,377.03,53.86,213.09,0.64,-1,-1,-1
138,21,427.05,390.87,42.81,96.07,0.85,-1,-1,-1
138,22,1174.61,395.18,69.90,142.52,0.87,-1,-1,-1
138,25,463.27,389.53,34.67,101.43,0.88,-1,-1,-1
138,27,487.22,390.16,43.23,104.68,0.90,-1,-1,-1
138,28,707.54,396.00,54.62,130.61,0.89,-1,-1,-1
138,29,511.70,386.75,35.47,100.27,0.82,-1,-1,-1
138,13,752.53,401.67,31.71,97.07,0.77,-1,-1,-1
138,24,766.99,389.07,54.69,152.01,0.88,-1,-1,-1
138,16,796.98,400.86,57.17,174.09,0.67,-1,-1,-1
139,8,793.29,382.65,98.74,282.44,0.92,-1,-1,-1
139,4,652.92,392.08,62.39,142.32,0.89,-1,-1,-1
139,17,694.32,399.92,28.81,79.38,0.73,-1,-1,-1
139,5,868.74,377.40,56.10,213.47,0.75,-1,-1,-1
139,21,427.46,391.24,40.62,95.89,0.85,-1,-1,-1
139,22,1177.67,395.18,70.28,143.40,0.86,-1,-1,-1
139,25,462.83,389.11,35.04,102.43,0.89,-1,-1,-1
139,27,488.06,390.22,42.71,105.33,0.90,-1,-1,-1
139,28,705.74,396.21,56.59,130.58,0.90,-1,-1,-1
139,29,511.71,386.98,35.94,100.52,0.83,-1,-1,-1
139,13,751.92,401.96,31.34,96.63,0.80,-1,-1,-1
139,24,766.81,389.39,55.08,153.93,0.89,-1,-1,-1
139,16,798.32,390.35,64.77,187.92,0.63,-1,-1,-1
140,8,794.87,383.49,99.97,282.00,0.92,-1,-1,-1
140,4,653.39,393.21,62.53,141.63,0.89,-1,-1,-1
140,17,694.41,400.56,29.32,80.75,0.72,-1,-1,-1
140,5,868.46,377.31,56.32,213.54,0.67,-1,-1,-1
140,21,427.43,391.16,40.04,96.47,0.85,-1,-1,-1
140,22,1179.35,395.38,69.16,143.27,0.84,-1,-1,-1
140,25,462.73,389.03,35.14,103.14,0.89,-1,-1,-1
140,27,487.80,390.48,42.47,105.75,0.90,-1,-1,-1
140,28,707.24,396.50,54.92,130.45,0.90,-1,-1,-1
140,29,511.70,387.30,36.08,102.29,0.86,-1,-1,-1
140,13,752.15,402.11,31.21,96.89,0.75,-1,-1,-1
140,24,766.51,390.32,55.74,154.77,0.89,-1,-1,-1
140,16,798.54,386.53,69.25,192.99,0.60,-1,-1,-1
141,8,798.24,384.25,99.89,283.20,0.91,-1,-1,-1
141,4,654.25,394.68,62.64,141.46,0.89,-1,-1,-1
141,17,694.86,401.68,30.72,83.25,0.66,-1,-1,-1
141,5,866.50,379.65,60.25,213.82,0.63,-1,-1,-1
141,21,427.25,392.45,39.40,96.45,0.86,-1,-1,-1
141,22,1183.37,396.36,67.55,141.06,0.84,-1,-1,-1
141,25,462.41,388.54,35.18,104.94,0.87,-1,-1,-1
141,27,486.22,391.16,44.19,106.41,0.89,-1,-1,-1
141,28,708.28,396.89,54.89,130.64,0.89,-1,-1,-1
141,29,511.42,388.44,36.73,103.30,0.88,-1,-1,-1
141,13,753.35,402.60,30.59,97.39,0.75,-1,-1,-1
141,24,766.30,391.72,56.00,155.14,0.89,-1,-1,-1
141,16,800.27,382.85,71.65,200.24,0.76,-1,-1,-1
142,8,801.22,384.22,101.67,285.41,0.91,-1,-1,-1
142,4,655.19,396.11,62.10,141.99,0.90,-1,-1,-1
142,17,695.36,402.98,30.66,83.91,0.64,-1,-1,-1
142,5,868.97,381.25,59.70,214.35,0.76,-1,-1,-1
142,21,427.26,393.38,38.87,96.58,0.87,-1,-1,-1
142,22,1185.44,397.15,66.94,140.93,0.85,-1,-1,-1
142,25,461.76,389.10,35.79,106.34,0.87,-1,-1,-1
142,27,487.45,391.86,42.48,106.49,0.90,-1,-1,-1
142,28,708.41,397.32,54.29,130.41,0.90,-1,-1,-1
142,29,512.23,389.03,37.55,103.81,0.88,-1,-1,-1
142,13,753.86,402.75,31.63,97.91,0.78,-1,-1,-1
142,24,767.16,393.28,55.49,155.38,0.91,-1,-1,-1
142,16,801.60,381.42,73.70,203.55,0.80,-1,-1,-1
143,8,806.07,384.21,102.33,286.94,0.91,-1,-1,-1
143,4,655.79,397.69,62.53,140.98,0.89,-1,-1,-1
143,17,696.10,403.76,30.63,85.18,0.71,-1,-1,-1
143,5,869.59,382.74,60.32,214.64,0.68,-1,-1,-1
143,21,426.99,393.74,38.98,96.76,0.87,-1,-1,-1
143,22,1187.27,398.33,66.71,139.51,0.85,-1,-1,-1
143,25,461.25,389.04,35.42,107.28,0.86,-1,-1,-1
143,27,486.75,392.43,42.99,106.63,0.90,-1,-1,-1
143,28,709.03,397.62,54.06,129.42,0.90,-1,-1,-1
143,29,512.54,389.40,38.44,104.27,0.88,-1,-1,-1
143,13,753.73,402.79,32.61,99.18,0.80,-1,-1,-1
143,24,768.08,394.31,54.68,156.00,0.91,-1,-1,-1
143,16,800.68,381.31,75.60,204.70,0.82,-1,-1,-1
144,8,808.60,385.14,107.36,288.48,0.90,-1,-1,-1
144,4,656.53,398.94,62.11,140.12,0.88,-1,-1,-1
144,17,697.19,403.81,30.03,84.31,0.74,-1,-1,-1
144,5,866.78,383.02,64.08,215.14,0.65,-1,-1,-1
144,21,426.12,393.97,39.19,96.96,0.87,-1,-1,-1
144,22,1188.95,399.05,66.63,139.09,0.87,-1,-1,-1
144,25,461.04,390.29,35.28,106.85,0.86,-1,-1,-1
144,27,486.46,393.18,42.00,106.05,0.89,-1,-1,-1
144,28,708.89,397.49,55.19,129.47,0.90,-1,-1,-1
144,29,511.44,389.77,39.95,105.59,0.88,-1,-1,-1
144,13,753.92,403.14,33.00,100.11,0.82,-1,-1,-1
144,24,767.46,395.04,56.75,156.31,0.92,-1,-1,-1
144,16,800.52,381.19,76.32,204.99,0.83,-1,-1,-1
145,8,812.10,384.84,107.48,290.78,0.91,-1,-1,-1
145,4,656.79,399.19,62.58,140.23,0.89,-1,-1,-1
145,17,698.19,403.75,29.81,85.15,0.75,-1,-1,-1
145,5,866.85,383.80,64.35,214.84,0.74,-1,-1,-1
145,21,425.10,393.86,39.42,97.16,0.87,-1,-1,-1
145,22,1193.67,399.24,64.21,138.91,0.85,-1,-1,-1
145,25,459.97,391.48,36.26,107.09,0.86,-1,-1,-1
145,27,486.09,393.57,41.01,105.65,0.88,-1,-1,-1
145,28,708.84,397.08,55.61,130.08,0.91,-1,-1,-1
145,29,510.75,389.57,41.10,106.35,0.88,-1,-1,-1
145,13,754.31,403.06,32.57,100.01,0.78,-1,-1,-1
145,24,766.07,395.40,59.86,156.82,0.92,-1,-1,-1
145,16,803.35,381.12,74.81,206.13,0.84,-1,-1,-1
146,8,816.57,384.65,105.15,292.83,0.91,-1,-1,-1
146,4,657.45,398.61,62.77,140.29,0.89,-1,-1,-1
146,17,699.13,403.81,29.73,85.01,0.72,-1,-1,-1
146,5,866.28,384.75,65.58,215.16,0.66,-1,-1,-1
146,21,424.26,393.01,40.27,98.28,0.87,-1,-1,-1
146,22,1197.82,399.67,62.09,137.50,0.84,-1,-1,-1
146,25,458.09,391.72,36.93,107.01,0.85,-1,-1,-1
146,27,485.03,393.65,41.25,105.80,0.88,-1,-1,-1
146,28,709.70,396.26,55.19,130.92,0.91,-1,-1,-1
146,29,510.46,389.14,42.12,106.92,0.87,-1,-1,-1
146,13,755.06,402.36,32.41,100.29,0.72,-1,-1,-1
146,24,764.67,395.17,61.62,158.17,0.92,-1,-1,-1
146,16,801.25,380.75,77.07,206.48,0.84,-1,-1,-1
146,30,363.37,424.12,55.35,74.48,0.72,-1,-1,-1
147,8,819.97,383.65,103.05,295.35,0.91,-1,-1,-1
147,4,658.30,398.04,63.46,140.31,0.89,-1,-1,-1
147,17,699.80,403.64,29.11,83.02,0.72,-1,-1,-1
147,5,868.42,383.42,64.88,217.50,0.69,-1,-1,-1
147,21,423.40,392.37,40.89,98.99,0.88,-1,-1,-1
147,22,1200.52,399.47,62.55,138.18,0.83,-1,-1,-1
147,25,457.12,392.24,36.59,106.21,0.86,-1,-1,-1
147,27,483.48,393.65,42.55,106.44,0.88,-1,-1,-1
147,28,710.36,395.92,55.03,130.64,0.91,-1,-1,-1
147,29,509.50,388.65,43.66,107.70,0.86,-1,-1,-1
147,13,755.69,402.05,31.16,100.11,0.74,-1,-1,-1
147,24,763.00,395.33,64.62,158.65,0.92,-1,-1,-1
147,16,810.91,380.62,67.50,207.09,0.83,-1,-1,-1
147,30,362.62,423.62,55.75,74.69,0.72,-1,-1,-1
148,8,823.81,383.53,100.75,295.68,0.92,-1,-1,-1
148,4,659.50,396.88,62.54,140.33,0.89,-1,-1,-1
148,17,701.53,403.52,27.07,77.44,0.58,-1,-1,-1
148,5,868.67,383.88,65.15,217.33,0.32,-1,-1,-1
148,21,421.76,391.63,42.46,99.70,0.87,-1,-1,-1
148,22,1204.46,399.79,61.53,138.28,0.84,-1,-1,-1
148,25,456.49,392.39,36.45,106.19,0.87,-1,-1,-1
148,27,483.22,393.16,42.44,107.12,0.89,-1,-1,-1
148,28,710.61,395.30,56.16,130.39,0.91,-1,-1,-1
148,29,510.87,387.83,43.09,108.57,0.87,-1,-1,-1
148,13,755.63,401.29,31.92,100.95,0.75,-1,-1,-1
148,24,762.96,393.86,65.19,159.98,0.93,-1,-1,-1
148,16,816.12,379.95,63.41,204.88,0.84,-1,-1,-1
148,30,362.48,424.19,55.49,74.05,0.79,-1,-1,-1
148,31,961.20,383.85,73.80,228.60,0.74,-1,-1,-1
149,8,826.61,383.77,98.40,295.13,0.92,-1,-1,-1
149,4,661.13,395.70,62.81,140.48,0.88,-1,-1,-1
149,17,703.69,402.88,25.07,73.80,0.40,-1,-1,-1
149,5,869.92,380.62,66.43,220.35,0.48,-1,-1,-1
149,21,420.59,391.09,43.65,100.25,0.89,-1,-1,-1
149,22,1204.59,399.56,63.60,141.31,0.84,-1,-1,-1
149,25,455.25,392.77,36.84,106.16,0.88,-1,-1,-1
149,27,481.96,392.25,43.00,107.80,0.90,-1,-1,-1
149,28,710.99,395.23,56.01,129.84,0.91,-1,-1,-1
149,29,512.02,387.10,42.83,109.31,0.89,-1,-1,-1
149,13,756.21,401.15,31.61,100.52,0.76,-1,-1,-1
149,24,762.38,391.66,65.96,162.37,0.93,-1,-1,-1
149,16,819.76,379.12,60.14,200.35,0.84,-1,-1,-1
149,30,361.93,425.62,56.09,72.57,0.77,-1,-1,-1
149,31,961.54,382.64,75.33,237.36,0.78,-1,-1,-1
