0,1,618.75,404.10,60.30,103.50,0.91,-1,-1,-1
0,2,562.95,352.57,68.40,239.62,0.91,-1,-1,-1
0,3,733.50,367.42,51.30,181.12,0.90,-1,-1,-1
0,4,499.05,357.30,116.10,245.70,0.89,-1,-1,-1
0,5,693.90,370.35,50.40,144.45,0.89,-1,-1,-1
0,6,745.65,520.65,195.75,304.20,0.85,-1,-1,-1
1,1,620.05,403.10,61.13,104.58,0.92,-1,-1,-1
1,2,562.64,351.72,70.01,240.65,0.90,-1,-1,-1
1,3,735.31,367.37,49.77,181.70,0.91,-1,-1,-1
1,4,503.75,355.66,116.98,247.52,0.87,-1,-1,-1
1,5,696.45,370.69,51.22,143.82,0.89,-1,-1,-1
1,6,748.24,523.49,199.05,305.30,0.84,-1,-1,-1
2,1,621.74,403.23,59.91,103.80,0.92,-1,-1,-1
2,2,564.00,351.12,70.32,242.06,0.91,-1,-1,-1
2,3,737.52,367.48,48.81,181.41,0.91,-1,-1,-1
2,4,504.89,354.58,120.70,249.42,0.82,-1,-1,-1
2,5,698.41,369.80,51.39,145.05,0.89,-1,-1,-1
2,6,750.23,524.03,199.74,304.32,0.85,-1,-1,-1
3,1,624.24,402.33,59.46,104.30,0.92,-1,-1,-1
3,2,565.09,350.05,71.04,243.13,0.91,-1,-1,-1
3,3,739.38,366.57,48.53,181.66,0.91,-1,-1,-1
3,4,502.82,353.89,125.87,250.45,0.86,-1,-1,-1
3,5,699.52,369.27,51.40,144.80,0.86,-1,-1,-1
3,6,752.01,523.93,200.44,302.32,0.85,-1,-1,-1
4,1,626.38,401.88,58.01,104.47,0.92,-1,-1,-1
4,2,565.81,349.55,72.59,243.44,0.90,-1,-1,-1
4,3,740.96,366.61,49.17,181.91,0.91,-1,-1,-1
4,4,506.34,352.70,132.08,250.23,0.77,-1,-1,-1
4,5,703.20,370.95,48.73,142.70,0.87,-1,-1,-1
4,6,753.25,523.35,202.64,309.75,0.85,-1,-1,-1
5,1,628.04,401.09,58.85,105.32,0.91,-1,-1,-1
5,2,567.06,348.28,72.42,244.77,0.91,-1,-1,-1
5,3,743.09,366.00,49.37,181.80,0.91,-1,-1,-1
5,4,508.00,351.84,134.10,251.05,0.78,-1,-1,-1
5,5,706.38,370.56,47.14,142.45,0.88,-1,-1,-1
5,6,756.21,522.65,204.56,320.56,0.83,-1,-1,-1
6,1,629.16,400.48,60.41,105.42,0.90,-1,-1,-1
6,2,568.72,346.73,74.19,246.38,0.88,-1,-1,-1
6,3,745.29,365.61,48.79,182.35,0.91,-1,-1,-1
6,4,509.81,350.76,139.54,250.91,0.69,-1,-1,-1
6,5,708.59,370.55,46.64,141.71,0.89,-1,-1,-1
6,6,759.65,522.48,205.75,321.72,0.83,-1,-1,-1
7,1,631.09,399.65,60.98,105.44,0.92,-1,-1,-1
7,2,569.95,345.90,78.49,246.91,0.89,-1,-1,-1
7,3,746.97,364.85,49.23,182.85,0.92,-1,-1,-1
7,4,511.70,349.63,143.85,252.55,0.88,-1,-1,-1
7,5,710.87,369.75,46.51,141.94,0.89,-1,-1,-1
7,6,761.78,522.11,207.67,323.20,0.83,-1,-1,-1
8,1,632.60,399.44,61.21,105.09,0.91,-1,-1,-1
8,2,571.83,346.34,80.72,246.37,0.87,-1,-1,-1
8,3,748.04,364.15,50.67,183.43,0.91,-1,-1,-1
8,4,510.54,349.37,149.58,253.02,0.85,-1,-1,-1
8,5,712.14,369.18,47.79,141.69,0.89,-1,-1,-1
8,6,764.89,522.58,209.00,329.59,0.83,-1,-1,-1
9,1,634.30,399.30,60.66,105.14,0.92,-1,-1,-1
9,2,573.69,345.67,80.88,247.43,0.87,-1,-1,-1
9,3,751.13,364.00,49.35,183.68,0.92,-1,-1,-1
9,4,514.75,348.43,146.88,253.85,0.91,-1,-1,-1
9,5,713.15,368.76,48.25,141.95,0.89,-1,-1,-1
9,6,767.16,522.27,211.83,334.96,0.83,-1,-1,-1
10,1,636.01,398.71,60.47,106.09,0.90,-1,-1,-1
10,2,575.16,345.50,80.31,247.85,0.87,-1,-1,-1
10,3,753.39,363.69,48.86,184.11,0.91,-1,-1,-1
10,4,517.15,348.47,145.03,254.18,0.90,-1,-1,-1
10,5,714.91,368.50,47.84,141.33,0.89,-1,-1,-1
10,6,769.71,522.54,215.93,337.52,0.83,-1,-1,-1
11,1,637.52,398.56,60.40,106.56,0.92,-1,-1,-1
11,2,577.20,345.68,81.23,247.91,0.88,-1,-1,-1
11,3,755.05,363.04,49.92,185.88,0.92,-1,-1,-1
11,4,518.04,348.14,146.58,256.03,0.87,-1,-1,-1
11,5,716.70,368.15,47.09,140.93,0.89,-1,-1,-1
11,6,772.39,524.31,217.40,330.42,0.82,-1,-1,-1
12,1,639.86,398.85,59.16,106.48,0.91,-1,-1,-1
12,2,577.94,346.07,82.74,249.23,0.87,-1,-1,-1
12,3,756.60,363.29,50.30,186.16,0.91,-1,-1,-1
12,4,518.61,348.64,149.49,256.81,0.61,-1,-1,-1
12,5,717.65,368.21,48.66,139.48,0.89,-1,-1,-1
12,6,776.39,526.29,219.71,338.02,0.82,-1,-1,-1
13,1,641.63,398.87,59.32,106.88,0.91,-1,-1,-1
13,2,579.13,346.44,82.69,249.82,0.87,-1,-1,-1
13,3,758.06,363.29,51.06,186.97,0.92,-1,-1,-1
13,4,517.66,348.91,152.89,257.04,0.37,-1,-1,-1
13,5,719.22,367.96,48.65,139.55,0.90,-1,-1,-1
13,6,779.66,527.64,222.92,342.51,0.81,-1,-1,-1
14,1,643.01,398.83,59.98,107.60,0.90,-1,-1,-1
14,2,580.31,345.79,83.21,251.63,0.86,-1,-1,-1
14,3,758.99,363.40,52.54,187.38,0.92,-1,-1,-1
14,4,522.76,348.68,148.17,257.64,0.84,-1,-1,-1
14,5,720.19,367.68,51.06,139.42,0.91,-1,-1,-1
14,6,783.35,529.55,223.14,370.93,0.83,-1,-1,-1
15,1,643.91,398.95,60.80,107.68,0.91,-1,-1,-1
15,2,581.78,345.54,82.71,252.80,0.87,-1,-1,-1
15,3,759.99,363.44,53.64,187.75,0.91,-1,-1,-1
15,4,524.90,348.73,146.07,258.82,0.84,-1,-1,-1
15,5,721.23,367.72,51.91,139.50,0.91,-1,-1,-1
15,6,786.82,530.80,226.59,366.29,0.82,-1,-1,-1
16,1,645.46,399.55,61.72,107.56,0.90,-1,-1,-1
16,2,583.23,346.15,82.51,253.25,0.87,-1,-1,-1
16,3,761.29,363.70,54.66,188.65,0.92,-1,-1,-1
16,4,525.37,349.62,146.46,259.42,0.70,-1,-1,-1
16,5,723.13,367.83,51.66,139.56,0.91,-1,-1,-1
16,6,790.52,534.63,227.30,359.30,0.81,-1,-1,-1
17,1,647.75,399.77,60.86,107.79,0.91,-1,-1,-1
17,2,584.91,347.29,82.39,252.74,0.88,-1,-1,-1
17,3,762.87,363.64,55.63,190.30,0.92,-1,-1,-1
17,4,525.48,349.95,147.14,260.77,0.76,-1,-1,-1
17,5,724.65,367.71,53.33,140.34,0.91,-1,-1,-1
17,6,793.85,536.61,228.94,359.95,0.82,-1,-1,-1
18,1,649.97,399.99,60.50,108.12,0.90,-1,-1,-1
18,2,587.23,347.42,81.68,253.16,0.88,-1,-1,-1
18,3,763.27,363.63,57.13,190.96,0.92,-1,-1,-1
18,4,526.62,349.79,147.87,262.19,0.71,-1,-1,-1
18,5,726.24,367.98,52.15,140.42,0.92,-1,-1,-1
18,6,796.63,539.78,232.96,355.72,0.79,-1,-1,-1
19,1,651.94,400.37,60.36,107.94,0.90,-1,-1,-1
19,2,588.95,347.62,80.78,254.35,0.90,-1,-1,-1
19,3,764.86,364.22,57.69,191.19,0.92,-1,-1,-1
19,4,530.00,350.17,144.51,262.25,0.73,-1,-1,-1
19,5,727.68,368.53,52.27,140.32,0.91,-1,-1,-1
19,6,799.07,540.62,235.91,364.82,0.79,-1,-1,-1
20,1,653.46,400.51,60.31,108.03,0.90,-1,-1,-1
20,2,590.09,347.54,79.81,256.00,0.91,-1,-1,-1
20,3,767.15,364.15,57.27,191.42,0.92,-1,-1,-1
20,4,530.25,350.16,143.16,262.27,0.87,-1,-1,-1
20,5,729.92,368.89,51.10,140.00,0.90,-1,-1,-1
20,6,801.92,542.55,239.02,371.14,0.79,-1,-1,-1
21,1,654.51,400.59,61.47,108.49,0.90,-1,-1,-1
21,2,591.33,347.68,76.96,257.15,0.91,-1,-1,-1
21,3,768.50,364.48,58.24,191.30,0.92,-1,-1,-1
21,4,529.97,350.03,140.76,262.21,0.88,-1,-1,-1
21,5,731.55,369.37,50.62,139.71,0.91,-1,-1,-1
21,6,805.17,544.29,242.39,364.47,0.78,-1,-1,-1
22,1,656.09,400.84,61.32,109.07,0.90,-1,-1,-1
22,2,592.07,347.53,75.95,257.48,0.90,-1,-1,-1
22,3,770.76,364.49,58.04,191.63,0.92,-1,-1,-1
22,4,529.25,349.94,136.86,262.22,0.88,-1,-1,-1
22,5,733.62,370.36,49.86,138.82,0.91,-1,-1,-1
22,6,808.13,545.18,244.83,352.56,0.78,-1,-1,-1
23,1,657.18,400.70,61.27,109.63,0.90,-1,-1,-1
23,2,594.06,347.66,75.59,258.73,0.91,-1,-1,-1
23,3,773.06,365.01,57.93,192.27,0.92,-1,-1,-1
23,4,532.21,349.79,129.32,263.98,0.91,-1,-1,-1
23,5,734.93,370.78,50.80,138.86,0.91,-1,-1,-1
23,6,811.24,549.23,246.61,357.25,0.79,-1,-1,-1
24,1,658.55,400.65,61.24,109.68,0.91,-1,-1,-1
24,2,595.78,347.43,74.85,259.91,0.91,-1,-1,-1
24,3,776.07,364.63,56.67,193.84,0.93,-1,-1,-1
24,4,535.27,349.00,122.20,267.60,0.91,-1,-1,-1
24,5,736.37,371.11,50.54,138.27,0.91,-1,-1,-1
24,6,813.89,550.82,248.35,357.72,0.78,-1,-1,-1
25,1,659.67,401.20,61.82,109.09,0.91,-1,-1,-1
25,2,597.65,347.60,74.59,260.32,0.92,-1,-1,-1
25,3,777.82,364.60,56.76,194.86,0.92,-1,-1,-1
25,4,536.69,348.67,116.60,270.73,0.92,-1,-1,-1
25,5,738.13,371.49,49.83,137.77,0.91,-1,-1,-1
25,6,816.33,552.23,250.39,363.26,0.77,-1,-1,-1
26,1,660.96,401.36,62.62,109.45,0.91,-1,-1,-1
26,2,599.22,347.92,74.48,260.42,0.92,-1,-1,-1
26,3,779.62,364.70,56.77,194.75,0.92,-1,-1,-1
26,4,539.36,348.20,110.30,274.84,0.93,-1,-1,-1
26,5,739.94,372.04,49.55,137.13,0.91,-1,-1,-1
26,6,818.64,553.24,253.71,363.47,0.77,-1,-1,-1
27,1,662.60,400.90,62.33,110.02,0.91,-1,-1,-1
27,2,600.06,347.67,75.08,261.01,0.92,-1,-1,-1
27,3,780.84,364.96,57.38,194.68,0.92,-1,-1,-1
27,4,539.29,347.67,106.99,276.92,0.92,-1,-1,-1
27,5,741.48,372.15,49.46,136.89,0.89,-1,-1,-1
27,6,820.32,554.06,258.17,367.35,0.76,-1,-1,-1
28,1,663.93,400.45,64.64,110.59,0.91,-1,-1,-1
28,2,600.46,347.14,76.55,262.08,0.92,-1,-1,-1
28,3,782.66,364.63,57.62,195.78,0.92,-1,-1,-1
28,4,537.77,347.18,107.28,277.79,0.92,-1,-1,-1
28,5,743.10,371.61,49.45,137.80,0.89,-1,-1,-1
28,6,822.58,554.72,262.26,372.83,0.76,-1,-1,-1
29,1,665.56,400.74,63.71,110.31,0.91,-1,-1,-1
29,2,602.36,346.81,75.91,263.43,0.92,-1,-1,-1
29,3,783.84,364.36,58.30,196.26,0.92,-1,-1,-1
29,4,537.53,347.05,106.86,277.96,0.92,-1,-1,-1
29,5,744.82,371.25,48.84,138.26,0.87,-1,-1,-1
29,6,823.30,556.06,266.05,395.56,0.77,-1,-1,-1
30,1,666.66,400.89,63.33,110.49,0.92,-1,-1,-1
30,2,602.05,345.68,77.49,265.26,0.91,-1,-1,-1
30,3,785.35,364.58,58.56,196.43,0.92,-1,-1,-1
30,4,541.04,347.63,103.14,275.58,0.92,-1,-1,-1
30,5,746.25,370.54,48.63,139.04,0.85,-1,-1,-1
30,6,825.80,557.14,274.53,402.87,0.76,-1,-1,-1
31,1,667.28,401.17,64.37,111.44,0.91,-1,-1,-1
31,2,602.16,345.63,78.66,266.34,0.91,-1,-1,-1
31,3,786.11,364.91,59.23,197.05,0.92,-1,-1,-1
31,4,540.40,347.65,103.77,276.24,0.91,-1,-1,-1
31,5,747.57,371.10,49.15,137.52,0.89,-1,-1,-1
31,6,827.19,558.60,276.44,431.74,0.77,-1,-1,-1
32,1,668.01,402.07,64.18,111.66,0.92,-1,-1,-1
32,2,601.50,346.27,79.73,267.37,0.91,-1,-1,-1
32,3,787.21,365.96,60.09,197.30,0.92,-1,-1,-1
32,4,540.99,348.31,103.48,277.71,0.93,-1,-1,-1
32,5,748.28,371.50,48.77,137.13,0.90,-1,-1,-1
32,6,828.23,560.09,279.48,446.46,0.77,-1,-1,-1
33,1,668.53,403.09,62.86,111.97,0.91,-1,-1,-1
33,2,600.60,346.98,80.63,267.87,0.91,-1,-1,-1
33,3,788.22,367.07,59.74,197.94,0.92,-1,-1,-1
33,4,541.47,347.80,103.39,282.88,0.92,-1,-1,-1
33,5,749.44,372.64,47.98,137.23,0.90,-1,-1,-1
33,6,829.40,562.77,278.04,465.75,0.77,-1,-1,-1
34,1,669.17,403.47,64.80,112.27,0.91,-1,-1,-1
34,2,601.31,348.22,79.85,267.83,0.91,-1,-1,-1
34,3,788.35,367.30,60.85,198.16,0.92,-1,-1,-1
34,4,541.83,348.16,103.51,282.05,0.92,-1,-1,-1
34,5,750.85,372.45,47.12,137.77,0.90,-1,-1,-1
34,6,830.53,565.02,278.61,463.92,0.76,-1,-1,-1
35,1,670.03,403.91,66.06,111.59,0.90,-1,-1,-1
35,2,601.97,348.71,79.45,268.44,0.92,-1,-1,-1
35,3,789.57,368.02,60.60,198.62,0.92,-1,-1,-1
35,4,542.36,348.46,103.53,281.57,0.92,-1,-1,-1
35,5,751.67,372.56,46.77,137.94,0.90,-1,-1,-1
35,6,831.45,567.73,276.14,427.00,0.74,-1,-1,-1
36,1,670.60,404.97,65.99,112.75,0.91,-1,-1,-1
36,2,602.74,349.91,79.39,269.42,0.92,-1,-1,-1
36,3,790.36,368.85,61.15,199.65,0.92,-1,-1,-1
36,4,540.60,349.61,105.53,282.13,0.90,-1,-1,-1
36,5,752.27,373.62,45.49,137.80,0.90,-1,-1,-1
36,6,833.36,570.43,273.84,437.17,0.75,-1,-1,-1
37,1,672.59,405.72,65.36,112.69,0.91,-1,-1,-1
37,2,603.02,349.85,80.59,271.32,0.92,-1,-1,-1
37,3,792.38,369.80,60.78,200.41,0.92,-1,-1,-1
37,4,541.15,350.30,106.33,284.01,0.91,-1,-1,-1
37,5,753.62,374.51,45.04,137.70,0.90,-1,-1,-1
37,6,835.21,575.41,278.02,407.87,0.71,-1,-1,-1
38,1,673.63,406.16,65.66,113.19,0.91,-1,-1,-1
38,2,603.77,350.31,80.98,271.86,0.92,-1,-1,-1
38,3,795.77,370.78,59.37,200.12,0.92,-1,-1,-1
38,4,542.05,351.04,106.60,285.13,0.91,-1,-1,-1
38,5,753.75,374.88,45.48,138.05,0.89,-1,-1,-1
38,6,837.56,579.75,279.35,374.05,0.71,-1,-1,-1
39,1,674.91,406.45,66.32,113.48,0.90,-1,-1,-1
39,2,606.51,351.53,79.23,272.05,0.92,-1,-1,-1
39,3,797.56,372.66,59.38,199.29,0.92,-1,-1,-1
39,4,542.76,351.61,107.84,285.37,0.92,-1,-1,-1
39,5,754.04,375.77,46.21,137.97,0.89,-1,-1,-1
39,6,836.81,583.62,283.15,424.37,0.74,-1,-1,-1
39,7,788.40,386.55,32.40,103.95,0.70,-1,-1,-1
40,1,676.51,407.51,66.01,113.92,0.91,-1,-1,-1
40,2,607.72,353.08,79.25,272.67,0.92,-1,-1,-1
40,3,799.99,373.68,59.44,199.66,0.92,-1,-1,-1
40,4,544.09,352.48,108.42,286.76,0.92,-1,-1,-1
40,5,754.41,374.63,46.54,139.82,0.87,-1,-1,-1
40,6,835.94,587.46,285.92,486.40,0.69,-1,-1,-1
41,1,678.23,408.48,65.85,114.07,0.91,-1,-1,-1
41,2,609.33,354.08,79.20,274.49,0.91,-1,-1,-1
41,3,802.00,374.20,60.01,201.12,0.92,-1,-1,-1
41,4,543.37,353.82,110.99,287.66,0.92,-1,-1,-1
41,5,755.07,372.55,47.25,143.03,0.88,-1,-1,-1
41,6,837.24,590.05,295.12,455.31,0.69,-1,-1,-1
42,1,680.13,409.15,66.96,114.82,0.92,-1,-1,-1
42,2,610.93,354.18,79.74,275.78,0.91,-1,-1,-1
42,3,804.24,375.16,60.80,201.57,0.93,-1,-1,-1
42,4,542.94,354.66,113.69,288.59,0.91,-1,-1,-1
42,5,756.55,372.84,47.49,143.28,0.88,-1,-1,-1
42,6,836.26,595.47,285.68,509.74,0.61,-1,-1,-1
43,1,681.68,409.30,68.01,114.98,0.91,-1,-1,-1
43,2,612.92,354.40,80.03,277.09,0.90,-1,-1,-1
43,3,806.24,375.37,61.15,201.66,0.93,-1,-1,-1
43,4,547.41,354.71,110.67,289.62,0.92,-1,-1,-1
43,5,758.27,374.93,47.04,141.18,0.89,-1,-1,-1
43,6,848.53,598.38,266.38,525.95,0.54,-1,-1,-1
43,8,795.15,383.17,36.90,110.92,0.78,-1,-1,-1
44,1,682.92,409.60,67.81,114.77,0.92,-1,-1,-1
44,2,614.04,354.56,80.14,278.07,0.91,-1,-1,-1
44,3,807.38,375.69,61.88,202.33,0.93,-1,-1,-1
44,4,549.50,354.06,110.70,292.45,0.92,-1,-1,-1
44,5,759.63,377.50,46.87,138.29,0.90,-1,-1,-1
44,6,855.09,601.19,262.45,541.42,0.49,-1,-1,-1
44,8,796.01,387.55,35.53,103.93,0.74,-1,-1,-1
45,1,684.40,409.95,67.67,114.95,0.91,-1,-1,-1
45,2,614.61,354.41,80.69,279.68,0.91,-1,-1,-1
45,3,808.47,375.78,62.08,202.52,0.93,-1,-1,-1
45,4,550.16,353.14,111.21,295.20,0.92,-1,-1,-1
45,5,759.64,375.86,47.97,139.14,0.89,-1,-1,-1
45,6,855.90,604.43,260.89,522.62,0.60,-1,-1,-1
45,8,797.54,386.45,37.36,107.33,0.74,-1,-1,-1
46,1,686.31,410.22,67.06,114.67,0.91,-1,-1,-1
46,2,614.67,354.23,81.61,280.20,0.91,-1,-1,-1
46,3,810.19,375.89,61.64,202.53,0.93,-1,-1,-1
46,4,549.97,352.55,112.72,296.27,0.92,-1,-1,-1
46,5,759.79,377.77,48.43,136.12,0.90,-1,-1,-1
46,6,859.11,605.61,260.57,527.59,0.56,-1,-1,-1
46,8,799.50,386.29,37.97,107.96,0.79,-1,-1,-1
47,1,687.59,410.14,67.38,115.02,0.92,-1,-1,-1
47,2,614.09,353.36,83.05,282.00,0.91,-1,-1,-1
47,3,811.70,375.48,61.39,203.57,0.93,-1,-1,-1
47,4,550.20,351.82,113.19,297.68,0.92,-1,-1,-1
47,5,758.94,378.80,49.16,134.69,0.90,-1,-1,-1
47,6,868.94,606.28,253.97,551.34,0.57,-1,-1,-1
47,8,801.05,386.13,37.39,108.19,0.79,-1,-1,-1
48,1,688.84,409.61,67.49,115.31,0.92,-1,-1,-1
48,2,614.06,352.54,83.59,282.82,0.91,-1,-1,-1
48,3,812.44,374.99,61.29,203.67,0.93,-1,-1,-1
48,4,549.88,351.36,113.96,298.34,0.92,-1,-1,-1
48,5,757.93,378.69,49.43,134.04,0.90,-1,-1,-1
48,6,876.40,607.60,250.66,570.08,0.51,-1,-1,-1
48,8,802.39,384.92,36.49,109.34,0.79,-1,-1,-1
49,1,689.56,409.74,68.13,115.12,0.92,-1,-1,-1
49,2,614.01,351.37,84.37,284.60,0.91,-1,-1,-1
49,3,812.96,374.38,62.45,204.76,0.92,-1,-1,-1
49,4,549.72,351.07,114.24,299.00,0.93,-1,-1,-1
49,5,757.82,378.36,47.73,134.14,0.90,-1,-1,-1
49,6,888.12,607.49,243.42,579.41,0.43,-1,-1,-1
49,8,803.72,383.90,36.16,109.69,0.81,-1,-1,-1
50,1,689.53,409.38,69.51,114.97,0.92,-1,-1,-1
50,2,615.57,350.25,83.39,285.06,0.91,-1,-1,-1
50,3,813.98,373.61,62.23,205.17,0.92,-1,-1,-1
50,4,549.48,350.59,114.85,299.02,0.92,-1,-1,-1
50,5,756.57,376.94,47.04,135.02,0.89,-1,-1,-1
50,6,896.78,606.54,238.54,590.41,0.43,-1,-1,-1
50,8,804.73,384.10,36.65,109.07,0.83,-1,-1,-1
51,1,690.20,408.75,69.48,115.60,0.92,-1,-1,-1
51,2,616.50,349.46,83.06,285.55,0.91,-1,-1,-1
51,3,814.53,373.26,63.38,205.91,0.92,-1,-1,-1
51,4,548.20,349.59,116.35,300.41,0.92,-1,-1,-1
51,5,755.67,375.59,47.43,136.67,0.89,-1,-1,-1
51,6,904.26,606.94,234.01,586.53,0.38,-1,-1,-1
51,8,805.52,382.58,38.70,111.19,0.80,-1,-1,-1
52,1,690.09,407.95,69.43,116.07,0.91,-1,-1,-1
52,2,617.43,348.78,82.91,285.71,0.91,-1,-1,-1
52,3,815.21,372.72,63.79,206.53,0.92,-1,-1,-1
52,4,549.23,349.14,115.67,300.60,0.93,-1,-1,-1
52,5,755.28,375.12,46.96,136.64,0.87,-1,-1,-1
52,6,905.39,607.55,235.50,595.43,0.45,-1,-1,-1
52,8,806.59,384.20,38.23,108.85,0.83,-1,-1,-1
53,1,690.61,407.47,69.40,116.30,0.91,-1,-1,-1
53,2,618.04,348.50,82.83,286.30,0.91,-1,-1,-1
53,3,816.67,371.75,63.33,207.73,0.92,-1,-1,-1
53,4,550.18,348.02,114.80,301.50,0.93,-1,-1,-1
53,5,754.57,375.08,44.97,135.79,0.88,-1,-1,-1
53,6,911.45,607.37,232.19,593.45,0.36,-1,-1,-1
53,8,807.28,384.81,38.02,107.19,0.84,-1,-1,-1
54,1,691.00,407.28,68.84,116.65,0.91,-1,-1,-1
54,2,618.15,348.11,83.52,287.06,0.91,-1,-1,-1
54,3,818.00,370.87,62.63,208.59,0.92,-1,-1,-1
54,4,549.82,347.80,116.39,301.92,0.93,-1,-1,-1
54,5,753.92,375.02,44.29,135.46,0.90,-1,-1,-1
54,6,913.17,608.32,238.36,596.92,0.40,-1,-1,-1
54,8,807.71,384.66,37.98,106.55,0.85,-1,-1,-1
55,1,691.85,407.38,69.19,116.78,0.92,-1,-1,-1
55,2,618.32,347.24,84.91,289.70,0.91,-1,-1,-1
55,3,819.48,370.14,62.32,210.08,0.92,-1,-1,-1
55,4,549.84,347.73,116.91,303.08,0.93,-1,-1,-1
55,5,753.21,375.19,44.64,135.94,0.89,-1,-1,-1
55,6,912.81,610.60,249.26,632.26,0.47,-1,-1,-1
55,8,808.24,383.26,37.93,108.44,0.85,-1,-1,-1
56,1,692.31,407.28,69.92,117.01,0.92,-1,-1,-1
56,2,618.51,346.02,85.42,292.55,0.91,-1,-1,-1
56,3,820.20,369.59,62.80,210.70,0.93,-1,-1,-1
56,4,550.56,347.55,116.51,304.04,0.94,-1,-1,-1
56,5,752.56,375.56,44.78,135.87,0.89,-1,-1,-1
56,6,921.96,612.40,249.84,637.22,0.31,-1,-1,-1
56,8,808.00,383.21,36.69,106.91,0.84,-1,-1,-1
57,1,693.01,406.77,69.55,117.47,0.92,-1,-1,-1
57,2,618.87,345.58,85.55,293.42,0.91,-1,-1,-1
57,3,820.62,369.09,64.13,211.37,0.93,-1,-1,-1
57,4,550.87,347.35,116.86,304.93,0.94,-1,-1,-1
57,5,752.26,375.54,44.21,135.02,0.88,-1,-1,-1
57,6,929.30,614.06,252.30,633.53,0.23,-1,-1,-1
57,8,808.06,383.48,35.59,105.34,0.84,-1,-1,-1
58,1,693.23,407.03,69.45,117.98,0.92,-1,-1,-1
58,2,619.83,345.26,85.65,295.02,0.90,-1,-1,-1
58,3,821.67,368.74,64.68,212.29,0.93,-1,-1,-1
58,4,551.19,347.73,117.07,306.55,0.94,-1,-1,-1
58,5,750.66,375.66,45.26,134.77,0.86,-1,-1,-1
58,6,940.34,616.06,246.25,622.43,0.31,-1,-1,-1
58,8,808.38,383.86,35.82,105.86,0.84,-1,-1,-1
59,1,693.40,407.66,70.57,118.20,0.92,-1,-1,-1
59,2,620.89,345.65,84.39,296.24,0.91,-1,-1,-1
59,3,822.76,368.73,64.81,213.40,0.93,-1,-1,-1
59,4,551.12,347.75,118.25,308.39,0.94,-1,-1,-1
59,5,748.71,375.95,46.81,134.10,0.86,-1,-1,-1
59,6,942.54,620.08,243.74,612.55,0.22,-1,-1,-1
59,8,809.81,384.70,35.27,106.84,0.84,-1,-1,-1
60,1,693.24,407.65,71.01,118.19,0.92,-1,-1,-1
60,2,620.47,345.49,85.20,297.82,0.91,-1,-1,-1
60,3,823.16,368.61,64.92,214.12,0.93,-1,-1,-1
60,4,550.62,347.61,118.76,308.86,0.94,-1,-1,-1
60,5,744.80,375.65,48.62,133.94,0.83,-1,-1,-1
60,6,948.37,624.07,241.80,603.94,0.14,-1,-1,-1
60,8,810.06,385.34,35.11,107.14,0.85,-1,-1,-1
61,1,693.62,407.85,70.54,118.63,0.92,-1,-1,-1
61,2,620.17,345.63,86.05,298.81,0.91,-1,-1,-1
61,3,822.83,368.64,65.51,214.95,0.93,-1,-1,-1
61,4,550.30,347.45,118.90,310.34,0.94,-1,-1,-1
61,5,740.83,376.19,49.29,133.29,0.79,-1,-1,-1
61,6,954.36,627.06,236.19,588.77,0.13,-1,-1,-1
61,8,809.68,385.48,35.04,107.40,0.84,-1,-1,-1
62,1,694.16,408.27,69.20,119.44,0.93,-1,-1,-1
62,2,620.13,345.27,86.43,300.34,0.91,-1,-1,-1
62,3,823.17,368.99,65.78,215.95,0.93,-1,-1,-1
62,4,550.82,347.72,118.42,312.52,0.94,-1,-1,-1
62,5,737.43,376.58,50.75,132.98,0.78,-1,-1,-1
62,6,957.23,631.57,250.11,616.86,0.15,-1,-1,-1
62,8,809.09,385.56,36.25,107.85,0.82,-1,-1,-1
63,1,694.32,408.44,69.29,119.57,0.92,-1,-1,-1
63,2,619.77,344.87,86.56,301.56,0.91,-1,-1,-1
63,3,823.50,368.69,66.46,216.86,0.93,-1,-1,-1
63,4,551.00,346.67,118.22,315.78,0.93,-1,-1,-1
63,5,735.25,376.13,51.30,133.30,0.75,-1,-1,-1
63,8,808.80,385.14,37.30,108.30,0.82,-1,-1,-1
64,1,694.22,408.26,69.29,119.72,0.92,-1,-1,-1
64,2,619.52,344.50,87.14,303.23,0.92,-1,-1,-1
64,3,823.43,368.66,66.67,217.55,0.93,-1,-1,-1
64,4,550.98,347.37,118.06,316.87,0.94,-1,-1,-1
64,5,731.37,376.03,53.82,133.85,0.73,-1,-1,-1
64,8,808.21,384.60,38.86,109.03,0.83,-1,-1,-1
65,1,693.52,408.15,69.86,119.73,0.92,-1,-1,-1
65,2,618.49,344.50,87.90,304.17,0.92,-1,-1,-1
65,3,823.28,368.34,66.70,218.32,0.93,-1,-1,-1
65,4,550.36,346.73,117.94,318.33,0.93,-1,-1,-1
65,5,728.12,377.61,54.75,132.07,0.77,-1,-1,-1
65,8,807.58,384.07,38.26,108.97,0.83,-1,-1,-1
66,1,693.34,408.00,69.49,120.22,0.92,-1,-1,-1
66,2,617.87,344.23,88.20,305.19,0.92,-1,-1,-1
66,3,823.36,368.11,66.71,218.81,0.93,-1,-1,-1
66,4,548.67,346.21,119.12,320.15,0.93,-1,-1,-1
66,5,727.05,378.55,55.09,130.86,0.60,-1,-1,-1
66,8,807.19,384.36,37.42,108.23,0.83,-1,-1,-1
67,1,692.59,407.91,69.35,119.76,0.92,-1,-1,-1
67,2,617.27,343.54,88.32,306.63,0.92,-1,-1,-1
67,3,823.25,367.85,66.72,219.05,0.92,-1,-1,-1
67,4,547.10,346.03,119.58,320.68,0.93,-1,-1,-1
67,5,724.57,383.39,57.56,125.85,0.11,-1,-1,-1
67,8,806.03,385.18,37.10,106.85,0.82,-1,-1,-1
68,1,691.63,407.60,69.28,119.87,0.92,-1,-1,-1
68,2,616.11,343.01,88.90,308.28,0.92,-1,-1,-1
68,3,822.52,367.35,66.68,220.13,0.92,-1,-1,-1
68,4,546.17,345.98,118.48,321.39,0.93,-1,-1,-1
68,8,806.42,385.52,36.96,106.02,0.83,-1,-1,-1
69,1,691.39,407.34,68.07,120.38,0.91,-1,-1,-1
69,2,615.46,342.81,89.14,308.94,0.92,-1,-1,-1
69,3,822.08,367.15,67.28,221.17,0.92,-1,-1,-1
69,4,544.41,345.81,118.71,322.74,0.93,-1,-1,-1
69,8,806.12,384.89,37.52,106.81,0.84,-1,-1,-1
70,1,690.46,407.02,68.82,121.04,0.91,-1,-1,-1
70,2,615.29,341.92,89.19,310.53,0.92,-1,-1,-1
70,3,823.78,367.03,65.69,221.57,0.91,-1,-1,-1
70,4,541.72,345.51,119.37,324.59,0.92,-1,-1,-1
70,8,805.78,384.29,37.12,107.12,0.84,-1,-1,-1
71,1,689.79,407.04,69.69,120.81,0.92,-1,-1,-1
71,2,614.32,341.45,89.79,312.08,0.92,-1,-1,-1
71,3,821.05,366.39,68.09,222.25,0.92,-1,-1,-1
71,4,541.63,345.10,116.60,325.19,0.92,-1,-1,-1
71,8,805.62,384.20,37.57,107.07,0.87,-1,-1,-1
72,1,689.31,406.62,70.63,120.85,0.92,-1,-1,-1
72,2,613.14,341.01,90.62,313.19,0.92,-1,-1,-1
72,3,823.65,366.46,65.42,222.47,0.91,-1,-1,-1
72,4,540.49,344.99,113.75,325.35,0.91,-1,-1,-1
72,8,805.31,383.73,38.33,108.10,0.86,-1,-1,-1
73,1,688.22,406.94,70.96,120.76,0.91,-1,-1,-1
73,2,612.38,340.25,90.26,315.45,0.92,-1,-1,-1
73,3,820.45,366.26,68.58,223.18,0.92,-1,-1,-1
73,4,540.07,344.33,111.43,326.66,0.92,-1,-1,-1
73,8,804.32,383.45,38.60,108.07,0.84,-1,-1,-1
73,9,823.95,377.10,38.70,117.00,0.74,-1,-1,-1
74,1,687.47,407.24,70.50,120.85,0.91,-1,-1,-1
74,2,610.56,340.02,91.35,316.81,0.92,-1,-1,-1
74,3,822.17,366.18,66.78,224.01,0.90,-1,-1,-1
74,4,538.98,344.43,110.03,327.07,0.92,-1,-1,-1
74,8,803.00,383.21,37.52,107.29,0.85,-1,-1,-1
74,9,823.63,378.51,38.74,115.01,0.75,-1,-1,-1
75,1,686.82,406.82,69.70,121.35,0.91,-1,-1,-1
75,2,608.62,339.55,92.29,317.92,0.92,-1,-1,-1
75,3,821.90,365.80,66.63,224.93,0.92,-1,-1,-1
75,4,538.53,344.07,108.29,327.84,0.92,-1,-1,-1
75,8,802.75,384.26,37.69,107.32,0.84,-1,-1,-1
75,9,824.56,378.74,38.74,114.31,0.69,-1,-1,-1
76,1,686.07,406.99,68.22,121.98,0.91,-1,-1,-1
76,2,607.68,339.57,92.09,319.50,0.92,-1,-1,-1
76,3,821.58,366.13,66.61,224.66,0.93,-1,-1,-1
76,4,536.93,344.14,108.96,329.28,0.91,-1,-1,-1
76,8,802.45,384.82,38.96,107.92,0.86,-1,-1,-1
76,9,824.91,377.53,37.33,118.23,0.72,-1,-1,-1
77,1,685.20,407.25,68.28,122.37,0.92,-1,-1,-1
77,2,606.14,339.63,92.61,320.66,0.92,-1,-1,-1
77,3,822.35,365.68,66.01,226.34,0.93,-1,-1,-1
77,4,535.44,343.61,109.85,332.19,0.92,-1,-1,-1
77,8,801.15,384.91,37.67,108.02,0.86,-1,-1,-1
77,9,824.96,376.67,36.89,119.60,0.70,-1,-1,-1
78,1,683.69,407.09,68.32,122.95,0.93,-1,-1,-1
78,2,605.89,338.97,92.23,322.23,0.91,-1,-1,-1
78,3,823.25,365.40,64.60,226.95,0.93,-1,-1,-1
78,4,534.01,342.74,110.25,334.44,0.92,-1,-1,-1
78,8,800.68,385.12,36.56,108.05,0.86,-1,-1,-1
78,9,824.95,377.92,36.78,119.32,0.65,-1,-1,-1
79,1,682.54,407.72,69.53,123.36,0.93,-1,-1,-1
79,2,604.92,339.38,92.02,324.54,0.92,-1,-1,-1
79,3,823.64,365.87,64.04,227.23,0.93,-1,-1,-1
79,4,531.37,342.01,111.57,336.56,0.92,-1,-1,-1
79,8,799.96,386.06,37.35,107.79,0.86,-1,-1,-1
79,9,823.98,380.23,34.81,117.28,0.58,-1,-1,-1
80,1,681.49,408.26,69.99,123.44,0.93,-1,-1,-1
80,2,602.15,339.15,93.16,326.55,0.92,-1,-1,-1
80,3,823.67,366.63,63.26,226.62,0.93,-1,-1,-1
80,4,529.82,342.09,111.52,338.36,0.92,-1,-1,-1
80,8,799.01,386.68,37.65,107.95,0.87,-1,-1,-1
80,9,822.55,383.22,32.21,114.55,0.70,-1,-1,-1
81,1,680.36,408.99,69.60,123.93,0.93,-1,-1,-1
81,2,600.96,339.74,93.64,328.52,0.92,-1,-1,-1
81,3,823.23,366.98,63.63,228.20,0.93,-1,-1,-1
81,4,527.28,342.52,112.77,340.83,0.92,-1,-1,-1
81,8,797.94,386.83,39.58,108.47,0.86,-1,-1,-1
81,9,821.88,384.79,31.40,113.41,0.73,-1,-1,-1
81,10,753.75,400.05,45.90,90.45,0.71,-1,-1,-1
82,1,679.39,410.05,70.08,123.64,0.92,-1,-1,-1
82,2,599.06,340.64,95.10,330.37,0.92,-1,-1,-1
82,3,822.47,368.31,64.44,228.76,0.92,-1,-1,-1
82,4,525.17,343.38,113.94,342.88,0.93,-1,-1,-1
82,8,796.68,387.03,40.92,109.71,0.86,-1,-1,-1
82,9,821.35,383.90,33.76,116.27,0.66,-1,-1,-1
82,10,753.29,401.03,45.99,91.33,0.69,-1,-1,-1
83,1,678.10,410.80,70.23,123.93,0.92,-1,-1,-1
83,2,598.05,341.51,94.39,331.51,0.92,-1,-1,-1
83,3,820.88,368.75,65.31,230.07,0.93,-1,-1,-1
83,4,522.93,344.08,114.92,345.72,0.93,-1,-1,-1
83,8,795.53,387.62,41.41,109.84,0.86,-1,-1,-1
83,9,820.16,385.48,35.16,114.38,0.61,-1,-1,-1
83,10,751.38,401.42,47.41,95.51,0.66,-1,-1,-1
84,1,676.40,411.08,69.62,124.15,0.92,-1,-1,-1
84,2,595.33,342.01,95.78,332.36,0.91,-1,-1,-1
84,3,819.29,369.72,66.17,230.46,0.93,-1,-1,-1
84,4,521.28,343.75,115.16,349.16,0.92,-1,-1,-1
84,8,794.73,388.33,39.77,109.55,0.87,-1,-1,-1
84,9,818.71,387.32,32.65,112.24,0.63,-1,-1,-1
84,10,749.37,402.22,45.04,95.97,0.64,-1,-1,-1
85,1,675.67,411.80,68.81,124.23,0.92,-1,-1,-1
85,2,593.91,342.67,96.32,333.41,0.92,-1,-1,-1
85,3,818.29,370.69,66.51,231.21,0.93,-1,-1,-1
85,4,520.27,343.66,114.08,352.22,0.92,-1,-1,-1
85,8,793.76,389.20,39.12,109.14,0.87,-1,-1,-1
85,9,817.45,388.44,31.70,112.25,0.64,-1,-1,-1
85,10,750.01,402.48,41.44,95.96,0.56,-1,-1,-1
86,1,674.49,412.52,69.10,124.71,0.92,-1,-1,-1
86,2,592.19,343.67,97.07,334.80,0.92,-1,-1,-1
86,3,817.59,371.67,66.02,232.07,0.92,-1,-1,-1
86,4,518.71,344.52,114.24,353.31,0.92,-1,-1,-1
86,8,792.78,390.14,39.47,108.99,0.87,-1,-1,-1
86,9,816.05,388.69,31.38,112.42,0.68,-1,-1,-1
86,10,754.05,403.04,36.93,96.04,0.52,-1,-1,-1
87,1,673.54,413.45,69.80,125.03,0.91,-1,-1,-1
87,2,591.66,343.96,96.73,336.44,0.92,-1,-1,-1
87,3,816.78,371.96,65.81,233.55,0.92,-1,-1,-1
87,4,517.05,344.77,113.67,355.41,0.92,-1,-1,-1
87,8,791.59,390.86,40.19,108.77,0.87,-1,-1,-1
87,9,814.08,389.44,31.28,112.64,0.78,-1,-1,-1
87,10,751.19,403.47,39.12,95.36,0.58,-1,-1,-1
88,1,672.36,414.15,70.09,125.59,0.91,-1,-1,-1
88,2,591.54,344.28,95.44,337.62,0.92,-1,-1,-1
88,3,815.95,372.23,65.78,234.69,0.92,-1,-1,-1
88,4,514.41,344.50,115.33,357.93,0.92,-1,-1,-1
88,8,790.33,391.00,40.48,109.29,0.87,-1,-1,-1
88,9,813.14,389.26,32.51,113.65,0.78,-1,-1,-1
88,10,746.91,403.83,42.30,95.09,0.63,-1,-1,-1
89,1,671.27,414.52,70.74,125.90,0.90,-1,-1,-1
89,2,591.81,344.98,94.22,338.48,0.92,-1,-1,-1
89,3,815.22,372.64,65.69,235.00,0.92,-1,-1,-1
89,4,512.57,344.67,116.42,359.27,0.92,-1,-1,-1
89,8,788.85,391.20,41.13,110.20,0.87,-1,-1,-1
89,9,812.37,389.04,33.53,114.74,0.78,-1,-1,-1
89,10,745.28,404.10,40.98,94.47,0.67,-1,-1,-1
90,1,670.13,414.78,70.41,126.20,0.91,-1,-1,-1
90,2,591.76,345.20,93.80,340.06,0.92,-1,-1,-1
90,3,815.45,372.45,65.08,236.96,0.92,-1,-1,-1
90,4,511.11,344.70,116.88,361.61,0.92,-1,-1,-1
90,8,787.91,391.39,40.20,110.72,0.87,-1,-1,-1
90,9,811.40,389.36,32.15,115.35,0.81,-1,-1,-1
90,10,743.96,404.33,42.38,94.71,0.57,-1,-1,-1
91,1,669.42,415.08,70.24,126.58,0.91,-1,-1,-1
91,2,591.19,344.90,93.55,341.13,0.91,-1,-1,-1
91,3,815.20,372.33,64.79,237.02,0.92,-1,-1,-1
91,4,509.17,344.32,119.33,364.12,0.93,-1,-1,-1
91,8,786.94,392.14,39.80,110.14,0.87,-1,-1,-1
91,9,810.72,387.92,34.65,117.94,0.80,-1,-1,-1
91,10,743.48,404.80,41.03,92.49,0.66,-1,-1,-1
92,1,668.31,415.85,70.22,126.29,0.92,-1,-1,-1
92,2,589.79,344.54,94.15,342.92,0.91,-1,-1,-1
92,3,814.89,371.86,65.35,238.28,0.92,-1,-1,-1
92,4,507.85,344.40,120.93,365.71,0.93,-1,-1,-1
92,8,785.78,392.76,39.08,110.10,0.86,-1,-1,-1
92,9,810.25,387.25,36.14,119.24,0.81,-1,-1,-1
92,10,742.79,404.88,39.94,90.14,0.67,-1,-1,-1
93,1,667.32,415.98,69.58,126.13,0.92,-1,-1,-1
93,2,589.32,343.82,93.74,344.48,0.91,-1,-1,-1
93,3,815.03,371.54,64.93,239.24,0.92,-1,-1,-1
93,4,505.68,344.31,123.85,367.30,0.93,-1,-1,-1
93,8,784.73,392.09,37.58,111.10,0.87,-1,-1,-1
93,9,808.57,389.24,33.19,117.61,0.85,-1,-1,-1
93,10,744.10,405.23,36.46,88.80,0.60,-1,-1,-1
93,11,426.15,389.25,88.20,248.40,0.71,-1,-1,-1
94,1,666.77,416.05,69.92,126.04,0.92,-1,-1,-1
94,2,588.67,343.01,93.54,346.13,0.91,-1,-1,-1
94,3,815.75,371.77,63.55,238.92,0.92,-1,-1,-1
94,4,505.62,344.02,125.47,367.74,0.93,-1,-1,-1
94,8,783.52,392.48,37.01,110.54,0.86,-1,-1,-1
94,9,807.09,390.06,31.36,116.94,0.85,-1,-1,-1
94,10,742.16,404.94,37.12,91.53,0.66,-1,-1,-1
94,11,425.13,389.34,85.92,243.85,0.69,-1,-1,-1
95,1,665.80,415.57,70.68,126.47,0.91,-1,-1,-1
95,2,588.54,342.04,92.93,347.99,0.91,-1,-1,-1
95,3,814.96,371.49,64.29,240.02,0.92,-1,-1,-1
95,4,504.83,343.87,127.31,368.52,0.94,-1,-1,-1
95,8,782.34,392.40,36.83,110.80,0.86,-1,-1,-1
95,9,806.12,389.98,31.35,116.70,0.84,-1,-1,-1
95,10,739.80,404.92,39.20,92.39,0.72,-1,-1,-1
95,11,423.32,389.13,84.29,244.26,0.65,-1,-1,-1
96,1,664.84,415.65,70.37,126.82,0.90,-1,-1,-1
96,2,586.96,341.49,93.90,350.49,0.91,-1,-1,-1
96,3,814.37,371.36,65.16,240.01,0.92,-1,-1,-1
96,4,503.33,343.46,129.75,370.77,0.94,-1,-1,-1
96,8,781.33,392.64,36.78,110.47,0.87,-1,-1,-1
96,9,805.18,388.11,33.17,118.87,0.84,-1,-1,-1
96,10,739.85,404.73,37.57,93.95,0.63,-1,-1,-1
96,11,421.35,389.17,84.24,247.06,0.63,-1,-1,-1
97,1,663.64,415.22,70.86,127.37,0.90,-1,-1,-1
97,2,586.44,341.00,93.68,351.96,0.91,-1,-1,-1
97,3,814.78,371.59,64.90,240.26,0.92,-1,-1,-1
97,4,501.38,342.58,131.25,373.76,0.94,-1,-1,-1
97,8,780.71,393.01,36.17,111.23,0.86,-1,-1,-1
97,9,803.11,389.93,33.25,116.25,0.84,-1,-1,-1
97,10,740.88,404.79,36.96,94.68,0.63,-1,-1,-1
97,11,420.42,388.86,84.43,245.14,0.66,-1,-1,-1
98,1,662.66,415.50,71.66,127.11,0.90,-1,-1,-1
98,2,585.38,340.54,94.26,353.63,0.91,-1,-1,-1
98,3,814.67,371.06,65.45,242.11,0.92,-1,-1,-1
98,4,499.51,341.69,133.03,376.59,0.94,-1,-1,-1
98,8,780.25,392.82,35.97,111.51,0.86,-1,-1,-1
98,9,801.78,388.19,35.09,118.24,0.83,-1,-1,-1
98,10,739.17,404.81,38.00,94.94,0.67,-1,-1,-1
98,11,418.44,388.45,85.36,248.34,0.59,-1,-1,-1
99,1,661.95,415.60,71.36,127.17,0.90,-1,-1,-1
99,2,584.04,340.36,95.06,355.28,0.91,-1,-1,-1
99,3,814.88,371.01,65.05,243.41,0.92,-1,-1,-1
99,4,499.06,341.20,132.47,378.83,0.93,-1,-1,-1
99,8,779.45,392.90,35.30,110.42,0.84,-1,-1,-1
99,9,800.37,389.19,35.19,116.90,0.83,-1,-1,-1
99,10,738.80,404.81,36.58,93.69,0.64,-1,-1,-1
99,11,417.93,388.43,83.61,243.70,0.63,-1,-1,-1
100,1,661.12,415.99,71.23,127.48,0.91,-1,-1,-1
100,2,582.68,340.08,95.96,357.30,0.91,-1,-1,-1
100,3,814.35,371.06,65.49,243.85,0.92,-1,-1,-1
100,4,497.77,341.09,132.79,381.95,0.93,-1,-1,-1
100,8,777.96,393.13,35.67,110.15,0.85,-1,-1,-1
100,9,799.27,391.43,34.62,114.86,0.84,-1,-1,-1
100,10,736.87,404.87,36.66,92.59,0.64,-1,-1,-1
100,11,415.82,388.15,85.35,245.74,0.68,-1,-1,-1
101,1,659.34,416.21,72.41,127.00,0.88,-1,-1,-1
101,2,580.37,339.90,98.14,360.29,0.91,-1,-1,-1
101,3,813.87,371.27,65.70,244.77,0.92,-1,-1,-1
101,4,495.80,341.29,133.54,384.15,0.93,-1,-1,-1
101,8,777.46,393.11,35.23,110.81,0.84,-1,-1,-1
101,9,798.01,391.71,34.42,115.02,0.84,-1,-1,-1
101,10,737.10,404.94,34.30,93.10,0.59,-1,-1,-1
101,11,414.78,387.99,86.62,244.78,0.73,-1,-1,-1
102,1,659.21,416.38,72.24,126.24,0.88,-1,-1,-1
102,2,577.67,340.52,100.68,361.42,0.91,-1,-1,-1
102,3,813.34,371.48,65.74,245.72,0.92,-1,-1,-1
102,4,494.71,341.89,133.72,386.31,0.93,-1,-1,-1
102,8,776.34,393.67,35.67,110.03,0.85,-1,-1,-1
102,9,797.22,393.57,34.32,113.76,0.85,-1,-1,-1
102,10,736.55,404.93,34.66,95.26,0.63,-1,-1,-1
102,11,411.47,388.44,87.51,250.46,0.72,-1,-1,-1
103,1,658.54,416.64,71.57,127.73,0.88,-1,-1,-1
103,2,577.50,341.30,100.50,362.90,0.91,-1,-1,-1
103,3,813.05,371.45,65.79,247.20,0.92,-1,-1,-1
103,4,493.41,342.37,133.80,387.56,0.92,-1,-1,-1
103,8,774.67,393.76,36.45,110.91,0.86,-1,-1,-1
103,9,795.37,392.48,34.89,115.53,0.86,-1,-1,-1
103,10,736.00,405.13,34.20,94.55,0.54,-1,-1,-1
103,11,409.53,389.32,86.79,259.28,0.72,-1,-1,-1
104,1,657.95,416.91,69.48,128.81,0.87,-1,-1,-1
104,2,576.56,342.26,100.95,363.94,0.91,-1,-1,-1
104,3,811.90,371.92,66.37,247.59,0.92,-1,-1,-1
104,4,492.68,342.63,133.14,391.46,0.92,-1,-1,-1
104,8,773.04,394.27,34.94,110.28,0.86,-1,-1,-1
104,9,793.67,394.19,34.49,113.58,0.87,-1,-1,-1
104,10,733.57,405.37,37.71,96.03,0.60,-1,-1,-1
104,11,408.79,389.69,85.10,258.66,0.71,-1,-1,-1
105,1,655.66,416.98,69.94,129.42,0.86,-1,-1,-1
105,2,574.73,343.75,101.75,364.89,0.90,-1,-1,-1
105,3,810.66,372.79,66.63,248.42,0.92,-1,-1,-1
105,4,489.70,342.82,135.32,393.05,0.92,-1,-1,-1
105,8,771.95,394.26,35.61,110.40,0.85,-1,-1,-1
105,9,792.56,392.97,35.55,115.48,0.86,-1,-1,-1
105,10,733.32,405.88,35.47,95.71,0.65,-1,-1,-1
105,11,403.32,389.93,87.56,268.08,0.66,-1,-1,-1
106,1,655.04,417.49,68.29,129.63,0.88,-1,-1,-1
106,2,572.49,344.22,102.60,366.95,0.91,-1,-1,-1
106,3,810.08,373.03,66.10,248.68,0.92,-1,-1,-1
106,4,487.04,341.74,136.68,396.36,0.92,-1,-1,-1
106,8,770.55,394.61,35.24,110.28,0.86,-1,-1,-1
106,9,790.87,393.91,35.93,114.97,0.87,-1,-1,-1
106,10,732.60,405.81,32.10,94.52,0.61,-1,-1,-1
106,11,401.29,390.36,88.43,268.09,0.68,-1,-1,-1
107,1,653.31,417.58,68.26,129.69,0.87,-1,-1,-1
107,2,570.47,344.58,103.42,368.23,0.91,-1,-1,-1
107,3,808.93,373.05,65.85,248.73,0.93,-1,-1,-1
107,4,483.70,342.56,138.27,392.00,0.91,-1,-1,-1
107,8,768.53,394.80,36.30,110.69,0.85,-1,-1,-1
107,9,788.73,395.08,35.46,113.87,0.88,-1,-1,-1
107,10,729.22,405.55,33.37,96.32,0.67,-1,-1,-1
107,11,398.67,390.83,88.85,260.63,0.68,-1,-1,-1
108,1,650.03,417.07,70.07,130.15,0.86,-1,-1,-1
108,2,568.01,344.33,104.32,370.43,0.92,-1,-1,-1
108,3,807.36,373.10,66.37,248.86,0.93,-1,-1,-1
108,4,480.46,341.91,140.64,393.51,0.93,-1,-1,-1
108,8,766.95,393.12,36.69,112.48,0.85,-1,-1,-1
108,9,787.43,394.20,35.27,114.67,0.88,-1,-1,-1
108,10,726.60,405.50,36.21,96.24,0.67,-1,-1,-1
108,11,394.97,390.33,91.55,262.49,0.67,-1,-1,-1
109,1,645.32,416.21,72.55,130.63,0.85,-1,-1,-1
109,2,565.09,343.55,105.85,372.46,0.90,-1,-1,-1
109,3,806.27,372.45,66.57,249.52,0.93,-1,-1,-1
109,4,479.01,341.15,141.54,394.53,0.92,-1,-1,-1
109,8,765.28,392.13,38.05,113.17,0.85,-1,-1,-1
109,9,786.46,393.65,35.20,114.84,0.88,-1,-1,-1
109,10,725.69,404.68,34.93,96.66,0.60,-1,-1,-1
109,11,391.43,390.08,90.05,263.77,0.63,-1,-1,-1
110,1,643.10,415.83,72.31,131.25,0.86,-1,-1,-1
110,2,562.07,343.19,106.41,374.81,0.89,-1,-1,-1
110,3,804.22,371.54,67.25,250.80,0.93,-1,-1,-1
110,4,478.65,340.65,140.65,396.65,0.93,-1,-1,-1
110,8,763.32,391.84,37.37,111.93,0.85,-1,-1,-1
110,9,784.79,392.32,35.17,115.81,0.85,-1,-1,-1
110,10,721.95,404.45,36.23,95.91,0.61,-1,-1,-1
110,11,386.72,389.16,91.24,269.60,0.64,-1,-1,-1
111,1,642.15,415.60,71.59,131.43,0.86,-1,-1,-1
111,2,559.64,342.26,107.18,376.86,0.89,-1,-1,-1
111,3,802.05,370.67,68.09,252.53,0.93,-1,-1,-1
111,4,476.67,339.38,141.44,402.80,0.92,-1,-1,-1
111,8,760.63,391.51,38.30,111.57,0.85,-1,-1,-1
111,9,782.79,392.63,35.16,114.94,0.84,-1,-1,-1
111,10,719.20,403.69,36.10,96.49,0.62,-1,-1,-1
111,11,383.44,389.07,91.37,273.44,0.69,-1,-1,-1
112,1,640.55,415.21,71.29,131.48,0.86,-1,-1,-1
112,2,557.78,341.59,106.81,378.14,0.89,-1,-1,-1
112,3,800.23,370.49,68.97,252.39,0.92,-1,-1,-1
112,4,473.80,337.84,142.85,403.70,0.92,-1,-1,-1
112,8,758.94,390.64,38.03,112.77,0.86,-1,-1,-1
112,9,781.66,391.99,33.94,114.75,0.85,-1,-1,-1
112,10,715.41,403.10,40.23,97.30,0.70,-1,-1,-1
112,11,381.31,388.40,91.36,265.31,0.73,-1,-1,-1
113,1,638.88,414.52,71.18,131.64,0.85,-1,-1,-1
113,2,556.33,340.05,107.23,379.76,0.89,-1,-1,-1
113,3,799.66,369.75,68.11,252.31,0.92,-1,-1,-1
113,4,470.77,336.58,144.54,403.37,0.92,-1,-1,-1
113,8,757.24,390.23,38.52,112.62,0.87,-1,-1,-1
113,9,780.78,390.77,33.47,115.29,0.87,-1,-1,-1
113,10,712.93,402.65,41.74,96.55,0.65,-1,-1,-1
113,11,379.79,387.76,90.44,262.68,0.72,-1,-1,-1
114,1,637.83,414.14,71.72,131.55,0.86,-1,-1,-1
114,2,556.27,338.59,106.13,381.51,0.90,-1,-1,-1
114,3,798.71,368.62,68.34,254.05,0.93,-1,-1,-1
114,4,468.32,335.23,145.69,401.39,0.93,-1,-1,-1
114,8,755.29,389.82,38.69,112.86,0.86,-1,-1,-1
114,9,779.71,389.00,33.90,117.15,0.85,-1,-1,-1
114,10,712.43,402.07,41.15,95.81,0.65,-1,-1,-1
114,11,377.20,386.31,89.60,266.51,0.67,-1,-1,-1
115,1,636.63,413.71,72.53,131.52,0.86,-1,-1,-1
115,2,556.04,336.71,105.11,383.49,0.90,-1,-1,-1
115,3,798.74,367.45,67.83,254.57,0.93,-1,-1,-1
115,4,465.39,333.25,147.31,401.82,0.92,-1,-1,-1
115,8,754.65,389.23,39.34,112.81,0.86,-1,-1,-1
115,9,778.81,388.19,33.47,117.41,0.86,-1,-1,-1
115,10,713.26,400.97,40.89,96.44,0.51,-1,-1,-1
115,11,371.81,384.89,93.50,268.54,0.68,-1,-1,-1
116,1,635.03,413.27,73.43,131.50,0.86,-1,-1,-1
116,2,555.10,335.87,105.33,384.62,0.90,-1,-1,-1
116,3,798.47,365.38,67.64,256.08,0.92,-1,-1,-1
116,4,463.44,332.39,147.90,403.88,0.92,-1,-1,-1
116,8,754.45,388.57,39.59,112.94,0.86,-1,-1,-1
116,9,778.21,387.90,33.31,117.20,0.87,-1,-1,-1
116,10,711.55,399.82,39.00,96.82,0.44,-1,-1,-1
116,11,370.16,384.38,94.07,268.07,0.71,-1,-1,-1
117,1,634.48,412.43,73.19,131.94,0.86,-1,-1,-1
117,2,554.18,335.06,105.45,386.20,0.90,-1,-1,-1
117,3,798.12,364.22,67.61,257.39,0.92,-1,-1,-1
117,4,461.87,330.84,147.55,409.26,0.93,-1,-1,-1
117,8,753.25,387.79,39.70,113.29,0.85,-1,-1,-1
117,9,777.44,387.41,32.67,117.27,0.88,-1,-1,-1
117,10,710.08,399.46,42.50,98.17,0.63,-1,-1,-1
117,11,367.54,384.01,93.40,264.87,0.69,-1,-1,-1
118,1,632.79,411.82,73.06,131.80,0.84,-1,-1,-1
118,2,551.77,333.86,106.60,387.93,0.90,-1,-1,-1
118,3,797.37,362.94,67.53,258.74,0.93,-1,-1,-1
118,4,460.14,330.55,147.87,413.63,0.93,-1,-1,-1
118,8,751.91,387.24,39.70,112.81,0.84,-1,-1,-1
118,9,776.85,385.62,32.41,118.04,0.87,-1,-1,-1
118,10,708.63,398.46,43.15,99.86,0.67,-1,-1,-1
118,11,364.99,383.24,93.06,258.81,0.69,-1,-1,-1
119,1,632.51,411.82,72.41,131.60,0.84,-1,-1,-1
119,2,550.60,332.30,105.85,390.33,0.90,-1,-1,-1
119,3,796.53,362.68,68.12,258.79,0.92,-1,-1,-1
119,4,458.95,329.04,147.39,420.60,0.92,-1,-1,-1
119,8,750.56,386.65,40.30,112.79,0.82,-1,-1,-1
119,9,776.08,384.12,32.33,118.93,0.86,-1,-1,-1
119,10,709.31,397.56,41.04,100.20,0.65,-1,-1,-1
119,11,360.68,381.67,95.03,271.25,0.66,-1,-1,-1
120,1,631.55,411.01,72.18,132.14,0.85,-1,-1,-1
120,2,548.38,330.91,107.40,392.44,0.90,-1,-1,-1
120,3,795.36,362.37,68.96,258.82,0.93,-1,-1,-1
120,4,455.83,328.43,149.03,416.56,0.92,-1,-1,-1
120,8,750.70,386.82,38.75,112.19,0.84,-1,-1,-1
120,9,775.85,383.64,32.93,118.98,0.84,-1,-1,-1
120,10,707.86,397.16,40.79,98.69,0.62,-1,-1,-1
120,11,355.96,380.16,96.69,279.20,0.68,-1,-1,-1
121,1,628.77,409.82,74.50,132.93,0.85,-1,-1,-1
121,2,545.75,329.52,108.57,394.36,0.90,-1,-1,-1
121,3,792.79,362.43,71.07,258.65,0.92,-1,-1,-1
121,4,452.59,327.04,150.22,420.27,0.92,-1,-1,-1
121,8,748.04,385.69,41.77,113.17,0.81,-1,-1,-1
121,9,775.43,378.10,33.76,124.07,0.82,-1,-1,-1
121,10,707.61,397.34,38.29,95.38,0.47,-1,-1,-1
121,11,351.39,379.31,99.38,283.40,0.68,-1,-1,-1
122,1,629.21,409.21,73.58,133.23,0.86,-1,-1,-1
122,2,543.28,329.15,109.60,396.21,0.89,-1,-1,-1
122,3,792.39,362.61,71.27,258.55,0.91,-1,-1,-1
122,4,449.30,325.48,151.83,428.76,0.91,-1,-1,-1
122,8,747.91,385.86,40.53,111.89,0.81,-1,-1,-1
122,9,774.67,376.76,35.26,125.67,0.77,-1,-1,-1
122,10,707.25,396.18,37.94,96.41,0.56,-1,-1,-1
122,11,348.67,378.84,100.09,291.46,0.70,-1,-1,-1
123,1,628.23,409.05,72.58,133.30,0.86,-1,-1,-1
123,2,540.61,328.67,110.50,398.38,0.90,-1,-1,-1
123,3,791.62,362.17,70.68,259.03,0.91,-1,-1,-1
123,4,444.88,324.54,153.52,433.12,0.93,-1,-1,-1
123,8,748.20,385.41,39.97,111.37,0.80,-1,-1,-1
123,9,773.44,374.89,37.57,130.67,0.78,-1,-1,-1
123,10,705.58,395.24,39.02,96.77,0.59,-1,-1,-1
123,11,344.55,378.43,101.45,286.14,0.66,-1,-1,-1
124,1,627.18,408.62,72.82,133.77,0.85,-1,-1,-1
124,2,539.53,328.14,110.27,401.09,0.88,-1,-1,-1
124,3,790.65,361.62,71.08,259.35,0.92,-1,-1,-1
124,4,442.40,323.40,154.03,434.69,0.92,-1,-1,-1
124,8,749.43,385.15,36.77,110.73,0.81,-1,-1,-1
124,9,770.28,376.46,36.15,136.20,0.63,-1,-1,-1
124,10,705.47,394.81,37.03,97.36,0.48,-1,-1,-1
124,11,341.02,378.69,99.32,284.52,0.70,-1,-1,-1
125,1,625.54,408.42,74.14,134.22,0.85,-1,-1,-1
125,2,537.58,327.94,110.28,403.21,0.89,-1,-1,-1
125,3,789.92,361.34,71.29,260.03,0.92,-1,-1,-1
125,4,440.11,323.31,153.87,436.32,0.91,-1,-1,-1
125,8,748.96,384.98,36.19,108.08,0.81,-1,-1,-1
125,9,765.67,369.41,53.55,148.02,0.83,-1,-1,-1
125,10,703.58,394.29,38.13,98.48,0.50,-1,-1,-1
125,11,336.28,379.44,102.42,281.44,0.67,-1,-1,-1
126,1,619.91,407.51,79.36,134.99,0.79,-1,-1,-1
126,2,536.06,327.17,110.13,405.58,0.89,-1,-1,-1
126,3,786.11,360.73,74.86,260.89,0.91,-1,-1,-1
126,4,434.01,322.40,157.21,439.84,0.91,-1,-1,-1
126,8,748.21,383.95,35.96,106.34,0.83,-1,-1,-1
126,9,760.87,366.83,62.00,154.75,0.87,-1,-1,-1
126,10,701.43,393.89,40.30,100.09,0.60,-1,-1,-1
126,11,332.12,379.70,103.76,287.42,0.68,-1,-1,-1
126,12,636.30,407.70,75.60,104.40,0.71,-1,-1,-1
127,1,622.51,407.60,74.92,135.11,0.84,-1,-1,-1
127,2,534.98,325.84,110.10,407.14,0.89,-1,-1,-1
127,3,784.73,358.68,75.63,263.57,0.92,-1,-1,-1
127,4,431.22,322.38,158.48,441.65,0.92,-1,-1,-1
127,8,746.47,382.93,37.73,106.03,0.81,-1,-1,-1
127,9,754.99,365.65,69.09,156.91,0.89,-1,-1,-1
127,10,699.80,393.12,43.47,100.10,0.67,-1,-1,-1
127,11,325.95,378.91,106.06,297.93,0.68,-1,-1,-1
128,1,622.85,407.22,73.65,135.60,0.87,-1,-1,-1
128,2,533.80,325.38,110.67,408.87,0.90,-1,-1,-1
128,3,784.61,358.26,75.30,264.56,0.92,-1,-1,-1
128,4,429.73,322.43,158.32,444.03,0.92,-1,-1,-1
128,8,742.04,378.95,41.35,114.43,0.73,-1,-1,-1
128,9,750.66,364.70,72.64,158.21,0.88,-1,-1,-1
128,10,687.11,391.21,47.00,106.82,0.61,-1,-1,-1
128,11,323.32,378.95,103.94,293.62,0.66,-1,-1,-1
129,1,622.69,406.92,72.56,135.90,0.88,-1,-1,-1
129,2,529.82,325.21,113.20,409.97,0.90,-1,-1,-1
129,3,782.18,357.82,77.49,265.47,0.92,-1,-1,-1
129,4,428.42,321.25,158.13,445.35,0.91,-1,-1,-1
129,8,738.88,375.46,42.70,118.63,0.72,-1,-1,-1
129,9,747.72,364.10,76.77,159.75,0.88,-1,-1,-1
129,10,679.51,392.41,48.36,105.93,0.35,-1,-1,-1
129,11,318.05,378.92,106.01,299.53,0.63,-1,-1,-1
130,1,621.59,405.70,73.36,136.73,0.89,-1,-1,-1
130,2,527.03,324.82,114.74,410.85,0.89,-1,-1,-1
130,3,780.51,357.01,78.88,266.33,0.92,-1,-1,-1
130,4,425.48,320.34,159.82,449.41,0.91,-1,-1,-1
130,8,738.09,374.95,40.88,118.17,0.71,-1,-1,-1
130,9,746.69,364.29,72.83,159.47,0.89,-1,-1,-1
130,10,691.17,392.43,44.81,99.39,0.63,-1,-1,-1
130,11,314.43,378.87,107.35,295.70,0.63,-1,-1,-1
131,1,620.54,405.29,72.45,137.06,0.90,-1,-1,-1
131,2,526.85,324.42,112.91,411.77,0.89,-1,-1,-1
131,3,778.99,356.46,79.98,267.27,0.92,-1,-1,-1
131,4,421.24,319.72,162.65,452.43,0.91,-1,-1,-1
131,8,734.80,369.48,41.93,122.44,0.71,-1,-1,-1
131,9,745.76,364.31,69.80,159.72,0.88,-1,-1,-1
131,10,679.12,391.86,48.14,106.94,0.73,-1,-1,-1
131,11,310.85,379.17,107.23,294.77,0.63,-1,-1,-1
132,1,618.98,405.26,72.70,136.99,0.88,-1,-1,-1
132,2,523.89,323.97,114.56,411.38,0.89,-1,-1,-1
132,3,779.90,355.36,78.58,268.73,0.92,-1,-1,-1
132,4,418.43,319.20,162.61,453.67,0.91,-1,-1,-1
132,8,731.82,367.29,41.70,124.14,0.55,-1,-1,-1
132,9,744.28,363.90,67.35,159.83,0.90,-1,-1,-1
132,10,675.40,390.62,49.89,108.83,0.66,-1,-1,-1
132,11,307.32,379.26,107.42,305.08,0.69,-1,-1,-1
133,1,616.30,404.47,74.57,136.90,0.89,-1,-1,-1
133,2,519.87,323.34,115.70,411.61,0.89,-1,-1,-1
133,3,782.32,354.19,74.97,269.74,0.92,-1,-1,-1
133,4,414.84,318.56,163.67,455.35,0.90,-1,-1,-1
133,8,728.59,366.45,43.37,121.32,0.39,-1,-1,-1
133,9,743.12,361.97,67.48,161.06,0.91,-1,-1,-1
133,10,676.01,391.13,45.88,106.53,0.36,-1,-1,-1
133,11,301.91,378.79,109.80,308.76,0.65,-1,-1,-1
134,1,614.17,403.70,75.89,137.53,0.90,-1,-1,-1
134,2,518.41,322.45,115.53,412.89,0.89,-1,-1,-1
134,3,781.28,352.98,75.41,271.42,0.92,-1,-1,-1
134,4,411.30,317.20,164.81,458.50,0.90,-1,-1,-1
134,8,728.10,363.48,42.82,126.06,0.40,-1,-1,-1
134,9,741.95,360.48,62.21,162.42,0.90,-1,-1,-1
134,10,675.35,389.97,44.20,108.64,0.46,-1,-1,-1
134,11,298.98,378.40,110.69,312.61,0.72,-1,-1,-1
135,1,612.89,402.99,76.36,137.70,0.91,-1,-1,-1
135,2,517.45,321.88,116.03,413.34,0.90,-1,-1,-1
135,3,779.44,351.51,76.76,272.53,0.91,-1,-1,-1
135,4,409.16,316.02,165.63,458.85,0.91,-1,-1,-1
135,8,728.35,363.31,38.40,121.14,0.25,-1,-1,-1
135,9,739.83,358.64,58.78,163.69,0.92,-1,-1,-1
135,10,675.24,387.78,44.79,112.19,0.62,-1,-1,-1
135,11,295.08,377.25,110.98,312.09,0.72,-1,-1,-1
136,1,612.20,402.06,76.53,137.78,0.90,-1,-1,-1
136,2,515.40,320.10,116.79,414.71,0.90,-1,-1,-1
136,3,776.45,350.01,79.04,273.54,0.92,-1,-1,-1
136,4,406.24,314.61,167.23,463.42,0.91,-1,-1,-1
136,8,727.39,364.34,36.04,115.67,0.14,-1,-1,-1
136,9,736.43,357.46,59.33,164.28,0.92,-1,-1,-1
136,10,672.61,386.58,49.18,113.52,0.50,-1,-1,-1
136,11,291.67,374.94,111.94,310.64,0.69,-1,-1,-1
137,1,610.78,401.13,76.59,138.41,0.90,-1,-1,-1
137,2,512.90,317.94,117.64,417.62,0.91,-1,-1,-1
137,3,775.07,349.18,79.88,272.73,0.92,-1,-1,-1
137,4,402.99,313.48,169.43,466.90,0.90,-1,-1,-1
137,8,725.88,363.27,37.09,120.65,0.12,-1,-1,-1
137,9,731.06,356.46,61.92,164.45,0.91,-1,-1,-1
137,10,669.92,385.40,47.33,111.20,0.25,-1,-1,-1
137,11,287.80,373.30,115.54,316.15,0.74,-1,-1,-1
138,1,609.72,399.59,76.59,139.23,0.90,-1,-1,-1
138,2,511.45,316.10,117.93,420.89,0.90,-1,-1,-1
138,3,773.40,347.26,80.77,274.31,0.93,-1,-1,-1
138,4,399.52,311.89,171.40,468.10,0.90,-1,-1,-1
138,8,724.78,361.85,38.66,127.90,0.26,-1,-1,-1
138,9,727.06,354.79,64.05,164.88,0.92,-1,-1,-1
138,10,667.49,384.69,47.71,111.74,0.17,-1,-1,-1
138,11,282.96,371.95,117.45,327.48,0.72,-1,-1,-1
139,1,609.65,398.18,76.60,138.95,0.90,-1,-1,-1
139,2,508.86,314.58,119.26,421.83,0.92,-1,-1,-1
139,3,776.38,344.79,77.55,276.70,0.92,-1,-1,-1
139,4,399.44,310.17,168.00,467.31,0.93,-1,-1,-1
139,8,724.72,358.58,41.65,133.43,0.10,-1,-1,-1
139,9,724.13,353.33,66.63,166.20,0.93,-1,-1,-1
139,10,661.29,387.15,51.43,112.22,0.12,-1,-1,-1
139,11,284.57,370.61,107.85,313.53,0.73,-1,-1,-1
140,1,608.86,396.92,76.58,139.56,0.90,-1,-1,-1
140,2,505.68,313.00,121.48,423.71,0.92,-1,-1,-1
140,3,776.15,343.17,77.46,277.98,0.92,-1,-1,-1
140,4,398.03,308.36,167.33,468.65,0.93,-1,-1,-1
140,8,718.68,364.21,41.60,126.64,0.18,-1,-1,-1
140,9,721.13,352.09,68.75,168.25,0.93,-1,-1,-1
140,11,282.87,369.23,107.31,316.83,0.73,-1,-1,-1
141,1,608.24,396.39,75.94,139.22,0.92,-1,-1,-1
141,2,502.99,310.83,123.41,426.24,0.91,-1,-1,-1
141,3,777.56,342.53,75.57,278.49,0.93,-1,-1,-1
141,4,396.16,306.97,167.43,470.09,0.93,-1,-1,-1
141,9,718.26,351.31,71.26,170.51,0.93,-1,-1,-1
141,11,281.03,367.97,106.77,312.11,0.73,-1,-1,-1
141,13,760.95,356.62,40.50,132.52,0.71,-1,-1,-1
142,1,607.73,395.46,75.09,139.68,0.92,-1,-1,-1
142,2,501.15,308.39,124.10,428.93,0.90,-1,-1,-1
142,3,777.49,341.89,75.46,279.23,0.93,-1,-1,-1
142,4,392.25,304.84,169.83,472.32,0.92,-1,-1,-1
142,9,716.35,350.15,72.77,172.94,0.93,-1,-1,-1
142,11,278.79,366.16,104.74,318.66,0.74,-1,-1,-1
142,13,760.81,354.52,41.25,134.00,0.69,-1,-1,-1
143,1,607.04,394.31,74.82,140.27,0.91,-1,-1,-1
143,2,499.96,306.71,124.49,430.63,0.91,-1,-1,-1
143,3,777.55,340.94,75.52,279.47,0.93,-1,-1,-1
143,4,389.10,302.86,172.07,474.28,0.93,-1,-1,-1
143,9,714.01,349.19,73.37,174.25,0.91,-1,-1,-1
143,11,273.42,365.25,104.71,324.61,0.73,-1,-1,-1
143,13,758.38,352.27,42.81,136.06,0.74,-1,-1,-1
144,1,606.54,393.70,74.14,140.51,0.90,-1,-1,-1
144,2,499.29,305.32,125.24,433.35,0.90,-1,-1,-1
144,3,777.33,339.81,75.57,280.16,0.93,-1,-1,-1
144,4,385.90,301.50,174.14,477.55,0.93,-1,-1,-1
144,9,710.61,349.39,74.75,174.26,0.92,-1,-1,-1
144,11,269.40,364.75,104.44,328.64,0.73,-1,-1,-1
144,13,756.27,353.06,39.89,135.26,0.68,-1,-1,-1
145,1,603.89,393.68,76.30,140.59,0.90,-1,-1,-1
145,2,498.14,304.27,125.48,435.68,0.90,-1,-1,-1
145,3,776.88,339.31,75.58,281.00,0.92,-1,-1,-1
145,4,383.21,300.91,175.47,481.12,0.93,-1,-1,-1
145,9,707.55,349.26,76.41,175.54,0.93,-1,-1,-1
145,11,260.69,363.58,112.20,334.26,0.69,-1,-1,-1
145,13,755.31,351.51,41.63,136.94,0.67,-1,-1,-1
146,1,601.77,393.13,77.10,141.02,0.90,-1,-1,-1
146,2,496.63,302.95,125.55,436.97,0.90,-1,-1,-1
146,3,775.50,338.44,76.81,281.80,0.92,-1,-1,-1
146,4,380.27,299.77,175.94,479.87,0.92,-1,-1,-1
146,9,705.86,349.12,77.00,176.52,0.93,-1,-1,-1
146,11,256.47,362.49,109.48,331.49,0.72,-1,-1,-1
146,13,752.45,355.16,38.92,132.54,0.54,-1,-1,-1
147,1,600.41,392.61,77.99,141.33,0.90,-1,-1,-1
147,2,495.22,301.69,125.52,437.42,0.91,-1,-1,-1
147,3,775.01,338.27,77.24,282.69,0.91,-1,-1,-1
147,4,376.27,298.57,177.84,482.34,0.92,-1,-1,-1
147,9,704.15,348.33,77.17,178.05,0.92,-1,-1,-1
147,11,252.33,361.89,114.94,336.31,0.72,-1,-1,-1
147,13,749.93,356.91,39.26,130.64,0.46,-1,-1,-1
148,1,599.66,392.42,77.71,141.43,0.91,-1,-1,-1
148,2,493.90,300.66,125.48,438.07,0.90,-1,-1,-1
148,3,775.15,337.62,76.81,283.57,0.92,-1,-1,-1
148,4,372.53,297.11,179.10,487.48,0.93,-1,-1,-1
148,9,702.73,347.89,77.18,179.00,0.92,-1,-1,-1
148,11,248.86,361.69,115.46,342.18,0.68,-1,-1,-1
148,13,747.27,359.38,40.66,127.77,0.47,-1,-1,-1
148,8,680.66,376.60,51.83,112.45,0.70,-1,-1,-1
149,1,598.19,392.22,78.23,142.08,0.91,-1,-1,-1
149,2,493.38,299.86,125.53,440.16,0.90,-1,-1,-1
149,3,774.62,336.02,77.29,286.33,0.92,-1,-1,-1
149,4,368.71,296.75,181.44,491.85,0.92,-1,-1,-1
149,9,701.37,347.88,77.18,179.64,0.93,-1,-1,-1
149,11,244.88,361.53,118.07,340.85,0.72,-1,-1,-1
149,13,745.16,360.48,41.80,126.36,0.60,-1,-1,-1
149,8,678.54,377.77,44.28,103.26,0.55,-1,-1,-1
