0,1,535.50,257.17,219.60,551.92,0.94,-1,-1,-1
0,2,771.30,351.22,43.20,104.40,0.88,-1,-1,-1
0,3,814.05,344.70,41.40,114.30,0.87,-1,-1,-1
0,4,856.35,353.25,28.80,80.10,0.80,-1,-1,-1
1,1,530.51,260.34,221.27,557.28,0.94,-1,-1,-1
1,2,770.33,354.82,43.22,104.06,0.89,-1,-1,-1
1,3,812.71,348.30,41.42,113.97,0.87,-1,-1,-1
1,4,855.03,356.26,28.03,79.75,0.81,-1,-1,-1
1,5,836.55,359.55,27.00,77.85,0.74,-1,-1,-1
2,1,524.89,262.08,224.53,556.52,0.94,-1,-1,-1
2,2,769.03,356.83,42.55,104.57,0.89,-1,-1,-1
2,3,811.72,350.12,41.46,114.84,0.87,-1,-1,-1
2,4,853.36,358.51,29.34,80.43,0.83,-1,-1,-1
2,5,835.61,362.26,26.32,76.85,0.70,-1,-1,-1
3,1,523.17,265.01,223.88,551.55,0.94,-1,-1,-1
3,2,767.69,357.72,43.68,105.34,0.89,-1,-1,-1
3,3,810.10,351.13,46.24,115.53,0.87,-1,-1,-1
3,4,851.83,359.67,29.04,80.57,0.81,-1,-1,-1
3,5,833.94,364.06,26.16,75.92,0.64,-1,-1,-1
4,1,521.08,266.94,224.29,546.73,0.94,-1,-1,-1
4,2,765.97,358.18,43.40,105.43,0.89,-1,-1,-1
4,3,808.31,351.30,49.04,116.26,0.88,-1,-1,-1
4,4,850.41,360.71,29.58,80.63,0.83,-1,-1,-1
4,5,831.76,364.61,26.82,76.32,0.60,-1,-1,-1
5,1,518.19,267.41,225.01,549.97,0.94,-1,-1,-1
5,2,763.45,356.10,42.63,106.42,0.88,-1,-1,-1
5,3,806.40,349.45,49.99,116.82,0.88,-1,-1,-1
5,4,847.69,358.99,30.39,80.96,0.81,-1,-1,-1
5,5,829.09,362.85,27.02,74.77,0.30,-1,-1,-1
6,1,516.94,265.29,224.61,554.12,0.94,-1,-1,-1
6,2,761.62,352.65,41.73,106.74,0.88,-1,-1,-1
6,3,804.46,345.30,45.99,117.76,0.87,-1,-1,-1
6,4,845.46,354.70,30.66,81.70,0.83,-1,-1,-1
6,5,825.62,357.84,27.72,77.57,0.58,-1,-1,-1
7,1,516.67,263.05,223.82,560.35,0.94,-1,-1,-1
7,2,759.20,349.49,42.68,107.12,0.88,-1,-1,-1
7,3,801.99,341.58,46.80,118.36,0.86,-1,-1,-1
7,4,844.12,351.69,30.13,81.62,0.81,-1,-1,-1
7,5,822.63,354.79,27.96,78.49,0.17,-1,-1,-1
8,1,517.31,261.20,222.80,565.29,0.93,-1,-1,-1
8,2,756.50,347.68,41.78,107.84,0.88,-1,-1,-1
8,3,799.57,339.72,49.48,118.53,0.87,-1,-1,-1
8,4,841.51,349.02,29.90,82.18,0.77,-1,-1,-1
9,1,518.02,258.98,221.79,569.38,0.93,-1,-1,-1
9,2,754.47,346.15,41.44,108.40,0.89,-1,-1,-1
9,3,797.63,337.58,50.45,119.80,0.87,-1,-1,-1
9,4,838.59,347.32,30.42,82.99,0.84,-1,-1,-1
10,1,518.06,256.57,222.12,574.52,0.93,-1,-1,-1
10,2,752.03,345.68,41.96,107.69,0.89,-1,-1,-1
10,3,795.25,336.28,51.39,120.26,0.87,-1,-1,-1
10,4,836.76,346.18,30.01,83.59,0.83,-1,-1,-1
11,1,519.01,254.90,222.69,579.97,0.93,-1,-1,-1
11,2,751.31,345.45,42.13,107.63,0.89,-1,-1,-1
11,3,794.21,335.46,51.67,120.61,0.88,-1,-1,-1
11,4,835.90,345.86,29.83,83.74,0.84,-1,-1,-1
12,1,519.22,253.76,223.00,579.80,0.93,-1,-1,-1
12,2,748.94,345.65,42.81,107.94,0.89,-1,-1,-1
12,3,792.33,335.45,51.75,120.77,0.86,-1,-1,-1
12,4,833.82,345.88,30.97,83.82,0.84,-1,-1,-1
13,1,519.07,251.59,223.73,582.12,0.93,-1,-1,-1
13,2,746.11,346.11,45.47,108.37,0.90,-1,-1,-1
13,3,789.69,335.84,51.75,121.13,0.88,-1,-1,-1
13,4,830.51,346.28,32.58,84.15,0.81,-1,-1,-1
14,1,518.31,249.00,224.61,588.34,0.94,-1,-1,-1
14,2,742.62,346.47,45.28,108.53,0.91,-1,-1,-1
14,3,786.87,336.19,52.31,121.56,0.89,-1,-1,-1
14,4,828.02,347.08,32.01,83.37,0.82,-1,-1,-1
15,1,517.76,247.34,225.58,592.48,0.93,-1,-1,-1
15,2,739.55,347.03,44.61,109.14,0.89,-1,-1,-1
15,3,784.04,337.35,51.92,121.36,0.86,-1,-1,-1
15,4,825.33,349.14,31.78,82.44,0.74,-1,-1,-1
16,1,512.99,245.51,228.64,594.07,0.93,-1,-1,-1
16,2,734.23,348.25,43.81,110.12,0.88,-1,-1,-1
16,3,778.27,338.04,48.84,122.64,0.85,-1,-1,-1
16,4,820.86,351.23,31.72,82.20,0.76,-1,-1,-1
17,1,507.76,245.77,231.70,600.24,0.93,-1,-1,-1
17,2,728.84,349.41,43.41,110.05,0.89,-1,-1,-1
17,3,772.36,339.64,46.28,122.81,0.85,-1,-1,-1
17,4,815.37,353.64,31.63,80.51,0.78,-1,-1,-1
18,1,503.10,244.81,234.19,603.02,0.93,-1,-1,-1
18,2,723.68,349.98,43.89,110.65,0.89,-1,-1,-1
18,3,767.31,340.37,45.38,123.81,0.86,-1,-1,-1
18,4,810.52,351.33,32.20,84.14,0.80,-1,-1,-1
19,1,497.36,244.02,239.71,612.33,0.93,-1,-1,-1
19,2,719.45,350.09,43.44,111.24,0.86,-1,-1,-1
19,3,762.80,340.55,45.04,124.68,0.87,-1,-1,-1
19,4,806.63,353.34,31.21,80.98,0.71,-1,-1,-1
20,1,489.78,244.68,244.06,611.64,0.93,-1,-1,-1
20,2,713.02,350.16,45.06,111.87,0.89,-1,-1,-1
20,3,756.86,340.50,46.12,125.56,0.87,-1,-1,-1
20,4,801.82,352.19,30.81,83.35,0.77,-1,-1,-1
21,1,485.38,243.38,246.22,613.79,0.93,-1,-1,-1
21,2,709.36,349.60,45.65,113.12,0.89,-1,-1,-1
21,3,753.06,340.65,48.31,125.55,0.86,-1,-1,-1
21,4,797.53,349.71,31.86,85.67,0.80,-1,-1,-1
22,1,478.59,242.14,249.97,617.37,0.93,-1,-1,-1
22,2,704.81,348.60,45.88,113.52,0.89,-1,-1,-1
22,3,747.62,339.47,49.73,126.52,0.86,-1,-1,-1
22,4,792.81,348.44,31.65,86.92,0.84,-1,-1,-1
23,1,472.81,241.37,253.78,620.48,0.93,-1,-1,-1
23,2,700.76,347.36,45.97,114.66,0.90,-1,-1,-1
23,3,743.50,338.61,50.88,126.83,0.85,-1,-1,-1
23,4,788.06,347.23,32.78,87.94,0.84,-1,-1,-1
24,1,467.32,238.85,256.90,620.15,0.93,-1,-1,-1
24,2,697.39,345.95,45.99,114.91,0.90,-1,-1,-1
24,3,739.51,337.05,48.95,127.51,0.85,-1,-1,-1
24,4,785.59,346.43,32.01,87.71,0.81,-1,-1,-1
25,1,462.04,237.68,259.82,625.78,0.93,-1,-1,-1
25,2,694.73,344.91,46.00,115.89,0.90,-1,-1,-1
25,3,736.03,335.94,53.58,128.20,0.87,-1,-1,-1
25,4,781.80,345.18,32.31,87.32,0.80,-1,-1,-1
26,1,455.74,233.60,262.63,643.47,0.92,-1,-1,-1
26,2,692.44,344.01,45.40,116.59,0.91,-1,-1,-1
26,3,733.17,334.58,54.10,129.10,0.86,-1,-1,-1
26,4,780.01,344.82,31.22,86.00,0.81,-1,-1,-1
27,1,448.57,230.06,265.92,646.28,0.93,-1,-1,-1
27,2,689.31,343.63,46.35,116.76,0.91,-1,-1,-1
27,3,729.81,334.02,57.19,129.48,0.89,-1,-1,-1
27,4,777.61,344.79,32.01,84.23,0.81,-1,-1,-1
28,1,440.72,227.73,269.58,648.74,0.93,-1,-1,-1
28,2,686.20,343.27,47.32,117.36,0.91,-1,-1,-1
28,3,727.19,334.03,53.20,129.11,0.87,-1,-1,-1
28,4,775.06,345.44,32.90,85.34,0.82,-1,-1,-1
29,1,431.78,221.74,272.47,659.86,0.93,-1,-1,-1
29,2,683.19,342.85,47.06,117.91,0.92,-1,-1,-1
29,3,724.40,333.47,57.48,129.90,0.90,-1,-1,-1
29,4,771.98,345.87,33.80,86.38,0.83,-1,-1,-1
30,1,422.35,220.86,275.76,658.99,0.93,-1,-1,-1
30,2,680.53,342.52,46.96,118.09,0.92,-1,-1,-1
30,3,721.82,332.64,59.01,131.36,0.90,-1,-1,-1
30,4,769.28,344.36,34.74,88.54,0.84,-1,-1,-1
31,1,416.51,220.64,277.00,664.92,0.92,-1,-1,-1
31,2,679.06,342.41,47.50,118.40,0.91,-1,-1,-1
31,3,720.08,332.48,59.57,132.15,0.90,-1,-1,-1
31,4,767.76,344.53,34.49,88.73,0.83,-1,-1,-1
32,1,405.69,221.60,280.97,668.08,0.92,-1,-1,-1
32,2,675.57,343.33,47.11,118.73,0.91,-1,-1,-1
32,3,716.81,333.40,60.94,132.08,0.90,-1,-1,-1
32,4,765.79,346.61,33.21,86.19,0.73,-1,-1,-1
33,1,393.79,222.72,283.44,673.26,0.92,-1,-1,-1
33,2,672.08,344.34,47.55,118.96,0.91,-1,-1,-1
33,3,714.29,333.95,57.36,132.59,0.88,-1,-1,-1
33,4,762.86,347.16,33.91,87.27,0.84,-1,-1,-1
34,1,381.41,224.28,286.29,675.46,0.92,-1,-1,-1
34,2,668.31,345.52,47.73,119.34,0.91,-1,-1,-1
34,3,710.90,334.96,58.30,133.67,0.89,-1,-1,-1
34,4,759.30,349.64,33.58,86.79,0.83,-1,-1,-1
34,6,603.90,348.30,65.70,153.90,0.76,-1,-1,-1
35,1,368.31,222.41,288.98,690.54,0.92,-1,-1,-1
35,2,664.61,346.50,48.37,120.10,0.91,-1,-1,-1
35,3,707.65,336.04,59.81,134.25,0.88,-1,-1,-1
35,4,754.79,350.68,34.03,87.22,0.82,-1,-1,-1
35,6,604.53,350.87,62.13,152.79,0.87,-1,-1,-1
36,1,359.67,219.87,288.56,700.97,0.92,-1,-1,-1
36,2,661.58,347.13,47.99,120.74,0.91,-1,-1,-1
36,3,705.35,337.01,55.04,134.51,0.88,-1,-1,-1
36,4,751.99,351.32,34.77,87.02,0.86,-1,-1,-1
36,6,599.84,351.15,64.94,154.10,0.88,-1,-1,-1
37,1,348.85,219.94,288.99,705.50,0.92,-1,-1,-1
37,2,657.50,347.17,49.04,121.70,0.91,-1,-1,-1
37,3,702.46,337.62,54.35,134.88,0.87,-1,-1,-1
37,4,747.40,350.44,35.65,88.43,0.83,-1,-1,-1
37,6,596.62,351.31,64.48,155.01,0.88,-1,-1,-1
38,1,334.90,216.63,292.58,717.37,0.91,-1,-1,-1
38,2,653.03,347.35,50.01,122.05,0.92,-1,-1,-1
38,3,698.71,337.87,54.09,135.45,0.89,-1,-1,-1
38,4,743.32,350.28,36.56,88.67,0.85,-1,-1,-1
38,6,592.16,352.25,65.56,155.25,0.89,-1,-1,-1
39,1,326.16,211.46,290.84,727.66,0.90,-1,-1,-1
39,2,648.89,345.87,50.95,123.07,0.91,-1,-1,-1
39,3,695.44,336.72,52.78,136.25,0.87,-1,-1,-1
39,4,739.33,348.08,33.96,90.54,0.80,-1,-1,-1
39,6,586.75,351.13,66.52,156.11,0.89,-1,-1,-1
40,1,317.91,205.18,289.73,741.10,0.91,-1,-1,-1
40,2,645.22,344.41,51.34,124.03,0.92,-1,-1,-1
40,3,692.99,335.08,54.16,137.72,0.88,-1,-1,-1
40,4,735.43,345.60,35.97,92.42,0.79,-1,-1,-1
40,6,581.71,349.50,68.75,157.64,0.89,-1,-1,-1
41,1,313.09,204.73,289.69,741.03,0.90,-1,-1,-1
41,2,643.48,343.71,52.63,124.43,0.92,-1,-1,-1
41,3,691.65,334.16,54.04,138.75,0.89,-1,-1,-1
41,4,733.24,344.34,35.50,93.93,0.80,-1,-1,-1
41,6,581.07,348.87,68.26,158.36,0.90,-1,-1,-1
42,1,306.65,203.91,288.48,742.95,0.91,-1,-1,-1
42,2,639.97,343.00,53.70,125.38,0.92,-1,-1,-1
42,3,689.19,333.51,55.21,139.20,0.87,-1,-1,-1
42,4,730.19,344.32,34.71,93.67,0.80,-1,-1,-1
42,6,576.73,348.79,69.25,158.21,0.90,-1,-1,-1
43,1,300.55,200.01,287.32,753.04,0.91,-1,-1,-1
43,2,637.14,342.49,53.50,125.72,0.93,-1,-1,-1
43,3,687.04,332.14,56.23,140.24,0.88,-1,-1,-1
43,4,727.55,342.76,36.79,95.90,0.84,-1,-1,-1
43,6,574.52,348.66,68.97,157.97,0.91,-1,-1,-1
44,1,294.44,195.54,286.48,760.21,0.91,-1,-1,-1
44,2,635.18,341.38,54.01,126.69,0.92,-1,-1,-1
44,3,685.01,331.29,58.99,140.87,0.88,-1,-1,-1
44,4,726.80,345.21,34.65,92.90,0.73,-1,-1,-1
44,6,571.02,348.14,70.05,158.58,0.92,-1,-1,-1
45,1,288.47,193.71,288.35,760.07,0.90,-1,-1,-1
45,2,633.13,340.78,54.77,127.34,0.91,-1,-1,-1
45,3,683.80,331.10,58.86,140.50,0.87,-1,-1,-1
45,4,723.72,343.17,35.58,95.58,0.77,-1,-1,-1
45,6,568.40,347.31,70.42,159.54,0.92,-1,-1,-1
46,1,281.09,188.84,290.58,768.92,0.89,-1,-1,-1
46,2,630.90,341.42,53.29,128.72,0.91,-1,-1,-1
46,3,683.05,330.69,56.43,142.39,0.88,-1,-1,-1
46,4,722.00,347.52,34.15,92.12,0.62,-1,-1,-1
46,6,567.78,347.26,69.35,161.05,0.91,-1,-1,-1
47,1,273.64,190.26,292.67,779.40,0.90,-1,-1,-1
47,2,627.51,344.03,52.06,129.21,0.91,-1,-1,-1
47,3,681.10,333.07,54.23,142.33,0.90,-1,-1,-1
47,4,717.57,348.00,35.98,94.95,0.74,-1,-1,-1
47,6,565.33,349.59,68.26,161.88,0.90,-1,-1,-1
48,1,264.70,189.70,297.52,797.53,0.89,-1,-1,-1
48,2,625.35,347.17,51.57,130.01,0.92,-1,-1,-1
48,3,679.76,335.69,54.01,144.25,0.89,-1,-1,-1
48,4,715.94,351.84,34.28,94.53,0.32,-1,-1,-1
48,6,563.21,352.78,68.42,162.66,0.90,-1,-1,-1
49,1,253.99,194.81,302.54,807.44,0.87,-1,-1,-1
49,2,622.54,350.70,50.84,131.51,0.91,-1,-1,-1
49,3,677.55,338.71,55.18,146.47,0.88,-1,-1,-1
49,4,712.77,357.70,32.42,91.11,0.19,-1,-1,-1
49,6,560.69,356.33,68.53,163.58,0.91,-1,-1,-1
50,1,245.11,200.03,305.89,826.54,0.89,-1,-1,-1
50,2,619.56,353.89,51.11,131.86,0.92,-1,-1,-1
50,3,674.45,341.15,56.16,147.39,0.87,-1,-1,-1
50,4,708.71,355.17,34.76,98.19,0.45,-1,-1,-1
50,6,556.35,358.63,69.10,164.58,0.91,-1,-1,-1
51,1,239.79,200.94,308.29,836.36,0.90,-1,-1,-1
51,2,618.02,355.24,51.22,131.79,0.92,-1,-1,-1
51,3,674.01,342.65,54.17,147.09,0.88,-1,-1,-1
51,4,707.07,353.85,34.99,100.72,0.53,-1,-1,-1
51,6,554.91,360.09,69.31,164.31,0.92,-1,-1,-1
52,1,229.72,205.37,313.82,839.72,0.89,-1,-1,-1
52,2,616.00,357.78,51.86,132.06,0.92,-1,-1,-1
52,3,672.40,345.27,52.79,146.98,0.90,-1,-1,-1
52,4,705.04,356.81,35.68,100.53,0.58,-1,-1,-1
52,6,553.22,361.63,68.79,165.56,0.92,-1,-1,-1
53,1,219.23,200.89,321.24,866.07,0.88,-1,-1,-1
53,2,614.06,358.84,51.52,133.20,0.92,-1,-1,-1
53,3,670.60,346.66,54.12,147.95,0.89,-1,-1,-1
53,4,702.52,363.97,34.77,94.24,0.41,-1,-1,-1
53,6,550.51,363.22,68.60,165.87,0.92,-1,-1,-1
54,1,208.97,198.95,326.65,889.08,0.88,-1,-1,-1
54,2,611.92,359.11,51.97,134.02,0.92,-1,-1,-1
54,3,668.17,347.21,56.38,148.86,0.88,-1,-1,-1
54,4,701.04,363.30,33.79,95.67,0.47,-1,-1,-1
54,6,546.89,363.39,70.29,166.97,0.91,-1,-1,-1
55,1,196.49,194.66,334.94,906.91,0.88,-1,-1,-1
55,2,610.12,358.68,52.15,134.92,0.92,-1,-1,-1
55,3,666.25,347.03,56.06,150.23,0.89,-1,-1,-1
55,4,699.81,360.14,34.64,98.56,0.57,-1,-1,-1
55,6,544.53,363.07,70.93,167.82,0.91,-1,-1,-1
56,1,182.89,192.28,344.23,911.02,0.89,-1,-1,-1
56,2,608.02,357.70,52.81,135.22,0.93,-1,-1,-1
56,3,663.79,346.30,60.70,150.86,0.87,-1,-1,-1
56,4,699.10,360.62,33.77,96.10,0.18,-1,-1,-1
56,6,542.54,362.29,70.58,167.96,0.91,-1,-1,-1
57,1,168.18,188.10,354.47,918.18,0.90,-1,-1,-1
57,2,605.49,355.74,54.24,136.19,0.92,-1,-1,-1
57,3,660.84,344.14,66.44,152.23,0.90,-1,-1,-1
57,4,698.29,360.14,33.43,93.01,0.36,-1,-1,-1
57,6,539.77,360.85,71.02,168.11,0.91,-1,-1,-1
58,1,153.34,178.97,366.12,934.20,0.89,-1,-1,-1
58,2,603.53,353.27,55.38,137.44,0.93,-1,-1,-1
58,3,658.70,341.89,68.12,153.35,0.91,-1,-1,-1
58,4,696.98,359.72,32.12,91.56,0.27,-1,-1,-1
58,6,537.12,358.88,71.79,169.07,0.92,-1,-1,-1
59,1,137.28,175.03,377.68,931.12,0.89,-1,-1,-1
59,2,601.71,350.92,56.39,138.48,0.93,-1,-1,-1
59,3,656.51,339.77,69.34,153.88,0.91,-1,-1,-1
59,4,692.95,357.53,34.07,94.03,0.25,-1,-1,-1
59,6,535.35,357.17,71.47,169.84,0.92,-1,-1,-1
60,1,121.20,166.72,387.68,934.90,0.90,-1,-1,-1
60,2,599.79,348.39,56.73,139.96,0.93,-1,-1,-1
60,3,654.12,337.93,70.88,154.57,0.92,-1,-1,-1
60,4,689.02,357.43,35.32,94.01,0.15,-1,-1,-1
60,6,532.90,355.76,71.89,170.62,0.91,-1,-1,-1
61,1,111.15,161.71,394.28,940.61,0.90,-1,-1,-1
61,2,598.91,347.33,56.86,140.63,0.93,-1,-1,-1
61,3,653.04,336.68,72.04,155.68,0.92,-1,-1,-1
61,4,688.53,356.52,35.24,94.89,0.16,-1,-1,-1
61,6,531.54,355.42,72.06,170.73,0.91,-1,-1,-1
62,1,96.37,150.35,403.30,958.18,0.87,-1,-1,-1
62,2,596.77,346.06,57.50,141.21,0.92,-1,-1,-1
62,3,650.56,335.77,71.89,156.58,0.90,-1,-1,-1
62,4,684.52,351.43,38.16,100.02,0.80,-1,-1,-1
62,6,527.72,354.41,73.91,171.71,0.92,-1,-1,-1
63,1,79.23,142.43,412.86,965.85,0.84,-1,-1,-1
63,2,594.24,344.91,58.31,142.41,0.92,-1,-1,-1
63,3,647.88,334.31,65.33,157.75,0.90,-1,-1,-1
63,4,682.44,349.86,38.67,101.33,0.74,-1,-1,-1
63,6,523.99,352.75,75.76,173.36,0.92,-1,-1,-1
64,1,60.41,135.39,421.26,985.87,0.82,-1,-1,-1
64,2,591.40,344.73,58.04,143.44,0.93,-1,-1,-1
64,3,644.67,334.01,64.52,158.77,0.88,-1,-1,-1
64,4,679.22,349.07,38.87,101.82,0.69,-1,-1,-1
64,6,521.28,353.42,74.73,173.23,0.91,-1,-1,-1
65,1,37.06,132.21,435.56,1026.79,0.81,-1,-1,-1
65,2,589.39,344.71,57.91,145.30,0.92,-1,-1,-1
65,3,643.15,333.94,65.41,160.04,0.87,-1,-1,-1
65,4,676.79,349.11,38.92,102.00,0.48,-1,-1,-1
65,6,517.56,353.11,75.48,174.97,0.91,-1,-1,-1
66,1,14.47,127.50,446.09,1082.93,0.84,-1,-1,-1
66,2,586.49,345.37,59.04,146.55,0.93,-1,-1,-1
66,3,640.12,334.73,69.90,160.90,0.88,-1,-1,-1
66,4,673.73,349.65,39.52,103.21,0.58,-1,-1,-1
66,6,514.33,354.85,75.16,174.69,0.91,-1,-1,-1
67,1,-4.68,129.03,451.84,1110.23,0.85,-1,-1,-1
67,2,583.34,345.81,59.43,147.59,0.93,-1,-1,-1
67,3,637.23,334.63,73.88,162.70,0.91,-1,-1,-1
67,6,509.89,355.24,76.19,176.20,0.91,-1,-1,-1
68,1,-22.56,128.75,457.44,1133.14,0.87,-1,-1,-1
68,2,579.98,346.79,61.34,148.29,0.92,-1,-1,-1
68,3,635.15,334.23,74.26,165.46,0.90,-1,-1,-1
68,6,507.23,355.59,75.39,177.10,0.92,-1,-1,-1
69,1,-33.77,132.14,457.83,1120.01,0.87,-1,-1,-1
69,2,577.64,346.96,61.44,148.75,0.93,-1,-1,-1
69,3,633.27,334.17,67.30,166.41,0.90,-1,-1,-1
69,6,503.44,355.36,76.81,178.07,0.92,-1,-1,-1
70,1,-39.22,139.35,449.90,1092.41,0.86,-1,-1,-1
70,2,574.06,344.97,62.66,149.65,0.92,-1,-1,-1
70,3,631.08,332.09,72.42,167.18,0.89,-1,-1,-1
70,6,500.49,352.92,76.18,178.29,0.89,-1,-1,-1
71,1,-51.38,137.13,447.57,1078.23,0.83,-1,-1,-1
71,2,570.69,341.00,63.10,150.31,0.92,-1,-1,-1
71,3,629.09,329.28,73.61,166.61,0.89,-1,-1,-1
71,6,495.58,349.21,77.70,178.85,0.93,-1,-1,-1
72,1,-66.36,139.14,455.95,1080.48,0.85,-1,-1,-1
72,2,569.13,339.23,63.25,151.19,0.92,-1,-1,-1
72,3,628.33,328.10,74.64,167.15,0.91,-1,-1,-1
72,6,493.79,347.40,78.27,179.53,0.93,-1,-1,-1
72,7,624.60,347.17,34.20,108.00,0.71,-1,-1,-1
73,1,-70.07,140.21,445.95,1085.49,0.80,-1,-1,-1
73,2,565.96,336.35,62.14,152.27,0.93,-1,-1,-1
73,3,626.06,325.29,74.45,167.96,0.89,-1,-1,-1
73,6,490.24,343.92,78.50,180.86,0.93,-1,-1,-1
73,7,620.01,344.10,34.94,108.06,0.73,-1,-1,-1
73,8,718.20,371.47,33.30,40.95,0.72,-1,-1,-1
74,1,-93.29,125.98,459.64,1142.66,0.80,-1,-1,-1
74,2,562.19,334.08,63.42,153.63,0.93,-1,-1,-1
74,3,623.19,323.06,72.51,168.91,0.89,-1,-1,-1
74,6,486.08,341.40,79.10,182.31,0.92,-1,-1,-1
74,7,615.17,339.81,36.45,111.18,0.81,-1,-1,-1
75,1,-103.98,115.78,454.80,1171.11,0.81,-1,-1,-1
75,2,559.00,332.22,64.51,154.48,0.93,-1,-1,-1
75,3,620.93,321.35,73.56,170.05,0.89,-1,-1,-1
75,6,482.72,339.90,79.36,182.76,0.93,-1,-1,-1
75,7,611.93,336.05,36.98,113.28,0.85,-1,-1,-1
76,1,-108.86,104.17,445.89,1174.66,0.81,-1,-1,-1
76,2,556.24,329.97,64.91,155.46,0.93,-1,-1,-1
76,3,619.08,319.45,75.11,171.74,0.89,-1,-1,-1
76,6,479.94,337.79,79.43,183.88,0.93,-1,-1,-1
76,7,609.52,333.17,37.10,114.83,0.85,-1,-1,-1
77,1,-124.87,101.67,448.25,1177.66,0.80,-1,-1,-1
77,2,553.63,328.40,65.04,156.49,0.93,-1,-1,-1
77,3,617.37,318.01,76.85,172.43,0.89,-1,-1,-1
77,6,477.66,335.83,79.43,185.40,0.92,-1,-1,-1
77,7,607.02,331.77,37.11,115.87,0.84,-1,-1,-1
78,1,-148.91,87.03,460.17,1209.82,0.80,-1,-1,-1
78,2,550.41,327.49,65.65,158.10,0.93,-1,-1,-1
78,3,615.67,316.56,76.33,173.93,0.90,-1,-1,-1
78,6,474.25,335.06,80.01,186.64,0.93,-1,-1,-1
78,7,603.87,331.61,37.08,116.53,0.84,-1,-1,-1
79,1,-171.73,67.55,467.34,1263.03,0.78,-1,-1,-1
79,2,546.27,326.73,65.86,158.82,0.94,-1,-1,-1
79,3,612.38,315.45,78.44,175.33,0.89,-1,-1,-1
79,6,469.76,335.53,80.20,186.90,0.92,-1,-1,-1
79,7,600.69,332.56,36.42,116.37,0.84,-1,-1,-1
80,1,-204.63,57.92,483.55,1307.70,0.78,-1,-1,-1
80,2,542.28,326.27,66.52,159.97,0.94,-1,-1,-1
80,3,609.59,315.00,79.23,176.61,0.89,-1,-1,-1
80,6,465.64,335.54,80.87,188.19,0.92,-1,-1,-1
80,7,597.38,333.06,36.79,118.41,0.84,-1,-1,-1
81,1,-234.31,38.68,498.39,1357.21,0.74,-1,-1,-1
81,2,539.53,326.32,65.05,162.20,0.90,-1,-1,-1
81,3,609.93,314.74,72.53,178.88,0.83,-1,-1,-1
81,6,461.94,340.38,81.18,185.60,0.88,-1,-1,-1
81,7,592.51,337.84,35.75,115.54,0.72,-1,-1,-1
82,1,-255.56,25.86,509.87,1377.80,0.74,-1,-1,-1
82,2,535.60,326.89,65.52,162.36,0.93,-1,-1,-1
82,3,606.44,314.49,75.79,179.48,0.86,-1,-1,-1
82,6,458.51,339.60,82.16,187.62,0.91,-1,-1,-1
82,7,590.11,339.17,35.26,115.14,0.83,-1,-1,-1
83,1,-258.69,32.85,494.98,1345.97,0.74,-1,-1,-1
83,2,529.17,327.74,66.92,163.57,0.93,-1,-1,-1
83,3,601.73,315.03,74.03,180.87,0.88,-1,-1,-1
83,6,452.35,340.08,82.73,189.42,0.92,-1,-1,-1
83,7,585.80,340.89,34.51,115.38,0.79,-1,-1,-1
84,1,-282.80,35.99,504.44,1349.71,0.73,-1,-1,-1
84,2,524.56,328.21,66.88,165.25,0.94,-1,-1,-1
84,3,597.76,315.37,78.15,182.33,0.91,-1,-1,-1
84,6,447.82,339.80,82.97,191.94,0.92,-1,-1,-1
84,7,580.79,342.87,34.24,114.90,0.83,-1,-1,-1
85,1,-269.90,59.08,471.08,1306.32,0.72,-1,-1,-1
85,2,520.89,328.69,68.03,166.77,0.94,-1,-1,-1
85,3,594.85,315.51,80.24,184.04,0.90,-1,-1,-1
85,6,444.24,339.85,83.62,193.92,0.92,-1,-1,-1
85,7,578.43,343.58,34.16,114.92,0.83,-1,-1,-1
86,1,-257.24,66.46,442.00,1298.48,0.69,-1,-1,-1
86,2,517.02,328.02,69.04,167.92,0.94,-1,-1,-1
86,3,591.54,314.27,81.03,186.30,0.90,-1,-1,-1
86,6,438.77,339.00,85.49,194.96,0.92,-1,-1,-1
86,7,572.01,342.38,35.95,115.23,0.75,-1,-1,-1
87,1,-222.44,64.38,391.71,1249.93,0.54,-1,-1,-1
87,2,512.50,325.66,69.42,169.54,0.94,-1,-1,-1
87,3,588.38,311.84,81.32,188.49,0.91,-1,-1,-1
87,6,435.25,334.94,83.98,197.28,0.92,-1,-1,-1
87,7,570.41,339.19,34.84,116.26,0.85,-1,-1,-1
88,1,-200.52,90.16,352.87,1174.82,0.31,-1,-1,-1
88,2,508.63,324.25,71.32,169.61,0.94,-1,-1,-1
88,3,585.57,309.97,82.58,190.09,0.92,-1,-1,-1
88,6,430.32,334.52,85.75,196.28,0.92,-1,-1,-1
88,7,567.67,335.96,35.61,118.08,0.83,-1,-1,-1
89,1,-174.78,152.28,311.98,1038.77,0.31,-1,-1,-1
89,2,504.71,322.80,72.62,171.09,0.94,-1,-1,-1
89,3,582.91,308.20,84.21,191.41,0.93,-1,-1,-1
89,6,425.11,332.11,87.59,197.80,0.92,-1,-1,-1
89,7,565.04,331.28,35.90,121.45,0.86,-1,-1,-1
90,1,-173.09,159.06,296.87,976.05,0.26,-1,-1,-1
90,2,501.65,321.92,73.66,171.77,0.95,-1,-1,-1
90,3,579.43,306.63,85.97,191.73,0.92,-1,-1,-1
90,6,421.13,330.12,88.40,198.95,0.93,-1,-1,-1
90,7,562.77,327.41,36.59,124.48,0.86,-1,-1,-1
91,1,-170.93,169.10,284.97,936.50,0.30,-1,-1,-1
91,2,499.00,320.70,75.23,173.30,0.95,-1,-1,-1
91,3,576.57,305.29,87.22,192.94,0.92,-1,-1,-1
91,6,418.15,329.22,88.99,199.90,0.92,-1,-1,-1
91,7,559.79,324.75,38.04,125.89,0.87,-1,-1,-1
92,1,-159.83,183.81,270.02,890.93,0.26,-1,-1,-1
92,2,497.99,320.06,75.76,174.48,0.95,-1,-1,-1
92,3,575.40,304.93,88.20,193.69,0.93,-1,-1,-1
92,6,417.22,327.98,88.70,201.60,0.92,-1,-1,-1
92,7,558.02,323.29,39.15,126.90,0.87,-1,-1,-1
93,1,-162.01,177.90,261.06,872.29,0.15,-1,-1,-1
93,2,496.30,319.17,75.98,175.86,0.94,-1,-1,-1
93,3,572.19,304.28,89.77,195.07,0.93,-1,-1,-1
93,6,414.35,326.86,88.92,202.60,0.93,-1,-1,-1
93,7,554.87,321.51,40.77,128.50,0.89,-1,-1,-1
94,1,-151.35,173.09,238.99,795.71,0.10,-1,-1,-1
94,2,493.94,318.13,77.21,177.12,0.94,-1,-1,-1
94,3,569.53,303.34,90.92,196.61,0.93,-1,-1,-1
94,6,410.06,325.28,90.74,204.46,0.93,-1,-1,-1
94,7,551.66,320.60,41.37,129.38,0.89,-1,-1,-1
95,1,-149.78,187.83,228.84,779.38,0.13,-1,-1,-1
95,2,491.66,317.44,77.66,178.30,0.95,-1,-1,-1
95,3,567.12,302.11,91.93,198.50,0.94,-1,-1,-1
95,6,407.06,324.26,90.84,205.73,0.93,-1,-1,-1
95,7,548.76,319.84,42.18,130.86,0.89,-1,-1,-1
96,1,-138.71,196.45,211.96,701.38,0.12,-1,-1,-1
96,2,489.60,317.07,78.36,179.55,0.95,-1,-1,-1
96,3,563.80,300.95,92.82,200.58,0.94,-1,-1,-1
96,6,403.74,324.06,91.85,207.00,0.93,-1,-1,-1
96,7,545.26,320.65,42.46,131.05,0.89,-1,-1,-1
97,2,488.55,316.28,78.03,181.39,0.95,-1,-1,-1
97,3,561.70,299.73,93.15,203.49,0.93,-1,-1,-1
97,6,400.43,324.97,91.64,208.12,0.93,-1,-1,-1
97,7,542.80,322.26,43.14,131.44,0.89,-1,-1,-1
98,2,486.98,316.93,78.55,183.29,0.95,-1,-1,-1
98,3,560.04,300.05,93.92,205.94,0.93,-1,-1,-1
98,6,396.94,326.00,92.37,210.35,0.93,-1,-1,-1
98,7,540.71,325.02,43.44,132.17,0.88,-1,-1,-1
99,2,484.99,317.21,79.23,185.05,0.94,-1,-1,-1
99,3,556.79,300.82,95.85,207.00,0.93,-1,-1,-1
99,6,393.43,326.55,93.42,212.07,0.93,-1,-1,-1
99,7,538.50,327.59,42.30,131.75,0.88,-1,-1,-1
100,2,484.90,317.08,78.26,187.26,0.95,-1,-1,-1
100,3,555.32,301.04,97.12,208.49,0.92,-1,-1,-1
100,6,391.33,327.11,94.07,214.56,0.93,-1,-1,-1
100,7,537.45,329.66,41.23,131.82,0.87,-1,-1,-1
101,2,484.93,316.65,78.40,188.39,0.94,-1,-1,-1
101,3,554.19,300.47,98.68,209.61,0.92,-1,-1,-1
101,6,389.80,327.53,94.52,214.89,0.92,-1,-1,-1
101,7,536.79,330.48,40.78,131.74,0.87,-1,-1,-1
102,2,484.61,316.19,77.93,190.83,0.94,-1,-1,-1
102,3,552.60,300.53,99.93,211.18,0.93,-1,-1,-1
102,6,386.77,327.98,95.65,216.76,0.93,-1,-1,-1
102,7,535.08,330.92,41.25,132.68,0.87,-1,-1,-1
103,2,483.42,315.53,77.11,192.62,0.94,-1,-1,-1
103,3,551.83,300.23,99.76,212.77,0.93,-1,-1,-1
103,6,383.40,328.10,96.64,218.18,0.93,-1,-1,-1
103,7,533.08,330.59,40.82,133.32,0.88,-1,-1,-1
104,2,481.96,313.55,77.40,194.56,0.94,-1,-1,-1
104,3,550.55,298.83,100.24,214.49,0.93,-1,-1,-1
104,6,380.43,327.16,96.25,218.95,0.93,-1,-1,-1
104,7,531.33,328.11,40.65,135.16,0.87,-1,-1,-1
105,2,480.39,311.52,78.06,197.25,0.94,-1,-1,-1
105,3,549.93,297.03,100.94,217.69,0.93,-1,-1,-1
105,6,377.94,326.39,96.78,219.12,0.93,-1,-1,-1
105,7,529.36,324.54,40.57,137.42,0.87,-1,-1,-1
106,2,479.34,309.79,78.32,199.22,0.94,-1,-1,-1
106,3,549.83,295.53,100.60,220.28,0.93,-1,-1,-1
106,6,374.08,323.65,99.20,221.33,0.93,-1,-1,-1
106,7,527.58,321.61,41.74,139.12,0.87,-1,-1,-1
107,2,477.78,308.55,79.02,200.72,0.94,-1,-1,-1
107,3,549.56,293.93,101.05,222.17,0.93,-1,-1,-1
107,6,370.74,320.98,100.27,223.97,0.93,-1,-1,-1
107,7,525.19,318.28,43.37,141.84,0.88,-1,-1,-1
108,2,476.18,307.15,80.44,202.46,0.94,-1,-1,-1
108,3,549.60,292.09,100.57,224.34,0.93,-1,-1,-1
108,6,368.12,319.16,101.36,225.41,0.93,-1,-1,-1
108,7,524.16,315.62,43.39,143.66,0.86,-1,-1,-1
109,2,475.04,306.49,81.57,203.91,0.94,-1,-1,-1
109,3,550.01,291.42,100.97,226.12,0.93,-1,-1,-1
109,6,366.59,318.48,102.35,226.33,0.93,-1,-1,-1
109,7,523.28,314.20,43.97,145.28,0.87,-1,-1,-1
110,2,474.18,306.59,81.93,205.08,0.94,-1,-1,-1
110,3,551.49,291.37,101.03,227.55,0.92,-1,-1,-1
110,6,365.53,318.40,102.49,227.15,0.93,-1,-1,-1
110,7,522.81,313.72,43.56,146.69,0.86,-1,-1,-1
111,2,473.70,306.39,81.44,206.79,0.94,-1,-1,-1
111,3,551.82,291.72,102.19,228.44,0.93,-1,-1,-1
111,6,365.25,318.15,102.33,227.83,0.93,-1,-1,-1
111,7,522.17,313.75,43.98,147.07,0.86,-1,-1,-1
112,2,472.52,307.24,83.15,208.73,0.95,-1,-1,-1
112,3,552.53,292.00,103.96,231.13,0.92,-1,-1,-1
112,6,364.77,318.25,101.96,229.57,0.93,-1,-1,-1
112,7,521.90,314.85,44.79,147.99,0.87,-1,-1,-1
113,2,471.40,308.73,84.37,210.67,0.95,-1,-1,-1
113,3,554.16,291.95,104.61,233.50,0.93,-1,-1,-1
113,6,364.58,318.43,101.78,231.89,0.93,-1,-1,-1
113,7,522.61,316.59,45.68,148.54,0.86,-1,-1,-1
114,2,469.94,309.49,85.93,212.46,0.95,-1,-1,-1
114,3,554.56,291.25,105.94,236.02,0.92,-1,-1,-1
114,6,363.54,317.78,103.11,235.01,0.94,-1,-1,-1
114,7,522.71,318.20,45.98,149.09,0.86,-1,-1,-1
115,2,468.04,309.86,87.10,213.84,0.95,-1,-1,-1
115,3,554.54,290.92,107.01,237.84,0.92,-1,-1,-1
115,6,362.27,318.36,103.45,236.77,0.93,-1,-1,-1
115,7,522.30,320.38,45.48,148.54,0.86,-1,-1,-1
116,2,466.34,310.18,88.67,215.34,0.95,-1,-1,-1
116,3,554.39,290.85,108.54,240.52,0.91,-1,-1,-1
116,6,360.83,318.91,103.82,239.15,0.93,-1,-1,-1
116,7,521.44,323.63,46.45,147.98,0.86,-1,-1,-1
117,2,465.09,309.31,91.01,217.56,0.95,-1,-1,-1
117,3,554.56,289.54,110.27,243.77,0.93,-1,-1,-1
117,6,358.67,320.21,105.57,239.04,0.93,-1,-1,-1
117,7,520.79,324.59,47.39,148.74,0.86,-1,-1,-1
118,2,463.35,307.87,92.48,219.20,0.95,-1,-1,-1
118,3,554.48,286.76,110.92,247.55,0.93,-1,-1,-1
118,6,355.58,319.62,107.56,240.38,0.92,-1,-1,-1
118,7,520.73,323.97,47.75,149.12,0.85,-1,-1,-1
119,2,461.97,306.05,93.61,221.41,0.95,-1,-1,-1
119,3,553.40,284.30,112.91,250.72,0.93,-1,-1,-1
119,6,353.69,319.16,109.48,241.75,0.93,-1,-1,-1
119,7,521.16,322.88,47.88,150.15,0.83,-1,-1,-1
120,2,460.20,304.29,95.74,223.48,0.95,-1,-1,-1
120,3,553.22,282.32,113.61,253.44,0.93,-1,-1,-1
120,6,353.03,319.51,109.14,242.18,0.92,-1,-1,-1
120,7,520.97,321.39,49.07,151.47,0.85,-1,-1,-1
120,9,667.35,353.92,34.20,41.85,0.77,-1,-1,-1
121,2,458.99,303.02,96.54,224.90,0.95,-1,-1,-1
121,3,552.56,281.12,114.44,255.82,0.94,-1,-1,-1
121,6,352.74,318.60,108.83,244.03,0.92,-1,-1,-1
121,7,520.63,319.45,49.53,153.11,0.86,-1,-1,-1
121,9,667.84,353.18,34.95,42.25,0.71,-1,-1,-1
122,2,458.03,302.08,97.89,226.03,0.95,-1,-1,-1
122,3,552.26,280.70,114.62,258.00,0.94,-1,-1,-1
122,6,351.95,317.33,109.48,246.05,0.93,-1,-1,-1
122,7,520.80,317.92,49.64,154.13,0.86,-1,-1,-1
122,9,667.86,352.72,35.77,42.66,0.73,-1,-1,-1
123,2,456.11,300.31,98.41,228.33,0.95,-1,-1,-1
123,3,551.19,279.57,115.88,260.84,0.94,-1,-1,-1
123,6,347.95,315.26,112.26,248.87,0.92,-1,-1,-1
123,7,521.09,314.74,50.27,156.67,0.88,-1,-1,-1
123,9,668.19,351.73,36.06,42.80,0.65,-1,-1,-1
124,2,454.20,298.89,98.12,230.10,0.95,-1,-1,-1
124,3,549.46,278.71,117.51,264.28,0.93,-1,-1,-1
124,6,345.09,314.15,114.18,250.11,0.92,-1,-1,-1
124,7,520.45,312.04,50.49,158.98,0.87,-1,-1,-1
124,9,669.19,350.38,35.45,43.51,0.63,-1,-1,-1
125,2,452.71,297.94,99.59,232.39,0.95,-1,-1,-1
125,3,548.40,277.98,119.27,268.05,0.94,-1,-1,-1
125,6,343.29,313.03,114.88,251.60,0.93,-1,-1,-1
125,7,520.43,309.85,51.15,161.38,0.87,-1,-1,-1
125,9,669.31,350.05,35.87,43.72,0.60,-1,-1,-1
126,2,450.67,297.41,100.85,235.60,0.95,-1,-1,-1
126,3,547.53,278.13,121.08,268.56,0.94,-1,-1,-1
126,6,341.28,312.71,114.80,253.64,0.93,-1,-1,-1
126,7,519.65,308.27,51.38,163.46,0.88,-1,-1,-1
126,9,670.06,350.06,36.01,43.78,0.72,-1,-1,-1
127,2,449.28,298.04,102.24,239.93,0.95,-1,-1,-1
127,3,546.84,278.69,122.98,271.22,0.94,-1,-1,-1
127,6,339.79,313.00,115.10,255.59,0.93,-1,-1,-1
127,7,518.99,307.88,51.50,165.04,0.89,-1,-1,-1
127,9,671.42,350.50,36.06,44.08,0.68,-1,-1,-1
128,2,447.64,298.97,102.32,243.82,0.95,-1,-1,-1
128,3,545.96,279.47,125.47,274.63,0.93,-1,-1,-1
128,6,337.44,313.33,116.10,257.88,0.94,-1,-1,-1
128,7,518.39,307.72,51.53,167.38,0.88,-1,-1,-1
128,9,672.58,351.00,36.09,44.22,0.36,-1,-1,-1
129,2,447.79,300.62,102.53,246.60,0.95,-1,-1,-1
129,3,546.19,280.28,127.05,280.31,0.93,-1,-1,-1
129,6,335.73,315.68,117.42,258.28,0.93,-1,-1,-1
129,7,518.73,310.26,52.17,167.72,0.89,-1,-1,-1
129,9,674.71,351.62,36.10,44.54,0.65,-1,-1,-1
130,2,446.47,302.44,102.40,249.50,0.95,-1,-1,-1
130,3,544.19,281.21,129.36,284.92,0.94,-1,-1,-1
130,6,333.67,315.66,117.87,262.08,0.94,-1,-1,-1
130,7,517.34,312.61,53.56,169.22,0.88,-1,-1,-1
130,9,676.10,354.05,35.49,43.16,0.45,-1,-1,-1
131,2,445.16,304.56,101.73,252.07,0.95,-1,-1,-1
131,3,540.53,281.82,132.57,289.03,0.94,-1,-1,-1
131,6,331.46,316.78,118.62,264.44,0.94,-1,-1,-1
131,7,515.38,315.11,53.50,170.53,0.89,-1,-1,-1
131,9,677.90,355.83,34.66,42.64,0.45,-1,-1,-1
132,2,444.83,305.95,102.93,252.81,0.95,-1,-1,-1
132,3,538.96,279.87,134.11,292.47,0.94,-1,-1,-1
132,6,330.72,316.88,118.67,265.38,0.94,-1,-1,-1
132,7,515.39,316.47,52.77,171.11,0.89,-1,-1,-1
132,9,681.74,356.69,32.45,41.76,0.62,-1,-1,-1
133,2,443.81,307.81,103.67,255.44,0.95,-1,-1,-1
133,3,537.16,279.67,135.46,296.03,0.94,-1,-1,-1
133,6,327.92,318.13,119.76,266.51,0.94,-1,-1,-1
133,7,514.74,318.48,51.97,171.98,0.89,-1,-1,-1
133,9,680.80,357.18,34.82,42.11,0.72,-1,-1,-1
134,2,442.88,308.89,102.56,257.27,0.95,-1,-1,-1
134,3,535.18,279.12,138.25,299.07,0.94,-1,-1,-1
134,6,324.99,318.54,121.00,268.82,0.93,-1,-1,-1
134,7,514.68,320.09,51.63,172.72,0.89,-1,-1,-1
134,9,680.60,357.34,36.22,42.25,0.79,-1,-1,-1
135,2,441.60,308.36,102.15,259.33,0.95,-1,-1,-1
135,3,532.10,277.28,140.29,302.57,0.94,-1,-1,-1
135,6,322.31,317.43,122.21,271.97,0.94,-1,-1,-1
135,7,513.77,320.19,52.64,174.01,0.89,-1,-1,-1
135,9,680.95,356.88,36.14,42.58,0.66,-1,-1,-1
136,2,440.85,307.24,101.39,261.79,0.95,-1,-1,-1
136,3,529.44,275.25,143.37,305.95,0.94,-1,-1,-1
136,6,320.39,316.73,122.64,273.97,0.94,-1,-1,-1
136,7,513.41,319.89,51.84,174.51,0.89,-1,-1,-1
136,9,681.52,355.87,36.69,42.97,0.72,-1,-1,-1
137,2,438.94,304.49,101.65,264.72,0.94,-1,-1,-1
137,3,525.65,271.76,145.62,310.53,0.93,-1,-1,-1
137,6,317.34,315.32,123.63,276.15,0.94,-1,-1,-1
137,7,512.52,317.74,51.50,176.13,0.88,-1,-1,-1
137,9,681.51,354.52,36.88,43.43,0.78,-1,-1,-1
138,2,436.67,301.75,101.00,267.33,0.94,-1,-1,-1
138,3,523.06,268.92,146.41,314.13,0.92,-1,-1,-1
138,6,314.60,313.72,124.27,278.18,0.93,-1,-1,-1
138,7,510.11,313.13,53.78,179.85,0.89,-1,-1,-1
138,9,682.28,353.13,36.94,43.26,0.75,-1,-1,-1
139,2,433.98,297.07,101.63,272.32,0.95,-1,-1,-1
139,3,520.93,266.89,147.23,317.44,0.93,-1,-1,-1
139,6,310.94,310.77,125.96,281.95,0.93,-1,-1,-1
139,7,508.90,310.28,52.83,181.22,0.88,-1,-1,-1
139,9,681.13,350.09,38.75,45.33,0.72,-1,-1,-1
140,2,431.31,293.80,101.66,276.36,0.95,-1,-1,-1
140,3,519.34,265.52,148.17,320.19,0.93,-1,-1,-1
140,6,307.39,311.32,128.44,282.43,0.94,-1,-1,-1
140,7,508.24,306.33,53.12,184.42,0.87,-1,-1,-1
140,9,681.29,349.23,38.27,45.19,0.80,-1,-1,-1
141,2,428.09,289.53,102.81,282.17,0.95,-1,-1,-1
141,3,516.54,261.85,149.58,329.73,0.93,-1,-1,-1
141,6,303.47,310.54,128.71,283.64,0.93,-1,-1,-1
141,7,506.03,303.87,54.38,187.31,0.88,-1,-1,-1
141,9,681.67,348.24,38.04,45.41,0.72,-1,-1,-1
142,2,426.22,287.73,103.27,284.27,0.95,-1,-1,-1
142,3,514.08,260.18,151.10,333.39,0.93,-1,-1,-1
142,6,300.47,309.12,129.83,285.20,0.94,-1,-1,-1
142,7,505.22,303.08,54.77,188.33,0.88,-1,-1,-1
142,9,681.75,348.35,37.92,45.19,0.73,-1,-1,-1
143,2,424.36,285.29,103.50,288.20,0.94,-1,-1,-1
143,3,510.83,258.07,152.29,339.65,0.94,-1,-1,-1
143,6,297.92,307.12,130.58,288.10,0.93,-1,-1,-1
143,7,504.05,301.59,54.96,191.03,0.87,-1,-1,-1
143,9,682.37,348.63,36.69,44.80,0.84,-1,-1,-1
144,2,421.17,284.41,103.62,290.83,0.94,-1,-1,-1
144,3,507.21,257.89,152.77,345.26,0.94,-1,-1,-1
144,6,292.12,306.37,132.98,291.27,0.93,-1,-1,-1
144,7,501.76,300.51,56.22,195.17,0.85,-1,-1,-1
144,9,682.09,348.44,36.85,44.70,0.82,-1,-1,-1
145,2,418.50,284.17,104.27,295.39,0.94,-1,-1,-1
145,3,504.40,259.25,152.91,350.48,0.94,-1,-1,-1
145,6,288.95,306.02,133.29,295.34,0.93,-1,-1,-1
145,7,501.77,300.62,54.93,198.74,0.84,-1,-1,-1
145,9,681.92,348.11,37.51,45.25,0.77,-1,-1,-1
146,2,414.81,284.66,109.10,301.69,0.94,-1,-1,-1
146,3,501.64,260.50,152.88,356.78,0.93,-1,-1,-1
146,6,283.86,306.01,135.69,297.78,0.93,-1,-1,-1
146,7,499.16,302.52,57.40,200.20,0.86,-1,-1,-1
146,9,682.04,348.44,37.14,44.83,0.78,-1,-1,-1
147,2,410.49,285.09,108.84,307.95,0.94,-1,-1,-1
147,3,498.32,260.04,154.59,362.47,0.94,-1,-1,-1
147,6,279.56,306.95,136.28,298.94,0.94,-1,-1,-1
147,7,497.61,305.58,55.94,200.78,0.80,-1,-1,-1
147,9,682.16,348.56,37.01,44.69,0.75,-1,-1,-1
148,2,405.02,285.26,109.77,313.72,0.93,-1,-1,-1
148,3,492.83,258.24,159.40,371.07,0.94,-1,-1,-1
148,6,275.45,306.41,135.32,303.39,0.93,-1,-1,-1
148,7,494.54,307.78,59.56,200.68,0.83,-1,-1,-1
148,9,681.49,347.86,36.96,44.64,0.76,-1,-1,-1
149,2,398.62,284.01,112.35,317.80,0.93,-1,-1,-1
149,3,487.81,252.44,163.36,379.37,0.93,-1,-1,-1
149,6,270.77,306.34,135.94,303.78,0.91,-1,-1,-1
149,7,491.29,306.38,66.05,202.72,0.75,-1,-1,-1
149,9,680.96,343.95,35.71,46.07,0.40,-1,-1,-1
