0,1,1014.30,157.61,104.40,277.09,0.95,-1,-1,-1
0,2,752.85,191.14,83.70,246.26,0.92,-1,-1,-1
0,3,386.55,154.69,99.00,281.81,0.87,-1,-1,-1
0,4,682.65,199.57,104.40,242.55,0.84,-1,-1,-1
0,5,543.60,174.49,83.70,297.11,0.80,-1,-1,-1
0,6,51.52,-16.88,212.40,609.97,0.74,-1,-1,-1
1,1,1014.30,157.61,104.40,277.09,0.95,-1,-1,-1
1,2,752.85,191.14,83.70,246.26,0.92,-1,-1,-1
1,3,386.55,154.88,99.00,282.01,0.87,-1,-1,-1
1,4,682.65,199.57,104.40,242.55,0.84,-1,-1,-1
1,5,543.60,174.49,83.70,297.11,0.80,-1,-1,-1
1,6,51.43,-16.68,212.69,609.78,0.74,-1,-1,-1
2,1,1014.68,158.90,107.40,276.24,0.95,-1,-1,-1
2,2,753.49,191.62,83.15,248.69,0.93,-1,-1,-1
2,3,384.63,155.44,100.41,288.13,0.89,-1,-1,-1
2,4,682.12,200.42,106.69,245.32,0.86,-1,-1,-1
2,5,538.62,175.38,79.65,291.29,0.82,-1,-1,-1
2,6,46.38,-18.50,212.87,628.66,0.76,-1,-1,-1
3,1,1016.05,159.08,108.31,275.04,0.95,-1,-1,-1
3,2,753.71,192.13,82.94,249.34,0.93,-1,-1,-1
3,3,382.68,155.82,100.98,291.30,0.89,-1,-1,-1
3,4,680.29,200.79,108.74,249.94,0.85,-1,-1,-1
3,5,532.27,176.74,81.15,296.09,0.84,-1,-1,-1
3,6,40.12,-21.00,213.73,645.09,0.79,-1,-1,-1
4,1,1018.38,158.86,108.51,276.40,0.95,-1,-1,-1
4,2,753.10,192.05,84.88,250.38,0.93,-1,-1,-1
4,3,380.92,156.67,102.12,291.48,0.88,-1,-1,-1
4,4,680.07,201.41,109.35,252.34,0.85,-1,-1,-1
4,5,527.52,178.03,82.34,299.33,0.85,-1,-1,-1
4,6,37.46,-13.49,213.18,631.82,0.81,-1,-1,-1
5,1,1021.11,158.96,109.82,277.69,0.95,-1,-1,-1
5,2,753.33,192.06,84.90,251.33,0.93,-1,-1,-1
5,3,381.56,157.21,100.88,287.34,0.89,-1,-1,-1
5,4,680.18,201.74,109.48,253.11,0.84,-1,-1,-1
5,5,522.41,178.58,84.06,288.23,0.83,-1,-1,-1
5,6,33.81,-3.88,215.26,607.12,0.43,-1,-1,-1
6,1,1022.54,159.03,110.15,278.71,0.95,-1,-1,-1
6,2,753.75,191.75,85.45,252.99,0.93,-1,-1,-1
6,3,381.77,157.29,100.32,288.83,0.88,-1,-1,-1
6,4,680.63,201.75,106.88,256.60,0.82,-1,-1,-1
6,5,517.80,177.68,88.36,293.49,0.83,-1,-1,-1
6,6,30.59,1.11,218.64,603.09,0.65,-1,-1,-1
7,1,1024.93,158.86,111.45,278.01,0.95,-1,-1,-1
7,2,754.34,191.83,86.25,253.51,0.93,-1,-1,-1
7,3,380.50,156.71,101.66,292.41,0.88,-1,-1,-1
7,4,683.14,202.33,105.24,255.34,0.82,-1,-1,-1
7,5,513.12,178.17,91.71,291.06,0.83,-1,-1,-1
7,6,28.31,6.71,220.53,597.46,0.56,-1,-1,-1
8,1,1027.68,158.22,111.86,278.57,0.95,-1,-1,-1
8,2,754.77,191.36,86.48,254.15,0.93,-1,-1,-1
8,3,379.61,155.77,102.25,294.27,0.87,-1,-1,-1
8,4,683.61,202.09,105.87,257.66,0.82,-1,-1,-1
8,5,505.88,178.59,98.28,291.12,0.84,-1,-1,-1
8,6,26.11,-3.22,229.04,617.87,0.19,-1,-1,-1
9,1,1029.80,157.27,113.13,279.23,0.95,-1,-1,-1
9,2,755.56,190.68,86.51,254.87,0.93,-1,-1,-1
9,3,378.71,154.59,103.16,299.08,0.88,-1,-1,-1
9,4,683.51,201.69,107.28,256.62,0.81,-1,-1,-1
9,5,502.51,177.60,100.67,297.99,0.84,-1,-1,-1
9,6,22.52,-7.25,234.40,618.68,0.70,-1,-1,-1
10,1,1032.42,155.98,113.59,280.29,0.95,-1,-1,-1
10,2,755.80,190.31,87.12,255.24,0.93,-1,-1,-1
10,3,377.28,153.66,104.11,302.17,0.88,-1,-1,-1
10,4,684.61,201.49,100.52,254.84,0.83,-1,-1,-1
10,5,497.98,177.21,105.07,298.09,0.85,-1,-1,-1
10,6,19.71,-12.61,236.68,610.29,0.56,-1,-1,-1
11,1,1034.86,154.70,113.53,280.73,0.95,-1,-1,-1
11,2,756.17,190.02,87.18,255.41,0.93,-1,-1,-1
11,3,375.94,152.11,105.16,305.76,0.88,-1,-1,-1
11,4,683.49,200.31,99.66,253.43,0.82,-1,-1,-1
11,5,494.60,176.75,107.65,300.80,0.85,-1,-1,-1
11,6,18.74,-24.12,235.28,639.87,0.87,-1,-1,-1
12,1,1037.69,152.49,113.53,281.90,0.95,-1,-1,-1
12,2,756.60,189.00,87.83,255.61,0.93,-1,-1,-1
12,3,376.00,149.81,105.12,307.55,0.88,-1,-1,-1
12,4,684.29,199.41,98.19,252.74,0.84,-1,-1,-1
12,5,491.24,174.80,108.61,305.08,0.84,-1,-1,-1
12,6,17.75,-45.33,243.15,669.99,0.81,-1,-1,-1
13,1,1039.72,150.36,113.53,282.83,0.95,-1,-1,-1
13,2,757.65,187.00,88.09,255.51,0.93,-1,-1,-1
13,3,375.47,148.30,105.58,307.27,0.88,-1,-1,-1
13,4,685.52,197.83,104.48,250.85,0.83,-1,-1,-1
13,5,488.77,173.64,105.98,301.02,0.84,-1,-1,-1
13,6,18.79,-53.05,249.76,681.00,0.84,-1,-1,-1
14,1,1042.39,147.86,113.56,284.50,0.95,-1,-1,-1
14,2,758.91,183.99,88.21,258.35,0.92,-1,-1,-1
14,3,373.66,145.89,106.82,310.90,0.88,-1,-1,-1
14,4,687.08,195.43,108.56,253.95,0.85,-1,-1,-1
14,5,488.10,172.40,101.91,303.44,0.85,-1,-1,-1
14,6,20.07,-62.95,255.99,690.86,0.83,-1,-1,-1
15,1,1045.02,145.96,113.60,285.40,0.95,-1,-1,-1
15,2,760.24,182.02,88.29,258.42,0.92,-1,-1,-1
15,3,372.15,144.10,108.22,314.20,0.88,-1,-1,-1
15,4,686.18,194.01,111.35,255.03,0.85,-1,-1,-1
15,5,486.86,171.38,99.12,308.35,0.85,-1,-1,-1
15,6,20.84,-71.17,259.71,688.86,0.57,-1,-1,-1
16,1,1047.50,144.15,113.60,286.51,0.95,-1,-1,-1
16,2,761.12,180.88,88.31,258.69,0.92,-1,-1,-1
16,3,370.99,142.75,109.18,317.44,0.88,-1,-1,-1
16,4,686.80,193.28,111.82,256.23,0.86,-1,-1,-1
16,5,483.96,171.12,100.48,311.68,0.86,-1,-1,-1
16,6,22.15,-82.80,264.63,723.41,0.82,-1,-1,-1
17,1,1049.74,143.15,113.61,287.37,0.95,-1,-1,-1
17,2,761.16,179.42,88.93,260.04,0.93,-1,-1,-1
17,3,369.81,141.60,109.25,316.32,0.86,-1,-1,-1
17,4,687.91,192.64,111.99,256.81,0.87,-1,-1,-1
17,5,481.97,170.75,100.38,304.90,0.86,-1,-1,-1
17,6,23.38,-89.75,269.53,741.35,0.73,-1,-1,-1
18,1,1050.66,141.72,114.84,288.47,0.95,-1,-1,-1
18,2,761.36,179.82,89.20,259.66,0.93,-1,-1,-1
18,3,367.49,141.57,110.35,318.51,0.88,-1,-1,-1
18,4,687.42,192.31,112.05,258.23,0.86,-1,-1,-1
18,5,479.78,171.65,102.77,310.26,0.87,-1,-1,-1
18,6,27.13,-103.22,272.89,779.24,0.61,-1,-1,-1
19,1,1053.11,140.50,115.48,290.16,0.95,-1,-1,-1
19,2,761.76,177.41,90.04,263.01,0.93,-1,-1,-1
19,3,366.65,141.12,109.30,315.67,0.87,-1,-1,-1
19,4,687.18,191.90,112.81,260.45,0.86,-1,-1,-1
19,5,478.16,172.74,100.85,301.02,0.86,-1,-1,-1
19,6,29.67,-105.10,277.53,772.99,0.58,-1,-1,-1
20,1,1055.38,139.90,115.71,291.35,0.95,-1,-1,-1
20,2,762.52,176.32,89.75,265.40,0.93,-1,-1,-1
20,3,364.70,140.51,109.76,317.65,0.87,-1,-1,-1
20,4,687.06,191.76,113.10,261.15,0.86,-1,-1,-1
20,5,474.88,173.18,102.46,298.12,0.87,-1,-1,-1
20,6,34.86,-101.83,277.59,784.34,0.59,-1,-1,-1
21,1,1057.15,140.51,115.48,291.85,0.95,-1,-1,-1
21,2,763.04,176.34,89.39,268.81,0.92,-1,-1,-1
21,3,363.92,141.25,109.77,318.21,0.86,-1,-1,-1
21,4,687.15,191.79,113.48,264.99,0.87,-1,-1,-1
21,5,473.23,174.04,102.77,298.51,0.88,-1,-1,-1
21,6,40.66,-95.19,278.91,787.88,0.76,-1,-1,-1
22,1,1058.44,141.24,115.36,292.80,0.95,-1,-1,-1
22,2,762.62,176.42,89.82,270.45,0.92,-1,-1,-1
22,3,360.40,140.83,112.58,328.28,0.86,-1,-1,-1
22,4,687.14,192.60,113.59,265.90,0.87,-1,-1,-1
22,5,469.95,175.16,104.63,301.88,0.88,-1,-1,-1
22,6,47.53,-85.40,282.65,774.51,0.80,-1,-1,-1
22,7,455.17,174.37,74.02,282.60,0.71,-1,-1,-1
23,1,1060.71,141.15,116.82,294.93,0.95,-1,-1,-1
23,2,763.06,176.32,90.24,273.16,0.90,-1,-1,-1
23,3,356.61,141.22,114.40,333.45,0.86,-1,-1,-1
23,4,687.00,193.40,113.92,268.33,0.88,-1,-1,-1
23,5,465.80,175.64,107.99,302.05,0.87,-1,-1,-1
23,6,59.98,-85.82,270.32,798.71,0.75,-1,-1,-1
23,7,446.48,174.20,74.24,278.35,0.68,-1,-1,-1
24,1,1063.36,141.42,116.23,296.09,0.95,-1,-1,-1
24,2,763.32,176.20,90.44,279.16,0.91,-1,-1,-1
24,3,355.80,142.06,114.39,332.84,0.86,-1,-1,-1
24,4,687.95,193.70,114.67,271.77,0.88,-1,-1,-1
24,5,461.79,176.60,111.08,302.43,0.89,-1,-1,-1
24,6,72.00,-100.40,273.33,828.59,0.49,-1,-1,-1
24,7,442.25,177.08,73.33,271.57,0.74,-1,-1,-1
25,1,1064.26,142.04,115.70,296.40,0.95,-1,-1,-1
25,2,763.28,176.17,90.89,279.46,0.89,-1,-1,-1
25,3,353.45,143.16,116.46,334.56,0.86,-1,-1,-1
25,4,687.41,194.80,115.87,270.80,0.88,-1,-1,-1
25,5,458.97,177.76,111.38,299.82,0.89,-1,-1,-1
25,6,84.05,-118.56,270.55,876.99,0.53,-1,-1,-1
25,7,434.23,178.72,74.36,271.22,0.61,-1,-1,-1
26,1,1064.97,142.16,116.74,297.55,0.95,-1,-1,-1
26,2,763.14,176.17,91.08,280.63,0.90,-1,-1,-1
26,3,355.22,144.11,113.70,333.26,0.88,-1,-1,-1
26,4,686.50,194.84,116.34,271.74,0.88,-1,-1,-1
26,5,455.43,178.07,112.81,298.80,0.89,-1,-1,-1
26,6,97.29,-115.43,278.16,849.55,0.48,-1,-1,-1
26,7,427.00,181.46,72.17,248.59,0.59,-1,-1,-1
27,1,1065.70,141.74,117.05,298.88,0.95,-1,-1,-1
27,2,763.14,177.39,91.09,278.57,0.90,-1,-1,-1
27,3,355.48,144.39,112.07,329.25,0.88,-1,-1,-1
27,4,686.25,194.56,116.43,272.17,0.88,-1,-1,-1
27,5,453.06,178.16,112.51,296.12,0.88,-1,-1,-1
27,6,109.39,-112.51,275.16,830.92,0.37,-1,-1,-1
27,7,420.45,182.16,72.73,240.47,0.56,-1,-1,-1
28,1,1067.32,141.94,117.18,300.00,0.95,-1,-1,-1
28,2,762.92,176.71,91.10,280.17,0.90,-1,-1,-1
28,3,355.10,144.10,109.49,330.82,0.88,-1,-1,-1
28,4,685.91,194.48,117.65,272.03,0.89,-1,-1,-1
28,5,450.32,178.03,115.18,298.68,0.86,-1,-1,-1
28,6,117.79,-120.03,281.12,830.01,0.53,-1,-1,-1
29,1,1067.59,141.16,118.40,301.09,0.95,-1,-1,-1
29,2,762.67,176.96,91.08,277.99,0.91,-1,-1,-1
29,3,353.78,144.15,110.93,333.19,0.86,-1,-1,-1
29,4,685.36,194.58,118.07,271.68,0.88,-1,-1,-1
29,5,447.41,178.35,118.06,300.06,0.83,-1,-1,-1
30,1,1068.95,140.67,118.83,302.23,0.95,-1,-1,-1
30,2,762.00,177.34,91.65,277.20,0.91,-1,-1,-1
30,3,350.27,144.45,113.25,336.46,0.87,-1,-1,-1
30,4,684.86,194.43,118.20,273.54,0.87,-1,-1,-1
30,5,444.45,179.07,116.32,301.18,0.85,-1,-1,-1
31,1,1068.71,140.24,120.16,302.92,0.95,-1,-1,-1
31,2,761.42,177.93,91.84,276.95,0.91,-1,-1,-1
31,3,352.33,143.85,110.52,337.38,0.86,-1,-1,-1
31,4,684.08,193.83,118.81,275.26,0.88,-1,-1,-1
31,5,442.46,179.47,115.40,302.88,0.86,-1,-1,-1
32,1,1069.06,139.66,120.52,303.56,0.95,-1,-1,-1
32,2,761.53,178.60,91.80,276.59,0.90,-1,-1,-1
32,3,349.77,143.27,113.87,350.65,0.77,-1,-1,-1
32,4,684.14,193.50,118.89,276.16,0.87,-1,-1,-1
32,5,440.05,179.36,122.21,314.98,0.79,-1,-1,-1
33,1,1069.92,138.82,120.72,304.74,0.95,-1,-1,-1
33,2,760.68,178.25,91.84,277.69,0.90,-1,-1,-1
33,3,357.57,166.66,113.08,327.09,0.39,-1,-1,-1
33,4,682.65,193.53,119.58,279.36,0.86,-1,-1,-1
33,5,437.59,179.04,121.59,315.69,0.72,-1,-1,-1
34,1,1070.83,138.43,120.75,305.30,0.95,-1,-1,-1
34,2,758.62,178.68,93.63,279.06,0.90,-1,-1,-1
34,3,356.05,176.24,120.08,320.92,0.17,-1,-1,-1
34,4,681.85,193.74,119.21,282.16,0.85,-1,-1,-1
34,5,434.92,179.29,121.38,322.66,0.79,-1,-1,-1
35,1,1071.15,137.67,121.97,306.02,0.95,-1,-1,-1
35,2,755.76,179.44,96.10,278.91,0.90,-1,-1,-1
35,4,681.84,193.52,118.48,284.01,0.84,-1,-1,-1
35,5,432.48,178.80,133.18,337.35,0.69,-1,-1,-1
36,1,1071.15,137.28,122.38,306.72,0.95,-1,-1,-1
36,2,753.78,179.28,98.18,280.79,0.90,-1,-1,-1
36,4,680.35,193.58,120.55,285.73,0.84,-1,-1,-1
36,5,424.89,180.19,146.53,347.70,0.40,-1,-1,-1
36,6,141.93,-129.60,455.65,872.20,0.61,-1,-1,-1
37,1,1071.59,136.99,122.43,307.47,0.95,-1,-1,-1
37,2,752.80,180.06,98.88,279.31,0.90,-1,-1,-1
37,4,679.31,193.25,120.63,286.84,0.86,-1,-1,-1
37,5,423.76,181.54,146.14,359.05,0.49,-1,-1,-1
37,6,144.92,-119.97,474.67,889.97,0.42,-1,-1,-1
38,1,1072.50,136.44,122.54,309.06,0.95,-1,-1,-1
38,2,751.87,180.19,99.80,279.68,0.90,-1,-1,-1
38,4,679.79,193.35,120.15,289.88,0.86,-1,-1,-1
38,5,430.86,183.65,150.57,371.94,0.64,-1,-1,-1
38,6,188.12,-104.16,453.09,866.55,0.59,-1,-1,-1
39,1,1072.77,136.03,123.74,309.62,0.95,-1,-1,-1
39,2,749.46,180.50,102.48,282.27,0.90,-1,-1,-1
39,4,679.39,192.92,119.33,290.29,0.84,-1,-1,-1
39,6,157.65,-104.49,525.85,889.62,0.70,-1,-1,-1
40,1,1073.51,135.51,124.24,310.75,0.95,-1,-1,-1
40,2,748.26,180.97,103.53,282.61,0.90,-1,-1,-1
40,4,678.02,192.60,123.28,291.79,0.85,-1,-1,-1
40,6,183.61,-92.25,523.16,857.55,0.69,-1,-1,-1
41,1,1073.74,135.42,124.48,312.02,0.95,-1,-1,-1
41,2,747.46,182.03,103.96,283.13,0.89,-1,-1,-1
41,4,676.83,193.15,126.57,291.17,0.86,-1,-1,-1
41,6,217.27,-106.42,509.46,864.11,0.57,-1,-1,-1
42,1,1073.69,135.45,124.52,312.80,0.95,-1,-1,-1
42,2,745.94,183.63,103.46,282.14,0.89,-1,-1,-1
42,4,674.86,193.22,129.55,294.34,0.86,-1,-1,-1
42,6,224.65,-105.91,511.87,869.69,0.73,-1,-1,-1
43,1,1073.58,135.89,124.59,313.91,0.95,-1,-1,-1
43,2,744.10,185.23,102.70,283.86,0.88,-1,-1,-1
43,4,676.64,193.84,124.26,294.14,0.83,-1,-1,-1
43,6,242.69,-95.98,504.58,889.07,0.72,-1,-1,-1
43,3,329.27,142.82,114.09,326.07,0.85,-1,-1,-1
44,1,1072.87,136.90,124.56,314.65,0.95,-1,-1,-1
44,2,742.53,187.44,102.35,281.19,0.89,-1,-1,-1
44,4,680.71,194.66,113.01,286.05,0.77,-1,-1,-1
44,6,292.79,-98.17,468.87,898.39,0.73,-1,-1,-1
44,3,324.29,141.92,118.56,333.58,0.85,-1,-1,-1
44,5,407.66,182.33,94.89,284.11,0.79,-1,-1,-1
45,1,1072.06,138.02,125.75,316.05,0.95,-1,-1,-1
45,2,740.31,187.64,102.20,281.61,0.87,-1,-1,-1
45,4,681.19,194.41,93.20,283.94,0.38,-1,-1,-1
45,6,394.54,-121.44,384.01,924.03,0.34,-1,-1,-1
45,3,321.75,143.38,119.01,341.45,0.87,-1,-1,-1
45,5,403.19,182.64,97.84,285.64,0.84,-1,-1,-1
46,1,1071.17,139.43,126.10,316.49,0.95,-1,-1,-1
46,2,742.60,188.49,97.87,281.85,0.81,-1,-1,-1
46,4,673.57,185.22,102.51,305.63,0.20,-1,-1,-1
46,6,450.82,-117.28,351.16,935.85,0.59,-1,-1,-1
46,3,316.12,144.82,122.37,346.98,0.86,-1,-1,-1
46,5,399.39,184.13,112.34,289.41,0.83,-1,-1,-1
47,1,1070.71,141.01,125.98,316.93,0.95,-1,-1,-1
47,2,735.61,179.38,102.11,295.17,0.65,-1,-1,-1
47,6,508.43,-120.13,326.69,937.60,0.63,-1,-1,-1
47,3,314.75,145.99,120.69,349.92,0.88,-1,-1,-1
47,5,394.67,185.56,115.84,297.35,0.82,-1,-1,-1
48,1,1069.16,142.76,126.30,317.15,0.95,-1,-1,-1
48,2,731.29,172.49,115.15,304.13,0.21,-1,-1,-1
48,6,537.62,-133.16,330.62,945.55,0.68,-1,-1,-1
48,3,310.26,147.22,122.21,355.72,0.86,-1,-1,-1
48,5,388.20,187.99,114.61,303.95,0.80,-1,-1,-1
49,1,1068.75,144.76,125.17,318.02,0.95,-1,-1,-1
49,6,568.56,-137.93,335.18,933.08,0.56,-1,-1,-1
49,3,303.91,149.33,126.31,360.09,0.87,-1,-1,-1
49,5,380.77,189.51,119.37,309.80,0.83,-1,-1,-1
50,1,1066.86,146.11,125.81,319.24,0.95,-1,-1,-1
50,6,585.04,-126.73,354.94,914.93,0.66,-1,-1,-1
50,3,299.08,150.71,128.59,361.76,0.87,-1,-1,-1
50,5,373.92,191.26,119.65,311.18,0.83,-1,-1,-1
51,1,1065.79,146.84,126.02,320.42,0.95,-1,-1,-1
51,6,586.37,-137.21,399.84,942.03,0.53,-1,-1,-1
51,3,297.90,152.25,127.04,360.15,0.88,-1,-1,-1
51,5,369.78,193.31,119.69,310.96,0.83,-1,-1,-1
52,1,1064.97,148.08,126.05,321.12,0.95,-1,-1,-1
52,6,588.21,-136.94,447.29,956.77,0.72,-1,-1,-1
52,3,294.69,154.59,128.13,356.44,0.88,-1,-1,-1
52,5,366.36,195.90,118.43,303.57,0.84,-1,-1,-1
53,1,1064.18,149.44,126.21,322.13,0.95,-1,-1,-1
53,6,593.78,-144.04,501.13,978.54,0.77,-1,-1,-1
53,3,290.38,156.92,130.16,359.01,0.88,-1,-1,-1
53,5,362.37,197.89,117.77,306.18,0.84,-1,-1,-1
54,1,1064.37,150.76,126.09,323.13,0.95,-1,-1,-1
54,6,601.95,-136.76,557.89,972.21,0.76,-1,-1,-1
54,3,287.11,158.86,131.90,364.66,0.88,-1,-1,-1
54,5,359.25,196.77,116.75,320.88,0.84,-1,-1,-1
55,1,1063.55,151.53,127.21,323.54,0.95,-1,-1,-1
55,6,622.77,-123.21,583.69,983.64,0.79,-1,-1,-1
55,3,284.72,160.40,132.79,368.10,0.88,-1,-1,-1
55,5,356.78,200.13,115.41,318.81,0.85,-1,-1,-1
55,4,657.58,211.21,102.89,291.48,0.85,-1,-1,-1
56,1,1063.25,152.67,127.49,323.95,0.95,-1,-1,-1
56,6,654.20,-104.96,552.71,965.87,0.81,-1,-1,-1
56,3,283.92,161.86,132.33,373.15,0.88,-1,-1,-1
56,5,356.29,202.45,112.51,318.06,0.84,-1,-1,-1
56,4,656.89,213.38,120.07,286.36,0.90,-1,-1,-1
56,2,725.85,205.64,90.19,284.21,0.67,-1,-1,-1
57,1,1063.83,152.70,126.46,325.01,0.94,-1,-1,-1
57,6,688.32,-96.93,537.58,944.85,0.81,-1,-1,-1
57,3,280.51,163.03,134.30,375.04,0.88,-1,-1,-1
57,5,353.46,204.81,113.33,317.80,0.85,-1,-1,-1
57,4,655.22,214.31,127.99,288.08,0.91,-1,-1,-1
57,2,726.57,211.56,88.20,279.55,0.89,-1,-1,-1
58,1,1064.02,152.70,126.11,326.47,0.93,-1,-1,-1
58,6,735.87,-94.40,500.81,960.38,0.81,-1,-1,-1
58,3,277.24,163.59,135.34,376.66,0.87,-1,-1,-1
58,5,349.38,205.85,116.39,319.82,0.84,-1,-1,-1
58,4,656.22,215.26,128.31,294.34,0.89,-1,-1,-1
58,2,725.75,214.51,88.25,278.20,0.89,-1,-1,-1
59,1,1067.57,152.88,122.33,326.86,0.87,-1,-1,-1
59,6,782.14,-88.00,458.91,962.22,0.83,-1,-1,-1
59,3,273.43,164.61,137.45,377.03,0.87,-1,-1,-1
59,5,345.12,207.15,118.70,319.38,0.83,-1,-1,-1
59,4,655.55,215.62,127.67,300.32,0.89,-1,-1,-1
59,2,724.23,217.22,89.54,277.66,0.90,-1,-1,-1
60,1,1071.19,152.20,117.31,321.03,0.70,-1,-1,-1
60,6,821.38,-99.74,429.89,968.36,0.88,-1,-1,-1
60,3,268.84,165.70,140.05,383.52,0.87,-1,-1,-1
60,5,341.57,209.21,120.36,325.07,0.83,-1,-1,-1
60,4,654.90,216.07,127.37,307.53,0.91,-1,-1,-1
60,2,723.26,216.58,90.11,279.32,0.91,-1,-1,-1
61,6,845.53,-111.90,424.07,979.51,0.80,-1,-1,-1
61,3,264.64,165.96,142.45,389.73,0.87,-1,-1,-1
61,5,338.50,210.46,121.99,328.90,0.84,-1,-1,-1
61,4,654.72,216.94,126.55,306.38,0.89,-1,-1,-1
61,2,723.56,219.13,89.12,276.68,0.90,-1,-1,-1
62,6,870.29,-128.67,417.71,1006.67,0.80,-1,-1,-1
62,3,262.38,166.63,142.70,391.33,0.88,-1,-1,-1
62,5,336.54,211.84,123.60,327.80,0.84,-1,-1,-1
62,4,655.65,216.41,123.76,307.83,0.89,-1,-1,-1
62,2,721.91,214.15,90.61,280.64,0.87,-1,-1,-1
63,6,887.56,-121.03,429.98,998.17,0.77,-1,-1,-1
63,3,262.27,167.17,140.98,388.80,0.88,-1,-1,-1
63,5,335.97,213.60,122.14,322.70,0.85,-1,-1,-1
63,4,654.54,216.86,124.44,309.09,0.90,-1,-1,-1
63,2,721.65,218.28,90.59,276.64,0.86,-1,-1,-1
64,6,900.77,-134.28,436.04,1002.59,0.79,-1,-1,-1
64,3,259.81,169.43,141.90,383.81,0.89,-1,-1,-1
64,5,332.78,215.45,123.15,319.71,0.86,-1,-1,-1
64,4,654.10,217.78,125.96,313.36,0.89,-1,-1,-1
64,2,720.03,223.06,91.90,273.24,0.91,-1,-1,-1
65,6,916.86,-146.14,399.53,1011.51,0.61,-1,-1,-1
65,3,256.46,170.92,143.66,387.43,0.88,-1,-1,-1
65,5,330.93,216.77,123.77,321.20,0.85,-1,-1,-1
65,4,653.63,218.95,125.86,313.19,0.90,-1,-1,-1
65,2,719.12,223.96,92.37,273.44,0.90,-1,-1,-1
66,6,923.76,-145.11,382.08,1010.61,0.59,-1,-1,-1
66,3,254.37,172.56,143.75,385.95,0.89,-1,-1,-1
66,5,327.96,218.24,122.54,319.32,0.85,-1,-1,-1
66,4,662.63,219.65,115.68,313.74,0.87,-1,-1,-1
66,2,719.03,223.73,91.99,275.93,0.90,-1,-1,-1
67,6,938.98,-164.44,378.44,1039.66,0.53,-1,-1,-1
67,3,253.76,173.46,142.15,384.04,0.89,-1,-1,-1
67,5,325.36,219.87,120.77,318.60,0.86,-1,-1,-1
67,4,666.23,220.25,112.19,316.54,0.87,-1,-1,-1
67,2,718.46,224.13,91.79,277.88,0.89,-1,-1,-1
68,6,956.00,-146.29,374.66,1020.77,0.68,-1,-1,-1
68,3,251.59,174.71,142.92,389.35,0.89,-1,-1,-1
68,5,323.91,220.09,119.41,325.44,0.85,-1,-1,-1
68,4,658.43,220.41,119.49,319.54,0.89,-1,-1,-1
68,2,718.12,223.76,91.66,280.18,0.89,-1,-1,-1
69,6,974.74,-157.50,376.18,1045.50,0.50,-1,-1,-1
69,3,251.14,176.32,142.05,387.36,0.89,-1,-1,-1
69,5,323.02,221.22,116.85,325.90,0.84,-1,-1,-1
69,4,659.55,221.57,118.58,321.14,0.88,-1,-1,-1
69,2,717.44,225.65,92.27,277.94,0.87,-1,-1,-1
70,6,994.90,-145.21,371.97,1035.86,0.16,-1,-1,-1
70,3,250.52,177.81,141.36,390.92,0.89,-1,-1,-1
70,5,324.67,223.35,113.13,324.51,0.81,-1,-1,-1
70,4,656.16,223.39,122.97,322.92,0.90,-1,-1,-1
70,2,718.19,225.64,91.88,280.13,0.87,-1,-1,-1
71,6,1010.37,-126.88,369.63,992.47,0.32,-1,-1,-1
71,3,250.13,179.24,139.37,389.10,0.88,-1,-1,-1
71,5,327.73,226.72,107.57,317.93,0.29,-1,-1,-1
71,4,654.03,222.88,126.44,326.56,0.90,-1,-1,-1
71,2,719.08,225.31,91.80,282.81,0.86,-1,-1,-1
72,6,1030.06,-112.68,353.05,977.25,0.50,-1,-1,-1
72,3,245.06,180.71,143.11,399.38,0.87,-1,-1,-1
72,4,653.70,223.04,128.90,328.45,0.90,-1,-1,-1
72,2,721.42,226.50,90.55,283.72,0.86,-1,-1,-1
73,6,1046.94,-91.71,324.95,923.36,0.44,-1,-1,-1
73,3,243.72,182.47,144.21,403.62,0.87,-1,-1,-1
73,4,652.43,224.13,133.36,329.32,0.91,-1,-1,-1
73,2,722.85,225.78,90.72,285.30,0.87,-1,-1,-1
74,6,1076.95,-86.02,293.51,903.22,0.30,-1,-1,-1
74,3,241.89,186.21,144.55,399.64,0.87,-1,-1,-1
74,4,651.34,223.31,134.41,332.11,0.91,-1,-1,-1
74,2,724.33,227.58,90.74,286.58,0.88,-1,-1,-1
75,6,1096.62,-104.70,304.16,927.57,0.21,-1,-1,-1
75,3,240.53,188.20,145.12,404.45,0.87,-1,-1,-1
75,4,650.99,225.08,134.29,332.11,0.92,-1,-1,-1
75,2,724.57,226.69,92.68,288.82,0.88,-1,-1,-1
76,6,1092.71,-93.80,307.42,921.28,0.18,-1,-1,-1
76,3,237.79,190.45,147.29,401.74,0.87,-1,-1,-1
76,4,650.23,228.83,135.28,330.38,0.91,-1,-1,-1
76,2,724.32,225.66,95.71,291.14,0.88,-1,-1,-1
77,6,1113.74,-79.73,300.55,908.40,0.18,-1,-1,-1
77,3,238.37,191.06,147.27,408.56,0.87,-1,-1,-1
77,4,651.05,229.79,136.25,332.37,0.91,-1,-1,-1
77,2,727.36,223.92,94.54,294.38,0.88,-1,-1,-1
78,6,1111.60,-72.86,323.89,915.28,0.55,-1,-1,-1
78,3,239.66,192.36,145.48,406.83,0.87,-1,-1,-1
78,4,652.91,233.14,136.95,330.08,0.90,-1,-1,-1
78,2,729.69,227.70,93.29,292.40,0.89,-1,-1,-1
79,6,1127.08,-61.22,300.68,908.25,0.29,-1,-1,-1
79,3,240.54,196.51,145.35,400.71,0.88,-1,-1,-1
79,4,651.99,234.76,142.14,331.10,0.91,-1,-1,-1
79,2,731.30,228.50,94.81,292.70,0.89,-1,-1,-1
80,6,1150.21,-7.64,259.29,815.44,0.31,-1,-1,-1
80,3,241.52,197.85,145.88,402.20,0.89,-1,-1,-1
80,4,654.78,235.51,137.04,331.27,0.86,-1,-1,-1
80,2,732.65,229.01,96.56,293.52,0.89,-1,-1,-1
80,1,1078.19,171.71,113.61,338.42,0.87,-1,-1,-1
81,6,1143.09,-27.46,279.51,835.68,0.60,-1,-1,-1
81,3,244.45,199.93,143.49,398.29,0.88,-1,-1,-1
81,4,654.68,235.41,138.97,332.96,0.87,-1,-1,-1
81,2,733.16,228.37,98.87,295.91,0.90,-1,-1,-1
81,1,1081.37,173.17,112.07,339.41,0.83,-1,-1,-1
82,6,1145.88,-25.45,287.93,820.02,0.67,-1,-1,-1
82,3,245.10,201.21,144.15,401.67,0.87,-1,-1,-1
82,4,657.65,235.52,137.92,334.17,0.87,-1,-1,-1
82,2,734.48,228.72,99.78,296.39,0.91,-1,-1,-1
82,1,1083.96,172.88,114.16,340.64,0.87,-1,-1,-1
83,6,1157.83,-12.07,277.74,797.42,0.68,-1,-1,-1
83,3,247.81,202.68,142.09,396.28,0.89,-1,-1,-1
83,4,660.26,236.38,138.50,334.64,0.90,-1,-1,-1
83,2,735.83,229.65,100.55,296.93,0.90,-1,-1,-1
83,1,1086.67,172.90,117.20,341.99,0.90,-1,-1,-1
83,5,398.06,287.75,69.88,260.91,0.80,-1,-1,-1
84,6,1188.69,25.21,256.01,746.47,0.13,-1,-1,-1
84,3,247.59,204.32,143.29,401.75,0.90,-1,-1,-1
84,4,660.51,237.14,140.61,335.06,0.92,-1,-1,-1
84,2,736.21,230.37,100.93,296.54,0.90,-1,-1,-1
84,1,1088.29,172.78,120.86,343.50,0.88,-1,-1,-1
84,5,405.49,291.87,68.79,256.95,0.78,-1,-1,-1
85,3,246.72,205.42,146.07,404.20,0.89,-1,-1,-1
85,4,662.70,237.69,140.14,334.99,0.92,-1,-1,-1
85,2,739.02,230.04,99.83,296.46,0.91,-1,-1,-1
85,1,1092.42,172.62,122.17,344.88,0.90,-1,-1,-1
85,5,410.83,293.20,68.63,250.09,0.77,-1,-1,-1
86,3,247.53,205.56,145.36,404.11,0.88,-1,-1,-1
86,4,663.15,237.15,141.74,336.26,0.92,-1,-1,-1
86,2,740.90,228.29,101.19,299.22,0.91,-1,-1,-1
86,1,1095.22,171.59,131.01,346.06,0.93,-1,-1,-1
86,5,417.51,292.94,72.98,244.39,0.81,-1,-1,-1
87,3,248.54,205.29,145.23,402.36,0.89,-1,-1,-1
87,4,664.73,236.96,142.19,336.61,0.93,-1,-1,-1
87,2,742.38,227.53,103.37,300.01,0.91,-1,-1,-1
87,1,1097.79,171.49,134.17,346.17,0.93,-1,-1,-1
87,5,422.95,289.69,77.09,256.35,0.81,-1,-1,-1
88,3,248.93,205.16,146.99,408.22,0.88,-1,-1,-1
88,4,666.83,236.51,142.94,337.33,0.92,-1,-1,-1
88,2,744.73,225.10,102.40,301.76,0.91,-1,-1,-1
88,1,1100.56,170.93,136.51,346.33,0.94,-1,-1,-1
88,5,427.80,288.40,78.04,260.91,0.79,-1,-1,-1
89,3,249.65,204.42,147.35,408.77,0.88,-1,-1,-1
89,4,669.58,235.19,143.79,338.55,0.93,-1,-1,-1
89,2,746.69,223.28,103.80,304.33,0.92,-1,-1,-1
89,1,1102.15,169.51,139.68,347.70,0.94,-1,-1,-1
89,5,432.38,286.09,77.64,259.15,0.83,-1,-1,-1
90,3,251.84,203.83,145.73,408.36,0.88,-1,-1,-1
90,4,670.76,234.66,144.71,339.29,0.93,-1,-1,-1
90,2,748.45,222.43,104.92,305.43,0.92,-1,-1,-1
90,1,1103.77,167.57,143.22,349.24,0.94,-1,-1,-1
90,5,434.03,284.08,82.95,262.06,0.77,-1,-1,-1
91,3,250.71,203.64,148.43,412.43,0.88,-1,-1,-1
91,4,672.81,234.13,144.46,340.58,0.92,-1,-1,-1
91,2,751.30,221.59,103.57,306.16,0.92,-1,-1,-1
91,1,1107.70,165.90,142.19,350.51,0.93,-1,-1,-1
91,5,436.19,282.69,82.55,263.28,0.78,-1,-1,-1
92,3,251.95,203.87,148.54,415.13,0.88,-1,-1,-1
92,4,676.05,233.16,142.56,341.56,0.92,-1,-1,-1
92,2,752.45,219.70,106.62,308.05,0.92,-1,-1,-1
92,1,1110.55,165.04,144.05,351.56,0.94,-1,-1,-1
92,5,438.93,281.36,81.15,269.35,0.80,-1,-1,-1
93,3,252.10,203.62,148.93,418.33,0.87,-1,-1,-1
93,4,678.05,233.11,142.46,341.96,0.93,-1,-1,-1
93,2,755.45,217.32,107.19,310.47,0.93,-1,-1,-1
93,1,1113.35,163.89,144.75,353.09,0.94,-1,-1,-1
93,5,444.17,280.03,77.02,267.80,0.80,-1,-1,-1
94,3,253.93,203.71,149.04,417.82,0.86,-1,-1,-1
94,4,679.82,232.45,141.80,343.32,0.92,-1,-1,-1
94,2,757.29,215.94,106.78,311.56,0.92,-1,-1,-1
94,1,1115.29,163.26,144.92,353.52,0.94,-1,-1,-1
94,5,447.70,279.15,76.04,266.07,0.79,-1,-1,-1
95,3,255.97,202.30,148.38,418.58,0.86,-1,-1,-1
95,4,682.13,233.28,140.85,342.08,0.92,-1,-1,-1
95,2,759.89,214.68,107.12,312.36,0.93,-1,-1,-1
95,1,1118.99,162.63,142.46,354.08,0.93,-1,-1,-1
95,5,448.63,278.19,79.42,273.16,0.80,-1,-1,-1
96,3,256.56,201.51,148.57,414.62,0.87,-1,-1,-1
96,4,684.95,232.18,140.62,344.14,0.92,-1,-1,-1
96,2,762.26,213.62,107.33,313.44,0.93,-1,-1,-1
96,1,1122.84,161.93,139.20,355.15,0.93,-1,-1,-1
96,5,455.81,277.56,84.58,281.41,0.82,-1,-1,-1
97,3,257.84,201.44,147.66,416.43,0.88,-1,-1,-1
97,4,686.89,233.17,140.11,343.30,0.93,-1,-1,-1
97,2,763.44,212.91,108.75,315.43,0.93,-1,-1,-1
97,1,1125.86,160.88,139.30,357.75,0.92,-1,-1,-1
97,5,460.31,277.64,88.57,275.02,0.84,-1,-1,-1
97,8,334.35,260.10,92.25,304.20,0.74,-1,-1,-1
98,3,258.55,200.67,149.85,419.64,0.87,-1,-1,-1
98,4,688.38,234.02,140.99,342.56,0.93,-1,-1,-1
98,2,764.89,212.58,109.75,315.75,0.93,-1,-1,-1
98,1,1128.59,160.02,140.38,359.93,0.92,-1,-1,-1
98,5,463.21,277.32,96.42,279.75,0.84,-1,-1,-1
98,8,338.90,261.02,93.90,307.68,0.70,-1,-1,-1
99,3,259.80,200.99,153.79,417.43,0.86,-1,-1,-1
99,4,690.45,234.36,141.19,342.89,0.93,-1,-1,-1
99,2,767.24,212.16,109.40,316.51,0.93,-1,-1,-1
99,1,1132.00,159.52,138.24,362.00,0.92,-1,-1,-1
99,5,468.63,278.20,99.90,271.52,0.87,-1,-1,-1
99,8,341.95,259.26,96.60,305.13,0.70,-1,-1,-1
100,3,260.45,201.90,152.32,415.68,0.86,-1,-1,-1
100,4,692.23,233.44,140.68,343.39,0.92,-1,-1,-1
100,2,769.75,209.89,109.85,319.46,0.93,-1,-1,-1
100,1,1134.98,158.99,139.81,362.48,0.92,-1,-1,-1
100,5,473.33,277.34,104.69,273.35,0.85,-1,-1,-1
100,8,354.17,259.76,88.13,294.09,0.75,-1,-1,-1
101,3,262.54,203.42,150.79,419.10,0.86,-1,-1,-1
101,4,693.06,234.60,141.65,343.74,0.93,-1,-1,-1
101,2,768.74,210.55,112.95,319.53,0.92,-1,-1,-1
101,1,1137.55,158.76,136.77,364.01,0.92,-1,-1,-1
101,5,477.07,277.49,107.06,274.64,0.85,-1,-1,-1
101,8,355.74,259.10,94.38,309.04,0.79,-1,-1,-1
101,9,1184.40,181.01,149.40,397.69,0.71,-1,-1,-1
102,3,263.74,203.73,150.56,422.64,0.88,-1,-1,-1
102,4,694.50,234.64,142.66,345.32,0.93,-1,-1,-1
102,2,770.95,211.51,113.55,319.32,0.92,-1,-1,-1
102,1,1140.79,158.32,132.02,364.73,0.91,-1,-1,-1
102,5,482.44,278.39,106.22,267.02,0.85,-1,-1,-1
102,8,361.17,259.20,94.31,310.79,0.79,-1,-1,-1
102,9,1183.69,182.88,152.51,388.07,0.73,-1,-1,-1
103,3,264.35,204.04,151.70,426.42,0.88,-1,-1,-1
103,4,694.67,236.14,143.65,345.24,0.92,-1,-1,-1
103,2,773.78,211.15,113.78,321.37,0.93,-1,-1,-1
103,1,1143.02,158.21,131.49,366.03,0.91,-1,-1,-1
103,5,489.37,279.82,101.13,269.31,0.86,-1,-1,-1
103,8,369.71,259.94,89.83,307.13,0.80,-1,-1,-1
103,9,1182.95,184.77,146.30,382.82,0.81,-1,-1,-1
104,3,265.26,204.43,152.04,425.74,0.87,-1,-1,-1
104,4,695.60,235.52,144.56,346.77,0.92,-1,-1,-1
104,2,776.63,210.76,113.18,322.17,0.93,-1,-1,-1
104,1,1146.26,158.13,130.05,367.30,0.91,-1,-1,-1
104,5,494.51,279.26,98.99,265.00,0.88,-1,-1,-1
104,8,376.43,258.87,86.71,314.60,0.81,-1,-1,-1
104,9,1185.18,185.45,143.98,383.27,0.78,-1,-1,-1
105,3,265.78,205.66,152.22,421.18,0.86,-1,-1,-1
105,4,697.61,235.65,145.54,347.62,0.92,-1,-1,-1
105,2,779.37,211.89,112.97,321.54,0.92,-1,-1,-1
105,1,1149.12,158.65,129.58,368.40,0.91,-1,-1,-1
105,5,497.10,279.27,100.57,264.76,0.88,-1,-1,-1
105,8,381.76,258.59,87.13,309.93,0.84,-1,-1,-1
105,9,1187.07,184.60,144.85,385.21,0.75,-1,-1,-1
106,3,266.83,206.08,152.42,415.75,0.85,-1,-1,-1
106,4,698.13,235.72,146.36,348.83,0.92,-1,-1,-1
106,2,782.81,211.59,112.15,322.68,0.93,-1,-1,-1
106,1,1153.78,158.09,126.89,369.75,0.91,-1,-1,-1
106,5,503.65,277.61,99.26,265.74,0.88,-1,-1,-1
106,8,384.77,257.81,87.83,307.78,0.81,-1,-1,-1
106,9,1187.64,185.93,134.57,385.44,0.85,-1,-1,-1
107,3,267.83,205.18,152.26,423.02,0.88,-1,-1,-1
107,4,702.79,235.16,143.15,349.68,0.92,-1,-1,-1
107,2,785.32,209.83,112.48,324.25,0.93,-1,-1,-1
107,1,1156.83,156.43,127.19,373.26,0.90,-1,-1,-1
107,5,508.63,275.36,97.56,268.17,0.88,-1,-1,-1
107,8,387.41,256.35,92.46,322.05,0.83,-1,-1,-1
107,9,1190.53,185.39,128.59,386.04,0.84,-1,-1,-1
108,3,268.25,205.05,152.22,420.12,0.88,-1,-1,-1
108,4,706.38,234.75,141.34,349.51,0.92,-1,-1,-1
108,2,784.46,209.34,115.60,323.98,0.92,-1,-1,-1
108,1,1158.21,154.83,132.18,374.56,0.88,-1,-1,-1
108,5,516.99,273.93,91.51,266.97,0.88,-1,-1,-1
108,8,390.72,255.22,92.68,321.84,0.84,-1,-1,-1
108,9,1190.52,184.01,125.55,387.96,0.83,-1,-1,-1
109,3,268.62,204.64,152.63,423.81,0.87,-1,-1,-1
109,4,707.50,233.79,141.71,350.31,0.93,-1,-1,-1
109,2,785.07,208.87,117.21,323.69,0.92,-1,-1,-1
109,1,1160.64,152.86,132.69,377.17,0.87,-1,-1,-1
109,5,519.82,271.76,92.76,269.13,0.88,-1,-1,-1
109,8,392.52,254.67,93.39,321.49,0.83,-1,-1,-1
109,9,1184.97,184.63,124.59,386.78,0.86,-1,-1,-1
110,3,268.47,204.58,153.74,424.15,0.87,-1,-1,-1
110,4,709.05,233.88,141.92,350.67,0.92,-1,-1,-1
110,2,784.97,207.66,119.04,324.81,0.91,-1,-1,-1
110,1,1163.36,151.05,131.77,381.16,0.84,-1,-1,-1
110,5,522.48,270.26,94.45,266.72,0.86,-1,-1,-1
110,8,395.21,255.89,93.25,313.55,0.82,-1,-1,-1
110,9,1179.36,185.18,127.00,386.80,0.86,-1,-1,-1
111,3,269.23,204.95,153.26,424.47,0.87,-1,-1,-1
111,4,709.88,234.63,142.60,350.40,0.92,-1,-1,-1
111,2,786.38,207.87,119.71,324.88,0.91,-1,-1,-1
111,5,530.45,270.60,90.30,262.84,0.89,-1,-1,-1
111,8,397.06,255.12,95.13,318.99,0.80,-1,-1,-1
111,9,1175.01,186.13,125.48,387.00,0.86,-1,-1,-1
112,3,269.04,205.24,153.08,423.24,0.87,-1,-1,-1
112,4,710.30,232.54,143.47,352.67,0.93,-1,-1,-1
112,2,788.80,209.10,118.17,323.17,0.92,-1,-1,-1
112,5,534.33,270.77,89.93,261.72,0.87,-1,-1,-1
112,8,398.53,253.82,103.72,319.96,0.80,-1,-1,-1
112,9,1172.13,185.11,128.77,389.06,0.84,-1,-1,-1
113,3,269.18,204.23,152.66,426.76,0.87,-1,-1,-1
113,4,713.11,231.55,141.96,353.92,0.92,-1,-1,-1
113,2,790.29,209.39,118.10,322.62,0.92,-1,-1,-1
113,5,538.04,270.94,87.97,264.15,0.83,-1,-1,-1
113,8,402.24,251.93,109.47,335.03,0.76,-1,-1,-1
113,9,1168.08,183.72,125.11,390.74,0.86,-1,-1,-1
114,3,269.39,204.01,152.17,419.79,0.88,-1,-1,-1
114,4,713.52,231.01,143.17,354.81,0.92,-1,-1,-1
114,2,791.41,210.39,118.04,321.20,0.92,-1,-1,-1
114,5,539.21,269.20,94.54,274.65,0.87,-1,-1,-1
114,8,406.21,251.77,107.64,329.46,0.81,-1,-1,-1
114,9,1164.83,195.22,133.64,381.13,0.75,-1,-1,-1
115,3,268.55,203.78,152.54,417.24,0.88,-1,-1,-1
115,4,714.18,230.32,142.99,355.63,0.92,-1,-1,-1
115,2,791.73,207.51,118.56,323.94,0.92,-1,-1,-1
115,5,541.01,267.98,98.03,281.50,0.91,-1,-1,-1
115,8,412.03,250.87,102.33,328.59,0.85,-1,-1,-1
115,9,1157.70,187.03,133.06,389.45,0.85,-1,-1,-1
115,1,1219.46,201.13,111.83,385.08,0.66,-1,-1,-1
116,3,268.70,203.04,147.93,416.97,0.87,-1,-1,-1
116,4,715.54,229.78,141.76,356.49,0.93,-1,-1,-1
116,2,794.16,204.58,116.98,327.09,0.92,-1,-1,-1
116,5,544.12,267.18,99.41,279.74,0.92,-1,-1,-1
116,8,410.39,250.51,105.08,327.64,0.84,-1,-1,-1
116,9,1150.28,184.67,130.49,382.85,0.83,-1,-1,-1
116,1,1208.98,208.14,120.55,386.18,0.80,-1,-1,-1
117,3,266.57,202.28,152.22,421.06,0.88,-1,-1,-1
117,4,715.83,229.03,141.86,357.22,0.92,-1,-1,-1
117,2,794.58,203.38,118.13,328.55,0.92,-1,-1,-1
117,5,547.93,267.30,98.70,280.53,0.92,-1,-1,-1
117,8,408.79,249.58,109.42,318.62,0.85,-1,-1,-1
117,9,1131.49,184.11,145.26,383.48,0.89,-1,-1,-1
117,1,1195.32,210.49,143.07,384.70,0.84,-1,-1,-1
118,3,263.37,200.50,155.88,427.14,0.88,-1,-1,-1
118,4,715.18,228.60,143.13,357.66,0.92,-1,-1,-1
118,2,794.29,202.41,119.77,329.63,0.91,-1,-1,-1
118,5,549.38,265.89,100.80,284.68,0.91,-1,-1,-1
118,8,414.50,248.02,108.28,325.76,0.83,-1,-1,-1
118,9,1113.17,183.79,159.74,384.17,0.90,-1,-1,-1
118,1,1185.27,211.30,156.93,385.55,0.85,-1,-1,-1
118,10,387.45,246.82,98.10,311.18,0.77,-1,-1,-1
119,3,262.06,197.26,153.34,433.02,0.87,-1,-1,-1
119,4,715.70,228.05,142.35,358.30,0.92,-1,-1,-1
119,2,793.99,201.84,120.91,329.79,0.93,-1,-1,-1
119,5,551.89,264.67,100.93,286.46,0.92,-1,-1,-1
119,8,419.55,246.04,109.05,338.85,0.84,-1,-1,-1
119,9,1096.57,184.22,173.33,385.47,0.91,-1,-1,-1
119,1,1174.32,209.67,165.92,386.51,0.86,-1,-1,-1
119,10,389.16,245.95,98.28,320.78,0.78,-1,-1,-1
120,3,259.01,197.14,154.90,433.13,0.88,-1,-1,-1
120,4,716.98,226.36,141.59,360.71,0.92,-1,-1,-1
120,2,794.69,200.65,120.86,330.89,0.93,-1,-1,-1
120,5,552.25,263.33,102.24,287.23,0.92,-1,-1,-1
120,8,421.71,245.02,110.31,341.58,0.84,-1,-1,-1
120,9,1084.56,185.77,180.01,384.90,0.91,-1,-1,-1
120,1,1168.87,207.29,169.62,391.15,0.88,-1,-1,-1
120,10,390.46,245.55,98.20,319.53,0.79,-1,-1,-1
121,3,253.41,196.15,156.77,444.18,0.86,-1,-1,-1
121,4,715.55,225.94,143.21,361.90,0.91,-1,-1,-1
121,2,794.29,199.21,121.49,332.76,0.93,-1,-1,-1
121,5,552.11,263.51,103.97,285.22,0.92,-1,-1,-1
121,8,423.08,244.44,113.79,334.99,0.85,-1,-1,-1
121,9,1078.37,187.84,180.42,383.98,0.90,-1,-1,-1
121,1,1167.41,207.17,165.30,393.67,0.89,-1,-1,-1
121,10,392.01,245.90,97.49,315.49,0.81,-1,-1,-1
122,3,250.42,196.78,158.38,442.38,0.87,-1,-1,-1
122,4,714.68,225.61,143.22,363.45,0.91,-1,-1,-1
122,2,792.59,198.20,123.51,334.58,0.93,-1,-1,-1
122,5,551.70,264.70,104.61,283.39,0.93,-1,-1,-1
122,8,423.88,244.78,118.91,320.82,0.90,-1,-1,-1
122,9,1074.37,189.79,180.42,383.63,0.91,-1,-1,-1
122,1,1168.47,207.20,159.83,395.53,0.89,-1,-1,-1
122,10,392.78,245.69,99.47,312.92,0.84,-1,-1,-1
123,3,249.77,196.98,156.56,439.77,0.88,-1,-1,-1
123,4,713.28,225.02,143.80,365.64,0.92,-1,-1,-1
123,2,792.40,198.87,124.24,334.49,0.93,-1,-1,-1
123,5,550.93,264.68,106.58,285.77,0.93,-1,-1,-1
123,8,425.74,244.10,125.34,319.17,0.88,-1,-1,-1
123,9,1069.30,191.27,179.10,385.18,0.91,-1,-1,-1
123,1,1169.84,205.45,153.97,398.23,0.88,-1,-1,-1
123,10,394.79,245.82,103.18,316.05,0.78,-1,-1,-1
124,3,246.83,197.86,157.73,442.99,0.88,-1,-1,-1
124,4,712.66,224.97,144.69,367.66,0.92,-1,-1,-1
124,2,792.52,198.32,124.55,336.32,0.93,-1,-1,-1
124,5,551.97,264.95,106.77,287.81,0.94,-1,-1,-1
124,8,429.21,244.32,130.75,319.61,0.91,-1,-1,-1
124,9,1065.48,192.71,176.20,386.48,0.91,-1,-1,-1
124,1,1170.59,205.52,150.52,400.27,0.88,-1,-1,-1
124,10,395.32,246.18,106.69,317.48,0.77,-1,-1,-1
125,3,243.38,199.03,157.68,438.63,0.89,-1,-1,-1
125,4,713.18,225.29,145.72,369.84,0.92,-1,-1,-1
125,2,794.53,200.75,122.96,336.41,0.93,-1,-1,-1
125,5,551.51,265.58,106.89,290.72,0.92,-1,-1,-1
125,8,431.69,245.70,135.23,321.25,0.90,-1,-1,-1
125,9,1062.53,192.89,177.46,389.32,0.91,-1,-1,-1
125,1,1171.53,206.02,142.07,403.04,0.89,-1,-1,-1
125,10,395.97,249.17,106.32,315.45,0.79,-1,-1,-1
126,3,239.21,199.54,158.82,442.03,0.89,-1,-1,-1
126,4,712.62,226.09,145.22,370.81,0.91,-1,-1,-1
126,2,794.43,199.94,123.27,337.91,0.93,-1,-1,-1
126,5,552.50,265.87,104.29,292.90,0.91,-1,-1,-1
126,8,432.10,244.93,140.54,324.32,0.91,-1,-1,-1
126,9,1060.42,192.81,175.14,391.76,0.91,-1,-1,-1
126,1,1171.76,207.76,140.94,403.65,0.89,-1,-1,-1
126,10,396.42,251.23,111.69,319.32,0.76,-1,-1,-1
127,3,233.86,199.30,161.61,440.93,0.89,-1,-1,-1
127,4,712.86,226.47,143.82,371.87,0.91,-1,-1,-1
127,2,795.73,200.68,122.18,337.91,0.94,-1,-1,-1
127,5,552.37,265.31,103.27,296.34,0.92,-1,-1,-1
127,8,433.94,245.63,140.95,324.42,0.90,-1,-1,-1
127,9,1061.87,192.29,170.59,394.22,0.90,-1,-1,-1
127,1,1173.21,208.19,141.75,404.76,0.89,-1,-1,-1
127,10,391.48,252.65,116.44,314.46,0.76,-1,-1,-1
128,3,232.99,199.79,157.80,440.37,0.90,-1,-1,-1
128,4,711.58,226.94,147.65,374.10,0.93,-1,-1,-1
128,2,795.22,199.78,123.69,340.33,0.93,-1,-1,-1
128,5,552.52,265.03,102.99,305.79,0.91,-1,-1,-1
128,8,432.19,245.97,142.17,326.30,0.90,-1,-1,-1
128,9,1062.61,192.42,171.38,396.07,0.90,-1,-1,-1
128,1,1174.97,208.90,151.84,407.63,0.88,-1,-1,-1
128,10,393.13,255.64,118.33,312.99,0.63,-1,-1,-1
129,3,230.36,201.51,157.23,447.20,0.90,-1,-1,-1
129,4,708.74,227.60,151.49,375.79,0.93,-1,-1,-1
129,2,794.12,199.46,124.88,342.56,0.93,-1,-1,-1
129,5,551.68,265.65,103.51,312.94,0.92,-1,-1,-1
129,8,433.39,247.13,139.80,327.67,0.91,-1,-1,-1
129,9,1060.93,193.70,177.65,398.28,0.89,-1,-1,-1
129,1,1172.93,210.48,134.54,408.60,0.87,-1,-1,-1
129,10,397.24,256.97,116.18,309.97,0.63,-1,-1,-1
130,3,225.20,202.83,165.78,452.04,0.88,-1,-1,-1
130,4,707.36,228.41,153.88,376.61,0.93,-1,-1,-1
130,2,794.21,199.36,124.51,344.22,0.94,-1,-1,-1
130,5,551.42,266.59,105.32,318.30,0.93,-1,-1,-1
130,8,434.45,247.53,137.79,330.18,0.89,-1,-1,-1
130,9,1058.07,194.63,176.17,398.64,0.92,-1,-1,-1
130,1,1169.48,211.81,128.27,409.93,0.88,-1,-1,-1
130,10,403.12,258.10,111.88,310.82,0.27,-1,-1,-1
131,3,223.47,203.10,161.88,472.87,0.88,-1,-1,-1
131,4,706.31,228.60,157.22,378.45,0.93,-1,-1,-1
131,2,795.51,199.72,123.84,345.56,0.94,-1,-1,-1
131,5,551.60,266.86,106.65,320.04,0.93,-1,-1,-1
131,8,431.63,247.01,140.75,335.06,0.88,-1,-1,-1
131,9,1056.45,195.01,172.03,399.81,0.89,-1,-1,-1
131,1,1167.51,212.01,126.22,410.84,0.86,-1,-1,-1
131,10,407.65,259.77,107.21,305.65,0.22,-1,-1,-1
132,3,220.59,204.16,162.61,472.02,0.89,-1,-1,-1
132,4,706.58,229.34,158.01,380.61,0.93,-1,-1,-1
132,2,796.64,199.85,124.29,347.31,0.94,-1,-1,-1
132,5,552.27,267.40,107.84,322.67,0.93,-1,-1,-1
132,8,441.74,247.86,129.57,334.51,0.92,-1,-1,-1
132,9,1056.12,195.11,175.35,404.39,0.87,-1,-1,-1
132,1,1163.87,211.60,128.13,415.39,0.80,-1,-1,-1
132,10,411.54,264.31,102.02,300.57,0.66,-1,-1,-1
133,3,219.28,205.11,165.34,469.73,0.87,-1,-1,-1
133,4,706.54,229.96,156.86,381.44,0.93,-1,-1,-1
133,2,797.39,199.84,123.68,347.88,0.94,-1,-1,-1
133,5,552.81,267.81,108.72,323.48,0.93,-1,-1,-1
133,8,443.93,248.12,127.26,334.76,0.91,-1,-1,-1
133,9,1055.56,196.05,171.58,406.20,0.88,-1,-1,-1
133,1,1157.67,212.53,128.71,418.12,0.79,-1,-1,-1
133,10,416.26,264.92,97.34,298.43,0.21,-1,-1,-1
134,3,216.43,205.07,167.11,471.75,0.87,-1,-1,-1
134,4,706.17,230.32,156.28,382.22,0.94,-1,-1,-1
134,2,797.26,199.62,123.36,348.35,0.94,-1,-1,-1
134,5,552.95,267.77,109.55,324.18,0.94,-1,-1,-1
134,8,449.80,248.45,120.89,334.00,0.92,-1,-1,-1
134,9,1054.78,196.20,162.75,409.80,0.89,-1,-1,-1
134,1,1152.82,212.15,130.09,422.25,0.89,-1,-1,-1
134,10,419.07,261.83,98.71,299.49,0.52,-1,-1,-1
135,3,212.93,206.81,177.73,468.10,0.87,-1,-1,-1
135,4,705.21,230.80,157.99,383.88,0.94,-1,-1,-1
135,2,797.00,199.72,123.38,350.63,0.94,-1,-1,-1
135,5,552.03,268.75,112.94,324.54,0.93,-1,-1,-1
135,8,449.87,249.14,120.50,334.03,0.91,-1,-1,-1
135,9,1051.90,197.55,148.60,414.17,0.87,-1,-1,-1
135,1,1148.44,214.90,134.39,423.42,0.91,-1,-1,-1
135,10,423.66,262.29,96.15,289.27,0.19,-1,-1,-1
136,3,210.02,208.21,172.91,472.78,0.85,-1,-1,-1
136,4,705.10,231.50,158.54,385.35,0.94,-1,-1,-1
136,2,796.60,200.67,123.32,352.82,0.94,-1,-1,-1
136,5,551.21,269.61,115.91,326.30,0.94,-1,-1,-1
136,8,447.94,249.84,122.30,334.55,0.89,-1,-1,-1
136,9,1040.52,200.55,147.13,417.78,0.83,-1,-1,-1
136,1,1136.39,217.89,147.83,425.16,0.92,-1,-1,-1
136,10,424.54,267.73,98.39,283.89,0.17,-1,-1,-1
137,3,208.00,209.14,180.15,471.63,0.86,-1,-1,-1
137,4,704.14,231.75,159.34,386.25,0.94,-1,-1,-1
137,2,795.98,200.96,123.34,353.54,0.95,-1,-1,-1
137,5,551.02,269.96,118.23,327.67,0.95,-1,-1,-1
137,8,435.83,249.29,135.48,336.42,0.91,-1,-1,-1
137,9,1020.98,202.25,159.01,419.02,0.90,-1,-1,-1
137,1,1120.48,218.22,164.38,427.57,0.93,-1,-1,-1
138,3,204.37,209.82,188.63,474.25,0.85,-1,-1,-1
138,4,703.47,232.18,159.60,387.10,0.94,-1,-1,-1
138,2,795.47,201.11,123.92,354.89,0.95,-1,-1,-1
138,5,551.09,270.55,121.99,328.46,0.94,-1,-1,-1
138,8,432.66,249.38,138.56,339.09,0.91,-1,-1,-1
138,9,1001.24,203.96,170.29,420.78,0.92,-1,-1,-1
138,1,1106.00,220.69,179.91,429.11,0.93,-1,-1,-1
139,3,203.32,210.29,193.52,477.80,0.86,-1,-1,-1
139,4,702.25,232.92,160.80,387.93,0.94,-1,-1,-1
139,2,794.88,201.03,124.09,356.06,0.95,-1,-1,-1
139,5,550.15,270.89,129.78,329.69,0.94,-1,-1,-1
139,8,433.94,249.67,136.75,340.94,0.90,-1,-1,-1
139,9,985.54,206.08,185.09,421.92,0.91,-1,-1,-1
139,1,1089.99,222.66,195.06,430.31,0.93,-1,-1,-1
140,3,197.41,210.95,198.04,471.21,0.86,-1,-1,-1
140,4,701.24,233.89,162.42,388.78,0.94,-1,-1,-1
140,2,794.42,201.41,124.15,356.73,0.95,-1,-1,-1
140,5,549.76,271.11,134.46,331.83,0.94,-1,-1,-1
140,8,434.10,249.86,136.57,345.74,0.91,-1,-1,-1
140,9,975.73,209.20,203.45,421.82,0.92,-1,-1,-1
140,1,1081.00,226.17,205.61,429.51,0.93,-1,-1,-1
141,3,198.54,211.92,197.83,467.20,0.86,-1,-1,-1
141,4,699.98,233.24,165.34,391.24,0.94,-1,-1,-1
141,2,793.92,201.81,123.54,358.15,0.95,-1,-1,-1
141,5,549.31,271.51,137.94,334.60,0.94,-1,-1,-1
141,8,436.86,250.39,133.45,347.62,0.91,-1,-1,-1
141,9,969.73,212.39,210.61,423.24,0.93,-1,-1,-1
141,1,1074.09,228.00,211.94,431.54,0.93,-1,-1,-1
142,3,195.05,212.07,199.03,472.28,0.86,-1,-1,-1
142,4,698.86,232.32,166.95,393.81,0.94,-1,-1,-1
142,2,792.44,201.62,125.07,358.54,0.95,-1,-1,-1
142,5,549.68,271.87,140.34,336.98,0.94,-1,-1,-1
142,8,438.81,250.23,129.78,350.56,0.90,-1,-1,-1
142,9,965.82,215.19,212.13,426.06,0.92,-1,-1,-1
142,1,1070.23,227.90,214.23,433.70,0.93,-1,-1,-1
143,3,193.99,211.92,199.82,468.47,0.88,-1,-1,-1
143,4,697.04,233.08,168.22,393.36,0.94,-1,-1,-1
143,2,790.20,201.75,127.50,360.24,0.95,-1,-1,-1
143,5,549.54,271.66,141.85,339.39,0.93,-1,-1,-1
143,8,439.80,250.13,129.67,352.31,0.88,-1,-1,-1
143,9,965.95,215.26,209.20,429.19,0.92,-1,-1,-1
143,1,1070.31,226.42,216.21,436.74,0.92,-1,-1,-1
144,3,192.95,212.07,196.94,468.34,0.87,-1,-1,-1
144,4,696.17,233.67,168.02,394.38,0.94,-1,-1,-1
144,2,785.84,202.41,131.94,360.62,0.94,-1,-1,-1
144,5,549.37,271.43,142.89,341.04,0.94,-1,-1,-1
144,8,452.38,250.40,118.20,353.30,0.88,-1,-1,-1
144,9,965.72,213.73,206.62,432.71,0.89,-1,-1,-1
144,1,1070.43,226.29,214.41,437.02,0.93,-1,-1,-1
145,3,189.51,212.01,194.09,472.46,0.86,-1,-1,-1
145,4,694.97,233.19,168.48,395.32,0.94,-1,-1,-1
145,2,780.37,201.90,137.12,361.39,0.94,-1,-1,-1
145,5,549.58,271.82,140.27,342.49,0.94,-1,-1,-1
145,8,456.50,250.41,115.67,355.09,0.90,-1,-1,-1
145,9,965.32,212.11,203.13,435.16,0.89,-1,-1,-1
145,1,1068.98,226.18,208.82,438.18,0.93,-1,-1,-1
146,3,187.13,211.73,197.41,476.26,0.86,-1,-1,-1
146,4,694.53,233.01,166.29,397.41,0.94,-1,-1,-1
146,2,776.88,203.34,140.28,360.26,0.94,-1,-1,-1
146,5,549.82,271.09,136.82,346.48,0.93,-1,-1,-1
146,8,452.49,249.82,120.98,358.02,0.90,-1,-1,-1
146,9,963.84,211.11,202.93,438.19,0.89,-1,-1,-1
146,1,1067.14,225.86,210.07,440.07,0.94,-1,-1,-1
147,3,184.05,211.11,189.75,482.35,0.86,-1,-1,-1
147,4,693.40,232.97,167.23,398.97,0.94,-1,-1,-1
147,2,776.34,202.48,140.32,361.75,0.94,-1,-1,-1
147,5,550.43,271.29,132.46,350.38,0.93,-1,-1,-1
147,8,458.12,249.17,115.75,360.66,0.89,-1,-1,-1
147,9,960.39,209.67,187.38,441.41,0.90,-1,-1,-1
147,1,1065.27,224.13,206.93,443.40,0.93,-1,-1,-1
147,10,443.55,265.72,107.83,317.10,0.61,-1,-1,-1
148,3,180.67,210.71,198.43,484.53,0.85,-1,-1,-1
148,4,691.86,232.91,168.71,399.64,0.94,-1,-1,-1
148,2,775.62,201.90,140.23,362.36,0.94,-1,-1,-1
148,5,551.05,270.14,130.73,355.77,0.93,-1,-1,-1
148,8,452.68,249.07,122.93,362.77,0.90,-1,-1,-1
148,9,953.31,206.91,186.05,444.50,0.90,-1,-1,-1
148,1,1060.53,223.26,201.94,446.34,0.93,-1,-1,-1
149,3,177.39,210.41,201.61,482.74,0.85,-1,-1,-1
149,4,689.55,232.20,171.13,401.37,0.94,-1,-1,-1
149,2,775.19,202.47,139.64,361.96,0.94,-1,-1,-1
149,5,551.18,270.06,130.76,359.36,0.94,-1,-1,-1
149,8,449.98,248.05,126.13,366.48,0.91,-1,-1,-1
149,9,946.92,205.01,190.52,447.89,0.90,-1,-1,-1
149,1,1055.07,222.09,197.67,448.21,0.93,-1,-1,-1
