0,1,778.05,290.02,92.70,195.07,0.93,-1,-1,-1
0,2,739.35,256.05,74.70,211.95,0.88,-1,-1,-1
0,3,862.65,263.25,84.15,233.55,0.88,-1,-1,-1
0,4,813.15,263.70,99.00,207.45,0.84,-1,-1,-1
0,5,75.38,268.88,82.12,203.62,0.82,-1,-1,-1
0,6,-6.79,287.32,55.11,158.85,0.79,-1,-1,-1
0,7,69.30,281.70,51.75,162.00,0.71,-1,-1,-1
1,1,778.05,290.03,92.70,195.07,0.93,-1,-1,-1
1,2,739.35,256.05,74.70,211.95,0.88,-1,-1,-1
1,3,862.65,263.25,84.15,233.55,0.88,-1,-1,-1
1,4,813.54,263.70,99.00,207.45,0.84,-1,-1,-1
1,5,75.38,268.88,82.12,204.41,0.82,-1,-1,-1
1,6,-6.84,287.32,55.06,159.63,0.79,-1,-1,-1
1,7,69.35,281.70,51.51,161.22,0.71,-1,-1,-1
2,1,776.92,289.68,94.71,195.56,0.93,-1,-1,-1
2,2,739.66,256.62,75.33,211.89,0.88,-1,-1,-1
2,3,863.53,262.58,88.62,235.05,0.90,-1,-1,-1
2,4,814.19,266.36,98.20,205.29,0.85,-1,-1,-1
2,5,74.57,267.34,82.65,209.39,0.85,-1,-1,-1
2,6,-6.28,286.65,54.10,162.39,0.80,-1,-1,-1
2,7,69.47,281.56,50.58,160.56,0.69,-1,-1,-1
3,1,775.92,289.07,96.75,196.39,0.93,-1,-1,-1
3,2,739.76,252.84,76.24,215.99,0.88,-1,-1,-1
3,3,863.90,263.05,90.74,236.05,0.90,-1,-1,-1
3,4,815.48,266.85,97.32,206.17,0.86,-1,-1,-1
3,5,72.94,267.81,84.57,219.23,0.84,-1,-1,-1
3,6,-7.01,286.38,53.52,164.39,0.78,-1,-1,-1
3,7,67.81,281.63,53.05,164.62,0.59,-1,-1,-1
4,1,775.60,288.90,97.30,197.38,0.93,-1,-1,-1
4,2,749.34,251.96,67.26,217.37,0.85,-1,-1,-1
4,3,864.92,263.09,90.31,237.22,0.90,-1,-1,-1
4,4,817.18,267.96,96.32,205.57,0.86,-1,-1,-1
4,5,71.99,267.77,85.36,220.99,0.82,-1,-1,-1
4,6,-11.42,286.90,56.33,170.13,0.77,-1,-1,-1
4,7,65.52,281.93,54.96,168.14,0.65,-1,-1,-1
5,1,776.17,289.26,97.42,198.06,0.93,-1,-1,-1
5,2,756.02,250.20,60.05,220.69,0.86,-1,-1,-1
5,3,866.56,263.20,89.39,238.91,0.90,-1,-1,-1
5,4,819.98,268.86,94.72,204.95,0.86,-1,-1,-1
5,5,69.11,266.84,89.07,230.85,0.83,-1,-1,-1
5,6,-12.83,287.54,55.82,171.44,0.77,-1,-1,-1
5,7,64.24,281.71,54.96,172.81,0.64,-1,-1,-1
5,8,150.75,259.20,73.80,222.75,0.72,-1,-1,-1
6,1,777.13,290.08,97.27,198.75,0.93,-1,-1,-1
6,2,759.36,250.19,56.53,221.76,0.87,-1,-1,-1
6,3,868.15,263.51,91.04,239.76,0.90,-1,-1,-1
6,4,822.27,269.53,92.16,205.56,0.86,-1,-1,-1
6,5,68.05,266.29,89.63,233.01,0.81,-1,-1,-1
6,6,-13.55,287.37,54.56,172.09,0.78,-1,-1,-1
6,7,62.68,281.58,55.80,175.31,0.65,-1,-1,-1
6,8,149.62,257.74,79.71,231.48,0.76,-1,-1,-1
7,1,778.82,289.88,96.80,200.79,0.93,-1,-1,-1
7,2,760.94,249.58,55.76,223.74,0.88,-1,-1,-1
7,3,870.09,263.65,91.23,240.65,0.89,-1,-1,-1
7,4,822.81,270.26,91.54,206.21,0.84,-1,-1,-1
7,5,65.98,267.46,90.64,225.87,0.81,-1,-1,-1
7,6,-15.20,288.13,54.56,173.25,0.77,-1,-1,-1
7,7,59.55,282.15,58.44,182.15,0.67,-1,-1,-1
7,8,147.55,257.61,78.84,227.76,0.77,-1,-1,-1
8,1,779.78,290.41,97.17,202.11,0.93,-1,-1,-1
8,2,762.05,251.53,55.63,224.08,0.89,-1,-1,-1
8,3,870.72,264.15,93.35,241.66,0.89,-1,-1,-1
8,4,822.02,268.97,91.96,210.73,0.84,-1,-1,-1
8,5,64.79,268.66,90.71,221.96,0.81,-1,-1,-1
8,6,-18.70,289.30,56.46,174.36,0.78,-1,-1,-1
8,7,52.70,282.81,65.47,189.35,0.64,-1,-1,-1
8,8,142.78,259.45,77.21,221.03,0.78,-1,-1,-1
9,1,781.96,290.98,97.98,203.71,0.92,-1,-1,-1
9,2,763.85,252.96,56.38,224.10,0.89,-1,-1,-1
9,3,873.09,264.98,93.01,239.56,0.89,-1,-1,-1
9,4,823.56,270.62,91.02,210.84,0.85,-1,-1,-1
9,5,62.39,269.74,91.67,222.94,0.83,-1,-1,-1
9,6,-20.34,289.93,56.46,178.24,0.77,-1,-1,-1
9,7,54.12,283.07,63.87,191.54,0.58,-1,-1,-1
9,8,137.00,260.89,78.66,216.63,0.78,-1,-1,-1
10,1,783.83,292.21,98.91,204.12,0.92,-1,-1,-1
10,2,765.15,259.76,57.36,219.25,0.88,-1,-1,-1
10,3,876.26,264.49,93.77,242.50,0.89,-1,-1,-1
10,4,821.83,271.49,97.45,212.03,0.84,-1,-1,-1
10,5,59.97,271.26,91.89,224.13,0.83,-1,-1,-1
10,6,-20.12,290.67,54.35,178.73,0.77,-1,-1,-1
10,7,51.84,283.24,64.46,192.95,0.60,-1,-1,-1
10,8,135.47,262.02,78.23,216.54,0.82,-1,-1,-1
11,1,786.00,293.07,99.26,205.40,0.92,-1,-1,-1
11,2,766.44,269.52,60.23,211.45,0.87,-1,-1,-1
11,3,877.71,265.89,94.34,245.34,0.89,-1,-1,-1
11,4,820.34,272.48,99.80,213.04,0.84,-1,-1,-1
11,5,58.11,272.29,92.25,231.35,0.83,-1,-1,-1
11,6,-21.78,292.31,54.76,183.85,0.80,-1,-1,-1
11,7,49.64,285.98,65.21,193.19,0.56,-1,-1,-1
11,8,134.19,262.51,79.53,224.64,0.82,-1,-1,-1
12,1,789.86,295.02,95.78,206.03,0.93,-1,-1,-1
12,2,769.62,274.30,58.90,208.84,0.90,-1,-1,-1
12,3,879.85,266.30,94.49,250.74,0.90,-1,-1,-1
12,4,821.33,273.73,101.57,214.91,0.84,-1,-1,-1
12,5,60.20,273.41,88.98,228.93,0.81,-1,-1,-1
12,6,-22.49,293.49,55.17,189.83,0.80,-1,-1,-1
12,7,48.30,287.76,65.51,194.50,0.56,-1,-1,-1
12,8,134.12,263.17,79.19,227.09,0.81,-1,-1,-1
13,1,791.65,295.41,94.51,206.58,0.92,-1,-1,-1
13,2,770.48,275.68,59.12,208.28,0.89,-1,-1,-1
13,3,881.24,266.80,94.63,252.07,0.90,-1,-1,-1
13,4,822.03,273.67,102.05,216.40,0.84,-1,-1,-1
13,5,57.21,272.25,91.80,237.87,0.84,-1,-1,-1
13,6,-23.20,294.19,54.55,191.42,0.80,-1,-1,-1
13,7,47.07,288.49,64.23,194.08,0.45,-1,-1,-1
13,8,133.51,263.59,79.32,231.92,0.81,-1,-1,-1
14,1,794.77,296.59,92.23,206.19,0.93,-1,-1,-1
14,2,772.03,276.12,59.84,208.91,0.90,-1,-1,-1
14,3,882.06,267.87,99.10,251.48,0.88,-1,-1,-1
14,4,826.49,274.23,99.84,216.21,0.84,-1,-1,-1
14,5,52.67,273.15,96.29,246.59,0.83,-1,-1,-1
14,6,-23.63,295.47,54.81,194.46,0.79,-1,-1,-1
14,8,134.07,264.77,81.50,235.09,0.79,-1,-1,-1
15,1,797.31,296.37,90.73,207.92,0.93,-1,-1,-1
15,2,773.07,277.05,61.87,210.20,0.88,-1,-1,-1
15,3,883.43,268.97,111.19,252.36,0.88,-1,-1,-1
15,4,831.07,274.37,96.52,217.13,0.83,-1,-1,-1
15,5,51.28,273.76,96.37,255.38,0.84,-1,-1,-1
15,6,-24.81,296.05,54.66,197.43,0.78,-1,-1,-1
15,8,134.51,265.94,78.98,239.97,0.79,-1,-1,-1
15,9,163.46,248.40,94.84,260.10,0.74,-1,-1,-1
15,10,943.20,270.67,64.80,195.07,0.72,-1,-1,-1
15,11,934.20,319.27,84.60,204.52,0.72,-1,-1,-1
16,1,799.65,296.47,90.20,209.06,0.94,-1,-1,-1
16,2,774.84,277.69,61.47,211.05,0.89,-1,-1,-1
16,3,885.08,269.14,123.69,254.19,0.90,-1,-1,-1
16,4,834.82,273.71,94.36,218.25,0.81,-1,-1,-1
16,5,50.94,273.69,94.09,257.60,0.83,-1,-1,-1
16,6,-27.15,295.96,55.46,198.83,0.75,-1,-1,-1
16,8,133.20,266.68,77.08,241.24,0.82,-1,-1,-1
16,9,159.74,248.66,90.99,256.29,0.81,-1,-1,-1
16,10,944.91,269.61,67.69,206.22,0.75,-1,-1,-1
16,11,938.79,319.10,86.05,197.48,0.65,-1,-1,-1
17,1,801.76,296.56,89.35,210.12,0.94,-1,-1,-1
17,2,775.84,277.64,60.68,212.65,0.90,-1,-1,-1
17,3,886.59,269.87,128.63,254.29,0.90,-1,-1,-1
17,4,836.86,273.37,94.40,219.17,0.82,-1,-1,-1
17,5,49.80,273.47,91.53,256.76,0.83,-1,-1,-1
17,6,-31.23,296.72,57.57,196.12,0.72,-1,-1,-1
17,8,131.94,266.33,79.05,244.71,0.83,-1,-1,-1
17,9,154.86,248.11,94.59,264.39,0.81,-1,-1,-1
17,10,945.15,268.85,69.58,209.47,0.74,-1,-1,-1
17,11,940.96,321.65,86.30,199.75,0.71,-1,-1,-1
18,1,803.12,295.98,88.42,211.51,0.94,-1,-1,-1
18,2,774.68,277.42,61.55,213.24,0.90,-1,-1,-1
18,3,886.28,269.55,133.89,257.37,0.91,-1,-1,-1
18,4,836.99,273.38,96.49,220.06,0.82,-1,-1,-1
18,5,43.81,271.96,92.16,259.49,0.79,-1,-1,-1
18,6,-36.24,294.24,57.78,203.07,0.44,-1,-1,-1
18,8,129.84,265.67,80.34,245.94,0.77,-1,-1,-1
18,9,144.18,248.13,99.54,268.83,0.83,-1,-1,-1
18,10,947.02,268.84,70.23,210.28,0.75,-1,-1,-1
18,11,944.22,322.05,87.77,196.32,0.70,-1,-1,-1
19,1,804.17,296.06,87.98,211.65,0.94,-1,-1,-1
19,2,773.04,277.00,62.95,214.28,0.90,-1,-1,-1
19,3,886.37,269.17,135.43,259.02,0.89,-1,-1,-1
19,4,835.80,273.71,101.29,220.89,0.81,-1,-1,-1
19,5,40.77,271.37,92.93,265.91,0.83,-1,-1,-1
19,8,128.52,264.27,80.69,247.75,0.74,-1,-1,-1
19,9,138.81,248.49,101.20,270.82,0.81,-1,-1,-1
19,10,948.27,269.94,71.64,207.08,0.79,-1,-1,-1
19,11,943.14,322.66,86.81,197.36,0.70,-1,-1,-1
19,12,1002.60,267.75,70.20,194.85,0.78,-1,-1,-1
20,1,804.88,295.50,87.93,211.64,0.95,-1,-1,-1
20,2,772.17,276.08,64.16,215.40,0.90,-1,-1,-1
20,3,887.88,268.40,136.32,259.85,0.91,-1,-1,-1
20,4,838.60,273.37,101.73,220.71,0.78,-1,-1,-1
20,5,35.52,270.16,96.45,276.53,0.83,-1,-1,-1
20,8,127.23,264.33,81.23,249.53,0.74,-1,-1,-1
20,9,151.62,248.63,84.80,266.76,0.75,-1,-1,-1
20,10,950.00,270.03,72.16,204.32,0.76,-1,-1,-1
20,11,942.77,323.03,91.74,196.23,0.70,-1,-1,-1
20,12,1000.39,266.92,75.92,197.08,0.82,-1,-1,-1
21,1,805.28,295.18,88.46,212.13,0.94,-1,-1,-1
21,2,771.70,275.30,64.56,216.05,0.91,-1,-1,-1
21,3,890.02,266.55,121.46,260.64,0.84,-1,-1,-1
21,4,840.71,274.33,104.15,220.84,0.76,-1,-1,-1
21,5,31.28,269.60,97.54,281.44,0.83,-1,-1,-1
21,8,125.75,264.28,82.39,249.63,0.74,-1,-1,-1
21,9,134.69,249.28,97.99,281.39,0.83,-1,-1,-1
21,10,951.05,269.62,72.24,202.39,0.80,-1,-1,-1
21,11,943.69,321.23,92.11,195.98,0.72,-1,-1,-1
21,12,1001.17,265.62,78.27,198.99,0.83,-1,-1,-1
22,1,806.18,295.27,90.59,212.55,0.94,-1,-1,-1
22,2,771.38,274.59,66.00,217.44,0.91,-1,-1,-1
22,3,891.68,265.71,116.62,264.70,0.86,-1,-1,-1
22,4,843.45,274.43,92.95,219.49,0.79,-1,-1,-1
22,5,25.13,268.41,101.36,293.66,0.81,-1,-1,-1
22,8,123.43,262.33,82.67,255.80,0.68,-1,-1,-1
22,9,132.76,248.79,96.87,287.81,0.80,-1,-1,-1
22,10,953.49,269.15,72.34,202.16,0.80,-1,-1,-1
22,11,944.91,319.81,95.98,199.28,0.72,-1,-1,-1
22,12,1003.79,265.42,77.89,201.00,0.85,-1,-1,-1
22,13,1008.00,343.80,113.40,210.60,0.77,-1,-1,-1
22,14,988.20,324.45,111.60,203.85,0.77,-1,-1,-1
23,1,806.75,295.35,92.05,213.17,0.94,-1,-1,-1
23,2,771.21,274.50,67.18,218.30,0.92,-1,-1,-1
23,3,893.14,264.84,123.62,267.87,0.88,-1,-1,-1
23,4,846.57,274.94,85.05,219.30,0.80,-1,-1,-1
23,5,19.52,268.70,104.67,293.02,0.82,-1,-1,-1
23,8,121.80,261.59,83.12,256.69,0.68,-1,-1,-1
23,9,130.64,247.66,96.95,288.60,0.80,-1,-1,-1
23,10,955.57,269.28,72.39,203.25,0.80,-1,-1,-1
23,11,947.74,318.70,95.03,202.80,0.73,-1,-1,-1
23,12,1005.97,265.36,77.72,201.46,0.85,-1,-1,-1
23,13,1010.20,342.93,113.40,213.40,0.81,-1,-1,-1
23,14,989.68,324.67,113.04,205.22,0.79,-1,-1,-1
23,15,205.99,256.72,80.66,269.78,0.71,-1,-1,-1
24,1,807.55,295.48,93.12,213.96,0.94,-1,-1,-1
24,2,771.77,274.42,67.56,218.75,0.91,-1,-1,-1
24,3,894.50,266.11,128.07,267.50,0.88,-1,-1,-1
24,4,849.18,275.24,74.43,219.79,0.81,-1,-1,-1
24,5,20.17,268.48,101.42,289.38,0.82,-1,-1,-1
24,8,120.24,260.67,85.27,258.53,0.74,-1,-1,-1
24,9,140.53,248.99,85.96,283.35,0.78,-1,-1,-1
24,10,958.02,269.75,72.32,200.03,0.80,-1,-1,-1
24,11,949.31,316.71,94.49,204.86,0.72,-1,-1,-1
24,12,1009.11,266.00,76.29,198.19,0.84,-1,-1,-1
24,13,1011.94,341.81,117.51,217.45,0.81,-1,-1,-1
24,14,991.29,324.98,114.64,206.06,0.79,-1,-1,-1
24,15,203.45,257.60,80.83,264.72,0.77,-1,-1,-1
25,1,808.53,296.04,93.59,214.78,0.94,-1,-1,-1
25,2,772.67,274.43,67.75,219.60,0.92,-1,-1,-1
25,3,895.75,264.73,134.49,271.69,0.91,-1,-1,-1
25,4,851.39,275.40,72.72,221.86,0.83,-1,-1,-1
25,5,19.10,268.54,100.11,290.59,0.82,-1,-1,-1
25,8,118.08,262.22,84.39,253.69,0.70,-1,-1,-1
25,9,144.27,248.97,79.18,279.80,0.80,-1,-1,-1
25,10,960.86,271.02,71.13,198.50,0.81,-1,-1,-1
25,11,950.64,316.63,95.50,205.99,0.70,-1,-1,-1
25,12,1010.95,266.25,77.10,196.46,0.84,-1,-1,-1
25,13,1014.07,342.78,118.97,220.86,0.81,-1,-1,-1
25,14,994.07,325.92,116.65,205.79,0.80,-1,-1,-1
25,15,200.54,258.88,81.94,264.48,0.80,-1,-1,-1
25,16,1062.00,270.45,77.40,196.20,0.74,-1,-1,-1
26,1,809.12,297.13,94.39,215.79,0.94,-1,-1,-1
26,2,773.54,275.02,67.84,220.63,0.92,-1,-1,-1
26,3,898.75,265.82,134.97,272.32,0.90,-1,-1,-1
26,4,853.92,276.48,80.33,228.28,0.83,-1,-1,-1
26,5,15.05,268.52,101.27,296.20,0.82,-1,-1,-1
26,8,116.45,258.60,86.12,257.09,0.65,-1,-1,-1
26,9,137.27,249.41,83.42,276.62,0.77,-1,-1,-1
26,10,963.62,272.81,70.68,193.11,0.79,-1,-1,-1
26,11,952.25,318.68,99.44,204.42,0.70,-1,-1,-1
26,12,1013.34,267.06,76.17,190.52,0.85,-1,-1,-1
26,13,1018.00,343.74,118.02,223.01,0.81,-1,-1,-1
26,14,996.87,326.47,117.27,210.22,0.78,-1,-1,-1
26,15,197.66,258.74,82.42,267.27,0.81,-1,-1,-1
26,16,1063.50,272.70,71.68,187.44,0.78,-1,-1,-1
26,17,1101.60,264.38,59.40,181.80,0.74,-1,-1,-1
27,1,809.64,298.75,95.33,217.23,0.94,-1,-1,-1
27,2,774.76,276.30,67.34,221.64,0.92,-1,-1,-1
27,3,900.82,267.87,132.52,272.24,0.90,-1,-1,-1
27,4,856.33,276.16,81.55,233.62,0.83,-1,-1,-1
27,5,8.87,269.85,104.54,300.22,0.83,-1,-1,-1
27,9,119.96,250.02,96.22,287.83,0.83,-1,-1,-1
27,10,966.45,274.03,69.35,189.83,0.79,-1,-1,-1
27,11,956.42,322.01,98.62,194.23,0.71,-1,-1,-1
27,12,1016.66,267.93,74.64,187.82,0.85,-1,-1,-1
27,13,1020.63,344.66,122.84,225.10,0.83,-1,-1,-1
27,14,999.10,327.89,117.48,208.32,0.82,-1,-1,-1
27,15,193.46,261.02,83.60,269.39,0.82,-1,-1,-1
27,16,1066.71,274.09,69.17,184.69,0.76,-1,-1,-1
27,17,1103.16,264.88,63.78,183.55,0.78,-1,-1,-1
28,1,809.76,301.22,96.88,217.31,0.93,-1,-1,-1
28,2,774.86,277.89,68.32,223.20,0.92,-1,-1,-1
28,3,902.11,270.51,136.18,272.91,0.92,-1,-1,-1
28,4,856.23,277.13,84.76,235.38,0.82,-1,-1,-1
28,5,7.15,271.29,103.99,303.95,0.83,-1,-1,-1
28,9,110.61,251.22,102.94,298.33,0.82,-1,-1,-1
28,10,967.99,275.57,68.85,189.32,0.74,-1,-1,-1
28,11,959.72,323.63,97.05,197.80,0.74,-1,-1,-1
28,12,1020.19,269.82,72.86,184.45,0.84,-1,-1,-1
28,13,1023.91,347.37,122.01,226.34,0.83,-1,-1,-1
28,14,1001.63,330.13,118.77,208.53,0.77,-1,-1,-1
28,15,189.91,263.59,86.15,269.74,0.83,-1,-1,-1
28,16,1066.19,274.33,72.69,192.06,0.79,-1,-1,-1
28,17,1105.51,266.70,64.65,183.17,0.75,-1,-1,-1
29,1,811.12,303.35,96.88,217.55,0.94,-1,-1,-1
29,2,773.88,278.91,69.86,225.36,0.93,-1,-1,-1
29,3,901.32,272.25,138.71,274.71,0.92,-1,-1,-1
29,4,857.80,277.66,84.82,236.65,0.82,-1,-1,-1
29,5,6.22,272.18,101.51,305.39,0.84,-1,-1,-1
29,9,104.14,251.48,104.84,300.03,0.81,-1,-1,-1
29,10,969.63,276.44,68.66,190.04,0.77,-1,-1,-1
29,11,959.66,324.99,98.80,203.07,0.76,-1,-1,-1
29,12,1021.96,270.36,72.22,185.23,0.84,-1,-1,-1
29,13,1026.82,348.53,121.61,228.63,0.82,-1,-1,-1
29,14,1003.04,332.66,120.45,209.28,0.80,-1,-1,-1
29,15,186.18,265.34,88.65,271.01,0.84,-1,-1,-1
29,16,1065.99,274.95,73.77,194.08,0.81,-1,-1,-1
29,17,1108.36,268.08,64.92,183.13,0.77,-1,-1,-1
30,1,811.16,304.43,98.60,218.78,0.94,-1,-1,-1
30,2,773.62,279.71,71.57,226.86,0.92,-1,-1,-1
30,3,902.04,273.81,127.09,276.20,0.91,-1,-1,-1
30,4,860.87,279.19,76.49,234.81,0.80,-1,-1,-1
30,5,-1.00,273.09,106.72,313.81,0.82,-1,-1,-1
30,9,100.20,251.49,105.14,305.10,0.82,-1,-1,-1
30,10,971.58,276.78,67.37,190.60,0.76,-1,-1,-1
30,11,960.38,324.96,100.60,206.21,0.74,-1,-1,-1
30,12,1024.57,271.20,71.99,184.46,0.84,-1,-1,-1
30,13,1029.83,350.39,122.61,230.73,0.84,-1,-1,-1
30,14,1004.90,334.84,122.24,211.03,0.81,-1,-1,-1
30,15,181.09,264.84,93.83,280.09,0.85,-1,-1,-1
30,16,1068.04,275.74,74.07,187.94,0.81,-1,-1,-1
30,17,1111.43,269.09,64.95,179.83,0.79,-1,-1,-1
30,18,1105.20,349.20,142.20,294.30,0.76,-1,-1,-1
31,1,811.50,305.36,99.78,219.49,0.94,-1,-1,-1
31,2,773.00,280.12,72.77,228.40,0.92,-1,-1,-1
31,3,899.45,275.68,137.67,276.87,0.90,-1,-1,-1
31,4,864.41,281.51,68.24,226.87,0.81,-1,-1,-1
31,5,-4.41,274.55,107.27,315.19,0.83,-1,-1,-1
31,9,89.97,252.53,113.02,310.86,0.83,-1,-1,-1
31,10,971.54,276.83,70.48,195.10,0.77,-1,-1,-1
31,11,964.66,324.57,98.85,208.54,0.76,-1,-1,-1
31,12,1026.54,271.61,70.69,187.13,0.84,-1,-1,-1
31,13,1033.16,350.50,122.88,233.05,0.84,-1,-1,-1
31,14,1007.83,335.98,125.21,212.70,0.77,-1,-1,-1
31,15,178.23,265.33,97.99,285.10,0.85,-1,-1,-1
31,16,1068.60,275.84,75.37,189.37,0.82,-1,-1,-1
31,17,1112.85,269.54,66.22,182.27,0.79,-1,-1,-1
31,18,1109.79,348.60,143.77,296.23,0.73,-1,-1,-1
32,1,811.05,306.27,101.36,221.01,0.93,-1,-1,-1
32,2,772.49,281.12,73.17,229.03,0.93,-1,-1,-1
32,3,900.97,275.65,141.64,279.67,0.93,-1,-1,-1
32,4,865.34,282.80,71.03,227.12,0.82,-1,-1,-1
32,5,-6.07,275.17,106.94,317.15,0.83,-1,-1,-1
32,9,85.89,252.47,113.95,314.77,0.85,-1,-1,-1
32,10,973.08,277.17,70.41,192.11,0.77,-1,-1,-1
32,11,967.22,325.46,98.09,209.63,0.76,-1,-1,-1
32,12,1028.81,272.23,70.19,184.93,0.85,-1,-1,-1
32,13,1034.71,352.37,126.53,235.14,0.83,-1,-1,-1
32,14,1010.46,337.01,127.45,213.67,0.79,-1,-1,-1
32,15,174.25,266.21,101.62,291.17,0.87,-1,-1,-1
32,16,1068.01,276.06,77.02,190.09,0.83,-1,-1,-1
32,17,1115.01,271.00,66.63,180.97,0.81,-1,-1,-1
32,18,1114.09,354.24,145.46,300.31,0.70,-1,-1,-1
32,19,911.70,265.95,82.80,248.40,0.71,-1,-1,-1
33,1,810.45,306.33,101.84,221.35,0.93,-1,-1,-1
33,2,771.90,281.37,73.80,229.77,0.93,-1,-1,-1
33,3,901.98,275.39,143.01,281.35,0.93,-1,-1,-1
33,4,866.44,283.47,72.17,227.72,0.83,-1,-1,-1
33,5,-10.46,275.63,108.69,321.80,0.82,-1,-1,-1
33,9,83.61,252.15,113.79,320.16,0.85,-1,-1,-1
33,10,974.03,277.05,70.30,194.98,0.77,-1,-1,-1
33,11,968.54,325.41,100.07,211.45,0.77,-1,-1,-1
33,12,1030.60,272.40,68.76,184.68,0.85,-1,-1,-1
33,13,1035.61,352.22,130.14,239.52,0.84,-1,-1,-1
33,14,1011.79,337.43,129.35,213.81,0.80,-1,-1,-1
33,15,171.26,265.69,104.95,297.14,0.87,-1,-1,-1
33,16,1068.20,276.11,77.52,190.28,0.82,-1,-1,-1
33,17,1115.53,271.78,66.69,178.60,0.80,-1,-1,-1
33,18,1116.00,348.13,155.64,331.53,0.69,-1,-1,-1
33,19,913.55,266.11,82.48,250.02,0.70,-1,-1,-1
34,1,809.72,306.22,102.05,222.02,0.93,-1,-1,-1
34,2,770.90,281.34,75.83,230.59,0.93,-1,-1,-1
34,3,901.88,275.28,145.28,282.94,0.93,-1,-1,-1
34,4,866.59,283.87,72.99,227.03,0.85,-1,-1,-1
34,5,-9.66,275.61,106.11,320.20,0.83,-1,-1,-1
34,9,77.09,253.95,117.18,316.97,0.84,-1,-1,-1
34,10,975.03,277.60,69.10,194.99,0.75,-1,-1,-1
34,11,968.51,325.37,103.20,214.89,0.76,-1,-1,-1
34,12,1031.88,272.29,68.30,184.32,0.85,-1,-1,-1
34,13,1037.76,352.13,131.53,242.10,0.81,-1,-1,-1
34,14,1014.13,337.69,128.88,215.29,0.77,-1,-1,-1
34,15,168.36,266.41,106.16,295.70,0.87,-1,-1,-1
34,16,1069.58,275.52,77.72,190.16,0.82,-1,-1,-1
34,17,1116.97,272.18,66.74,177.45,0.80,-1,-1,-1
34,18,1119.22,352.00,162.81,314.72,0.56,-1,-1,-1
34,19,910.86,265.01,84.19,252.75,0.75,-1,-1,-1
35,1,808.79,305.97,101.48,222.39,0.93,-1,-1,-1
35,2,769.89,280.98,77.14,231.76,0.93,-1,-1,-1
35,3,903.22,275.06,146.34,284.52,0.94,-1,-1,-1
35,4,867.72,282.79,76.90,233.02,0.82,-1,-1,-1
35,5,-12.24,275.13,106.65,322.98,0.82,-1,-1,-1
35,9,78.06,251.61,113.07,324.97,0.82,-1,-1,-1
35,10,974.69,277.47,72.22,196.82,0.78,-1,-1,-1
35,11,968.39,326.36,104.34,214.54,0.76,-1,-1,-1
35,12,1032.21,271.63,68.13,183.32,0.84,-1,-1,-1
35,13,1040.21,353.10,131.96,241.38,0.83,-1,-1,-1
35,14,1015.47,336.85,127.42,216.12,0.79,-1,-1,-1
35,15,165.07,265.97,110.95,300.95,0.86,-1,-1,-1
35,16,1070.03,275.15,80.14,187.09,0.83,-1,-1,-1
35,17,1118.61,272.00,66.72,174.01,0.79,-1,-1,-1
35,18,1122.72,355.55,155.05,288.77,0.51,-1,-1,-1
35,19,915.42,264.86,80.55,251.75,0.69,-1,-1,-1
36,1,807.40,305.36,101.22,222.73,0.93,-1,-1,-1
36,2,768.50,279.45,79.36,233.87,0.93,-1,-1,-1
36,3,904.13,274.17,146.66,286.74,0.93,-1,-1,-1
36,4,871.48,280.86,77.19,238.55,0.82,-1,-1,-1
36,5,-13.12,274.23,106.12,317.65,0.81,-1,-1,-1
36,9,66.43,249.34,120.67,326.69,0.84,-1,-1,-1
36,10,974.35,276.76,74.53,200.87,0.79,-1,-1,-1
36,11,969.27,326.51,103.56,214.57,0.77,-1,-1,-1
36,12,1033.27,270.87,68.09,185.63,0.85,-1,-1,-1
36,13,1042.06,353.37,133.24,240.76,0.83,-1,-1,-1
36,14,1015.72,335.53,127.98,219.75,0.81,-1,-1,-1
36,15,159.24,265.94,112.94,298.89,0.87,-1,-1,-1
36,16,1069.99,274.06,82.19,191.34,0.84,-1,-1,-1
36,17,1120.15,271.41,66.70,175.82,0.78,-1,-1,-1
36,18,1126.19,357.20,151.71,280.89,0.39,-1,-1,-1
36,19,912.72,263.68,82.06,254.36,0.74,-1,-1,-1
37,1,805.91,304.74,101.07,222.80,0.93,-1,-1,-1
37,2,767.62,278.50,80.74,234.89,0.93,-1,-1,-1
37,3,905.84,274.06,144.60,287.78,0.93,-1,-1,-1
37,4,870.73,278.40,79.35,241.33,0.80,-1,-1,-1
37,5,-13.68,272.85,104.66,316.60,0.81,-1,-1,-1
37,9,55.43,247.47,127.36,329.20,0.85,-1,-1,-1
37,10,974.67,276.14,75.38,204.12,0.79,-1,-1,-1
37,11,968.87,326.94,103.17,216.13,0.77,-1,-1,-1
37,12,1032.91,270.23,68.08,185.59,0.85,-1,-1,-1
37,13,1043.76,352.94,133.63,243.24,0.83,-1,-1,-1
37,14,1016.83,334.36,125.75,222.83,0.81,-1,-1,-1
37,15,154.87,265.24,111.76,297.89,0.88,-1,-1,-1
37,16,1069.26,273.16,84.10,194.21,0.85,-1,-1,-1
37,17,1121.16,270.83,66.66,177.70,0.79,-1,-1,-1
37,18,1124.06,364.36,149.15,264.35,0.41,-1,-1,-1
37,19,909.51,262.14,85.46,260.51,0.74,-1,-1,-1
38,1,804.76,304.09,102.06,223.68,0.93,-1,-1,-1
38,2,767.02,277.71,80.52,235.80,0.93,-1,-1,-1
38,3,906.76,273.95,144.46,289.29,0.93,-1,-1,-1
38,4,872.74,277.98,77.68,240.26,0.80,-1,-1,-1
38,5,-15.22,271.40,103.35,318.02,0.80,-1,-1,-1
38,9,56.94,247.24,123.43,332.33,0.82,-1,-1,-1
38,10,975.31,276.31,75.58,204.00,0.77,-1,-1,-1
38,11,968.62,325.72,104.06,218.01,0.77,-1,-1,-1
38,12,1033.26,270.14,68.00,185.58,0.85,-1,-1,-1
38,13,1046.01,352.59,134.77,244.85,0.83,-1,-1,-1
38,14,1018.92,334.17,125.93,223.08,0.79,-1,-1,-1
38,15,150.50,264.58,111.38,300.36,0.88,-1,-1,-1
38,16,1068.33,271.81,87.03,198.10,0.84,-1,-1,-1
38,17,1122.02,270.03,66.54,180.52,0.79,-1,-1,-1
38,18,1129.28,361.44,146.81,268.31,0.32,-1,-1,-1
38,19,905.60,260.92,89.94,262.25,0.80,-1,-1,-1
39,1,804.64,303.15,104.22,224.08,0.93,-1,-1,-1
39,2,766.82,276.72,79.84,236.80,0.93,-1,-1,-1
39,3,907.43,270.85,142.93,293.77,0.92,-1,-1,-1
39,4,874.70,276.83,78.25,242.24,0.80,-1,-1,-1
39,5,-17.85,269.23,101.06,317.74,0.79,-1,-1,-1
39,9,54.74,244.51,131.40,334.58,0.79,-1,-1,-1
39,10,975.61,274.94,76.84,206.23,0.78,-1,-1,-1
39,11,970.34,323.83,105.59,221.58,0.76,-1,-1,-1
39,12,1034.65,268.81,68.01,187.15,0.85,-1,-1,-1
39,13,1047.50,351.04,135.20,243.58,0.81,-1,-1,-1
39,14,1020.34,333.27,126.02,223.95,0.80,-1,-1,-1
39,15,147.68,263.00,109.58,300.46,0.87,-1,-1,-1
39,16,1067.52,270.02,89.31,201.40,0.85,-1,-1,-1
39,17,1124.24,268.87,66.52,182.26,0.80,-1,-1,-1
39,18,1132.46,359.73,139.84,268.03,0.19,-1,-1,-1
39,19,904.87,259.62,90.35,262.11,0.80,-1,-1,-1
39,20,230.40,305.32,49.95,161.77,0.73,-1,-1,-1
40,1,804.80,302.55,100.31,223.93,0.93,-1,-1,-1
40,2,766.36,274.92,80.13,239.21,0.92,-1,-1,-1
40,3,907.86,268.85,143.78,296.90,0.92,-1,-1,-1
40,4,876.17,276.32,77.56,240.76,0.79,-1,-1,-1
40,5,-22.50,267.71,102.95,321.27,0.76,-1,-1,-1
40,9,55.37,241.74,122.22,338.30,0.78,-1,-1,-1
40,10,975.60,273.30,77.29,207.06,0.70,-1,-1,-1
40,11,971.46,323.18,106.14,219.09,0.77,-1,-1,-1
40,12,1035.64,267.94,68.03,186.58,0.85,-1,-1,-1
40,13,1049.68,349.48,134.13,246.15,0.81,-1,-1,-1
40,14,1021.92,331.96,126.03,224.10,0.80,-1,-1,-1
40,15,141.00,262.01,112.36,300.86,0.87,-1,-1,-1
40,16,1067.70,268.83,90.14,204.10,0.85,-1,-1,-1
40,17,1126.14,267.47,65.30,185.31,0.79,-1,-1,-1
40,18,1131.55,356.19,132.31,287.97,0.13,-1,-1,-1
40,19,903.07,258.64,91.94,263.80,0.80,-1,-1,-1
40,20,227.63,304.61,51.35,163.56,0.75,-1,-1,-1
41,1,804.46,301.91,96.98,224.31,0.94,-1,-1,-1
41,2,765.47,273.68,79.63,241.29,0.92,-1,-1,-1
41,3,908.16,267.52,146.16,298.35,0.94,-1,-1,-1
41,4,878.93,275.42,74.34,240.01,0.78,-1,-1,-1
41,5,-25.91,266.15,104.33,328.92,0.77,-1,-1,-1
41,9,59.15,239.12,108.78,343.89,0.82,-1,-1,-1
41,10,974.85,272.70,78.63,203.82,0.48,-1,-1,-1
41,11,967.59,322.22,111.05,222.37,0.76,-1,-1,-1
41,12,1033.45,267.34,70.46,186.08,0.83,-1,-1,-1
41,13,1050.32,349.20,133.70,238.23,0.81,-1,-1,-1
41,14,1022.93,330.15,126.04,225.16,0.80,-1,-1,-1
41,15,136.56,260.94,110.67,305.26,0.86,-1,-1,-1
41,16,1067.65,267.38,91.59,204.96,0.85,-1,-1,-1
41,17,1126.68,265.77,66.06,185.87,0.78,-1,-1,-1
41,18,1114.74,357.32,143.48,276.22,0.11,-1,-1,-1
41,19,901.72,257.11,91.89,267.09,0.82,-1,-1,-1
41,20,224.70,302.32,50.92,167.37,0.80,-1,-1,-1
42,1,804.97,300.81,94.54,225.34,0.94,-1,-1,-1
42,2,764.86,272.66,79.43,243.24,0.92,-1,-1,-1
42,3,907.67,267.50,148.22,299.00,0.94,-1,-1,-1
42,4,879.63,273.05,74.65,243.84,0.81,-1,-1,-1
42,5,-29.65,265.45,101.49,320.24,0.75,-1,-1,-1
42,9,48.50,237.78,112.60,342.54,0.79,-1,-1,-1
42,10,978.67,271.75,75.61,200.64,0.61,-1,-1,-1
42,11,967.87,322.03,111.73,217.57,0.76,-1,-1,-1
42,12,1032.62,266.55,70.19,186.82,0.83,-1,-1,-1
42,13,1052.89,349.13,134.71,239.31,0.83,-1,-1,-1
42,14,1022.10,327.28,128.42,228.35,0.81,-1,-1,-1
42,15,131.34,258.07,110.91,307.62,0.84,-1,-1,-1
42,16,1067.08,266.28,93.28,206.72,0.86,-1,-1,-1
42,17,1129.86,265.14,63.96,182.83,0.71,-1,-1,-1
42,18,1103.10,373.76,143.73,252.25,0.28,-1,-1,-1
42,19,900.09,254.49,91.82,270.98,0.83,-1,-1,-1
42,20,221.48,301.89,50.80,165.40,0.80,-1,-1,-1
42,21,691.65,293.40,57.60,170.10,0.80,-1,-1,-1
43,1,805.20,300.24,94.29,226.01,0.94,-1,-1,-1
43,2,764.39,272.13,79.35,244.84,0.92,-1,-1,-1
43,3,906.33,266.90,149.59,300.83,0.94,-1,-1,-1
43,4,879.57,273.04,72.69,243.37,0.82,-1,-1,-1
43,5,-32.96,264.52,97.54,317.94,0.74,-1,-1,-1
43,9,47.16,236.26,107.98,342.81,0.81,-1,-1,-1
43,10,980.20,268.40,76.82,212.72,0.63,-1,-1,-1
43,11,968.02,321.21,110.80,222.53,0.76,-1,-1,-1
43,12,1032.93,265.79,70.11,188.60,0.83,-1,-1,-1
43,13,1054.45,348.34,135.09,236.14,0.82,-1,-1,-1
43,14,1023.56,325.60,126.96,232.63,0.83,-1,-1,-1
43,15,129.41,257.59,108.40,303.02,0.85,-1,-1,-1
43,16,1066.34,265.28,96.24,209.56,0.85,-1,-1,-1
43,17,1132.28,264.59,63.18,183.75,0.67,-1,-1,-1
43,18,1101.06,376.32,143.86,250.20,0.25,-1,-1,-1
43,19,898.68,251.58,93.26,275.36,0.83,-1,-1,-1
43,20,217.18,301.50,53.48,170.54,0.82,-1,-1,-1
43,21,692.47,293.91,53.24,170.49,0.87,-1,-1,-1
44,1,805.47,299.97,93.69,226.80,0.94,-1,-1,-1
44,2,764.11,272.19,79.40,246.25,0.91,-1,-1,-1
44,3,906.26,266.44,151.07,302.72,0.94,-1,-1,-1
44,4,880.26,273.40,72.07,241.47,0.80,-1,-1,-1
44,5,-32.16,264.14,93.73,316.09,0.73,-1,-1,-1
44,9,42.95,235.97,108.22,343.91,0.82,-1,-1,-1
44,10,975.00,269.10,80.87,215.08,0.62,-1,-1,-1
44,11,966.48,320.78,111.65,227.24,0.76,-1,-1,-1
44,12,1032.59,265.50,70.15,191.32,0.83,-1,-1,-1
44,13,1055.77,347.87,138.85,240.23,0.80,-1,-1,-1
44,14,1024.27,324.82,128.84,237.69,0.82,-1,-1,-1
44,15,126.15,258.24,107.73,301.10,0.84,-1,-1,-1
44,16,1066.81,265.04,97.42,211.44,0.85,-1,-1,-1
44,17,1133.88,264.80,61.77,184.06,0.66,-1,-1,-1
44,18,1101.19,375.71,148.79,257.50,0.25,-1,-1,-1
44,19,898.06,250.70,92.98,277.19,0.84,-1,-1,-1
44,20,214.25,301.91,54.72,172.02,0.82,-1,-1,-1
44,21,692.34,293.63,51.70,171.07,0.88,-1,-1,-1
45,1,804.62,300.16,93.42,226.25,0.94,-1,-1,-1
45,2,762.77,271.47,79.92,248.72,0.91,-1,-1,-1
45,3,904.70,266.44,151.51,304.22,0.93,-1,-1,-1
45,4,879.53,272.83,71.18,242.41,0.81,-1,-1,-1
45,5,-35.58,264.91,90.77,306.22,0.62,-1,-1,-1
45,9,15.24,234.23,132.09,353.66,0.80,-1,-1,-1
45,10,977.32,268.11,80.00,218.81,0.65,-1,-1,-1
45,11,966.71,321.26,109.53,230.56,0.75,-1,-1,-1
45,12,1031.53,265.47,70.11,193.87,0.83,-1,-1,-1
45,13,1056.45,347.79,137.83,245.39,0.81,-1,-1,-1
45,14,1023.56,324.18,128.29,240.98,0.81,-1,-1,-1
45,15,119.54,258.26,108.78,303.97,0.84,-1,-1,-1
45,16,1064.93,264.77,98.92,216.00,0.86,-1,-1,-1
45,17,1135.93,263.35,59.99,188.09,0.65,-1,-1,-1
45,18,1103.31,377.33,143.47,261.53,0.23,-1,-1,-1
45,19,897.86,251.31,92.45,276.40,0.82,-1,-1,-1
45,20,209.15,302.18,56.64,176.26,0.82,-1,-1,-1
45,21,689.28,292.50,51.92,173.39,0.88,-1,-1,-1
46,1,804.62,300.58,92.83,227.83,0.94,-1,-1,-1
46,2,761.99,271.11,80.20,251.57,0.92,-1,-1,-1
46,3,904.73,266.47,152.65,306.22,0.94,-1,-1,-1
46,4,878.93,272.65,70.97,243.37,0.80,-1,-1,-1
46,5,-45.49,267.37,95.21,301.55,0.54,-1,-1,-1
46,9,-3.07,233.95,145.86,363.12,0.83,-1,-1,-1
46,10,975.64,269.06,80.89,219.77,0.66,-1,-1,-1
46,11,965.98,321.16,111.15,235.91,0.76,-1,-1,-1
46,12,1032.07,265.88,68.99,192.80,0.82,-1,-1,-1
46,13,1057.04,347.45,139.88,246.76,0.82,-1,-1,-1
46,14,1024.22,324.53,130.54,250.40,0.82,-1,-1,-1
46,15,112.76,258.24,111.24,306.84,0.86,-1,-1,-1
46,16,1064.01,264.79,100.72,219.62,0.86,-1,-1,-1
46,17,1137.60,262.46,61.86,191.98,0.67,-1,-1,-1
46,18,1104.08,376.04,143.89,270.94,0.24,-1,-1,-1
46,19,897.55,251.75,93.51,278.25,0.81,-1,-1,-1
46,20,204.88,301.89,57.60,175.61,0.83,-1,-1,-1
46,21,686.59,292.57,52.75,174.12,0.89,-1,-1,-1
47,1,805.30,301.57,92.10,228.74,0.94,-1,-1,-1
47,2,760.28,271.52,81.55,254.12,0.92,-1,-1,-1
47,3,904.52,264.92,152.27,309.63,0.92,-1,-1,-1
47,4,877.85,274.13,70.67,243.30,0.84,-1,-1,-1
47,5,-60.98,266.11,97.18,306.69,0.17,-1,-1,-1
47,9,2.67,233.66,134.93,360.33,0.80,-1,-1,-1
47,10,980.97,269.93,77.75,210.41,0.77,-1,-1,-1
47,11,965.21,321.49,113.00,228.72,0.77,-1,-1,-1
47,12,1031.78,265.92,71.02,193.58,0.83,-1,-1,-1
47,13,1056.76,347.96,144.24,244.75,0.82,-1,-1,-1
47,14,1025.15,325.89,131.46,243.96,0.84,-1,-1,-1
47,15,105.45,258.31,112.50,311.49,0.87,-1,-1,-1
47,16,1063.78,265.43,102.60,220.54,0.86,-1,-1,-1
47,17,1141.28,262.59,61.41,189.95,0.75,-1,-1,-1
47,18,1106.34,381.00,140.55,266.87,0.42,-1,-1,-1
47,19,898.14,251.41,92.78,283.53,0.81,-1,-1,-1
47,20,200.75,302.40,60.51,177.72,0.81,-1,-1,-1
47,21,683.52,291.86,54.38,175.95,0.90,-1,-1,-1
48,1,805.29,302.43,91.86,229.59,0.94,-1,-1,-1
48,2,759.10,271.60,82.07,256.14,0.92,-1,-1,-1
48,3,904.15,263.93,153.57,313.41,0.93,-1,-1,-1
48,4,877.43,273.70,70.00,244.66,0.85,-1,-1,-1
48,9,2.18,234.82,130.89,358.93,0.82,-1,-1,-1
48,10,983.62,270.89,75.31,204.66,0.77,-1,-1,-1
48,11,962.57,321.61,114.87,226.75,0.77,-1,-1,-1
48,12,1031.63,266.25,71.79,195.13,0.84,-1,-1,-1
48,13,1058.34,349.32,144.72,246.97,0.81,-1,-1,-1
48,14,1025.46,326.29,131.80,241.16,0.83,-1,-1,-1
48,15,99.40,258.08,114.89,316.06,0.86,-1,-1,-1
48,16,1063.10,265.55,104.46,226.33,0.87,-1,-1,-1
48,17,1142.55,262.49,63.66,195.01,0.74,-1,-1,-1
48,18,1109.63,382.64,142.91,268.21,0.41,-1,-1,-1
48,19,899.60,251.34,91.30,285.53,0.82,-1,-1,-1
48,20,195.91,302.58,62.92,180.80,0.82,-1,-1,-1
48,21,681.62,288.87,55.57,179.81,0.91,-1,-1,-1
49,1,805.38,303.34,91.76,230.23,0.94,-1,-1,-1
49,2,758.48,273.39,82.23,256.02,0.92,-1,-1,-1
49,3,903.83,264.45,152.53,315.45,0.92,-1,-1,-1
49,4,877.06,273.83,70.05,245.50,0.84,-1,-1,-1
49,9,-9.94,234.23,135.38,371.10,0.82,-1,-1,-1
49,10,987.72,271.86,71.95,200.75,0.80,-1,-1,-1
49,11,962.26,322.27,115.54,228.12,0.77,-1,-1,-1
49,12,1031.71,266.40,72.06,194.12,0.83,-1,-1,-1
49,13,1060.21,350.61,148.36,248.58,0.81,-1,-1,-1
49,14,1026.26,328.85,130.70,238.90,0.84,-1,-1,-1
49,15,93.93,258.17,115.60,319.88,0.87,-1,-1,-1
49,16,1062.99,265.92,106.27,228.24,0.86,-1,-1,-1
49,17,1144.91,263.68,64.48,196.63,0.75,-1,-1,-1
49,18,1107.42,385.62,152.09,269.99,0.32,-1,-1,-1
49,19,899.72,251.63,91.87,285.97,0.84,-1,-1,-1
49,20,191.43,303.12,66.20,183.42,0.81,-1,-1,-1
49,21,678.94,288.11,57.20,181.79,0.91,-1,-1,-1
50,1,805.90,303.89,91.15,230.96,0.95,-1,-1,-1
50,2,757.87,274.31,82.28,256.40,0.92,-1,-1,-1
50,3,903.25,264.58,156.53,318.40,0.93,-1,-1,-1
50,4,876.76,273.95,68.89,247.63,0.85,-1,-1,-1
50,9,-13.75,234.24,136.67,373.58,0.84,-1,-1,-1
50,10,990.84,272.58,69.49,195.78,0.80,-1,-1,-1
50,11,960.80,323.01,116.93,229.12,0.76,-1,-1,-1
50,12,1031.53,266.36,72.16,193.04,0.83,-1,-1,-1
50,13,1060.69,352.01,148.54,251.28,0.81,-1,-1,-1
50,14,1026.35,330.90,129.05,242.97,0.84,-1,-1,-1
50,15,87.79,258.08,117.42,323.95,0.88,-1,-1,-1
50,16,1062.76,266.42,106.92,230.42,0.86,-1,-1,-1
50,17,1146.69,263.59,65.99,201.12,0.78,-1,-1,-1
50,18,1105.82,378.19,160.18,274.76,0.37,-1,-1,-1
50,19,897.84,252.28,93.27,289.50,0.84,-1,-1,-1
50,20,188.09,303.77,67.44,181.75,0.83,-1,-1,-1
50,21,675.20,287.36,60.20,183.16,0.90,-1,-1,-1
51,1,806.11,304.90,91.47,231.54,0.94,-1,-1,-1
51,2,756.50,274.56,83.39,257.70,0.92,-1,-1,-1
51,3,902.17,264.59,159.40,320.67,0.94,-1,-1,-1
51,4,876.65,273.50,72.64,253.91,0.81,-1,-1,-1
51,9,-16.17,234.24,134.06,366.19,0.82,-1,-1,-1
51,10,991.33,272.50,68.56,193.98,0.79,-1,-1,-1
51,11,960.26,323.84,118.55,226.24,0.77,-1,-1,-1
51,12,1032.07,266.48,70.95,191.74,0.83,-1,-1,-1
51,13,1061.99,353.41,148.47,254.68,0.81,-1,-1,-1
51,14,1026.34,332.24,130.74,243.32,0.84,-1,-1,-1
51,15,82.63,258.08,119.53,323.99,0.88,-1,-1,-1
51,16,1062.11,266.46,108.21,229.88,0.86,-1,-1,-1
51,17,1148.50,263.14,66.50,202.37,0.79,-1,-1,-1
51,18,1110.41,386.29,156.28,265.35,0.31,-1,-1,-1
51,19,898.05,252.49,95.19,289.61,0.83,-1,-1,-1
51,20,183.72,304.06,70.13,184.63,0.83,-1,-1,-1
51,21,673.57,287.18,60.66,184.36,0.91,-1,-1,-1
52,1,808.41,305.67,89.20,231.45,0.94,-1,-1,-1
52,2,754.66,274.76,84.97,259.04,0.92,-1,-1,-1
52,3,899.26,264.12,163.09,323.25,0.93,-1,-1,-1
52,4,875.86,271.97,75.46,258.92,0.82,-1,-1,-1
52,9,2.97,261.24,110.75,312.44,0.64,-1,-1,-1
52,10,992.81,272.90,67.02,195.18,0.80,-1,-1,-1
52,11,961.97,323.97,119.12,231.98,0.78,-1,-1,-1
52,12,1032.41,265.90,70.47,192.75,0.83,-1,-1,-1
52,13,1061.99,354.34,149.56,254.77,0.82,-1,-1,-1
52,14,1026.46,332.85,131.35,244.30,0.84,-1,-1,-1
52,15,77.91,258.28,120.51,323.48,0.88,-1,-1,-1
52,16,1062.62,266.01,109.82,228.12,0.86,-1,-1,-1
52,17,1150.45,262.50,66.68,201.92,0.79,-1,-1,-1
52,18,1116.59,401.24,143.91,238.81,0.34,-1,-1,-1
52,19,897.71,251.95,97.07,290.62,0.84,-1,-1,-1
52,20,179.54,302.89,71.77,184.93,0.83,-1,-1,-1
52,21,672.88,288.62,60.77,183.10,0.91,-1,-1,-1
52,8,-21.45,237.79,114.91,352.82,0.76,-1,-1,-1
53,1,809.46,305.23,88.97,231.95,0.94,-1,-1,-1
53,2,752.70,272.93,86.15,262.42,0.92,-1,-1,-1
53,3,897.13,263.52,165.35,325.57,0.93,-1,-1,-1
53,4,874.53,272.13,73.92,256.94,0.82,-1,-1,-1
53,9,12.02,271.09,98.96,293.07,0.65,-1,-1,-1
53,10,993.15,272.15,66.49,194.58,0.79,-1,-1,-1
53,11,963.69,323.57,119.30,234.96,0.77,-1,-1,-1
53,12,1032.38,265.39,70.30,193.69,0.83,-1,-1,-1
53,13,1062.39,353.63,152.30,260.62,0.83,-1,-1,-1
53,14,1026.33,331.43,135.13,249.92,0.85,-1,-1,-1
53,15,71.05,257.41,122.69,327.89,0.88,-1,-1,-1
53,16,1062.67,265.25,110.39,228.96,0.87,-1,-1,-1
53,17,1152.14,261.51,66.74,201.36,0.80,-1,-1,-1
53,18,1120.03,403.48,140.30,236.90,0.35,-1,-1,-1
53,19,896.28,251.63,97.77,289.69,0.85,-1,-1,-1
53,20,175.16,301.76,73.45,184.94,0.82,-1,-1,-1
53,21,671.40,289.55,61.98,181.78,0.91,-1,-1,-1
53,8,-29.65,236.13,110.07,354.00,0.75,-1,-1,-1
54,1,809.41,304.58,89.42,232.25,0.94,-1,-1,-1
54,2,751.92,272.08,85.90,264.06,0.92,-1,-1,-1
54,3,895.29,263.47,167.18,326.45,0.94,-1,-1,-1
54,4,873.55,272.07,73.22,254.72,0.81,-1,-1,-1
54,9,11.44,274.97,96.42,292.18,0.65,-1,-1,-1
54,10,992.06,271.59,67.48,195.92,0.79,-1,-1,-1
54,11,963.83,324.43,118.04,232.06,0.76,-1,-1,-1
54,12,1031.79,264.94,70.17,195.09,0.84,-1,-1,-1
54,13,1063.09,353.17,151.98,264.97,0.83,-1,-1,-1
54,14,1027.47,330.43,132.89,264.19,0.84,-1,-1,-1
54,15,68.33,256.87,122.44,330.45,0.87,-1,-1,-1
54,16,1062.71,264.86,110.45,230.25,0.87,-1,-1,-1
54,17,1153.25,261.20,65.50,201.70,0.80,-1,-1,-1
54,18,1122.41,392.67,137.69,251.44,0.25,-1,-1,-1
54,19,895.89,250.07,96.72,288.92,0.84,-1,-1,-1
54,20,173.06,301.24,73.38,182.83,0.81,-1,-1,-1
54,21,670.90,289.75,61.74,181.42,0.91,-1,-1,-1
54,8,-34.72,236.47,107.09,355.44,0.73,-1,-1,-1
55,1,809.37,302.66,88.35,234.78,0.94,-1,-1,-1
55,2,751.05,270.52,86.30,267.79,0.93,-1,-1,-1
55,3,895.18,262.86,166.85,326.64,0.93,-1,-1,-1
55,4,870.79,270.71,72.59,253.88,0.85,-1,-1,-1
55,9,8.96,277.36,94.97,292.67,0.64,-1,-1,-1
55,10,991.94,271.10,66.61,195.74,0.75,-1,-1,-1
55,11,961.80,323.73,124.61,241.07,0.77,-1,-1,-1
55,12,1029.49,264.21,72.47,196.25,0.82,-1,-1,-1
55,13,1065.37,352.59,154.11,268.42,0.83,-1,-1,-1
55,14,1026.99,329.64,140.28,258.05,0.82,-1,-1,-1
55,15,65.14,255.07,121.79,332.90,0.86,-1,-1,-1
55,16,1063.04,263.87,110.36,228.53,0.87,-1,-1,-1
55,17,1153.33,260.27,67.36,202.87,0.81,-1,-1,-1
55,18,1129.01,398.58,129.43,235.34,0.12,-1,-1,-1
55,19,894.58,249.48,99.49,294.12,0.86,-1,-1,-1
55,20,170.22,300.69,71.63,177.84,0.84,-1,-1,-1
55,21,668.96,290.98,62.76,179.34,0.91,-1,-1,-1
55,8,-38.94,233.55,119.02,364.92,0.71,-1,-1,-1
56,1,809.97,300.35,88.00,236.02,0.94,-1,-1,-1
56,2,749.59,268.80,88.23,271.66,0.93,-1,-1,-1
56,3,892.84,262.09,169.07,327.69,0.93,-1,-1,-1
56,4,869.21,269.50,72.38,254.43,0.84,-1,-1,-1
56,9,1.68,273.52,95.36,294.56,0.56,-1,-1,-1
56,10,993.72,270.66,65.13,191.38,0.77,-1,-1,-1
56,11,961.65,323.05,125.88,244.13,0.77,-1,-1,-1
56,12,1029.85,263.22,72.16,193.13,0.83,-1,-1,-1
56,13,1067.43,351.65,153.73,269.09,0.84,-1,-1,-1
56,14,1028.58,327.87,140.68,269.81,0.83,-1,-1,-1
56,15,59.85,253.47,122.80,333.78,0.87,-1,-1,-1
56,16,1063.23,262.19,111.48,231.39,0.87,-1,-1,-1
56,17,1153.36,259.21,66.88,201.82,0.82,-1,-1,-1
56,18,1132.10,394.44,136.33,239.02,0.27,-1,-1,-1
56,19,893.83,247.68,100.82,296.94,0.86,-1,-1,-1
56,20,165.39,299.25,72.23,182.85,0.84,-1,-1,-1
56,21,667.99,292.43,62.54,176.29,0.91,-1,-1,-1
56,8,-42.00,231.82,122.24,368.81,0.69,-1,-1,-1
57,1,811.28,298.62,86.58,237.58,0.93,-1,-1,-1
57,2,748.40,268.19,90.00,273.86,0.94,-1,-1,-1
57,3,893.91,259.52,168.22,331.19,0.93,-1,-1,-1
57,4,867.91,268.53,72.81,255.41,0.82,-1,-1,-1
57,9,-21.47,243.68,102.91,340.14,0.62,-1,-1,-1
57,10,992.35,269.11,65.75,196.02,0.74,-1,-1,-1
57,11,960.25,319.34,122.67,252.83,0.80,-1,-1,-1
57,12,1029.23,262.23,71.95,195.75,0.82,-1,-1,-1
57,13,1069.13,349.61,153.38,280.40,0.83,-1,-1,-1
57,14,1028.39,326.58,138.27,284.97,0.83,-1,-1,-1
57,15,56.46,252.71,122.12,334.22,0.87,-1,-1,-1
57,16,1063.69,260.22,111.76,234.43,0.87,-1,-1,-1
57,17,1152.47,258.25,67.80,202.93,0.80,-1,-1,-1
57,18,1125.74,387.64,140.97,254.12,0.43,-1,-1,-1
57,19,892.86,245.77,102.94,302.42,0.85,-1,-1,-1
57,20,161.10,298.56,74.48,181.36,0.81,-1,-1,-1
57,21,666.46,292.69,62.94,175.69,0.92,-1,-1,-1
57,8,-48.44,228.84,102.70,360.72,0.29,-1,-1,-1
58,1,811.74,296.36,85.55,238.76,0.93,-1,-1,-1
58,2,746.47,266.67,90.73,275.26,0.94,-1,-1,-1
58,3,894.35,256.03,167.94,335.72,0.94,-1,-1,-1
58,4,866.83,268.61,72.44,255.79,0.84,-1,-1,-1
58,9,-32.49,234.20,111.91,354.54,0.55,-1,-1,-1
58,10,990.63,266.87,68.44,200.71,0.76,-1,-1,-1
58,11,960.36,318.04,125.03,255.51,0.80,-1,-1,-1
58,12,1027.82,260.49,71.92,197.04,0.83,-1,-1,-1
58,13,1070.95,348.36,154.49,282.30,0.84,-1,-1,-1
58,14,1028.94,324.46,140.97,289.04,0.83,-1,-1,-1
58,15,51.44,251.15,122.33,336.27,0.87,-1,-1,-1
58,16,1063.90,259.43,111.90,231.87,0.85,-1,-1,-1
58,17,1150.95,257.37,68.19,201.73,0.79,-1,-1,-1
58,18,1127.46,384.90,142.83,260.90,0.59,-1,-1,-1
58,19,893.95,244.00,100.57,310.39,0.85,-1,-1,-1
58,20,157.31,298.04,75.13,179.59,0.83,-1,-1,-1
58,21,664.70,292.97,62.54,175.50,0.91,-1,-1,-1
59,1,809.77,295.23,87.02,239.60,0.94,-1,-1,-1
59,2,744.28,265.67,91.01,277.79,0.93,-1,-1,-1
59,3,893.63,255.31,167.53,336.63,0.94,-1,-1,-1
59,4,865.54,267.61,73.82,257.66,0.82,-1,-1,-1
59,9,-46.47,224.51,121.45,382.06,0.69,-1,-1,-1
59,10,991.13,265.85,65.92,199.58,0.76,-1,-1,-1
59,11,959.78,319.74,124.72,253.82,0.78,-1,-1,-1
59,12,1027.29,259.82,70.74,197.22,0.83,-1,-1,-1
59,13,1070.99,348.30,157.26,282.32,0.86,-1,-1,-1
59,14,1027.92,324.35,144.33,285.23,0.84,-1,-1,-1
59,15,46.01,250.05,123.49,341.25,0.87,-1,-1,-1
59,16,1063.37,258.24,111.93,232.45,0.86,-1,-1,-1
59,17,1149.13,256.58,69.53,201.22,0.79,-1,-1,-1
59,18,1129.27,380.43,150.67,274.69,0.59,-1,-1,-1
59,19,891.73,243.66,99.93,312.03,0.84,-1,-1,-1
59,20,153.16,297.91,75.50,178.45,0.83,-1,-1,-1
59,21,661.41,293.69,63.56,174.37,0.90,-1,-1,-1
60,1,808.75,295.11,87.09,239.87,0.94,-1,-1,-1
60,2,740.53,264.87,91.80,283.54,0.93,-1,-1,-1
60,3,892.27,255.46,168.11,337.94,0.94,-1,-1,-1
60,4,862.47,268.11,73.56,253.02,0.79,-1,-1,-1
60,9,-47.46,227.63,117.75,369.57,0.66,-1,-1,-1
60,10,991.46,265.56,63.84,195.37,0.75,-1,-1,-1
60,11,962.66,327.61,125.89,243.15,0.79,-1,-1,-1
60,12,1026.66,259.50,70.38,193.51,0.82,-1,-1,-1
60,13,1071.76,348.10,159.63,282.36,0.84,-1,-1,-1
60,14,1028.27,324.72,146.91,288.40,0.82,-1,-1,-1
60,15,39.86,250.39,124.17,339.87,0.84,-1,-1,-1
60,16,1063.36,258.31,112.04,229.93,0.85,-1,-1,-1
60,17,1148.64,256.48,70.12,201.13,0.80,-1,-1,-1
60,18,1131.33,375.65,160.74,287.61,0.46,-1,-1,-1
60,19,890.39,241.88,102.18,316.52,0.83,-1,-1,-1
60,20,143.03,297.89,80.82,183.17,0.80,-1,-1,-1
60,21,659.56,293.21,62.83,169.71,0.91,-1,-1,-1
61,1,805.52,294.84,88.33,241.71,0.94,-1,-1,-1
61,2,734.84,264.04,93.25,287.70,0.93,-1,-1,-1
61,3,888.93,255.73,167.11,339.38,0.94,-1,-1,-1
61,4,857.30,267.92,74.65,255.52,0.76,-1,-1,-1
61,9,-54.79,241.88,116.12,356.88,0.50,-1,-1,-1
61,10,987.47,264.92,65.52,201.25,0.74,-1,-1,-1
61,11,962.11,327.23,123.95,241.78,0.79,-1,-1,-1
61,12,1022.39,259.44,72.64,197.15,0.82,-1,-1,-1
61,13,1071.52,348.21,161.67,283.59,0.85,-1,-1,-1
61,14,1027.33,324.47,146.69,295.21,0.84,-1,-1,-1
61,15,33.48,249.87,123.89,343.24,0.86,-1,-1,-1
61,16,1067.03,256.75,108.49,231.76,0.83,-1,-1,-1
61,17,1147.36,256.79,70.34,200.47,0.79,-1,-1,-1
61,18,1132.73,377.46,160.02,299.09,0.45,-1,-1,-1
61,19,886.19,239.07,105.07,323.57,0.82,-1,-1,-1
61,20,138.52,297.34,79.81,182.86,0.83,-1,-1,-1
61,21,653.13,289.90,64.90,171.58,0.91,-1,-1,-1
62,1,801.57,295.04,90.00,241.92,0.94,-1,-1,-1
62,2,731.49,263.29,92.61,290.39,0.93,-1,-1,-1
62,3,885.56,254.82,168.48,342.20,0.95,-1,-1,-1
62,4,852.36,267.99,75.35,256.43,0.82,-1,-1,-1
62,9,-52.73,251.70,106.72,345.31,0.60,-1,-1,-1
62,10,984.44,258.04,66.13,221.70,0.77,-1,-1,-1
62,11,959.77,327.20,126.74,246.60,0.80,-1,-1,-1
62,12,1018.66,258.97,74.66,204.26,0.82,-1,-1,-1
62,13,1071.63,349.13,157.70,288.55,0.86,-1,-1,-1
62,14,1026.60,325.54,145.37,300.18,0.85,-1,-1,-1
62,15,26.66,250.43,123.72,344.43,0.85,-1,-1,-1
62,16,1066.29,255.59,110.70,237.59,0.83,-1,-1,-1
62,17,1145.90,256.90,71.59,203.62,0.80,-1,-1,-1
62,18,1132.92,378.62,159.62,299.15,0.58,-1,-1,-1
62,19,884.25,237.86,102.65,325.31,0.85,-1,-1,-1
62,20,132.19,297.88,81.36,183.89,0.81,-1,-1,-1
62,21,649.23,289.12,65.08,171.99,0.90,-1,-1,-1
63,1,798.33,295.34,91.90,243.38,0.94,-1,-1,-1
63,2,727.90,263.09,94.21,293.19,0.93,-1,-1,-1
63,3,881.69,253.49,162.61,348.49,0.93,-1,-1,-1
63,4,849.09,268.66,75.70,258.63,0.82,-1,-1,-1
63,9,-48.56,270.94,94.03,303.79,0.42,-1,-1,-1
63,10,983.09,257.51,66.45,225.45,0.78,-1,-1,-1
63,11,960.46,323.53,124.34,252.46,0.83,-1,-1,-1
63,12,1015.90,259.70,74.33,201.01,0.81,-1,-1,-1
63,13,1071.47,348.48,157.42,294.99,0.85,-1,-1,-1
63,14,1026.15,327.46,140.20,306.16,0.86,-1,-1,-1
63,15,18.14,251.34,126.76,354.24,0.84,-1,-1,-1
63,16,1064.64,255.61,113.97,243.22,0.87,-1,-1,-1
63,17,1146.37,257.96,70.95,202.94,0.81,-1,-1,-1
63,18,1132.25,381.32,154.84,292.22,0.53,-1,-1,-1
63,19,882.13,237.02,101.76,327.57,0.85,-1,-1,-1
63,20,125.77,298.76,75.44,182.70,0.82,-1,-1,-1
63,21,646.01,288.92,65.19,173.41,0.89,-1,-1,-1
64,1,796.04,295.31,93.18,244.41,0.94,-1,-1,-1
64,2,724.97,262.29,94.76,296.12,0.92,-1,-1,-1
64,3,878.24,251.82,167.16,352.00,0.94,-1,-1,-1
64,4,847.10,268.76,77.28,261.13,0.74,-1,-1,-1
64,9,-46.69,280.13,89.69,290.58,0.22,-1,-1,-1
64,10,982.03,260.82,65.36,219.33,0.76,-1,-1,-1
64,11,960.18,323.12,126.89,256.33,0.84,-1,-1,-1
64,12,1014.31,259.99,74.15,200.20,0.82,-1,-1,-1
64,13,1071.38,348.64,159.61,299.62,0.85,-1,-1,-1
64,14,1026.59,328.17,139.33,306.03,0.85,-1,-1,-1
64,15,14.48,250.50,125.93,362.62,0.85,-1,-1,-1
64,16,1064.01,255.64,117.50,247.16,0.85,-1,-1,-1
64,17,1145.93,258.83,71.84,203.47,0.79,-1,-1,-1
64,18,1133.70,384.71,156.43,305.71,0.65,-1,-1,-1
64,19,879.95,236.59,102.86,327.32,0.85,-1,-1,-1
64,20,119.92,299.96,85.05,183.48,0.82,-1,-1,-1
64,21,644.73,287.35,62.22,176.44,0.90,-1,-1,-1
65,1,793.90,296.19,90.72,243.81,0.94,-1,-1,-1
65,2,719.96,261.55,95.53,299.02,0.93,-1,-1,-1
65,3,874.26,252.53,159.08,353.69,0.93,-1,-1,-1
65,4,843.96,269.09,75.22,259.92,0.77,-1,-1,-1
65,9,-44.45,284.79,83.40,282.87,0.13,-1,-1,-1
65,10,978.02,259.81,66.16,225.02,0.78,-1,-1,-1
65,11,957.66,321.96,129.03,262.55,0.83,-1,-1,-1
65,12,1009.56,260.56,72.89,201.73,0.80,-1,-1,-1
65,13,1070.70,350.51,159.25,300.97,0.86,-1,-1,-1
65,14,1024.93,329.80,140.21,303.57,0.84,-1,-1,-1
65,15,4.36,251.29,127.61,366.31,0.87,-1,-1,-1
65,16,1061.97,255.10,117.68,250.02,0.85,-1,-1,-1
65,17,1142.81,260.07,72.16,204.76,0.79,-1,-1,-1
65,18,1133.61,388.07,158.20,305.70,0.76,-1,-1,-1
65,19,874.66,237.78,102.96,328.39,0.87,-1,-1,-1
65,20,113.96,299.90,86.16,186.80,0.82,-1,-1,-1
65,21,638.54,287.06,62.25,176.89,0.89,-1,-1,-1
66,1,790.82,297.25,90.34,246.03,0.94,-1,-1,-1
66,2,715.26,261.12,95.79,301.89,0.92,-1,-1,-1
66,3,870.49,253.11,154.97,356.23,0.92,-1,-1,-1
66,4,841.43,269.34,75.59,260.41,0.78,-1,-1,-1
66,10,973.30,259.72,67.65,231.45,0.77,-1,-1,-1
66,11,955.86,322.36,129.81,261.60,0.82,-1,-1,-1
66,12,1005.16,260.76,75.98,204.91,0.83,-1,-1,-1
66,13,1070.14,352.36,159.06,304.85,0.85,-1,-1,-1
66,14,1022.84,331.41,140.52,304.04,0.84,-1,-1,-1
66,15,-3.94,251.32,128.04,370.18,0.86,-1,-1,-1
66,16,1060.92,256.06,117.68,249.53,0.87,-1,-1,-1
66,17,1141.32,261.25,72.27,206.24,0.79,-1,-1,-1
66,18,1133.25,387.27,162.37,314.87,0.76,-1,-1,-1
66,19,870.37,238.55,105.65,331.00,0.85,-1,-1,-1
66,20,106.17,300.91,89.27,190.81,0.82,-1,-1,-1
66,21,637.60,286.93,59.27,177.92,0.90,-1,-1,-1
67,1,788.02,298.43,90.21,245.92,0.95,-1,-1,-1
67,2,713.08,260.42,95.29,304.77,0.93,-1,-1,-1
67,3,867.43,254.70,165.31,358.82,0.93,-1,-1,-1
67,4,840.04,269.46,75.73,262.17,0.74,-1,-1,-1
67,10,969.56,259.87,69.40,239.08,0.79,-1,-1,-1
67,11,952.02,322.82,134.80,267.45,0.82,-1,-1,-1
67,12,1003.34,261.29,78.30,206.07,0.82,-1,-1,-1
67,13,1069.09,354.38,164.91,306.18,0.84,-1,-1,-1
67,14,1021.83,332.75,145.41,305.84,0.84,-1,-1,-1
67,15,-14.01,251.13,130.68,374.00,0.85,-1,-1,-1
67,16,1057.93,257.78,120.02,247.44,0.87,-1,-1,-1
67,17,1139.94,262.28,73.48,210.75,0.81,-1,-1,-1
67,18,1134.05,391.60,165.11,307.00,0.66,-1,-1,-1
67,19,867.42,238.15,105.49,333.34,0.85,-1,-1,-1
67,20,99.46,301.08,90.19,195.09,0.82,-1,-1,-1
67,21,633.87,287.68,59.35,178.28,0.91,-1,-1,-1
68,1,786.35,299.10,89.50,246.41,0.94,-1,-1,-1
68,2,710.83,260.10,96.18,307.21,0.93,-1,-1,-1
68,3,863.34,254.39,171.58,362.35,0.93,-1,-1,-1
68,4,837.73,269.90,79.29,265.29,0.76,-1,-1,-1
68,10,965.44,258.18,72.37,245.70,0.78,-1,-1,-1
68,11,947.28,323.11,140.11,270.91,0.82,-1,-1,-1
68,12,1001.15,262.07,76.79,200.54,0.81,-1,-1,-1
68,13,1069.44,355.12,167.00,304.20,0.84,-1,-1,-1
68,14,1021.64,332.92,149.50,306.39,0.83,-1,-1,-1
68,15,-17.96,251.72,129.03,375.31,0.86,-1,-1,-1
68,16,1058.18,258.30,119.63,244.92,0.86,-1,-1,-1
68,17,1139.01,263.41,72.70,210.50,0.78,-1,-1,-1
68,18,1135.06,387.33,171.89,318.52,0.51,-1,-1,-1
68,19,864.23,237.98,109.46,335.28,0.86,-1,-1,-1
68,20,93.56,300.64,91.85,196.08,0.81,-1,-1,-1
68,21,629.83,289.23,61.14,177.63,0.89,-1,-1,-1
69,1,784.70,300.04,89.22,246.40,0.94,-1,-1,-1
69,2,709.34,259.08,95.90,309.75,0.94,-1,-1,-1
69,3,860.73,254.09,176.30,365.12,0.92,-1,-1,-1
69,4,835.54,268.39,85.87,272.79,0.79,-1,-1,-1
69,10,966.25,258.47,71.17,245.39,0.78,-1,-1,-1
69,11,948.41,321.19,140.92,275.19,0.83,-1,-1,-1
69,12,1000.37,262.14,74.97,199.14,0.81,-1,-1,-1
69,13,1068.34,356.12,172.43,304.73,0.84,-1,-1,-1
69,14,1022.74,333.57,149.84,309.25,0.83,-1,-1,-1
69,15,-23.76,251.34,129.14,380.43,0.85,-1,-1,-1
69,16,1060.02,258.27,118.23,247.32,0.86,-1,-1,-1
69,17,1137.98,264.91,69.99,208.28,0.71,-1,-1,-1
69,18,1137.68,384.95,158.12,321.50,0.17,-1,-1,-1
69,19,861.98,237.45,112.68,336.88,0.85,-1,-1,-1
69,20,88.48,300.23,95.14,199.96,0.81,-1,-1,-1
69,21,628.03,291.44,61.22,176.07,0.87,-1,-1,-1
70,1,784.00,300.00,88.48,247.83,0.93,-1,-1,-1
70,2,707.54,258.15,97.49,313.14,0.94,-1,-1,-1
70,3,859.44,254.05,179.22,368.34,0.92,-1,-1,-1
70,4,834.10,268.76,83.74,271.92,0.77,-1,-1,-1
70,10,967.50,259.30,69.43,244.37,0.79,-1,-1,-1
70,11,948.54,320.58,144.65,278.07,0.83,-1,-1,-1
70,12,999.81,261.98,74.23,203.80,0.80,-1,-1,-1
70,13,1069.35,346.29,175.59,324.27,0.83,-1,-1,-1
70,14,1024.01,334.55,151.06,317.50,0.84,-1,-1,-1
70,15,-28.30,249.37,128.32,381.14,0.85,-1,-1,-1
70,16,1061.03,258.09,117.62,249.21,0.85,-1,-1,-1
70,17,1138.51,264.73,67.70,217.65,0.30,-1,-1,-1
70,19,860.83,236.44,113.25,341.12,0.85,-1,-1,-1
70,20,82.91,300.06,100.86,204.57,0.82,-1,-1,-1
70,21,632.64,293.61,55.24,173.04,0.90,-1,-1,-1
71,1,783.05,300.74,87.51,247.72,0.93,-1,-1,-1
71,2,706.59,257.60,99.74,316.11,0.94,-1,-1,-1
71,3,857.29,252.65,180.07,370.89,0.91,-1,-1,-1
71,4,835.15,268.22,79.16,274.10,0.78,-1,-1,-1
71,10,966.15,259.41,69.88,247.79,0.80,-1,-1,-1
71,11,950.27,322.68,143.52,275.61,0.86,-1,-1,-1
71,12,998.34,261.97,75.07,201.26,0.83,-1,-1,-1
71,13,1070.06,342.83,182.39,330.35,0.62,-1,-1,-1
71,14,1023.13,335.59,160.76,318.93,0.85,-1,-1,-1
71,15,-32.80,246.11,128.17,391.53,0.85,-1,-1,-1
71,16,1063.57,257.49,111.28,247.92,0.85,-1,-1,-1
71,19,858.72,233.96,113.88,346.31,0.85,-1,-1,-1
71,20,77.81,299.34,106.20,205.71,0.82,-1,-1,-1
71,21,634.67,295.23,52.25,171.36,0.92,-1,-1,-1
71,22,87.97,282.15,78.30,193.05,0.74,-1,-1,-1
72,1,781.07,301.52,88.36,248.27,0.92,-1,-1,-1
72,2,706.97,257.23,101.72,319.91,0.94,-1,-1,-1
72,3,855.34,251.57,173.32,374.51,0.88,-1,-1,-1
72,4,834.35,268.51,79.16,275.81,0.79,-1,-1,-1
72,10,963.97,259.57,72.40,247.99,0.78,-1,-1,-1
72,11,949.85,323.81,147.77,276.12,0.85,-1,-1,-1
72,12,998.54,262.36,75.37,198.60,0.83,-1,-1,-1
72,13,1072.25,337.07,183.83,345.74,0.40,-1,-1,-1
72,14,1024.67,335.43,164.40,329.23,0.84,-1,-1,-1
72,15,-36.10,243.63,125.25,391.06,0.85,-1,-1,-1
72,16,1065.93,257.39,107.65,244.01,0.85,-1,-1,-1
72,19,859.14,233.48,114.06,347.78,0.84,-1,-1,-1
72,20,72.67,298.65,111.60,208.42,0.82,-1,-1,-1
72,21,634.74,296.24,51.85,170.96,0.91,-1,-1,-1
72,22,85.27,284.27,75.73,185.40,0.68,-1,-1,-1
73,1,780.89,301.87,86.91,248.78,0.92,-1,-1,-1
73,2,707.14,256.78,106.01,322.57,0.94,-1,-1,-1
73,3,854.55,250.79,172.15,376.76,0.88,-1,-1,-1
73,4,833.39,268.41,79.18,275.82,0.77,-1,-1,-1
73,10,962.73,259.97,74.53,253.00,0.78,-1,-1,-1
73,11,950.45,323.66,150.49,275.36,0.85,-1,-1,-1
73,12,998.78,261.65,75.50,199.73,0.83,-1,-1,-1
73,13,1072.61,333.85,187.81,355.11,0.31,-1,-1,-1
73,14,1025.40,335.50,164.60,336.40,0.85,-1,-1,-1
73,15,-36.20,243.13,121.77,392.58,0.85,-1,-1,-1
73,16,1067.45,257.09,108.79,254.46,0.82,-1,-1,-1
73,19,856.30,233.72,119.73,349.94,0.83,-1,-1,-1
73,20,70.79,297.89,112.21,208.12,0.80,-1,-1,-1
73,21,634.45,296.57,52.36,171.05,0.91,-1,-1,-1
73,22,83.44,284.34,73.30,183.85,0.72,-1,-1,-1
74,1,779.44,301.42,86.35,249.46,0.92,-1,-1,-1
74,2,706.73,256.48,111.07,326.21,0.94,-1,-1,-1
74,3,853.23,251.42,180.92,377.15,0.86,-1,-1,-1
74,4,833.77,267.49,79.14,275.99,0.76,-1,-1,-1
74,10,961.53,259.73,76.47,254.59,0.78,-1,-1,-1
74,11,950.50,322.47,152.64,277.90,0.87,-1,-1,-1
74,12,999.94,260.98,75.53,200.51,0.81,-1,-1,-1
74,13,1074.30,343.69,181.07,345.87,0.26,-1,-1,-1
74,14,1027.24,336.30,170.44,339.13,0.82,-1,-1,-1
74,15,-40.38,241.23,120.89,392.23,0.85,-1,-1,-1
74,16,1068.44,255.72,108.00,257.78,0.71,-1,-1,-1
74,19,855.95,231.78,119.76,356.25,0.82,-1,-1,-1
74,20,68.12,298.23,111.17,205.34,0.80,-1,-1,-1
74,21,631.71,296.54,54.38,170.53,0.92,-1,-1,-1
74,22,79.81,282.00,74.67,193.08,0.73,-1,-1,-1
75,1,778.87,300.70,85.53,249.68,0.91,-1,-1,-1
75,2,706.27,255.56,115.26,330.71,0.94,-1,-1,-1
75,3,852.72,251.01,177.07,379.74,0.88,-1,-1,-1
75,4,833.89,266.77,79.10,275.84,0.78,-1,-1,-1
75,10,962.20,258.83,76.00,263.04,0.77,-1,-1,-1
75,11,950.44,322.54,152.19,279.24,0.86,-1,-1,-1
75,12,998.54,260.82,85.03,205.49,0.80,-1,-1,-1
75,14,1028.42,330.52,189.98,346.41,0.57,-1,-1,-1
75,15,-45.50,241.00,119.50,391.51,0.83,-1,-1,-1
75,16,1068.08,260.00,101.68,241.07,0.21,-1,-1,-1
75,19,852.58,230.86,124.08,358.51,0.85,-1,-1,-1
75,20,64.21,298.10,112.64,203.01,0.84,-1,-1,-1
75,21,629.78,295.80,55.12,169.60,0.93,-1,-1,-1
75,22,72.78,280.66,81.95,196.57,0.79,-1,-1,-1
76,1,777.09,299.49,86.37,250.80,0.89,-1,-1,-1
76,2,706.61,255.00,116.15,335.36,0.94,-1,-1,-1
76,3,850.13,252.18,182.54,380.67,0.90,-1,-1,-1
76,4,833.58,267.95,78.39,274.75,0.75,-1,-1,-1
76,10,961.24,257.36,76.88,263.44,0.76,-1,-1,-1
76,11,949.72,323.17,153.04,276.06,0.86,-1,-1,-1
76,12,998.52,260.48,81.58,204.10,0.81,-1,-1,-1
76,14,1029.90,325.57,195.00,341.07,0.46,-1,-1,-1
76,15,-50.24,239.28,117.68,387.94,0.82,-1,-1,-1
76,19,849.22,229.92,127.01,361.54,0.86,-1,-1,-1
76,20,59.88,297.31,108.74,201.56,0.81,-1,-1,-1
76,21,627.19,295.12,57.16,167.94,0.93,-1,-1,-1
76,22,69.45,280.44,79.40,193.82,0.76,-1,-1,-1
77,1,774.28,298.39,88.50,252.36,0.88,-1,-1,-1
77,2,706.99,254.46,114.69,338.22,0.94,-1,-1,-1
77,3,848.22,251.69,183.66,383.00,0.91,-1,-1,-1
77,4,833.10,265.24,85.92,284.66,0.77,-1,-1,-1
77,10,963.74,256.66,73.69,254.70,0.79,-1,-1,-1
77,11,948.76,324.08,152.14,276.68,0.86,-1,-1,-1
77,12,998.47,260.13,77.71,202.04,0.83,-1,-1,-1
77,14,1030.92,333.32,190.00,349.43,0.45,-1,-1,-1
77,15,-55.95,241.37,116.25,377.23,0.76,-1,-1,-1
77,19,849.63,227.65,124.61,363.88,0.83,-1,-1,-1
77,20,57.00,296.88,109.51,197.82,0.82,-1,-1,-1
77,21,626.75,292.53,57.34,169.00,0.92,-1,-1,-1
77,22,66.89,281.07,81.88,189.73,0.79,-1,-1,-1
78,1,772.57,297.15,91.78,252.39,0.88,-1,-1,-1
78,2,707.03,253.79,114.23,341.32,0.94,-1,-1,-1
78,3,845.99,250.95,185.44,385.94,0.90,-1,-1,-1
78,4,832.27,265.30,84.74,281.70,0.76,-1,-1,-1
78,10,964.39,256.15,73.75,261.32,0.79,-1,-1,-1
78,11,949.26,324.44,149.54,268.02,0.84,-1,-1,-1
78,12,998.13,259.99,77.53,203.19,0.82,-1,-1,-1
78,15,-57.36,245.23,111.27,364.52,0.74,-1,-1,-1
78,19,846.81,227.02,126.45,368.39,0.85,-1,-1,-1
78,20,51.76,296.94,113.57,198.04,0.81,-1,-1,-1
78,21,625.00,290.81,58.68,169.89,0.93,-1,-1,-1
78,22,62.23,281.49,84.02,190.90,0.79,-1,-1,-1
79,1,771.32,296.77,90.68,251.79,0.88,-1,-1,-1
79,2,707.03,252.77,113.41,345.30,0.94,-1,-1,-1
79,3,845.13,252.53,183.70,387.24,0.90,-1,-1,-1
79,4,832.49,262.75,87.16,289.86,0.77,-1,-1,-1
79,10,966.95,256.02,71.39,255.81,0.79,-1,-1,-1
79,11,948.78,325.55,153.26,264.60,0.83,-1,-1,-1
79,12,998.54,260.02,73.88,203.62,0.81,-1,-1,-1
79,15,-57.26,255.57,103.65,333.74,0.70,-1,-1,-1
79,19,848.97,225.16,125.04,373.75,0.85,-1,-1,-1
79,20,47.97,296.78,108.99,199.02,0.83,-1,-1,-1
79,21,624.63,289.21,59.18,172.02,0.93,-1,-1,-1
79,22,59.22,280.05,87.20,193.87,0.81,-1,-1,-1
80,1,769.92,296.75,86.07,252.49,0.88,-1,-1,-1
80,2,707.27,252.21,112.45,349.09,0.94,-1,-1,-1
80,3,844.50,255.33,183.86,386.78,0.90,-1,-1,-1
80,4,832.52,262.22,89.49,297.59,0.71,-1,-1,-1
80,10,967.27,256.45,70.49,249.08,0.80,-1,-1,-1
80,11,947.95,325.33,153.45,258.72,0.82,-1,-1,-1
80,12,998.66,260.16,72.47,210.61,0.79,-1,-1,-1
80,15,-59.67,265.46,98.57,297.74,0.47,-1,-1,-1
80,19,846.24,225.39,129.76,373.16,0.85,-1,-1,-1
80,20,42.95,296.96,115.71,200.70,0.83,-1,-1,-1
80,21,624.15,289.02,59.35,173.14,0.93,-1,-1,-1
80,22,56.44,279.88,85.77,197.10,0.81,-1,-1,-1
80,23,569.25,315.67,55.80,164.02,0.73,-1,-1,-1
81,1,766.97,297.48,86.11,252.34,0.89,-1,-1,-1
81,2,708.55,251.85,110.24,353.02,0.95,-1,-1,-1
81,3,842.79,249.12,183.85,397.11,0.89,-1,-1,-1
81,4,832.21,264.52,86.56,294.39,0.78,-1,-1,-1
81,10,967.00,257.06,71.36,249.10,0.80,-1,-1,-1
81,11,947.86,325.33,151.06,272.78,0.79,-1,-1,-1
81,12,999.53,260.49,70.75,210.68,0.80,-1,-1,-1
81,15,-71.08,264.69,104.62,307.34,0.33,-1,-1,-1
81,19,845.49,224.52,132.64,377.69,0.82,-1,-1,-1
81,20,37.61,298.19,111.47,201.48,0.84,-1,-1,-1
81,21,623.99,289.82,59.40,173.39,0.94,-1,-1,-1
81,22,54.91,280.84,80.74,195.84,0.77,-1,-1,-1
81,23,565.76,316.86,58.61,168.02,0.79,-1,-1,-1
82,1,766.18,296.91,87.52,255.96,0.89,-1,-1,-1
82,2,710.11,252.24,109.05,356.50,0.94,-1,-1,-1
82,3,843.64,249.25,184.15,401.86,0.86,-1,-1,-1
82,4,830.89,266.03,86.18,294.32,0.79,-1,-1,-1
82,10,966.66,257.98,73.05,249.67,0.79,-1,-1,-1
82,11,950.59,323.56,134.87,288.59,0.78,-1,-1,-1
82,12,1000.22,261.12,71.50,211.64,0.80,-1,-1,-1
82,15,-63.50,272.91,88.65,264.02,0.28,-1,-1,-1
82,19,846.38,226.23,133.14,375.72,0.84,-1,-1,-1
82,20,33.27,299.11,108.62,202.13,0.86,-1,-1,-1
82,21,624.10,292.05,60.14,172.67,0.94,-1,-1,-1
82,22,55.54,282.52,75.29,190.56,0.76,-1,-1,-1
82,23,539.50,300.31,83.79,190.61,0.63,-1,-1,-1
83,1,763.54,297.33,89.83,256.79,0.89,-1,-1,-1
83,2,711.31,252.63,108.00,358.13,0.94,-1,-1,-1
83,3,843.63,235.82,186.87,418.81,0.88,-1,-1,-1
83,4,830.92,266.63,85.44,294.57,0.79,-1,-1,-1
83,10,965.17,258.49,76.06,253.97,0.79,-1,-1,-1
83,11,951.45,322.10,132.22,293.64,0.78,-1,-1,-1
83,12,1000.29,261.49,71.80,211.65,0.78,-1,-1,-1
83,15,-66.46,271.46,86.49,259.78,0.16,-1,-1,-1
83,19,845.80,226.32,135.32,372.79,0.67,-1,-1,-1
83,20,29.86,299.98,106.43,198.90,0.85,-1,-1,-1
83,21,624.26,293.27,60.42,172.26,0.94,-1,-1,-1
83,22,52.35,283.39,74.47,184.99,0.74,-1,-1,-1
83,23,532.85,295.52,89.67,196.16,0.79,-1,-1,-1
84,1,761.28,298.71,91.19,257.18,0.86,-1,-1,-1
84,2,712.85,253.08,108.62,361.12,0.93,-1,-1,-1
84,3,842.71,248.70,188.58,411.84,0.89,-1,-1,-1
84,4,830.56,267.81,83.81,293.84,0.81,-1,-1,-1
84,10,959.86,260.65,82.94,254.72,0.78,-1,-1,-1
84,11,954.11,328.54,138.57,266.24,0.78,-1,-1,-1
84,12,1000.26,262.97,70.63,210.53,0.76,-1,-1,-1
84,19,846.42,227.91,133.88,377.71,0.83,-1,-1,-1
84,20,28.88,300.96,103.50,204.79,0.84,-1,-1,-1
84,21,624.49,295.76,61.02,171.57,0.93,-1,-1,-1
84,22,48.27,284.23,72.76,193.06,0.76,-1,-1,-1
84,23,533.42,296.02,85.90,192.08,0.79,-1,-1,-1
84,24,117.22,276.75,101.70,265.05,0.73,-1,-1,-1
85,1,763.05,302.07,87.08,255.18,0.82,-1,-1,-1
85,2,714.19,254.02,113.14,364.77,0.94,-1,-1,-1
85,3,842.67,249.56,188.21,418.66,0.89,-1,-1,-1
85,4,832.21,268.85,82.68,295.08,0.80,-1,-1,-1
85,10,964.56,261.22,79.94,256.47,0.79,-1,-1,-1
85,11,957.23,327.46,148.10,269.53,0.76,-1,-1,-1
85,12,1002.46,263.96,72.69,213.49,0.78,-1,-1,-1
85,19,844.92,229.63,137.25,380.29,0.79,-1,-1,-1
85,20,27.08,302.03,97.67,209.35,0.85,-1,-1,-1
85,21,624.40,298.53,63.08,171.30,0.92,-1,-1,-1
85,22,43.45,285.38,76.44,196.10,0.78,-1,-1,-1
85,23,532.29,297.54,87.18,194.93,0.86,-1,-1,-1
85,24,108.86,278.26,96.47,262.05,0.81,-1,-1,-1
86,1,765.11,304.08,82.97,253.20,0.79,-1,-1,-1
86,2,715.43,254.89,114.73,367.13,0.95,-1,-1,-1
86,3,842.11,255.69,188.15,419.19,0.90,-1,-1,-1
86,4,832.57,270.17,82.78,294.70,0.78,-1,-1,-1
86,10,966.66,261.32,78.54,254.42,0.79,-1,-1,-1
86,11,958.01,327.52,144.60,272.81,0.79,-1,-1,-1
86,12,1003.42,264.79,74.58,216.71,0.81,-1,-1,-1
86,19,844.09,230.88,140.13,372.11,0.85,-1,-1,-1
86,20,22.63,302.95,91.75,209.07,0.85,-1,-1,-1
86,21,624.34,301.52,63.22,169.23,0.92,-1,-1,-1
86,22,41.30,286.78,74.24,198.09,0.79,-1,-1,-1
86,23,533.45,299.71,85.53,193.98,0.84,-1,-1,-1
86,24,99.98,279.26,99.11,266.18,0.84,-1,-1,-1
87,1,766.36,304.85,80.90,254.42,0.79,-1,-1,-1
87,2,716.02,254.81,118.34,372.39,0.95,-1,-1,-1
87,3,843.57,255.52,189.08,426.99,0.89,-1,-1,-1
87,4,833.45,272.88,82.88,294.26,0.79,-1,-1,-1
87,10,964.67,262.11,82.79,255.40,0.80,-1,-1,-1
87,11,960.22,328.56,145.60,284.16,0.80,-1,-1,-1
87,12,1003.97,265.23,76.52,220.60,0.83,-1,-1,-1
87,19,841.33,229.65,141.56,387.86,0.88,-1,-1,-1
87,20,18.69,303.40,90.63,212.34,0.84,-1,-1,-1
87,21,624.16,303.71,63.88,167.89,0.93,-1,-1,-1
87,22,39.46,287.69,71.35,203.14,0.80,-1,-1,-1
87,23,530.15,300.45,84.62,192.03,0.81,-1,-1,-1
87,24,91.66,280.06,103.50,281.30,0.84,-1,-1,-1
88,1,770.55,303.26,77.19,255.96,0.76,-1,-1,-1
88,2,716.30,254.27,120.35,380.25,0.93,-1,-1,-1
88,3,845.71,255.80,186.24,432.86,0.90,-1,-1,-1
88,4,835.36,273.37,82.37,295.30,0.80,-1,-1,-1
88,10,964.65,261.40,84.41,264.57,0.83,-1,-1,-1
88,11,961.74,329.89,147.22,283.19,0.80,-1,-1,-1
88,12,1007.82,265.26,76.13,226.36,0.83,-1,-1,-1
88,19,840.07,227.99,146.52,403.13,0.88,-1,-1,-1
88,20,17.93,303.87,86.80,214.02,0.86,-1,-1,-1
88,21,624.14,304.59,64.73,167.43,0.92,-1,-1,-1
88,22,39.00,287.74,69.12,210.50,0.74,-1,-1,-1
88,23,527.98,300.99,86.52,194.23,0.81,-1,-1,-1
88,24,80.73,280.03,110.45,293.77,0.86,-1,-1,-1
89,1,772.33,304.97,75.79,252.86,0.72,-1,-1,-1
89,2,716.32,252.70,125.68,389.57,0.94,-1,-1,-1
89,3,846.44,254.10,177.83,440.70,0.89,-1,-1,-1
89,4,835.67,272.62,82.71,292.87,0.77,-1,-1,-1
89,10,969.15,261.80,80.28,263.08,0.81,-1,-1,-1
89,11,964.47,331.39,154.82,278.02,0.81,-1,-1,-1
89,12,1010.29,265.24,75.91,224.62,0.82,-1,-1,-1
89,19,838.95,226.31,148.85,415.92,0.87,-1,-1,-1
89,20,15.75,303.90,83.38,210.70,0.84,-1,-1,-1
89,21,624.42,304.38,64.41,167.37,0.92,-1,-1,-1
89,22,39.73,287.45,67.35,213.33,0.75,-1,-1,-1
89,23,526.20,300.15,88.83,194.72,0.86,-1,-1,-1
89,24,70.57,279.34,114.14,299.58,0.86,-1,-1,-1
90,1,772.58,304.33,77.14,253.34,0.55,-1,-1,-1
90,2,716.25,251.10,130.54,397.91,0.94,-1,-1,-1
90,3,848.47,252.45,183.08,447.57,0.89,-1,-1,-1
90,4,836.01,269.39,81.62,291.36,0.81,-1,-1,-1
90,10,972.65,261.44,78.56,256.83,0.82,-1,-1,-1
90,11,966.60,330.54,159.98,278.74,0.81,-1,-1,-1
90,12,1012.34,263.68,74.60,224.35,0.83,-1,-1,-1
90,19,839.07,224.54,150.23,420.83,0.89,-1,-1,-1
90,20,12.34,302.65,81.64,207.92,0.84,-1,-1,-1
90,21,624.73,303.83,63.66,167.54,0.93,-1,-1,-1
90,22,38.05,286.39,67.26,209.98,0.79,-1,-1,-1
90,23,526.18,300.08,88.99,194.98,0.81,-1,-1,-1
90,24,60.68,277.50,116.05,305.63,0.87,-1,-1,-1
91,1,775.32,304.08,74.66,251.32,0.55,-1,-1,-1
91,2,717.04,249.07,134.12,404.57,0.94,-1,-1,-1
91,3,850.01,249.48,183.46,455.98,0.88,-1,-1,-1
91,4,836.04,267.00,83.60,295.09,0.76,-1,-1,-1
91,10,976.18,258.33,76.71,259.35,0.80,-1,-1,-1
91,11,967.82,328.39,166.55,287.46,0.80,-1,-1,-1
91,12,1014.70,262.20,77.68,221.10,0.83,-1,-1,-1
91,19,841.10,222.21,151.56,423.42,0.89,-1,-1,-1
91,20,9.70,301.10,78.26,207.04,0.84,-1,-1,-1
91,21,625.46,301.85,62.75,167.84,0.92,-1,-1,-1
91,22,38.47,284.61,64.00,201.36,0.73,-1,-1,-1
91,23,526.45,299.44,85.93,188.44,0.74,-1,-1,-1
91,24,51.66,275.15,122.56,314.63,0.87,-1,-1,-1
92,1,779.21,302.37,73.84,252.45,0.61,-1,-1,-1
92,2,718.03,247.30,137.91,410.08,0.94,-1,-1,-1
92,3,851.96,246.74,187.34,464.51,0.89,-1,-1,-1
92,4,837.99,264.47,84.72,300.15,0.75,-1,-1,-1
92,10,977.10,255.38,78.49,261.71,0.80,-1,-1,-1
92,11,972.56,327.14,176.11,297.27,0.80,-1,-1,-1
92,12,1016.99,261.02,80.06,222.15,0.85,-1,-1,-1
92,19,842.96,217.59,151.27,430.36,0.89,-1,-1,-1
92,20,6.58,300.68,74.84,207.53,0.81,-1,-1,-1
92,21,626.12,299.50,62.46,165.35,0.93,-1,-1,-1
92,22,37.79,283.03,65.50,212.23,0.68,-1,-1,-1
92,23,523.80,298.62,89.45,193.51,0.83,-1,-1,-1
92,24,41.17,271.89,133.81,328.90,0.88,-1,-1,-1
93,1,779.43,300.15,75.89,255.26,0.68,-1,-1,-1
93,2,717.89,245.56,140.84,414.14,0.94,-1,-1,-1
93,3,851.79,244.66,192.08,469.41,0.90,-1,-1,-1
93,4,839.31,265.54,84.70,299.37,0.70,-1,-1,-1
93,10,975.25,254.88,81.38,261.68,0.81,-1,-1,-1
93,11,976.25,326.62,177.28,303.03,0.80,-1,-1,-1
93,12,1018.58,260.44,78.51,223.59,0.85,-1,-1,-1
93,19,843.41,215.41,147.91,433.81,0.86,-1,-1,-1
93,20,5.60,300.50,72.43,203.58,0.79,-1,-1,-1
93,21,626.49,298.47,61.66,164.79,0.93,-1,-1,-1
93,22,37.71,282.59,63.49,206.39,0.68,-1,-1,-1
93,23,522.79,297.87,89.42,193.89,0.82,-1,-1,-1
93,24,34.80,270.37,137.49,332.56,0.90,-1,-1,-1
94,1,781.30,299.54,78.39,256.96,0.55,-1,-1,-1
94,2,718.45,243.25,147.60,418.87,0.94,-1,-1,-1
94,3,855.83,240.02,192.57,476.36,0.91,-1,-1,-1
94,4,840.10,264.15,87.30,302.02,0.69,-1,-1,-1
94,10,982.10,253.31,77.73,259.49,0.81,-1,-1,-1
94,11,979.33,324.75,179.84,310.92,0.81,-1,-1,-1
94,12,1022.04,259.46,76.64,221.67,0.85,-1,-1,-1
94,19,844.49,214.57,147.35,434.35,0.87,-1,-1,-1
94,20,4.03,298.82,69.99,200.96,0.79,-1,-1,-1
94,21,627.90,296.36,60.11,165.15,0.93,-1,-1,-1
94,22,36.66,281.28,61.51,200.34,0.60,-1,-1,-1
94,23,521.50,296.37,88.66,193.47,0.68,-1,-1,-1
94,24,27.23,265.58,142.09,338.63,0.91,-1,-1,-1
95,1,784.44,300.72,78.26,255.34,0.61,-1,-1,-1
95,2,719.30,241.43,153.17,426.55,0.95,-1,-1,-1
95,3,866.05,235.52,188.48,484.88,0.90,-1,-1,-1
95,4,841.09,263.39,87.77,304.44,0.70,-1,-1,-1
95,10,981.93,252.04,79.96,265.57,0.82,-1,-1,-1
95,11,981.83,324.37,180.88,319.36,0.82,-1,-1,-1
95,12,1024.09,258.37,79.58,224.84,0.85,-1,-1,-1
95,19,846.80,213.37,146.07,436.54,0.87,-1,-1,-1
95,20,0.26,296.61,69.83,199.02,0.76,-1,-1,-1
95,21,629.35,294.18,58.99,166.71,0.92,-1,-1,-1
95,22,33.35,280.10,66.16,201.26,0.44,-1,-1,-1
95,23,522.60,295.67,88.36,194.37,0.78,-1,-1,-1
95,24,18.22,262.67,148.02,337.85,0.91,-1,-1,-1
96,1,786.03,299.37,80.05,257.91,0.32,-1,-1,-1
96,2,720.60,239.42,154.81,435.30,0.94,-1,-1,-1
96,3,876.33,232.90,183.11,492.06,0.91,-1,-1,-1
96,4,843.37,262.48,88.00,302.02,0.69,-1,-1,-1
96,10,981.46,250.78,84.35,268.48,0.83,-1,-1,-1
96,11,985.27,323.33,181.29,330.01,0.83,-1,-1,-1
96,12,1026.80,257.17,79.55,227.56,0.85,-1,-1,-1
96,19,848.42,211.50,144.46,439.78,0.89,-1,-1,-1
96,20,-0.91,295.40,75.34,220.26,0.64,-1,-1,-1
96,21,631.16,293.06,58.02,168.39,0.92,-1,-1,-1
96,22,31.04,279.42,69.01,202.10,0.10,-1,-1,-1
96,23,523.48,295.60,86.45,191.75,0.76,-1,-1,-1
96,24,8.67,259.87,153.88,340.10,0.90,-1,-1,-1
97,1,786.19,293.06,81.91,265.18,0.35,-1,-1,-1
97,2,722.44,237.78,157.08,441.93,0.95,-1,-1,-1
97,3,885.07,230.31,175.06,497.60,0.90,-1,-1,-1
97,4,845.86,260.04,90.72,311.38,0.64,-1,-1,-1
97,10,984.31,250.29,84.85,270.40,0.81,-1,-1,-1
97,11,991.94,321.43,179.00,336.84,0.86,-1,-1,-1
97,12,1030.26,256.39,81.87,231.47,0.86,-1,-1,-1
97,19,850.67,209.86,141.73,443.51,0.89,-1,-1,-1
97,20,-1.35,294.98,77.89,227.31,0.36,-1,-1,-1
97,21,634.11,293.07,55.86,168.56,0.93,-1,-1,-1
97,23,524.43,295.60,85.05,188.88,0.75,-1,-1,-1
97,24,2.05,258.43,156.33,339.90,0.92,-1,-1,-1
98,1,791.50,291.77,82.67,269.22,0.19,-1,-1,-1
98,2,724.30,235.64,158.53,448.79,0.95,-1,-1,-1
98,3,891.23,228.38,178.22,502.00,0.91,-1,-1,-1
98,4,848.85,256.83,92.67,314.25,0.75,-1,-1,-1
98,10,983.05,251.31,90.92,275.80,0.82,-1,-1,-1
98,11,997.39,321.01,179.26,335.26,0.85,-1,-1,-1
98,12,1034.48,255.24,81.61,235.85,0.85,-1,-1,-1
98,19,854.19,207.91,138.67,448.52,0.90,-1,-1,-1
98,20,-4.45,295.31,82.03,235.87,0.18,-1,-1,-1
98,21,636.70,293.77,54.49,168.32,0.94,-1,-1,-1
98,23,526.68,296.18,81.52,186.11,0.27,-1,-1,-1
98,24,-4.60,256.80,158.72,347.37,0.91,-1,-1,-1
98,14,1110.67,234.68,146.14,409.58,0.63,-1,-1,-1
99,2,726.33,233.54,162.47,455.21,0.94,-1,-1,-1
99,3,898.09,225.07,177.00,507.61,0.92,-1,-1,-1
99,4,851.64,256.82,91.06,317.30,0.66,-1,-1,-1
99,10,985.41,251.33,93.20,276.14,0.82,-1,-1,-1
99,11,1002.27,320.78,181.66,339.27,0.84,-1,-1,-1
99,12,1038.36,255.00,81.47,236.97,0.85,-1,-1,-1
99,19,858.41,207.37,135.09,451.63,0.90,-1,-1,-1
99,21,638.36,294.93,54.00,167.85,0.92,-1,-1,-1
99,23,528.62,295.21,81.95,190.70,0.63,-1,-1,-1
99,24,-8.87,256.43,158.35,348.25,0.91,-1,-1,-1
99,14,1118.77,230.84,149.57,411.96,0.68,-1,-1,-1
100,2,729.27,230.22,164.09,463.92,0.94,-1,-1,-1
100,3,909.45,224.22,173.43,509.32,0.91,-1,-1,-1
100,4,855.55,258.25,92.54,318.18,0.75,-1,-1,-1
100,10,988.95,252.16,95.31,272.39,0.81,-1,-1,-1
100,11,1007.90,320.23,186.20,350.26,0.84,-1,-1,-1
100,12,1041.88,254.55,83.85,244.72,0.83,-1,-1,-1
100,19,863.17,205.34,135.10,460.19,0.88,-1,-1,-1
100,21,640.53,296.54,54.51,167.34,0.91,-1,-1,-1
100,24,-13.03,256.22,157.62,352.10,0.90,-1,-1,-1
100,14,1125.88,237.21,145.53,386.56,0.69,-1,-1,-1
100,16,1110.62,278.90,79.27,234.97,0.63,-1,-1,-1
101,2,732.14,228.76,167.49,470.58,0.94,-1,-1,-1
101,3,916.74,222.81,172.97,511.78,0.90,-1,-1,-1
101,4,858.70,257.68,91.32,323.23,0.70,-1,-1,-1
101,10,994.80,253.27,93.75,270.54,0.85,-1,-1,-1
101,11,1012.75,322.05,190.16,348.89,0.84,-1,-1,-1
101,12,1047.68,254.71,83.55,244.82,0.84,-1,-1,-1
101,19,867.52,206.14,137.81,467.15,0.87,-1,-1,-1
101,21,643.16,299.27,54.70,165.25,0.91,-1,-1,-1
101,24,-16.28,256.94,157.87,354.32,0.89,-1,-1,-1
101,14,1133.57,241.86,140.33,359.22,0.80,-1,-1,-1
101,16,1115.01,279.75,81.82,243.70,0.62,-1,-1,-1
102,2,735.50,227.95,170.96,477.63,0.94,-1,-1,-1
102,3,923.60,225.40,172.75,511.50,0.92,-1,-1,-1
102,4,860.60,255.52,100.25,329.01,0.63,-1,-1,-1
102,10,995.31,255.24,97.71,271.39,0.81,-1,-1,-1
102,11,1018.62,323.97,191.50,350.75,0.84,-1,-1,-1
102,12,1051.00,255.59,83.36,244.40,0.84,-1,-1,-1
102,19,870.73,206.63,137.30,472.16,0.88,-1,-1,-1
102,21,645.07,302.46,54.76,163.43,0.91,-1,-1,-1
102,24,-21.04,258.62,161.69,358.79,0.87,-1,-1,-1
102,14,1137.95,245.83,138.47,346.02,0.80,-1,-1,-1
102,16,1118.32,281.57,83.68,239.03,0.64,-1,-1,-1
103,2,739.05,227.90,174.59,484.58,0.94,-1,-1,-1
103,3,931.72,225.95,171.55,514.09,0.90,-1,-1,-1
103,4,861.95,256.13,103.85,336.30,0.60,-1,-1,-1
103,10,997.07,251.52,100.38,292.34,0.72,-1,-1,-1
103,11,1024.71,326.80,189.66,349.83,0.84,-1,-1,-1
103,12,1055.58,256.67,84.46,248.34,0.82,-1,-1,-1
103,19,875.20,209.43,141.89,472.56,0.88,-1,-1,-1
103,21,648.59,305.24,54.21,162.74,0.91,-1,-1,-1
103,24,-26.29,261.48,161.11,362.64,0.87,-1,-1,-1
103,14,1142.23,245.17,140.42,350.35,0.77,-1,-1,-1
103,16,1122.35,283.17,86.82,245.87,0.63,-1,-1,-1
104,2,740.82,227.28,176.27,490.24,0.93,-1,-1,-1
104,3,937.14,226.67,169.71,514.47,0.90,-1,-1,-1
104,4,863.69,258.60,101.63,335.26,0.65,-1,-1,-1
104,10,999.59,252.96,100.08,292.09,0.74,-1,-1,-1
104,11,1029.41,327.97,186.34,356.08,0.84,-1,-1,-1
104,12,1058.58,256.75,84.76,250.13,0.83,-1,-1,-1
104,19,878.18,208.33,139.88,474.95,0.89,-1,-1,-1
104,21,650.29,306.17,53.95,162.39,0.91,-1,-1,-1
104,24,-29.26,261.90,160.31,368.91,0.87,-1,-1,-1
104,14,1145.05,244.08,142.28,352.10,0.77,-1,-1,-1
104,16,1125.14,283.57,89.10,252.76,0.65,-1,-1,-1
105,2,745.35,227.45,180.50,494.74,0.94,-1,-1,-1
105,3,942.32,227.84,181.24,508.81,0.90,-1,-1,-1
105,4,871.17,261.10,96.68,329.91,0.75,-1,-1,-1
105,10,1002.67,251.01,101.19,307.49,0.71,-1,-1,-1
105,11,1035.02,329.37,189.88,354.01,0.82,-1,-1,-1
105,12,1061.20,257.44,87.31,253.50,0.86,-1,-1,-1
105,19,882.58,208.68,140.46,480.48,0.89,-1,-1,-1
105,21,651.89,307.61,56.92,162.42,0.90,-1,-1,-1
105,24,-32.13,264.66,159.98,373.55,0.85,-1,-1,-1
105,14,1151.10,244.56,140.75,354.62,0.73,-1,-1,-1
105,16,1133.02,284.96,82.92,246.23,0.75,-1,-1,-1
106,2,748.61,226.93,184.91,501.71,0.94,-1,-1,-1
106,3,949.88,226.56,186.60,518.52,0.89,-1,-1,-1
106,4,873.50,259.65,98.56,337.73,0.75,-1,-1,-1
106,10,1007.78,251.61,99.21,315.80,0.58,-1,-1,-1
106,11,1040.43,330.83,189.99,357.33,0.80,-1,-1,-1
106,12,1064.94,259.51,89.41,255.69,0.84,-1,-1,-1
106,19,885.79,208.66,146.56,490.17,0.88,-1,-1,-1
106,21,655.17,308.53,56.25,161.44,0.91,-1,-1,-1
106,24,-35.85,266.14,160.10,381.46,0.85,-1,-1,-1
106,14,1155.49,243.94,140.20,364.48,0.71,-1,-1,-1
106,16,1140.08,285.35,80.39,245.07,0.69,-1,-1,-1
106,25,743.40,299.25,40.50,119.25,0.71,-1,-1,-1
107,2,752.68,226.74,187.68,509.34,0.92,-1,-1,-1
107,3,956.00,224.57,193.34,524.93,0.91,-1,-1,-1
107,4,875.71,261.26,98.35,343.36,0.74,-1,-1,-1
107,10,1014.26,247.31,98.38,334.73,0.55,-1,-1,-1
107,11,1046.92,333.77,195.84,362.44,0.75,-1,-1,-1
107,12,1071.96,259.08,87.85,255.86,0.85,-1,-1,-1
107,19,890.65,206.75,146.80,497.26,0.88,-1,-1,-1
107,21,658.17,308.50,55.98,160.27,0.90,-1,-1,-1
107,24,-40.15,267.48,161.32,376.55,0.83,-1,-1,-1
107,14,1160.95,246.80,136.41,367.14,0.62,-1,-1,-1
107,16,1147.19,282.99,79.50,256.96,0.71,-1,-1,-1
107,25,746.01,299.60,40.54,122.12,0.68,-1,-1,-1
108,2,756.26,226.32,189.68,520.63,0.92,-1,-1,-1
108,3,959.58,221.39,194.63,534.08,0.90,-1,-1,-1
108,4,878.83,264.00,96.69,346.01,0.73,-1,-1,-1
108,10,1016.27,245.83,97.96,341.21,0.40,-1,-1,-1
108,11,1054.72,333.87,195.56,370.00,0.77,-1,-1,-1
108,12,1074.75,258.36,90.70,268.32,0.85,-1,-1,-1
108,19,895.36,205.08,149.99,504.92,0.88,-1,-1,-1
108,21,659.91,308.16,57.03,159.95,0.88,-1,-1,-1
108,24,-42.06,267.52,159.96,379.87,0.83,-1,-1,-1
108,14,1165.39,248.33,133.75,358.70,0.56,-1,-1,-1
108,16,1151.05,282.74,79.14,252.87,0.69,-1,-1,-1
108,25,747.49,300.44,41.23,123.33,0.73,-1,-1,-1
109,2,761.27,224.79,190.43,538.21,0.91,-1,-1,-1
109,3,962.34,216.51,199.83,549.83,0.89,-1,-1,-1
109,4,882.32,265.48,97.53,348.83,0.65,-1,-1,-1
109,10,1019.79,246.30,109.64,357.06,0.20,-1,-1,-1
109,11,1058.64,333.85,193.12,369.15,0.73,-1,-1,-1
109,12,1079.19,258.28,91.77,268.62,0.83,-1,-1,-1
109,19,900.35,202.05,151.22,515.73,0.88,-1,-1,-1
109,21,661.76,305.45,63.35,162.74,0.90,-1,-1,-1
109,24,-45.32,266.84,159.29,392.05,0.83,-1,-1,-1
109,14,1169.26,250.21,134.10,359.99,0.61,-1,-1,-1
109,16,1155.31,282.71,83.89,258.80,0.64,-1,-1,-1
109,25,750.01,301.73,41.46,123.50,0.66,-1,-1,-1
110,2,765.55,224.76,190.75,542.64,0.91,-1,-1,-1
110,3,963.99,211.24,201.62,565.65,0.89,-1,-1,-1
110,4,884.72,263.73,98.65,351.51,0.56,-1,-1,-1
110,11,1064.79,333.48,196.71,372.99,0.78,-1,-1,-1
110,12,1084.35,258.29,92.09,269.19,0.82,-1,-1,-1
110,19,904.75,198.68,155.08,526.50,0.88,-1,-1,-1
110,21,664.63,303.41,63.38,164.36,0.90,-1,-1,-1
110,24,-44.06,265.54,155.08,394.98,0.83,-1,-1,-1
110,14,1174.15,246.50,137.81,367.32,0.73,-1,-1,-1
110,16,1161.52,284.04,83.21,253.78,0.57,-1,-1,-1
110,25,752.92,301.23,40.82,133.50,0.66,-1,-1,-1
111,2,770.05,223.26,192.41,550.63,0.90,-1,-1,-1
111,3,968.04,209.14,207.98,574.21,0.90,-1,-1,-1
111,4,886.18,262.89,97.79,348.19,0.45,-1,-1,-1
111,11,1068.82,332.82,199.14,378.52,0.72,-1,-1,-1
111,12,1091.05,258.80,92.11,269.16,0.81,-1,-1,-1
111,19,911.09,198.70,157.55,534.21,0.88,-1,-1,-1
111,21,665.64,302.11,63.89,165.66,0.89,-1,-1,-1
111,24,-46.06,263.65,152.58,392.93,0.82,-1,-1,-1
111,14,1180.74,246.55,137.95,361.98,0.75,-1,-1,-1
111,16,1168.66,282.86,82.88,251.15,0.51,-1,-1,-1
111,25,754.42,300.98,41.87,131.82,0.71,-1,-1,-1
111,26,219.26,283.05,73.69,210.15,0.75,-1,-1,-1
112,2,775.50,220.57,197.99,568.11,0.91,-1,-1,-1
112,3,971.87,202.32,215.05,591.51,0.89,-1,-1,-1
112,4,890.55,258.64,97.16,349.15,0.43,-1,-1,-1
112,11,1072.64,331.04,190.64,380.81,0.57,-1,-1,-1
112,12,1095.96,255.54,93.29,273.57,0.83,-1,-1,-1
112,19,915.52,196.32,157.61,539.93,0.87,-1,-1,-1
112,21,668.86,301.69,64.08,165.91,0.89,-1,-1,-1
112,24,-47.53,261.63,149.77,402.86,0.83,-1,-1,-1
112,14,1186.78,245.48,138.07,365.43,0.75,-1,-1,-1
112,16,1178.49,282.79,77.99,245.74,0.33,-1,-1,-1
112,25,755.80,300.77,42.86,128.48,0.77,-1,-1,-1
112,26,218.73,283.82,75.49,204.99,0.76,-1,-1,-1
112,27,206.10,357.75,52.65,170.10,0.76,-1,-1,-1
113,2,780.88,219.22,199.41,581.99,0.90,-1,-1,-1
113,3,977.00,193.28,224.61,609.70,0.88,-1,-1,-1
113,4,888.65,253.96,99.58,357.16,0.47,-1,-1,-1
113,11,1083.18,328.68,188.39,373.58,0.49,-1,-1,-1
113,12,1096.18,249.16,100.76,312.24,0.72,-1,-1,-1
113,19,918.94,192.59,161.97,542.80,0.88,-1,-1,-1
113,21,671.78,301.44,62.36,165.57,0.91,-1,-1,-1
113,24,-48.73,259.90,146.18,398.72,0.82,-1,-1,-1
113,14,1192.65,242.29,139.31,379.22,0.68,-1,-1,-1
113,16,1186.46,281.39,78.57,251.30,0.30,-1,-1,-1
113,25,757.38,299.64,43.81,130.18,0.77,-1,-1,-1
113,26,218.87,282.36,76.86,208.27,0.82,-1,-1,-1
113,27,198.72,357.05,61.28,172.06,0.74,-1,-1,-1
114,2,783.86,216.57,200.54,590.29,0.92,-1,-1,-1
114,3,981.67,190.87,239.86,613.90,0.89,-1,-1,-1
114,4,888.65,252.38,100.23,357.94,0.51,-1,-1,-1
114,11,1084.48,325.59,194.82,377.37,0.38,-1,-1,-1
114,12,1097.34,243.04,107.03,339.62,0.69,-1,-1,-1
114,19,920.61,191.93,163.66,544.51,0.87,-1,-1,-1
114,21,672.90,301.25,62.29,165.51,0.91,-1,-1,-1
114,24,-48.61,258.25,142.36,395.91,0.82,-1,-1,-1
114,14,1195.90,237.47,143.43,401.54,0.52,-1,-1,-1
114,16,1191.60,281.34,76.42,244.87,0.18,-1,-1,-1
114,25,758.33,298.95,44.77,133.55,0.76,-1,-1,-1
114,26,218.79,282.75,75.45,204.19,0.82,-1,-1,-1
114,27,197.20,356.50,61.40,173.69,0.76,-1,-1,-1
115,2,788.93,212.59,201.83,607.07,0.90,-1,-1,-1
115,3,988.77,185.43,250.37,631.00,0.91,-1,-1,-1
115,4,887.64,249.37,105.22,361.86,0.41,-1,-1,-1
115,11,1079.24,321.40,216.06,367.98,0.35,-1,-1,-1
115,12,1110.53,248.73,95.81,306.91,0.65,-1,-1,-1
115,19,923.72,187.39,169.01,554.99,0.87,-1,-1,-1
115,21,674.37,301.59,62.87,164.61,0.89,-1,-1,-1
115,24,-60.39,256.01,148.43,387.33,0.81,-1,-1,-1
115,14,1200.78,224.56,156.81,440.60,0.35,-1,-1,-1
115,16,1197.17,277.48,82.94,266.13,0.24,-1,-1,-1
115,25,760.05,297.75,45.13,135.96,0.79,-1,-1,-1
115,26,218.80,282.46,75.21,195.62,0.83,-1,-1,-1
115,27,189.99,354.49,66.23,173.20,0.79,-1,-1,-1
115,28,758.70,298.35,79.20,172.80,0.76,-1,-1,-1
116,2,794.13,209.24,202.63,615.87,0.90,-1,-1,-1
116,3,998.05,187.56,258.77,629.02,0.90,-1,-1,-1
116,4,886.43,245.62,100.58,351.73,0.19,-1,-1,-1
116,12,1113.60,246.71,96.92,323.12,0.32,-1,-1,-1
116,19,929.83,184.58,170.84,560.72,0.87,-1,-1,-1
116,21,677.43,302.27,59.48,164.03,0.91,-1,-1,-1
116,24,-64.33,257.48,147.33,382.40,0.82,-1,-1,-1
116,14,1207.91,227.86,150.23,420.17,0.18,-1,-1,-1
116,16,1205.18,273.38,79.37,260.67,0.13,-1,-1,-1
116,25,763.49,296.51,44.00,138.54,0.76,-1,-1,-1
116,26,218.17,281.94,76.31,189.69,0.81,-1,-1,-1
116,27,180.07,354.41,75.59,190.97,0.78,-1,-1,-1
116,28,760.37,296.43,78.47,171.34,0.80,-1,-1,-1
116,22,23.00,311.31,114.61,215.03,0.61,-1,-1,-1
117,2,798.85,202.75,215.37,638.18,0.90,-1,-1,-1
117,3,1009.50,187.47,270.12,634.15,0.90,-1,-1,-1
117,19,933.75,182.21,177.47,559.65,0.89,-1,-1,-1
117,21,679.34,302.72,60.61,163.67,0.90,-1,-1,-1
117,24,-73.53,249.89,150.45,390.06,0.76,-1,-1,-1
117,25,765.86,295.77,44.18,138.86,0.76,-1,-1,-1
117,26,216.80,282.38,74.61,175.37,0.81,-1,-1,-1
117,27,172.07,354.68,78.31,191.62,0.79,-1,-1,-1
117,28,762.77,295.87,77.66,171.93,0.82,-1,-1,-1
117,22,12.50,292.00,92.54,205.60,0.62,-1,-1,-1
118,2,803.83,197.58,219.13,656.21,0.91,-1,-1,-1
118,3,1023.06,186.69,274.30,644.98,0.88,-1,-1,-1
118,19,936.97,179.20,187.95,570.70,0.84,-1,-1,-1
118,21,680.98,304.06,60.39,162.48,0.90,-1,-1,-1
118,24,-85.42,244.62,155.53,397.40,0.66,-1,-1,-1
118,25,766.47,295.20,45.41,139.19,0.80,-1,-1,-1
118,26,215.85,282.10,74.89,167.18,0.81,-1,-1,-1
118,27,165.87,355.95,80.45,204.01,0.82,-1,-1,-1
118,28,764.92,295.83,78.06,172.11,0.80,-1,-1,-1
118,22,7.88,284.98,86.84,202.90,0.71,-1,-1,-1
119,2,809.52,189.96,224.20,678.56,0.89,-1,-1,-1
119,3,1037.44,186.71,274.86,664.80,0.86,-1,-1,-1
119,19,947.21,174.70,193.29,581.13,0.84,-1,-1,-1
119,21,683.90,304.91,59.77,162.14,0.91,-1,-1,-1
119,24,-91.51,248.62,154.95,393.64,0.45,-1,-1,-1
119,25,768.77,294.88,46.49,139.64,0.78,-1,-1,-1
119,26,211.78,282.22,79.68,150.98,0.80,-1,-1,-1
119,27,147.72,357.43,93.98,195.72,0.78,-1,-1,-1
119,28,768.09,295.70,78.93,172.75,0.82,-1,-1,-1
119,22,3.25,283.14,88.30,204.17,0.75,-1,-1,-1
120,2,813.43,186.51,228.93,690.72,0.90,-1,-1,-1
120,3,1053.80,185.32,264.70,686.69,0.84,-1,-1,-1
120,19,953.90,169.23,194.37,593.97,0.83,-1,-1,-1
120,21,687.07,305.78,60.19,161.95,0.90,-1,-1,-1
120,24,-97.68,252.85,153.59,400.85,0.30,-1,-1,-1
120,25,770.85,294.86,46.94,139.52,0.77,-1,-1,-1
120,26,208.95,282.73,84.15,162.17,0.81,-1,-1,-1
120,27,140.45,360.22,94.60,197.99,0.79,-1,-1,-1
120,28,770.47,295.41,77.98,178.86,0.83,-1,-1,-1
120,22,-4.10,282.13,95.51,206.26,0.77,-1,-1,-1
121,2,813.39,179.82,244.25,720.06,0.89,-1,-1,-1
121,3,1069.28,187.25,268.65,719.62,0.84,-1,-1,-1
121,19,961.58,166.26,196.93,604.19,0.84,-1,-1,-1
121,21,690.64,306.44,59.14,162.42,0.90,-1,-1,-1
121,24,-99.00,267.86,146.93,348.50,0.25,-1,-1,-1
121,25,772.51,295.21,47.08,141.16,0.78,-1,-1,-1
121,26,207.84,283.91,86.70,146.80,0.81,-1,-1,-1
121,27,137.19,363.99,92.02,193.22,0.79,-1,-1,-1
121,28,772.79,295.67,76.97,182.75,0.83,-1,-1,-1
121,22,-7.56,282.78,95.67,206.66,0.74,-1,-1,-1
122,2,812.32,176.33,258.10,736.75,0.90,-1,-1,-1
122,3,1090.95,183.67,260.71,745.55,0.84,-1,-1,-1
122,19,969.86,164.07,202.48,622.22,0.84,-1,-1,-1
122,21,693.48,307.03,58.74,162.97,0.89,-1,-1,-1
122,24,-112.19,269.21,150.09,355.24,0.12,-1,-1,-1
122,25,774.38,296.61,45.93,137.06,0.79,-1,-1,-1
122,26,206.99,284.59,88.91,162.06,0.82,-1,-1,-1
122,27,129.08,366.58,93.69,206.46,0.80,-1,-1,-1
122,28,773.91,296.91,80.40,183.71,0.83,-1,-1,-1
122,22,-8.33,284.39,90.70,213.02,0.77,-1,-1,-1
122,20,-29.75,310.99,158.25,248.17,0.66,-1,-1,-1
123,2,810.07,171.54,270.68,755.39,0.91,-1,-1,-1
123,3,1115.83,180.64,258.65,766.29,0.73,-1,-1,-1
123,19,977.80,162.36,211.55,634.08,0.86,-1,-1,-1
123,21,695.74,306.88,56.81,160.58,0.90,-1,-1,-1
123,25,775.06,296.92,47.87,142.57,0.79,-1,-1,-1
123,26,207.17,285.66,89.36,167.67,0.81,-1,-1,-1
123,27,121.99,367.87,92.95,211.59,0.79,-1,-1,-1
123,28,774.63,297.01,82.23,189.52,0.85,-1,-1,-1
123,22,-8.49,286.16,82.51,213.23,0.76,-1,-1,-1
123,20,-35.18,309.67,164.10,253.65,0.68,-1,-1,-1
123,12,1138.29,249.05,104.14,281.43,0.79,-1,-1,-1
124,2,807.82,168.83,283.89,768.46,0.90,-1,-1,-1
124,3,1132.56,169.22,260.91,795.97,0.61,-1,-1,-1
124,19,984.85,162.19,216.91,650.17,0.86,-1,-1,-1
124,21,696.48,306.56,56.60,159.43,0.91,-1,-1,-1
124,25,775.20,296.98,48.49,144.77,0.80,-1,-1,-1
124,26,206.65,285.53,89.63,172.56,0.81,-1,-1,-1
124,27,119.81,368.14,91.76,214.63,0.79,-1,-1,-1
124,28,775.07,297.45,82.78,190.73,0.85,-1,-1,-1
124,22,-8.98,286.86,78.98,212.86,0.77,-1,-1,-1
124,20,-39.89,307.75,168.44,254.76,0.77,-1,-1,-1
124,12,1139.33,248.96,105.69,279.97,0.81,-1,-1,-1
125,2,805.02,162.45,305.32,794.09,0.89,-1,-1,-1
125,3,1158.44,148.43,257.43,848.03,0.37,-1,-1,-1
125,19,993.69,158.74,231.95,666.14,0.84,-1,-1,-1
125,21,699.21,305.29,56.62,160.39,0.91,-1,-1,-1
125,25,776.83,296.87,48.21,148.24,0.81,-1,-1,-1
125,26,206.04,285.57,90.38,172.70,0.83,-1,-1,-1
125,27,111.80,368.65,94.69,218.61,0.76,-1,-1,-1
125,28,778.01,297.63,81.87,193.93,0.86,-1,-1,-1
125,22,-8.84,287.66,79.47,219.87,0.78,-1,-1,-1
125,20,-48.31,306.18,177.00,265.73,0.78,-1,-1,-1
125,12,1144.34,247.80,109.90,278.22,0.79,-1,-1,-1
126,2,799.19,157.31,332.82,824.35,0.90,-1,-1,-1
126,3,1189.15,158.14,229.73,803.54,0.23,-1,-1,-1
126,19,1003.12,156.46,239.99,688.75,0.87,-1,-1,-1
126,21,701.77,302.02,54.83,162.10,0.90,-1,-1,-1
126,25,778.70,295.82,46.89,147.77,0.77,-1,-1,-1
126,26,204.22,284.09,92.16,168.93,0.84,-1,-1,-1
126,27,107.81,367.79,91.09,219.86,0.78,-1,-1,-1
126,28,780.39,295.22,80.29,197.60,0.87,-1,-1,-1
126,22,-10.77,286.76,82.92,224.57,0.80,-1,-1,-1
126,20,-57.56,305.86,185.82,271.02,0.73,-1,-1,-1
126,12,1145.42,244.38,117.30,306.00,0.77,-1,-1,-1
127,2,791.52,150.74,367.18,856.76,0.89,-1,-1,-1
127,19,1016.50,151.17,243.93,699.08,0.86,-1,-1,-1
127,21,705.03,298.91,53.51,163.84,0.90,-1,-1,-1
127,25,780.24,294.19,46.91,151.11,0.79,-1,-1,-1
127,26,202.76,282.81,93.33,162.46,0.85,-1,-1,-1
127,27,104.75,365.34,89.86,225.70,0.81,-1,-1,-1
127,28,783.61,292.47,80.82,206.79,0.86,-1,-1,-1
127,22,-16.23,285.32,86.58,224.91,0.79,-1,-1,-1
127,20,-64.38,304.36,191.24,275.72,0.73,-1,-1,-1
127,12,1156.13,241.31,113.14,310.47,0.80,-1,-1,-1
127,29,594.00,313.88,36.00,117.00,0.77,-1,-1,-1
128,2,784.46,145.19,400.56,881.40,0.90,-1,-1,-1
128,19,1026.77,149.18,251.14,712.32,0.85,-1,-1,-1
128,21,707.20,296.54,53.67,164.91,0.91,-1,-1,-1
128,25,782.01,292.78,45.16,151.84,0.67,-1,-1,-1
128,26,202.09,281.35,93.05,164.17,0.87,-1,-1,-1
128,27,101.64,363.39,87.86,235.70,0.83,-1,-1,-1
128,28,784.80,290.91,81.02,202.52,0.85,-1,-1,-1
128,22,-19.82,284.51,89.41,223.82,0.76,-1,-1,-1
128,20,-67.15,304.26,192.25,279.84,0.73,-1,-1,-1
128,12,1166.10,237.28,109.01,310.63,0.80,-1,-1,-1
128,29,593.82,311.66,36.75,116.96,0.62,-1,-1,-1
128,30,810.90,301.50,102.60,255.15,0.75,-1,-1,-1
129,2,776.14,136.07,439.54,924.84,0.89,-1,-1,-1
129,19,1037.79,137.62,246.92,743.70,0.84,-1,-1,-1
129,21,708.86,294.97,53.15,165.43,0.92,-1,-1,-1
129,25,783.33,291.87,45.07,151.90,0.68,-1,-1,-1
129,26,200.70,280.43,93.51,168.25,0.86,-1,-1,-1
129,27,94.96,361.26,88.23,241.95,0.81,-1,-1,-1
129,28,785.87,289.09,81.10,202.01,0.84,-1,-1,-1
129,22,-23.11,283.66,91.31,223.81,0.79,-1,-1,-1
129,20,-73.60,301.02,196.44,293.02,0.71,-1,-1,-1
129,12,1182.05,236.04,97.81,291.57,0.68,-1,-1,-1
129,29,594.83,309.51,36.91,115.61,0.56,-1,-1,-1
129,30,811.44,298.76,104.12,275.86,0.77,-1,-1,-1
130,2,766.89,127.07,489.02,965.52,0.86,-1,-1,-1
130,19,1057.07,135.20,240.16,768.88,0.82,-1,-1,-1
130,21,709.92,295.31,53.55,164.16,0.92,-1,-1,-1
130,25,785.20,290.70,46.81,156.63,0.65,-1,-1,-1
130,26,199.13,279.71,92.95,164.79,0.87,-1,-1,-1
130,27,89.76,359.61,87.70,248.34,0.82,-1,-1,-1
130,28,787.94,287.58,81.09,202.21,0.83,-1,-1,-1
130,22,-27.25,281.00,93.10,230.32,0.75,-1,-1,-1
130,20,-72.72,302.41,188.52,292.51,0.66,-1,-1,-1
130,29,593.27,307.64,40.41,118.35,0.39,-1,-1,-1
130,30,811.87,296.88,104.41,286.54,0.77,-1,-1,-1
131,2,761.20,117.31,527.69,1008.09,0.84,-1,-1,-1
131,19,1069.52,132.44,252.59,792.66,0.79,-1,-1,-1
131,21,710.54,295.66,54.88,163.08,0.91,-1,-1,-1
131,25,785.84,289.15,46.83,158.37,0.68,-1,-1,-1
131,26,202.03,278.64,88.81,177.33,0.84,-1,-1,-1
131,27,82.34,358.73,89.04,252.42,0.80,-1,-1,-1
131,28,787.74,286.48,83.42,202.35,0.84,-1,-1,-1
131,22,-28.75,280.65,94.45,231.85,0.73,-1,-1,-1
131,20,-64.77,301.72,172.91,291.97,0.53,-1,-1,-1
131,29,596.28,308.93,38.94,117.87,0.28,-1,-1,-1
131,30,812.97,293.63,106.52,297.31,0.64,-1,-1,-1
132,2,758.35,108.92,543.88,1042.53,0.81,-1,-1,-1
132,19,1086.24,123.07,258.64,787.33,0.74,-1,-1,-1
132,21,712.87,295.94,54.86,161.78,0.91,-1,-1,-1
132,25,784.95,287.01,48.68,161.93,0.74,-1,-1,-1
132,26,200.93,277.24,87.72,185.95,0.86,-1,-1,-1
132,27,74.74,357.87,88.77,252.55,0.79,-1,-1,-1
132,28,789.50,284.99,83.20,203.37,0.84,-1,-1,-1
132,22,-28.45,281.24,90.34,223.09,0.62,-1,-1,-1
132,20,-68.79,299.51,169.53,290.02,0.40,-1,-1,-1
132,29,595.51,307.14,42.21,121.59,0.48,-1,-1,-1
132,30,815.02,291.56,108.61,304.90,0.68,-1,-1,-1
133,2,757.14,93.10,556.56,1086.69,0.78,-1,-1,-1
133,19,1103.90,105.35,270.13,806.15,0.71,-1,-1,-1
133,21,715.44,296.34,54.85,161.23,0.91,-1,-1,-1
133,25,785.10,285.61,51.13,165.82,0.73,-1,-1,-1
133,26,197.18,276.45,90.22,182.27,0.87,-1,-1,-1
133,27,66.76,359.19,87.18,254.93,0.79,-1,-1,-1
133,28,790.94,284.13,84.27,206.43,0.82,-1,-1,-1
133,22,-27.71,280.51,79.55,211.99,0.61,-1,-1,-1
133,20,-66.40,302.01,160.17,280.28,0.58,-1,-1,-1
133,29,600.70,309.04,39.66,107.45,0.67,-1,-1,-1
133,30,817.85,295.63,105.71,281.61,0.18,-1,-1,-1
134,2,758.92,82.94,557.42,1133.51,0.79,-1,-1,-1
134,19,1116.79,94.15,271.95,823.33,0.74,-1,-1,-1
134,21,716.84,296.37,54.82,161.05,0.91,-1,-1,-1
134,25,786.48,285.01,52.60,173.97,0.78,-1,-1,-1
134,26,194.96,276.33,91.39,174.55,0.86,-1,-1,-1
134,27,62.03,360.15,88.30,256.19,0.79,-1,-1,-1
134,28,794.00,283.15,81.66,207.85,0.80,-1,-1,-1
134,22,-31.36,281.42,85.96,208.84,0.58,-1,-1,-1
134,20,-68.16,305.02,160.93,265.74,0.45,-1,-1,-1
134,29,603.23,310.22,38.50,101.42,0.51,-1,-1,-1
134,30,820.29,299.54,99.08,250.65,0.20,-1,-1,-1
135,2,763.00,59.95,570.72,1219.37,0.82,-1,-1,-1
135,19,1135.19,83.97,268.48,796.84,0.46,-1,-1,-1
135,21,718.60,296.76,54.94,160.01,0.91,-1,-1,-1
135,25,784.77,283.73,55.03,174.94,0.77,-1,-1,-1
135,26,193.38,276.40,92.53,169.03,0.87,-1,-1,-1
135,27,44.43,361.76,99.07,248.26,0.76,-1,-1,-1
135,28,794.60,283.53,81.99,203.18,0.84,-1,-1,-1
135,22,-29.76,281.32,76.58,202.22,0.62,-1,-1,-1
135,20,-64.33,306.47,147.92,252.37,0.31,-1,-1,-1
135,29,605.15,310.84,38.77,99.18,0.26,-1,-1,-1
135,30,823.38,300.35,101.08,243.82,0.20,-1,-1,-1
136,2,773.70,47.22,564.21,1272.88,0.86,-1,-1,-1
136,21,721.10,296.20,55.53,160.02,0.92,-1,-1,-1
136,25,783.66,283.91,52.46,169.70,0.78,-1,-1,-1
136,26,191.19,275.78,93.72,168.31,0.88,-1,-1,-1
136,27,14.50,362.55,121.90,276.75,0.83,-1,-1,-1
136,28,796.71,282.29,84.43,203.38,0.84,-1,-1,-1
136,22,-28.35,283.73,67.43,177.46,0.62,-1,-1,-1
136,20,-46.52,310.85,112.50,231.75,0.11,-1,-1,-1
136,29,606.75,308.94,38.83,101.11,0.50,-1,-1,-1
136,30,826.07,303.80,100.17,235.69,0.18,-1,-1,-1
137,2,793.86,19.01,570.16,1350.40,0.81,-1,-1,-1
137,21,723.53,295.30,56.39,159.97,0.91,-1,-1,-1
137,25,783.21,283.92,51.39,165.99,0.79,-1,-1,-1
137,26,189.74,275.93,94.62,167.99,0.87,-1,-1,-1
137,27,5.11,365.01,123.72,286.20,0.81,-1,-1,-1
137,28,798.39,280.69,87.74,207.50,0.85,-1,-1,-1
137,22,-30.04,284.51,67.54,169.27,0.40,-1,-1,-1
137,20,-39.09,312.30,101.44,226.53,0.24,-1,-1,-1
137,29,608.59,310.97,39.46,98.74,0.64,-1,-1,-1
137,30,831.90,305.01,95.58,231.18,0.11,-1,-1,-1
138,2,820.37,-3.73,565.64,1416.39,0.79,-1,-1,-1
138,21,725.37,295.46,57.92,160.16,0.91,-1,-1,-1
138,25,782.61,291.15,50.99,157.00,0.75,-1,-1,-1
138,26,187.79,276.98,95.24,173.18,0.87,-1,-1,-1
138,27,-10.84,367.73,129.27,296.52,0.90,-1,-1,-1
138,28,802.96,281.22,86.72,204.36,0.86,-1,-1,-1
138,22,-39.01,283.50,74.95,189.16,0.21,-1,-1,-1
138,20,-29.31,316.71,88.01,219.87,0.58,-1,-1,-1
138,29,610.97,311.42,40.32,99.63,0.80,-1,-1,-1
138,30,836.58,295.35,116.46,279.27,0.19,-1,-1,-1
139,2,840.95,-14.89,573.62,1444.40,0.75,-1,-1,-1
139,21,725.47,296.09,59.63,158.05,0.92,-1,-1,-1
139,25,783.57,286.81,48.40,153.08,0.74,-1,-1,-1
139,26,185.13,277.36,96.57,178.56,0.87,-1,-1,-1
139,27,-18.31,368.90,128.83,304.19,0.88,-1,-1,-1
139,28,803.79,281.72,87.39,198.64,0.86,-1,-1,-1
139,20,-32.83,317.01,117.44,230.49,0.68,-1,-1,-1
139,29,611.94,310.32,40.60,102.08,0.81,-1,-1,-1
139,30,846.08,278.97,126.80,310.44,0.31,-1,-1,-1
139,4,881.32,223.63,115.19,353.16,0.67,-1,-1,-1
140,2,861.66,-36.65,584.75,1484.55,0.71,-1,-1,-1
140,21,726.45,295.79,59.04,158.26,0.91,-1,-1,-1
140,25,783.79,285.90,47.93,153.31,0.78,-1,-1,-1
140,26,182.42,278.98,96.98,169.60,0.85,-1,-1,-1
140,27,-20.11,369.44,122.23,309.53,0.88,-1,-1,-1
140,28,803.04,282.46,90.50,196.01,0.87,-1,-1,-1
140,20,-34.06,317.50,124.20,243.24,0.55,-1,-1,-1
140,29,613.20,310.80,40.06,103.39,0.81,-1,-1,-1
140,30,852.45,285.78,120.70,319.36,0.70,-1,-1,-1
140,4,880.29,221.71,120.44,378.27,0.78,-1,-1,-1
141,2,889.57,-55.74,591.38,1511.40,0.55,-1,-1,-1
141,21,728.03,295.35,58.81,159.50,0.92,-1,-1,-1
141,25,782.74,285.96,48.98,156.08,0.79,-1,-1,-1
141,26,180.55,279.34,97.19,172.32,0.86,-1,-1,-1
141,27,-29.71,369.05,123.35,316.57,0.86,-1,-1,-1
141,28,805.13,282.72,89.92,201.56,0.88,-1,-1,-1
141,20,-34.19,319.19,124.83,238.90,0.71,-1,-1,-1
141,29,614.33,310.93,41.64,105.40,0.84,-1,-1,-1
141,30,855.51,291.40,116.72,327.37,0.79,-1,-1,-1
141,4,885.55,219.33,120.18,398.29,0.85,-1,-1,-1
142,2,912.22,-80.80,637.47,1584.91,0.59,-1,-1,-1
142,21,730.17,294.78,58.70,161.12,0.91,-1,-1,-1
142,25,782.44,286.18,49.36,157.97,0.77,-1,-1,-1
142,26,178.98,280.88,97.51,156.61,0.85,-1,-1,-1
142,27,-40.08,368.19,124.28,319.02,0.87,-1,-1,-1
142,28,807.45,284.04,89.64,201.64,0.88,-1,-1,-1
142,20,-36.57,322.68,125.38,222.43,0.58,-1,-1,-1
142,29,615.15,311.61,42.80,106.15,0.77,-1,-1,-1
142,30,859.27,292.38,113.03,324.97,0.84,-1,-1,-1
142,4,888.88,216.66,125.95,412.87,0.87,-1,-1,-1
143,2,936.63,-95.90,624.73,1616.67,0.51,-1,-1,-1
143,21,733.03,293.74,58.11,162.64,0.92,-1,-1,-1
143,25,782.36,286.76,50.14,159.29,0.79,-1,-1,-1
143,26,177.14,281.92,98.47,157.01,0.86,-1,-1,-1
143,27,-50.99,370.97,128.14,320.51,0.82,-1,-1,-1
143,28,807.73,284.44,91.93,199.29,0.90,-1,-1,-1
143,20,-45.97,321.95,133.59,239.87,0.60,-1,-1,-1
143,29,616.90,312.24,43.86,106.45,0.82,-1,-1,-1
143,30,861.17,291.93,117.66,326.88,0.84,-1,-1,-1
143,4,890.48,213.58,140.73,425.20,0.91,-1,-1,-1
144,2,944.72,-121.56,644.08,1675.78,0.49,-1,-1,-1
144,21,733.82,293.34,58.94,163.14,0.92,-1,-1,-1
144,25,782.07,286.74,50.91,161.48,0.79,-1,-1,-1
144,26,176.23,282.01,98.66,157.11,0.85,-1,-1,-1
144,27,-56.00,374.78,127.98,320.98,0.81,-1,-1,-1
144,28,808.10,285.39,92.61,199.03,0.89,-1,-1,-1
144,20,-61.50,307.96,149.42,258.50,0.28,-1,-1,-1
144,29,617.36,312.54,44.74,106.52,0.78,-1,-1,-1
144,30,861.49,292.58,119.68,327.08,0.83,-1,-1,-1
144,4,890.78,212.06,147.20,436.35,0.92,-1,-1,-1
145,2,980.59,-78.05,539.42,1551.33,0.43,-1,-1,-1
145,21,736.50,294.05,58.12,163.05,0.91,-1,-1,-1
145,25,782.93,287.27,49.48,159.94,0.79,-1,-1,-1
145,26,173.78,282.27,99.67,160.25,0.87,-1,-1,-1
145,27,-66.92,378.87,128.30,326.45,0.80,-1,-1,-1
145,28,809.46,285.83,92.92,199.71,0.88,-1,-1,-1
145,20,-64.64,301.60,150.25,267.13,0.30,-1,-1,-1
145,29,618.99,313.09,46.28,106.57,0.77,-1,-1,-1
145,30,860.41,291.14,121.70,329.80,0.80,-1,-1,-1
145,4,889.28,211.74,147.61,445.65,0.93,-1,-1,-1
146,2,1023.68,-61.44,476.35,1452.76,0.35,-1,-1,-1
146,21,738.62,295.59,57.77,161.16,0.90,-1,-1,-1
146,25,783.22,287.56,49.49,159.87,0.79,-1,-1,-1
146,26,172.25,282.72,99.83,151.84,0.87,-1,-1,-1
146,27,-78.55,379.96,130.41,325.91,0.59,-1,-1,-1
146,28,810.47,286.67,93.56,198.54,0.88,-1,-1,-1
146,20,-68.52,300.00,151.14,271.38,0.14,-1,-1,-1
146,29,619.89,313.79,47.99,105.36,0.86,-1,-1,-1
146,30,864.20,295.86,120.30,323.75,0.72,-1,-1,-1
146,4,889.15,209.82,147.53,453.84,0.92,-1,-1,-1
146,31,1008.00,229.95,149.40,486.90,0.80,-1,-1,-1
146,32,964.80,256.05,86.40,286.20,0.77,-1,-1,-1
147,2,1065.78,10.65,402.60,1341.54,0.18,-1,-1,-1
147,21,740.31,296.71,57.62,160.45,0.90,-1,-1,-1
147,25,783.39,287.45,49.47,161.92,0.79,-1,-1,-1
147,26,170.61,281.99,100.16,155.40,0.86,-1,-1,-1
147,27,-89.14,381.80,131.39,323.89,0.37,-1,-1,-1
147,28,812.64,286.17,92.58,200.04,0.88,-1,-1,-1
147,20,-64.62,312.57,146.98,256.16,0.14,-1,-1,-1
147,29,620.55,313.21,49.20,106.11,0.87,-1,-1,-1
147,30,868.86,298.54,125.88,317.11,0.40,-1,-1,-1
147,4,888.29,208.91,150.56,462.77,0.93,-1,-1,-1
147,31,1012.39,231.03,166.78,501.10,0.88,-1,-1,-1
147,32,969.20,256.96,86.48,284.72,0.75,-1,-1,-1
148,2,1106.75,24.27,426.39,1362.62,0.19,-1,-1,-1
148,21,743.29,297.70,56.36,159.93,0.90,-1,-1,-1
148,25,784.09,286.94,50.06,163.32,0.78,-1,-1,-1
148,26,168.90,281.91,100.85,154.65,0.85,-1,-1,-1
148,28,813.16,285.51,93.36,200.52,0.89,-1,-1,-1
148,29,621.92,311.91,49.06,107.02,0.87,-1,-1,-1
148,30,882.22,265.03,118.64,353.21,0.42,-1,-1,-1
148,4,888.91,207.56,151.90,470.04,0.94,-1,-1,-1
148,31,1017.33,231.18,178.08,503.87,0.90,-1,-1,-1
148,32,972.21,254.14,86.49,286.73,0.76,-1,-1,-1
149,21,745.51,297.90,55.86,159.15,0.88,-1,-1,-1
149,25,785.50,285.86,49.65,161.76,0.77,-1,-1,-1
149,26,166.83,280.71,101.81,155.03,0.86,-1,-1,-1
149,28,814.18,284.81,93.60,200.56,0.88,-1,-1,-1
149,29,623.54,311.52,49.54,106.48,0.86,-1,-1,-1
149,30,889.13,243.32,118.58,374.74,0.58,-1,-1,-1
149,4,889.42,202.88,155.43,482.97,0.94,-1,-1,-1
149,31,1023.04,228.93,200.72,505.18,0.93,-1,-1,-1
149,32,973.12,251.56,92.03,292.66,0.78,-1,-1,-1
149,33,1149.30,216.45,118.80,391.50,0.85,-1,-1,-1
