0,1,511.20,368.32,63.00,155.48,0.92,-1,-1,-1
0,2,734.85,277.42,135.00,469.57,0.92,-1,-1,-1
0,3,963.00,388.12,59.40,132.07,0.91,-1,-1,-1
0,4,698.85,304.65,118.80,397.80,0.89,-1,-1,-1
0,5,105.52,328.95,158.40,410.40,0.89,-1,-1,-1
0,6,323.55,295.88,179.10,620.32,0.88,-1,-1,-1
0,7,890.10,326.02,54.00,151.87,0.87,-1,-1,-1
0,8,1115.10,255.15,117.00,350.10,0.86,-1,-1,-1
0,9,237.37,342.45,161.55,446.40,0.84,-1,-1,-1
0,10,94.33,349.65,69.02,252.90,0.80,-1,-1,-1
0,11,1005.30,380.47,63.00,138.83,0.79,-1,-1,-1
0,12,562.50,363.60,42.30,142.65,0.72,-1,-1,-1
1,1,511.93,367.22,62.26,156.54,0.92,-1,-1,-1
1,2,737.26,275.29,135.88,472.57,0.92,-1,-1,-1
1,3,965.55,386.62,59.44,133.12,0.90,-1,-1,-1
1,4,700.07,303.70,119.67,401.15,0.90,-1,-1,-1
1,5,93.09,328.42,167.54,409.85,0.90,-1,-1,-1
1,6,351.69,294.36,163.02,504.88,0.67,-1,-1,-1
1,7,890.26,325.47,54.82,152.35,0.86,-1,-1,-1
1,8,1115.39,253.57,118.64,351.27,0.89,-1,-1,-1
1,9,231.31,340.17,161.27,456.22,0.84,-1,-1,-1
1,10,91.84,349.14,68.14,255.38,0.78,-1,-1,-1
1,11,1006.31,379.75,63.04,139.10,0.76,-1,-1,-1
1,12,562.48,362.30,43.11,142.34,0.79,-1,-1,-1
1,13,317.70,296.55,180.00,615.60,0.88,-1,-1,-1
1,14,542.70,366.75,42.30,138.60,0.71,-1,-1,-1
2,1,511.32,366.69,62.85,156.72,0.93,-1,-1,-1
2,2,739.40,273.33,136.06,479.21,0.92,-1,-1,-1
2,3,967.36,385.99,58.05,133.30,0.91,-1,-1,-1
2,4,699.90,301.25,125.44,404.35,0.91,-1,-1,-1
2,5,104.93,329.79,153.04,414.65,0.89,-1,-1,-1
2,6,362.48,291.69,156.46,488.03,0.75,-1,-1,-1
2,7,889.21,323.95,56.71,157.34,0.84,-1,-1,-1
2,8,1113.31,251.68,125.93,353.40,0.90,-1,-1,-1
2,9,229.97,338.40,158.87,462.08,0.85,-1,-1,-1
2,10,87.69,349.25,71.53,245.84,0.76,-1,-1,-1
2,11,1008.56,379.25,61.65,138.79,0.81,-1,-1,-1
2,12,562.44,361.02,43.96,146.15,0.80,-1,-1,-1
2,13,310.82,295.29,180.00,631.83,0.88,-1,-1,-1
2,14,545.15,366.42,40.90,137.43,0.65,-1,-1,-1
2,15,571.05,325.80,134.10,401.40,0.74,-1,-1,-1
3,1,511.81,366.29,62.35,156.75,0.92,-1,-1,-1
3,2,739.67,270.98,138.83,489.61,0.91,-1,-1,-1
3,3,968.54,385.59,57.60,133.68,0.90,-1,-1,-1
3,4,701.16,299.40,129.27,407.51,0.91,-1,-1,-1
3,5,94.73,330.11,159.83,419.08,0.87,-1,-1,-1
3,6,361.98,290.76,160.43,488.42,0.73,-1,-1,-1
3,7,891.22,322.91,55.62,158.91,0.85,-1,-1,-1
3,8,1118.62,250.05,125.59,354.88,0.86,-1,-1,-1
3,9,220.07,332.68,167.05,476.56,0.84,-1,-1,-1
3,10,75.41,349.55,76.80,233.82,0.31,-1,-1,-1
3,11,1009.91,378.53,62.60,139.03,0.77,-1,-1,-1
3,12,561.75,360.74,44.89,150.07,0.81,-1,-1,-1
3,13,302.28,293.33,185.10,639.60,0.87,-1,-1,-1
3,14,544.20,365.17,41.34,137.75,0.57,-1,-1,-1
4,1,512.41,365.93,61.50,156.41,0.92,-1,-1,-1
4,2,741.77,268.88,139.69,495.29,0.91,-1,-1,-1
4,3,969.60,385.24,58.84,134.11,0.84,-1,-1,-1
4,4,701.69,298.62,129.76,407.09,0.90,-1,-1,-1
4,5,76.15,330.74,172.26,420.25,0.87,-1,-1,-1
4,6,366.32,291.83,157.74,482.17,0.64,-1,-1,-1
4,7,893.34,321.88,54.50,158.47,0.85,-1,-1,-1
4,8,1124.55,248.18,125.19,357.78,0.87,-1,-1,-1
4,9,214.91,329.14,165.98,478.98,0.86,-1,-1,-1
4,11,1011.69,378.24,60.26,139.27,0.37,-1,-1,-1
4,12,561.95,360.60,45.17,149.81,0.83,-1,-1,-1
4,13,293.72,293.15,187.40,643.07,0.87,-1,-1,-1
4,14,544.71,364.00,40.76,139.39,0.60,-1,-1,-1
5,1,513.67,365.09,60.54,156.95,0.93,-1,-1,-1
5,2,743.21,267.88,142.39,499.56,0.92,-1,-1,-1
5,3,972.59,385.01,57.94,133.78,0.72,-1,-1,-1
5,4,702.28,297.09,136.04,412.03,0.90,-1,-1,-1
5,5,70.22,329.47,177.53,425.04,0.88,-1,-1,-1
5,6,357.66,288.96,169.02,503.39,0.86,-1,-1,-1
5,7,895.44,320.92,54.09,157.27,0.86,-1,-1,-1
5,8,1130.50,246.70,123.59,360.03,0.86,-1,-1,-1
5,9,205.50,324.54,171.54,493.67,0.86,-1,-1,-1
5,11,1014.94,378.84,58.12,138.72,0.65,-1,-1,-1
5,12,563.09,359.71,45.19,152.00,0.82,-1,-1,-1
5,13,283.61,292.87,192.20,654.21,0.87,-1,-1,-1
5,14,544.97,363.77,40.53,140.74,0.78,-1,-1,-1
6,1,514.68,364.91,59.61,156.93,0.93,-1,-1,-1
6,2,743.23,268.30,147.10,497.05,0.92,-1,-1,-1
6,3,975.32,385.08,56.37,133.92,0.86,-1,-1,-1
6,4,703.60,296.53,138.85,415.43,0.91,-1,-1,-1
6,5,57.61,329.67,185.75,433.37,0.86,-1,-1,-1
6,6,356.26,290.36,171.92,512.55,0.85,-1,-1,-1
6,7,897.87,321.12,52.70,157.99,0.86,-1,-1,-1
6,8,1136.02,245.76,124.27,363.13,0.86,-1,-1,-1
6,9,194.99,320.88,176.27,500.93,0.87,-1,-1,-1
6,11,1018.37,379.04,57.46,138.96,0.79,-1,-1,-1
6,12,563.44,359.50,45.20,154.67,0.85,-1,-1,-1
6,13,273.30,294.88,195.85,664.13,0.86,-1,-1,-1
6,14,546.66,363.32,38.51,142.08,0.77,-1,-1,-1
7,1,514.19,364.59,59.91,157.34,0.93,-1,-1,-1
7,2,742.01,266.43,151.11,505.51,0.92,-1,-1,-1
7,3,976.52,385.20,55.81,134.40,0.87,-1,-1,-1
7,4,704.42,295.98,138.47,418.92,0.91,-1,-1,-1
7,5,40.69,329.90,196.47,441.67,0.86,-1,-1,-1
7,6,360.25,291.75,167.78,509.03,0.87,-1,-1,-1
7,7,895.21,320.84,56.00,158.80,0.85,-1,-1,-1
7,8,1138.10,245.44,130.62,367.79,0.86,-1,-1,-1
7,9,185.54,318.17,178.82,511.82,0.88,-1,-1,-1
7,11,1018.51,378.88,58.53,139.48,0.86,-1,-1,-1
7,12,563.34,359.79,46.40,153.85,0.86,-1,-1,-1
7,13,264.70,295.03,197.37,674.55,0.88,-1,-1,-1
7,14,545.74,364.03,39.78,141.20,0.78,-1,-1,-1
8,1,514.39,364.27,59.39,157.64,0.93,-1,-1,-1
8,2,742.21,266.07,154.86,509.02,0.92,-1,-1,-1
8,3,976.92,385.54,56.86,134.25,0.89,-1,-1,-1
8,4,705.09,296.55,142.34,421.15,0.90,-1,-1,-1
8,5,26.64,328.64,204.12,445.78,0.84,-1,-1,-1
8,6,363.18,294.82,164.36,505.74,0.87,-1,-1,-1
8,7,898.26,320.59,53.18,155.54,0.85,-1,-1,-1
8,8,1142.42,245.09,134.03,370.01,0.85,-1,-1,-1
8,9,174.48,315.23,184.33,536.48,0.86,-1,-1,-1
8,11,1019.15,378.82,58.91,140.28,0.87,-1,-1,-1
8,12,563.39,359.85,46.19,154.05,0.86,-1,-1,-1
8,13,255.74,295.91,201.98,682.00,0.87,-1,-1,-1
8,14,547.06,365.19,39.56,139.89,0.76,-1,-1,-1
9,1,513.85,364.56,60.51,157.82,0.92,-1,-1,-1
9,2,745.08,266.60,155.73,503.13,0.92,-1,-1,-1
9,3,979.11,385.72,57.29,134.87,0.91,-1,-1,-1
9,4,706.63,295.78,145.61,424.66,0.90,-1,-1,-1
9,5,13.27,328.73,199.44,452.62,0.88,-1,-1,-1
9,6,364.58,297.24,162.77,504.83,0.87,-1,-1,-1
9,7,899.93,320.40,52.43,155.13,0.85,-1,-1,-1
9,8,1147.27,244.67,135.37,375.45,0.86,-1,-1,-1
9,9,162.97,313.43,189.43,545.77,0.87,-1,-1,-1
9,11,1022.05,379.15,57.89,140.64,0.88,-1,-1,-1
9,12,563.45,359.82,47.34,155.81,0.87,-1,-1,-1
9,13,246.73,298.13,205.25,684.75,0.87,-1,-1,-1
9,14,547.89,365.71,39.53,139.15,0.77,-1,-1,-1
10,1,514.03,364.90,60.91,157.37,0.92,-1,-1,-1
10,2,744.36,266.03,161.30,507.18,0.90,-1,-1,-1
10,3,980.39,385.83,58.67,135.95,0.88,-1,-1,-1
10,4,707.80,296.20,143.17,428.12,0.90,-1,-1,-1
10,5,5.24,328.28,192.54,460.83,0.83,-1,-1,-1
10,6,370.03,301.87,156.97,494.61,0.89,-1,-1,-1
10,7,902.89,320.26,50.94,155.69,0.85,-1,-1,-1
10,8,1151.21,244.92,127.41,373.95,0.88,-1,-1,-1
10,9,154.18,313.43,193.00,541.73,0.87,-1,-1,-1
10,11,1022.96,379.76,58.76,141.17,0.81,-1,-1,-1
10,12,564.13,359.88,47.75,148.53,0.85,-1,-1,-1
10,13,239.95,298.76,207.52,690.35,0.87,-1,-1,-1
10,14,547.32,365.04,40.76,138.51,0.74,-1,-1,-1
10,16,503.10,376.65,36.90,131.40,0.72,-1,-1,-1
11,1,513.71,364.51,61.64,157.53,0.91,-1,-1,-1
11,2,740.79,265.40,169.68,515.26,0.90,-1,-1,-1
11,3,982.58,385.93,57.95,136.22,0.92,-1,-1,-1
11,4,709.67,296.37,141.96,430.74,0.87,-1,-1,-1
11,5,-6.36,320.00,178.29,469.82,0.82,-1,-1,-1
11,6,372.50,304.66,153.80,494.80,0.87,-1,-1,-1
11,7,904.51,320.26,50.37,156.68,0.86,-1,-1,-1
11,8,1153.10,243.80,130.25,377.53,0.90,-1,-1,-1
11,9,143.93,313.09,196.76,550.35,0.85,-1,-1,-1
11,11,1025.62,379.91,57.84,141.68,0.90,-1,-1,-1
11,12,564.31,359.71,49.04,146.92,0.86,-1,-1,-1
11,13,233.02,298.06,211.96,695.89,0.85,-1,-1,-1
11,14,548.24,363.98,41.17,139.82,0.70,-1,-1,-1
11,16,503.40,376.61,36.91,131.51,0.65,-1,-1,-1
11,17,570.60,321.75,141.30,406.80,0.84,-1,-1,-1
12,1,514.68,364.18,61.93,156.02,0.91,-1,-1,-1
12,2,737.81,264.66,179.29,523.40,0.90,-1,-1,-1
12,3,983.43,386.11,58.90,137.01,0.91,-1,-1,-1
12,4,711.38,296.38,142.69,434.32,0.88,-1,-1,-1
12,5,-3.16,315.00,157.05,471.99,0.84,-1,-1,-1
12,6,375.81,307.60,150.48,483.89,0.89,-1,-1,-1
12,7,906.36,320.30,50.21,156.39,0.86,-1,-1,-1
12,8,1155.54,243.69,127.71,379.57,0.90,-1,-1,-1
12,9,136.03,313.09,199.34,555.95,0.85,-1,-1,-1
12,11,1028.45,380.39,57.53,141.37,0.89,-1,-1,-1
12,12,566.05,361.41,48.94,144.02,0.84,-1,-1,-1
12,13,226.49,298.55,215.71,706.50,0.85,-1,-1,-1
12,14,550.87,365.19,40.14,140.27,0.68,-1,-1,-1
12,16,502.55,377.19,37.62,132.05,0.57,-1,-1,-1
12,17,572.87,322.09,141.38,407.09,0.79,-1,-1,-1
12,18,889.65,314.10,42.75,127.80,0.72,-1,-1,-1
13,1,515.97,364.22,61.46,154.73,0.92,-1,-1,-1
13,2,737.86,264.55,185.58,528.07,0.89,-1,-1,-1
13,3,986.20,386.79,59.26,137.02,0.88,-1,-1,-1
13,4,713.24,295.80,142.94,437.43,0.87,-1,-1,-1
13,5,-12.86,316.72,154.74,463.15,0.85,-1,-1,-1
13,6,378.90,308.94,147.99,478.80,0.89,-1,-1,-1
13,7,905.24,320.33,52.62,156.00,0.85,-1,-1,-1
13,8,1158.23,243.36,124.31,378.82,0.90,-1,-1,-1
13,9,128.99,313.34,199.22,558.60,0.85,-1,-1,-1
13,11,1031.35,381.02,57.45,141.41,0.83,-1,-1,-1
13,12,567.64,362.37,49.49,142.66,0.84,-1,-1,-1
13,13,219.69,297.99,224.77,721.24,0.84,-1,-1,-1
13,14,553.09,366.13,39.15,139.09,0.66,-1,-1,-1
13,16,500.52,376.51,38.55,133.07,0.27,-1,-1,-1
13,17,573.37,322.17,142.12,416.27,0.81,-1,-1,-1
13,18,893.29,313.92,40.98,116.74,0.72,-1,-1,-1
14,1,517.50,363.37,61.25,155.27,0.93,-1,-1,-1
14,2,738.00,264.75,191.88,529.25,0.91,-1,-1,-1
14,3,989.01,386.34,59.37,138.47,0.91,-1,-1,-1
14,4,716.10,295.20,140.50,440.17,0.85,-1,-1,-1
14,5,-23.49,315.49,153.43,465.97,0.87,-1,-1,-1
14,6,377.97,308.94,150.45,479.37,0.90,-1,-1,-1
14,7,908.15,319.66,51.99,157.01,0.84,-1,-1,-1
14,8,1163.93,242.91,122.95,383.12,0.91,-1,-1,-1
14,9,122.18,312.19,199.97,559.13,0.85,-1,-1,-1
14,11,1033.57,380.56,57.41,142.29,0.89,-1,-1,-1
14,12,571.05,361.98,48.46,142.15,0.87,-1,-1,-1
14,13,213.21,295.41,242.04,736.89,0.82,-1,-1,-1
14,14,554.93,364.84,39.38,141.02,0.66,-1,-1,-1
14,17,573.57,322.82,145.77,419.11,0.88,-1,-1,-1
14,18,895.17,313.65,42.38,124.53,0.70,-1,-1,-1
15,1,519.09,363.29,62.34,156.24,0.91,-1,-1,-1
15,2,739.13,264.39,197.53,529.54,0.89,-1,-1,-1
15,3,992.20,386.81,61.76,139.46,0.85,-1,-1,-1
15,4,720.27,296.02,136.99,442.31,0.83,-1,-1,-1
15,5,-31.46,313.83,153.13,468.70,0.87,-1,-1,-1
15,6,379.52,307.57,152.19,464.46,0.90,-1,-1,-1
15,7,911.73,320.34,52.02,152.45,0.80,-1,-1,-1
15,8,1171.76,242.11,122.36,382.59,0.86,-1,-1,-1
15,9,107.75,312.57,214.09,589.40,0.82,-1,-1,-1
15,11,1034.71,381.04,60.99,143.95,0.75,-1,-1,-1
15,12,572.75,361.17,47.41,144.26,0.71,-1,-1,-1
15,13,210.55,296.02,229.99,732.82,0.82,-1,-1,-1
15,14,560.53,365.18,37.02,129.34,0.14,-1,-1,-1
15,17,570.27,324.13,154.15,424.39,0.89,-1,-1,-1
15,18,898.66,314.05,40.03,115.28,0.27,-1,-1,-1
16,1,524.53,363.48,62.24,156.00,0.91,-1,-1,-1
16,2,741.46,263.47,203.98,534.84,0.90,-1,-1,-1
16,3,998.88,386.79,61.56,139.36,0.91,-1,-1,-1
16,4,725.74,295.25,137.11,443.59,0.84,-1,-1,-1
16,5,-38.31,312.86,159.12,471.97,0.84,-1,-1,-1
16,6,381.25,306.05,155.55,459.36,0.92,-1,-1,-1
16,7,916.12,319.56,53.33,154.50,0.84,-1,-1,-1
16,8,1183.66,240.92,118.77,383.93,0.81,-1,-1,-1
16,9,101.90,311.99,221.67,601.50,0.79,-1,-1,-1
16,11,1042.99,380.99,60.05,143.82,0.84,-1,-1,-1
16,12,578.83,360.31,49.49,145.50,0.83,-1,-1,-1
16,13,208.79,294.28,226.86,739.98,0.82,-1,-1,-1
16,14,563.47,364.00,40.53,135.96,0.42,-1,-1,-1
16,17,572.60,325.41,157.13,420.77,0.88,-1,-1,-1
16,18,906.60,312.74,38.22,116.68,0.49,-1,-1,-1
17,1,528.99,362.77,62.18,156.10,0.92,-1,-1,-1
17,2,744.21,262.09,209.45,539.04,0.88,-1,-1,-1
17,3,1004.71,386.39,61.44,140.37,0.91,-1,-1,-1
17,4,731.10,295.40,145.46,450.14,0.80,-1,-1,-1
17,5,-43.29,310.73,160.74,481.33,0.83,-1,-1,-1
17,6,381.43,304.78,160.49,463.84,0.93,-1,-1,-1
17,7,922.90,318.41,52.60,159.77,0.81,-1,-1,-1
17,8,1190.77,239.39,125.89,387.41,0.75,-1,-1,-1
17,9,107.05,310.49,217.86,628.80,0.81,-1,-1,-1
17,11,1049.47,380.43,60.83,145.28,0.79,-1,-1,-1
17,12,584.71,360.84,49.64,145.11,0.82,-1,-1,-1
17,13,206.93,287.13,219.77,754.28,0.83,-1,-1,-1
17,14,568.84,363.55,40.55,139.74,0.55,-1,-1,-1
17,17,575.41,326.12,159.18,422.52,0.89,-1,-1,-1
17,18,912.73,312.38,37.68,111.54,0.31,-1,-1,-1
18,1,534.82,362.65,62.17,157.88,0.92,-1,-1,-1
18,2,743.80,259.91,220.47,548.03,0.83,-1,-1,-1
18,3,1010.89,386.40,61.40,141.14,0.82,-1,-1,-1
18,4,737.18,293.95,149.19,447.49,0.77,-1,-1,-1
18,5,-48.56,309.81,160.67,487.40,0.84,-1,-1,-1
18,6,380.63,302.35,166.85,460.96,0.91,-1,-1,-1
18,7,927.07,318.92,53.55,153.42,0.79,-1,-1,-1
18,8,1202.61,237.36,127.33,391.80,0.66,-1,-1,-1
18,9,104.41,308.77,213.60,632.15,0.82,-1,-1,-1
18,11,1056.46,380.82,61.14,146.06,0.78,-1,-1,-1
18,12,591.05,360.42,48.52,145.96,0.78,-1,-1,-1
18,13,205.08,283.32,223.97,767.02,0.83,-1,-1,-1
18,14,573.78,363.95,41.77,140.40,0.56,-1,-1,-1
18,17,577.99,324.43,162.87,422.12,0.54,-1,-1,-1
18,18,916.42,312.83,38.87,113.41,0.39,-1,-1,-1
19,1,539.07,362.43,62.13,158.57,0.91,-1,-1,-1
19,2,748.83,255.87,224.52,552.71,0.88,-1,-1,-1
19,3,1016.73,385.90,61.34,141.87,0.86,-1,-1,-1
19,4,741.81,292.53,151.07,451.92,0.79,-1,-1,-1
19,5,-51.99,311.54,155.52,475.46,0.81,-1,-1,-1
19,6,381.47,298.80,170.34,463.73,0.92,-1,-1,-1
19,7,933.38,318.61,51.48,158.04,0.79,-1,-1,-1
19,8,1210.00,236.44,123.03,394.78,0.70,-1,-1,-1
19,9,90.43,304.35,225.09,638.90,0.81,-1,-1,-1
19,11,1061.42,379.87,61.22,147.40,0.78,-1,-1,-1
19,12,595.48,360.84,47.44,142.27,0.81,-1,-1,-1
19,13,202.53,282.95,224.12,760.97,0.83,-1,-1,-1
19,14,576.80,364.69,42.78,139.32,0.42,-1,-1,-1
19,17,580.83,323.78,163.41,425.78,0.78,-1,-1,-1
19,18,920.54,311.49,39.58,120.38,0.47,-1,-1,-1
20,1,542.16,362.14,62.12,158.31,0.93,-1,-1,-1
20,2,752.98,252.65,229.13,564.68,0.87,-1,-1,-1
20,3,1021.50,385.71,62.52,143.25,0.74,-1,-1,-1
20,4,746.30,289.12,147.63,453.74,0.81,-1,-1,-1
20,5,-59.75,315.26,152.08,468.48,0.81,-1,-1,-1
20,6,380.99,294.52,174.76,466.90,0.92,-1,-1,-1
20,7,935.91,318.02,53.12,164.54,0.77,-1,-1,-1
20,8,1217.12,233.87,117.73,397.81,0.65,-1,-1,-1
20,9,79.09,298.60,238.80,665.47,0.80,-1,-1,-1
20,11,1067.06,379.52,61.26,148.41,0.84,-1,-1,-1
20,12,599.55,357.48,50.65,147.28,0.82,-1,-1,-1
20,13,197.69,276.49,229.60,784.00,0.83,-1,-1,-1
20,14,579.72,360.88,43.75,143.15,0.50,-1,-1,-1
20,17,583.23,322.68,161.68,429.08,0.82,-1,-1,-1
20,18,924.97,311.88,38.31,117.77,0.14,-1,-1,-1
21,1,544.55,361.37,61.48,157.56,0.92,-1,-1,-1
21,2,756.36,250.71,233.20,564.65,0.86,-1,-1,-1
21,3,1025.78,385.47,61.72,143.56,0.85,-1,-1,-1
21,4,750.03,285.44,144.30,455.38,0.84,-1,-1,-1
21,5,-74.60,314.17,155.78,470.39,0.78,-1,-1,-1
21,6,380.95,291.65,178.63,468.04,0.93,-1,-1,-1
21,7,937.65,317.79,54.86,166.06,0.73,-1,-1,-1
21,8,1224.56,232.69,109.56,393.13,0.63,-1,-1,-1
21,9,71.06,293.69,243.35,672.00,0.80,-1,-1,-1
21,11,1071.65,379.81,61.23,148.87,0.85,-1,-1,-1
21,12,601.98,356.18,50.02,147.00,0.82,-1,-1,-1
21,13,190.53,271.50,233.62,808.20,0.82,-1,-1,-1
21,14,579.68,364.13,41.73,136.85,0.27,-1,-1,-1
21,17,586.97,321.60,159.55,426.46,0.85,-1,-1,-1
22,1,546.60,361.04,62.44,156.50,0.90,-1,-1,-1
22,2,766.04,249.67,229.38,565.71,0.87,-1,-1,-1
22,3,1028.75,385.32,62.60,144.97,0.75,-1,-1,-1
22,4,753.72,282.40,145.42,458.21,0.82,-1,-1,-1
22,5,-80.29,311.49,149.74,468.66,0.10,-1,-1,-1
22,6,377.41,289.24,185.34,467.00,0.93,-1,-1,-1
22,7,940.86,317.51,53.16,161.58,0.74,-1,-1,-1
22,8,1230.98,231.18,105.40,388.48,0.47,-1,-1,-1
22,9,57.50,288.05,250.35,680.26,0.80,-1,-1,-1
22,11,1075.32,379.86,61.21,149.75,0.66,-1,-1,-1
22,12,604.30,354.91,49.75,147.47,0.76,-1,-1,-1
22,13,182.58,266.26,242.60,822.39,0.82,-1,-1,-1
22,14,583.17,360.22,44.54,141.15,0.62,-1,-1,-1
22,17,591.11,320.54,159.28,412.76,0.79,-1,-1,-1
22,19,737.55,333.45,73.80,217.80,0.70,-1,-1,-1
23,1,548.16,361.01,64.59,156.81,0.91,-1,-1,-1
23,2,775.90,248.22,224.44,567.43,0.91,-1,-1,-1
23,3,1032.02,386.02,62.93,145.15,0.62,-1,-1,-1
23,4,757.31,280.91,140.48,456.15,0.87,-1,-1,-1
23,5,-92.60,311.42,148.50,492.34,0.22,-1,-1,-1
23,6,376.04,288.32,190.21,467.48,0.93,-1,-1,-1
23,7,938.88,317.76,57.31,175.18,0.48,-1,-1,-1
23,8,1237.82,230.67,102.79,378.65,0.36,-1,-1,-1
23,9,50.01,285.51,256.20,694.16,0.82,-1,-1,-1
23,11,1078.84,380.64,62.40,149.73,0.63,-1,-1,-1
23,12,606.24,354.23,50.84,147.15,0.77,-1,-1,-1
23,13,175.66,267.52,240.16,822.11,0.84,-1,-1,-1
23,14,587.29,359.62,44.97,140.31,0.20,-1,-1,-1
23,17,594.41,320.22,157.93,401.19,0.88,-1,-1,-1
23,19,740.45,338.00,70.21,212.73,0.74,-1,-1,-1
24,1,550.83,360.23,64.83,157.60,0.90,-1,-1,-1
24,2,783.33,247.07,221.84,563.56,0.90,-1,-1,-1
24,3,1035.77,386.28,63.06,145.70,0.56,-1,-1,-1
24,4,759.28,280.21,142.23,456.61,0.88,-1,-1,-1
24,6,376.37,287.51,193.26,470.01,0.93,-1,-1,-1
24,7,938.37,317.54,61.13,192.15,0.39,-1,-1,-1
24,8,1239.70,231.70,108.15,375.17,0.10,-1,-1,-1
24,9,33.63,284.56,265.95,723.78,0.81,-1,-1,-1
24,11,1082.69,380.77,61.68,150.05,0.79,-1,-1,-1
24,12,608.76,354.26,50.66,145.45,0.80,-1,-1,-1
24,13,168.37,265.66,241.70,833.51,0.86,-1,-1,-1
24,17,599.91,320.69,153.81,391.80,0.84,-1,-1,-1
24,19,743.26,338.96,68.82,211.98,0.64,-1,-1,-1
25,1,552.36,360.27,64.98,158.78,0.90,-1,-1,-1
25,2,789.87,245.42,220.43,576.48,0.91,-1,-1,-1
25,3,1039.23,386.79,61.99,146.46,0.74,-1,-1,-1
25,4,762.01,281.40,145.47,456.12,0.88,-1,-1,-1
25,6,375.26,288.23,201.00,471.58,0.94,-1,-1,-1
25,7,941.28,317.46,61.56,183.58,0.44,-1,-1,-1
25,9,17.92,282.50,281.42,769.63,0.79,-1,-1,-1
25,11,1086.77,381.36,61.46,151.19,0.79,-1,-1,-1
25,12,609.93,354.29,51.24,147.49,0.79,-1,-1,-1
25,13,154.28,265.80,250.05,849.00,0.83,-1,-1,-1
25,17,603.75,320.70,150.57,388.28,0.82,-1,-1,-1
25,19,742.66,340.86,68.42,210.93,0.74,-1,-1,-1
26,1,554.09,361.07,65.52,156.93,0.91,-1,-1,-1
26,2,792.18,243.42,223.56,585.26,0.90,-1,-1,-1
26,3,1040.74,386.91,62.67,147.27,0.86,-1,-1,-1
26,4,763.47,281.77,144.62,452.68,0.87,-1,-1,-1
26,6,375.72,288.84,203.15,469.03,0.94,-1,-1,-1
26,7,936.93,317.07,67.42,208.12,0.10,-1,-1,-1
26,9,1.30,286.17,291.05,784.24,0.83,-1,-1,-1
26,11,1088.48,381.68,62.48,152.87,0.89,-1,-1,-1
26,12,609.99,353.04,52.55,148.33,0.84,-1,-1,-1
26,13,140.03,263.65,252.63,859.63,0.84,-1,-1,-1
26,17,609.08,321.40,147.88,386.96,0.88,-1,-1,-1
26,19,741.62,341.28,69.61,211.21,0.84,-1,-1,-1
27,1,555.78,361.58,65.13,156.10,0.91,-1,-1,-1
27,2,793.49,243.61,227.07,588.59,0.90,-1,-1,-1
27,3,1043.00,387.16,62.93,148.32,0.88,-1,-1,-1
27,4,765.07,281.09,148.48,456.48,0.84,-1,-1,-1
27,6,374.77,291.23,206.69,463.71,0.93,-1,-1,-1
27,9,-14.22,287.78,296.86,804.62,0.81,-1,-1,-1
27,11,1091.41,382.59,61.67,153.08,0.86,-1,-1,-1
27,12,611.05,352.93,52.45,148.68,0.83,-1,-1,-1
27,13,125.23,256.46,261.49,883.47,0.82,-1,-1,-1
27,17,613.63,322.00,143.88,387.28,0.91,-1,-1,-1
27,19,743.18,341.24,68.71,212.19,0.78,-1,-1,-1
28,1,557.24,361.48,65.56,156.39,0.91,-1,-1,-1
28,2,795.05,242.89,231.52,589.64,0.92,-1,-1,-1
28,3,1045.79,388.31,64.20,148.24,0.89,-1,-1,-1
28,4,767.35,280.88,152.23,464.99,0.86,-1,-1,-1
28,6,375.01,294.56,210.25,461.74,0.94,-1,-1,-1
28,9,-8.25,288.52,279.83,805.00,0.72,-1,-1,-1
28,11,1093.84,383.25,62.55,153.71,0.88,-1,-1,-1
28,12,613.16,352.62,50.60,150.00,0.79,-1,-1,-1
28,13,107.15,253.18,269.23,901.58,0.81,-1,-1,-1
28,17,617.93,323.14,140.57,386.89,0.88,-1,-1,-1
28,19,743.61,341.37,69.03,212.99,0.78,-1,-1,-1
28,14,600.28,359.01,41.79,142.26,0.65,-1,-1,-1
29,1,560.00,360.97,64.57,156.09,0.90,-1,-1,-1
29,2,795.79,242.25,235.96,595.37,0.92,-1,-1,-1
29,3,1048.59,389.38,64.72,148.08,0.81,-1,-1,-1
29,4,770.44,279.10,154.06,474.36,0.85,-1,-1,-1
29,6,375.07,297.58,213.58,459.98,0.93,-1,-1,-1
29,9,-25.88,289.43,278.49,796.59,0.78,-1,-1,-1
29,11,1097.11,383.82,61.73,154.12,0.84,-1,-1,-1
29,12,613.79,352.03,52.93,162.55,0.86,-1,-1,-1
29,13,88.07,250.97,280.65,917.65,0.78,-1,-1,-1
29,19,743.99,341.79,69.84,214.11,0.84,-1,-1,-1
29,14,601.86,358.37,42.09,142.40,0.59,-1,-1,-1
30,1,561.84,361.34,64.14,155.32,0.89,-1,-1,-1
30,2,794.37,240.91,242.41,602.46,0.91,-1,-1,-1
30,3,1051.07,389.91,63.68,148.38,0.90,-1,-1,-1
30,4,772.60,278.03,155.79,476.03,0.84,-1,-1,-1
30,6,375.88,299.59,214.48,454.10,0.94,-1,-1,-1
30,9,-39.71,289.49,276.61,814.45,0.77,-1,-1,-1
30,11,1098.53,384.47,63.77,154.62,0.86,-1,-1,-1
30,12,614.52,352.22,53.15,158.91,0.84,-1,-1,-1
30,13,69.64,242.57,291.05,948.18,0.79,-1,-1,-1
30,19,745.22,342.22,68.23,213.81,0.84,-1,-1,-1
30,14,602.03,357.83,42.75,141.80,0.49,-1,-1,-1
31,1,563.70,360.63,63.96,155.16,0.90,-1,-1,-1
31,2,794.61,240.22,246.16,611.26,0.92,-1,-1,-1
31,3,1052.44,389.87,64.44,149.19,0.90,-1,-1,-1
31,4,774.22,276.99,161.37,488.31,0.85,-1,-1,-1
31,6,378.34,301.27,213.46,449.34,0.94,-1,-1,-1
31,9,-53.56,288.68,269.08,816.21,0.76,-1,-1,-1
31,11,1101.28,384.47,63.32,156.11,0.86,-1,-1,-1
31,12,616.83,351.63,52.02,158.50,0.84,-1,-1,-1
31,13,55.18,245.68,292.75,942.54,0.81,-1,-1,-1
31,19,747.81,341.51,65.76,214.72,0.87,-1,-1,-1
31,14,602.95,358.14,42.98,143.03,0.62,-1,-1,-1
31,17,629.89,324.55,141.84,388.59,0.68,-1,-1,-1
32,1,566.42,358.94,62.11,156.23,0.90,-1,-1,-1
32,2,795.03,238.69,251.97,612.35,0.93,-1,-1,-1
32,3,1054.84,390.08,64.74,149.54,0.90,-1,-1,-1
32,4,775.44,275.48,162.90,497.64,0.87,-1,-1,-1
32,6,381.29,300.70,210.67,449.21,0.94,-1,-1,-1
32,9,-56.54,288.66,248.23,806.32,0.72,-1,-1,-1
32,11,1104.22,383.95,63.15,156.86,0.86,-1,-1,-1
32,12,618.27,351.49,50.98,159.11,0.86,-1,-1,-1
32,13,36.77,235.13,297.52,971.82,0.82,-1,-1,-1
32,19,748.16,341.16,66.76,215.12,0.86,-1,-1,-1
32,14,604.73,358.03,41.29,142.80,0.63,-1,-1,-1
32,17,634.44,323.64,136.02,394.23,0.50,-1,-1,-1
32,20,554.85,366.52,32.40,108.67,0.76,-1,-1,-1
33,1,567.87,357.96,62.63,156.64,0.90,-1,-1,-1
33,2,794.15,237.65,257.91,618.67,0.93,-1,-1,-1
33,3,1057.37,390.10,64.85,150.26,0.91,-1,-1,-1
33,4,776.61,274.43,163.15,496.88,0.87,-1,-1,-1
33,6,382.59,299.96,208.32,443.12,0.94,-1,-1,-1
33,9,-80.19,284.74,251.30,816.58,0.69,-1,-1,-1
33,11,1106.35,384.14,64.28,157.57,0.88,-1,-1,-1
33,12,618.95,350.65,51.80,161.24,0.84,-1,-1,-1
33,13,20.36,226.72,300.87,996.40,0.78,-1,-1,-1
33,19,748.78,340.97,67.74,215.27,0.87,-1,-1,-1
33,14,606.13,357.66,40.04,142.41,0.48,-1,-1,-1
33,17,636.48,322.08,140.71,396.16,0.71,-1,-1,-1
33,20,554.19,365.47,33.12,112.55,0.64,-1,-1,-1
34,1,567.73,356.52,64.61,157.20,0.91,-1,-1,-1
34,2,795.44,236.52,261.18,637.17,0.90,-1,-1,-1
34,3,1059.30,389.73,64.87,151.07,0.90,-1,-1,-1
34,4,777.51,271.82,169.64,506.45,0.85,-1,-1,-1
34,6,385.19,298.12,204.34,440.23,0.95,-1,-1,-1
34,9,-106.48,273.11,252.80,850.73,0.67,-1,-1,-1
34,11,1108.69,384.44,63.50,157.78,0.87,-1,-1,-1
34,12,618.83,349.27,52.68,162.12,0.87,-1,-1,-1
34,13,6.30,231.98,302.30,995.02,0.80,-1,-1,-1
34,19,748.01,340.25,69.31,215.86,0.88,-1,-1,-1
34,14,606.24,356.60,40.21,142.80,0.58,-1,-1,-1
34,17,638.61,321.79,142.94,391.37,0.73,-1,-1,-1
34,20,550.60,363.48,38.08,127.01,0.73,-1,-1,-1
34,21,271.12,382.27,78.30,110.02,0.86,-1,-1,-1
35,1,569.15,355.42,64.76,157.11,0.92,-1,-1,-1
35,2,794.74,231.76,265.82,649.55,0.91,-1,-1,-1
35,3,1061.14,389.29,64.87,151.94,0.83,-1,-1,-1
35,4,778.11,270.29,171.76,509.93,0.84,-1,-1,-1
35,6,386.81,293.54,200.37,441.04,0.95,-1,-1,-1
35,9,-111.15,277.50,217.36,748.20,0.32,-1,-1,-1
35,11,1110.68,383.95,64.38,158.41,0.75,-1,-1,-1
35,12,619.96,348.33,51.82,162.86,0.87,-1,-1,-1
35,13,-11.62,227.52,306.95,986.94,0.80,-1,-1,-1
35,19,749.52,339.24,69.30,215.30,0.85,-1,-1,-1
35,14,606.57,356.68,40.28,142.78,0.63,-1,-1,-1
35,17,640.84,321.16,146.75,391.23,0.73,-1,-1,-1
35,20,547.74,361.86,41.11,132.40,0.76,-1,-1,-1
35,21,270.28,379.86,79.77,111.19,0.90,-1,-1,-1
35,22,59.34,321.07,88.93,266.62,0.74,-1,-1,-1
36,1,569.90,354.34,66.03,157.51,0.93,-1,-1,-1
36,2,798.47,228.93,266.46,647.49,0.92,-1,-1,-1
36,3,1062.94,388.63,64.89,152.69,0.34,-1,-1,-1
36,4,777.95,267.70,169.39,515.24,0.84,-1,-1,-1
36,6,389.61,290.13,195.20,439.01,0.95,-1,-1,-1
36,11,1112.53,383.26,65.93,159.36,0.39,-1,-1,-1
36,12,620.62,347.90,51.52,162.94,0.84,-1,-1,-1
36,13,-22.67,219.84,316.84,1011.94,0.78,-1,-1,-1
36,19,750.64,337.98,68.14,217.19,0.85,-1,-1,-1
36,14,603.60,355.90,41.55,143.05,0.25,-1,-1,-1
36,17,642.75,318.92,148.85,394.12,0.46,-1,-1,-1
36,20,546.11,360.93,41.47,134.63,0.72,-1,-1,-1
36,21,269.90,378.71,79.38,111.43,0.90,-1,-1,-1
36,22,58.93,321.16,94.77,252.77,0.76,-1,-1,-1
37,1,571.28,353.52,66.50,157.83,0.93,-1,-1,-1
37,2,799.28,224.68,268.87,652.37,0.90,-1,-1,-1
37,3,1064.72,388.29,64.89,153.11,0.49,-1,-1,-1
37,4,778.09,263.39,169.23,525.27,0.82,-1,-1,-1
37,6,391.48,286.17,190.20,440.19,0.95,-1,-1,-1
37,11,1114.91,383.06,65.32,159.72,0.46,-1,-1,-1
37,12,621.38,346.89,51.39,163.54,0.86,-1,-1,-1
37,13,-34.66,209.65,322.41,1034.35,0.77,-1,-1,-1
37,19,752.52,336.95,67.09,217.90,0.85,-1,-1,-1
37,14,605.10,355.62,40.24,141.09,0.33,-1,-1,-1
37,17,643.35,316.65,151.37,395.20,0.68,-1,-1,-1
37,20,544.97,360.19,42.66,135.54,0.79,-1,-1,-1
37,21,269.62,377.55,79.22,111.99,0.89,-1,-1,-1
37,22,59.90,320.06,86.69,233.49,0.48,-1,-1,-1
37,23,235.12,352.80,50.85,131.40,0.70,-1,-1,-1
38,1,571.97,351.51,66.68,159.16,0.93,-1,-1,-1
38,2,794.78,221.26,277.94,666.92,0.92,-1,-1,-1
38,3,1066.48,387.47,64.89,154.01,0.61,-1,-1,-1
38,4,776.26,260.08,170.33,530.18,0.86,-1,-1,-1
38,6,392.35,281.78,186.26,444.96,0.95,-1,-1,-1
38,11,1116.91,382.88,65.08,160.29,0.61,-1,-1,-1
38,12,621.86,347.47,50.16,162.58,0.83,-1,-1,-1
38,13,-44.47,207.34,315.34,1006.75,0.74,-1,-1,-1
38,19,752.23,335.88,67.92,218.32,0.84,-1,-1,-1
38,14,605.57,354.39,40.35,143.64,0.22,-1,-1,-1
38,20,543.02,358.63,43.63,140.74,0.78,-1,-1,-1
38,21,268.98,376.95,79.52,111.82,0.89,-1,-1,-1
38,22,59.00,319.75,76.11,199.57,0.12,-1,-1,-1
38,23,234.83,351.86,51.23,130.07,0.76,-1,-1,-1
39,1,573.06,350.33,66.11,160.37,0.93,-1,-1,-1
39,2,792.98,215.37,282.34,684.46,0.91,-1,-1,-1
39,3,1068.13,387.04,64.86,154.74,0.82,-1,-1,-1
39,4,773.39,258.33,172.10,535.87,0.85,-1,-1,-1
39,6,392.82,279.00,182.20,444.32,0.95,-1,-1,-1
39,11,1118.62,382.26,64.95,161.04,0.83,-1,-1,-1
39,12,621.98,347.14,48.46,161.84,0.77,-1,-1,-1
39,13,-59.56,201.93,310.90,1018.18,0.74,-1,-1,-1
39,19,753.24,335.21,66.40,216.93,0.83,-1,-1,-1
39,14,605.70,354.40,39.17,142.64,0.30,-1,-1,-1
39,20,541.45,358.24,43.29,140.81,0.74,-1,-1,-1
39,21,267.87,376.30,79.93,111.89,0.89,-1,-1,-1
39,23,234.06,350.75,49.56,133.47,0.78,-1,-1,-1
40,1,572.90,349.92,66.48,160.95,0.94,-1,-1,-1
40,2,791.72,215.38,286.24,680.11,0.92,-1,-1,-1
40,3,1068.72,386.74,66.03,155.58,0.88,-1,-1,-1
40,4,771.44,256.11,173.01,540.79,0.86,-1,-1,-1
40,6,393.33,277.42,180.14,448.74,0.95,-1,-1,-1
40,11,1119.82,382.02,64.89,161.74,0.87,-1,-1,-1
40,12,620.83,347.64,47.83,160.78,0.83,-1,-1,-1
40,13,-69.46,204.88,303.16,1002.05,0.73,-1,-1,-1
40,19,754.57,334.52,65.83,217.27,0.77,-1,-1,-1
40,14,607.30,353.22,36.92,141.49,0.13,-1,-1,-1
40,20,538.30,356.94,44.28,138.02,0.69,-1,-1,-1
40,21,267.42,374.96,79.75,112.85,0.90,-1,-1,-1
40,23,233.29,349.90,50.42,136.63,0.80,-1,-1,-1
40,24,565.65,345.15,41.40,144.90,0.78,-1,-1,-1
41,1,572.49,349.96,66.64,161.03,0.93,-1,-1,-1
41,2,791.23,212.06,288.88,684.48,0.93,-1,-1,-1
41,3,1070.12,386.59,66.50,156.48,0.83,-1,-1,-1
41,4,769.51,254.71,174.56,547.85,0.85,-1,-1,-1
41,6,392.68,276.61,179.68,449.57,0.95,-1,-1,-1
41,11,1121.45,382.18,64.89,162.00,0.82,-1,-1,-1
41,12,619.47,348.00,48.25,158.13,0.81,-1,-1,-1
41,13,-85.50,191.68,314.81,1039.85,0.69,-1,-1,-1
41,19,755.94,333.82,65.66,217.56,0.72,-1,-1,-1
41,20,535.37,356.64,46.41,138.75,0.76,-1,-1,-1
41,21,266.77,374.09,79.39,113.65,0.90,-1,-1,-1
41,23,232.88,349.54,48.03,136.39,0.80,-1,-1,-1
41,24,564.16,345.06,41.41,143.21,0.73,-1,-1,-1
42,1,571.89,349.65,66.67,161.17,0.93,-1,-1,-1
42,2,793.24,207.33,287.27,693.64,0.92,-1,-1,-1
42,3,1070.97,386.82,66.64,156.93,0.78,-1,-1,-1
42,4,766.55,253.64,174.72,554.55,0.86,-1,-1,-1
42,6,393.11,276.31,177.53,447.89,0.95,-1,-1,-1
42,11,1122.36,382.83,64.86,162.19,0.62,-1,-1,-1
42,12,618.24,348.85,48.99,154.38,0.77,-1,-1,-1
42,13,-103.91,176.67,330.48,1088.38,0.64,-1,-1,-1
42,19,756.29,333.54,64.38,213.30,0.63,-1,-1,-1
42,20,533.61,356.34,45.40,138.01,0.64,-1,-1,-1
42,21,265.12,373.09,80.16,114.99,0.90,-1,-1,-1
42,23,232.28,348.70,45.89,137.61,0.81,-1,-1,-1
42,24,563.09,345.26,41.40,144.45,0.69,-1,-1,-1
43,1,571.99,349.31,66.10,161.86,0.92,-1,-1,-1
43,2,798.00,205.31,283.35,699.21,0.91,-1,-1,-1
43,3,1072.06,387.56,66.70,157.72,0.71,-1,-1,-1
43,4,763.19,252.00,176.57,559.03,0.86,-1,-1,-1
43,6,393.54,279.72,175.66,437.71,0.95,-1,-1,-1
43,11,1124.08,383.73,64.86,162.89,0.43,-1,-1,-1
43,12,615.76,349.68,51.08,155.30,0.78,-1,-1,-1
43,13,-133.44,154.24,394.07,1163.22,0.57,-1,-1,-1
43,19,756.51,333.20,63.93,213.55,0.50,-1,-1,-1
43,20,529.52,355.87,48.51,149.81,0.78,-1,-1,-1
43,21,263.43,372.51,80.78,115.50,0.90,-1,-1,-1
43,23,230.59,348.18,45.92,140.20,0.81,-1,-1,-1
43,24,562.47,345.74,42.11,145.54,0.78,-1,-1,-1
43,17,629.66,309.80,152.21,373.70,0.86,-1,-1,-1
44,1,572.26,349.21,64.66,162.10,0.93,-1,-1,-1
44,2,800.05,204.66,280.15,709.88,0.90,-1,-1,-1
44,3,1072.91,388.61,66.70,159.02,0.60,-1,-1,-1
44,4,760.09,252.18,179.54,565.05,0.87,-1,-1,-1
44,6,393.66,281.51,173.77,441.84,0.95,-1,-1,-1
44,12,614.48,350.14,51.27,153.99,0.77,-1,-1,-1
44,13,-163.16,151.68,374.64,1177.06,0.56,-1,-1,-1
44,19,758.01,334.29,60.75,197.18,0.30,-1,-1,-1
44,20,527.97,355.99,50.21,152.68,0.76,-1,-1,-1
44,21,262.68,372.00,80.38,115.96,0.89,-1,-1,-1
44,23,229.10,347.84,46.59,139.97,0.80,-1,-1,-1
44,24,561.27,344.72,42.99,146.65,0.80,-1,-1,-1
44,17,628.82,310.42,149.65,373.89,0.80,-1,-1,-1
45,1,572.02,349.60,63.52,161.40,0.92,-1,-1,-1
45,2,798.94,205.66,277.68,701.23,0.90,-1,-1,-1
45,3,1073.08,389.82,67.89,158.86,0.73,-1,-1,-1
45,4,755.64,252.14,182.13,566.04,0.88,-1,-1,-1
45,6,393.68,284.28,171.95,442.73,0.95,-1,-1,-1
45,12,613.97,350.27,51.93,149.58,0.74,-1,-1,-1
45,13,-171.05,160.84,338.97,1147.15,0.64,-1,-1,-1
45,20,527.72,356.03,49.68,148.37,0.82,-1,-1,-1
45,21,261.40,371.98,80.22,115.63,0.89,-1,-1,-1
45,23,226.61,347.45,46.86,141.93,0.82,-1,-1,-1
45,24,560.23,344.35,43.27,147.28,0.79,-1,-1,-1
45,17,624.87,313.31,150.63,373.25,0.67,-1,-1,-1
46,1,570.99,351.09,63.09,160.08,0.92,-1,-1,-1
46,2,797.89,209.10,275.43,697.59,0.90,-1,-1,-1
46,3,1073.68,390.87,68.32,159.38,0.61,-1,-1,-1
46,4,751.61,251.56,182.44,568.59,0.89,-1,-1,-1
46,6,392.75,287.10,171.93,436.54,0.94,-1,-1,-1
46,12,613.48,350.28,53.36,147.33,0.80,-1,-1,-1
46,13,-175.20,173.84,321.59,1125.78,0.64,-1,-1,-1
46,20,526.56,356.19,49.39,144.25,0.81,-1,-1,-1
46,21,259.43,371.51,80.75,116.25,0.91,-1,-1,-1
46,23,224.89,347.43,47.52,142.74,0.82,-1,-1,-1
46,24,559.25,346.12,42.71,144.93,0.76,-1,-1,-1
46,17,620.12,315.44,151.56,371.41,0.51,-1,-1,-1
47,1,570.04,351.05,62.36,160.79,0.92,-1,-1,-1
47,2,795.15,211.02,275.82,706.77,0.90,-1,-1,-1
47,3,1074.56,391.49,68.49,160.15,0.68,-1,-1,-1
47,4,747.22,251.64,184.93,576.22,0.90,-1,-1,-1
47,6,391.97,289.36,170.98,439.68,0.94,-1,-1,-1
47,12,611.89,349.66,56.85,148.37,0.86,-1,-1,-1
47,13,-176.01,184.91,307.35,1089.23,0.64,-1,-1,-1
47,20,525.05,356.26,49.84,145.01,0.83,-1,-1,-1
47,21,257.10,370.77,81.87,117.36,0.90,-1,-1,-1
47,23,221.96,346.71,49.99,144.05,0.82,-1,-1,-1
47,24,557.73,347.07,43.13,145.30,0.72,-1,-1,-1
47,17,617.81,316.37,153.75,373.05,0.87,-1,-1,-1
48,1,570.72,351.65,60.92,160.90,0.92,-1,-1,-1
48,2,793.63,209.24,276.04,727.51,0.87,-1,-1,-1
48,3,1076.20,392.09,68.58,160.42,0.87,-1,-1,-1
48,4,743.68,251.70,185.63,577.34,0.89,-1,-1,-1
48,6,391.63,291.27,170.01,436.10,0.94,-1,-1,-1
48,12,611.43,348.98,58.77,150.29,0.84,-1,-1,-1
48,13,-191.14,192.62,307.10,1074.76,0.59,-1,-1,-1
48,20,523.50,356.62,50.59,144.48,0.85,-1,-1,-1
48,21,256.23,371.02,81.71,117.16,0.91,-1,-1,-1
48,23,220.73,346.97,50.64,143.89,0.82,-1,-1,-1
48,24,556.73,345.86,43.91,147.74,0.73,-1,-1,-1
48,17,616.21,317.47,154.05,374.89,0.89,-1,-1,-1
48,11,1129.57,386.01,68.14,167.48,0.62,-1,-1,-1
49,1,570.99,352.57,59.76,161.10,0.93,-1,-1,-1
49,2,792.22,207.42,276.84,735.30,0.87,-1,-1,-1
49,3,1078.00,393.25,68.57,161.11,0.81,-1,-1,-1
49,4,740.08,251.45,187.50,578.20,0.90,-1,-1,-1
49,6,391.83,292.48,167.82,422.82,0.94,-1,-1,-1
49,12,611.59,348.53,60.05,153.89,0.86,-1,-1,-1
49,13,-217.74,191.22,298.60,1032.70,0.29,-1,-1,-1
49,20,522.12,356.86,51.41,143.48,0.85,-1,-1,-1
49,21,256.12,371.03,81.01,117.68,0.91,-1,-1,-1
49,23,219.07,346.82,50.78,143.33,0.81,-1,-1,-1
49,24,555.81,347.34,43.55,146.66,0.78,-1,-1,-1
49,17,615.39,319.03,154.07,378.05,0.87,-1,-1,-1
49,11,1131.29,387.76,67.21,167.84,0.76,-1,-1,-1
50,1,571.08,352.13,58.75,162.48,0.93,-1,-1,-1
50,2,796.10,207.00,275.05,742.87,0.85,-1,-1,-1
50,3,1079.73,393.56,68.55,161.90,0.87,-1,-1,-1
50,4,736.67,251.34,192.02,580.58,0.90,-1,-1,-1
50,6,392.23,292.74,165.87,427.04,0.94,-1,-1,-1
50,12,611.37,348.32,57.63,153.74,0.86,-1,-1,-1
50,13,-245.14,189.28,370.57,1098.35,0.15,-1,-1,-1
50,20,522.24,357.36,50.52,141.37,0.87,-1,-1,-1
50,21,254.39,371.04,82.24,117.82,0.91,-1,-1,-1
50,23,218.05,346.48,53.89,143.03,0.81,-1,-1,-1
50,24,554.89,346.94,44.62,148.31,0.85,-1,-1,-1
50,17,615.11,320.47,152.89,378.56,0.79,-1,-1,-1
50,11,1132.37,389.01,68.09,168.38,0.68,-1,-1,-1
51,1,570.29,352.27,58.39,162.98,0.93,-1,-1,-1
51,2,803.35,207.92,268.31,746.23,0.86,-1,-1,-1
51,3,1080.08,393.97,68.53,162.76,0.84,-1,-1,-1
51,4,732.87,251.64,196.01,584.26,0.90,-1,-1,-1
51,6,391.88,293.11,165.18,430.12,0.93,-1,-1,-1
51,12,610.79,348.55,57.20,153.68,0.88,-1,-1,-1
51,20,520.39,358.01,51.30,142.77,0.87,-1,-1,-1
51,21,252.24,371.04,82.99,118.15,0.91,-1,-1,-1
51,23,216.47,346.20,55.32,145.43,0.82,-1,-1,-1
51,24,553.17,346.94,45.00,149.36,0.85,-1,-1,-1
51,17,614.54,322.05,150.02,382.18,0.69,-1,-1,-1
51,11,1133.07,389.77,68.40,169.14,0.61,-1,-1,-1
51,25,6.16,311.40,90.93,260.10,0.76,-1,-1,-1
52,1,569.47,352.17,57.65,163.14,0.93,-1,-1,-1
52,2,807.64,205.98,265.96,751.13,0.82,-1,-1,-1
52,3,1080.76,394.43,68.49,163.49,0.84,-1,-1,-1
52,4,729.51,252.10,199.46,589.14,0.90,-1,-1,-1
52,6,390.94,292.93,167.35,426.05,0.93,-1,-1,-1
52,12,610.66,348.63,56.42,153.49,0.88,-1,-1,-1
52,20,520.71,358.09,49.79,141.47,0.86,-1,-1,-1
52,21,250.70,370.74,82.94,118.40,0.91,-1,-1,-1
52,23,214.65,345.49,56.50,145.54,0.81,-1,-1,-1
52,24,552.03,347.54,45.11,150.16,0.83,-1,-1,-1
52,17,613.54,321.73,145.88,384.24,0.71,-1,-1,-1
52,11,1133.87,389.92,68.48,169.38,0.78,-1,-1,-1
52,25,1.33,305.89,90.33,286.89,0.80,-1,-1,-1
53,1,568.56,351.63,57.43,163.38,0.93,-1,-1,-1
53,2,804.14,200.61,269.72,768.18,0.81,-1,-1,-1
53,3,1081.74,394.82,68.50,163.79,0.88,-1,-1,-1
53,4,726.89,251.46,203.45,595.61,0.90,-1,-1,-1
53,6,389.80,292.46,171.11,425.89,0.94,-1,-1,-1
53,12,610.06,348.62,54.34,152.87,0.88,-1,-1,-1
53,20,518.82,358.38,50.39,141.57,0.83,-1,-1,-1
53,21,249.17,370.60,82.94,117.91,0.92,-1,-1,-1
53,23,212.50,345.05,58.06,145.43,0.81,-1,-1,-1
53,24,551.05,345.61,44.56,152.88,0.82,-1,-1,-1
53,17,612.03,319.75,146.22,386.89,0.70,-1,-1,-1
53,11,1134.90,390.18,68.53,169.50,0.86,-1,-1,-1
53,25,-4.03,304.79,85.14,285.32,0.81,-1,-1,-1
54,1,566.63,351.29,58.58,163.62,0.93,-1,-1,-1
54,2,811.07,196.37,265.17,781.41,0.83,-1,-1,-1
54,3,1082.59,395.11,68.50,164.63,0.90,-1,-1,-1
54,4,724.71,250.06,206.08,600.31,0.90,-1,-1,-1
54,6,389.57,291.68,171.96,423.51,0.94,-1,-1,-1
54,12,609.77,348.32,54.14,152.34,0.88,-1,-1,-1
54,20,516.58,357.90,51.18,145.18,0.84,-1,-1,-1
54,21,247.50,369.98,82.94,118.61,0.92,-1,-1,-1
54,23,209.71,344.77,58.05,146.71,0.82,-1,-1,-1
54,24,549.73,344.00,44.94,155.37,0.84,-1,-1,-1
54,17,611.71,318.98,146.38,384.32,0.89,-1,-1,-1
54,11,1136.35,389.97,68.54,170.71,0.82,-1,-1,-1
54,25,-8.57,304.48,84.27,289.10,0.83,-1,-1,-1
55,1,564.91,350.63,60.19,163.80,0.93,-1,-1,-1
55,2,809.00,191.71,269.35,791.44,0.85,-1,-1,-1
55,3,1082.92,394.84,69.66,165.48,0.89,-1,-1,-1
55,4,723.25,249.04,204.86,603.15,0.90,-1,-1,-1
55,6,390.17,290.08,172.98,421.98,0.95,-1,-1,-1
55,12,609.55,347.83,52.84,152.41,0.87,-1,-1,-1
55,20,514.80,357.04,52.63,148.25,0.80,-1,-1,-1
55,21,246.44,369.49,82.30,118.40,0.92,-1,-1,-1
55,23,208.53,343.82,57.99,146.38,0.82,-1,-1,-1
55,24,547.67,342.43,46.24,157.72,0.85,-1,-1,-1
55,17,613.32,317.86,147.00,377.99,0.89,-1,-1,-1
55,11,1138.09,390.11,68.51,171.11,0.82,-1,-1,-1
55,25,-13.80,303.35,87.35,295.25,0.82,-1,-1,-1
55,26,396.22,355.05,74.02,199.80,0.72,-1,-1,-1
56,1,563.37,349.97,61.42,164.02,0.93,-1,-1,-1
56,2,805.79,191.00,275.75,796.94,0.86,-1,-1,-1
56,3,1083.62,394.11,70.11,166.38,0.89,-1,-1,-1
56,4,721.90,248.10,205.24,608.82,0.90,-1,-1,-1
56,6,390.07,288.02,174.61,423.89,0.95,-1,-1,-1
56,12,609.17,347.23,52.37,152.60,0.88,-1,-1,-1
56,20,512.98,356.16,53.17,156.48,0.79,-1,-1,-1
56,21,244.56,369.24,82.97,118.15,0.91,-1,-1,-1
56,23,206.47,343.39,59.14,146.38,0.83,-1,-1,-1
56,24,546.31,341.86,46.74,158.88,0.87,-1,-1,-1
56,17,612.73,316.72,147.29,373.05,0.86,-1,-1,-1
56,11,1138.72,390.14,69.70,171.84,0.86,-1,-1,-1
56,25,-16.52,301.77,86.25,297.27,0.81,-1,-1,-1
56,26,394.85,352.25,76.57,203.00,0.67,-1,-1,-1
57,1,563.45,349.76,61.29,163.47,0.93,-1,-1,-1
57,2,803.67,187.18,280.80,805.83,0.86,-1,-1,-1
57,3,1085.01,394.14,70.26,167.26,0.84,-1,-1,-1
57,4,720.91,247.96,205.29,609.98,0.90,-1,-1,-1
57,6,389.22,287.00,176.40,424.59,0.95,-1,-1,-1
57,12,608.79,346.30,52.20,153.39,0.89,-1,-1,-1
57,20,510.34,354.41,55.12,163.89,0.77,-1,-1,-1
57,21,242.51,368.60,84.10,118.33,0.92,-1,-1,-1
57,23,204.52,342.55,60.73,150.35,0.83,-1,-1,-1
57,24,545.30,341.41,46.91,158.96,0.86,-1,-1,-1
57,17,612.59,316.03,146.21,365.76,0.91,-1,-1,-1
57,11,1140.07,390.14,68.95,172.06,0.68,-1,-1,-1
57,25,-19.44,300.05,80.74,294.36,0.80,-1,-1,-1
57,26,394.58,352.23,75.68,203.79,0.68,-1,-1,-1
57,27,17.94,320.62,67.89,217.57,0.76,-1,-1,-1
58,1,564.01,349.11,60.66,163.89,0.93,-1,-1,-1
58,2,803.67,190.04,284.82,803.06,0.85,-1,-1,-1
58,3,1086.10,393.87,70.32,167.60,0.89,-1,-1,-1
58,4,720.26,247.04,207.95,616.88,0.90,-1,-1,-1
58,6,390.26,286.63,177.11,424.98,0.95,-1,-1,-1
58,12,607.98,345.53,52.15,154.47,0.88,-1,-1,-1
58,20,509.85,353.75,54.69,164.46,0.71,-1,-1,-1
58,21,241.04,368.25,83.94,117.96,0.92,-1,-1,-1
58,23,202.93,342.12,61.33,149.64,0.84,-1,-1,-1
58,24,544.56,340.68,46.98,159.56,0.83,-1,-1,-1
58,17,613.08,315.80,143.44,360.13,0.92,-1,-1,-1
58,11,1141.74,389.86,68.66,172.75,0.80,-1,-1,-1
58,25,-23.37,299.79,79.29,286.37,0.80,-1,-1,-1
58,26,395.08,355.60,72.74,201.40,0.70,-1,-1,-1
58,27,13.73,320.67,68.95,218.26,0.77,-1,-1,-1
59,1,563.60,348.98,60.42,164.62,0.93,-1,-1,-1
59,2,802.41,186.46,291.04,815.94,0.84,-1,-1,-1
59,3,1086.99,393.54,70.34,168.87,0.88,-1,-1,-1
59,4,719.44,245.35,208.32,619.30,0.90,-1,-1,-1
59,6,390.62,287.82,177.37,425.12,0.95,-1,-1,-1
59,12,607.35,345.51,51.54,155.90,0.87,-1,-1,-1
59,20,506.46,351.57,56.84,167.77,0.68,-1,-1,-1
59,21,238.44,368.25,84.46,118.40,0.92,-1,-1,-1
59,23,200.90,341.95,61.82,151.23,0.83,-1,-1,-1
59,24,543.39,341.27,46.99,158.11,0.80,-1,-1,-1
59,17,614.15,316.13,142.43,356.27,0.91,-1,-1,-1
59,11,1142.23,389.98,69.74,173.42,0.81,-1,-1,-1
59,25,-24.59,297.53,75.58,288.83,0.77,-1,-1,-1
59,26,395.63,362.86,69.79,195.14,0.67,-1,-1,-1
59,27,11.07,320.75,68.39,218.76,0.81,-1,-1,-1
60,1,562.48,348.85,60.90,164.43,0.93,-1,-1,-1
60,2,798.90,183.35,299.11,828.93,0.83,-1,-1,-1
60,3,1087.15,393.83,71.50,169.91,0.87,-1,-1,-1
60,4,718.84,244.23,209.17,620.62,0.90,-1,-1,-1
60,6,390.26,289.21,178.13,425.79,0.95,-1,-1,-1
60,12,607.05,345.42,51.90,157.17,0.86,-1,-1,-1
60,20,504.26,351.10,58.20,171.00,0.70,-1,-1,-1
60,21,236.26,368.43,84.63,119.01,0.92,-1,-1,-1
60,23,198.14,342.07,64.38,153.13,0.84,-1,-1,-1
60,24,541.72,341.13,46.95,160.04,0.83,-1,-1,-1
60,17,616.28,316.93,138.40,357.34,0.86,-1,-1,-1
60,11,1142.83,390.29,70.11,174.38,0.81,-1,-1,-1
60,25,-28.83,295.07,77.39,294.71,0.74,-1,-1,-1
60,26,395.27,359.32,70.11,199.63,0.64,-1,-1,-1
60,27,9.07,320.10,67.63,220.59,0.68,-1,-1,-1
61,1,561.19,349.30,61.69,163.92,0.92,-1,-1,-1
61,2,796.68,181.95,304.82,832.82,0.83,-1,-1,-1
61,3,1087.22,395.01,71.93,170.15,0.82,-1,-1,-1
61,4,718.69,243.41,211.25,624.42,0.90,-1,-1,-1
61,6,390.40,291.57,178.14,424.31,0.94,-1,-1,-1
61,12,606.36,346.04,52.05,159.44,0.86,-1,-1,-1
61,20,502.30,350.39,58.70,177.14,0.69,-1,-1,-1
61,21,234.58,368.41,84.39,119.98,0.92,-1,-1,-1
61,23,195.56,342.18,64.99,152.95,0.85,-1,-1,-1
61,24,540.54,341.58,46.94,160.60,0.81,-1,-1,-1
61,17,617.41,318.17,134.53,357.84,0.79,-1,-1,-1
61,11,1142.47,390.73,71.44,175.33,0.74,-1,-1,-1
61,25,-32.71,294.86,86.77,299.26,0.72,-1,-1,-1
61,26,394.82,360.66,69.64,199.59,0.64,-1,-1,-1
61,27,4.32,318.28,69.23,223.15,0.61,-1,-1,-1
62,1,560.50,350.69,61.42,163.29,0.92,-1,-1,-1
62,2,800.34,176.58,304.42,844.45,0.83,-1,-1,-1
62,3,1087.99,396.46,72.12,169.93,0.86,-1,-1,-1
62,4,718.51,241.79,211.78,624.92,0.90,-1,-1,-1
62,6,392.43,292.92,176.57,423.83,0.95,-1,-1,-1
62,12,605.61,347.48,53.92,164.29,0.88,-1,-1,-1
62,20,501.39,351.19,58.30,180.92,0.70,-1,-1,-1
62,21,232.99,368.91,84.32,120.65,0.92,-1,-1,-1
62,23,193.92,343.18,64.92,149.74,0.84,-1,-1,-1
62,24,539.02,342.67,47.54,162.13,0.82,-1,-1,-1
62,17,622.48,318.63,128.94,359.50,0.68,-1,-1,-1
62,11,1144.25,392.03,71.97,176.14,0.88,-1,-1,-1
62,25,-38.10,295.95,82.27,298.63,0.70,-1,-1,-1
62,26,395.51,360.91,70.68,199.62,0.59,-1,-1,-1
62,27,-1.43,317.55,70.01,222.35,0.73,-1,-1,-1
63,1,559.46,352.64,61.91,163.04,0.93,-1,-1,-1
63,2,798.02,180.16,311.50,849.74,0.83,-1,-1,-1
63,3,1088.91,398.28,72.17,170.86,0.90,-1,-1,-1
63,4,718.88,243.22,212.80,629.68,0.90,-1,-1,-1
63,6,395.09,299.03,174.75,418.88,0.95,-1,-1,-1
63,12,605.42,348.42,56.39,166.84,0.88,-1,-1,-1
63,20,499.73,352.21,59.29,185.92,0.54,-1,-1,-1
63,21,231.37,370.53,83.98,119.99,0.91,-1,-1,-1
63,23,191.41,344.85,65.88,148.92,0.86,-1,-1,-1
63,24,538.28,345.11,47.17,160.31,0.80,-1,-1,-1
63,17,625.04,320.38,128.19,360.61,0.75,-1,-1,-1
63,11,1144.95,394.10,72.15,175.96,0.86,-1,-1,-1
63,25,-36.63,297.52,85.33,291.07,0.61,-1,-1,-1
63,26,396.62,361.91,70.92,203.20,0.78,-1,-1,-1
63,27,-5.02,314.03,69.61,229.61,0.61,-1,-1,-1
64,1,558.14,355.31,62.08,162.65,0.92,-1,-1,-1
64,2,797.37,186.21,316.10,851.74,0.81,-1,-1,-1
64,3,1089.73,400.46,72.17,171.92,0.87,-1,-1,-1
64,4,719.02,245.89,212.49,632.98,0.91,-1,-1,-1
64,6,396.33,303.53,173.44,416.43,0.95,-1,-1,-1
64,12,605.01,349.97,57.90,168.22,0.90,-1,-1,-1
64,20,500.57,356.40,57.29,173.98,0.60,-1,-1,-1
64,21,229.28,372.32,84.14,120.78,0.91,-1,-1,-1
64,23,188.92,347.24,67.46,152.63,0.85,-1,-1,-1
64,24,538.59,347.36,45.21,157.18,0.75,-1,-1,-1
64,17,626.78,324.47,123.69,361.07,0.78,-1,-1,-1
64,11,1145.69,397.12,71.00,176.47,0.85,-1,-1,-1
64,25,-41.51,301.59,85.00,274.52,0.31,-1,-1,-1
64,26,396.04,362.22,72.26,207.69,0.79,-1,-1,-1
64,27,-8.72,316.63,69.38,222.89,0.67,-1,-1,-1
64,28,398.25,340.20,40.50,113.85,0.70,-1,-1,-1
65,1,555.96,357.24,62.73,163.52,0.93,-1,-1,-1
65,2,793.05,182.28,323.92,870.69,0.82,-1,-1,-1
65,3,1089.72,403.50,72.15,171.68,0.90,-1,-1,-1
65,4,719.17,248.16,210.83,636.80,0.91,-1,-1,-1
65,6,398.53,306.88,169.80,416.10,0.95,-1,-1,-1
65,12,603.46,351.04,57.31,169.57,0.90,-1,-1,-1
65,20,498.10,358.84,56.47,166.84,0.55,-1,-1,-1
65,21,226.08,374.39,84.56,121.34,0.92,-1,-1,-1
65,23,185.08,349.26,68.48,150.14,0.86,-1,-1,-1
65,24,537.05,348.70,45.67,156.55,0.83,-1,-1,-1
65,17,627.47,327.38,120.28,361.82,0.76,-1,-1,-1
65,11,1145.03,399.43,71.75,176.75,0.87,-1,-1,-1
65,26,392.90,360.69,73.37,212.93,0.86,-1,-1,-1
65,27,-15.45,317.76,72.02,223.14,0.74,-1,-1,-1
65,28,395.21,341.71,39.80,113.56,0.75,-1,-1,-1
66,1,554.25,358.63,62.97,164.29,0.93,-1,-1,-1
66,2,787.29,178.73,332.61,886.72,0.79,-1,-1,-1
66,3,1089.65,403.99,72.13,174.83,0.88,-1,-1,-1
66,4,717.77,248.98,212.80,644.63,0.90,-1,-1,-1
66,6,400.68,311.00,166.77,404.64,0.94,-1,-1,-1
66,12,601.98,353.00,58.23,169.59,0.90,-1,-1,-1
66,20,498.11,360.72,49.56,154.04,0.26,-1,-1,-1
66,21,222.31,376.27,85.53,121.24,0.92,-1,-1,-1
66,23,181.53,350.52,67.73,155.73,0.86,-1,-1,-1
66,24,534.69,350.77,45.83,153.16,0.79,-1,-1,-1
66,17,627.04,330.18,119.75,362.72,0.78,-1,-1,-1
66,11,1144.71,401.87,72.01,177.87,0.76,-1,-1,-1
66,26,388.25,360.77,76.94,217.38,0.89,-1,-1,-1
66,27,-24.64,317.97,76.76,239.87,0.76,-1,-1,-1
66,28,392.23,342.42,40.71,119.07,0.69,-1,-1,-1
67,1,553.22,360.50,63.05,164.01,0.94,-1,-1,-1
67,2,782.38,176.41,341.68,898.25,0.78,-1,-1,-1
67,3,1091.02,405.09,70.92,176.76,0.76,-1,-1,-1
67,4,716.29,249.77,213.50,657.58,0.90,-1,-1,-1
67,6,402.51,313.24,163.87,404.67,0.95,-1,-1,-1
67,12,601.33,355.69,57.98,169.27,0.90,-1,-1,-1
67,20,495.01,362.65,48.12,148.77,0.18,-1,-1,-1
67,21,220.37,377.89,85.30,121.06,0.92,-1,-1,-1
67,23,178.41,352.34,68.95,157.21,0.86,-1,-1,-1
67,24,534.63,354.56,44.10,143.61,0.75,-1,-1,-1
67,17,626.42,332.27,118.41,365.50,0.78,-1,-1,-1
67,11,1144.79,403.85,73.28,178.89,0.52,-1,-1,-1
67,26,383.88,361.56,80.78,220.53,0.89,-1,-1,-1
67,27,-26.29,320.89,72.85,231.21,0.72,-1,-1,-1
67,28,390.23,344.63,40.31,116.46,0.62,-1,-1,-1
68,1,549.56,363.02,64.28,164.51,0.93,-1,-1,-1
68,2,782.22,185.42,346.90,893.53,0.77,-1,-1,-1
68,3,1090.98,401.38,70.47,183.99,0.27,-1,-1,-1
68,4,714.56,251.88,214.98,658.06,0.89,-1,-1,-1
68,6,401.16,314.65,163.63,390.38,0.95,-1,-1,-1
68,12,598.40,357.64,59.65,170.92,0.90,-1,-1,-1
68,21,216.27,381.37,84.10,122.04,0.90,-1,-1,-1
68,23,174.74,356.05,67.72,153.04,0.86,-1,-1,-1
68,24,532.85,357.17,42.24,138.52,0.74,-1,-1,-1
68,17,624.34,334.85,118.05,368.41,0.88,-1,-1,-1
68,11,1143.08,405.79,73.78,181.66,0.48,-1,-1,-1
68,26,377.74,363.98,83.72,223.17,0.90,-1,-1,-1
68,28,385.54,347.93,41.17,113.32,0.77,-1,-1,-1
69,1,546.43,365.27,64.11,164.96,0.93,-1,-1,-1
69,2,781.02,164.00,348.51,955.34,0.79,-1,-1,-1
69,3,1089.59,409.80,69.06,178.47,0.73,-1,-1,-1
69,4,711.55,254.20,215.35,667.19,0.88,-1,-1,-1
69,6,400.52,315.20,162.14,395.39,0.95,-1,-1,-1
69,12,594.64,359.83,60.82,170.13,0.90,-1,-1,-1
69,21,211.77,382.90,84.50,122.82,0.91,-1,-1,-1
69,23,169.71,357.51,69.40,154.94,0.86,-1,-1,-1
69,24,528.00,356.86,44.60,141.79,0.80,-1,-1,-1
69,17,622.34,336.82,117.31,370.01,0.78,-1,-1,-1
69,11,1142.23,408.60,72.72,181.01,0.65,-1,-1,-1
69,26,371.64,367.07,85.51,224.05,0.90,-1,-1,-1
69,28,381.42,349.51,41.75,116.06,0.74,-1,-1,-1
70,1,543.25,366.53,65.23,165.64,0.93,-1,-1,-1
70,2,771.96,160.91,362.25,959.59,0.79,-1,-1,-1
70,3,1091.40,411.34,66.14,179.27,0.70,-1,-1,-1
70,4,710.27,253.99,217.27,676.83,0.88,-1,-1,-1
70,6,400.23,315.65,159.85,393.85,0.96,-1,-1,-1
70,12,592.41,360.78,60.68,170.31,0.90,-1,-1,-1
70,21,207.91,384.17,84.89,122.71,0.91,-1,-1,-1
70,23,165.92,358.60,70.10,157.48,0.86,-1,-1,-1
70,24,525.38,357.50,43.66,139.00,0.77,-1,-1,-1
70,17,620.13,338.41,116.52,366.60,0.82,-1,-1,-1
70,11,1141.28,411.32,72.32,180.66,0.82,-1,-1,-1
70,26,365.37,367.18,89.70,228.99,0.91,-1,-1,-1
70,28,378.31,350.21,41.94,120.34,0.77,-1,-1,-1
71,1,541.11,367.66,65.09,165.46,0.93,-1,-1,-1
71,2,778.33,162.87,357.96,955.77,0.80,-1,-1,-1
71,3,1096.01,414.59,61.42,178.82,0.15,-1,-1,-1
71,4,708.85,253.96,215.71,677.93,0.88,-1,-1,-1
71,6,399.20,313.90,158.06,392.22,0.95,-1,-1,-1
71,12,590.62,362.68,59.45,169.03,0.90,-1,-1,-1
71,21,204.97,385.35,83.95,123.71,0.91,-1,-1,-1
71,23,162.05,359.71,68.23,158.00,0.86,-1,-1,-1
71,24,523.45,358.55,43.32,138.63,0.70,-1,-1,-1
71,17,617.39,339.34,117.57,364.88,0.85,-1,-1,-1
71,11,1138.82,409.65,74.58,183.93,0.28,-1,-1,-1
71,26,359.40,369.22,93.06,230.83,0.90,-1,-1,-1
71,28,374.37,350.71,44.18,121.55,0.63,-1,-1,-1
72,1,538.45,368.40,63.84,166.59,0.92,-1,-1,-1
72,2,777.90,153.47,360.76,985.96,0.77,-1,-1,-1
72,3,1096.43,420.44,58.48,174.60,0.37,-1,-1,-1
72,4,706.17,255.31,217.19,679.18,0.87,-1,-1,-1
72,6,397.49,312.65,156.87,391.11,0.95,-1,-1,-1
72,12,586.31,363.72,60.16,169.42,0.86,-1,-1,-1
72,21,197.78,386.28,85.32,124.52,0.91,-1,-1,-1
72,23,156.48,361.36,67.33,155.80,0.86,-1,-1,-1
72,24,516.08,359.88,45.62,153.97,0.67,-1,-1,-1
72,17,612.98,339.24,119.84,356.92,0.67,-1,-1,-1
72,11,1136.62,412.27,75.43,183.68,0.79,-1,-1,-1
72,26,352.32,370.34,97.24,236.18,0.90,-1,-1,-1
72,28,369.28,351.98,44.38,120.28,0.66,-1,-1,-1
73,1,537.56,368.87,62.71,166.62,0.92,-1,-1,-1
73,2,775.04,150.33,366.15,1009.95,0.77,-1,-1,-1
73,3,1095.85,423.44,58.71,172.85,0.16,-1,-1,-1
73,4,704.85,254.04,222.33,693.00,0.86,-1,-1,-1
73,6,397.69,311.82,155.02,393.59,0.94,-1,-1,-1
73,12,584.74,364.01,59.19,169.45,0.88,-1,-1,-1
73,21,193.48,386.81,86.37,124.45,0.92,-1,-1,-1
73,23,153.18,361.73,66.79,155.58,0.86,-1,-1,-1
73,24,513.73,360.43,45.25,153.77,0.60,-1,-1,-1
73,17,610.43,339.72,123.03,350.71,0.61,-1,-1,-1
73,11,1135.19,413.60,76.87,183.88,0.73,-1,-1,-1
73,26,349.27,370.96,96.74,238.02,0.92,-1,-1,-1
73,28,366.86,353.15,43.49,117.99,0.66,-1,-1,-1
74,1,537.03,369.69,62.31,166.92,0.93,-1,-1,-1
74,2,776.09,148.97,364.07,1016.21,0.76,-1,-1,-1
74,3,1094.74,422.11,60.06,175.80,0.43,-1,-1,-1
74,4,704.45,250.81,231.08,712.66,0.85,-1,-1,-1
74,6,398.82,312.47,153.68,395.19,0.94,-1,-1,-1
74,12,583.96,364.61,58.82,169.29,0.87,-1,-1,-1
74,21,191.39,387.09,86.19,125.00,0.92,-1,-1,-1
74,23,149.60,361.94,67.34,157.28,0.86,-1,-1,-1
74,24,511.47,361.29,44.52,153.65,0.47,-1,-1,-1
74,17,608.36,339.62,127.26,348.47,0.86,-1,-1,-1
74,11,1135.04,414.83,77.43,184.38,0.81,-1,-1,-1
74,26,346.06,370.96,98.24,239.81,0.91,-1,-1,-1
74,28,364.88,353.79,43.44,117.58,0.62,-1,-1,-1
75,1,536.71,370.61,62.13,167.00,0.93,-1,-1,-1
75,2,777.86,143.97,361.71,1025.57,0.73,-1,-1,-1
75,3,1093.74,423.00,61.76,176.13,0.60,-1,-1,-1
75,4,704.75,245.69,232.80,727.38,0.83,-1,-1,-1
75,6,399.97,314.53,151.96,395.81,0.94,-1,-1,-1
75,12,584.14,365.30,56.85,168.46,0.86,-1,-1,-1
75,21,189.41,387.76,85.78,124.89,0.92,-1,-1,-1
75,23,146.19,362.14,67.21,159.81,0.87,-1,-1,-1
75,24,506.94,360.30,47.22,163.79,0.66,-1,-1,-1
75,17,605.96,340.51,130.58,346.47,0.89,-1,-1,-1
75,11,1135.02,415.79,77.59,185.27,0.86,-1,-1,-1
75,26,342.90,372.88,99.59,240.23,0.91,-1,-1,-1
75,28,363.95,354.17,43.38,118.16,0.71,-1,-1,-1
76,1,536.79,370.49,62.68,167.92,0.93,-1,-1,-1
76,2,776.03,141.71,362.85,1033.67,0.75,-1,-1,-1
76,3,1093.52,425.17,62.44,174.75,0.54,-1,-1,-1
76,4,706.82,243.56,235.81,734.57,0.84,-1,-1,-1
76,6,401.86,316.05,150.37,395.50,0.94,-1,-1,-1
76,12,582.59,365.69,57.33,166.33,0.83,-1,-1,-1
76,21,187.64,388.17,86.01,124.83,0.92,-1,-1,-1
76,23,143.95,362.53,67.32,159.72,0.87,-1,-1,-1
76,24,504.61,360.35,47.64,166.97,0.60,-1,-1,-1
76,17,602.88,340.21,134.82,347.15,0.89,-1,-1,-1
76,11,1135.80,416.07,77.64,186.02,0.78,-1,-1,-1
76,26,340.62,373.32,99.79,241.63,0.92,-1,-1,-1
76,28,363.38,354.47,43.06,120.47,0.62,-1,-1,-1
76,19,727.18,353.58,73.77,247.42,0.64,-1,-1,-1
77,1,536.56,370.47,62.91,168.58,0.92,-1,-1,-1
77,2,778.66,139.77,358.29,1036.52,0.76,-1,-1,-1
77,3,1094.71,428.67,62.73,172.46,0.41,-1,-1,-1
77,4,708.56,241.47,243.74,740.85,0.83,-1,-1,-1
77,6,403.40,316.96,149.28,396.09,0.94,-1,-1,-1
77,12,582.97,365.72,56.93,168.70,0.84,-1,-1,-1
77,21,185.59,388.10,86.04,126.01,0.91,-1,-1,-1
77,23,141.28,361.55,67.83,161.46,0.87,-1,-1,-1
77,24,502.31,361.00,48.98,169.07,0.66,-1,-1,-1
77,17,600.29,340.87,138.23,347.99,0.81,-1,-1,-1
77,11,1138.00,416.76,77.68,186.32,0.83,-1,-1,-1
77,26,338.64,373.53,98.97,245.67,0.92,-1,-1,-1
77,28,363.06,354.47,42.34,119.71,0.53,-1,-1,-1
77,19,723.61,354.66,77.54,246.94,0.71,-1,-1,-1
78,1,536.74,371.13,62.98,168.05,0.93,-1,-1,-1
78,2,776.91,140.93,357.78,1033.99,0.75,-1,-1,-1
78,3,1093.18,426.43,65.23,175.62,0.65,-1,-1,-1
78,4,711.20,238.02,255.67,758.44,0.83,-1,-1,-1
78,6,405.11,317.21,147.68,396.89,0.94,-1,-1,-1
78,12,583.99,365.94,55.56,168.07,0.87,-1,-1,-1
78,21,184.32,388.40,85.58,126.57,0.92,-1,-1,-1
78,23,139.20,361.52,68.88,163.41,0.88,-1,-1,-1
78,24,502.03,362.34,48.30,168.91,0.65,-1,-1,-1
78,17,598.08,341.94,145.33,348.30,0.85,-1,-1,-1
78,11,1140.45,417.25,76.46,186.67,0.84,-1,-1,-1
78,26,336.04,372.93,99.44,248.86,0.92,-1,-1,-1
78,28,362.09,354.69,41.75,119.37,0.42,-1,-1,-1
78,19,722.22,354.98,78.91,249.05,0.81,-1,-1,-1
79,1,536.26,371.37,64.21,168.45,0.93,-1,-1,-1
79,2,765.29,135.58,363.21,1055.19,0.73,-1,-1,-1
79,3,1092.10,421.57,68.52,182.01,0.46,-1,-1,-1
79,4,714.88,229.42,264.55,788.73,0.80,-1,-1,-1
79,6,406.59,317.89,145.96,394.88,0.94,-1,-1,-1
79,12,584.72,366.17,54.45,168.58,0.87,-1,-1,-1
79,21,181.66,388.37,86.75,126.63,0.92,-1,-1,-1
79,23,136.62,360.92,69.28,164.73,0.88,-1,-1,-1
79,24,502.33,363.59,47.42,167.47,0.63,-1,-1,-1
79,17,597.01,342.03,145.72,347.93,0.76,-1,-1,-1
79,11,1142.64,417.58,75.98,187.25,0.75,-1,-1,-1
79,26,334.11,373.43,99.88,249.89,0.93,-1,-1,-1
79,28,360.72,354.32,42.13,119.39,0.34,-1,-1,-1
79,19,720.88,354.79,80.60,249.82,0.78,-1,-1,-1
79,29,406.80,364.95,76.05,247.50,0.76,-1,-1,-1
80,1,535.48,371.67,65.25,169.36,0.93,-1,-1,-1
80,2,752.35,134.01,371.38,1062.69,0.77,-1,-1,-1
80,3,1092.86,414.51,69.77,190.90,0.70,-1,-1,-1
80,4,722.40,227.53,267.02,788.43,0.82,-1,-1,-1
80,6,407.36,320.28,144.76,391.79,0.94,-1,-1,-1
80,12,586.21,366.61,51.62,166.11,0.78,-1,-1,-1
80,21,180.32,388.99,86.52,126.96,0.92,-1,-1,-1
80,23,134.43,360.87,69.26,162.70,0.87,-1,-1,-1
80,24,501.60,364.57,47.07,168.21,0.42,-1,-1,-1
80,17,589.29,344.22,150.47,347.85,0.88,-1,-1,-1
80,11,1143.45,418.08,76.99,187.46,0.64,-1,-1,-1
80,26,330.92,371.30,100.00,253.75,0.93,-1,-1,-1
80,28,360.38,355.71,41.67,120.60,0.36,-1,-1,-1
80,19,718.64,355.97,83.56,251.84,0.81,-1,-1,-1
80,29,395.01,363.56,80.41,246.97,0.73,-1,-1,-1
81,1,534.91,371.81,66.24,169.96,0.93,-1,-1,-1
81,2,737.13,125.61,381.24,1064.68,0.78,-1,-1,-1
81,3,1091.31,417.90,72.60,188.42,0.89,-1,-1,-1
81,4,730.83,222.52,257.07,793.29,0.78,-1,-1,-1
81,6,407.59,320.16,144.40,392.86,0.94,-1,-1,-1
81,12,585.21,367.41,51.21,160.32,0.79,-1,-1,-1
81,21,178.22,388.70,86.95,127.34,0.93,-1,-1,-1
81,23,132.40,361.83,69.70,160.66,0.87,-1,-1,-1
81,24,499.28,364.98,48.14,169.00,0.45,-1,-1,-1
81,17,585.21,345.36,156.33,348.41,0.81,-1,-1,-1
81,11,1144.85,418.67,78.56,188.53,0.88,-1,-1,-1
81,26,327.44,370.85,100.31,254.81,0.94,-1,-1,-1
81,28,362.43,356.14,38.79,117.01,0.28,-1,-1,-1
81,19,717.50,355.68,86.43,253.85,0.85,-1,-1,-1
81,29,398.85,364.36,74.77,246.89,0.80,-1,-1,-1
81,30,683.10,364.50,60.30,188.10,0.71,-1,-1,-1
82,1,534.78,372.50,67.25,170.04,0.93,-1,-1,-1
82,2,734.09,125.88,378.46,1071.02,0.79,-1,-1,-1
82,3,1091.47,419.81,74.88,187.51,0.91,-1,-1,-1
82,4,735.03,215.69,261.19,807.95,0.75,-1,-1,-1
82,6,406.77,321.37,144.41,392.28,0.95,-1,-1,-1
82,12,584.94,367.90,51.12,158.18,0.80,-1,-1,-1
82,21,177.01,389.00,86.62,128.21,0.93,-1,-1,-1
82,23,131.88,361.88,67.67,167.37,0.86,-1,-1,-1
82,24,497.65,367.25,47.99,166.76,0.30,-1,-1,-1
82,17,584.05,345.65,156.91,350.48,0.75,-1,-1,-1
82,11,1146.71,418.66,79.19,190.11,0.89,-1,-1,-1
82,26,324.77,371.06,101.64,255.58,0.94,-1,-1,-1
82,28,362.70,357.14,37.11,112.60,0.21,-1,-1,-1
82,19,716.33,355.42,89.32,256.95,0.88,-1,-1,-1
82,29,401.14,365.25,72.82,247.48,0.84,-1,-1,-1
82,30,682.38,364.87,61.08,188.96,0.77,-1,-1,-1
83,1,534.03,372.99,68.14,170.49,0.93,-1,-1,-1
83,2,717.28,118.34,393.71,1103.42,0.79,-1,-1,-1
83,3,1090.10,420.20,77.99,188.88,0.91,-1,-1,-1
83,4,744.97,224.62,250.88,756.76,0.71,-1,-1,-1
83,6,406.93,322.01,142.52,389.23,0.95,-1,-1,-1
83,12,583.81,368.92,51.05,162.40,0.71,-1,-1,-1
83,21,174.70,389.38,87.41,128.83,0.93,-1,-1,-1
83,23,128.74,361.57,69.68,172.46,0.88,-1,-1,-1
83,24,496.37,367.13,47.26,166.88,0.25,-1,-1,-1
83,17,582.95,345.70,156.89,350.82,0.82,-1,-1,-1
83,11,1148.90,419.65,78.16,190.83,0.90,-1,-1,-1
83,26,321.54,371.17,102.90,256.96,0.93,-1,-1,-1
83,28,362.27,357.53,35.56,107.61,0.19,-1,-1,-1
83,19,715.17,355.60,94.37,260.86,0.88,-1,-1,-1
83,29,398.55,366.39,73.02,248.79,0.80,-1,-1,-1
83,30,681.81,365.20,61.20,190.36,0.76,-1,-1,-1
84,1,533.80,373.85,69.04,169.98,0.93,-1,-1,-1
84,2,706.08,119.29,398.34,1124.89,0.83,-1,-1,-1
84,3,1091.11,422.16,79.15,188.69,0.92,-1,-1,-1
84,4,762.16,232.41,236.15,725.59,0.67,-1,-1,-1
84,6,405.98,322.79,142.59,381.20,0.94,-1,-1,-1
84,12,584.63,370.42,49.23,155.71,0.65,-1,-1,-1
84,21,173.35,390.07,87.67,128.55,0.93,-1,-1,-1
84,23,126.60,361.71,70.68,174.46,0.87,-1,-1,-1
84,17,583.21,346.38,153.81,354.99,0.63,-1,-1,-1
84,11,1150.08,420.94,78.92,191.58,0.91,-1,-1,-1
84,26,318.33,371.47,102.73,258.03,0.94,-1,-1,-1
84,28,362.57,357.60,35.33,108.38,0.11,-1,-1,-1
84,19,713.87,356.94,94.54,250.93,0.88,-1,-1,-1
84,29,394.66,373.49,73.66,242.75,0.78,-1,-1,-1
84,30,683.06,366.37,59.82,178.82,0.74,-1,-1,-1
85,1,535.59,374.48,69.39,170.63,0.92,-1,-1,-1
85,2,695.42,106.65,412.11,1167.18,0.80,-1,-1,-1
85,3,1094.28,425.10,80.75,189.44,0.90,-1,-1,-1
85,4,769.20,237.88,223.29,678.73,0.68,-1,-1,-1
85,6,409.49,321.96,141.19,374.87,0.94,-1,-1,-1
85,12,586.21,372.20,46.74,149.45,0.52,-1,-1,-1
85,21,172.62,391.05,88.39,128.81,0.92,-1,-1,-1
85,23,124.22,362.91,71.37,176.03,0.87,-1,-1,-1
85,17,581.11,347.54,156.16,358.43,0.91,-1,-1,-1
85,11,1153.89,421.98,79.21,193.75,0.82,-1,-1,-1
85,26,316.26,372.17,105.32,260.15,0.93,-1,-1,-1
85,19,712.45,358.37,96.29,254.22,0.88,-1,-1,-1
85,29,394.49,383.73,73.95,234.98,0.76,-1,-1,-1
85,30,682.31,366.65,62.81,187.95,0.66,-1,-1,-1
86,1,536.06,375.39,70.04,172.10,0.93,-1,-1,-1
86,2,687.41,101.44,416.91,1191.33,0.79,-1,-1,-1
86,3,1096.35,428.07,80.11,190.02,0.92,-1,-1,-1
86,4,778.29,244.71,204.94,635.27,0.61,-1,-1,-1
86,6,410.78,322.80,140.77,369.36,0.94,-1,-1,-1
86,12,585.94,374.12,47.08,150.03,0.74,-1,-1,-1
86,21,171.23,392.82,89.34,129.11,0.92,-1,-1,-1
86,23,123.80,364.78,70.09,176.17,0.88,-1,-1,-1
86,17,579.84,349.40,156.29,357.14,0.84,-1,-1,-1
86,11,1156.75,425.71,79.25,193.38,0.87,-1,-1,-1
86,26,313.27,373.86,107.66,261.32,0.94,-1,-1,-1
86,19,713.93,360.48,93.92,256.01,0.88,-1,-1,-1
86,29,392.49,388.92,74.99,231.58,0.76,-1,-1,-1
86,30,685.73,368.87,59.24,189.37,0.72,-1,-1,-1
87,1,535.35,376.52,69.73,173.18,0.92,-1,-1,-1
87,2,679.31,95.08,423.57,1211.23,0.79,-1,-1,-1
87,3,1097.42,428.91,79.86,192.07,0.92,-1,-1,-1
87,4,790.25,255.70,186.02,600.52,0.41,-1,-1,-1
87,6,409.22,322.99,141.51,360.79,0.93,-1,-1,-1
87,12,584.70,375.17,46.65,147.93,0.72,-1,-1,-1
87,21,170.21,394.31,87.44,130.02,0.91,-1,-1,-1
87,23,120.03,365.28,71.42,174.47,0.88,-1,-1,-1
87,17,578.54,351.60,155.21,355.01,0.84,-1,-1,-1
87,11,1157.50,427.87,80.50,194.34,0.88,-1,-1,-1
87,26,310.47,375.46,109.77,262.40,0.95,-1,-1,-1
87,19,714.34,362.33,91.80,255.13,0.88,-1,-1,-1
87,29,390.75,392.21,75.91,230.61,0.69,-1,-1,-1
87,30,686.57,371.12,57.30,182.50,0.68,-1,-1,-1
88,1,535.38,377.05,69.56,174.21,0.93,-1,-1,-1
88,2,665.21,93.48,433.13,1219.40,0.75,-1,-1,-1
88,3,1097.22,431.48,82.07,192.12,0.91,-1,-1,-1
88,6,408.21,323.80,142.82,366.83,0.94,-1,-1,-1
88,12,584.82,377.61,45.29,141.68,0.60,-1,-1,-1
88,21,166.95,395.89,89.37,129.83,0.91,-1,-1,-1
88,23,117.64,366.05,71.89,177.54,0.89,-1,-1,-1
88,17,579.27,352.68,155.28,351.61,0.23,-1,-1,-1
88,11,1158.29,430.04,79.75,194.57,0.86,-1,-1,-1
88,26,309.03,375.45,109.62,264.38,0.95,-1,-1,-1
88,19,713.86,363.87,92.10,254.90,0.88,-1,-1,-1
88,29,386.73,393.19,78.21,233.36,0.73,-1,-1,-1
88,30,685.76,372.80,58.57,176.08,0.72,-1,-1,-1
89,1,536.33,378.56,69.52,174.12,0.93,-1,-1,-1
89,2,658.72,96.46,433.94,1229.02,0.78,-1,-1,-1
89,3,1100.20,433.67,81.75,192.68,0.87,-1,-1,-1
89,6,408.94,324.03,143.42,368.92,0.93,-1,-1,-1
89,12,585.22,378.92,44.85,139.85,0.64,-1,-1,-1
89,21,165.04,396.88,90.50,129.84,0.92,-1,-1,-1
89,23,116.62,366.87,70.91,174.51,0.88,-1,-1,-1
89,11,1161.09,431.03,80.68,196.55,0.84,-1,-1,-1
89,26,308.17,377.62,108.69,265.27,0.95,-1,-1,-1
89,19,710.90,365.31,95.79,250.94,0.86,-1,-1,-1
89,29,382.36,391.11,80.45,241.92,0.79,-1,-1,-1
89,30,685.57,373.98,60.28,174.48,0.70,-1,-1,-1
90,1,537.09,379.43,70.69,174.18,0.92,-1,-1,-1
90,2,648.90,93.85,439.94,1244.49,0.80,-1,-1,-1
90,3,1104.29,435.91,81.59,192.97,0.92,-1,-1,-1
90,6,409.76,323.54,144.42,373.17,0.93,-1,-1,-1
90,12,586.97,380.14,42.89,133.45,0.46,-1,-1,-1
90,21,164.33,397.29,90.39,130.25,0.92,-1,-1,-1
90,23,115.90,367.23,70.97,173.99,0.87,-1,-1,-1
90,11,1164.47,432.65,82.21,198.42,0.89,-1,-1,-1
90,26,307.33,377.15,109.18,269.63,0.95,-1,-1,-1
90,19,714.56,365.96,93.08,250.57,0.89,-1,-1,-1
90,29,380.76,393.58,79.52,240.72,0.76,-1,-1,-1
90,30,686.17,375.32,60.93,173.20,0.78,-1,-1,-1
91,1,537.81,380.63,70.51,173.40,0.92,-1,-1,-1
91,2,637.58,87.32,450.75,1255.72,0.79,-1,-1,-1
91,3,1106.69,436.40,81.47,194.63,0.92,-1,-1,-1
91,6,410.06,324.26,145.23,373.69,0.93,-1,-1,-1
91,12,587.44,380.71,42.20,129.94,0.44,-1,-1,-1
91,21,163.39,397.56,90.54,130.36,0.92,-1,-1,-1
91,23,115.57,367.21,70.97,170.44,0.88,-1,-1,-1
91,11,1167.74,433.65,82.76,199.05,0.89,-1,-1,-1
91,26,306.70,377.10,109.01,272.92,0.95,-1,-1,-1
91,19,716.43,366.33,91.91,249.76,0.89,-1,-1,-1
91,29,379.66,394.09,80.91,243.97,0.80,-1,-1,-1
91,30,687.39,375.77,59.94,171.70,0.79,-1,-1,-1
91,17,584.50,355.42,161.25,357.36,0.62,-1,-1,-1
92,1,538.84,381.11,69.83,173.52,0.92,-1,-1,-1
92,2,632.47,98.36,447.40,1243.51,0.81,-1,-1,-1
92,3,1108.58,435.25,81.39,196.99,0.88,-1,-1,-1
92,6,411.08,325.02,145.09,374.50,0.94,-1,-1,-1
92,12,585.64,379.56,43.82,142.96,0.45,-1,-1,-1
92,21,161.80,396.80,91.17,131.12,0.92,-1,-1,-1
92,23,113.49,367.09,72.00,169.65,0.89,-1,-1,-1
92,11,1169.34,433.44,82.95,200.87,0.85,-1,-1,-1
92,26,304.95,377.26,109.20,276.44,0.94,-1,-1,-1
92,19,715.82,366.04,93.23,253.02,0.89,-1,-1,-1
92,29,376.54,393.05,82.90,246.80,0.80,-1,-1,-1
92,30,687.71,375.81,60.17,171.22,0.80,-1,-1,-1
92,17,587.66,355.94,159.56,345.48,0.32,-1,-1,-1
92,31,402.97,370.80,77.62,241.20,0.71,-1,-1,-1
93,1,538.31,380.11,69.56,174.34,0.92,-1,-1,-1
93,2,620.81,99.66,452.10,1244.96,0.80,-1,-1,-1
93,3,1109.65,435.43,82.54,198.05,0.92,-1,-1,-1
93,6,413.04,324.72,143.72,374.19,0.94,-1,-1,-1
93,12,584.70,378.43,44.42,148.67,0.48,-1,-1,-1
93,21,159.38,396.22,91.57,131.88,0.92,-1,-1,-1
93,23,111.17,366.47,72.69,170.44,0.89,-1,-1,-1
93,11,1170.89,433.82,83.01,201.58,0.89,-1,-1,-1
93,26,302.07,376.90,109.85,278.96,0.95,-1,-1,-1
93,19,714.73,365.50,93.72,256.08,0.89,-1,-1,-1
93,29,374.32,394.40,81.88,249.27,0.82,-1,-1,-1
93,30,686.33,375.54,60.87,172.54,0.80,-1,-1,-1
93,20,409.17,368.72,87.16,241.98,0.72,-1,-1,-1
94,1,538.42,379.17,68.87,175.06,0.91,-1,-1,-1
94,2,616.33,89.77,448.19,1251.72,0.79,-1,-1,-1
94,3,1110.56,435.90,82.96,197.79,0.93,-1,-1,-1
94,6,414.52,325.11,142.78,372.26,0.94,-1,-1,-1
94,12,583.46,377.12,45.28,152.26,0.61,-1,-1,-1
94,21,157.31,395.32,92.22,132.43,0.92,-1,-1,-1
94,23,109.15,365.41,72.06,170.56,0.89,-1,-1,-1
94,11,1171.96,433.18,83.03,202.07,0.87,-1,-1,-1
94,26,299.90,377.85,109.79,279.80,0.95,-1,-1,-1
94,19,713.44,364.85,94.48,255.40,0.89,-1,-1,-1
94,29,371.52,392.22,82.96,253.57,0.81,-1,-1,-1
94,30,686.41,375.30,60.54,170.03,0.79,-1,-1,-1
94,20,401.51,367.91,79.67,242.47,0.76,-1,-1,-1
95,1,537.79,377.72,68.58,175.48,0.91,-1,-1,-1
95,2,609.58,77.49,448.12,1273.12,0.79,-1,-1,-1
95,3,1111.36,434.88,83.08,198.84,0.92,-1,-1,-1
95,6,416.79,325.20,140.91,369.77,0.93,-1,-1,-1
95,12,581.44,375.83,47.38,158.20,0.74,-1,-1,-1
95,21,156.01,393.86,92.07,133.37,0.92,-1,-1,-1
95,23,106.69,364.04,71.49,171.20,0.90,-1,-1,-1
95,11,1172.20,431.88,84.19,203.27,0.86,-1,-1,-1
95,26,297.75,377.85,109.12,281.22,0.94,-1,-1,-1
95,19,710.81,363.98,97.10,254.52,0.88,-1,-1,-1
95,29,371.22,391.87,80.96,253.98,0.85,-1,-1,-1
95,30,683.67,373.36,64.00,178.57,0.79,-1,-1,-1
95,20,396.19,366.70,74.68,243.81,0.79,-1,-1,-1
96,1,536.72,376.36,68.50,175.04,0.92,-1,-1,-1
96,2,597.57,62.36,462.65,1304.24,0.80,-1,-1,-1
96,3,1112.36,433.02,83.13,199.22,0.93,-1,-1,-1
96,6,420.05,329.83,137.88,362.31,0.93,-1,-1,-1
96,12,580.76,374.22,47.61,158.13,0.75,-1,-1,-1
96,21,152.78,391.95,92.92,133.72,0.91,-1,-1,-1
96,23,104.44,362.17,71.60,170.85,0.90,-1,-1,-1
96,11,1172.98,429.91,84.65,204.29,0.85,-1,-1,-1
96,26,294.98,376.18,109.77,284.06,0.94,-1,-1,-1
96,19,709.63,361.92,98.69,254.19,0.87,-1,-1,-1
96,29,369.02,391.80,82.00,253.81,0.86,-1,-1,-1
96,30,682.74,371.51,64.12,179.03,0.81,-1,-1,-1
96,20,392.10,364.43,74.39,246.38,0.83,-1,-1,-1
97,1,537.49,374.71,66.65,174.39,0.90,-1,-1,-1
97,2,590.02,56.64,508.60,1363.65,0.77,-1,-1,-1
97,3,1111.99,431.50,84.28,198.57,0.92,-1,-1,-1
97,6,422.58,332.68,136.27,357.11,0.93,-1,-1,-1
97,12,580.50,372.93,46.50,154.20,0.69,-1,-1,-1
97,21,150.47,389.62,93.35,134.41,0.92,-1,-1,-1
97,23,101.76,359.41,71.76,171.74,0.89,-1,-1,-1
97,11,1172.50,427.91,85.96,204.03,0.72,-1,-1,-1
97,26,292.39,373.94,109.97,287.41,0.94,-1,-1,-1
97,19,707.09,359.27,101.59,255.22,0.86,-1,-1,-1
97,29,366.77,387.01,83.53,259.48,0.86,-1,-1,-1
97,30,681.16,368.33,64.72,183.98,0.82,-1,-1,-1
97,20,390.50,361.70,73.80,246.65,0.81,-1,-1,-1
98,1,537.17,372.87,65.33,173.84,0.90,-1,-1,-1
98,2,582.10,50.47,521.84,1353.56,0.76,-1,-1,-1
98,3,1112.37,428.40,84.68,199.03,0.90,-1,-1,-1
98,6,426.18,331.55,134.47,355.87,0.94,-1,-1,-1
98,12,579.51,370.48,45.46,153.11,0.70,-1,-1,-1
98,21,148.46,386.60,92.90,134.67,0.92,-1,-1,-1
98,23,99.04,356.53,72.10,171.47,0.89,-1,-1,-1
98,11,1174.01,424.93,85.24,205.24,0.77,-1,-1,-1
98,26,288.36,371.26,111.18,290.37,0.95,-1,-1,-1
98,19,702.91,355.43,107.33,254.85,0.85,-1,-1,-1
98,29,363.75,384.24,84.08,262.17,0.86,-1,-1,-1
98,30,680.26,365.48,65.50,192.77,0.84,-1,-1,-1
98,20,388.67,358.85,72.49,247.80,0.82,-1,-1,-1
99,1,537.93,370.37,62.46,174.08,0.90,-1,-1,-1
99,2,574.87,41.33,484.00,1343.34,0.71,-1,-1,-1
99,3,1113.08,426.66,84.85,199.18,0.91,-1,-1,-1
99,6,429.82,328.82,132.10,354.89,0.94,-1,-1,-1
99,12,578.84,368.34,44.50,150.45,0.71,-1,-1,-1
99,21,144.90,384.02,93.48,135.18,0.91,-1,-1,-1
99,23,96.65,353.86,72.59,172.86,0.91,-1,-1,-1
99,11,1175.74,422.33,83.79,205.37,0.88,-1,-1,-1
99,26,284.20,367.45,114.05,294.37,0.94,-1,-1,-1
99,19,706.49,352.89,101.47,247.54,0.84,-1,-1,-1
99,29,361.16,381.98,84.91,265.36,0.88,-1,-1,-1
99,30,679.03,363.01,65.82,196.10,0.85,-1,-1,-1
99,20,387.62,356.16,73.66,249.30,0.84,-1,-1,-1
99,32,432.90,366.07,75.60,239.62,0.74,-1,-1,-1
100,1,537.97,368.68,60.17,172.83,0.89,-1,-1,-1
100,2,570.27,37.44,466.60,1342.15,0.73,-1,-1,-1
100,3,1113.96,424.59,84.87,200.41,0.91,-1,-1,-1
100,6,431.77,326.09,131.83,350.27,0.94,-1,-1,-1
100,12,578.37,366.20,44.13,155.29,0.74,-1,-1,-1
100,21,142.63,381.82,93.52,135.08,0.92,-1,-1,-1
100,23,93.69,351.78,73.00,173.23,0.91,-1,-1,-1
100,11,1176.41,420.99,84.40,205.54,0.81,-1,-1,-1
100,26,280.55,365.08,114.79,295.83,0.94,-1,-1,-1
100,19,705.42,350.62,100.14,244.32,0.85,-1,-1,-1
100,29,358.54,378.72,86.95,268.01,0.88,-1,-1,-1
100,30,677.45,360.63,67.08,198.81,0.86,-1,-1,-1
100,20,386.92,354.55,76.56,251.53,0.84,-1,-1,-1
100,32,431.82,363.33,74.91,240.32,0.70,-1,-1,-1
100,4,817.50,171.37,318.50,1008.45,0.64,-1,-1,-1
101,1,538.01,366.82,58.14,172.83,0.89,-1,-1,-1
101,2,562.87,18.45,463.10,1373.42,0.73,-1,-1,-1
101,3,1114.96,422.46,84.86,202.07,0.91,-1,-1,-1
101,6,434.23,321.07,129.97,344.61,0.93,-1,-1,-1
101,12,577.34,364.18,45.82,166.09,0.79,-1,-1,-1
101,21,139.44,380.07,93.98,135.79,0.90,-1,-1,-1
101,23,89.71,349.48,74.05,174.43,0.90,-1,-1,-1
101,11,1177.91,419.88,84.62,205.76,0.82,-1,-1,-1
101,26,275.10,363.42,117.71,296.93,0.94,-1,-1,-1
101,19,705.40,349.01,94.85,235.96,0.82,-1,-1,-1
101,29,356.13,376.99,87.13,269.59,0.88,-1,-1,-1
101,30,676.03,358.38,67.55,202.18,0.86,-1,-1,-1
101,20,384.67,352.60,77.07,251.75,0.83,-1,-1,-1
101,32,402.27,359.67,101.96,247.41,0.67,-1,-1,-1
101,4,821.15,164.41,321.58,1009.26,0.67,-1,-1,-1
102,1,536.78,365.50,57.46,174.45,0.89,-1,-1,-1
102,2,554.36,15.39,457.66,1368.49,0.69,-1,-1,-1
102,3,1116.43,421.09,84.86,202.64,0.86,-1,-1,-1
102,6,436.42,317.80,128.60,340.13,0.94,-1,-1,-1
102,12,575.48,363.21,46.46,167.83,0.74,-1,-1,-1
102,21,135.90,378.10,95.56,136.31,0.91,-1,-1,-1
102,23,86.40,347.61,74.16,175.14,0.90,-1,-1,-1
102,11,1179.55,418.15,84.71,206.82,0.79,-1,-1,-1
102,26,268.44,361.46,122.92,298.39,0.95,-1,-1,-1
102,19,708.46,348.54,93.43,231.62,0.48,-1,-1,-1
102,29,352.36,374.09,89.85,271.85,0.89,-1,-1,-1
102,30,675.20,357.17,68.90,195.89,0.84,-1,-1,-1
102,20,381.42,350.68,77.26,253.60,0.82,-1,-1,-1
102,32,417.96,359.66,88.64,246.98,0.67,-1,-1,-1
102,4,810.63,155.82,336.47,1024.63,0.75,-1,-1,-1
103,1,535.74,364.58,56.64,174.74,0.89,-1,-1,-1
103,2,550.58,18.84,445.60,1355.16,0.71,-1,-1,-1
103,3,1117.50,419.54,84.83,204.00,0.79,-1,-1,-1
103,6,436.71,315.56,128.89,339.17,0.93,-1,-1,-1
103,12,574.21,361.86,47.29,171.36,0.80,-1,-1,-1
103,21,134.46,376.66,95.03,136.48,0.92,-1,-1,-1
103,23,83.35,346.21,75.07,176.26,0.90,-1,-1,-1
103,11,1180.07,417.07,85.93,207.77,0.79,-1,-1,-1
103,26,262.22,358.98,126.63,300.46,0.95,-1,-1,-1
103,29,350.14,371.09,90.27,276.46,0.89,-1,-1,-1
103,30,674.02,355.88,68.81,192.58,0.82,-1,-1,-1
103,20,378.96,350.30,77.00,251.09,0.80,-1,-1,-1
103,32,412.52,358.60,90.94,248.56,0.57,-1,-1,-1
103,4,817.25,155.32,335.78,1023.31,0.75,-1,-1,-1
104,1,533.59,363.36,56.98,174.41,0.88,-1,-1,-1
104,2,524.53,-5.03,453.33,1344.92,0.47,-1,-1,-1
104,3,1118.56,419.32,84.80,204.94,0.80,-1,-1,-1
104,6,438.02,313.38,128.41,339.55,0.93,-1,-1,-1
104,12,572.93,360.63,49.37,174.13,0.83,-1,-1,-1
104,21,130.72,375.36,96.29,137.73,0.91,-1,-1,-1
104,23,80.64,345.52,75.84,176.69,0.89,-1,-1,-1
104,11,1181.50,416.12,86.36,208.86,0.77,-1,-1,-1
104,26,257.06,356.86,129.46,302.52,0.95,-1,-1,-1
104,29,348.56,367.89,90.67,280.68,0.89,-1,-1,-1
104,30,676.34,354.82,62.82,186.69,0.76,-1,-1,-1
104,20,375.97,349.74,79.53,251.81,0.81,-1,-1,-1
104,32,423.96,358.38,80.46,249.01,0.51,-1,-1,-1
104,4,840.02,155.79,317.89,997.56,0.74,-1,-1,-1
105,1,531.71,362.21,57.15,173.87,0.88,-1,-1,-1
105,2,520.98,24.26,441.62,1320.16,0.66,-1,-1,-1
105,3,1118.55,417.98,87.17,206.65,0.87,-1,-1,-1
105,6,440.61,311.72,128.30,340.46,0.93,-1,-1,-1
105,12,572.58,359.63,50.75,174.88,0.86,-1,-1,-1
105,21,128.43,374.50,95.14,138.37,0.91,-1,-1,-1
105,23,77.11,345.03,77.76,176.57,0.90,-1,-1,-1
105,11,1184.02,415.40,85.34,210.34,0.82,-1,-1,-1
105,26,251.58,355.24,131.69,304.48,0.94,-1,-1,-1
105,29,347.51,366.14,90.81,284.04,0.89,-1,-1,-1
105,20,372.93,349.00,83.12,256.81,0.83,-1,-1,-1
105,32,434.04,356.79,73.58,251.02,0.44,-1,-1,-1
105,4,868.01,159.74,295.07,983.14,0.78,-1,-1,-1
106,1,528.89,361.64,58.44,173.44,0.85,-1,-1,-1
106,2,513.75,39.36,428.87,1286.53,0.74,-1,-1,-1
106,3,1120.03,416.81,86.85,207.77,0.86,-1,-1,-1
106,6,442.72,310.23,127.67,341.96,0.93,-1,-1,-1
106,12,572.14,358.07,51.26,175.61,0.87,-1,-1,-1
106,21,126.01,373.16,95.55,139.27,0.90,-1,-1,-1
106,23,73.98,343.86,78.50,177.18,0.90,-1,-1,-1
106,11,1183.45,414.77,87.31,211.37,0.81,-1,-1,-1
106,26,246.90,353.77,133.92,308.57,0.94,-1,-1,-1
106,29,344.88,364.32,91.71,284.54,0.90,-1,-1,-1
106,20,370.41,347.27,83.88,262.67,0.84,-1,-1,-1
106,32,434.71,355.62,65.07,236.65,0.25,-1,-1,-1
106,4,899.09,167.07,269.47,947.45,0.82,-1,-1,-1
107,1,526.92,361.03,57.74,173.63,0.75,-1,-1,-1
107,2,500.52,45.24,427.54,1294.73,0.65,-1,-1,-1
107,3,1123.36,418.27,84.33,206.60,0.84,-1,-1,-1
107,6,443.06,309.57,129.28,342.69,0.93,-1,-1,-1
107,12,570.77,357.24,52.03,174.85,0.86,-1,-1,-1
107,21,122.04,372.40,95.71,139.79,0.90,-1,-1,-1
107,23,69.96,343.88,80.02,175.66,0.88,-1,-1,-1
107,11,1183.62,414.50,88.04,212.39,0.80,-1,-1,-1
107,26,242.30,352.52,132.98,311.33,0.95,-1,-1,-1
107,29,341.48,364.12,93.21,287.08,0.90,-1,-1,-1
107,20,368.11,346.51,86.19,262.57,0.85,-1,-1,-1
107,32,437.39,410.85,61.52,195.12,0.73,-1,-1,-1
107,4,898.23,177.63,274.10,921.70,0.82,-1,-1,-1
108,1,525.26,362.64,56.28,171.72,0.59,-1,-1,-1
108,2,480.53,36.62,429.80,1327.93,0.62,-1,-1,-1
108,3,1121.37,418.39,85.75,208.44,0.80,-1,-1,-1
108,6,443.37,311.05,129.89,341.75,0.93,-1,-1,-1
108,12,569.31,356.38,51.72,174.00,0.80,-1,-1,-1
108,21,118.43,372.19,96.49,139.48,0.91,-1,-1,-1
108,23,66.02,343.24,79.94,175.32,0.87,-1,-1,-1
108,11,1183.41,414.25,88.29,213.88,0.76,-1,-1,-1
108,26,236.86,351.97,134.87,314.57,0.95,-1,-1,-1
108,29,336.70,365.16,96.10,287.30,0.90,-1,-1,-1
108,20,364.93,344.81,91.11,263.67,0.86,-1,-1,-1
108,32,435.85,430.23,59.86,181.06,0.78,-1,-1,-1
108,4,884.57,174.37,292.34,956.22,0.84,-1,-1,-1
108,24,425.42,357.78,58.46,188.96,0.74,-1,-1,-1
109,1,522.01,361.74,57.58,171.29,0.60,-1,-1,-1
109,2,468.73,38.70,421.04,1313.04,0.67,-1,-1,-1
109,3,1122.99,418.88,83.88,207.77,0.83,-1,-1,-1
109,6,444.65,310.11,128.33,343.23,0.92,-1,-1,-1
109,12,566.46,356.20,47.43,161.01,0.23,-1,-1,-1
109,21,114.84,370.90,96.32,140.53,0.90,-1,-1,-1
109,23,60.91,342.07,81.43,177.87,0.89,-1,-1,-1
109,11,1182.71,414.16,89.55,213.81,0.84,-1,-1,-1
109,26,232.48,350.43,134.64,320.88,0.95,-1,-1,-1
109,29,333.53,365.40,96.29,289.81,0.90,-1,-1,-1
109,20,361.78,343.42,94.12,264.44,0.87,-1,-1,-1
109,32,432.43,434.76,60.07,178.39,0.80,-1,-1,-1
109,4,876.16,174.37,302.26,959.37,0.84,-1,-1,-1
109,24,420.85,356.58,61.15,202.78,0.77,-1,-1,-1
110,1,520.90,360.98,50.33,170.13,0.16,-1,-1,-1
110,2,443.81,23.67,426.94,1334.52,0.63,-1,-1,-1
110,3,1124.36,418.00,81.98,208.85,0.59,-1,-1,-1
110,6,445.87,309.49,123.46,344.49,0.94,-1,-1,-1
110,21,111.35,370.05,96.12,141.08,0.90,-1,-1,-1
110,23,58.82,341.27,79.06,177.51,0.88,-1,-1,-1
110,11,1183.20,413.96,88.86,213.63,0.71,-1,-1,-1
110,26,226.91,347.71,136.53,328.68,0.94,-1,-1,-1
110,29,327.87,361.85,99.31,297.68,0.90,-1,-1,-1
110,20,357.06,342.36,96.74,266.47,0.86,-1,-1,-1
110,32,429.09,437.20,61.83,177.83,0.83,-1,-1,-1
110,4,874.82,178.56,305.29,938.36,0.85,-1,-1,-1
110,24,416.91,355.88,61.88,212.12,0.74,-1,-1,-1
110,33,937.80,316.35,54.00,143.55,0.72,-1,-1,-1
111,2,421.16,21.05,429.65,1332.28,0.57,-1,-1,-1
111,3,1126.50,422.42,78.84,204.17,0.32,-1,-1,-1
111,6,444.95,312.22,115.24,340.20,0.90,-1,-1,-1
111,21,106.75,369.24,97.25,141.11,0.91,-1,-1,-1
111,23,56.44,340.17,77.24,177.79,0.89,-1,-1,-1
111,11,1183.19,412.70,87.36,214.41,0.76,-1,-1,-1
111,26,219.93,347.52,138.13,332.14,0.94,-1,-1,-1
111,29,322.63,361.94,100.98,301.16,0.89,-1,-1,-1
111,20,352.45,340.46,97.97,273.07,0.86,-1,-1,-1
111,32,425.20,436.03,62.03,179.83,0.82,-1,-1,-1
111,4,875.23,180.29,307.36,935.64,0.84,-1,-1,-1
111,24,413.08,355.58,60.66,211.05,0.72,-1,-1,-1
111,33,936.01,314.69,55.47,142.92,0.61,-1,-1,-1
112,2,383.87,0.34,446.22,1375.28,0.64,-1,-1,-1
112,3,1130.17,423.53,74.01,202.30,0.26,-1,-1,-1
112,21,102.52,368.14,97.46,141.66,0.91,-1,-1,-1
112,23,53.16,338.98,75.72,178.43,0.90,-1,-1,-1
112,11,1183.01,411.95,86.77,214.62,0.79,-1,-1,-1
112,26,213.52,347.56,139.25,334.43,0.94,-1,-1,-1
112,29,318.72,360.89,102.17,305.26,0.90,-1,-1,-1
112,20,348.77,338.95,97.80,271.91,0.85,-1,-1,-1
112,32,421.84,435.65,63.54,180.73,0.74,-1,-1,-1
112,4,876.66,184.94,308.84,930.23,0.84,-1,-1,-1
112,24,408.85,353.19,62.23,212.47,0.73,-1,-1,-1
112,33,932.72,313.65,54.37,137.93,0.58,-1,-1,-1
113,2,338.41,-11.59,480.87,1411.51,0.61,-1,-1,-1
113,3,1132.28,419.84,71.04,205.40,0.15,-1,-1,-1
113,21,98.17,367.21,97.25,141.44,0.91,-1,-1,-1
113,23,48.71,337.55,75.83,179.59,0.90,-1,-1,-1
113,11,1182.52,411.49,86.55,214.57,0.80,-1,-1,-1
113,26,207.39,345.75,139.35,339.98,0.95,-1,-1,-1
113,29,312.64,358.37,103.76,311.51,0.89,-1,-1,-1
113,20,345.14,337.58,97.37,274.82,0.86,-1,-1,-1
113,4,877.86,182.77,311.04,934.41,0.83,-1,-1,-1
113,24,404.44,352.20,59.86,221.55,0.15,-1,-1,-1
113,33,930.53,312.67,52.58,135.53,0.70,-1,-1,-1
114,2,302.98,-22.40,499.34,1425.17,0.56,-1,-1,-1
114,21,92.73,366.29,98.36,141.77,0.91,-1,-1,-1
114,23,43.98,336.29,75.42,180.31,0.90,-1,-1,-1
114,11,1178.17,410.77,90.08,215.72,0.76,-1,-1,-1
114,26,201.12,345.51,139.37,344.32,0.95,-1,-1,-1
114,29,307.65,354.32,99.68,318.49,0.89,-1,-1,-1
114,20,342.99,335.88,81.59,261.23,0.73,-1,-1,-1
114,4,880.90,181.43,315.08,958.98,0.81,-1,-1,-1
114,33,929.33,311.79,52.07,141.13,0.75,-1,-1,-1
114,34,270.00,352.35,73.35,236.70,0.71,-1,-1,-1
115,2,266.40,-4.84,521.38,1425.61,0.71,-1,-1,-1
115,21,88.80,365.07,99.80,142.19,0.92,-1,-1,-1
115,23,39.79,334.81,76.32,181.91,0.90,-1,-1,-1
115,11,1178.62,410.25,89.03,216.13,0.85,-1,-1,-1
115,26,194.64,345.46,141.38,348.81,0.94,-1,-1,-1
115,29,304.73,357.48,84.82,276.01,0.73,-1,-1,-1
115,4,884.96,178.61,313.23,955.12,0.80,-1,-1,-1
115,33,927.29,310.43,51.95,141.98,0.78,-1,-1,-1
115,34,267.72,351.42,72.67,234.69,0.71,-1,-1,-1
115,35,702.00,327.60,89.10,296.10,0.81,-1,-1,-1
116,2,229.58,-7.39,542.39,1433.37,0.69,-1,-1,-1
116,21,85.37,363.33,100.01,143.20,0.91,-1,-1,-1
116,23,36.09,332.22,76.58,183.21,0.90,-1,-1,-1
116,11,1177.10,409.15,90.94,216.82,0.82,-1,-1,-1
116,26,188.23,344.48,142.64,354.46,0.92,-1,-1,-1
116,4,890.76,171.90,309.82,968.88,0.81,-1,-1,-1
116,33,926.14,309.48,53.22,146.05,0.79,-1,-1,-1
116,34,268.04,351.12,63.12,195.31,0.63,-1,-1,-1
116,35,699.20,325.53,90.57,300.58,0.82,-1,-1,-1
117,2,190.93,-33.32,582.15,1471.13,0.62,-1,-1,-1
117,21,82.53,361.76,100.84,144.01,0.92,-1,-1,-1
117,23,32.69,330.34,76.71,184.12,0.90,-1,-1,-1
117,11,1178.39,407.50,90.50,218.25,0.83,-1,-1,-1
117,26,181.73,343.92,131.62,358.84,0.89,-1,-1,-1
117,4,899.14,166.43,304.68,980.94,0.82,-1,-1,-1
117,33,925.22,308.38,53.69,145.93,0.79,-1,-1,-1
117,35,698.30,324.38,90.20,297.32,0.85,-1,-1,-1
118,2,157.42,-43.98,598.08,1492.72,0.62,-1,-1,-1
118,21,79.82,360.54,101.86,144.33,0.91,-1,-1,-1
118,23,29.48,328.26,77.60,185.51,0.90,-1,-1,-1
118,11,1182.58,405.71,86.71,220.44,0.82,-1,-1,-1
118,26,175.13,339.87,135.11,362.20,0.68,-1,-1,-1
118,4,908.31,160.04,298.88,993.43,0.80,-1,-1,-1
118,33,924.42,307.20,53.86,145.24,0.79,-1,-1,-1
118,35,699.25,324.88,88.60,293.34,0.87,-1,-1,-1
119,2,107.68,-58.44,649.97,1502.93,0.59,-1,-1,-1
119,21,76.88,359.11,102.39,144.89,0.89,-1,-1,-1
119,23,26.42,326.36,78.10,186.31,0.88,-1,-1,-1
119,11,1184.19,403.72,87.68,223.17,0.75,-1,-1,-1
119,4,918.21,157.96,293.08,1000.62,0.82,-1,-1,-1
119,33,924.19,306.03,53.93,144.03,0.79,-1,-1,-1
119,35,698.25,326.47,88.82,293.55,0.88,-1,-1,-1
120,2,66.90,-84.95,717.91,1561.64,0.57,-1,-1,-1
120,21,73.83,357.48,91.89,145.95,0.84,-1,-1,-1
120,23,23.35,325.01,77.21,186.43,0.88,-1,-1,-1
120,11,1183.61,401.70,90.44,223.57,0.74,-1,-1,-1
120,4,926.55,153.07,287.41,1018.35,0.82,-1,-1,-1
120,33,923.56,304.05,53.98,145.67,0.75,-1,-1,-1
120,35,693.73,324.51,92.87,297.80,0.89,-1,-1,-1
121,2,47.99,-70.09,688.10,1547.99,0.63,-1,-1,-1
121,21,66.51,355.89,75.45,144.73,0.70,-1,-1,-1
121,23,20.22,323.54,77.12,187.22,0.89,-1,-1,-1
121,11,1184.64,399.81,91.50,224.90,0.73,-1,-1,-1
121,4,933.70,155.11,284.15,1014.12,0.80,-1,-1,-1
121,33,923.39,302.47,54.01,147.18,0.79,-1,-1,-1
121,35,690.97,323.06,95.52,301.08,0.90,-1,-1,-1
122,2,16.19,-99.34,728.56,1586.18,0.53,-1,-1,-1
122,21,57.04,353.49,64.73,150.82,0.27,-1,-1,-1
122,23,17.27,321.48,75.83,188.39,0.90,-1,-1,-1
122,11,1185.05,399.49,91.87,225.39,0.85,-1,-1,-1
122,4,938.00,145.67,280.45,1023.13,0.79,-1,-1,-1
122,33,923.40,300.75,55.21,150.14,0.78,-1,-1,-1
122,35,688.83,322.41,97.04,302.11,0.91,-1,-1,-1
123,2,32.54,-117.58,711.81,1611.99,0.54,-1,-1,-1
123,23,13.90,319.02,74.22,199.02,0.85,-1,-1,-1
123,11,1188.08,398.90,90.78,224.46,0.86,-1,-1,-1
123,4,938.74,145.99,282.66,1031.13,0.79,-1,-1,-1
123,33,923.42,299.19,54.45,146.14,0.78,-1,-1,-1
123,35,686.63,321.05,99.96,302.56,0.93,-1,-1,-1
124,2,20.14,-123.23,720.94,1621.27,0.55,-1,-1,-1
124,23,11.53,316.62,72.16,203.09,0.76,-1,-1,-1
124,11,1192.68,397.30,87.98,224.47,0.85,-1,-1,-1
124,4,938.74,132.61,283.62,1053.23,0.78,-1,-1,-1
124,33,923.37,297.12,54.17,145.73,0.75,-1,-1,-1
124,35,683.15,319.35,102.83,303.25,0.93,-1,-1,-1
124,30,643.96,329.79,71.06,225.68,0.74,-1,-1,-1
125,2,-16.69,-125.82,740.80,1632.42,0.63,-1,-1,-1
125,23,8.65,315.45,71.27,204.21,0.22,-1,-1,-1
125,11,1194.30,396.74,88.10,225.68,0.82,-1,-1,-1
125,4,934.27,129.33,286.32,1068.90,0.81,-1,-1,-1
125,33,921.47,295.45,55.26,148.29,0.77,-1,-1,-1
125,35,679.39,317.46,105.62,304.75,0.92,-1,-1,-1
125,30,643.01,329.57,71.84,221.95,0.83,-1,-1,-1
126,2,-10.69,-124.34,728.31,1640.19,0.61,-1,-1,-1
126,11,1196.67,395.08,88.13,227.86,0.86,-1,-1,-1
126,4,922.96,123.56,294.45,1060.83,0.75,-1,-1,-1
126,33,921.15,294.29,54.75,147.73,0.80,-1,-1,-1
126,35,677.26,316.18,107.20,305.83,0.93,-1,-1,-1
126,30,646.06,329.07,68.55,216.77,0.87,-1,-1,-1
126,36,678.60,320.85,85.50,235.35,0.72,-1,-1,-1
127,2,16.81,-116.01,678.49,1651.14,0.69,-1,-1,-1
127,11,1198.13,394.18,89.36,228.66,0.82,-1,-1,-1
127,4,917.74,123.26,296.71,1049.62,0.76,-1,-1,-1
127,33,921.36,293.61,55.47,148.09,0.78,-1,-1,-1
127,35,678.30,315.16,105.99,307.41,0.93,-1,-1,-1
127,30,646.07,328.37,67.87,213.25,0.88,-1,-1,-1
127,36,678.85,319.21,82.67,228.65,0.72,-1,-1,-1
128,2,-42.46,-125.44,743.87,1663.08,0.59,-1,-1,-1
128,11,1199.81,393.71,88.64,230.72,0.59,-1,-1,-1
128,4,912.98,121.03,298.45,1058.80,0.76,-1,-1,-1
128,33,920.25,292.92,56.93,149.70,0.78,-1,-1,-1
128,35,673.73,314.33,110.21,309.19,0.93,-1,-1,-1
128,30,645.77,327.52,67.02,212.66,0.90,-1,-1,-1
128,36,675.72,317.89,84.23,232.28,0.72,-1,-1,-1
129,2,-8.56,-107.61,687.14,1641.69,0.66,-1,-1,-1
129,11,1202.70,394.14,84.80,231.43,0.83,-1,-1,-1
129,4,907.50,125.68,299.19,1058.94,0.73,-1,-1,-1
129,33,919.20,292.30,58.67,153.25,0.80,-1,-1,-1
129,35,669.40,313.96,113.54,310.53,0.94,-1,-1,-1
129,30,640.82,327.15,70.95,212.86,0.88,-1,-1,-1
129,36,671.95,317.58,86.13,236.52,0.68,-1,-1,-1
129,3,1137.84,399.72,86.25,225.76,0.82,-1,-1,-1
130,2,-6.85,-84.53,672.96,1607.86,0.63,-1,-1,-1
130,11,1204.99,394.76,83.28,232.85,0.83,-1,-1,-1
130,4,901.98,123.53,298.01,1080.69,0.74,-1,-1,-1
130,33,918.93,291.29,59.29,156.04,0.75,-1,-1,-1
130,35,668.81,313.73,113.53,312.03,0.93,-1,-1,-1
130,30,634.16,326.33,77.63,213.96,0.88,-1,-1,-1
130,36,668.95,315.89,90.65,259.18,0.73,-1,-1,-1
130,3,1137.43,399.86,89.03,226.24,0.87,-1,-1,-1
131,2,-10.27,-101.14,663.93,1628.63,0.68,-1,-1,-1
131,11,1207.83,395.98,83.97,233.38,0.80,-1,-1,-1
131,4,895.68,124.30,296.64,1089.10,0.72,-1,-1,-1
131,33,918.79,289.96,60.40,168.29,0.32,-1,-1,-1
131,35,667.13,313.42,115.81,313.78,0.93,-1,-1,-1
131,30,632.44,326.54,79.03,214.23,0.88,-1,-1,-1
131,36,668.23,316.48,91.49,271.18,0.74,-1,-1,-1
131,3,1137.55,398.20,92.38,229.40,0.86,-1,-1,-1
132,2,-20.18,-95.80,664.37,1627.25,0.70,-1,-1,-1
132,11,1211.29,396.24,84.26,236.51,0.80,-1,-1,-1
132,4,880.84,132.17,299.79,1087.62,0.72,-1,-1,-1
132,33,918.82,291.18,60.24,178.21,0.16,-1,-1,-1
132,35,665.44,313.15,117.82,316.19,0.93,-1,-1,-1
132,30,630.40,326.34,81.89,217.16,0.86,-1,-1,-1
132,36,666.59,316.12,93.56,278.13,0.79,-1,-1,-1
132,3,1138.82,397.70,94.82,232.32,0.89,-1,-1,-1
133,2,-13.15,-80.18,647.07,1597.22,0.75,-1,-1,-1
133,11,1214.79,397.51,85.54,237.06,0.83,-1,-1,-1
133,4,868.16,125.13,298.37,1122.32,0.74,-1,-1,-1
133,35,664.51,313.26,119.65,317.65,0.93,-1,-1,-1
133,30,628.73,326.47,82.92,217.95,0.87,-1,-1,-1
133,36,666.02,315.77,93.57,278.94,0.82,-1,-1,-1
133,3,1139.18,399.87,98.01,231.61,0.93,-1,-1,-1
134,2,-10.06,-72.37,632.58,1565.74,0.73,-1,-1,-1
134,11,1217.23,398.31,86.07,238.57,0.83,-1,-1,-1
134,4,854.16,130.89,297.70,1125.56,0.76,-1,-1,-1
134,35,662.71,312.66,122.11,320.54,0.94,-1,-1,-1
134,30,631.29,326.63,80.99,218.68,0.86,-1,-1,-1
134,36,664.95,315.90,95.36,277.29,0.82,-1,-1,-1
134,3,1141.63,401.50,99.25,231.28,0.93,-1,-1,-1
135,2,-18.14,-88.60,646.78,1599.14,0.68,-1,-1,-1
135,11,1221.55,398.88,83.79,239.42,0.84,-1,-1,-1
135,4,831.14,129.89,308.92,1147.92,0.73,-1,-1,-1
135,35,662.96,312.80,122.27,321.02,0.93,-1,-1,-1
135,30,630.58,326.16,81.85,219.54,0.86,-1,-1,-1
135,36,664.33,315.75,95.84,276.32,0.84,-1,-1,-1
135,3,1143.65,402.67,100.74,231.72,0.92,-1,-1,-1
136,2,-61.84,-72.19,633.29,1554.63,0.51,-1,-1,-1
136,11,1225.59,398.64,82.97,241.16,0.77,-1,-1,-1
136,4,807.54,116.48,319.12,1174.30,0.76,-1,-1,-1
136,35,663.23,312.22,122.90,322.90,0.93,-1,-1,-1
136,30,630.15,325.79,82.77,219.09,0.88,-1,-1,-1
136,36,663.97,314.91,96.01,278.81,0.85,-1,-1,-1
136,3,1147.43,403.26,100.14,232.42,0.90,-1,-1,-1
137,2,-68.75,-72.36,666.91,1545.19,0.57,-1,-1,-1
137,11,1228.96,398.63,81.51,242.28,0.74,-1,-1,-1
137,4,787.06,113.56,326.65,1173.84,0.76,-1,-1,-1
137,35,663.71,311.21,123.13,324.38,0.93,-1,-1,-1
137,30,628.88,325.33,84.30,219.24,0.89,-1,-1,-1
137,36,663.93,313.38,94.85,281.70,0.86,-1,-1,-1
137,3,1150.19,403.43,101.05,233.89,0.64,-1,-1,-1
138,2,-77.48,-56.69,658.77,1496.64,0.53,-1,-1,-1
138,11,1232.17,398.00,78.47,244.96,0.78,-1,-1,-1
138,4,769.11,101.58,334.00,1191.89,0.79,-1,-1,-1
138,35,665.06,310.41,122.43,325.09,0.93,-1,-1,-1
138,30,629.53,324.12,83.59,219.51,0.88,-1,-1,-1
138,36,664.50,311.64,93.03,283.84,0.85,-1,-1,-1
138,3,1153.24,402.85,101.25,235.53,0.85,-1,-1,-1
139,2,-83.96,-82.30,694.40,1544.59,0.59,-1,-1,-1
139,11,1235.97,397.93,75.06,244.63,0.81,-1,-1,-1
139,4,749.47,103.10,347.00,1183.31,0.80,-1,-1,-1
139,35,665.73,309.63,124.07,327.26,0.92,-1,-1,-1
139,30,630.23,323.35,83.98,220.21,0.89,-1,-1,-1
139,36,664.28,310.52,93.66,286.13,0.86,-1,-1,-1
139,3,1157.02,402.69,101.42,236.73,0.88,-1,-1,-1
140,2,-86.27,-98.04,711.26,1582.55,0.63,-1,-1,-1
140,11,1238.95,396.67,77.54,247.36,0.75,-1,-1,-1
140,4,728.29,90.79,368.70,1217.18,0.78,-1,-1,-1
140,35,666.33,308.60,125.81,328.71,0.91,-1,-1,-1
140,30,632.03,322.32,82.32,220.56,0.89,-1,-1,-1
140,36,664.25,308.92,93.87,289.14,0.85,-1,-1,-1
140,3,1160.68,401.54,101.42,238.42,0.91,-1,-1,-1
141,2,-47.06,-104.48,667.79,1598.23,0.58,-1,-1,-1
141,11,1243.70,397.34,74.88,246.86,0.62,-1,-1,-1
141,4,704.16,75.94,387.53,1236.48,0.77,-1,-1,-1
141,35,665.52,307.26,131.21,326.85,0.87,-1,-1,-1
141,30,632.54,321.28,82.29,220.94,0.88,-1,-1,-1
141,36,664.10,308.12,96.35,289.99,0.85,-1,-1,-1
141,3,1164.46,401.23,102.62,240.34,0.72,-1,-1,-1
142,2,-24.92,-97.14,639.98,1590.64,0.67,-1,-1,-1
142,11,1247.64,395.76,69.10,245.87,0.64,-1,-1,-1
142,4,684.91,63.86,405.86,1254.89,0.80,-1,-1,-1
142,35,664.45,306.70,129.85,306.20,0.88,-1,-1,-1
142,30,634.32,320.86,81.14,220.64,0.88,-1,-1,-1
142,36,665.04,306.31,92.06,276.33,0.79,-1,-1,-1
142,3,1168.70,401.53,103.11,241.32,0.81,-1,-1,-1
143,2,-73.81,-100.64,707.35,1592.54,0.56,-1,-1,-1
143,4,665.49,54.90,426.78,1270.51,0.82,-1,-1,-1
143,35,665.85,307.25,126.21,299.13,0.82,-1,-1,-1
143,30,634.13,320.38,82.44,220.30,0.84,-1,-1,-1
143,36,665.77,305.92,88.45,279.13,0.78,-1,-1,-1
143,3,1172.77,400.57,104.42,244.12,0.35,-1,-1,-1
144,2,-74.22,-86.94,711.35,1580.27,0.59,-1,-1,-1
144,4,648.46,59.57,446.15,1267.27,0.82,-1,-1,-1
144,35,672.05,306.32,122.31,287.92,0.44,-1,-1,-1
144,30,633.44,319.83,84.68,221.62,0.87,-1,-1,-1
144,36,667.24,304.53,85.85,258.88,0.80,-1,-1,-1
144,3,1177.05,400.12,104.86,246.28,0.53,-1,-1,-1
145,2,-57.70,-55.11,691.78,1543.52,0.70,-1,-1,-1
145,4,631.38,54.86,468.21,1292.37,0.83,-1,-1,-1
145,30,641.19,319.69,77.23,220.90,0.79,-1,-1,-1
145,36,669.06,305.32,83.04,245.99,0.80,-1,-1,-1
145,3,1182.15,401.11,102.57,248.09,0.14,-1,-1,-1
146,2,-43.71,-19.64,681.06,1483.35,0.67,-1,-1,-1
146,4,614.85,55.62,494.24,1301.63,0.85,-1,-1,-1
146,30,651.98,319.56,66.18,213.91,0.73,-1,-1,-1
146,36,671.62,303.84,79.56,245.75,0.74,-1,-1,-1
146,3,1186.42,400.57,100.44,250.67,0.29,-1,-1,-1
146,23,-34.94,300.25,76.21,222.73,0.67,-1,-1,-1
147,2,-29.83,-21.37,675.02,1475.68,0.76,-1,-1,-1
147,4,599.45,56.49,516.26,1324.12,0.81,-1,-1,-1
147,30,657.62,319.25,60.90,203.93,0.70,-1,-1,-1
147,36,671.47,303.36,82.05,244.77,0.71,-1,-1,-1
147,3,1191.86,400.47,97.21,252.87,0.82,-1,-1,-1
147,23,-29.98,300.74,70.81,213.85,0.73,-1,-1,-1
148,2,-14.35,-26.51,662.90,1502.66,0.79,-1,-1,-1
148,4,595.51,56.11,523.79,1344.11,0.82,-1,-1,-1
148,30,660.00,318.82,59.20,200.55,0.64,-1,-1,-1
148,36,672.31,303.21,78.69,247.48,0.72,-1,-1,-1
148,3,1196.63,400.33,95.94,255.24,0.68,-1,-1,-1
148,23,-33.54,300.35,75.28,221.05,0.62,-1,-1,-1
149,2,-8.63,-10.73,662.14,1474.21,0.80,-1,-1,-1
149,4,588.64,56.91,532.93,1345.30,0.81,-1,-1,-1
149,30,661.78,319.57,58.07,198.81,0.65,-1,-1,-1
149,36,673.34,303.31,77.46,247.52,0.71,-1,-1,-1
149,3,1201.46,400.58,94.27,257.88,0.11,-1,-1,-1
149,23,-35.82,299.29,76.72,231.10,0.64,-1,-1,-1
