0,1,171.00,171.11,88.43,250.99,0.95,-1,-1,-1
0,2,20.95,172.12,80.41,151.20,0.94,-1,-1,-1
0,3,352.80,120.94,102.60,308.36,0.94,-1,-1,-1
0,4,84.04,178.65,49.84,126.90,0.90,-1,-1,-1
0,5,256.27,162.67,64.35,164.70,0.89,-1,-1,-1
0,6,477.90,96.07,180.90,558.22,0.88,-1,-1,-1
0,7,88.42,176.06,114.07,232.09,0.88,-1,-1,-1
0,8,-18.98,178.87,56.90,145.80,0.87,-1,-1,-1
0,9,396.67,131.62,83.92,266.40,0.87,-1,-1,-1
0,10,457.65,150.07,76.50,255.15,0.86,-1,-1,-1
0,11,151.88,156.38,61.42,185.85,0.81,-1,-1,-1
0,12,783.90,-30.15,272.70,1023.75,0.80,-1,-1,-1
0,13,207.11,168.75,46.24,123.30,0.79,-1,-1,-1
0,14,119.92,147.71,53.10,155.59,0.79,-1,-1,-1
0,15,690.75,121.72,130.50,491.17,0.78,-1,-1,-1
0,16,238.50,168.07,54.45,149.85,0.73,-1,-1,-1
0,17,539.10,40.50,284.40,1063.80,0.72,-1,-1,-1
1,1,171.00,171.11,88.43,250.99,0.95,-1,-1,-1
1,2,20.95,172.13,80.41,151.20,0.94,-1,-1,-1
1,3,352.80,120.94,102.60,308.36,0.94,-1,-1,-1
1,4,84.04,178.65,49.84,126.90,0.90,-1,-1,-1
1,5,256.28,162.68,64.35,164.70,0.89,-1,-1,-1
1,6,477.90,96.08,180.90,558.22,0.88,-1,-1,-1
1,7,88.96,177.04,112.95,231.11,0.88,-1,-1,-1
1,8,-19.02,178.88,56.93,145.80,0.87,-1,-1,-1
1,9,396.68,131.63,83.93,266.40,0.87,-1,-1,-1
1,10,457.65,150.08,76.50,255.15,0.86,-1,-1,-1
1,11,151.78,156.38,61.43,185.85,0.81,-1,-1,-1
1,12,783.90,-30.15,272.70,1023.75,0.80,-1,-1,-1
1,13,207.02,168.75,46.14,123.30,0.79,-1,-1,-1
1,14,119.93,147.71,53.10,155.59,0.78,-1,-1,-1
1,15,690.75,121.73,130.50,491.17,0.78,-1,-1,-1
1,16,238.50,168.08,54.45,149.85,0.72,-1,-1,-1
1,17,539.10,40.89,284.40,1064.19,0.71,-1,-1,-1
2,1,172.19,171.49,89.44,250.61,0.95,-1,-1,-1
2,2,21.93,172.44,80.01,151.33,0.94,-1,-1,-1
2,3,353.47,120.18,104.16,309.62,0.93,-1,-1,-1
2,4,84.97,179.31,49.91,126.31,0.91,-1,-1,-1
2,5,257.38,161.71,64.80,165.90,0.91,-1,-1,-1
2,6,481.48,56.77,199.41,605.79,0.81,-1,-1,-1
2,7,98.09,175.24,103.23,233.61,0.87,-1,-1,-1
2,8,-18.57,179.12,56.21,146.02,0.88,-1,-1,-1
2,9,398.79,131.48,83.71,268.40,0.87,-1,-1,-1
2,10,460.18,149.06,77.32,258.20,0.86,-1,-1,-1
2,11,151.97,156.65,64.15,184.62,0.85,-1,-1,-1
2,12,781.12,-27.56,271.06,1017.69,0.80,-1,-1,-1
2,13,207.97,168.50,45.05,124.46,0.77,-1,-1,-1
2,14,120.01,147.72,54.06,157.05,0.80,-1,-1,-1
2,15,692.80,120.46,134.23,502.00,0.79,-1,-1,-1
2,16,239.76,167.47,54.18,150.34,0.66,-1,-1,-1
2,17,528.73,29.97,291.19,1108.42,0.72,-1,-1,-1
3,1,172.84,170.51,90.42,252.87,0.95,-1,-1,-1
3,2,22.96,172.65,80.04,151.02,0.94,-1,-1,-1
3,3,354.95,119.20,104.63,311.00,0.93,-1,-1,-1
3,4,85.76,179.28,49.62,126.46,0.90,-1,-1,-1
3,5,258.32,161.18,65.61,166.27,0.90,-1,-1,-1
3,6,483.24,63.42,200.15,603.32,0.82,-1,-1,-1
3,7,101.13,175.95,99.82,233.37,0.88,-1,-1,-1
3,8,-17.58,179.81,55.98,145.39,0.89,-1,-1,-1
3,9,399.34,130.02,85.34,271.75,0.86,-1,-1,-1
3,10,462.92,148.10,78.25,260.59,0.84,-1,-1,-1
3,11,152.47,157.20,65.85,184.21,0.86,-1,-1,-1
3,12,772.82,-34.01,272.17,1031.19,0.80,-1,-1,-1
3,13,209.66,168.88,43.91,122.76,0.76,-1,-1,-1
3,14,119.63,147.92,56.74,158.78,0.80,-1,-1,-1
3,15,693.68,118.83,140.13,493.64,0.80,-1,-1,-1
3,16,241.45,167.91,53.74,149.44,0.54,-1,-1,-1
3,17,510.71,32.16,296.67,1076.24,0.74,-1,-1,-1
4,1,173.03,169.87,91.79,253.75,0.95,-1,-1,-1
4,2,23.74,172.12,80.10,150.89,0.93,-1,-1,-1
4,3,356.12,118.14,105.15,312.86,0.94,-1,-1,-1
4,4,85.85,178.76,50.36,126.77,0.90,-1,-1,-1
4,5,258.72,160.72,67.45,166.57,0.89,-1,-1,-1
4,6,484.48,70.12,194.96,606.32,0.81,-1,-1,-1
4,7,97.94,175.38,102.65,234.24,0.88,-1,-1,-1
4,8,-16.77,179.36,56.98,145.75,0.90,-1,-1,-1
4,9,401.15,129.61,85.29,272.92,0.87,-1,-1,-1
4,10,465.21,147.77,77.14,255.72,0.83,-1,-1,-1
4,11,152.26,157.22,66.46,183.64,0.85,-1,-1,-1
4,12,761.86,-37.92,273.66,1053.45,0.82,-1,-1,-1
4,13,210.31,168.27,44.57,123.69,0.73,-1,-1,-1
4,14,120.45,147.94,55.45,156.13,0.79,-1,-1,-1
4,15,696.80,117.59,153.55,513.15,0.78,-1,-1,-1
4,16,242.59,165.58,55.56,152.05,0.67,-1,-1,-1
4,17,493.60,45.18,303.95,1043.20,0.75,-1,-1,-1
5,1,173.42,169.60,92.62,253.89,0.95,-1,-1,-1
5,2,25.34,171.31,79.14,151.21,0.93,-1,-1,-1
5,3,357.94,117.14,107.47,314.25,0.93,-1,-1,-1
5,4,86.07,178.36,50.81,126.65,0.90,-1,-1,-1
5,5,259.40,160.68,67.80,166.45,0.89,-1,-1,-1
5,6,485.88,70.27,194.28,647.27,0.11,-1,-1,-1
5,7,102.38,174.99,97.69,234.84,0.88,-1,-1,-1
5,8,-16.38,179.62,58.27,145.50,0.90,-1,-1,-1
5,9,404.35,128.91,83.71,275.36,0.88,-1,-1,-1
5,10,467.60,146.63,76.14,254.82,0.83,-1,-1,-1
5,11,152.81,156.81,63.16,183.28,0.84,-1,-1,-1
5,12,752.58,-28.87,275.35,1049.19,0.81,-1,-1,-1
5,13,211.93,168.08,43.95,122.88,0.76,-1,-1,-1
5,14,120.58,148.18,54.62,156.10,0.81,-1,-1,-1
5,15,705.82,116.48,160.79,541.15,0.79,-1,-1,-1
5,16,244.77,164.26,55.58,153.35,0.71,-1,-1,-1
5,17,477.80,38.22,306.54,1060.05,0.75,-1,-1,-1
6,1,173.92,169.45,93.36,253.03,0.95,-1,-1,-1
6,2,27.08,170.41,78.21,151.64,0.92,-1,-1,-1
6,3,359.87,116.02,107.97,315.78,0.94,-1,-1,-1
6,4,86.50,177.43,51.51,126.60,0.88,-1,-1,-1
6,5,261.56,160.53,66.95,166.70,0.90,-1,-1,-1
6,7,102.46,175.50,97.20,234.39,0.87,-1,-1,-1
6,8,-16.01,180.91,60.92,143.91,0.91,-1,-1,-1
6,9,406.74,127.97,83.47,275.14,0.87,-1,-1,-1
6,10,469.36,145.85,75.17,252.53,0.80,-1,-1,-1
6,11,152.35,156.66,62.05,182.23,0.84,-1,-1,-1
6,12,740.21,-27.76,279.12,1049.40,0.77,-1,-1,-1
6,13,213.40,168.10,43.67,122.04,0.79,-1,-1,-1
6,14,120.99,147.55,53.84,156.49,0.78,-1,-1,-1
6,15,705.41,115.58,157.29,525.39,0.80,-1,-1,-1
6,16,246.66,163.51,55.26,153.78,0.73,-1,-1,-1
6,17,459.32,40.86,307.92,1086.84,0.71,-1,-1,-1
7,1,173.84,169.10,94.01,253.48,0.94,-1,-1,-1
7,2,28.86,170.02,78.20,151.44,0.92,-1,-1,-1
7,3,361.46,114.60,109.75,317.67,0.94,-1,-1,-1
7,4,87.24,176.87,51.78,126.55,0.89,-1,-1,-1
7,5,263.92,160.50,65.02,166.81,0.90,-1,-1,-1
7,7,95.10,175.44,104.58,235.10,0.87,-1,-1,-1
7,8,-14.99,179.54,61.66,144.56,0.91,-1,-1,-1
7,9,408.46,127.22,84.44,280.88,0.85,-1,-1,-1
7,10,472.23,145.80,77.31,253.02,0.27,-1,-1,-1
7,11,153.38,156.38,62.89,182.47,0.85,-1,-1,-1
7,12,735.21,-23.73,276.59,1039.25,0.74,-1,-1,-1
7,13,214.32,167.02,44.76,122.90,0.79,-1,-1,-1
7,14,121.30,147.80,52.90,154.48,0.78,-1,-1,-1
7,15,708.43,116.40,160.90,520.00,0.82,-1,-1,-1
7,16,246.09,164.99,56.04,152.69,0.76,-1,-1,-1
7,17,438.64,29.28,311.33,1129.25,0.67,-1,-1,-1
8,1,173.73,168.70,94.72,253.40,0.94,-1,-1,-1
8,2,30.94,169.97,71.93,150.37,0.90,-1,-1,-1
8,3,363.29,113.67,109.78,320.08,0.93,-1,-1,-1
8,4,88.71,176.53,51.23,126.73,0.88,-1,-1,-1
8,5,265.52,159.77,63.91,167.77,0.90,-1,-1,-1
8,7,90.06,174.82,110.82,236.35,0.89,-1,-1,-1
8,8,-14.05,179.65,61.72,144.36,0.91,-1,-1,-1
8,9,410.44,127.51,82.23,275.32,0.82,-1,-1,-1
8,11,154.08,155.84,61.89,181.48,0.86,-1,-1,-1
8,12,724.72,-17.12,285.74,1020.88,0.81,-1,-1,-1
8,13,214.98,166.35,44.64,124.49,0.78,-1,-1,-1
8,14,121.94,147.14,52.51,156.56,0.75,-1,-1,-1
8,15,712.35,119.32,157.70,511.77,0.82,-1,-1,-1
8,16,246.32,165.52,56.56,152.05,0.71,-1,-1,-1
8,17,415.32,19.74,312.35,1143.00,0.74,-1,-1,-1
9,1,172.91,168.09,96.24,253.45,0.94,-1,-1,-1
9,2,31.93,169.28,74.31,150.59,0.90,-1,-1,-1
9,3,364.88,113.15,114.85,319.83,0.90,-1,-1,-1
9,4,90.48,175.97,49.98,127.76,0.86,-1,-1,-1
9,5,266.54,159.40,64.80,168.55,0.92,-1,-1,-1
9,7,86.36,174.30,115.75,237.93,0.92,-1,-1,-1
9,8,-14.05,179.70,62.41,144.97,0.90,-1,-1,-1
9,9,411.77,127.73,81.02,271.38,0.60,-1,-1,-1
9,11,154.54,155.63,62.64,180.60,0.86,-1,-1,-1
9,12,710.93,-8.65,292.89,1008.29,0.86,-1,-1,-1
9,13,215.48,165.80,44.64,127.25,0.76,-1,-1,-1
9,14,121.05,146.13,54.26,158.91,0.82,-1,-1,-1
9,15,714.37,115.68,175.72,535.45,0.56,-1,-1,-1
9,16,249.71,165.49,55.26,152.07,0.66,-1,-1,-1
9,17,391.61,27.41,319.67,1134.02,0.70,-1,-1,-1
9,6,503.18,85.04,200.83,671.57,0.78,-1,-1,-1
10,1,171.94,167.60,98.33,253.88,0.94,-1,-1,-1
10,2,33.15,168.92,75.93,150.43,0.92,-1,-1,-1
10,3,365.91,113.74,108.00,300.80,0.87,-1,-1,-1
10,4,92.14,175.50,49.27,128.50,0.85,-1,-1,-1
10,5,267.01,159.14,66.07,169.52,0.90,-1,-1,-1
10,7,87.00,175.07,116.15,238.59,0.92,-1,-1,-1
10,8,-13.68,179.30,62.40,145.56,0.90,-1,-1,-1
10,11,154.78,155.27,60.83,181.29,0.87,-1,-1,-1
10,12,697.87,-15.55,298.69,1026.33,0.85,-1,-1,-1
10,13,216.81,165.71,44.37,126.14,0.73,-1,-1,-1
10,14,120.49,145.02,54.03,157.57,0.83,-1,-1,-1
10,16,250.94,165.27,56.62,153.14,0.70,-1,-1,-1
10,17,366.04,24.94,335.63,1130.71,0.71,-1,-1,-1
10,6,499.37,83.90,219.62,672.44,0.84,-1,-1,-1
10,18,886.05,124.87,131.85,426.82,0.71,-1,-1,-1
11,1,169.39,167.00,102.14,254.22,0.94,-1,-1,-1
11,2,34.06,168.97,70.67,150.60,0.91,-1,-1,-1
11,3,366.80,113.78,100.16,287.47,0.83,-1,-1,-1
11,4,93.50,175.44,47.98,129.23,0.85,-1,-1,-1
11,5,266.10,159.41,68.01,169.47,0.87,-1,-1,-1
11,7,87.13,177.21,118.09,238.39,0.92,-1,-1,-1
11,8,-12.03,180.08,61.32,144.81,0.90,-1,-1,-1
11,11,154.63,154.73,60.71,181.79,0.87,-1,-1,-1
11,12,686.49,-6.15,299.93,1005.53,0.87,-1,-1,-1
11,13,217.84,166.11,45.37,125.71,0.75,-1,-1,-1
11,14,119.84,144.04,56.47,160.47,0.85,-1,-1,-1
11,16,250.76,163.87,58.88,155.58,0.71,-1,-1,-1
11,17,340.20,13.06,346.45,1149.37,0.78,-1,-1,-1
11,6,501.91,85.65,223.90,672.20,0.87,-1,-1,-1
11,18,881.33,124.22,151.87,461.82,0.67,-1,-1,-1
12,1,166.09,166.92,107.00,251.55,0.94,-1,-1,-1
12,2,35.90,169.32,68.63,150.32,0.92,-1,-1,-1
12,3,368.27,111.09,99.22,287.42,0.19,-1,-1,-1
12,4,94.99,175.81,45.62,128.02,0.79,-1,-1,-1
12,5,267.35,159.32,67.87,169.98,0.89,-1,-1,-1
12,7,87.76,178.31,119.05,238.06,0.92,-1,-1,-1
12,8,-10.30,180.91,60.97,144.10,0.90,-1,-1,-1
12,11,154.72,154.81,60.72,182.25,0.88,-1,-1,-1
12,12,672.86,-22.85,303.55,1043.82,0.86,-1,-1,-1
12,13,219.09,166.08,46.38,125.96,0.75,-1,-1,-1
12,14,119.45,143.40,57.70,161.93,0.86,-1,-1,-1
12,16,251.83,163.85,57.98,156.33,0.66,-1,-1,-1
12,17,314.81,2.55,358.53,1179.98,0.75,-1,-1,-1
12,6,502.74,84.69,222.66,672.69,0.86,-1,-1,-1
12,18,895.83,127.13,143.87,420.36,0.78,-1,-1,-1
13,1,161.35,168.69,112.04,250.20,0.94,-1,-1,-1
13,2,35.42,172.03,68.66,150.69,0.92,-1,-1,-1
13,4,94.91,178.00,44.40,127.39,0.81,-1,-1,-1
13,5,267.84,161.81,62.16,169.62,0.86,-1,-1,-1
13,7,85.80,181.34,122.05,237.97,0.92,-1,-1,-1
13,8,-11.16,183.10,61.50,144.98,0.90,-1,-1,-1
13,11,153.38,157.41,62.50,183.36,0.88,-1,-1,-1
13,12,657.98,-34.80,314.72,1074.69,0.86,-1,-1,-1
13,13,218.27,168.25,47.76,126.80,0.77,-1,-1,-1
13,14,117.15,144.69,58.42,163.24,0.86,-1,-1,-1
13,16,250.90,167.37,56.64,155.01,0.70,-1,-1,-1
13,17,287.32,3.04,381.96,1186.87,0.73,-1,-1,-1
13,6,504.07,87.05,220.77,675.22,0.87,-1,-1,-1
13,18,899.97,125.31,147.08,420.46,0.83,-1,-1,-1
14,1,159.06,166.68,116.48,247.79,0.93,-1,-1,-1
14,2,38.01,170.87,68.59,150.44,0.90,-1,-1,-1
14,4,98.61,176.59,39.96,114.19,0.78,-1,-1,-1
14,5,270.19,160.64,61.13,170.06,0.85,-1,-1,-1
14,7,89.14,178.67,120.62,238.76,0.92,-1,-1,-1
14,8,-8.95,181.15,61.49,145.22,0.90,-1,-1,-1
14,11,155.78,156.34,62.04,183.75,0.88,-1,-1,-1
14,12,646.35,-39.94,316.33,1086.39,0.88,-1,-1,-1
14,13,220.35,166.86,47.37,127.88,0.76,-1,-1,-1
14,14,118.75,142.31,57.70,164.32,0.87,-1,-1,-1
14,16,252.65,167.31,54.98,154.08,0.64,-1,-1,-1
14,17,265.40,-5.24,388.46,1197.06,0.70,-1,-1,-1
14,6,507.44,84.74,223.08,688.37,0.85,-1,-1,-1
14,18,916.43,125.87,144.13,419.20,0.76,-1,-1,-1
14,10,485.67,144.23,76.04,219.11,0.66,-1,-1,-1
15,1,153.69,165.13,125.61,247.49,0.93,-1,-1,-1
15,2,40.57,169.72,68.43,150.89,0.91,-1,-1,-1
15,4,101.57,175.41,38.54,110.62,0.71,-1,-1,-1
15,5,272.20,159.53,60.69,165.43,0.85,-1,-1,-1
15,7,92.35,177.04,121.74,239.08,0.92,-1,-1,-1
15,8,-7.19,178.98,61.65,146.23,0.89,-1,-1,-1
15,11,158.01,156.32,61.60,183.38,0.83,-1,-1,-1
15,12,633.20,-36.79,322.62,1071.70,0.85,-1,-1,-1
15,13,223.37,166.09,45.48,127.67,0.70,-1,-1,-1
15,14,119.28,140.50,58.36,166.96,0.85,-1,-1,-1
15,16,255.70,170.84,49.98,141.36,0.32,-1,-1,-1
15,17,240.08,-14.42,401.17,1214.66,0.69,-1,-1,-1
15,6,514.61,84.50,217.49,685.26,0.85,-1,-1,-1
15,18,925.85,126.81,140.74,420.01,0.80,-1,-1,-1
15,10,487.99,142.95,79.65,231.49,0.74,-1,-1,-1
16,1,151.31,165.44,132.07,246.43,0.91,-1,-1,-1
16,2,43.01,169.73,67.84,150.46,0.91,-1,-1,-1
16,4,105.14,175.80,36.00,107.99,0.48,-1,-1,-1
16,5,274.53,158.64,60.27,158.13,0.82,-1,-1,-1
16,7,94.15,175.40,122.81,239.66,0.92,-1,-1,-1
16,8,-5.54,178.24,62.66,146.24,0.88,-1,-1,-1
16,11,161.15,156.50,60.88,183.45,0.83,-1,-1,-1
16,12,623.06,-28.01,326.90,1034.03,0.84,-1,-1,-1
16,13,224.82,166.54,44.26,125.87,0.61,-1,-1,-1
16,14,120.24,140.35,59.08,167.26,0.86,-1,-1,-1
16,16,258.29,172.91,45.00,122.70,0.40,-1,-1,-1
16,17,212.21,-4.69,422.21,1231.51,0.69,-1,-1,-1
16,6,524.00,81.86,208.19,674.24,0.85,-1,-1,-1
16,18,934.10,127.88,137.24,422.97,0.88,-1,-1,-1
16,10,489.33,142.75,85.55,244.61,0.76,-1,-1,-1
16,15,762.01,97.44,179.65,572.15,0.63,-1,-1,-1
17,1,147.27,167.73,137.32,244.41,0.89,-1,-1,-1
17,2,42.97,172.72,69.20,150.34,0.90,-1,-1,-1
17,4,106.44,178.37,37.27,115.48,0.24,-1,-1,-1
17,5,270.79,161.20,64.82,156.74,0.78,-1,-1,-1
17,7,93.41,176.75,123.68,239.83,0.93,-1,-1,-1
17,8,-6.16,180.81,63.56,145.05,0.91,-1,-1,-1
17,11,166.58,160.37,57.75,181.01,0.82,-1,-1,-1
17,12,609.34,-35.53,341.72,1053.95,0.86,-1,-1,-1
17,13,225.21,168.66,44.80,126.74,0.53,-1,-1,-1
17,14,117.83,142.21,61.35,170.40,0.85,-1,-1,-1
17,17,197.86,2.53,430.79,1205.95,0.75,-1,-1,-1
17,6,528.97,81.69,210.24,663.53,0.86,-1,-1,-1
17,18,939.29,127.30,146.13,429.28,0.88,-1,-1,-1
17,10,491.31,144.54,86.86,248.64,0.81,-1,-1,-1
17,15,768.68,103.62,181.72,571.73,0.77,-1,-1,-1
18,1,143.80,166.64,143.53,240.64,0.88,-1,-1,-1
18,2,45.34,170.72,70.57,150.29,0.89,-1,-1,-1
18,5,270.01,159.73,67.79,155.95,0.76,-1,-1,-1
18,7,96.53,173.47,120.79,237.86,0.92,-1,-1,-1
18,8,-4.53,179.32,64.33,142.56,0.90,-1,-1,-1
18,11,171.02,159.13,57.30,180.17,0.84,-1,-1,-1
18,12,598.33,-37.49,346.76,1058.78,0.85,-1,-1,-1
18,13,227.72,166.68,44.82,124.48,0.51,-1,-1,-1
18,14,119.15,141.10,61.66,175.46,0.86,-1,-1,-1
18,17,189.22,6.26,429.06,1176.88,0.70,-1,-1,-1
18,6,535.26,79.35,207.03,668.02,0.86,-1,-1,-1
18,18,947.47,126.38,145.62,433.80,0.88,-1,-1,-1
18,10,497.09,144.11,84.64,249.45,0.81,-1,-1,-1
18,15,774.07,106.92,186.92,572.13,0.86,-1,-1,-1
19,1,137.80,168.88,152.06,237.64,0.87,-1,-1,-1
19,2,46.26,172.82,69.66,150.50,0.89,-1,-1,-1
19,5,273.84,161.04,66.58,158.04,0.80,-1,-1,-1
19,7,97.77,175.54,118.92,235.96,0.92,-1,-1,-1
19,8,-2.86,181.37,63.43,142.10,0.92,-1,-1,-1
19,11,172.14,161.59,58.77,180.26,0.84,-1,-1,-1
19,12,582.68,-45.05,358.99,1085.56,0.82,-1,-1,-1
19,13,229.58,168.30,43.21,120.07,0.40,-1,-1,-1
19,14,117.69,143.29,63.86,187.56,0.88,-1,-1,-1
19,17,178.44,3.53,433.97,1187.57,0.71,-1,-1,-1
19,6,545.50,75.50,214.04,690.77,0.78,-1,-1,-1
19,18,956.29,126.23,148.04,436.76,0.85,-1,-1,-1
19,10,501.69,144.57,82.80,249.02,0.82,-1,-1,-1
19,15,779.24,105.33,194.26,584.97,0.88,-1,-1,-1
19,9,428.28,125.27,87.69,266.31,0.63,-1,-1,-1
20,1,136.20,166.86,156.51,237.55,0.87,-1,-1,-1
20,2,48.37,170.57,70.08,150.25,0.90,-1,-1,-1
20,5,268.94,157.22,73.59,167.04,0.77,-1,-1,-1
20,7,100.38,172.32,117.72,235.63,0.92,-1,-1,-1
20,8,0.42,178.59,62.51,141.97,0.93,-1,-1,-1
20,11,174.85,159.58,58.88,180.22,0.85,-1,-1,-1
20,12,569.72,-56.23,366.12,1110.57,0.83,-1,-1,-1
20,13,232.69,166.62,42.46,123.97,0.34,-1,-1,-1
20,14,118.79,141.43,64.18,191.24,0.89,-1,-1,-1
20,17,169.82,12.10,431.94,1169.39,0.68,-1,-1,-1
20,6,548.00,57.88,245.72,796.19,0.64,-1,-1,-1
20,18,963.24,124.64,151.14,441.25,0.86,-1,-1,-1
20,10,507.44,142.81,82.94,253.07,0.83,-1,-1,-1
20,15,791.81,105.69,193.79,586.37,0.89,-1,-1,-1
20,9,431.83,124.90,86.76,256.04,0.64,-1,-1,-1
21,1,128.98,169.05,165.92,238.76,0.86,-1,-1,-1
21,2,47.73,172.99,70.60,149.94,0.90,-1,-1,-1
21,5,267.77,158.96,79.58,167.91,0.77,-1,-1,-1
21,7,99.92,175.52,118.59,231.43,0.91,-1,-1,-1
21,8,1.11,181.00,62.31,141.40,0.92,-1,-1,-1
21,11,179.27,161.65,57.71,179.05,0.83,-1,-1,-1
21,12,559.74,-58.97,373.00,1120.23,0.86,-1,-1,-1
21,13,230.39,167.55,46.08,136.78,0.20,-1,-1,-1
21,14,116.84,143.79,65.74,195.49,0.89,-1,-1,-1
21,17,160.32,25.96,435.63,1177.74,0.67,-1,-1,-1
21,6,550.25,39.00,259.85,826.65,0.56,-1,-1,-1
21,18,969.87,122.79,150.34,447.45,0.88,-1,-1,-1
21,10,510.66,142.97,84.52,257.30,0.85,-1,-1,-1
21,15,806.98,105.09,194.88,592.87,0.90,-1,-1,-1
21,9,436.75,124.63,84.45,257.60,0.70,-1,-1,-1
21,3,385.36,109.44,120.26,296.07,0.75,-1,-1,-1
22,1,127.50,169.20,170.78,239.48,0.84,-1,-1,-1
22,2,48.61,173.16,71.02,149.43,0.90,-1,-1,-1
22,5,274.01,158.79,74.50,169.53,0.72,-1,-1,-1
22,7,102.20,176.23,117.51,230.89,0.90,-1,-1,-1
22,8,3.21,180.81,61.83,141.42,0.92,-1,-1,-1
22,11,181.62,160.96,58.96,188.92,0.75,-1,-1,-1
22,12,554.08,-55.70,374.79,1124.95,0.86,-1,-1,-1
22,14,116.72,144.46,65.74,196.63,0.88,-1,-1,-1
22,17,152.65,33.75,435.68,1177.44,0.74,-1,-1,-1
22,6,554.15,36.04,265.44,833.80,0.62,-1,-1,-1
22,18,976.29,121.10,152.00,451.61,0.87,-1,-1,-1
22,10,515.60,143.56,85.50,260.20,0.86,-1,-1,-1
22,15,816.92,98.28,195.92,602.39,0.88,-1,-1,-1
22,9,440.83,124.40,87.70,261.97,0.68,-1,-1,-1
22,3,386.06,108.53,123.33,303.31,0.77,-1,-1,-1
23,1,127.20,168.20,174.29,239.77,0.81,-1,-1,-1
23,2,49.45,172.96,70.61,149.31,0.90,-1,-1,-1
23,5,281.73,156.70,64.70,170.89,0.65,-1,-1,-1
23,7,102.38,175.53,119.31,230.49,0.88,-1,-1,-1
23,8,4.73,180.02,61.98,142.30,0.92,-1,-1,-1
23,11,184.62,160.74,57.57,188.55,0.76,-1,-1,-1
23,12,547.91,-57.24,379.01,1131.93,0.87,-1,-1,-1
23,14,115.59,144.97,65.39,196.35,0.89,-1,-1,-1
23,17,144.54,37.89,436.41,1173.67,0.74,-1,-1,-1
23,6,563.47,20.28,266.57,790.23,0.14,-1,-1,-1
23,18,980.14,110.14,152.70,465.70,0.84,-1,-1,-1
23,10,518.83,142.66,87.07,267.96,0.87,-1,-1,-1
23,15,835.53,101.35,191.23,605.37,0.89,-1,-1,-1
23,9,441.89,122.36,91.94,275.12,0.72,-1,-1,-1
23,3,388.61,108.16,125.02,310.76,0.81,-1,-1,-1
24,1,132.98,167.10,173.61,240.18,0.80,-1,-1,-1
24,2,50.56,172.10,70.78,149.91,0.91,-1,-1,-1
24,5,274.15,137.99,77.31,228.49,0.61,-1,-1,-1
24,7,104.94,173.63,121.86,233.13,0.87,-1,-1,-1
24,8,6.32,179.71,62.79,142.52,0.92,-1,-1,-1
24,11,188.04,160.29,56.84,190.51,0.78,-1,-1,-1
24,12,542.28,-72.27,380.70,1157.68,0.85,-1,-1,-1
24,14,115.24,144.97,64.59,197.22,0.88,-1,-1,-1
24,17,136.66,41.98,437.65,1163.52,0.76,-1,-1,-1
24,6,571.44,28.37,241.61,699.20,0.16,-1,-1,-1
24,18,987.21,111.08,157.64,467.76,0.86,-1,-1,-1
24,10,522.23,141.53,85.85,270.23,0.89,-1,-1,-1
24,15,845.88,93.79,194.02,621.21,0.90,-1,-1,-1
24,9,446.37,121.10,93.12,280.81,0.81,-1,-1,-1
24,3,395.45,107.99,121.90,309.91,0.84,-1,-1,-1
25,1,138.27,162.49,172.60,242.41,0.83,-1,-1,-1
25,2,53.74,166.91,70.23,149.54,0.92,-1,-1,-1
25,7,108.69,168.88,117.94,233.49,0.86,-1,-1,-1
25,8,10.14,175.04,61.26,142.80,0.92,-1,-1,-1
25,11,193.10,155.76,56.90,187.96,0.81,-1,-1,-1
25,12,539.39,-61.07,377.81,1135.06,0.86,-1,-1,-1
25,14,117.32,140.31,63.32,198.13,0.87,-1,-1,-1
25,17,134.05,38.33,428.30,1156.49,0.78,-1,-1,-1
25,18,999.08,113.14,157.37,467.34,0.84,-1,-1,-1
25,10,525.57,137.99,86.49,275.22,0.85,-1,-1,-1
25,15,858.06,95.50,193.42,621.18,0.88,-1,-1,-1
25,9,449.15,117.63,94.45,285.06,0.79,-1,-1,-1
25,3,400.28,104.33,122.78,316.49,0.84,-1,-1,-1
26,1,141.92,160.22,168.29,241.19,0.81,-1,-1,-1
26,2,54.86,165.77,69.59,148.63,0.92,-1,-1,-1
26,7,109.44,168.98,115.60,234.62,0.84,-1,-1,-1
26,8,11.62,173.51,60.76,143.35,0.92,-1,-1,-1
26,11,194.43,153.17,56.54,187.85,0.79,-1,-1,-1
26,12,532.44,-45.93,381.09,1120.24,0.86,-1,-1,-1
26,14,117.16,137.81,63.91,200.89,0.88,-1,-1,-1
26,17,125.41,32.50,429.19,1139.50,0.79,-1,-1,-1
26,18,1010.23,112.85,160.07,470.93,0.85,-1,-1,-1
26,10,529.56,136.53,81.52,272.33,0.85,-1,-1,-1
26,15,856.82,95.77,206.61,625.36,0.85,-1,-1,-1
26,9,453.02,116.28,94.71,291.95,0.76,-1,-1,-1
26,3,405.62,102.68,120.95,324.13,0.87,-1,-1,-1
27,1,142.64,159.13,165.92,237.62,0.80,-1,-1,-1
27,2,56.30,164.45,68.46,148.45,0.92,-1,-1,-1
27,7,108.83,168.90,107.52,225.12,0.79,-1,-1,-1
27,8,13.46,172.22,60.62,143.65,0.92,-1,-1,-1
27,11,195.62,150.91,56.96,187.20,0.79,-1,-1,-1
27,12,525.34,-37.94,384.68,1111.59,0.89,-1,-1,-1
27,14,116.82,134.84,64.24,202.94,0.86,-1,-1,-1
27,17,118.08,30.36,428.31,1132.73,0.78,-1,-1,-1
27,18,1020.40,112.47,164.22,477.78,0.79,-1,-1,-1
27,10,532.47,135.71,77.50,265.55,0.82,-1,-1,-1
27,15,842.81,99.10,228.72,626.76,0.85,-1,-1,-1
27,9,455.12,113.79,98.10,301.72,0.77,-1,-1,-1
27,3,408.93,100.66,124.11,331.23,0.88,-1,-1,-1
28,1,139.63,159.76,166.88,235.98,0.81,-1,-1,-1
28,2,56.63,166.25,68.01,149.45,0.91,-1,-1,-1
28,7,108.24,173.10,105.64,219.20,0.77,-1,-1,-1
28,8,13.38,174.77,61.12,143.94,0.92,-1,-1,-1
28,11,195.77,152.32,56.89,185.29,0.81,-1,-1,-1
28,12,515.58,-36.57,392.68,1123.90,0.86,-1,-1,-1
28,14,114.69,134.66,64.88,205.80,0.87,-1,-1,-1
28,17,106.06,28.54,432.33,1137.53,0.74,-1,-1,-1
28,18,1021.90,113.40,175.53,480.20,0.75,-1,-1,-1
28,10,534.93,135.59,75.68,259.27,0.77,-1,-1,-1
28,15,825.85,95.61,263.22,636.61,0.90,-1,-1,-1
28,9,457.49,115.70,95.54,302.76,0.83,-1,-1,-1
28,3,411.18,101.08,124.62,334.91,0.89,-1,-1,-1
29,2,57.11,167.29,67.25,149.79,0.91,-1,-1,-1
29,7,112.27,175.24,100.99,207.95,0.75,-1,-1,-1
29,8,13.20,177.40,62.00,142.91,0.92,-1,-1,-1
29,11,197.00,153.75,54.40,176.06,0.78,-1,-1,-1
29,12,505.23,-35.99,402.33,1124.35,0.86,-1,-1,-1
29,14,112.67,134.86,64.76,196.14,0.85,-1,-1,-1
29,17,98.18,28.94,434.44,1138.24,0.77,-1,-1,-1
29,18,1034.32,111.66,175.71,483.68,0.83,-1,-1,-1
29,10,535.39,135.91,76.97,248.67,0.36,-1,-1,-1
29,15,828.33,99.26,270.93,637.46,0.87,-1,-1,-1
29,9,458.97,117.48,88.44,287.52,0.66,-1,-1,-1
29,3,412.40,100.79,125.60,340.51,0.88,-1,-1,-1
29,13,219.19,164.28,82.13,213.02,0.68,-1,-1,-1
30,7,107.06,138.78,73.52,197.97,0.85,-1,-1,-1
30,8,8.40,168.63,61.70,143.32,0.92,-1,-1,-1
30,12,486.35,-46.35,410.70,1145.45,0.85,-1,-1,-1
30,17,87.01,0.29,427.57,1213.76,0.67,-1,-1,-1
30,18,1032.38,110.46,183.86,493.15,0.81,-1,-1,-1
30,10,531.72,130.39,80.73,249.33,0.15,-1,-1,-1
30,15,829.60,93.71,287.35,646.31,0.89,-1,-1,-1
30,9,463.78,111.63,78.19,278.71,0.64,-1,-1,-1
30,3,411.65,93.97,124.34,335.67,0.88,-1,-1,-1
30,13,199.42,148.98,65.10,188.59,0.78,-1,-1,-1
30,4,60.18,166.08,64.96,150.42,0.91,-1,-1,-1
30,6,635.48,32.92,245.67,789.95,0.65,-1,-1,-1
30,1,108.50,167.44,125.78,226.95,0.82,-1,-1,-1
31,7,110.61,131.14,67.24,197.55,0.82,-1,-1,-1
31,8,15.21,172.62,61.92,142.04,0.91,-1,-1,-1
31,12,475.53,-50.29,431.34,1157.61,0.84,-1,-1,-1
31,17,90.31,-9.71,434.22,1237.68,0.70,-1,-1,-1
31,18,1045.29,110.53,182.48,492.92,0.81,-1,-1,-1
31,15,838.36,90.98,291.44,650.18,0.85,-1,-1,-1
31,9,468.46,111.79,81.86,272.36,0.65,-1,-1,-1
31,3,419.50,96.33,122.75,328.01,0.82,-1,-1,-1
31,13,200.74,149.48,58.53,174.56,0.78,-1,-1,-1
31,4,60.22,163.43,66.02,151.69,0.90,-1,-1,-1
31,6,635.22,31.89,262.22,835.28,0.71,-1,-1,-1
31,1,112.00,171.90,103.22,221.03,0.73,-1,-1,-1
32,7,110.27,128.72,66.88,199.53,0.84,-1,-1,-1
32,8,18.29,174.55,62.38,141.51,0.91,-1,-1,-1
32,12,459.38,-47.18,451.80,1155.84,0.86,-1,-1,-1
32,17,94.78,-6.63,436.87,1240.18,0.71,-1,-1,-1
32,18,1046.58,108.96,193.88,501.83,0.80,-1,-1,-1
32,15,844.73,86.84,308.58,653.24,0.90,-1,-1,-1
32,9,473.18,112.75,84.32,293.79,0.55,-1,-1,-1
32,3,422.23,97.55,116.98,347.11,0.81,-1,-1,-1
32,13,204.25,150.48,54.13,166.58,0.76,-1,-1,-1
32,4,61.70,163.27,64.78,152.07,0.89,-1,-1,-1
32,6,649.40,40.42,272.80,856.26,0.80,-1,-1,-1
32,1,119.48,173.47,88.11,214.46,0.78,-1,-1,-1
33,7,108.73,127.78,66.88,199.74,0.83,-1,-1,-1
33,8,19.38,175.63,63.02,141.15,0.90,-1,-1,-1
33,12,445.23,-60.97,444.78,1161.81,0.83,-1,-1,-1
33,17,89.78,-8.45,450.19,1247.82,0.71,-1,-1,-1
33,18,1061.92,109.61,192.21,506.20,0.82,-1,-1,-1
33,15,858.10,90.33,310.12,658.38,0.84,-1,-1,-1
33,9,479.04,112.70,88.26,302.15,0.46,-1,-1,-1
33,3,427.19,98.27,115.25,349.14,0.84,-1,-1,-1
33,13,205.62,151.79,52.76,161.86,0.79,-1,-1,-1
33,4,62.44,163.72,63.10,152.18,0.87,-1,-1,-1
33,6,654.16,44.68,293.30,882.01,0.84,-1,-1,-1
33,1,120.81,174.02,82.89,216.52,0.78,-1,-1,-1
34,7,106.63,128.01,67.73,199.30,0.82,-1,-1,-1
34,8,19.55,176.13,62.97,140.69,0.91,-1,-1,-1
34,12,428.86,-49.15,441.72,1151.40,0.81,-1,-1,-1
34,17,76.77,-7.55,460.30,1251.03,0.67,-1,-1,-1
34,18,1072.14,110.57,196.19,510.71,0.84,-1,-1,-1
34,15,867.74,92.29,323.17,657.61,0.88,-1,-1,-1
34,9,483.69,114.72,92.12,313.59,0.18,-1,-1,-1
34,3,429.69,98.94,114.05,352.94,0.82,-1,-1,-1
34,13,205.42,153.38,52.96,158.44,0.78,-1,-1,-1
34,4,63.33,164.28,61.73,151.44,0.87,-1,-1,-1
34,6,655.71,40.39,311.97,925.71,0.82,-1,-1,-1
34,1,109.10,174.38,99.97,219.72,0.80,-1,-1,-1
35,7,99.46,126.36,66.83,200.43,0.83,-1,-1,-1
35,8,12.62,174.38,62.97,140.57,0.91,-1,-1,-1
35,12,411.89,-54.07,440.53,1182.15,0.85,-1,-1,-1
35,17,60.99,2.00,463.76,1250.81,0.70,-1,-1,-1
35,18,1083.56,112.01,195.06,517.39,0.83,-1,-1,-1
35,15,920.76,86.81,287.49,684.60,0.85,-1,-1,-1
35,3,427.94,97.84,114.48,371.38,0.84,-1,-1,-1
35,13,200.28,153.61,49.43,145.63,0.51,-1,-1,-1
35,4,58.51,162.30,60.49,153.11,0.85,-1,-1,-1
35,6,672.36,43.85,310.43,943.11,0.82,-1,-1,-1
35,1,99.60,172.57,98.99,213.41,0.81,-1,-1,-1
36,7,97.08,127.00,68.62,204.21,0.83,-1,-1,-1
36,8,10.16,173.89,64.12,140.99,0.91,-1,-1,-1
36,12,391.66,-60.36,443.89,1193.43,0.81,-1,-1,-1
36,17,50.03,8.92,461.65,1238.38,0.72,-1,-1,-1
36,18,1088.97,111.70,200.71,523.09,0.72,-1,-1,-1
36,15,946.21,86.48,269.93,701.57,0.84,-1,-1,-1
36,3,429.27,97.67,111.98,378.45,0.84,-1,-1,-1
36,4,57.26,162.52,59.32,153.35,0.86,-1,-1,-1
36,6,689.99,43.64,313.03,938.13,0.81,-1,-1,-1
36,1,96.05,172.57,116.61,220.67,0.84,-1,-1,-1
36,19,302.17,152.66,74.70,185.74,0.75,-1,-1,-1
36,20,388.80,161.77,58.95,164.70,0.72,-1,-1,-1
37,7,94.78,128.82,69.69,206.95,0.84,-1,-1,-1
37,8,8.41,174.77,65.55,141.57,0.92,-1,-1,-1
37,12,370.18,-45.47,450.76,1185.94,0.81,-1,-1,-1
37,17,38.86,25.95,456.21,1218.05,0.70,-1,-1,-1
37,18,1090.09,109.73,197.56,528.30,0.63,-1,-1,-1
37,15,961.45,95.34,259.61,700.06,0.83,-1,-1,-1
37,3,425.13,98.11,118.34,382.63,0.85,-1,-1,-1
37,4,56.62,163.82,56.69,151.94,0.85,-1,-1,-1
37,6,699.79,41.65,326.63,952.32,0.80,-1,-1,-1
37,1,93.09,174.41,108.32,218.18,0.82,-1,-1,-1
37,19,297.94,152.28,76.32,182.47,0.82,-1,-1,-1
38,7,93.05,131.51,69.62,204.98,0.85,-1,-1,-1
38,8,7.92,176.26,66.36,142.43,0.91,-1,-1,-1
38,12,350.09,-39.52,455.24,1189.81,0.78,-1,-1,-1
38,17,29.98,30.65,450.67,1255.49,0.71,-1,-1,-1
38,18,1052.05,92.40,234.01,553.37,0.62,-1,-1,-1
38,15,978.05,99.45,259.08,710.10,0.84,-1,-1,-1
38,3,427.46,97.64,117.97,385.90,0.84,-1,-1,-1
38,4,57.62,166.19,55.20,149.48,0.85,-1,-1,-1
38,6,694.83,33.82,351.79,1005.93,0.81,-1,-1,-1
38,1,95.50,175.58,107.22,215.06,0.83,-1,-1,-1
38,19,295.08,155.35,77.51,180.37,0.83,-1,-1,-1
39,7,91.47,132.36,70.97,204.48,0.84,-1,-1,-1
39,8,8.22,175.86,66.84,144.27,0.90,-1,-1,-1
39,12,334.51,-29.28,459.41,1187.93,0.83,-1,-1,-1
39,17,16.26,45.94,444.75,1205.77,0.73,-1,-1,-1
39,18,1041.59,88.58,248.92,570.80,0.55,-1,-1,-1
39,15,995.32,94.46,253.05,724.71,0.81,-1,-1,-1
39,3,430.62,96.66,120.35,388.18,0.78,-1,-1,-1
39,4,59.14,166.51,53.44,148.78,0.85,-1,-1,-1
39,6,704.44,27.24,360.21,1031.56,0.79,-1,-1,-1
39,1,98.18,174.91,92.73,209.19,0.84,-1,-1,-1
39,19,297.70,155.45,76.19,182.49,0.83,-1,-1,-1
40,7,89.75,134.52,68.25,206.28,0.84,-1,-1,-1
40,8,8.69,177.41,66.75,142.95,0.90,-1,-1,-1
40,12,319.79,-25.35,460.98,1172.46,0.81,-1,-1,-1
40,17,-1.37,45.57,450.35,1214.60,0.73,-1,-1,-1
40,18,1052.26,79.52,239.74,581.90,0.45,-1,-1,-1
40,15,1006.50,103.04,254.23,723.58,0.81,-1,-1,-1
40,3,432.83,95.22,129.69,397.22,0.60,-1,-1,-1
40,4,59.89,167.61,54.31,148.59,0.85,-1,-1,-1
40,6,703.25,21.93,381.00,1058.63,0.77,-1,-1,-1
40,1,99.58,177.19,84.06,205.06,0.81,-1,-1,-1
40,19,300.53,157.00,75.21,180.53,0.83,-1,-1,-1
41,7,90.12,135.11,62.99,199.96,0.81,-1,-1,-1
41,8,10.78,177.00,66.26,142.50,0.88,-1,-1,-1
41,12,307.85,-28.73,460.11,1181.78,0.81,-1,-1,-1
41,17,-14.72,46.10,453.38,1212.11,0.72,-1,-1,-1
41,18,1062.27,76.69,229.74,587.85,0.41,-1,-1,-1
41,15,1018.28,91.90,255.06,745.45,0.81,-1,-1,-1
41,3,437.13,93.25,135.55,399.10,0.49,-1,-1,-1
41,4,62.50,167.27,52.67,146.10,0.81,-1,-1,-1
41,6,722.56,19.78,383.57,1074.81,0.81,-1,-1,-1
41,1,102.78,177.91,74.83,193.79,0.70,-1,-1,-1
41,19,304.21,155.98,73.03,180.62,0.83,-1,-1,-1
42,7,89.09,134.80,63.40,205.08,0.76,-1,-1,-1
42,8,12.70,176.38,65.49,144.85,0.87,-1,-1,-1
42,12,297.50,-26.75,456.44,1169.45,0.82,-1,-1,-1
42,17,-29.90,41.83,453.20,1190.71,0.74,-1,-1,-1
42,18,1066.25,73.36,211.57,589.29,0.16,-1,-1,-1
42,15,1027.38,82.92,256.90,772.10,0.82,-1,-1,-1
42,4,63.39,167.17,53.08,147.92,0.72,-1,-1,-1
42,6,737.92,5.39,386.02,1126.50,0.82,-1,-1,-1
42,1,103.81,168.75,85.16,217.15,0.16,-1,-1,-1
42,19,304.81,156.55,74.85,182.34,0.82,-1,-1,-1
42,21,232.20,163.35,95.40,229.05,0.81,-1,-1,-1
43,7,87.25,134.15,63.62,214.05,0.64,-1,-1,-1
43,8,13.07,176.81,65.66,146.01,0.87,-1,-1,-1
43,12,288.11,-25.87,452.92,1159.93,0.83,-1,-1,-1
43,17,-35.24,39.88,446.79,1170.23,0.74,-1,-1,-1
43,18,1076.69,72.29,169.59,507.40,0.67,-1,-1,-1
43,15,1037.22,73.27,254.34,795.68,0.83,-1,-1,-1
43,4,64.50,166.80,54.89,153.61,0.55,-1,-1,-1
43,6,745.24,1.16,396.61,1166.47,0.75,-1,-1,-1
43,19,302.68,154.81,76.46,186.13,0.79,-1,-1,-1
43,21,228.01,163.71,97.04,222.87,0.78,-1,-1,-1
44,7,85.48,134.76,60.61,201.71,0.51,-1,-1,-1
44,8,14.42,175.09,63.89,144.17,0.89,-1,-1,-1
44,12,279.41,-36.01,448.43,1159.67,0.85,-1,-1,-1
44,17,-41.15,45.95,440.99,1147.97,0.76,-1,-1,-1
44,18,1088.63,75.18,144.10,441.17,0.65,-1,-1,-1
44,15,1036.77,68.34,265.61,857.35,0.75,-1,-1,-1
44,4,66.70,164.93,50.97,149.41,0.44,-1,-1,-1
44,6,759.21,0.53,396.51,1192.42,0.72,-1,-1,-1
44,19,302.55,153.93,75.84,189.45,0.78,-1,-1,-1
44,21,226.08,163.39,98.14,225.90,0.77,-1,-1,-1
45,8,12.85,176.45,65.35,143.71,0.85,-1,-1,-1
45,12,276.75,-34.56,445.51,1154.38,0.86,-1,-1,-1
45,17,-45.56,34.83,438.34,1137.52,0.75,-1,-1,-1
45,18,1098.19,70.16,147.70,432.11,0.41,-1,-1,-1
45,15,1055.50,63.33,269.46,874.98,0.80,-1,-1,-1
45,4,74.68,146.62,57.80,179.10,0.20,-1,-1,-1
45,6,774.77,-6.83,409.21,1209.20,0.75,-1,-1,-1
45,19,301.11,153.57,75.00,192.32,0.73,-1,-1,-1
45,21,225.72,163.87,100.24,231.27,0.75,-1,-1,-1
45,22,201.37,153.90,55.80,169.65,0.74,-1,-1,-1
46,8,11.58,177.39,59.84,139.43,0.79,-1,-1,-1
46,12,272.84,-29.41,437.79,1146.10,0.83,-1,-1,-1
46,17,-51.53,33.48,434.41,1118.48,0.77,-1,-1,-1
46,18,1105.51,70.58,142.67,416.76,0.72,-1,-1,-1
46,15,1070.40,60.84,270.92,886.02,0.76,-1,-1,-1
46,6,787.41,-11.82,422.04,1229.79,0.64,-1,-1,-1
46,19,304.88,153.33,64.90,185.54,0.74,-1,-1,-1
46,21,225.58,164.71,99.15,236.81,0.79,-1,-1,-1
46,22,196.84,154.62,59.10,167.64,0.78,-1,-1,-1
46,23,560.70,133.54,103.50,299.36,0.80,-1,-1,-1
46,24,807.30,182.47,19.80,62.32,0.77,-1,-1,-1
47,8,9.00,177.52,57.97,143.15,0.79,-1,-1,-1
47,12,274.12,-30.10,425.57,1141.42,0.84,-1,-1,-1
47,17,-63.93,21.03,432.34,1100.63,0.75,-1,-1,-1
47,18,1112.11,70.78,141.26,410.50,0.76,-1,-1,-1
47,15,1085.07,45.28,276.51,927.49,0.70,-1,-1,-1
47,6,796.03,-21.09,436.36,1275.39,0.71,-1,-1,-1
47,19,296.70,153.05,65.24,188.89,0.66,-1,-1,-1
47,21,222.66,165.01,99.21,236.45,0.81,-1,-1,-1
47,22,193.33,155.50,61.17,167.38,0.80,-1,-1,-1
47,23,560.58,132.94,104.43,319.06,0.82,-1,-1,-1
47,24,806.48,182.18,21.28,68.45,0.81,-1,-1,-1
48,8,6.51,177.91,54.39,140.24,0.75,-1,-1,-1
48,12,269.31,-40.49,420.32,1154.67,0.86,-1,-1,-1
48,17,-63.47,4.35,419.47,1112.08,0.74,-1,-1,-1
48,18,1117.75,53.17,148.43,454.29,0.62,-1,-1,-1
48,15,1097.17,37.06,275.12,968.31,0.65,-1,-1,-1
48,6,797.53,-26.22,457.10,1303.08,0.64,-1,-1,-1
48,19,292.58,154.09,64.46,187.04,0.58,-1,-1,-1
48,21,220.53,164.69,95.76,230.47,0.79,-1,-1,-1
48,22,191.19,156.19,61.86,168.54,0.81,-1,-1,-1
48,23,559.54,132.93,105.37,316.16,0.87,-1,-1,-1
48,24,806.77,182.02,20.90,69.37,0.81,-1,-1,-1
49,8,3.14,178.07,54.89,141.07,0.65,-1,-1,-1
49,12,262.25,-39.14,417.18,1146.52,0.87,-1,-1,-1
49,17,-66.71,4.63,411.96,1110.85,0.78,-1,-1,-1
49,18,1121.96,51.98,153.69,467.30,0.61,-1,-1,-1
49,15,1122.43,33.84,264.31,955.18,0.51,-1,-1,-1
49,6,798.70,-30.51,481.85,1354.15,0.60,-1,-1,-1
49,21,216.58,164.33,86.63,222.39,0.76,-1,-1,-1
49,22,187.75,157.05,63.40,166.20,0.74,-1,-1,-1
49,23,556.65,132.62,108.47,312.13,0.86,-1,-1,-1
49,24,806.63,181.96,20.76,68.80,0.80,-1,-1,-1
50,8,0.86,177.07,51.80,135.91,0.56,-1,-1,-1
50,12,255.65,-45.46,411.17,1150.57,0.87,-1,-1,-1
50,17,-68.12,18.67,406.48,1108.52,0.75,-1,-1,-1
50,18,1126.56,57.34,156.73,459.37,0.71,-1,-1,-1
50,15,1152.87,77.74,224.31,798.28,0.53,-1,-1,-1
50,6,807.33,-20.75,500.97,1391.63,0.73,-1,-1,-1
50,21,206.80,162.73,91.66,232.25,0.68,-1,-1,-1
50,22,187.69,157.54,60.03,167.61,0.69,-1,-1,-1
50,23,555.51,132.91,109.94,313.48,0.84,-1,-1,-1
50,24,805.80,181.84,21.38,70.23,0.82,-1,-1,-1
51,8,-3.92,176.27,54.70,142.62,0.26,-1,-1,-1
51,12,244.48,-48.42,407.26,1132.25,0.83,-1,-1,-1
51,17,-78.34,23.97,401.03,1124.79,0.67,-1,-1,-1
51,18,1131.03,52.50,155.64,461.24,0.67,-1,-1,-1
51,15,1175.83,106.38,190.88,665.09,0.35,-1,-1,-1
51,6,818.29,-23.78,500.64,1436.04,0.72,-1,-1,-1
51,21,177.17,162.31,113.52,233.28,0.75,-1,-1,-1
51,22,186.85,157.28,59.19,173.60,0.62,-1,-1,-1
51,23,553.43,133.03,113.02,324.42,0.84,-1,-1,-1
51,24,804.81,181.66,22.88,71.85,0.79,-1,-1,-1
51,9,441.45,90.10,135.50,420.12,0.61,-1,-1,-1
52,12,231.77,-50.48,403.82,1142.58,0.84,-1,-1,-1
52,17,-84.05,35.73,383.73,1098.74,0.74,-1,-1,-1
52,18,1135.87,58.87,157.53,436.88,0.50,-1,-1,-1
52,6,825.09,-28.73,515.82,1456.03,0.69,-1,-1,-1
52,21,166.27,162.70,115.97,233.97,0.61,-1,-1,-1
52,22,184.43,158.97,59.43,174.09,0.63,-1,-1,-1
52,23,555.36,132.21,111.48,333.74,0.85,-1,-1,-1
52,24,803.23,181.70,25.86,72.39,0.79,-1,-1,-1
52,9,443.95,89.82,131.60,406.41,0.70,-1,-1,-1
53,12,214.31,-58.20,403.00,1140.90,0.84,-1,-1,-1
53,17,-91.99,42.39,379.59,1092.39,0.70,-1,-1,-1
53,18,1143.42,60.90,152.10,384.67,0.15,-1,-1,-1
53,6,829.75,-38.08,524.48,1469.13,0.64,-1,-1,-1
53,21,182.66,164.14,90.22,214.29,0.36,-1,-1,-1
53,22,183.82,160.25,56.83,169.26,0.55,-1,-1,-1
53,23,564.00,132.34,103.22,331.35,0.89,-1,-1,-1
53,24,802.91,181.60,31.03,72.40,0.76,-1,-1,-1
53,9,440.36,89.59,167.45,401.48,0.72,-1,-1,-1
54,12,200.74,-58.03,403.92,1135.90,0.84,-1,-1,-1
54,17,-108.66,47.89,373.82,1106.12,0.66,-1,-1,-1
54,6,839.87,-66.32,538.42,1503.51,0.37,-1,-1,-1
54,21,193.64,166.55,72.40,197.28,0.15,-1,-1,-1
54,22,184.44,160.72,51.81,164.25,0.63,-1,-1,-1
54,23,567.27,132.62,99.36,327.31,0.89,-1,-1,-1
54,24,802.17,181.20,35.25,72.72,0.76,-1,-1,-1
54,9,441.55,90.00,181.16,396.96,0.84,-1,-1,-1
55,12,183.71,-66.70,409.25,1190.79,0.80,-1,-1,-1
55,17,-122.68,46.83,373.65,1124.37,0.65,-1,-1,-1
55,6,860.36,-54.93,547.22,1516.27,0.46,-1,-1,-1
55,22,180.22,160.66,53.87,160.36,0.66,-1,-1,-1
55,23,568.02,132.58,98.77,336.51,0.87,-1,-1,-1
55,24,801.38,181.24,34.81,72.73,0.76,-1,-1,-1
55,9,438.97,90.20,191.33,392.78,0.88,-1,-1,-1
55,25,91.12,171.90,108.45,243.00,0.76,-1,-1,-1
56,12,165.80,-65.71,415.45,1197.67,0.80,-1,-1,-1
56,17,-135.42,53.55,368.92,1117.88,0.63,-1,-1,-1
56,6,871.91,-59.59,558.58,1522.68,0.37,-1,-1,-1
56,22,178.03,161.12,52.81,156.10,0.52,-1,-1,-1
56,23,552.11,132.11,115.41,338.97,0.82,-1,-1,-1
56,24,800.14,181.01,30.46,73.31,0.80,-1,-1,-1
56,9,434.81,90.44,197.08,393.92,0.87,-1,-1,-1
56,25,88.62,171.68,105.12,244.29,0.77,-1,-1,-1
57,12,152.04,-64.90,419.58,1199.99,0.79,-1,-1,-1
57,17,-149.96,31.47,372.10,1173.22,0.57,-1,-1,-1
57,6,897.60,-70.13,577.18,1555.05,0.36,-1,-1,-1
57,22,175.94,160.11,53.04,156.20,0.49,-1,-1,-1
57,23,562.03,132.45,105.57,340.57,0.90,-1,-1,-1
57,24,799.18,181.11,29.70,73.88,0.81,-1,-1,-1
57,9,432.89,89.30,199.47,407.36,0.88,-1,-1,-1
57,25,85.18,171.92,98.88,245.97,0.79,-1,-1,-1
58,12,139.84,-50.74,434.24,1205.41,0.78,-1,-1,-1
58,17,-152.41,37.61,365.01,1156.43,0.61,-1,-1,-1
58,6,914.92,-36.03,565.88,1487.52,0.43,-1,-1,-1
58,22,171.91,159.40,52.64,151.74,0.46,-1,-1,-1
58,23,565.42,132.48,102.00,339.97,0.90,-1,-1,-1
58,24,798.37,181.13,31.87,74.75,0.83,-1,-1,-1
58,9,424.77,88.89,208.18,417.99,0.87,-1,-1,-1
58,25,80.28,171.95,97.35,246.24,0.72,-1,-1,-1
59,12,130.19,-46.82,442.52,1209.01,0.76,-1,-1,-1
59,17,-148.31,42.83,354.22,1139.20,0.63,-1,-1,-1
59,6,939.92,-15.16,525.00,1472.60,0.37,-1,-1,-1
59,22,170.46,158.38,52.90,155.90,0.54,-1,-1,-1
59,23,567.41,133.12,101.14,338.83,0.91,-1,-1,-1
59,24,796.86,181.28,33.77,74.24,0.82,-1,-1,-1
59,9,422.49,87.56,211.74,431.20,0.88,-1,-1,-1
59,25,79.31,172.22,96.91,245.37,0.75,-1,-1,-1
60,12,123.42,-36.39,428.12,1199.45,0.80,-1,-1,-1
60,17,-140.95,43.91,342.76,1123.06,0.63,-1,-1,-1
60,6,966.31,-15.59,511.02,1454.29,0.30,-1,-1,-1
60,22,167.56,157.95,53.03,151.04,0.64,-1,-1,-1
60,23,567.65,133.00,100.89,337.51,0.91,-1,-1,-1
60,24,795.89,181.24,34.51,74.40,0.84,-1,-1,-1
60,9,418.62,87.11,217.47,440.26,0.88,-1,-1,-1
60,25,78.45,173.76,92.75,239.65,0.72,-1,-1,-1
61,12,115.46,-28.18,419.16,1178.85,0.80,-1,-1,-1
61,17,-145.59,46.19,332.84,1100.38,0.65,-1,-1,-1
61,6,1007.11,79.11,442.40,1320.42,0.30,-1,-1,-1
61,22,164.85,157.21,52.31,151.48,0.60,-1,-1,-1
61,23,567.83,133.38,101.34,336.48,0.91,-1,-1,-1
61,24,795.36,181.19,35.31,74.75,0.83,-1,-1,-1
61,9,421.94,85.86,212.71,446.07,0.91,-1,-1,-1
61,25,77.12,173.76,89.28,244.82,0.74,-1,-1,-1
62,12,108.33,-22.77,414.37,1161.46,0.81,-1,-1,-1
62,17,-147.07,46.41,333.08,1093.51,0.66,-1,-1,-1
62,22,162.32,157.16,53.29,154.22,0.58,-1,-1,-1
62,23,568.16,133.65,102.14,338.90,0.91,-1,-1,-1
62,24,795.18,181.15,35.01,74.26,0.83,-1,-1,-1
62,9,423.53,85.44,210.50,451.90,0.92,-1,-1,-1
62,25,75.89,174.83,82.72,230.84,0.72,-1,-1,-1
62,18,1187.07,66.22,157.05,469.77,0.66,-1,-1,-1
63,12,100.78,-26.66,411.97,1173.23,0.80,-1,-1,-1
63,17,-143.84,48.49,332.41,1090.45,0.68,-1,-1,-1
63,22,159.95,157.37,54.98,154.84,0.58,-1,-1,-1
63,23,568.32,134.05,104.52,340.35,0.91,-1,-1,-1
63,24,795.23,181.26,34.90,73.94,0.84,-1,-1,-1
63,9,425.19,85.69,208.27,455.58,0.92,-1,-1,-1
63,25,71.24,176.80,83.59,226.33,0.59,-1,-1,-1
63,18,1192.13,61.58,158.83,476.85,0.65,-1,-1,-1
64,12,93.52,-25.82,409.27,1142.82,0.83,-1,-1,-1
64,17,-135.15,65.88,316.93,1043.21,0.62,-1,-1,-1
64,22,156.97,156.97,55.06,156.90,0.36,-1,-1,-1
64,23,569.02,133.87,104.54,341.74,0.92,-1,-1,-1
64,24,794.47,180.66,35.94,75.15,0.83,-1,-1,-1
64,9,426.01,83.84,208.44,460.87,0.93,-1,-1,-1
64,25,65.82,176.94,83.95,225.29,0.56,-1,-1,-1
64,18,1198.87,58.51,156.70,474.92,0.62,-1,-1,-1
65,12,84.68,-24.96,410.19,1133.87,0.86,-1,-1,-1
65,17,-140.87,76.99,319.25,983.95,0.55,-1,-1,-1
65,23,570.21,133.16,104.59,344.40,0.92,-1,-1,-1
65,24,795.17,180.60,34.58,75.42,0.81,-1,-1,-1
65,9,427.52,82.60,208.44,463.90,0.93,-1,-1,-1
65,25,60.55,176.83,83.93,235.77,0.45,-1,-1,-1
65,18,1204.90,57.78,160.75,493.72,0.65,-1,-1,-1
66,12,80.59,-27.59,409.86,1126.10,0.87,-1,-1,-1
66,17,-148.60,70.04,335.02,1009.38,0.62,-1,-1,-1
66,23,571.33,132.69,105.72,347.04,0.92,-1,-1,-1
66,24,794.48,180.50,35.16,75.67,0.83,-1,-1,-1
66,9,429.29,81.94,209.39,467.48,0.94,-1,-1,-1
66,25,57.38,175.27,81.77,229.72,0.33,-1,-1,-1
66,18,1212.83,59.26,153.78,471.95,0.61,-1,-1,-1
67,12,75.73,-34.51,416.31,1142.98,0.87,-1,-1,-1
67,17,-149.80,63.46,339.55,1036.12,0.62,-1,-1,-1
67,23,572.39,133.11,106.59,347.13,0.92,-1,-1,-1
67,24,794.09,180.45,34.14,75.44,0.75,-1,-1,-1
67,9,429.85,81.23,211.74,470.60,0.93,-1,-1,-1
67,25,56.06,175.20,76.22,218.36,0.26,-1,-1,-1
67,18,1218.35,57.16,158.06,457.96,0.15,-1,-1,-1
68,12,69.90,-41.60,425.50,1148.26,0.87,-1,-1,-1
68,17,-158.70,61.03,342.41,1032.26,0.56,-1,-1,-1
68,23,573.43,133.15,110.22,349.21,0.93,-1,-1,-1
68,24,793.81,180.34,34.40,75.75,0.80,-1,-1,-1
68,9,430.43,80.19,210.16,474.73,0.93,-1,-1,-1
68,25,53.11,175.08,80.47,232.09,0.26,-1,-1,-1
68,18,1226.63,57.63,158.85,444.25,0.13,-1,-1,-1
69,12,66.45,-39.91,434.23,1129.43,0.87,-1,-1,-1
69,17,-163.21,70.14,350.80,1028.98,0.65,-1,-1,-1
69,23,574.98,133.73,112.51,350.94,0.94,-1,-1,-1
69,24,793.01,181.00,34.53,75.70,0.80,-1,-1,-1
69,9,432.04,80.80,208.54,477.19,0.93,-1,-1,-1
70,12,61.63,-42.33,440.85,1124.91,0.86,-1,-1,-1
70,17,-169.11,70.03,348.25,1062.30,0.66,-1,-1,-1
70,23,576.30,132.84,110.08,352.78,0.94,-1,-1,-1
70,24,793.29,180.62,33.18,74.29,0.78,-1,-1,-1
70,9,432.77,78.89,209.61,481.55,0.92,-1,-1,-1
71,12,57.32,-42.40,448.95,1119.71,0.86,-1,-1,-1
71,17,-184.00,61.07,362.65,1065.46,0.64,-1,-1,-1
71,23,577.79,132.60,112.69,355.06,0.93,-1,-1,-1
71,24,794.04,180.68,31.42,72.64,0.79,-1,-1,-1
71,9,433.22,77.58,215.21,486.49,0.92,-1,-1,-1
72,12,53.92,-43.34,457.54,1124.02,0.86,-1,-1,-1
72,17,-190.78,70.23,375.92,1069.92,0.67,-1,-1,-1
72,23,580.14,133.27,113.04,357.02,0.93,-1,-1,-1
72,24,794.63,181.11,29.05,71.05,0.80,-1,-1,-1
72,9,434.39,77.42,214.01,490.22,0.93,-1,-1,-1
73,12,54.14,-35.58,460.45,1125.63,0.88,-1,-1,-1
73,17,-181.52,91.37,358.77,1033.03,0.64,-1,-1,-1
73,23,582.13,132.70,112.69,360.47,0.93,-1,-1,-1
73,24,794.49,181.31,28.21,72.74,0.80,-1,-1,-1
73,9,434.44,77.59,214.77,492.97,0.93,-1,-1,-1
74,12,54.57,-29.67,462.94,1130.62,0.87,-1,-1,-1
74,17,-177.00,111.27,359.47,1007.77,0.68,-1,-1,-1
74,23,584.18,131.94,114.74,364.15,0.93,-1,-1,-1
74,24,795.11,181.48,27.90,71.04,0.76,-1,-1,-1
74,9,435.91,76.96,212.46,498.25,0.93,-1,-1,-1
75,12,61.88,-28.76,460.68,1145.05,0.86,-1,-1,-1
75,17,-171.98,129.63,335.75,985.78,0.59,-1,-1,-1
75,23,585.95,134.39,116.04,364.71,0.92,-1,-1,-1
75,24,794.15,182.75,29.11,70.58,0.64,-1,-1,-1
75,9,437.57,78.64,210.98,500.79,0.93,-1,-1,-1
75,25,42.80,178.06,78.83,240.78,0.72,-1,-1,-1
76,12,71.52,-5.60,453.02,1121.42,0.85,-1,-1,-1
76,17,-173.29,139.74,340.72,969.56,0.61,-1,-1,-1
76,23,588.57,135.01,115.93,366.64,0.92,-1,-1,-1
76,24,793.56,183.64,29.55,70.71,0.63,-1,-1,-1
76,9,440.58,78.94,208.54,504.03,0.94,-1,-1,-1
76,25,40.24,180.00,81.51,251.07,0.76,-1,-1,-1
76,7,358.56,165.44,53.26,159.06,0.61,-1,-1,-1
77,12,82.07,2.99,445.71,1117.45,0.85,-1,-1,-1
77,17,-169.07,145.73,333.94,979.92,0.62,-1,-1,-1
77,23,591.74,133.69,115.08,369.24,0.90,-1,-1,-1
77,9,442.58,79.31,204.86,506.61,0.93,-1,-1,-1
77,25,39.85,181.73,89.12,258.27,0.79,-1,-1,-1
77,7,358.54,166.90,55.01,150.82,0.58,-1,-1,-1
78,12,88.67,10.86,437.45,1100.73,0.86,-1,-1,-1
78,17,-168.78,152.29,320.08,943.82,0.62,-1,-1,-1
78,23,591.61,133.57,114.07,370.92,0.90,-1,-1,-1
78,9,442.55,79.58,202.18,508.03,0.92,-1,-1,-1
78,25,36.37,182.01,93.77,262.73,0.81,-1,-1,-1
78,7,356.21,166.62,56.97,158.33,0.64,-1,-1,-1
79,12,91.02,7.67,432.70,1095.27,0.88,-1,-1,-1
79,17,-173.08,143.03,315.92,947.18,0.62,-1,-1,-1
79,23,590.16,133.70,115.45,374.11,0.89,-1,-1,-1
79,9,437.82,79.41,202.98,511.73,0.92,-1,-1,-1
79,25,32.48,182.69,97.15,268.71,0.81,-1,-1,-1
79,7,353.34,165.91,57.08,165.16,0.64,-1,-1,-1
80,12,92.28,5.32,424.39,1085.60,0.88,-1,-1,-1
80,17,-174.26,134.21,313.47,966.44,0.53,-1,-1,-1
80,23,590.26,132.68,116.45,378.44,0.87,-1,-1,-1
80,9,439.49,78.95,199.15,516.74,0.92,-1,-1,-1
80,25,28.39,182.46,99.96,268.41,0.82,-1,-1,-1
80,7,348.05,164.92,58.89,163.34,0.55,-1,-1,-1
81,12,95.59,1.89,415.26,1076.39,0.89,-1,-1,-1
81,17,-181.54,126.43,317.60,972.43,0.57,-1,-1,-1
81,23,586.60,131.91,121.50,380.89,0.86,-1,-1,-1
81,9,442.07,79.73,194.44,519.75,0.93,-1,-1,-1
81,25,25.35,182.08,101.57,270.78,0.81,-1,-1,-1
81,7,346.80,164.65,58.03,169.04,0.62,-1,-1,-1
82,12,93.69,2.24,407.97,1063.27,0.90,-1,-1,-1
82,17,-182.35,127.66,314.09,966.17,0.59,-1,-1,-1
82,23,584.78,131.04,123.47,384.80,0.87,-1,-1,-1
82,9,442.56,79.00,190.26,524.73,0.93,-1,-1,-1
82,25,19.14,180.75,105.88,267.20,0.83,-1,-1,-1
82,7,343.51,164.49,56.78,173.80,0.67,-1,-1,-1
82,21,96.39,164.87,57.42,177.72,0.70,-1,-1,-1
83,12,91.27,-6.31,401.22,1047.16,0.91,-1,-1,-1
83,17,-180.74,124.15,307.50,944.05,0.52,-1,-1,-1
83,23,585.42,130.63,123.88,386.87,0.88,-1,-1,-1
83,9,441.93,77.40,189.70,529.25,0.92,-1,-1,-1
83,25,14.83,180.14,103.94,261.82,0.83,-1,-1,-1
83,7,343.40,165.00,53.08,172.68,0.67,-1,-1,-1
83,21,90.24,165.46,58.67,183.06,0.70,-1,-1,-1
83,26,435.82,103.27,145.57,454.73,0.70,-1,-1,-1
84,12,87.58,-11.77,394.87,1024.87,0.91,-1,-1,-1
84,17,-179.73,128.84,299.50,918.43,0.55,-1,-1,-1
84,23,584.09,128.89,125.38,390.79,0.89,-1,-1,-1
84,9,442.80,74.94,186.79,536.15,0.93,-1,-1,-1
84,25,8.52,177.56,106.34,255.36,0.85,-1,-1,-1
84,7,340.44,163.65,52.20,178.07,0.69,-1,-1,-1
84,21,84.80,164.16,57.68,184.65,0.68,-1,-1,-1
84,27,416.47,182.25,31.50,94.72,0.71,-1,-1,-1
85,12,84.69,-17.36,388.52,1014.56,0.91,-1,-1,-1
85,17,-184.24,129.42,298.05,941.67,0.46,-1,-1,-1
85,23,587.97,127.24,122.53,394.22,0.90,-1,-1,-1
85,9,443.19,72.30,185.25,542.60,0.93,-1,-1,-1
85,25,2.20,176.96,108.92,254.09,0.85,-1,-1,-1
85,7,335.49,162.52,55.06,174.93,0.51,-1,-1,-1
85,21,78.82,165.10,58.35,183.14,0.72,-1,-1,-1
85,27,412.06,182.71,32.00,94.11,0.77,-1,-1,-1
86,12,86.51,-20.71,380.21,996.78,0.91,-1,-1,-1
86,17,-188.15,132.65,298.61,938.23,0.41,-1,-1,-1
86,23,592.17,125.70,122.46,398.14,0.91,-1,-1,-1
86,9,446.84,70.73,183.94,544.75,0.93,-1,-1,-1
86,25,1.53,176.80,117.24,252.48,0.86,-1,-1,-1
86,7,337.62,163.22,54.19,164.87,0.37,-1,-1,-1
86,21,78.73,165.64,58.62,181.59,0.72,-1,-1,-1
86,27,410.93,182.69,31.75,92.84,0.71,-1,-1,-1
87,12,89.05,-22.66,371.48,978.30,0.91,-1,-1,-1
87,17,-183.37,140.04,291.71,929.82,0.54,-1,-1,-1
87,23,595.21,124.29,123.44,401.99,0.90,-1,-1,-1
87,9,450.47,69.77,185.29,546.76,0.93,-1,-1,-1
87,25,-1.27,177.43,116.07,253.57,0.86,-1,-1,-1
87,7,340.13,164.99,51.57,151.92,0.29,-1,-1,-1
87,21,77.70,166.24,58.95,181.73,0.70,-1,-1,-1
87,27,408.40,182.89,31.31,93.31,0.75,-1,-1,-1
88,12,90.25,-29.73,362.93,968.64,0.91,-1,-1,-1
88,17,-182.36,141.03,290.01,925.27,0.55,-1,-1,-1
88,23,599.93,121.47,122.09,405.44,0.90,-1,-1,-1
88,9,454.40,65.29,185.83,553.35,0.92,-1,-1,-1
88,25,-5.86,175.18,114.41,257.82,0.85,-1,-1,-1
88,21,73.97,163.50,60.10,182.40,0.72,-1,-1,-1
88,27,405.20,182.44,32.09,94.66,0.81,-1,-1,-1
88,28,437.17,90.90,156.83,469.35,0.78,-1,-1,-1
89,12,90.93,-26.42,356.80,949.49,0.92,-1,-1,-1
89,17,-181.55,145.13,291.21,920.88,0.50,-1,-1,-1
89,23,602.60,121.35,123.66,407.47,0.91,-1,-1,-1
89,9,457.51,62.57,187.72,561.30,0.92,-1,-1,-1
89,25,-9.89,177.93,115.90,257.30,0.87,-1,-1,-1
89,21,70.05,164.49,63.96,184.83,0.73,-1,-1,-1
89,27,402.50,183.79,32.51,94.52,0.82,-1,-1,-1
89,28,436.70,92.30,163.32,471.51,0.80,-1,-1,-1
90,12,92.05,-31.31,349.78,956.93,0.91,-1,-1,-1
90,17,-167.10,149.44,276.22,862.10,0.63,-1,-1,-1
90,23,605.91,118.72,125.58,411.19,0.90,-1,-1,-1
90,9,460.21,57.40,191.46,573.97,0.92,-1,-1,-1
90,25,-17.66,175.78,122.54,265.97,0.77,-1,-1,-1
90,21,67.65,160.98,62.89,172.84,0.77,-1,-1,-1
90,27,399.86,183.31,33.70,94.04,0.82,-1,-1,-1
90,28,437.62,89.07,168.37,493.16,0.80,-1,-1,-1
91,12,92.18,-29.77,346.76,956.45,0.92,-1,-1,-1
91,17,-168.31,144.36,279.08,843.36,0.53,-1,-1,-1
91,23,609.22,118.30,124.21,412.96,0.90,-1,-1,-1
91,9,463.03,54.80,191.48,579.49,0.92,-1,-1,-1
91,25,-19.97,176.06,115.41,256.05,0.79,-1,-1,-1
91,21,65.54,160.83,63.67,178.19,0.79,-1,-1,-1
91,27,397.15,184.00,34.47,93.44,0.77,-1,-1,-1
91,28,438.52,91.80,168.72,488.25,0.82,-1,-1,-1
92,12,86.96,-24.98,350.77,953.90,0.91,-1,-1,-1
92,17,-165.26,140.69,279.97,838.17,0.52,-1,-1,-1
92,23,611.51,118.91,127.69,414.55,0.90,-1,-1,-1
92,9,466.28,54.62,191.54,584.43,0.93,-1,-1,-1
92,25,-23.51,178.55,110.21,250.44,0.55,-1,-1,-1
92,21,62.42,161.53,63.39,179.05,0.75,-1,-1,-1
92,27,394.48,185.74,34.84,92.30,0.82,-1,-1,-1
92,28,439.19,92.30,168.87,475.04,0.84,-1,-1,-1
93,12,83.22,-19.15,352.31,946.73,0.91,-1,-1,-1
93,17,-159.76,139.39,274.06,834.22,0.56,-1,-1,-1
93,23,613.49,118.06,130.30,417.89,0.90,-1,-1,-1
93,9,468.44,52.44,192.09,591.10,0.93,-1,-1,-1
93,25,-29.95,177.95,109.64,261.99,0.41,-1,-1,-1
93,21,60.08,161.14,62.36,176.40,0.78,-1,-1,-1
93,27,392.41,186.52,33.62,90.96,0.81,-1,-1,-1
93,28,440.66,92.20,165.80,475.87,0.85,-1,-1,-1
94,12,78.92,-7.32,354.04,923.55,0.92,-1,-1,-1
94,17,-158.76,129.52,274.03,842.88,0.66,-1,-1,-1
94,23,614.18,117.28,132.91,422.69,0.90,-1,-1,-1
94,9,470.74,51.88,195.34,598.78,0.92,-1,-1,-1
94,21,58.29,160.75,60.83,176.14,0.75,-1,-1,-1
94,27,389.60,188.29,34.77,88.98,0.75,-1,-1,-1
94,28,442.08,90.90,172.02,485.54,0.85,-1,-1,-1
95,12,76.89,-4.16,355.50,928.03,0.93,-1,-1,-1
95,17,-160.44,125.38,277.35,854.65,0.61,-1,-1,-1
95,23,616.77,117.25,134.21,426.06,0.89,-1,-1,-1
95,9,473.06,50.93,199.39,602.76,0.93,-1,-1,-1
95,21,57.37,161.46,59.69,175.34,0.61,-1,-1,-1
95,27,387.32,189.70,33.15,89.38,0.60,-1,-1,-1
95,28,443.74,89.48,177.44,495.36,0.86,-1,-1,-1
96,12,74.57,-4.54,357.53,924.47,0.92,-1,-1,-1
96,17,-163.20,116.19,284.83,901.04,0.47,-1,-1,-1
96,23,620.06,115.71,132.68,429.85,0.88,-1,-1,-1
96,9,475.18,50.65,201.63,605.23,0.93,-1,-1,-1
96,21,55.81,161.86,57.04,166.60,0.58,-1,-1,-1
96,27,384.40,189.74,36.04,91.62,0.70,-1,-1,-1
96,28,446.22,88.84,172.65,486.18,0.85,-1,-1,-1
97,12,70.34,-3.45,363.32,928.41,0.92,-1,-1,-1
97,17,-166.50,108.47,293.05,908.00,0.57,-1,-1,-1
97,23,623.65,115.08,134.86,435.02,0.89,-1,-1,-1
97,9,477.30,49.27,203.05,616.93,0.93,-1,-1,-1
97,21,55.84,162.20,54.78,168.03,0.51,-1,-1,-1
97,27,380.63,189.78,33.91,92.35,0.63,-1,-1,-1
97,28,448.05,88.41,168.07,481.92,0.86,-1,-1,-1
98,12,67.85,-4.95,368.46,931.70,0.91,-1,-1,-1
98,17,-163.93,106.29,300.16,905.31,0.58,-1,-1,-1
98,23,628.03,113.64,137.71,439.80,0.89,-1,-1,-1
98,9,481.04,47.97,204.01,627.08,0.93,-1,-1,-1
98,21,54.00,161.63,55.77,168.42,0.53,-1,-1,-1
98,27,379.18,188.39,36.51,100.53,0.68,-1,-1,-1
98,28,452.08,88.54,166.40,484.17,0.85,-1,-1,-1
98,29,336.15,161.55,64.80,189.45,0.75,-1,-1,-1
99,12,65.93,-6.30,373.02,948.83,0.91,-1,-1,-1
99,17,-168.81,101.92,331.74,915.16,0.61,-1,-1,-1
99,23,632.61,113.61,137.56,444.21,0.88,-1,-1,-1
99,9,486.05,44.93,204.36,639.20,0.92,-1,-1,-1
99,21,51.93,162.39,57.28,170.34,0.42,-1,-1,-1
99,27,378.70,188.22,37.98,95.75,0.78,-1,-1,-1
99,28,454.33,87.95,176.19,486.67,0.86,-1,-1,-1
99,29,336.61,161.86,65.32,189.11,0.80,-1,-1,-1
100,12,64.43,-5.72,375.92,947.56,0.91,-1,-1,-1
100,17,-159.25,104.80,318.51,912.13,0.60,-1,-1,-1
100,23,637.21,113.94,137.97,447.73,0.90,-1,-1,-1
100,9,489.24,42.79,204.31,643.68,0.93,-1,-1,-1
100,21,50.20,163.94,57.34,167.75,0.58,-1,-1,-1
100,27,377.30,188.34,35.85,97.98,0.76,-1,-1,-1
100,28,456.91,88.28,179.19,491.20,0.89,-1,-1,-1
100,29,336.48,162.84,62.97,184.00,0.80,-1,-1,-1
101,12,63.86,-9.33,377.21,960.59,0.91,-1,-1,-1
101,17,-159.45,104.14,317.34,917.12,0.56,-1,-1,-1
101,23,641.22,113.90,146.72,451.29,0.91,-1,-1,-1
101,9,492.20,42.13,206.45,650.57,0.93,-1,-1,-1
101,21,47.75,163.52,57.04,166.45,0.51,-1,-1,-1
101,27,376.05,188.38,32.30,94.44,0.71,-1,-1,-1
101,28,459.93,89.78,180.02,491.17,0.89,-1,-1,-1
101,29,334.82,162.50,61.81,188.79,0.81,-1,-1,-1
102,12,64.93,-7.69,376.79,950.50,0.91,-1,-1,-1
102,17,-156.42,108.68,309.10,907.24,0.62,-1,-1,-1
102,23,646.14,113.73,144.89,455.62,0.90,-1,-1,-1
102,9,495.21,42.06,211.24,657.84,0.93,-1,-1,-1
102,21,46.08,165.92,57.97,167.95,0.28,-1,-1,-1
102,27,374.66,189.17,31.11,91.10,0.67,-1,-1,-1
102,28,462.34,90.89,185.08,494.04,0.88,-1,-1,-1
102,29,333.79,163.20,61.70,188.45,0.81,-1,-1,-1
103,12,66.84,-11.71,371.86,943.26,0.91,-1,-1,-1
103,17,-153.54,118.08,298.88,888.35,0.52,-1,-1,-1
103,23,649.24,113.26,142.11,456.98,0.90,-1,-1,-1
103,9,499.53,38.84,210.62,668.40,0.93,-1,-1,-1
103,21,45.67,167.88,53.29,149.06,0.24,-1,-1,-1
103,27,372.94,188.14,30.47,90.19,0.67,-1,-1,-1
103,28,465.22,87.25,189.71,499.38,0.88,-1,-1,-1
103,29,334.55,162.43,61.27,192.72,0.80,-1,-1,-1
104,12,67.24,-14.72,370.76,953.18,0.91,-1,-1,-1
104,17,-152.49,120.86,290.16,880.91,0.47,-1,-1,-1
104,23,652.86,113.25,143.16,459.82,0.89,-1,-1,-1
104,9,504.71,40.57,213.47,670.52,0.93,-1,-1,-1
104,27,370.48,188.85,31.66,90.93,0.68,-1,-1,-1
104,28,469.00,85.95,190.70,506.46,0.88,-1,-1,-1
104,29,336.09,162.47,60.52,194.38,0.80,-1,-1,-1
105,12,67.17,-17.10,368.98,957.33,0.91,-1,-1,-1
105,17,-156.13,119.10,289.20,884.88,0.50,-1,-1,-1
105,23,658.55,112.25,143.29,463.45,0.89,-1,-1,-1
105,9,509.39,38.25,215.99,678.20,0.92,-1,-1,-1
105,27,368.87,188.18,32.06,89.47,0.57,-1,-1,-1
105,28,473.08,83.92,191.38,516.05,0.89,-1,-1,-1
105,29,337.39,161.22,59.87,197.38,0.82,-1,-1,-1
106,12,68.46,-15.74,365.90,938.62,0.91,-1,-1,-1
106,17,-150.49,121.18,283.86,878.72,0.56,-1,-1,-1
106,23,662.32,110.00,146.07,468.41,0.90,-1,-1,-1
106,9,515.02,33.04,216.53,687.50,0.93,-1,-1,-1
106,27,367.31,187.92,32.78,91.83,0.39,-1,-1,-1
106,28,477.34,81.54,194.24,520.91,0.89,-1,-1,-1
106,29,339.93,160.52,59.26,198.28,0.82,-1,-1,-1
106,30,36.48,167.06,95.37,295.09,0.74,-1,-1,-1
107,12,68.59,-10.65,365.07,929.30,0.91,-1,-1,-1
107,17,-145.53,124.44,281.58,867.26,0.57,-1,-1,-1
107,23,665.02,109.61,148.64,472.75,0.91,-1,-1,-1
107,9,519.02,32.54,219.88,690.90,0.93,-1,-1,-1
107,27,364.99,189.59,33.52,91.29,0.14,-1,-1,-1
107,28,480.44,81.48,195.12,524.55,0.90,-1,-1,-1
107,29,343.61,161.73,57.28,198.63,0.81,-1,-1,-1
107,21,30.28,163.88,93.41,285.44,0.81,-1,-1,-1
108,12,70.12,-7.77,360.51,918.22,0.90,-1,-1,-1
108,17,-146.47,120.11,283.97,874.13,0.61,-1,-1,-1
108,23,672.06,107.19,147.64,477.91,0.90,-1,-1,-1
108,9,524.73,29.20,223.01,698.62,0.94,-1,-1,-1
108,28,484.50,79.15,198.16,535.82,0.89,-1,-1,-1
108,29,345.66,160.75,58.47,199.72,0.81,-1,-1,-1
108,21,25.75,164.43,99.02,299.46,0.75,-1,-1,-1
108,24,827.92,176.32,23.50,52.46,0.71,-1,-1,-1
109,12,71.65,-2.94,360.07,911.47,0.89,-1,-1,-1
109,17,-143.65,125.63,289.37,867.25,0.65,-1,-1,-1
109,23,677.18,106.99,155.99,480.61,0.89,-1,-1,-1
109,9,530.78,28.86,228.81,706.70,0.93,-1,-1,-1
109,28,487.35,79.91,203.06,540.29,0.89,-1,-1,-1
109,29,345.82,163.80,62.18,200.69,0.80,-1,-1,-1
109,21,21.48,168.70,111.54,307.52,0.80,-1,-1,-1
109,24,829.21,175.79,22.64,53.52,0.74,-1,-1,-1
110,12,75.51,5.63,359.25,899.35,0.90,-1,-1,-1
110,17,-141.01,125.46,300.23,844.06,0.65,-1,-1,-1
110,23,683.94,107.05,158.03,483.28,0.90,-1,-1,-1
110,9,537.17,26.07,234.79,714.19,0.93,-1,-1,-1
110,28,491.07,80.17,207.64,543.47,0.89,-1,-1,-1
110,29,346.22,166.53,63.73,199.83,0.80,-1,-1,-1
110,21,16.21,173.82,122.42,310.05,0.83,-1,-1,-1
110,24,830.16,176.60,23.28,54.60,0.70,-1,-1,-1
111,12,77.61,9.96,356.39,890.19,0.91,-1,-1,-1
111,17,-146.67,118.62,311.93,847.04,0.62,-1,-1,-1
111,23,688.54,105.58,160.02,488.90,0.91,-1,-1,-1
111,9,544.80,24.57,237.77,727.61,0.93,-1,-1,-1
111,28,496.89,78.83,207.86,547.99,0.90,-1,-1,-1
111,29,347.60,166.62,60.04,200.14,0.81,-1,-1,-1
111,21,8.39,173.91,119.01,313.06,0.77,-1,-1,-1
111,24,831.40,176.47,22.83,55.26,0.54,-1,-1,-1
112,12,85.65,3.73,354.19,911.16,0.91,-1,-1,-1
112,17,-143.43,119.26,314.03,832.82,0.70,-1,-1,-1
112,23,696.11,104.62,161.14,492.39,0.90,-1,-1,-1
112,9,553.09,21.45,239.79,736.75,0.93,-1,-1,-1
112,28,504.45,77.84,210.38,549.96,0.91,-1,-1,-1
112,29,348.18,166.28,62.27,200.78,0.79,-1,-1,-1
112,21,3.52,174.90,139.64,316.16,0.85,-1,-1,-1
112,24,832.55,176.77,23.28,55.09,0.64,-1,-1,-1
112,31,500.40,159.75,27.90,97.65,0.72,-1,-1,-1
113,12,91.01,17.16,352.92,895.08,0.91,-1,-1,-1
113,17,-146.41,126.40,315.17,804.37,0.72,-1,-1,-1
113,23,701.06,104.80,163.98,496.08,0.89,-1,-1,-1
113,9,559.65,19.54,243.98,746.43,0.93,-1,-1,-1
113,28,508.07,76.49,216.53,561.23,0.90,-1,-1,-1
113,29,344.23,167.08,65.93,203.75,0.68,-1,-1,-1
113,21,-10.91,179.89,159.00,314.29,0.86,-1,-1,-1
113,24,833.47,176.71,23.06,58.86,0.47,-1,-1,-1
113,31,500.41,163.11,32.19,101.26,0.77,-1,-1,-1
114,12,103.20,19.92,343.05,887.21,0.91,-1,-1,-1
114,17,-138.98,126.57,305.01,787.05,0.73,-1,-1,-1
114,23,707.04,103.04,166.41,502.40,0.90,-1,-1,-1
114,9,571.51,9.97,246.42,759.34,0.93,-1,-1,-1
114,28,514.48,72.15,211.60,567.15,0.90,-1,-1,-1
114,29,346.77,164.49,66.07,203.47,0.75,-1,-1,-1
114,21,-22.27,176.56,173.08,312.80,0.85,-1,-1,-1
114,31,501.43,163.24,35.60,106.56,0.79,-1,-1,-1
114,32,39.01,164.47,67.19,181.80,0.77,-1,-1,-1
115,12,109.72,19.22,339.55,887.63,0.92,-1,-1,-1
115,17,-143.78,115.15,306.64,810.66,0.68,-1,-1,-1
115,23,714.55,101.79,165.48,506.43,0.89,-1,-1,-1
115,9,580.82,8.11,248.68,769.19,0.94,-1,-1,-1
115,28,521.32,69.95,219.76,580.94,0.92,-1,-1,-1
115,29,348.11,162.89,63.24,195.56,0.67,-1,-1,-1
115,21,-36.10,176.96,188.01,311.27,0.70,-1,-1,-1
115,31,501.80,162.47,37.47,109.63,0.83,-1,-1,-1
115,32,35.94,169.93,69.89,181.27,0.76,-1,-1,-1
116,12,118.43,12.85,332.47,878.64,0.93,-1,-1,-1
116,17,-152.43,101.56,308.53,826.73,0.65,-1,-1,-1
116,23,722.37,99.50,167.38,515.05,0.89,-1,-1,-1
116,9,594.67,2.73,251.37,782.65,0.93,-1,-1,-1
116,28,528.88,64.87,221.21,597.66,0.92,-1,-1,-1
116,29,350.52,157.72,60.25,189.56,0.67,-1,-1,-1
116,21,-38.81,171.11,189.52,314.35,0.54,-1,-1,-1
116,31,504.52,158.81,39.97,109.87,0.84,-1,-1,-1
116,32,39.44,167.31,67.80,176.11,0.80,-1,-1,-1
117,12,123.38,22.52,334.98,857.85,0.94,-1,-1,-1
117,17,-162.69,106.85,321.74,845.11,0.63,-1,-1,-1
117,23,727.34,102.07,172.49,519.94,0.91,-1,-1,-1
117,9,604.74,5.41,258.51,784.77,0.93,-1,-1,-1
117,28,533.04,68.68,225.08,596.16,0.92,-1,-1,-1
117,29,351.19,162.72,61.04,186.65,0.65,-1,-1,-1
117,21,-19.67,170.02,171.63,322.69,0.11,-1,-1,-1
117,31,504.41,162.61,44.09,108.88,0.82,-1,-1,-1
117,32,39.88,172.19,67.19,173.97,0.61,-1,-1,-1
118,12,131.21,17.37,328.01,850.92,0.94,-1,-1,-1
118,17,-148.40,93.98,305.26,839.92,0.69,-1,-1,-1
118,23,738.91,99.83,170.13,522.73,0.90,-1,-1,-1
118,9,620.08,-1.16,261.13,799.20,0.92,-1,-1,-1
118,28,542.64,64.51,226.36,606.96,0.92,-1,-1,-1
118,29,353.12,157.72,61.36,190.16,0.70,-1,-1,-1
118,21,-67.26,120.78,218.86,366.26,0.16,-1,-1,-1
118,31,507.21,158.88,45.24,110.62,0.84,-1,-1,-1
118,32,42.78,167.29,64.15,167.86,0.52,-1,-1,-1
119,12,136.04,22.77,332.64,843.98,0.93,-1,-1,-1
119,17,-152.18,110.51,318.76,841.28,0.62,-1,-1,-1
119,23,746.13,102.47,173.83,522.37,0.88,-1,-1,-1
119,9,629.91,0.63,272.64,810.04,0.91,-1,-1,-1
119,28,548.67,70.19,236.59,610.05,0.93,-1,-1,-1
119,29,360.69,165.14,58.31,168.80,0.45,-1,-1,-1
119,31,508.48,163.96,47.15,110.79,0.84,-1,-1,-1
119,32,45.69,174.43,67.30,166.68,0.72,-1,-1,-1
120,12,138.89,22.71,335.04,837.27,0.93,-1,-1,-1
120,17,-146.81,121.64,318.41,820.89,0.60,-1,-1,-1
120,23,756.99,105.00,171.93,526.44,0.86,-1,-1,-1
120,9,638.91,5.48,286.16,811.57,0.90,-1,-1,-1
120,28,554.60,73.14,230.43,610.71,0.92,-1,-1,-1
120,29,366.05,167.40,55.52,154.82,0.32,-1,-1,-1
120,31,508.49,166.49,49.23,114.00,0.84,-1,-1,-1
120,32,46.54,177.14,69.61,167.60,0.69,-1,-1,-1
121,12,143.35,11.21,323.83,834.28,0.94,-1,-1,-1
121,17,-157.34,95.74,320.62,867.03,0.53,-1,-1,-1
121,23,764.63,96.22,175.03,540.60,0.72,-1,-1,-1
121,9,655.63,-3.46,283.74,829.12,0.90,-1,-1,-1
121,28,563.75,64.25,219.18,624.00,0.92,-1,-1,-1
121,29,373.04,158.33,50.78,143.74,0.19,-1,-1,-1
121,31,510.86,158.75,48.43,116.41,0.84,-1,-1,-1
121,32,47.38,164.13,66.34,169.78,0.70,-1,-1,-1
122,12,147.09,18.88,325.75,827.03,0.94,-1,-1,-1
122,17,-149.48,107.43,317.88,884.28,0.69,-1,-1,-1
122,23,767.53,117.47,193.31,531.98,0.65,-1,-1,-1
122,9,666.12,-1.91,300.67,839.14,0.89,-1,-1,-1
122,28,570.94,67.87,228.77,627.51,0.92,-1,-1,-1
122,31,512.36,165.06,50.08,118.86,0.84,-1,-1,-1
122,32,51.05,173.15,68.21,172.89,0.81,-1,-1,-1
123,12,151.45,17.10,321.12,826.74,0.94,-1,-1,-1
123,17,-148.95,109.75,316.34,889.83,0.73,-1,-1,-1
123,23,777.42,130.71,206.28,526.49,0.64,-1,-1,-1
123,9,679.69,-3.81,314.77,850.05,0.88,-1,-1,-1
123,28,577.20,65.80,254.19,642.96,0.91,-1,-1,-1
123,31,514.14,166.20,49.34,117.54,0.86,-1,-1,-1
123,32,53.18,173.87,67.56,175.02,0.68,-1,-1,-1
124,12,157.49,21.28,315.69,808.43,0.95,-1,-1,-1
124,17,-141.99,103.80,309.56,881.62,0.78,-1,-1,-1
124,23,788.14,148.98,208.18,515.82,0.46,-1,-1,-1
124,9,690.36,-4.78,336.87,866.20,0.87,-1,-1,-1
124,28,585.32,62.96,250.88,648.93,0.90,-1,-1,-1
124,31,517.30,166.60,48.90,118.89,0.86,-1,-1,-1
124,32,56.06,173.49,66.41,173.97,0.80,-1,-1,-1
125,12,164.41,19.89,309.57,811.89,0.94,-1,-1,-1
125,17,-138.25,91.94,307.35,894.22,0.76,-1,-1,-1
125,23,806.39,141.52,204.89,528.74,0.40,-1,-1,-1
125,9,705.96,-16.17,351.86,884.61,0.86,-1,-1,-1
125,28,595.13,60.31,243.47,644.89,0.90,-1,-1,-1
125,31,520.51,165.45,48.32,116.65,0.83,-1,-1,-1
125,32,60.11,171.00,63.54,164.84,0.53,-1,-1,-1
126,12,173.05,10.22,296.07,821.87,0.94,-1,-1,-1
126,17,-135.05,73.22,298.05,897.17,0.77,-1,-1,-1
126,23,821.03,109.51,210.16,581.99,0.17,-1,-1,-1
126,9,720.83,-31.30,365.14,911.72,0.86,-1,-1,-1
126,28,605.68,50.89,238.72,655.59,0.91,-1,-1,-1
126,31,523.54,157.50,41.93,116.31,0.83,-1,-1,-1
126,32,59.87,158.50,61.87,168.00,0.73,-1,-1,-1
126,33,149.85,160.31,76.05,162.34,0.72,-1,-1,-1
127,12,178.67,6.81,291.77,834.41,0.93,-1,-1,-1
127,17,-123.10,76.92,285.94,855.09,0.80,-1,-1,-1
127,23,838.76,103.31,222.37,619.38,0.15,-1,-1,-1
127,9,729.57,-49.04,384.33,945.36,0.83,-1,-1,-1
127,28,614.13,43.11,234.56,665.69,0.91,-1,-1,-1
127,31,525.55,155.09,39.03,115.78,0.82,-1,-1,-1
127,32,60.61,153.92,59.84,166.34,0.79,-1,-1,-1
127,33,150.86,160.04,79.42,181.28,0.74,-1,-1,-1
128,12,182.37,5.61,287.91,827.40,0.93,-1,-1,-1
128,17,-115.37,68.74,278.42,847.26,0.84,-1,-1,-1
128,9,743.60,-60.73,402.43,991.05,0.84,-1,-1,-1
128,28,620.93,34.75,253.88,694.93,0.91,-1,-1,-1
128,31,527.03,153.53,46.05,118.56,0.82,-1,-1,-1
128,32,60.16,152.95,59.93,164.98,0.81,-1,-1,-1
128,33,151.63,158.61,81.68,183.77,0.76,-1,-1,-1
128,34,93.94,178.42,48.83,134.55,0.72,-1,-1,-1
128,29,387.03,158.23,63.60,210.95,0.75,-1,-1,-1
129,12,185.18,5.48,286.87,821.56,0.94,-1,-1,-1
129,17,-112.94,63.90,278.14,846.71,0.85,-1,-1,-1
129,9,760.13,-66.49,419.35,1012.02,0.83,-1,-1,-1
129,28,630.42,30.97,256.64,712.93,0.91,-1,-1,-1
129,31,528.56,153.21,47.54,120.84,0.81,-1,-1,-1
129,32,61.15,152.26,59.68,166.99,0.77,-1,-1,-1
129,33,154.72,158.25,81.88,177.36,0.76,-1,-1,-1
129,34,96.57,178.17,47.63,130.22,0.75,-1,-1,-1
129,29,388.06,149.63,64.18,219.15,0.75,-1,-1,-1
130,12,187.04,7.35,286.43,814.83,0.94,-1,-1,-1
130,17,-111.02,58.33,278.44,842.41,0.85,-1,-1,-1
130,9,774.85,-78.26,442.27,1047.76,0.83,-1,-1,-1
130,28,638.36,28.38,251.69,723.61,0.91,-1,-1,-1
130,31,530.14,153.70,45.13,119.64,0.84,-1,-1,-1
130,32,63.26,154.74,58.74,162.77,0.77,-1,-1,-1
130,33,157.44,157.83,81.97,177.61,0.76,-1,-1,-1
130,34,97.65,177.43,47.29,127.34,0.67,-1,-1,-1
130,29,391.66,147.23,63.45,223.19,0.84,-1,-1,-1
131,12,190.63,11.44,283.14,805.31,0.93,-1,-1,-1
131,17,-106.82,55.82,277.98,838.93,0.84,-1,-1,-1
131,9,787.27,-85.02,468.17,1089.53,0.74,-1,-1,-1
131,28,647.34,29.75,255.12,717.10,0.90,-1,-1,-1
131,31,533.35,155.09,43.40,118.14,0.85,-1,-1,-1
131,32,66.77,156.36,56.45,159.17,0.65,-1,-1,-1
131,33,161.16,157.53,82.24,181.41,0.76,-1,-1,-1
131,34,101.12,177.66,47.45,122.54,0.51,-1,-1,-1
131,29,394.02,147.28,65.58,227.58,0.85,-1,-1,-1
132,12,192.53,12.02,284.33,793.56,0.94,-1,-1,-1
132,17,-97.61,61.73,272.38,816.24,0.85,-1,-1,-1
132,9,790.57,-87.05,503.05,1096.40,0.66,-1,-1,-1
132,28,654.45,31.24,258.31,722.43,0.90,-1,-1,-1
132,31,535.29,156.78,41.50,115.72,0.86,-1,-1,-1
132,32,69.49,159.60,56.28,157.97,0.69,-1,-1,-1
132,33,164.23,158.98,80.20,177.44,0.78,-1,-1,-1
132,34,103.09,178.59,49.22,126.46,0.64,-1,-1,-1
132,29,396.28,149.59,65.31,228.18,0.85,-1,-1,-1
133,12,193.74,12.49,286.00,784.55,0.94,-1,-1,-1
133,17,-94.10,66.94,272.62,815.77,0.84,-1,-1,-1
133,9,801.93,-99.35,511.90,1129.53,0.70,-1,-1,-1
133,28,663.14,31.36,257.91,723.19,0.92,-1,-1,-1
133,31,536.54,157.74,40.91,115.17,0.86,-1,-1,-1
133,32,70.41,161.06,55.35,156.71,0.69,-1,-1,-1
133,33,166.89,159.42,81.53,168.85,0.75,-1,-1,-1
133,34,104.78,178.39,51.13,131.31,0.71,-1,-1,-1
133,29,399.03,150.80,65.66,227.55,0.79,-1,-1,-1
133,35,574.20,179.44,27.90,83.81,0.73,-1,-1,-1
134,12,194.29,12.84,289.89,781.19,0.94,-1,-1,-1
134,17,-93.43,67.93,275.68,811.59,0.84,-1,-1,-1
134,9,830.22,-91.43,500.49,1127.93,0.53,-1,-1,-1
134,28,671.37,28.44,270.96,732.51,0.90,-1,-1,-1
134,31,538.71,158.82,40.17,115.89,0.85,-1,-1,-1
134,32,70.20,163.12,56.03,153.88,0.61,-1,-1,-1
134,33,168.85,159.04,84.77,179.53,0.73,-1,-1,-1
134,34,106.86,178.66,51.16,135.15,0.64,-1,-1,-1
134,29,402.00,152.04,65.87,228.59,0.83,-1,-1,-1
134,35,578.50,179.31,27.94,84.37,0.64,-1,-1,-1
135,12,193.51,15.23,295.87,774.46,0.94,-1,-1,-1
135,17,-91.33,73.94,277.65,805.01,0.85,-1,-1,-1
135,9,852.34,-112.38,466.73,1198.57,0.36,-1,-1,-1
135,28,681.67,28.60,270.29,748.51,0.91,-1,-1,-1
135,31,541.32,159.43,38.75,117.70,0.86,-1,-1,-1
135,32,69.65,164.31,56.42,155.72,0.68,-1,-1,-1
135,33,170.79,159.97,80.46,172.12,0.75,-1,-1,-1
135,34,108.93,179.37,51.61,134.07,0.60,-1,-1,-1
135,29,407.70,153.82,63.73,227.65,0.83,-1,-1,-1
135,35,578.46,179.51,32.13,89.71,0.65,-1,-1,-1
136,12,192.54,14.59,300.96,766.93,0.95,-1,-1,-1
136,17,-87.50,81.22,274.89,795.54,0.86,-1,-1,-1
136,9,887.29,-90.35,445.34,1177.39,0.36,-1,-1,-1
136,28,690.77,28.54,274.53,758.26,0.92,-1,-1,-1
136,31,543.88,160.19,38.28,117.50,0.86,-1,-1,-1
136,32,71.01,165.89,55.93,159.17,0.38,-1,-1,-1
136,33,172.63,160.06,80.23,174.07,0.66,-1,-1,-1
136,34,110.63,179.18,52.22,141.43,0.52,-1,-1,-1
136,29,410.02,154.77,63.93,228.28,0.85,-1,-1,-1
136,35,581.94,179.91,32.90,89.69,0.70,-1,-1,-1
136,23,923.98,146.98,161.29,456.05,0.60,-1,-1,-1
137,12,193.39,13.07,303.86,775.45,0.94,-1,-1,-1
137,17,-91.11,82.80,276.53,813.24,0.86,-1,-1,-1
137,9,898.55,-99.97,464.67,1203.28,0.35,-1,-1,-1
137,28,700.95,27.84,284.75,770.09,0.91,-1,-1,-1
137,31,546.83,161.02,38.15,116.92,0.86,-1,-1,-1
137,32,71.60,167.23,55.90,156.52,0.58,-1,-1,-1
137,33,175.02,160.01,79.90,173.52,0.72,-1,-1,-1
137,34,116.16,179.65,48.91,135.61,0.77,-1,-1,-1
137,29,412.94,155.91,63.98,226.40,0.80,-1,-1,-1
137,35,584.63,179.83,34.93,90.51,0.54,-1,-1,-1
137,23,932.06,132.57,208.84,573.77,0.32,-1,-1,-1
138,12,192.83,13.60,308.09,781.83,0.95,-1,-1,-1
138,17,-98.19,89.45,280.22,813.79,0.84,-1,-1,-1
138,9,914.70,-132.92,501.59,1273.06,0.26,-1,-1,-1
138,28,711.52,29.25,288.89,779.22,0.92,-1,-1,-1
138,31,549.28,160.95,38.80,116.88,0.86,-1,-1,-1
138,32,76.12,170.00,53.33,147.45,0.42,-1,-1,-1
138,33,177.35,160.90,81.31,175.23,0.73,-1,-1,-1
138,34,120.70,179.97,49.36,141.51,0.79,-1,-1,-1
138,29,418.93,156.07,61.38,224.01,0.80,-1,-1,-1
138,35,584.80,179.32,38.72,94.51,0.70,-1,-1,-1
138,23,946.20,137.26,201.71,546.51,0.40,-1,-1,-1
139,12,192.31,13.58,311.10,788.75,0.94,-1,-1,-1
139,17,-95.22,98.74,274.88,783.30,0.86,-1,-1,-1
139,9,929.92,-117.91,515.61,1233.93,0.32,-1,-1,-1
139,28,720.30,30.80,285.51,784.91,0.92,-1,-1,-1
139,31,551.58,161.18,39.08,117.22,0.85,-1,-1,-1
139,32,76.69,167.83,55.98,158.60,0.50,-1,-1,-1
139,33,179.33,160.33,84.79,180.75,0.74,-1,-1,-1
139,34,123.54,179.76,52.88,145.47,0.86,-1,-1,-1
139,29,420.82,156.87,64.53,227.79,0.85,-1,-1,-1
139,35,592.73,179.90,35.37,92.68,0.69,-1,-1,-1
139,23,960.86,148.38,170.35,467.42,0.73,-1,-1,-1
140,12,193.26,13.94,312.42,790.24,0.95,-1,-1,-1
140,17,-95.21,100.90,271.65,782.95,0.85,-1,-1,-1
140,9,963.00,-88.15,461.97,1197.22,0.50,-1,-1,-1
140,28,732.01,32.57,286.95,795.79,0.92,-1,-1,-1
140,31,554.01,161.56,39.26,116.13,0.85,-1,-1,-1
140,32,77.47,168.45,57.27,159.24,0.52,-1,-1,-1
140,33,181.82,159.94,83.72,180.74,0.79,-1,-1,-1
140,34,126.82,179.30,54.08,146.89,0.88,-1,-1,-1
140,29,423.67,157.69,63.99,226.45,0.83,-1,-1,-1
140,35,598.49,180.35,33.14,89.18,0.71,-1,-1,-1
140,23,975.27,149.44,153.04,440.90,0.43,-1,-1,-1
141,12,195.47,18.28,311.28,795.24,0.94,-1,-1,-1
141,17,-93.65,107.36,268.79,783.46,0.84,-1,-1,-1
141,9,987.18,22.34,324.01,903.58,0.75,-1,-1,-1
141,28,743.03,29.92,296.20,812.24,0.92,-1,-1,-1
141,31,556.92,161.56,39.84,119.96,0.84,-1,-1,-1
141,32,77.57,168.28,59.70,161.32,0.39,-1,-1,-1
141,33,184.83,160.55,81.64,178.49,0.78,-1,-1,-1
141,34,128.72,178.84,55.54,147.39,0.87,-1,-1,-1
141,29,426.28,157.63,65.47,230.25,0.84,-1,-1,-1
141,35,602.83,179.68,33.43,93.82,0.64,-1,-1,-1
142,12,198.48,19.59,310.35,800.99,0.94,-1,-1,-1
142,17,-94.58,109.39,267.55,790.76,0.84,-1,-1,-1
142,9,1005.76,68.68,268.19,781.63,0.77,-1,-1,-1
142,28,754.50,26.71,302.02,834.64,0.91,-1,-1,-1
142,31,560.04,161.64,39.47,119.10,0.86,-1,-1,-1
142,32,78.82,167.94,60.96,159.14,0.48,-1,-1,-1
142,33,188.15,160.57,81.85,177.56,0.72,-1,-1,-1
142,34,131.96,178.33,55.63,148.04,0.91,-1,-1,-1
142,29,430.66,157.52,64.99,230.89,0.82,-1,-1,-1
142,35,607.62,180.22,32.91,89.53,0.52,-1,-1,-1
143,12,201.59,21.56,309.85,809.38,0.94,-1,-1,-1
143,17,-92.58,110.64,267.07,779.93,0.84,-1,-1,-1
143,9,1019.06,86.86,261.31,756.32,0.80,-1,-1,-1
143,28,765.60,23.15,307.61,863.66,0.90,-1,-1,-1
143,31,563.25,161.34,40.02,121.75,0.86,-1,-1,-1
143,32,79.50,167.68,63.54,163.34,0.78,-1,-1,-1
143,33,191.14,160.40,82.25,176.54,0.76,-1,-1,-1
143,34,133.66,178.51,57.35,148.51,0.91,-1,-1,-1
143,29,434.62,158.43,63.73,224.84,0.81,-1,-1,-1
143,35,610.79,178.61,35.17,93.95,0.52,-1,-1,-1
144,12,203.55,25.08,310.42,811.28,0.94,-1,-1,-1
144,17,-88.78,110.83,265.87,769.78,0.84,-1,-1,-1
144,9,1036.86,90.53,254.56,762.86,0.82,-1,-1,-1
144,28,777.39,17.56,314.83,889.02,0.90,-1,-1,-1
144,31,565.90,161.58,40.29,119.59,0.85,-1,-1,-1
144,32,81.78,168.04,63.76,163.35,0.78,-1,-1,-1
144,33,193.62,160.48,83.60,177.03,0.80,-1,-1,-1
144,34,135.17,178.48,58.34,148.29,0.90,-1,-1,-1
144,29,437.82,158.42,63.94,219.95,0.81,-1,-1,-1
144,35,614.58,180.11,34.26,87.11,0.52,-1,-1,-1
145,12,207.27,28.21,307.75,808.00,0.95,-1,-1,-1
145,17,-91.87,107.77,269.89,750.58,0.85,-1,-1,-1
145,9,1053.65,88.45,263.47,784.95,0.81,-1,-1,-1
145,28,789.43,12.35,324.13,900.54,0.89,-1,-1,-1
145,31,568.76,161.54,40.94,121.00,0.85,-1,-1,-1
145,32,84.92,169.33,63.83,162.16,0.81,-1,-1,-1
145,33,196.50,159.53,82.15,178.15,0.75,-1,-1,-1
145,34,138.62,178.14,58.17,148.68,0.91,-1,-1,-1
145,29,437.28,157.72,68.72,228.32,0.81,-1,-1,-1
145,35,617.20,180.71,35.00,85.00,0.48,-1,-1,-1
146,12,211.79,32.11,303.88,802.42,0.94,-1,-1,-1
146,17,-94.23,104.03,271.45,742.54,0.85,-1,-1,-1
146,9,1071.21,93.25,260.44,765.91,0.82,-1,-1,-1
146,28,802.43,10.88,331.10,910.91,0.89,-1,-1,-1
146,31,572.11,161.54,40.59,122.24,0.85,-1,-1,-1
146,32,87.52,169.43,64.18,164.98,0.84,-1,-1,-1
146,33,199.56,159.44,79.02,177.36,0.79,-1,-1,-1
146,34,142.97,177.68,56.43,148.76,0.91,-1,-1,-1
146,29,439.66,156.94,69.88,226.85,0.79,-1,-1,-1
146,35,621.01,180.67,34.66,86.47,0.51,-1,-1,-1
147,12,216.34,33.76,298.63,795.28,0.94,-1,-1,-1
147,17,-91.97,102.63,266.63,730.45,0.85,-1,-1,-1
147,9,1089.30,84.17,262.69,776.35,0.81,-1,-1,-1
147,28,816.86,2.34,340.05,924.55,0.88,-1,-1,-1
147,31,575.36,160.82,40.49,123.88,0.86,-1,-1,-1
147,32,89.88,170.34,65.39,164.03,0.87,-1,-1,-1
147,33,202.41,158.57,83.91,177.49,0.71,-1,-1,-1
147,34,146.66,177.37,55.31,148.60,0.92,-1,-1,-1
147,29,440.55,156.36,73.15,229.02,0.79,-1,-1,-1
147,35,623.52,180.19,35.72,82.75,0.49,-1,-1,-1
148,12,222.59,31.04,291.32,794.44,0.94,-1,-1,-1
148,17,-96.27,95.83,267.51,739.52,0.86,-1,-1,-1
148,9,1108.42,79.20,261.37,803.58,0.77,-1,-1,-1
148,28,833.78,-1.05,348.96,937.12,0.87,-1,-1,-1
148,31,578.36,160.42,41.06,124.88,0.85,-1,-1,-1
148,32,92.39,170.40,64.70,160.40,0.86,-1,-1,-1
148,33,205.36,157.54,85.90,178.88,0.81,-1,-1,-1
148,34,149.50,176.39,55.32,148.92,0.91,-1,-1,-1
148,29,443.72,155.83,73.80,225.84,0.80,-1,-1,-1
148,35,627.42,180.06,35.52,89.10,0.66,-1,-1,-1
149,12,227.85,32.92,286.47,772.96,0.95,-1,-1,-1
149,17,-97.97,92.63,270.18,749.65,0.85,-1,-1,-1
149,9,1127.12,88.96,256.91,782.07,0.71,-1,-1,-1
149,28,849.19,-5.38,362.70,945.79,0.87,-1,-1,-1
149,31,580.76,160.33,42.57,126.43,0.83,-1,-1,-1
149,32,96.72,171.60,62.58,156.23,0.85,-1,-1,-1
149,33,208.17,156.94,84.89,178.87,0.76,-1,-1,-1
149,34,152.15,176.24,55.74,149.19,0.91,-1,-1,-1
149,29,448.59,157.07,72.75,223.75,0.79,-1,-1,-1
149,35,631.92,179.75,35.49,91.41,0.52,-1,-1,-1
