0,1,246.15,136.24,125.10,427.16,0.92,-1,-1,-1
0,2,38.05,187.42,84.12,167.85,0.92,-1,-1,-1
0,3,685.80,269.10,100.80,126.45,0.90,-1,-1,-1
0,4,-8.16,209.25,80.32,103.95,0.90,-1,-1,-1
0,5,84.43,177.97,44.04,110.70,0.88,-1,-1,-1
0,6,327.82,168.07,76.95,202.05,0.88,-1,-1,-1
0,7,745.20,262.35,86.40,152.10,0.87,-1,-1,-1
0,8,519.30,174.15,50.40,130.95,0.84,-1,-1,-1
0,9,33.02,175.05,49.95,135.45,0.79,-1,-1,-1
0,10,571.05,188.10,36.00,117.45,0.78,-1,-1,-1
0,11,682.20,259.65,70.20,112.95,0.75,-1,-1,-1
1,1,256.46,137.01,127.91,430.78,0.93,-1,-1,-1
1,2,45.80,186.38,83.23,169.96,0.93,-1,-1,-1
1,3,695.32,270.72,101.66,128.14,0.91,-1,-1,-1
1,4,-7.61,209.39,86.93,104.83,0.91,-1,-1,-1
1,5,92.68,178.38,44.32,111.29,0.88,-1,-1,-1
1,6,338.59,168.01,73.10,202.24,0.89,-1,-1,-1
1,7,753.61,263.77,85.69,152.64,0.89,-1,-1,-1
1,8,526.73,175.08,49.65,130.68,0.86,-1,-1,-1
1,9,40.00,175.35,48.23,132.85,0.83,-1,-1,-1
1,10,577.74,188.46,37.59,121.46,0.80,-1,-1,-1
1,11,689.77,260.67,70.25,112.28,0.76,-1,-1,-1
2,1,266.73,138.90,131.49,433.11,0.93,-1,-1,-1
2,2,54.89,187.40,82.35,168.92,0.92,-1,-1,-1
2,3,704.01,271.54,102.49,129.12,0.91,-1,-1,-1
2,4,3.02,209.74,83.59,104.63,0.91,-1,-1,-1
2,5,101.41,178.53,44.53,111.30,0.88,-1,-1,-1
2,6,347.91,168.70,69.90,201.20,0.88,-1,-1,-1
2,7,757.50,264.22,91.90,154.47,0.85,-1,-1,-1
2,8,532.95,175.17,51.63,132.47,0.84,-1,-1,-1
2,9,49.28,176.89,49.28,133.17,0.80,-1,-1,-1
2,10,586.66,189.25,36.47,119.73,0.79,-1,-1,-1
2,11,701.29,261.21,68.14,113.56,0.74,-1,-1,-1
3,1,278.27,139.05,142.05,436.67,0.93,-1,-1,-1
3,2,65.80,187.30,80.07,169.16,0.93,-1,-1,-1
3,3,712.52,273.32,104.76,128.32,0.90,-1,-1,-1
3,4,12.62,209.74,83.24,104.84,0.89,-1,-1,-1
3,5,110.61,179.07,43.72,110.98,0.88,-1,-1,-1
3,6,355.82,168.99,67.96,201.13,0.85,-1,-1,-1
3,7,761.52,265.70,99.15,155.32,0.83,-1,-1,-1
3,8,540.80,175.66,50.89,133.58,0.85,-1,-1,-1
3,9,58.64,177.87,48.73,132.15,0.83,-1,-1,-1
3,10,594.29,189.62,36.75,121.01,0.77,-1,-1,-1
3,11,706.85,261.72,70.96,115.30,0.74,-1,-1,-1
4,1,287.97,139.88,155.58,438.88,0.93,-1,-1,-1
4,2,73.26,188.85,80.04,167.68,0.92,-1,-1,-1
4,3,721.33,273.85,104.27,129.08,0.86,-1,-1,-1
4,4,4.14,210.36,98.69,104.30,0.86,-1,-1,-1
4,5,117.45,179.90,43.01,109.86,0.88,-1,-1,-1
4,6,366.75,171.24,62.10,198.59,0.84,-1,-1,-1
4,7,761.32,265.97,109.91,156.63,0.81,-1,-1,-1
4,8,547.00,176.11,52.66,133.99,0.85,-1,-1,-1
4,9,65.78,178.81,49.02,131.50,0.82,-1,-1,-1
4,10,601.42,189.92,36.24,120.59,0.79,-1,-1,-1
4,11,713.43,262.68,71.94,114.91,0.77,-1,-1,-1
5,1,297.48,139.43,167.19,442.83,0.94,-1,-1,-1
5,2,80.61,187.90,79.95,169.53,0.92,-1,-1,-1
5,3,728.04,274.30,105.34,130.69,0.90,-1,-1,-1
5,4,1.86,210.63,106.99,104.57,0.85,-1,-1,-1
5,5,124.53,180.33,43.43,110.19,0.88,-1,-1,-1
5,6,374.64,175.94,61.76,191.63,0.81,-1,-1,-1
5,7,772.46,266.99,109.58,158.40,0.80,-1,-1,-1
5,8,553.81,176.33,52.60,135.75,0.85,-1,-1,-1
5,9,73.01,178.92,48.71,131.69,0.82,-1,-1,-1
5,10,607.55,189.47,36.71,122.42,0.80,-1,-1,-1
5,11,724.20,263.13,70.97,116.40,0.74,-1,-1,-1
6,1,308.10,137.41,173.61,448.34,0.93,-1,-1,-1
6,2,89.92,188.43,78.77,169.39,0.92,-1,-1,-1
6,3,737.00,274.59,104.95,132.37,0.91,-1,-1,-1
6,4,9.61,210.87,106.39,104.18,0.83,-1,-1,-1
6,5,131.42,180.33,44.02,109.34,0.88,-1,-1,-1
6,6,380.39,180.38,63.33,183.28,0.81,-1,-1,-1
6,7,783.98,267.65,108.87,159.77,0.84,-1,-1,-1
6,8,560.20,176.19,53.12,135.26,0.83,-1,-1,-1
6,9,81.12,178.95,49.51,132.37,0.80,-1,-1,-1
6,10,614.57,189.54,36.85,121.98,0.80,-1,-1,-1
6,11,720.35,263.76,83.23,117.09,0.78,-1,-1,-1
7,1,319.98,136.65,173.28,452.17,0.93,-1,-1,-1
7,2,97.77,187.99,78.83,169.68,0.92,-1,-1,-1
7,3,744.90,274.05,106.66,133.90,0.92,-1,-1,-1
7,4,17.46,210.78,106.70,104.68,0.87,-1,-1,-1
7,5,139.04,180.46,43.63,109.54,0.88,-1,-1,-1
7,6,386.00,179.95,66.47,179.06,0.53,-1,-1,-1
7,7,798.20,268.02,104.74,161.17,0.86,-1,-1,-1
7,8,566.91,176.19,52.05,132.65,0.80,-1,-1,-1
7,9,89.43,179.39,48.59,132.65,0.82,-1,-1,-1
7,10,621.80,189.17,36.90,122.06,0.78,-1,-1,-1
7,11,733.84,263.51,78.74,119.20,0.79,-1,-1,-1
8,1,326.29,135.59,173.92,456.72,0.94,-1,-1,-1
8,2,99.40,189.00,78.71,169.45,0.91,-1,-1,-1
8,3,748.42,274.35,107.34,134.07,0.91,-1,-1,-1
8,4,18.55,211.04,106.05,104.51,0.89,-1,-1,-1
8,5,141.14,180.64,42.77,109.37,0.87,-1,-1,-1
8,6,388.01,178.67,65.89,176.98,0.14,-1,-1,-1
8,7,802.03,268.32,105.52,161.58,0.84,-1,-1,-1
8,8,569.36,176.27,52.33,132.50,0.84,-1,-1,-1
8,9,90.70,179.86,47.36,132.05,0.81,-1,-1,-1
8,10,623.82,189.77,37.60,120.98,0.77,-1,-1,-1
8,11,725.20,263.45,90.70,119.29,0.82,-1,-1,-1
9,1,331.86,133.98,181.36,462.37,0.92,-1,-1,-1
9,2,100.02,189.01,79.54,169.91,0.92,-1,-1,-1
9,3,752.97,273.49,107.51,136.18,0.92,-1,-1,-1
9,4,19.92,211.08,105.86,104.41,0.89,-1,-1,-1
9,5,141.90,180.50,43.67,109.29,0.87,-1,-1,-1
9,7,807.91,268.37,105.07,162.84,0.84,-1,-1,-1
9,8,571.52,175.97,52.39,133.62,0.81,-1,-1,-1
9,9,92.13,178.97,47.77,133.40,0.80,-1,-1,-1
9,10,626.40,189.83,37.84,120.68,0.79,-1,-1,-1
9,11,727.11,263.24,93.79,120.45,0.83,-1,-1,-1
10,1,337.18,131.95,195.80,469.13,0.90,-1,-1,-1
10,2,103.87,189.03,77.58,169.82,0.91,-1,-1,-1
10,3,757.24,272.88,108.74,136.98,0.92,-1,-1,-1
10,4,24.13,210.78,104.13,104.72,0.85,-1,-1,-1
10,5,143.37,180.47,43.23,107.76,0.88,-1,-1,-1
10,7,813.01,268.26,107.18,164.22,0.82,-1,-1,-1
10,8,574.04,175.30,52.38,133.38,0.81,-1,-1,-1
10,9,94.28,178.64,46.99,133.02,0.80,-1,-1,-1
10,10,629.36,189.53,38.51,123.96,0.79,-1,-1,-1
10,11,739.79,263.18,87.34,120.88,0.78,-1,-1,-1
11,1,343.42,129.72,218.90,475.13,0.92,-1,-1,-1
11,2,109.17,189.04,74.40,169.47,0.91,-1,-1,-1
11,3,763.31,273.44,109.17,137.54,0.91,-1,-1,-1
11,4,26.02,210.52,105.22,105.14,0.85,-1,-1,-1
11,5,145.89,180.31,43.51,108.44,0.87,-1,-1,-1
11,7,811.93,268.83,114.17,165.60,0.85,-1,-1,-1
11,8,577.11,175.00,54.19,137.01,0.82,-1,-1,-1
11,9,96.34,180.34,47.78,129.53,0.79,-1,-1,-1
11,10,632.90,189.29,38.75,126.51,0.79,-1,-1,-1
11,11,739.21,263.03,93.52,122.82,0.81,-1,-1,-1
12,1,348.86,128.81,226.47,481.61,0.91,-1,-1,-1
12,2,111.82,188.77,73.73,170.88,0.91,-1,-1,-1
12,3,768.00,273.43,110.51,139.83,0.91,-1,-1,-1
12,4,26.84,210.47,105.46,105.31,0.88,-1,-1,-1
12,5,148.04,180.22,44.23,109.24,0.88,-1,-1,-1
12,7,817.16,268.53,116.19,166.99,0.84,-1,-1,-1
12,8,580.42,174.88,53.65,136.63,0.82,-1,-1,-1
12,9,97.79,180.86,47.61,128.86,0.80,-1,-1,-1
12,10,634.87,188.75,40.63,130.09,0.78,-1,-1,-1
12,11,745.59,262.90,92.85,123.23,0.79,-1,-1,-1
12,12,357.30,192.15,20.70,53.32,0.70,-1,-1,-1
13,1,353.88,126.31,237.06,489.55,0.91,-1,-1,-1
13,2,112.54,188.68,74.57,171.65,0.92,-1,-1,-1
13,3,772.05,272.54,111.54,141.81,0.91,-1,-1,-1
13,4,28.80,210.75,104.28,105.34,0.90,-1,-1,-1
13,5,150.44,180.27,43.57,109.59,0.88,-1,-1,-1
13,7,817.62,269.02,122.12,167.42,0.84,-1,-1,-1
13,8,582.88,175.04,54.00,139.27,0.83,-1,-1,-1
13,9,99.55,183.03,46.85,126.76,0.80,-1,-1,-1
13,10,637.99,189.63,41.31,131.97,0.75,-1,-1,-1
13,11,753.10,262.87,90.62,124.51,0.77,-1,-1,-1
13,12,359.47,192.93,20.38,53.41,0.81,-1,-1,-1
14,1,359.23,125.94,243.93,495.27,0.91,-1,-1,-1
14,2,113.29,188.89,75.82,172.61,0.92,-1,-1,-1
14,3,777.22,273.15,113.11,142.29,0.91,-1,-1,-1
14,4,30.46,210.80,105.20,105.40,0.90,-1,-1,-1
14,5,152.23,180.16,43.78,110.14,0.88,-1,-1,-1
14,7,827.85,270.45,118.54,167.30,0.82,-1,-1,-1
14,8,585.68,175.02,54.12,138.58,0.84,-1,-1,-1
14,9,101.49,182.23,46.46,127.89,0.81,-1,-1,-1
14,10,641.05,189.08,42.14,133.89,0.78,-1,-1,-1
14,11,758.79,263.80,90.26,123.82,0.83,-1,-1,-1
14,12,361.26,193.43,20.67,53.45,0.87,-1,-1,-1
14,13,375.75,193.16,18.90,53.66,0.80,-1,-1,-1
15,1,367.78,125.30,244.58,504.93,0.91,-1,-1,-1
15,2,112.85,189.22,77.77,173.91,0.92,-1,-1,-1
15,3,782.55,273.87,113.66,143.00,0.90,-1,-1,-1
15,4,31.81,210.84,107.31,106.01,0.90,-1,-1,-1
15,5,154.79,180.38,43.24,111.17,0.87,-1,-1,-1
15,7,834.37,271.02,118.97,168.69,0.80,-1,-1,-1
15,8,589.60,174.69,52.34,133.82,0.79,-1,-1,-1
15,9,104.01,183.53,45.06,125.97,0.77,-1,-1,-1
15,10,644.75,189.67,41.84,130.69,0.75,-1,-1,-1
15,11,767.33,264.19,87.67,125.00,0.80,-1,-1,-1
15,12,362.94,193.06,20.74,54.47,0.87,-1,-1,-1
15,13,378.20,193.78,18.57,54.12,0.83,-1,-1,-1
15,14,390.60,189.67,27.90,69.75,0.79,-1,-1,-1
16,1,377.50,123.89,239.87,518.92,0.90,-1,-1,-1
16,2,114.51,188.96,77.81,176.11,0.92,-1,-1,-1
16,3,786.97,273.79,115.04,145.01,0.91,-1,-1,-1
16,4,33.88,211.38,105.16,106.30,0.90,-1,-1,-1
16,5,155.89,180.75,43.96,111.55,0.88,-1,-1,-1
16,7,841.34,271.91,119.67,171.27,0.81,-1,-1,-1
16,8,592.65,174.74,53.49,138.62,0.81,-1,-1,-1
16,9,106.11,184.83,45.82,127.33,0.79,-1,-1,-1
16,10,647.12,189.47,42.91,134.74,0.78,-1,-1,-1
16,11,769.70,265.03,90.84,127.20,0.79,-1,-1,-1
16,12,364.40,192.85,20.76,54.94,0.86,-1,-1,-1
16,13,379.75,193.74,19.22,55.35,0.82,-1,-1,-1
16,14,390.85,190.36,30.83,71.14,0.79,-1,-1,-1
17,1,388.96,122.22,239.88,532.84,0.92,-1,-1,-1
17,2,116.77,188.99,77.35,177.79,0.92,-1,-1,-1
17,3,792.21,275.12,114.90,145.72,0.90,-1,-1,-1
17,4,35.90,211.47,104.18,107.22,0.90,-1,-1,-1
17,5,157.34,181.09,43.91,111.45,0.89,-1,-1,-1
17,7,825.28,272.85,142.38,172.48,0.78,-1,-1,-1
17,8,595.70,175.40,52.69,137.95,0.83,-1,-1,-1
17,9,107.55,185.57,45.03,125.41,0.81,-1,-1,-1
17,10,650.78,189.95,42.69,133.60,0.76,-1,-1,-1
17,11,771.54,266.26,93.14,130.67,0.80,-1,-1,-1
17,12,366.06,193.26,21.07,54.73,0.86,-1,-1,-1
17,13,381.49,194.35,19.41,55.71,0.82,-1,-1,-1
17,14,391.90,190.88,33.08,84.04,0.85,-1,-1,-1
18,1,398.19,122.65,236.55,545.29,0.93,-1,-1,-1
18,2,119.25,190.74,76.23,177.44,0.92,-1,-1,-1
18,3,797.19,276.50,115.34,146.19,0.90,-1,-1,-1
18,4,37.46,211.73,104.41,107.83,0.88,-1,-1,-1
18,5,158.74,181.40,44.61,111.59,0.88,-1,-1,-1
18,7,842.75,274.22,131.18,174.33,0.82,-1,-1,-1
18,8,598.81,175.87,52.95,138.59,0.83,-1,-1,-1
18,9,109.07,185.83,45.60,127.94,0.80,-1,-1,-1
18,10,654.69,190.28,42.55,134.85,0.76,-1,-1,-1
18,11,781.74,267.29,89.20,129.84,0.73,-1,-1,-1
18,12,367.54,193.45,21.48,54.70,0.86,-1,-1,-1
18,13,383.63,194.59,19.77,55.68,0.83,-1,-1,-1
18,14,391.51,191.33,36.20,89.80,0.87,-1,-1,-1
19,1,405.78,122.84,229.28,558.46,0.91,-1,-1,-1
19,2,121.55,191.71,74.48,177.91,0.93,-1,-1,-1
19,3,802.89,278.35,115.51,147.25,0.89,-1,-1,-1
19,4,38.85,212.30,107.11,108.07,0.87,-1,-1,-1
19,5,159.31,181.74,46.39,111.43,0.88,-1,-1,-1
19,7,853.12,275.60,128.44,175.61,0.82,-1,-1,-1
19,8,601.72,176.33,53.06,136.15,0.82,-1,-1,-1
19,9,110.46,184.80,45.41,128.38,0.78,-1,-1,-1
19,10,658.22,190.91,41.90,132.86,0.75,-1,-1,-1
19,11,783.81,268.41,94.25,129.78,0.75,-1,-1,-1
19,12,369.41,193.75,21.32,54.92,0.86,-1,-1,-1
19,13,385.38,194.99,19.56,55.48,0.83,-1,-1,-1
19,14,394.11,192.41,35.35,90.55,0.88,-1,-1,-1
20,1,412.45,124.25,225.64,570.10,0.93,-1,-1,-1
20,2,122.54,193.71,72.94,177.44,0.92,-1,-1,-1
20,3,807.75,278.83,116.45,149.67,0.90,-1,-1,-1
20,4,40.66,212.65,105.97,108.73,0.83,-1,-1,-1
20,5,160.06,181.93,47.35,111.88,0.89,-1,-1,-1
20,7,865.70,277.68,121.38,176.03,0.82,-1,-1,-1
20,8,604.41,176.46,52.50,136.40,0.83,-1,-1,-1
20,9,111.65,183.93,44.90,128.84,0.72,-1,-1,-1
20,10,660.83,191.02,41.64,132.11,0.78,-1,-1,-1
20,11,787.06,269.20,95.49,130.90,0.75,-1,-1,-1
20,12,371.01,193.52,21.25,55.29,0.86,-1,-1,-1
20,13,386.76,194.93,19.79,55.87,0.83,-1,-1,-1
20,14,394.60,192.53,37.11,91.71,0.89,-1,-1,-1
21,1,418.06,125.23,202.40,585.50,0.93,-1,-1,-1
21,2,122.93,194.44,72.56,177.82,0.92,-1,-1,-1
21,3,811.71,279.78,117.38,150.23,0.89,-1,-1,-1
21,4,42.48,213.16,105.48,108.88,0.85,-1,-1,-1
21,5,161.13,182.43,47.86,112.04,0.86,-1,-1,-1
21,7,869.87,278.63,123.75,177.89,0.86,-1,-1,-1
21,8,607.34,176.82,52.91,139.10,0.84,-1,-1,-1
21,9,113.07,182.38,44.47,126.60,0.53,-1,-1,-1
21,10,664.32,191.14,40.95,131.49,0.74,-1,-1,-1
21,11,785.70,269.84,102.42,136.04,0.76,-1,-1,-1
21,12,372.86,194.32,20.91,54.65,0.85,-1,-1,-1
21,13,388.52,195.26,19.55,55.59,0.84,-1,-1,-1
21,14,396.66,192.90,37.09,92.14,0.90,-1,-1,-1
22,1,422.80,124.63,195.06,600.35,0.90,-1,-1,-1
22,2,123.35,194.57,71.99,178.57,0.92,-1,-1,-1
22,3,817.60,280.79,118.02,150.72,0.89,-1,-1,-1
22,4,43.95,213.22,103.58,109.09,0.84,-1,-1,-1
22,5,160.11,182.50,50.42,112.41,0.84,-1,-1,-1
22,7,880.31,279.63,121.02,179.18,0.83,-1,-1,-1
22,8,609.89,177.00,53.06,140.43,0.85,-1,-1,-1
22,9,114.93,180.38,45.92,133.13,0.72,-1,-1,-1
22,10,667.07,191.07,41.89,135.48,0.77,-1,-1,-1
22,11,790.71,270.42,101.57,134.73,0.77,-1,-1,-1
22,12,374.24,193.98,21.40,55.10,0.85,-1,-1,-1
22,13,390.64,194.89,19.77,56.04,0.83,-1,-1,-1
22,14,398.77,192.53,37.01,92.35,0.89,-1,-1,-1
22,15,431.10,194.29,32.40,89.21,0.74,-1,-1,-1
22,6,435.53,173.15,62.25,181.94,0.65,-1,-1,-1
23,1,427.50,125.07,206.57,607.27,0.94,-1,-1,-1
23,2,123.53,194.84,71.58,178.67,0.93,-1,-1,-1
23,3,823.49,281.13,117.19,151.55,0.87,-1,-1,-1
23,4,45.42,213.23,103.24,109.01,0.88,-1,-1,-1
23,5,159.19,182.53,52.93,112.69,0.86,-1,-1,-1
23,7,888.49,280.69,118.84,178.78,0.81,-1,-1,-1
23,8,612.47,176.90,52.46,141.03,0.84,-1,-1,-1
23,9,117.07,181.15,46.14,135.03,0.70,-1,-1,-1
23,10,669.95,191.23,42.79,137.29,0.78,-1,-1,-1
23,11,795.17,270.77,100.98,135.15,0.79,-1,-1,-1
23,12,375.84,193.84,21.55,55.34,0.85,-1,-1,-1
23,13,392.33,195.12,19.51,55.12,0.84,-1,-1,-1
23,14,400.78,192.36,36.89,91.55,0.90,-1,-1,-1
23,6,438.81,173.16,59.23,179.01,0.79,-1,-1,-1
24,1,432.76,123.78,189.40,618.10,0.91,-1,-1,-1
24,2,123.34,194.62,72.14,179.44,0.93,-1,-1,-1
24,3,829.11,281.73,117.59,152.60,0.89,-1,-1,-1
24,4,45.69,213.33,106.03,109.25,0.88,-1,-1,-1
24,5,161.03,182.08,52.93,113.46,0.86,-1,-1,-1
24,7,897.10,280.66,117.84,181.49,0.80,-1,-1,-1
24,8,615.16,176.62,53.50,142.30,0.84,-1,-1,-1
24,9,118.05,178.85,45.54,136.36,0.66,-1,-1,-1
24,10,672.52,191.22,42.58,137.23,0.76,-1,-1,-1
24,11,803.24,270.62,99.63,138.12,0.74,-1,-1,-1
24,12,377.32,193.49,21.93,55.86,0.84,-1,-1,-1
24,13,393.69,194.84,20.05,55.61,0.82,-1,-1,-1
24,14,404.41,191.63,35.34,92.44,0.90,-1,-1,-1
24,6,443.03,172.30,56.24,177.99,0.79,-1,-1,-1
25,1,435.95,121.76,201.46,623.42,0.93,-1,-1,-1
25,2,123.12,192.95,73.01,181.27,0.93,-1,-1,-1
25,3,834.93,281.81,117.45,152.95,0.88,-1,-1,-1
25,4,46.56,212.92,106.10,109.77,0.87,-1,-1,-1
25,5,166.52,182.13,48.50,113.50,0.84,-1,-1,-1
25,7,897.64,280.62,124.72,182.61,0.82,-1,-1,-1
25,8,617.55,176.13,53.91,141.57,0.84,-1,-1,-1
25,9,118.75,177.75,43.67,133.64,0.57,-1,-1,-1
25,10,675.75,190.52,41.91,135.96,0.79,-1,-1,-1
25,11,806.47,270.86,99.68,136.23,0.77,-1,-1,-1
25,12,378.54,193.48,22.08,56.05,0.86,-1,-1,-1
25,13,395.31,194.77,19.95,55.85,0.84,-1,-1,-1
25,14,407.52,191.00,33.80,92.37,0.89,-1,-1,-1
25,6,447.17,172.11,54.29,173.05,0.82,-1,-1,-1
25,16,437.85,194.29,30.60,86.74,0.77,-1,-1,-1
26,1,439.29,117.79,200.65,628.22,0.92,-1,-1,-1
26,2,123.87,193.38,73.18,181.17,0.93,-1,-1,-1
26,3,839.59,281.69,118.86,154.21,0.89,-1,-1,-1
26,4,47.71,212.78,105.58,109.94,0.87,-1,-1,-1
26,5,162.17,181.93,54.95,113.73,0.86,-1,-1,-1
26,7,898.87,280.15,130.76,184.00,0.84,-1,-1,-1
26,8,620.43,175.45,53.46,140.12,0.84,-1,-1,-1
26,9,121.28,177.83,44.50,130.15,0.43,-1,-1,-1
26,10,678.64,190.14,42.24,135.29,0.75,-1,-1,-1
26,11,808.41,270.51,102.02,137.82,0.78,-1,-1,-1
26,12,380.31,193.50,21.83,55.80,0.85,-1,-1,-1
26,13,396.93,194.69,19.90,55.86,0.84,-1,-1,-1
26,14,410.13,190.11,32.90,92.62,0.90,-1,-1,-1
26,6,449.74,172.48,54.26,171.87,0.85,-1,-1,-1
26,16,439.90,193.48,29.59,86.96,0.83,-1,-1,-1
27,1,443.27,113.48,202.07,645.94,0.91,-1,-1,-1
27,2,124.02,192.82,74.44,181.75,0.93,-1,-1,-1
27,3,844.64,281.59,119.34,155.22,0.90,-1,-1,-1
27,4,48.44,212.53,104.02,110.27,0.86,-1,-1,-1
27,5,166.13,181.75,53.01,113.55,0.86,-1,-1,-1
27,7,904.89,279.76,131.85,185.18,0.83,-1,-1,-1
27,8,622.87,175.10,54.46,144.57,0.84,-1,-1,-1
27,9,121.68,177.53,45.24,130.32,0.52,-1,-1,-1
27,10,681.65,189.30,42.35,137.61,0.76,-1,-1,-1
27,11,815.13,270.03,101.67,138.95,0.74,-1,-1,-1
27,12,382.13,193.93,21.72,55.39,0.86,-1,-1,-1
27,13,398.97,194.48,19.57,55.99,0.82,-1,-1,-1
27,14,412.68,189.67,32.25,91.20,0.90,-1,-1,-1
27,6,452.52,172.99,53.19,170.73,0.83,-1,-1,-1
27,16,440.73,193.81,31.15,86.68,0.85,-1,-1,-1
28,1,447.85,106.10,206.09,656.07,0.90,-1,-1,-1
28,2,124.44,190.78,74.93,184.11,0.93,-1,-1,-1
28,3,850.24,281.43,119.23,156.52,0.89,-1,-1,-1
28,4,48.82,212.19,105.72,110.96,0.86,-1,-1,-1
28,5,166.57,181.28,53.33,113.75,0.85,-1,-1,-1
28,7,909.42,279.49,134.60,187.30,0.85,-1,-1,-1
28,8,624.81,174.51,54.85,146.85,0.81,-1,-1,-1
28,9,122.92,177.86,43.14,123.51,0.22,-1,-1,-1
28,10,684.11,188.90,42.99,137.85,0.76,-1,-1,-1
28,11,821.73,269.88,99.12,138.80,0.78,-1,-1,-1
28,12,383.48,193.78,21.68,55.70,0.86,-1,-1,-1
28,13,400.26,194.55,19.45,55.91,0.84,-1,-1,-1
28,14,414.13,189.05,32.33,91.97,0.90,-1,-1,-1
28,6,454.16,173.79,53.48,170.41,0.82,-1,-1,-1
28,16,441.82,194.09,31.47,86.52,0.84,-1,-1,-1
29,1,452.79,101.88,199.40,668.05,0.91,-1,-1,-1
29,2,123.90,187.85,76.62,187.35,0.93,-1,-1,-1
29,3,850.64,281.39,123.66,158.15,0.90,-1,-1,-1
29,4,49.14,211.98,97.99,111.50,0.87,-1,-1,-1
29,5,162.61,180.86,58.92,114.12,0.83,-1,-1,-1
29,7,917.71,279.26,133.54,189.97,0.88,-1,-1,-1
29,8,626.61,173.75,55.59,151.55,0.81,-1,-1,-1
29,9,124.47,178.71,54.13,128.35,0.13,-1,-1,-1
29,10,686.41,188.81,43.83,139.70,0.74,-1,-1,-1
29,11,825.83,269.40,100.21,140.49,0.75,-1,-1,-1
29,12,384.52,193.79,21.96,55.81,0.85,-1,-1,-1
29,13,401.27,194.64,20.01,56.18,0.82,-1,-1,-1
29,14,415.33,188.51,32.98,92.89,0.89,-1,-1,-1
29,6,455.24,173.85,54.23,172.74,0.83,-1,-1,-1
29,16,444.40,194.98,29.83,85.17,0.80,-1,-1,-1
30,1,459.17,96.66,201.56,676.17,0.90,-1,-1,-1
30,2,123.51,184.04,77.69,191.31,0.92,-1,-1,-1
30,3,855.09,281.38,125.02,159.41,0.89,-1,-1,-1
30,4,49.46,211.72,94.65,111.75,0.84,-1,-1,-1
30,5,159.53,180.39,62.14,114.59,0.86,-1,-1,-1
30,7,925.19,279.04,132.75,191.77,0.84,-1,-1,-1
30,8,628.64,172.88,57.64,156.54,0.81,-1,-1,-1
30,10,688.03,187.69,44.72,144.16,0.72,-1,-1,-1
30,11,834.69,269.22,97.31,145.63,0.77,-1,-1,-1
30,12,385.76,193.75,22.06,55.80,0.86,-1,-1,-1
30,13,402.50,194.71,20.21,55.99,0.84,-1,-1,-1
30,14,416.93,188.36,32.61,92.33,0.89,-1,-1,-1
30,6,456.93,173.47,58.17,183.94,0.84,-1,-1,-1
30,16,446.23,194.83,29.72,85.26,0.82,-1,-1,-1
31,1,468.10,94.69,201.67,664.71,0.89,-1,-1,-1
31,2,123.88,183.11,78.80,193.27,0.92,-1,-1,-1
31,3,863.13,281.66,123.66,160.66,0.89,-1,-1,-1
31,4,50.18,211.67,91.75,112.08,0.86,-1,-1,-1
31,5,166.70,180.51,56.03,114.48,0.87,-1,-1,-1
31,7,929.55,279.23,137.11,193.35,0.87,-1,-1,-1
31,8,631.48,172.53,56.61,151.66,0.78,-1,-1,-1
31,10,690.68,187.90,45.03,144.42,0.68,-1,-1,-1
31,11,836.63,269.14,100.98,148.06,0.78,-1,-1,-1
31,12,387.57,194.16,21.49,55.08,0.85,-1,-1,-1
31,13,404.59,194.71,21.17,56.42,0.83,-1,-1,-1
31,14,419.45,188.74,31.54,91.19,0.90,-1,-1,-1
31,6,458.99,173.31,60.04,188.22,0.84,-1,-1,-1
31,16,447.37,195.00,30.81,85.04,0.86,-1,-1,-1
32,1,477.55,94.08,206.48,682.35,0.88,-1,-1,-1
32,2,123.76,181.39,80.53,196.05,0.92,-1,-1,-1
32,3,869.75,282.13,122.16,161.91,0.87,-1,-1,-1
32,4,51.08,211.81,92.06,112.14,0.86,-1,-1,-1
32,5,163.71,180.56,60.21,115.29,0.85,-1,-1,-1
32,7,934.40,279.52,139.84,194.55,0.85,-1,-1,-1
32,8,633.90,172.55,56.77,151.68,0.75,-1,-1,-1
32,10,694.18,187.53,45.13,145.90,0.70,-1,-1,-1
32,11,838.59,269.35,102.57,148.29,0.75,-1,-1,-1
32,12,389.29,194.37,21.26,55.02,0.85,-1,-1,-1
32,13,405.95,194.69,21.23,56.56,0.83,-1,-1,-1
32,14,421.39,189.26,31.76,91.82,0.90,-1,-1,-1
32,6,460.86,173.63,57.49,187.75,0.89,-1,-1,-1
32,16,448.33,194.99,30.87,84.94,0.85,-1,-1,-1
33,1,485.91,93.65,215.39,725.82,0.88,-1,-1,-1
33,2,122.94,180.11,83.25,198.58,0.91,-1,-1,-1
33,3,876.67,282.97,121.30,163.05,0.87,-1,-1,-1
33,4,51.29,211.72,92.96,113.13,0.85,-1,-1,-1
33,5,156.27,180.15,68.36,115.96,0.86,-1,-1,-1
33,7,942.72,280.59,139.69,196.86,0.87,-1,-1,-1
33,8,638.04,173.51,55.02,155.70,0.22,-1,-1,-1
33,10,696.66,186.86,46.34,151.93,0.73,-1,-1,-1
33,11,847.89,269.93,99.91,153.75,0.74,-1,-1,-1
33,12,390.52,194.15,21.48,55.70,0.86,-1,-1,-1
33,13,407.05,194.84,21.24,56.26,0.84,-1,-1,-1
33,14,423.15,189.09,31.23,92.38,0.90,-1,-1,-1
33,6,463.05,173.38,55.71,190.60,0.91,-1,-1,-1
33,16,449.29,194.91,31.35,84.96,0.86,-1,-1,-1
34,1,493.87,90.90,228.60,770.66,0.87,-1,-1,-1
34,2,122.56,179.62,86.57,199.83,0.93,-1,-1,-1
34,3,879.55,284.16,125.73,164.32,0.89,-1,-1,-1
34,4,51.04,211.71,93.26,113.48,0.85,-1,-1,-1
34,5,149.18,179.90,76.53,116.49,0.89,-1,-1,-1
34,7,950.33,280.85,138.30,199.46,0.87,-1,-1,-1
34,10,698.92,188.00,46.75,150.12,0.64,-1,-1,-1
34,11,850.55,270.88,101.21,153.42,0.69,-1,-1,-1
34,12,391.51,194.07,21.85,56.33,0.85,-1,-1,-1
34,13,408.28,195.05,21.22,56.36,0.82,-1,-1,-1
34,14,424.77,189.11,31.02,92.26,0.89,-1,-1,-1
34,6,464.94,173.61,56.24,195.24,0.92,-1,-1,-1
34,16,450.77,195.09,31.50,85.28,0.86,-1,-1,-1
35,1,501.14,92.31,245.98,802.89,0.86,-1,-1,-1
35,2,122.08,179.60,88.75,201.34,0.93,-1,-1,-1
35,3,886.17,285.67,124.13,165.03,0.86,-1,-1,-1
35,4,51.85,212.37,91.47,113.58,0.84,-1,-1,-1
35,5,146.40,180.29,81.12,117.26,0.90,-1,-1,-1
35,7,954.83,282.59,142.54,201.39,0.90,-1,-1,-1
35,10,700.61,187.70,48.11,156.10,0.67,-1,-1,-1
35,11,864.59,271.57,94.54,157.04,0.69,-1,-1,-1
35,12,393.06,194.25,22.00,56.48,0.86,-1,-1,-1
35,13,409.78,195.48,22.12,56.32,0.84,-1,-1,-1
35,14,426.85,190.98,30.66,90.45,0.89,-1,-1,-1
35,6,466.50,173.97,57.08,196.80,0.92,-1,-1,-1
35,16,452.20,195.72,31.56,85.09,0.85,-1,-1,-1
36,1,509.03,86.62,275.59,848.18,0.84,-1,-1,-1
36,2,122.16,179.75,89.52,202.41,0.93,-1,-1,-1
36,3,894.43,286.82,122.23,166.12,0.87,-1,-1,-1
36,4,52.18,213.03,90.59,113.88,0.83,-1,-1,-1
36,5,143.36,180.57,85.17,117.22,0.92,-1,-1,-1
36,7,959.84,283.98,146.40,202.77,0.88,-1,-1,-1
36,10,702.64,188.20,48.60,158.27,0.68,-1,-1,-1
36,11,869.98,272.42,95.91,158.04,0.69,-1,-1,-1
36,12,394.26,194.45,22.04,56.52,0.86,-1,-1,-1
36,13,411.39,195.78,23.03,56.44,0.85,-1,-1,-1
36,14,428.65,191.89,30.23,89.64,0.90,-1,-1,-1
36,6,467.64,173.74,57.38,195.88,0.92,-1,-1,-1
36,16,454.23,195.70,30.96,85.24,0.85,-1,-1,-1
37,1,516.99,83.99,297.24,869.16,0.84,-1,-1,-1
37,2,121.96,180.86,89.48,202.44,0.93,-1,-1,-1
37,3,898.10,288.40,124.81,166.78,0.87,-1,-1,-1
37,4,51.73,213.57,91.30,114.28,0.84,-1,-1,-1
37,5,140.53,180.36,88.99,117.78,0.92,-1,-1,-1
37,7,965.56,285.50,146.64,204.70,0.91,-1,-1,-1
37,10,705.88,188.96,46.98,149.88,0.63,-1,-1,-1
37,11,874.97,273.89,96.69,152.41,0.70,-1,-1,-1
37,12,395.17,194.58,22.06,56.15,0.86,-1,-1,-1
37,13,412.46,195.57,24.25,56.78,0.84,-1,-1,-1
37,14,430.22,191.99,30.07,90.01,0.90,-1,-1,-1
37,6,468.79,173.18,56.89,195.73,0.92,-1,-1,-1
37,16,455.75,195.28,30.11,85.67,0.85,-1,-1,-1
38,1,524.10,76.37,331.39,889.43,0.83,-1,-1,-1
38,2,121.82,181.41,88.99,203.26,0.94,-1,-1,-1
38,3,902.50,289.63,126.97,168.82,0.86,-1,-1,-1
38,4,51.82,214.09,94.05,114.74,0.81,-1,-1,-1
38,5,140.01,180.76,90.04,118.01,0.92,-1,-1,-1
38,7,972.51,286.56,147.88,207.36,0.88,-1,-1,-1
38,10,705.36,189.13,50.57,151.37,0.59,-1,-1,-1
38,11,894.28,275.09,87.39,149.88,0.71,-1,-1,-1
38,12,396.58,194.58,22.07,56.70,0.86,-1,-1,-1
38,13,413.64,195.51,25.01,56.92,0.85,-1,-1,-1
38,14,431.87,191.67,30.19,90.69,0.89,-1,-1,-1
38,6,470.74,172.70,57.93,195.37,0.91,-1,-1,-1
38,16,457.24,194.85,30.42,86.17,0.85,-1,-1,-1
39,1,536.06,67.58,332.16,933.71,0.81,-1,-1,-1
39,2,121.91,182.62,88.02,203.34,0.93,-1,-1,-1
39,3,908.11,290.70,127.77,169.52,0.87,-1,-1,-1
39,4,51.86,214.37,96.10,114.89,0.82,-1,-1,-1
39,5,139.94,181.14,90.92,118.37,0.91,-1,-1,-1
39,7,949.41,288.31,179.14,208.57,0.80,-1,-1,-1
39,10,708.37,194.04,51.86,148.29,0.11,-1,-1,-1
39,11,892.12,276.47,91.65,150.69,0.71,-1,-1,-1
39,12,398.16,194.50,21.77,57.05,0.86,-1,-1,-1
39,13,415.12,195.71,25.01,56.66,0.86,-1,-1,-1
39,14,433.65,192.51,30.24,89.72,0.89,-1,-1,-1
39,6,472.92,172.44,60.10,195.16,0.91,-1,-1,-1
39,16,459.13,194.14,30.08,86.94,0.86,-1,-1,-1
40,1,547.77,58.92,354.82,969.34,0.80,-1,-1,-1
40,2,121.94,183.34,86.26,204.13,0.92,-1,-1,-1
40,3,910.50,292.13,131.61,170.63,0.84,-1,-1,-1
40,4,52.18,214.26,95.90,115.14,0.82,-1,-1,-1
40,5,140.40,180.86,91.38,119.38,0.91,-1,-1,-1
40,7,973.12,289.25,162.88,211.47,0.83,-1,-1,-1
40,11,895.50,278.03,95.48,150.06,0.72,-1,-1,-1
40,12,399.20,194.34,21.65,57.32,0.87,-1,-1,-1
40,13,416.42,195.66,24.39,56.86,0.82,-1,-1,-1
40,14,435.21,191.79,31.02,90.55,0.89,-1,-1,-1
40,6,473.88,171.48,62.10,196.21,0.92,-1,-1,-1
40,16,460.73,194.20,29.80,86.62,0.86,-1,-1,-1
41,1,560.93,66.78,375.27,968.27,0.79,-1,-1,-1
41,2,122.20,183.16,84.64,205.41,0.93,-1,-1,-1
41,3,915.07,293.40,133.84,169.60,0.84,-1,-1,-1
41,4,53.10,214.49,96.84,115.46,0.83,-1,-1,-1
41,5,141.58,181.26,90.76,119.60,0.91,-1,-1,-1
41,7,987.08,290.47,156.03,212.98,0.84,-1,-1,-1
41,11,896.58,279.37,98.66,153.53,0.74,-1,-1,-1
41,12,400.34,194.24,21.60,57.50,0.88,-1,-1,-1
41,13,417.48,195.89,24.72,56.56,0.86,-1,-1,-1
41,14,436.93,191.55,30.86,90.97,0.90,-1,-1,-1
41,6,475.16,171.68,62.85,196.06,0.93,-1,-1,-1
41,16,461.70,194.33,29.69,86.40,0.86,-1,-1,-1
42,1,575.94,58.44,387.30,989.61,0.79,-1,-1,-1
42,2,122.02,183.99,83.30,205.38,0.93,-1,-1,-1
42,3,920.45,293.89,135.03,173.83,0.84,-1,-1,-1
42,4,53.63,214.35,96.04,116.29,0.85,-1,-1,-1
42,5,141.84,181.04,91.94,119.49,0.89,-1,-1,-1
42,7,999.88,291.69,152.31,214.45,0.85,-1,-1,-1
42,11,899.99,280.32,100.22,156.74,0.73,-1,-1,-1
42,12,401.73,193.90,21.29,57.92,0.87,-1,-1,-1
42,13,419.01,195.91,24.55,56.28,0.87,-1,-1,-1
42,14,438.55,190.41,31.11,92.11,0.90,-1,-1,-1
42,6,477.26,171.69,63.13,196.67,0.93,-1,-1,-1
42,16,463.68,194.16,29.06,86.63,0.85,-1,-1,-1
43,1,592.04,63.24,379.33,990.01,0.80,-1,-1,-1
43,2,122.35,185.15,82.26,204.66,0.93,-1,-1,-1
43,3,923.70,294.48,137.62,175.35,0.83,-1,-1,-1
43,4,54.64,214.65,95.53,116.37,0.85,-1,-1,-1
43,5,142.07,181.19,92.71,119.21,0.89,-1,-1,-1
43,7,1009.34,292.11,150.66,216.17,0.84,-1,-1,-1
43,11,905.18,281.12,101.57,157.34,0.74,-1,-1,-1
43,12,402.83,194.30,21.16,57.74,0.87,-1,-1,-1
43,13,420.12,195.98,25.04,56.30,0.86,-1,-1,-1
43,14,439.36,189.90,31.03,90.95,0.90,-1,-1,-1
43,6,479.20,172.39,63.16,196.30,0.92,-1,-1,-1
43,16,464.73,194.68,29.41,86.26,0.86,-1,-1,-1
44,1,608.08,64.04,366.28,994.22,0.81,-1,-1,-1
44,2,122.29,185.52,81.95,204.99,0.93,-1,-1,-1
44,3,932.07,293.63,136.38,182.42,0.84,-1,-1,-1
44,4,54.66,214.72,95.20,116.59,0.86,-1,-1,-1
44,5,142.75,181.18,92.68,119.31,0.90,-1,-1,-1
44,7,1021.35,292.68,148.98,218.32,0.88,-1,-1,-1
44,11,912.50,281.36,99.21,154.53,0.73,-1,-1,-1
44,12,403.66,194.46,21.43,57.91,0.87,-1,-1,-1
44,13,421.29,196.09,24.95,56.48,0.86,-1,-1,-1
44,14,440.72,189.42,30.87,90.95,0.89,-1,-1,-1
44,6,481.21,172.81,63.21,196.45,0.92,-1,-1,-1
44,16,466.08,194.45,29.57,86.56,0.87,-1,-1,-1
45,1,625.91,64.46,350.53,994.80,0.81,-1,-1,-1
45,2,122.81,185.49,81.16,205.56,0.93,-1,-1,-1
45,3,943.66,294.52,132.14,176.30,0.82,-1,-1,-1
45,4,54.81,214.85,96.01,116.60,0.86,-1,-1,-1
45,5,144.53,181.17,91.62,119.27,0.90,-1,-1,-1
45,7,1024.55,293.09,154.20,219.54,0.85,-1,-1,-1
45,11,920.44,281.93,96.68,152.42,0.76,-1,-1,-1
45,12,404.51,194.48,21.81,58.01,0.87,-1,-1,-1
45,13,422.39,195.94,24.58,56.89,0.86,-1,-1,-1
45,14,442.02,188.92,30.78,92.02,0.90,-1,-1,-1
45,6,482.73,173.17,63.13,196.37,0.92,-1,-1,-1
45,16,467.37,195.23,28.99,85.80,0.88,-1,-1,-1
45,8,662.76,173.34,58.53,156.48,0.79,-1,-1,-1
46,1,639.26,61.88,367.71,1000.17,0.80,-1,-1,-1
46,2,122.91,185.32,81.50,206.05,0.93,-1,-1,-1
46,3,947.66,293.93,135.32,180.63,0.83,-1,-1,-1
46,4,55.16,214.67,95.95,116.84,0.85,-1,-1,-1
46,5,146.64,180.78,90.18,119.80,0.89,-1,-1,-1
46,7,1031.85,292.89,154.93,221.34,0.86,-1,-1,-1
46,11,926.64,282.12,95.74,154.56,0.80,-1,-1,-1
46,12,405.31,193.96,21.96,58.40,0.88,-1,-1,-1
46,13,423.59,195.73,24.43,56.87,0.88,-1,-1,-1
46,14,443.57,188.58,31.37,92.68,0.90,-1,-1,-1
46,6,485.22,173.60,61.93,196.25,0.91,-1,-1,-1
46,16,468.62,195.66,28.80,84.89,0.88,-1,-1,-1
46,8,663.93,172.84,57.95,159.08,0.81,-1,-1,-1
47,1,655.42,55.07,406.86,1028.39,0.80,-1,-1,-1
47,2,123.04,185.30,81.71,207.19,0.93,-1,-1,-1
47,3,952.53,294.00,138.95,181.28,0.83,-1,-1,-1
47,4,55.50,214.89,95.74,117.01,0.85,-1,-1,-1
47,5,147.87,180.67,90.10,120.90,0.89,-1,-1,-1
47,7,1038.61,292.80,158.85,225.83,0.85,-1,-1,-1
47,11,931.10,282.62,97.89,154.57,0.77,-1,-1,-1
47,12,406.48,194.18,21.74,58.44,0.88,-1,-1,-1
47,13,424.61,195.91,24.70,56.91,0.88,-1,-1,-1
47,14,445.04,188.71,31.46,93.00,0.89,-1,-1,-1
47,6,487.82,174.75,60.92,195.44,0.91,-1,-1,-1
47,16,470.74,195.70,28.76,85.14,0.87,-1,-1,-1
47,8,666.73,172.90,58.42,158.45,0.84,-1,-1,-1
48,1,671.02,55.71,438.26,1047.13,0.83,-1,-1,-1
48,2,123.43,185.22,81.79,207.89,0.93,-1,-1,-1
48,3,959.37,294.41,139.12,181.92,0.84,-1,-1,-1
48,4,55.77,214.75,97.65,117.66,0.85,-1,-1,-1
48,5,147.71,180.71,90.99,121.46,0.89,-1,-1,-1
48,7,1046.13,293.44,161.47,228.80,0.87,-1,-1,-1
48,11,933.05,283.18,104.63,157.24,0.78,-1,-1,-1
48,12,407.36,194.35,21.65,58.59,0.88,-1,-1,-1
48,13,425.59,195.92,25.08,57.07,0.88,-1,-1,-1
48,14,445.56,189.23,32.24,91.98,0.90,-1,-1,-1
48,6,491.02,175.87,59.31,194.81,0.91,-1,-1,-1
48,16,472.27,195.73,28.74,85.02,0.88,-1,-1,-1
48,8,668.49,172.42,59.77,161.81,0.82,-1,-1,-1
49,1,689.53,58.86,413.72,1055.85,0.80,-1,-1,-1
49,2,123.29,184.70,82.15,210.02,0.93,-1,-1,-1
49,3,961.10,296.91,146.35,175.00,0.86,-1,-1,-1
49,4,55.82,214.89,97.58,118.01,0.85,-1,-1,-1
49,5,149.38,180.91,89.93,121.17,0.90,-1,-1,-1
49,7,1054.68,294.55,163.69,229.63,0.88,-1,-1,-1
49,11,934.19,283.64,110.71,158.67,0.76,-1,-1,-1
49,12,408.04,194.51,21.92,58.55,0.88,-1,-1,-1
49,13,426.75,195.80,25.23,57.25,0.89,-1,-1,-1
49,14,446.57,189.77,32.99,91.14,0.90,-1,-1,-1
49,6,493.79,176.53,58.73,194.73,0.92,-1,-1,-1
49,16,473.82,195.09,28.75,85.65,0.88,-1,-1,-1
49,8,671.17,172.90,59.70,159.23,0.82,-1,-1,-1
50,1,704.10,49.82,456.64,1103.65,0.77,-1,-1,-1
50,2,123.75,184.26,82.13,211.89,0.93,-1,-1,-1
50,3,973.52,297.40,140.79,175.28,0.83,-1,-1,-1
50,4,56.09,215.51,96.24,118.32,0.85,-1,-1,-1
50,5,151.89,181.12,88.39,121.39,0.90,-1,-1,-1
50,7,1061.97,294.94,166.77,234.40,0.89,-1,-1,-1
50,11,941.05,284.26,109.53,157.25,0.81,-1,-1,-1
50,12,408.87,195.31,22.32,58.10,0.88,-1,-1,-1
50,13,428.05,196.18,25.28,57.35,0.89,-1,-1,-1
50,14,447.19,190.70,33.86,90.67,0.91,-1,-1,-1
50,6,496.20,177.12,57.30,194.23,0.92,-1,-1,-1
50,16,474.91,195.50,28.75,85.22,0.88,-1,-1,-1
50,8,673.42,173.19,60.24,159.96,0.84,-1,-1,-1
50,10,739.25,188.69,54.07,158.40,0.71,-1,-1,-1
51,1,710.55,42.11,538.12,1164.66,0.79,-1,-1,-1
51,2,124.26,185.36,81.97,212.53,0.93,-1,-1,-1
51,3,986.41,297.57,136.05,179.24,0.81,-1,-1,-1
51,4,57.49,215.96,94.54,119.00,0.85,-1,-1,-1
51,5,152.86,181.35,88.60,121.51,0.91,-1,-1,-1
51,7,1059.63,297.14,179.67,234.62,0.84,-1,-1,-1
51,11,945.77,285.23,114.89,162.95,0.78,-1,-1,-1
51,12,409.81,195.88,22.17,58.00,0.87,-1,-1,-1
51,13,429.02,196.53,24.99,57.37,0.88,-1,-1,-1
51,14,448.47,192.31,34.18,89.58,0.90,-1,-1,-1
51,6,497.83,177.90,57.40,194.24,0.91,-1,-1,-1
51,16,476.08,194.94,29.96,85.96,0.88,-1,-1,-1
51,8,675.58,173.49,61.62,162.90,0.83,-1,-1,-1
51,10,742.82,188.97,50.31,149.58,0.75,-1,-1,-1
52,1,730.15,43.52,533.98,1192.97,0.73,-1,-1,-1
52,2,124.54,185.64,82.17,213.99,0.93,-1,-1,-1
52,3,992.83,300.10,137.86,183.45,0.82,-1,-1,-1
52,4,57.84,216.42,95.63,119.29,0.85,-1,-1,-1
52,5,153.30,181.60,88.64,121.90,0.90,-1,-1,-1
52,7,1073.12,298.99,176.42,235.88,0.87,-1,-1,-1
52,11,957.97,286.42,108.71,165.10,0.77,-1,-1,-1
52,12,410.56,195.89,22.40,58.12,0.87,-1,-1,-1
52,13,429.92,196.53,24.56,57.77,0.87,-1,-1,-1
52,14,448.76,192.86,35.02,89.50,0.91,-1,-1,-1
52,6,499.56,178.22,57.40,194.67,0.90,-1,-1,-1
52,16,477.35,194.70,30.39,86.25,0.88,-1,-1,-1
52,8,677.84,173.77,62.10,166.12,0.82,-1,-1,-1
52,10,745.22,188.95,49.69,148.65,0.69,-1,-1,-1
53,1,748.95,18.49,562.00,1264.87,0.75,-1,-1,-1
53,2,124.70,185.09,82.60,216.39,0.93,-1,-1,-1
53,3,1005.48,301.76,133.79,179.63,0.79,-1,-1,-1
53,4,57.76,217.00,96.54,119.44,0.84,-1,-1,-1
53,5,153.07,182.08,89.73,122.08,0.89,-1,-1,-1
53,7,1082.14,301.42,178.55,239.36,0.86,-1,-1,-1
53,11,968.27,286.97,106.17,163.30,0.40,-1,-1,-1
53,12,411.46,195.97,22.20,58.19,0.87,-1,-1,-1
53,13,431.03,196.69,24.11,57.87,0.88,-1,-1,-1
53,14,449.63,193.06,35.20,89.59,0.90,-1,-1,-1
53,6,500.81,178.93,58.66,194.39,0.89,-1,-1,-1
53,16,479.05,195.07,29.98,85.73,0.87,-1,-1,-1
53,8,680.29,174.16,61.70,165.53,0.84,-1,-1,-1
53,10,750.15,189.19,47.67,146.87,0.76,-1,-1,-1
54,1,767.43,31.40,586.78,1249.73,0.67,-1,-1,-1
54,2,125.76,185.63,82.83,217.28,0.93,-1,-1,-1
54,3,1017.05,303.03,129.64,197.41,0.77,-1,-1,-1
54,4,57.61,217.62,96.32,119.63,0.84,-1,-1,-1
54,5,153.35,182.26,90.17,122.59,0.91,-1,-1,-1
54,7,1092.10,303.70,177.90,243.41,0.88,-1,-1,-1
54,12,411.82,195.81,22.40,58.44,0.88,-1,-1,-1
54,13,431.89,196.70,24.52,58.43,0.88,-1,-1,-1
54,14,450.38,192.86,35.81,90.05,0.91,-1,-1,-1
54,6,503.10,178.77,57.88,194.57,0.89,-1,-1,-1
54,16,480.67,194.79,29.79,85.80,0.87,-1,-1,-1
54,8,682.22,174.95,63.86,165.43,0.82,-1,-1,-1
54,10,752.60,190.06,47.51,148.69,0.77,-1,-1,-1
55,1,786.33,24.67,586.62,1301.90,0.63,-1,-1,-1
55,2,125.85,186.57,83.60,218.42,0.93,-1,-1,-1
55,3,1032.72,305.67,122.16,222.78,0.70,-1,-1,-1
55,4,57.00,218.33,96.12,119.83,0.82,-1,-1,-1
55,5,153.09,182.77,90.72,123.21,0.90,-1,-1,-1
55,7,1098.29,305.28,181.31,251.65,0.83,-1,-1,-1
55,12,412.17,195.91,22.79,58.90,0.87,-1,-1,-1
55,13,433.33,196.73,24.70,58.85,0.88,-1,-1,-1
55,14,450.91,192.94,36.81,90.33,0.90,-1,-1,-1
55,6,505.29,178.85,57.05,193.35,0.89,-1,-1,-1
55,16,482.30,195.00,30.35,85.62,0.89,-1,-1,-1
55,8,684.46,175.24,64.72,165.85,0.83,-1,-1,-1
55,10,755.66,190.86,47.51,146.22,0.76,-1,-1,-1
56,1,807.00,32.54,569.73,1301.64,0.43,-1,-1,-1
56,2,126.32,187.47,84.04,219.12,0.93,-1,-1,-1
56,3,1043.66,301.31,125.63,234.15,0.27,-1,-1,-1
56,4,56.90,219.14,96.44,119.60,0.82,-1,-1,-1
56,5,152.09,182.91,92.25,124.03,0.91,-1,-1,-1
56,7,1109.31,307.44,179.01,256.06,0.78,-1,-1,-1
56,12,412.58,195.23,23.53,59.90,0.87,-1,-1,-1
56,13,434.31,196.91,25.36,58.63,0.89,-1,-1,-1
56,14,451.69,192.77,37.18,90.74,0.90,-1,-1,-1
56,6,507.25,178.82,56.14,192.90,0.91,-1,-1,-1
56,16,483.47,194.74,30.55,85.86,0.90,-1,-1,-1
56,8,687.05,175.61,64.43,165.39,0.85,-1,-1,-1
56,10,758.83,191.13,46.92,144.07,0.78,-1,-1,-1
57,1,833.42,8.28,541.65,1322.73,0.52,-1,-1,-1
57,2,126.35,187.91,84.61,219.87,0.92,-1,-1,-1
57,4,56.49,219.37,96.23,120.37,0.82,-1,-1,-1
57,5,152.06,183.36,93.00,123.70,0.91,-1,-1,-1
57,7,1129.04,308.77,163.62,260.53,0.71,-1,-1,-1
57,12,412.63,194.78,24.10,60.40,0.88,-1,-1,-1
57,13,435.14,197.32,25.30,58.15,0.89,-1,-1,-1
57,14,453.18,192.82,37.15,90.87,0.91,-1,-1,-1
57,6,509.30,177.94,55.18,193.81,0.91,-1,-1,-1
57,16,484.05,194.98,31.81,85.71,0.90,-1,-1,-1
57,8,689.28,175.57,64.27,165.14,0.85,-1,-1,-1
57,10,761.21,191.50,47.92,145.38,0.78,-1,-1,-1
58,1,861.41,-22.89,550.61,1415.40,0.52,-1,-1,-1
58,2,126.48,187.78,84.50,221.15,0.91,-1,-1,-1
58,4,56.14,219.82,97.23,120.63,0.83,-1,-1,-1
58,5,153.35,183.39,92.25,123.77,0.90,-1,-1,-1
58,7,1169.04,309.61,126.58,281.34,0.14,-1,-1,-1
58,12,413.07,194.43,24.59,60.69,0.88,-1,-1,-1
58,13,435.71,197.28,25.26,58.07,0.89,-1,-1,-1
58,14,454.89,192.64,35.92,90.55,0.91,-1,-1,-1
58,6,510.83,176.67,54.23,194.01,0.92,-1,-1,-1
58,16,484.79,194.73,32.86,86.49,0.91,-1,-1,-1
58,8,691.36,175.64,63.57,163.41,0.85,-1,-1,-1
58,10,763.57,191.94,48.29,147.21,0.78,-1,-1,-1
59,1,893.98,-21.71,528.48,1446.77,0.57,-1,-1,-1
59,2,126.20,187.92,84.55,221.98,0.91,-1,-1,-1
59,4,55.79,219.98,99.19,121.28,0.83,-1,-1,-1
59,5,154.06,183.20,92.02,124.79,0.88,-1,-1,-1
59,12,413.58,194.66,25.10,60.74,0.89,-1,-1,-1
59,13,437.00,197.17,25.12,58.44,0.88,-1,-1,-1
59,14,457.08,192.47,34.87,90.54,0.90,-1,-1,-1
59,6,512.33,176.36,53.96,193.05,0.91,-1,-1,-1
59,16,486.30,194.90,32.12,86.21,0.89,-1,-1,-1
59,8,693.76,175.57,63.96,163.71,0.85,-1,-1,-1
59,10,767.29,191.92,48.49,150.14,0.77,-1,-1,-1
59,17,139.95,183.15,56.25,146.25,0.72,-1,-1,-1
60,1,933.49,-7.16,524.38,1427.72,0.53,-1,-1,-1
60,2,125.55,187.25,85.54,223.39,0.91,-1,-1,-1
60,4,55.74,219.73,100.10,121.79,0.82,-1,-1,-1
60,5,154.60,182.72,91.71,125.15,0.88,-1,-1,-1
60,12,414.23,194.98,24.97,60.28,0.87,-1,-1,-1
60,13,437.64,196.91,24.75,58.71,0.87,-1,-1,-1
60,14,458.19,191.97,34.59,90.44,0.91,-1,-1,-1
60,6,513.89,175.60,53.23,193.55,0.92,-1,-1,-1
60,16,486.99,194.77,32.38,86.54,0.90,-1,-1,-1
60,8,695.59,175.22,64.04,163.78,0.84,-1,-1,-1
60,10,769.26,191.76,49.74,153.89,0.75,-1,-1,-1
60,17,139.27,182.72,57.61,146.16,0.77,-1,-1,-1
61,1,970.47,20.32,533.79,1433.24,0.43,-1,-1,-1
61,2,124.69,185.93,86.26,225.56,0.91,-1,-1,-1
61,4,55.07,219.71,100.93,122.33,0.82,-1,-1,-1
61,5,155.46,182.66,91.41,125.25,0.89,-1,-1,-1
61,12,414.59,195.23,25.22,60.06,0.87,-1,-1,-1
61,13,438.73,196.78,24.62,58.77,0.88,-1,-1,-1
61,14,459.77,191.60,34.21,90.22,0.91,-1,-1,-1
61,6,514.41,174.89,54.23,194.14,0.91,-1,-1,-1
61,16,488.12,195.21,32.50,85.80,0.89,-1,-1,-1
61,8,697.82,174.51,63.51,162.38,0.84,-1,-1,-1
61,10,772.45,190.45,49.05,152.91,0.76,-1,-1,-1
61,17,140.55,184.07,56.71,144.48,0.75,-1,-1,-1
62,1,1006.39,20.85,502.59,1385.07,0.15,-1,-1,-1
62,2,124.18,185.47,87.12,226.83,0.91,-1,-1,-1
62,4,54.29,219.13,101.80,123.14,0.82,-1,-1,-1
62,5,155.90,182.08,90.91,125.60,0.89,-1,-1,-1
62,12,415.53,195.09,25.31,59.98,0.87,-1,-1,-1
62,13,439.64,196.65,24.72,58.64,0.89,-1,-1,-1
62,14,461.45,191.08,33.61,89.86,0.90,-1,-1,-1
62,6,515.85,174.26,54.00,194.99,0.91,-1,-1,-1
62,16,489.20,195.45,32.53,85.54,0.89,-1,-1,-1
62,8,699.89,173.88,64.49,166.39,0.85,-1,-1,-1
62,10,774.26,189.52,51.78,157.41,0.76,-1,-1,-1
62,17,140.79,183.08,57.39,145.49,0.76,-1,-1,-1
63,1,1050.53,88.42,403.88,1214.70,0.39,-1,-1,-1
63,2,123.28,184.98,87.83,228.11,0.90,-1,-1,-1
63,4,53.88,218.72,101.94,123.71,0.81,-1,-1,-1
63,5,154.20,181.55,92.78,126.00,0.88,-1,-1,-1
63,12,416.20,195.20,25.62,59.93,0.87,-1,-1,-1
63,13,440.28,196.39,25.05,58.81,0.88,-1,-1,-1
63,14,462.97,191.13,33.37,90.23,0.90,-1,-1,-1
63,6,517.24,174.21,53.90,194.97,0.91,-1,-1,-1
63,16,490.18,195.11,32.51,85.57,0.89,-1,-1,-1
63,8,701.77,173.24,65.41,170.52,0.83,-1,-1,-1
63,10,777.20,188.62,51.59,159.92,0.77,-1,-1,-1
63,17,140.42,182.22,59.44,146.13,0.76,-1,-1,-1
63,11,1014.80,293.90,120.44,271.63,0.71,-1,-1,-1
64,1,1091.49,109.83,382.09,1165.95,0.24,-1,-1,-1
64,2,122.95,185.70,86.49,228.02,0.91,-1,-1,-1
64,4,53.05,218.29,102.46,124.55,0.82,-1,-1,-1
64,5,155.88,181.44,90.82,125.65,0.87,-1,-1,-1
64,12,416.47,195.09,26.03,59.93,0.87,-1,-1,-1
64,13,440.98,196.52,25.48,58.81,0.88,-1,-1,-1
64,14,464.29,191.30,33.30,90.41,0.90,-1,-1,-1
64,6,518.52,174.34,53.90,195.02,0.91,-1,-1,-1
64,16,490.71,195.36,32.52,85.24,0.89,-1,-1,-1
64,8,703.28,172.24,66.37,173.91,0.83,-1,-1,-1
64,10,780.60,187.98,50.92,157.93,0.76,-1,-1,-1
64,17,139.95,181.54,63.35,143.01,0.75,-1,-1,-1
64,11,1022.50,293.93,119.87,277.96,0.79,-1,-1,-1
64,3,1110.86,311.21,112.50,270.35,0.72,-1,-1,-1
65,1,1105.70,155.53,389.90,1085.02,0.23,-1,-1,-1
65,2,122.27,186.39,85.71,227.99,0.92,-1,-1,-1
65,4,51.76,217.86,104.20,125.24,0.83,-1,-1,-1
65,5,156.87,181.41,90.09,125.75,0.88,-1,-1,-1
65,12,416.81,194.96,26.20,60.54,0.89,-1,-1,-1
65,13,441.91,196.41,25.80,59.04,0.88,-1,-1,-1
65,14,465.30,191.35,33.30,90.27,0.90,-1,-1,-1
65,6,519.52,174.29,53.95,195.38,0.91,-1,-1,-1
65,16,492.05,195.50,32.53,85.14,0.89,-1,-1,-1
65,8,705.60,171.51,66.77,172.18,0.82,-1,-1,-1
65,10,781.82,186.93,53.09,158.58,0.74,-1,-1,-1
65,17,138.96,180.83,64.90,146.23,0.79,-1,-1,-1
65,11,1030.09,293.35,120.94,280.79,0.74,-1,-1,-1
65,3,1114.70,310.35,130.41,298.63,0.79,-1,-1,-1
66,2,121.92,186.93,85.47,228.29,0.92,-1,-1,-1
66,4,50.78,217.59,104.13,126.06,0.85,-1,-1,-1
66,5,157.57,180.96,89.62,126.73,0.88,-1,-1,-1
66,12,417.58,195.17,25.93,60.63,0.88,-1,-1,-1
66,13,443.06,196.48,25.90,59.30,0.89,-1,-1,-1
66,14,466.15,191.34,33.27,90.69,0.90,-1,-1,-1
66,6,521.27,175.48,53.30,194.65,0.91,-1,-1,-1
66,16,493.03,195.40,32.50,85.12,0.89,-1,-1,-1
66,8,708.45,171.25,66.24,172.47,0.84,-1,-1,-1
66,10,784.26,186.59,53.83,159.80,0.75,-1,-1,-1
66,17,137.79,179.72,67.33,148.40,0.82,-1,-1,-1
66,11,1037.18,294.36,121.20,276.58,0.81,-1,-1,-1
66,3,1118.73,310.97,135.16,289.64,0.80,-1,-1,-1
67,2,120.48,186.27,86.38,230.24,0.92,-1,-1,-1
67,4,49.64,217.35,105.13,126.22,0.84,-1,-1,-1
67,5,159.57,181.13,88.32,126.66,0.89,-1,-1,-1
67,12,418.14,195.10,25.80,60.60,0.88,-1,-1,-1
67,13,443.56,196.66,26.21,59.03,0.89,-1,-1,-1
67,14,468.03,191.80,32.03,90.00,0.90,-1,-1,-1
67,6,521.90,176.02,53.03,194.25,0.91,-1,-1,-1
67,16,493.73,195.50,32.46,84.74,0.89,-1,-1,-1
67,8,709.89,170.56,67.17,176.56,0.82,-1,-1,-1
67,10,786.04,186.14,54.07,160.37,0.74,-1,-1,-1
67,17,137.31,179.76,69.49,148.03,0.82,-1,-1,-1
67,11,1043.66,294.58,121.16,271.66,0.79,-1,-1,-1
67,3,1126.67,310.31,135.71,263.90,0.79,-1,-1,-1
68,2,120.03,187.19,85.20,230.98,0.92,-1,-1,-1
68,4,48.85,217.54,104.18,127.28,0.85,-1,-1,-1
68,5,161.00,181.41,86.87,127.26,0.89,-1,-1,-1
68,12,418.68,195.52,25.75,60.71,0.89,-1,-1,-1
68,13,444.24,196.95,26.18,59.12,0.88,-1,-1,-1
68,14,469.37,192.87,32.18,88.84,0.90,-1,-1,-1
68,6,522.80,178.11,52.93,192.90,0.91,-1,-1,-1
68,16,494.35,195.54,33.04,84.74,0.90,-1,-1,-1
68,8,711.82,171.04,67.50,174.66,0.85,-1,-1,-1
68,10,787.83,186.61,55.92,162.77,0.73,-1,-1,-1
68,17,136.99,179.98,70.11,149.75,0.86,-1,-1,-1
68,11,1048.14,295.73,125.89,258.02,0.76,-1,-1,-1
68,3,1134.10,311.49,137.04,255.25,0.83,-1,-1,-1
69,2,119.58,188.16,84.84,231.51,0.92,-1,-1,-1
69,4,48.22,217.91,105.04,127.78,0.85,-1,-1,-1
69,5,161.75,181.69,85.88,127.46,0.89,-1,-1,-1
69,12,418.87,195.57,25.70,60.74,0.88,-1,-1,-1
69,13,444.73,196.80,26.29,59.30,0.88,-1,-1,-1
69,14,471.42,193.38,31.01,88.30,0.90,-1,-1,-1
69,6,523.42,179.16,52.26,192.15,0.91,-1,-1,-1
69,16,495.20,195.66,32.63,84.49,0.90,-1,-1,-1
69,8,712.86,171.34,68.16,173.33,0.85,-1,-1,-1
69,10,789.89,186.88,57.74,164.92,0.74,-1,-1,-1
69,17,135.96,179.96,70.95,150.63,0.86,-1,-1,-1
69,11,1051.11,296.77,129.88,252.62,0.75,-1,-1,-1
69,3,1145.71,312.82,136.17,251.81,0.80,-1,-1,-1
70,2,119.25,187.02,84.94,234.56,0.92,-1,-1,-1
70,4,46.95,218.61,106.06,128.50,0.85,-1,-1,-1
70,5,158.61,182.02,89.06,127.69,0.87,-1,-1,-1
70,12,419.73,195.23,25.35,61.40,0.88,-1,-1,-1
70,13,445.39,196.91,25.85,59.49,0.88,-1,-1,-1
70,14,472.78,193.74,30.56,88.06,0.90,-1,-1,-1
70,6,524.21,179.81,51.98,192.17,0.91,-1,-1,-1
70,16,495.82,195.89,32.44,84.21,0.91,-1,-1,-1
70,8,714.28,171.68,68.33,173.93,0.84,-1,-1,-1
70,10,793.11,187.80,56.60,166.23,0.74,-1,-1,-1
70,17,138.02,181.15,68.03,150.27,0.84,-1,-1,-1
70,11,1057.65,298.09,130.08,258.42,0.79,-1,-1,-1
70,3,1155.48,314.53,135.66,253.48,0.81,-1,-1,-1
71,2,117.77,187.80,86.17,236.46,0.92,-1,-1,-1
71,4,46.38,219.41,107.20,129.03,0.83,-1,-1,-1
71,5,159.96,182.32,87.39,128.04,0.89,-1,-1,-1
71,12,420.09,194.81,26.17,62.59,0.88,-1,-1,-1
71,13,446.16,197.19,26.18,59.83,0.89,-1,-1,-1
71,14,474.60,194.49,29.84,88.09,0.90,-1,-1,-1
71,6,525.33,180.55,51.97,192.88,0.91,-1,-1,-1
71,16,497.12,196.06,32.42,85.04,0.90,-1,-1,-1
71,8,716.91,172.34,67.90,171.21,0.83,-1,-1,-1
71,10,797.18,188.73,55.62,166.44,0.74,-1,-1,-1
71,17,136.64,181.55,68.30,150.95,0.85,-1,-1,-1
71,11,1066.67,301.03,129.14,268.42,0.80,-1,-1,-1
71,3,1169.97,317.19,129.68,264.42,0.80,-1,-1,-1
72,2,117.30,188.77,86.30,237.96,0.92,-1,-1,-1
72,4,45.73,221.04,107.27,128.31,0.84,-1,-1,-1
72,5,160.64,182.80,86.60,128.25,0.90,-1,-1,-1
72,12,420.67,195.21,25.86,62.35,0.87,-1,-1,-1
72,13,446.41,197.39,26.44,60.02,0.89,-1,-1,-1
72,14,475.93,194.91,28.98,87.75,0.91,-1,-1,-1
72,6,525.41,180.52,53.19,193.55,0.91,-1,-1,-1
72,16,498.24,195.82,31.80,85.60,0.90,-1,-1,-1
72,8,718.77,173.14,67.69,171.46,0.84,-1,-1,-1
72,10,800.35,189.42,53.42,163.90,0.77,-1,-1,-1
72,17,136.62,182.61,67.13,150.57,0.84,-1,-1,-1
72,11,1072.46,302.00,132.21,279.32,0.80,-1,-1,-1
72,3,1179.99,319.14,127.24,282.00,0.79,-1,-1,-1
73,2,116.06,189.00,87.30,240.00,0.92,-1,-1,-1
73,4,44.70,221.76,105.61,129.11,0.84,-1,-1,-1
73,5,160.40,183.21,86.67,128.36,0.88,-1,-1,-1
73,12,421.43,195.66,26.05,62.34,0.87,-1,-1,-1
73,13,447.18,197.53,26.55,60.26,0.88,-1,-1,-1
73,14,477.08,195.66,28.70,87.14,0.90,-1,-1,-1
73,6,526.15,180.18,54.28,193.81,0.90,-1,-1,-1
73,16,499.66,196.10,31.58,85.85,0.90,-1,-1,-1
73,8,721.42,173.86,67.65,168.84,0.85,-1,-1,-1
73,10,803.20,189.88,53.22,162.35,0.75,-1,-1,-1
73,17,134.93,182.57,68.05,151.75,0.85,-1,-1,-1
73,11,1078.99,303.30,133.39,288.32,0.79,-1,-1,-1
73,3,1187.99,321.98,130.06,294.74,0.77,-1,-1,-1
74,2,115.07,189.13,87.74,241.71,0.92,-1,-1,-1
74,4,44.14,222.27,104.42,129.50,0.85,-1,-1,-1
74,5,160.43,183.41,87.26,128.28,0.88,-1,-1,-1
74,12,422.07,195.90,26.11,62.20,0.87,-1,-1,-1
74,13,447.65,197.43,26.87,60.29,0.89,-1,-1,-1
74,14,478.25,195.55,29.22,87.69,0.90,-1,-1,-1
74,6,525.94,180.19,55.87,192.55,0.91,-1,-1,-1
74,16,500.63,196.35,31.49,85.27,0.89,-1,-1,-1
74,8,723.23,174.03,67.59,168.08,0.86,-1,-1,-1
74,10,804.99,190.69,53.12,163.35,0.75,-1,-1,-1
74,17,135.81,183.04,66.24,152.05,0.85,-1,-1,-1
74,11,1085.41,304.45,136.09,292.71,0.79,-1,-1,-1
74,3,1196.59,325.29,127.43,298.78,0.72,-1,-1,-1
75,2,114.42,190.04,87.65,242.52,0.92,-1,-1,-1
75,4,43.41,222.66,104.04,129.66,0.86,-1,-1,-1
75,5,161.12,183.60,87.18,128.19,0.88,-1,-1,-1
75,12,422.61,195.40,26.13,62.80,0.88,-1,-1,-1
75,13,448.26,197.47,27.14,60.27,0.89,-1,-1,-1
75,14,478.94,194.96,30.03,88.17,0.90,-1,-1,-1
75,6,525.80,179.94,57.07,192.02,0.91,-1,-1,-1
75,16,501.54,196.28,31.46,85.40,0.89,-1,-1,-1
75,8,725.56,173.91,67.56,168.88,0.87,-1,-1,-1
75,10,807.57,190.70,54.30,165.14,0.76,-1,-1,-1
75,17,136.86,183.35,64.61,152.69,0.85,-1,-1,-1
75,11,1095.15,305.82,134.72,291.44,0.78,-1,-1,-1
75,3,1210.73,330.97,116.73,291.25,0.71,-1,-1,-1
76,2,112.33,190.03,88.72,244.54,0.92,-1,-1,-1
76,4,41.88,222.90,104.59,130.85,0.85,-1,-1,-1
76,5,160.72,183.68,87.35,128.71,0.89,-1,-1,-1
76,12,422.69,194.68,26.49,63.81,0.87,-1,-1,-1
76,13,448.86,197.86,27.75,60.16,0.89,-1,-1,-1
76,14,479.75,193.98,31.01,89.14,0.90,-1,-1,-1
76,6,526.13,178.90,58.85,192.82,0.92,-1,-1,-1
76,16,502.81,196.55,31.53,85.47,0.89,-1,-1,-1
76,8,727.49,173.92,68.31,169.22,0.84,-1,-1,-1
76,10,812.13,190.49,53.09,163.75,0.74,-1,-1,-1
76,17,137.94,183.92,62.02,153.22,0.85,-1,-1,-1
76,11,1104.75,307.05,133.25,292.50,0.78,-1,-1,-1
76,3,1222.56,330.89,114.21,291.11,0.61,-1,-1,-1
77,2,111.80,189.38,88.97,246.54,0.92,-1,-1,-1
77,4,41.18,222.81,105.77,131.80,0.83,-1,-1,-1
77,5,160.92,183.54,87.78,128.88,0.89,-1,-1,-1
77,12,423.10,193.47,27.18,65.37,0.85,-1,-1,-1
77,13,449.61,197.89,28.08,60.18,0.89,-1,-1,-1
77,14,480.99,193.21,31.34,89.26,0.91,-1,-1,-1
77,6,526.60,177.30,61.18,193.98,0.92,-1,-1,-1
77,16,504.21,196.40,31.51,85.85,0.88,-1,-1,-1
77,8,729.62,173.42,69.08,168.71,0.83,-1,-1,-1
77,10,816.08,190.23,52.50,161.34,0.75,-1,-1,-1
77,17,138.41,184.25,60.64,153.37,0.84,-1,-1,-1
77,11,1111.17,307.70,137.24,288.23,0.71,-1,-1,-1
77,3,1234.43,332.08,110.73,308.03,0.32,-1,-1,-1
78,2,111.65,189.23,88.46,247.70,0.92,-1,-1,-1
78,4,40.84,222.94,106.13,132.32,0.84,-1,-1,-1
78,5,160.81,183.50,88.14,129.12,0.90,-1,-1,-1
78,12,423.56,192.95,26.85,65.89,0.86,-1,-1,-1
78,13,450.47,197.82,27.46,60.13,0.88,-1,-1,-1
78,14,481.84,192.68,31.46,89.68,0.91,-1,-1,-1
78,6,526.56,176.09,63.25,194.03,0.92,-1,-1,-1
78,16,505.41,196.56,30.30,85.32,0.87,-1,-1,-1
78,8,732.09,172.94,68.17,168.99,0.83,-1,-1,-1
78,10,818.25,189.58,53.51,163.54,0.72,-1,-1,-1
78,17,138.11,183.79,60.15,153.57,0.84,-1,-1,-1
78,11,1118.75,308.14,139.87,288.51,0.74,-1,-1,-1
79,2,110.55,187.15,89.59,251.04,0.92,-1,-1,-1
79,4,40.20,222.97,105.79,132.13,0.84,-1,-1,-1
79,5,161.01,183.26,88.40,129.36,0.89,-1,-1,-1
79,12,423.70,192.58,26.70,66.49,0.85,-1,-1,-1
79,13,451.19,197.69,27.05,60.31,0.87,-1,-1,-1
79,14,482.67,192.16,31.51,89.94,0.90,-1,-1,-1
79,6,526.45,175.70,65.76,193.59,0.93,-1,-1,-1
79,16,506.98,197.19,29.22,84.18,0.87,-1,-1,-1
79,8,733.99,172.13,68.99,172.03,0.83,-1,-1,-1
79,10,820.57,189.05,54.47,166.44,0.75,-1,-1,-1
79,17,137.26,183.16,60.59,154.77,0.85,-1,-1,-1
79,11,1127.58,308.15,140.79,294.02,0.73,-1,-1,-1
80,2,109.35,186.67,90.09,252.13,0.92,-1,-1,-1
80,4,39.81,222.65,105.44,132.28,0.84,-1,-1,-1
80,5,160.84,182.73,88.97,129.54,0.89,-1,-1,-1
80,12,423.89,192.85,26.03,65.70,0.83,-1,-1,-1
80,13,451.28,197.59,26.88,60.12,0.87,-1,-1,-1
80,14,483.07,191.92,32.10,89.63,0.90,-1,-1,-1
80,6,526.20,175.00,67.83,194.25,0.93,-1,-1,-1
80,16,507.95,197.53,28.21,83.19,0.87,-1,-1,-1
80,8,735.83,171.58,69.85,171.89,0.85,-1,-1,-1
80,10,822.50,188.61,55.39,165.96,0.73,-1,-1,-1
80,17,134.82,182.47,62.24,156.33,0.84,-1,-1,-1
80,11,1133.77,308.42,144.55,285.19,0.57,-1,-1,-1
81,2,107.80,185.48,90.72,254.01,0.91,-1,-1,-1
81,4,39.08,222.04,105.44,132.69,0.82,-1,-1,-1
81,5,159.88,182.26,90.33,130.20,0.87,-1,-1,-1
81,12,423.69,193.12,26.37,65.42,0.86,-1,-1,-1
81,13,451.94,197.56,26.81,59.93,0.86,-1,-1,-1
81,14,484.14,192.00,32.32,88.95,0.91,-1,-1,-1
81,6,526.18,174.91,69.19,194.58,0.93,-1,-1,-1
81,16,509.25,197.59,27.24,83.10,0.86,-1,-1,-1
81,8,737.83,171.11,70.17,172.21,0.85,-1,-1,-1
81,10,824.83,187.98,55.74,167.40,0.73,-1,-1,-1
81,17,134.30,181.88,62.11,156.37,0.84,-1,-1,-1
81,11,1140.93,308.34,147.13,281.72,0.48,-1,-1,-1
82,2,106.21,187.65,91.40,252.75,0.92,-1,-1,-1
82,4,37.99,221.67,105.47,133.39,0.82,-1,-1,-1
82,5,159.95,181.95,91.35,130.40,0.88,-1,-1,-1
82,12,423.48,193.15,27.10,65.66,0.86,-1,-1,-1
82,13,452.34,197.62,27.54,59.92,0.88,-1,-1,-1
82,14,484.52,192.18,33.00,89.28,0.91,-1,-1,-1
82,6,526.45,174.88,70.26,194.66,0.93,-1,-1,-1
82,16,510.30,197.14,28.15,83.67,0.86,-1,-1,-1
82,8,739.96,170.77,70.28,174.08,0.85,-1,-1,-1
82,10,828.24,187.64,57.05,169.01,0.76,-1,-1,-1
82,17,132.98,181.22,63.12,157.23,0.81,-1,-1,-1
82,11,1149.80,308.51,149.23,289.62,0.51,-1,-1,-1
83,2,104.84,187.01,91.88,254.85,0.92,-1,-1,-1
83,4,36.47,221.19,103.97,134.03,0.82,-1,-1,-1
83,5,159.96,181.54,91.81,131.38,0.88,-1,-1,-1
83,12,421.94,193.52,28.28,65.64,0.87,-1,-1,-1
83,13,453.12,197.55,27.83,59.80,0.88,-1,-1,-1
83,14,484.71,192.08,34.46,89.69,0.92,-1,-1,-1
83,6,527.24,176.05,71.29,194.45,0.93,-1,-1,-1
83,16,511.34,197.10,28.50,84.17,0.87,-1,-1,-1
83,8,742.45,169.85,70.37,172.73,0.86,-1,-1,-1
83,10,830.96,186.94,57.59,167.03,0.71,-1,-1,-1
83,17,130.98,180.45,64.90,158.24,0.83,-1,-1,-1
83,11,1163.57,308.49,143.04,293.72,0.47,-1,-1,-1
84,2,103.09,186.93,92.69,257.17,0.93,-1,-1,-1
84,4,34.41,220.81,105.12,134.64,0.78,-1,-1,-1
84,5,159.89,181.11,92.15,132.20,0.88,-1,-1,-1
84,12,420.53,194.18,29.33,65.14,0.89,-1,-1,-1
84,13,453.92,197.67,27.95,59.80,0.88,-1,-1,-1
84,14,484.41,192.64,35.61,89.30,0.92,-1,-1,-1
84,6,527.51,176.86,72.84,194.26,0.93,-1,-1,-1
84,16,512.26,196.55,28.65,84.19,0.87,-1,-1,-1
84,8,745.51,169.30,71.61,174.18,0.85,-1,-1,-1
84,10,834.13,186.42,59.58,169.35,0.76,-1,-1,-1
84,17,129.91,179.97,65.59,159.00,0.82,-1,-1,-1
84,11,1178.48,308.91,133.30,294.94,0.43,-1,-1,-1
85,2,101.97,184.86,93.72,260.97,0.92,-1,-1,-1
85,4,33.38,220.66,105.48,135.78,0.77,-1,-1,-1
85,5,160.51,180.93,92.21,132.91,0.85,-1,-1,-1
85,12,419.90,194.16,29.98,65.37,0.89,-1,-1,-1
85,13,454.66,197.58,28.40,60.24,0.88,-1,-1,-1
85,14,484.23,193.18,37.17,88.20,0.91,-1,-1,-1
85,6,528.09,177.45,73.29,193.91,0.92,-1,-1,-1
85,16,512.78,195.99,29.89,84.08,0.88,-1,-1,-1
85,8,747.66,169.09,72.57,178.36,0.85,-1,-1,-1
85,10,837.35,185.75,58.47,169.05,0.75,-1,-1,-1
85,17,130.09,179.62,65.30,159.62,0.79,-1,-1,-1
85,11,1194.93,310.30,117.07,281.13,0.16,-1,-1,-1
86,2,100.49,186.93,94.47,261.03,0.92,-1,-1,-1
86,4,32.81,221.26,105.11,135.88,0.77,-1,-1,-1
86,5,160.84,181.04,92.10,133.58,0.89,-1,-1,-1
86,12,420.18,194.48,30.54,65.40,0.90,-1,-1,-1
86,13,455.50,197.95,28.74,60.12,0.89,-1,-1,-1
86,14,484.61,193.64,38.37,88.29,0.91,-1,-1,-1
86,6,530.02,178.36,72.90,194.14,0.92,-1,-1,-1
86,16,513.76,195.82,29.78,84.17,0.87,-1,-1,-1
86,8,750.44,169.52,72.39,179.58,0.84,-1,-1,-1
86,10,840.63,185.89,59.85,172.76,0.75,-1,-1,-1
86,17,128.97,179.59,65.54,160.96,0.77,-1,-1,-1
87,2,99.04,188.29,95.08,261.53,0.92,-1,-1,-1
87,4,32.03,221.49,104.60,136.24,0.77,-1,-1,-1
87,5,161.22,180.98,92.09,134.02,0.89,-1,-1,-1
87,12,420.37,194.89,30.71,65.24,0.90,-1,-1,-1
87,13,455.97,198.01,28.83,60.29,0.89,-1,-1,-1
87,14,484.28,194.56,39.37,87.54,0.91,-1,-1,-1
87,6,532.01,178.56,72.62,194.50,0.92,-1,-1,-1
87,16,514.78,195.45,29.70,84.47,0.88,-1,-1,-1
87,8,753.30,169.62,71.62,178.88,0.83,-1,-1,-1
87,10,843.84,186.01,60.89,171.83,0.71,-1,-1,-1
87,17,129.09,179.70,65.25,160.94,0.81,-1,-1,-1
88,2,97.07,188.75,96.62,263.97,0.93,-1,-1,-1
88,4,29.65,222.19,107.83,137.37,0.75,-1,-1,-1
88,5,160.72,181.51,93.35,134.21,0.90,-1,-1,-1
88,12,420.69,196.31,30.75,64.22,0.89,-1,-1,-1
88,13,456.37,198.47,28.85,60.37,0.90,-1,-1,-1
88,14,484.68,195.05,39.73,87.59,0.91,-1,-1,-1
88,6,534.51,179.98,71.28,193.79,0.93,-1,-1,-1
88,16,516.00,195.99,29.67,84.23,0.89,-1,-1,-1
88,8,755.21,169.70,73.11,183.42,0.86,-1,-1,-1
88,10,847.97,187.76,61.25,170.89,0.74,-1,-1,-1
88,17,129.05,179.63,64.82,163.41,0.81,-1,-1,-1
89,2,95.49,189.91,97.04,266.42,0.92,-1,-1,-1
89,4,28.86,223.37,108.37,138.08,0.81,-1,-1,-1
89,5,160.54,182.03,93.97,134.58,0.89,-1,-1,-1
89,12,420.70,196.56,30.76,64.44,0.89,-1,-1,-1
89,13,456.84,199.04,28.41,60.18,0.90,-1,-1,-1
89,14,485.28,195.69,39.85,87.63,0.90,-1,-1,-1
89,6,537.43,180.82,68.93,194.14,0.92,-1,-1,-1
89,16,516.91,196.29,29.66,84.22,0.89,-1,-1,-1
89,8,757.25,170.21,73.07,183.92,0.85,-1,-1,-1
89,10,852.31,188.60,58.41,169.91,0.75,-1,-1,-1
89,17,128.85,180.15,65.26,163.96,0.87,-1,-1,-1
90,2,93.98,190.87,98.80,268.15,0.94,-1,-1,-1
90,4,28.98,224.41,106.66,139.17,0.83,-1,-1,-1
90,5,159.97,182.62,94.68,134.87,0.88,-1,-1,-1
90,12,421.23,196.20,30.44,64.80,0.90,-1,-1,-1
90,13,457.65,199.11,28.53,60.38,0.89,-1,-1,-1
90,14,485.83,196.01,39.86,87.54,0.91,-1,-1,-1
90,6,540.93,181.75,66.78,194.49,0.92,-1,-1,-1
90,16,517.54,196.50,29.65,85.02,0.89,-1,-1,-1
90,8,759.96,170.58,71.81,182.80,0.84,-1,-1,-1
90,10,857.06,189.23,55.43,165.56,0.76,-1,-1,-1
90,17,128.44,180.67,66.14,164.67,0.88,-1,-1,-1
91,2,91.94,192.50,100.66,269.23,0.94,-1,-1,-1
91,4,27.42,225.12,105.73,138.04,0.82,-1,-1,-1
91,5,165.04,183.36,89.30,134.41,0.82,-1,-1,-1
91,12,421.20,195.47,30.62,65.60,0.89,-1,-1,-1
91,13,458.00,198.98,28.73,61.43,0.89,-1,-1,-1
91,14,487.42,195.66,39.27,87.87,0.91,-1,-1,-1
91,6,543.31,181.83,66.03,194.91,0.92,-1,-1,-1
91,16,518.56,196.63,29.66,85.60,0.89,-1,-1,-1
91,8,762.60,171.24,72.57,187.63,0.84,-1,-1,-1
91,10,858.27,190.04,57.44,167.54,0.74,-1,-1,-1
91,17,127.49,181.55,66.95,166.30,0.89,-1,-1,-1
92,2,89.26,193.14,101.80,270.71,0.93,-1,-1,-1
92,4,24.89,225.34,105.76,138.19,0.83,-1,-1,-1
92,5,163.45,183.37,90.97,134.76,0.83,-1,-1,-1
92,12,420.67,194.92,30.68,66.27,0.88,-1,-1,-1
92,13,458.78,198.80,28.81,62.19,0.89,-1,-1,-1
92,14,488.98,195.25,38.43,88.23,0.92,-1,-1,-1
92,6,546.33,181.65,64.55,194.48,0.92,-1,-1,-1
92,16,519.58,196.78,29.68,85.83,0.89,-1,-1,-1
92,8,765.09,171.29,73.45,188.08,0.83,-1,-1,-1
92,10,861.13,190.73,58.76,168.87,0.76,-1,-1,-1
92,17,126.60,181.77,67.86,169.35,0.88,-1,-1,-1
93,2,85.90,194.06,102.92,271.74,0.93,-1,-1,-1
93,4,23.80,225.57,106.46,138.81,0.78,-1,-1,-1
93,5,160.62,182.95,93.96,135.60,0.91,-1,-1,-1
93,12,420.38,194.78,30.10,66.17,0.89,-1,-1,-1
93,13,459.12,199.03,28.68,62.35,0.89,-1,-1,-1
93,14,489.78,195.47,37.49,87.58,0.91,-1,-1,-1
93,6,548.25,181.12,63.99,195.28,0.92,-1,-1,-1
93,16,520.17,197.45,29.67,85.34,0.89,-1,-1,-1
93,8,767.14,171.72,74.36,186.70,0.84,-1,-1,-1
93,10,863.90,190.44,58.65,170.92,0.77,-1,-1,-1
93,17,124.26,181.64,69.37,169.34,0.88,-1,-1,-1
94,2,81.86,194.06,104.33,274.19,0.93,-1,-1,-1
94,4,21.12,224.98,107.77,139.79,0.81,-1,-1,-1
94,5,157.87,182.67,96.41,136.22,0.88,-1,-1,-1
94,12,420.18,194.25,29.29,66.32,0.89,-1,-1,-1
94,13,459.91,198.93,28.20,62.44,0.89,-1,-1,-1
94,14,491.21,194.91,36.55,87.39,0.91,-1,-1,-1
94,6,549.48,179.81,63.85,195.71,0.91,-1,-1,-1
94,16,520.62,197.59,29.70,84.98,0.89,-1,-1,-1
94,8,769.76,171.14,74.16,187.67,0.84,-1,-1,-1
94,10,867.12,190.11,59.54,176.28,0.76,-1,-1,-1
94,17,122.43,180.81,69.98,172.09,0.87,-1,-1,-1
95,2,78.44,195.97,106.91,274.48,0.92,-1,-1,-1
95,4,18.52,224.99,108.54,141.15,0.77,-1,-1,-1
95,5,156.50,182.53,97.83,137.22,0.91,-1,-1,-1
95,12,420.28,194.26,28.41,66.20,0.89,-1,-1,-1
95,13,460.99,198.88,27.45,62.66,0.89,-1,-1,-1
95,14,493.76,194.37,35.03,88.00,0.91,-1,-1,-1
95,6,551.66,178.81,62.69,195.43,0.91,-1,-1,-1
95,16,521.31,197.83,29.75,84.54,0.88,-1,-1,-1
95,8,772.04,170.81,74.17,188.01,0.84,-1,-1,-1
95,10,870.91,189.87,60.26,174.59,0.75,-1,-1,-1
95,17,121.41,181.14,70.15,172.64,0.87,-1,-1,-1
96,2,75.30,194.40,112.19,277.47,0.93,-1,-1,-1
96,4,16.34,224.60,110.54,143.79,0.54,-1,-1,-1
96,5,156.34,182.55,97.42,137.41,0.93,-1,-1,-1
96,12,420.64,193.82,27.42,66.48,0.89,-1,-1,-1
96,13,461.61,198.84,27.72,62.48,0.89,-1,-1,-1
96,14,496.39,193.79,32.55,88.30,0.91,-1,-1,-1
96,6,553.39,177.86,60.93,194.67,0.92,-1,-1,-1
96,16,521.96,198.67,29.71,83.62,0.89,-1,-1,-1
96,8,772.48,169.77,77.62,196.98,0.85,-1,-1,-1
96,10,872.60,189.35,61.60,180.77,0.76,-1,-1,-1
96,17,120.28,181.56,70.80,170.70,0.89,-1,-1,-1
97,2,70.81,192.66,117.62,280.72,0.94,-1,-1,-1
97,4,14.53,224.65,106.96,141.00,0.65,-1,-1,-1
97,5,157.17,182.12,96.29,137.79,0.93,-1,-1,-1
97,12,420.74,193.82,26.12,66.36,0.88,-1,-1,-1
97,13,462.07,198.71,27.81,62.64,0.89,-1,-1,-1
97,14,498.21,193.69,31.01,88.12,0.91,-1,-1,-1
97,6,553.91,176.73,60.86,194.71,0.92,-1,-1,-1
97,16,523.04,198.80,29.07,83.29,0.89,-1,-1,-1
97,8,773.43,168.85,80.01,202.65,0.86,-1,-1,-1
97,10,874.86,188.94,63.22,182.16,0.76,-1,-1,-1
97,17,119.41,181.13,70.98,172.33,0.89,-1,-1,-1
98,2,66.65,190.62,121.63,284.34,0.94,-1,-1,-1
98,4,14.60,224.33,101.66,143.33,0.76,-1,-1,-1
98,5,156.97,181.32,96.06,138.66,0.93,-1,-1,-1
98,12,421.43,195.31,24.73,64.93,0.87,-1,-1,-1
98,13,462.53,198.55,27.84,62.43,0.90,-1,-1,-1
98,14,499.71,193.40,30.50,88.39,0.91,-1,-1,-1
98,6,554.61,175.53,60.25,194.62,0.91,-1,-1,-1
98,16,523.68,198.50,28.84,83.13,0.89,-1,-1,-1
98,8,775.32,168.27,82.08,203.20,0.86,-1,-1,-1
98,10,877.49,186.90,64.13,187.59,0.76,-1,-1,-1
98,17,117.19,179.81,72.52,177.89,0.89,-1,-1,-1
99,2,61.65,190.78,125.88,285.88,0.93,-1,-1,-1
99,4,10.18,224.27,114.60,154.35,0.39,-1,-1,-1
99,5,157.04,180.67,95.80,139.68,0.92,-1,-1,-1
99,12,421.24,195.98,24.28,63.65,0.88,-1,-1,-1
99,13,463.32,198.44,27.28,62.52,0.90,-1,-1,-1
99,14,500.56,193.14,30.99,88.90,0.91,-1,-1,-1
99,6,554.87,175.15,60.13,194.66,0.91,-1,-1,-1
99,16,523.96,198.38,29.39,82.88,0.89,-1,-1,-1
99,8,777.33,167.61,80.01,201.00,0.85,-1,-1,-1
99,10,881.85,186.33,64.23,185.76,0.76,-1,-1,-1
99,17,115.33,179.27,73.16,178.90,0.91,-1,-1,-1
100,2,55.79,190.12,130.31,287.81,0.94,-1,-1,-1
100,5,155.59,179.21,96.69,141.14,0.94,-1,-1,-1
100,12,421.26,196.32,23.50,63.17,0.87,-1,-1,-1
100,13,463.51,198.20,27.05,62.68,0.90,-1,-1,-1
100,14,501.64,193.46,31.17,88.32,0.90,-1,-1,-1
100,6,555.12,174.55,60.05,195.24,0.91,-1,-1,-1
100,16,524.54,198.07,28.97,83.00,0.88,-1,-1,-1
100,8,779.05,167.25,80.27,203.62,0.86,-1,-1,-1
100,10,882.92,184.88,66.87,189.77,0.75,-1,-1,-1
100,17,114.01,178.44,73.47,181.19,0.91,-1,-1,-1
101,2,47.26,188.14,136.35,291.52,0.94,-1,-1,-1
101,5,153.17,178.72,98.03,141.79,0.94,-1,-1,-1
101,12,421.13,196.79,23.56,62.37,0.87,-1,-1,-1
101,13,463.60,197.94,27.58,63.24,0.88,-1,-1,-1
101,14,502.67,193.73,30.64,88.17,0.90,-1,-1,-1
101,6,555.87,174.63,59.44,195.60,0.90,-1,-1,-1
101,16,525.41,197.94,27.61,82.81,0.87,-1,-1,-1
101,8,781.39,166.40,80.96,206.49,0.86,-1,-1,-1
101,10,884.76,183.88,70.78,197.81,0.77,-1,-1,-1
101,17,112.24,178.62,74.03,180.38,0.91,-1,-1,-1
102,2,39.38,186.58,141.13,295.52,0.95,-1,-1,-1
102,5,151.21,178.64,98.80,142.01,0.94,-1,-1,-1
102,12,420.90,196.92,23.90,62.38,0.87,-1,-1,-1
102,13,463.88,197.73,27.77,63.67,0.88,-1,-1,-1
102,14,503.87,194.25,30.46,88.11,0.91,-1,-1,-1
102,6,556.37,174.94,59.22,195.73,0.91,-1,-1,-1
102,16,525.97,197.41,26.49,83.05,0.87,-1,-1,-1
102,8,783.04,166.08,81.78,205.74,0.86,-1,-1,-1
102,10,887.64,183.96,71.67,199.64,0.76,-1,-1,-1
102,17,110.25,179.10,74.50,182.98,0.91,-1,-1,-1
103,2,30.31,185.97,147.31,298.23,0.95,-1,-1,-1
103,5,150.32,178.77,98.91,142.12,0.94,-1,-1,-1
103,12,420.23,196.87,24.94,63.02,0.87,-1,-1,-1
103,13,463.70,197.66,28.44,64.36,0.89,-1,-1,-1
103,14,504.00,194.45,31.01,87.88,0.90,-1,-1,-1
103,6,556.26,175.77,59.12,195.53,0.91,-1,-1,-1
103,16,526.50,196.84,26.70,83.77,0.87,-1,-1,-1
103,8,784.59,166.12,82.62,209.60,0.87,-1,-1,-1
103,10,889.08,183.08,76.93,201.26,0.76,-1,-1,-1
103,17,108.48,178.82,74.92,183.37,0.90,-1,-1,-1
104,2,19.14,186.57,152.43,300.28,0.94,-1,-1,-1
104,5,149.84,178.81,99.05,142.70,0.94,-1,-1,-1
104,12,420.23,197.21,24.73,63.45,0.87,-1,-1,-1
104,13,463.23,197.62,29.27,64.72,0.88,-1,-1,-1
104,14,504.80,194.80,30.61,87.74,0.89,-1,-1,-1
104,6,555.72,177.20,59.70,194.63,0.91,-1,-1,-1
104,16,526.84,196.38,26.78,84.05,0.87,-1,-1,-1
104,8,786.57,166.10,81.11,206.70,0.87,-1,-1,-1
104,10,892.06,182.98,73.13,195.15,0.75,-1,-1,-1
104,17,106.75,178.48,75.34,183.62,0.92,-1,-1,-1
105,2,12.27,187.00,153.52,303.00,0.95,-1,-1,-1
105,5,149.32,179.24,99.03,142.90,0.93,-1,-1,-1
105,12,420.42,196.43,24.67,64.59,0.88,-1,-1,-1
105,13,462.78,197.53,30.18,65.15,0.88,-1,-1,-1
105,14,506.30,195.30,29.27,87.39,0.90,-1,-1,-1
105,6,556.14,178.40,59.35,194.31,0.92,-1,-1,-1
105,16,527.29,196.13,26.83,84.92,0.88,-1,-1,-1
105,8,788.82,166.00,81.14,204.91,0.85,-1,-1,-1
105,10,895.00,183.13,72.70,191.48,0.73,-1,-1,-1
105,17,105.73,178.54,74.87,186.44,0.92,-1,-1,-1
106,2,1.84,187.83,158.61,305.03,0.95,-1,-1,-1
106,5,148.22,178.96,99.53,144.40,0.93,-1,-1,-1
106,12,420.42,195.78,24.95,65.78,0.88,-1,-1,-1
106,13,462.97,197.52,30.53,65.68,0.88,-1,-1,-1
106,14,506.89,195.59,29.40,87.28,0.90,-1,-1,-1
106,6,556.05,179.25,59.83,194.08,0.91,-1,-1,-1
106,16,527.21,195.92,27.46,85.63,0.87,-1,-1,-1
106,8,790.31,166.24,82.33,205.73,0.85,-1,-1,-1
106,10,896.44,182.13,73.99,188.60,0.72,-1,-1,-1
106,17,104.51,178.86,74.86,183.56,0.92,-1,-1,-1
107,2,-16.03,188.49,172.87,307.66,0.92,-1,-1,-1
107,5,146.21,178.83,101.10,145.52,0.93,-1,-1,-1
107,12,420.30,195.31,25.05,66.59,0.88,-1,-1,-1
107,13,463.07,197.90,31.23,65.19,0.87,-1,-1,-1
107,14,507.69,195.47,28.84,87.75,0.90,-1,-1,-1
107,6,556.01,179.96,59.99,193.58,0.91,-1,-1,-1
107,16,528.38,196.30,27.08,85.28,0.87,-1,-1,-1
107,8,791.96,166.30,83.91,208.88,0.86,-1,-1,-1
107,10,899.51,182.73,72.93,189.57,0.71,-1,-1,-1
107,17,103.38,180.39,75.40,178.54,0.92,-1,-1,-1
108,2,-21.70,189.15,175.60,310.32,0.93,-1,-1,-1
108,5,144.83,178.65,101.78,146.24,0.93,-1,-1,-1
108,12,420.04,194.43,25.40,68.01,0.89,-1,-1,-1
108,13,462.14,197.78,32.68,65.83,0.88,-1,-1,-1
108,14,508.50,195.68,28.67,87.50,0.90,-1,-1,-1
108,6,556.21,180.76,60.10,193.13,0.91,-1,-1,-1
108,16,529.04,196.86,26.96,84.56,0.87,-1,-1,-1
108,8,794.88,166.17,82.76,204.48,0.84,-1,-1,-1
108,10,901.18,182.41,76.11,197.43,0.73,-1,-1,-1
108,17,101.52,179.85,75.78,178.67,0.92,-1,-1,-1
109,2,-26.16,188.93,177.64,313.26,0.92,-1,-1,-1
109,5,144.56,178.12,101.82,147.27,0.94,-1,-1,-1
109,12,419.99,194.35,25.53,68.20,0.87,-1,-1,-1
109,13,461.80,197.83,33.21,65.86,0.84,-1,-1,-1
109,14,508.74,195.47,29.21,87.57,0.90,-1,-1,-1
109,6,556.23,181.14,60.72,192.55,0.90,-1,-1,-1
109,16,529.54,197.16,26.91,84.22,0.86,-1,-1,-1
109,8,796.92,166.22,82.85,206.82,0.86,-1,-1,-1
109,10,904.99,182.60,74.89,201.02,0.73,-1,-1,-1
109,17,100.15,180.07,76.17,179.20,0.92,-1,-1,-1
110,2,-28.17,188.90,177.78,317.05,0.91,-1,-1,-1
110,5,143.75,178.19,102.47,147.72,0.94,-1,-1,-1
110,12,419.53,194.44,26.19,68.30,0.86,-1,-1,-1
110,13,461.99,197.75,32.83,66.13,0.84,-1,-1,-1
110,14,509.46,194.83,29.44,87.88,0.89,-1,-1,-1
110,6,556.31,181.08,61.59,192.45,0.90,-1,-1,-1
110,16,530.08,197.55,26.32,83.85,0.85,-1,-1,-1
110,8,799.63,166.04,82.92,210.16,0.86,-1,-1,-1
110,10,906.96,181.82,76.50,206.68,0.74,-1,-1,-1
110,17,98.03,181.18,77.54,180.09,0.92,-1,-1,-1
111,2,-28.62,188.73,175.98,320.31,0.91,-1,-1,-1
111,5,143.30,177.95,102.65,148.72,0.94,-1,-1,-1
111,12,419.38,193.99,26.45,69.20,0.85,-1,-1,-1
111,13,462.97,197.51,32.08,66.50,0.83,-1,-1,-1
111,14,509.99,193.99,29.56,88.05,0.88,-1,-1,-1
111,6,556.91,180.37,60.77,193.88,0.90,-1,-1,-1
111,16,530.56,197.91,27.33,83.69,0.85,-1,-1,-1
111,8,801.43,165.92,84.76,210.68,0.86,-1,-1,-1
111,10,913.17,181.37,73.88,211.98,0.73,-1,-1,-1
111,17,95.99,182.67,78.68,180.07,0.92,-1,-1,-1
112,2,-27.52,187.59,172.15,323.54,0.90,-1,-1,-1
112,5,142.78,177.56,102.96,149.15,0.95,-1,-1,-1
112,12,419.38,194.17,26.51,69.08,0.85,-1,-1,-1
112,13,462.78,197.28,32.34,67.15,0.85,-1,-1,-1
112,14,510.48,193.49,30.15,88.70,0.88,-1,-1,-1
112,6,557.44,180.22,60.34,195.01,0.91,-1,-1,-1
112,16,531.03,198.61,27.65,83.33,0.84,-1,-1,-1
112,8,803.18,165.77,85.31,209.70,0.86,-1,-1,-1
112,10,917.79,181.08,75.08,213.33,0.73,-1,-1,-1
112,17,94.72,182.82,79.08,179.74,0.92,-1,-1,-1
112,18,596.25,193.27,20.70,52.42,0.70,-1,-1,-1
113,2,-25.44,186.80,167.50,326.61,0.91,-1,-1,-1
113,5,142.06,176.99,103.14,150.03,0.94,-1,-1,-1
113,12,418.91,193.88,26.85,69.32,0.85,-1,-1,-1
113,13,463.28,196.81,31.86,67.54,0.82,-1,-1,-1
113,14,510.93,193.04,30.42,88.66,0.88,-1,-1,-1
113,6,558.53,178.98,60.26,194.26,0.91,-1,-1,-1
113,16,531.78,198.46,27.81,83.51,0.85,-1,-1,-1
113,8,805.31,164.69,87.97,220.00,0.86,-1,-1,-1
113,10,920.98,179.70,77.68,218.81,0.72,-1,-1,-1
113,17,93.17,182.07,80.08,181.20,0.92,-1,-1,-1
114,2,-28.48,186.57,167.60,329.01,0.90,-1,-1,-1
114,5,141.06,176.50,103.33,150.85,0.95,-1,-1,-1
114,12,418.72,192.72,27.59,70.80,0.86,-1,-1,-1
114,13,463.49,196.63,32.29,67.74,0.84,-1,-1,-1
114,14,511.43,192.89,30.53,88.42,0.89,-1,-1,-1
114,6,559.02,177.16,60.86,195.05,0.91,-1,-1,-1
114,16,533.02,198.63,27.28,83.12,0.85,-1,-1,-1
114,8,807.85,164.08,89.00,220.56,0.87,-1,-1,-1
114,10,923.98,178.79,81.33,227.18,0.72,-1,-1,-1
114,17,91.10,181.05,81.37,182.12,0.92,-1,-1,-1
115,2,-30.52,185.35,167.24,332.35,0.92,-1,-1,-1
115,5,140.03,177.05,103.37,150.70,0.95,-1,-1,-1
115,12,418.54,190.68,27.87,73.07,0.87,-1,-1,-1
115,13,463.57,196.72,32.44,67.74,0.83,-1,-1,-1
115,14,511.56,192.68,31.18,88.56,0.89,-1,-1,-1
115,6,560.01,175.27,60.51,193.99,0.91,-1,-1,-1
115,16,534.02,198.37,27.09,82.92,0.86,-1,-1,-1
115,8,809.97,163.17,89.39,218.12,0.87,-1,-1,-1
115,10,927.05,177.51,81.57,226.85,0.73,-1,-1,-1
115,17,89.21,180.95,81.84,182.01,0.92,-1,-1,-1
115,4,21.32,226.11,119.98,158.17,0.66,-1,-1,-1
116,2,-33.04,183.57,167.19,336.40,0.92,-1,-1,-1
116,5,139.37,176.87,103.44,151.07,0.95,-1,-1,-1
116,12,418.33,189.70,28.83,74.10,0.87,-1,-1,-1
116,13,463.57,196.55,32.46,68.23,0.84,-1,-1,-1
116,14,511.53,192.48,31.99,88.57,0.91,-1,-1,-1
116,6,560.60,174.00,61.52,193.50,0.91,-1,-1,-1
116,16,534.00,197.46,27.60,83.64,0.86,-1,-1,-1
116,8,812.57,161.58,88.83,218.81,0.86,-1,-1,-1
116,10,926.65,176.39,87.43,232.52,0.74,-1,-1,-1
116,17,87.40,180.50,82.52,181.94,0.92,-1,-1,-1
116,4,22.14,225.04,120.63,157.58,0.68,-1,-1,-1
117,2,-36.82,182.94,168.81,339.23,0.92,-1,-1,-1
117,5,137.89,176.39,104.26,151.73,0.95,-1,-1,-1
117,12,417.91,189.61,30.38,74.45,0.88,-1,-1,-1
117,13,463.54,196.76,32.48,67.92,0.86,-1,-1,-1
117,14,510.91,193.05,33.49,88.03,0.91,-1,-1,-1
117,6,560.53,173.13,62.53,194.04,0.91,-1,-1,-1
117,16,534.89,197.02,27.80,83.96,0.86,-1,-1,-1
117,8,814.87,160.81,90.42,223.85,0.86,-1,-1,-1
117,10,931.33,175.37,86.21,239.34,0.75,-1,-1,-1
117,17,85.54,178.94,83.39,184.03,0.91,-1,-1,-1
117,4,20.01,225.00,108.52,165.77,0.65,-1,-1,-1
118,2,-40.44,183.51,171.41,341.53,0.91,-1,-1,-1
118,5,136.58,176.72,104.67,151.94,0.95,-1,-1,-1
118,12,417.73,190.16,30.43,74.07,0.89,-1,-1,-1
118,13,463.53,196.82,32.53,68.04,0.86,-1,-1,-1
118,14,510.41,193.45,34.69,87.86,0.91,-1,-1,-1
118,6,560.85,172.37,63.01,194.94,0.91,-1,-1,-1
118,16,535.25,196.58,28.52,83.52,0.87,-1,-1,-1
118,8,818.24,160.07,91.13,226.77,0.86,-1,-1,-1
118,10,939.25,175.39,81.04,232.55,0.73,-1,-1,-1
118,17,83.27,178.06,84.70,185.19,0.93,-1,-1,-1
118,4,20.16,225.63,114.75,157.54,0.82,-1,-1,-1
119,2,-42.40,185.38,173.50,342.18,0.92,-1,-1,-1
119,5,134.87,176.77,105.97,152.25,0.95,-1,-1,-1
119,12,417.25,190.19,30.68,74.24,0.89,-1,-1,-1
119,13,464.12,196.79,31.89,67.98,0.84,-1,-1,-1
119,14,510.16,193.81,35.10,87.47,0.91,-1,-1,-1
119,6,560.90,172.19,62.48,195.80,0.90,-1,-1,-1
119,16,536.21,196.25,28.15,83.70,0.86,-1,-1,-1
119,8,820.45,159.84,91.83,228.04,0.86,-1,-1,-1
119,10,941.89,175.05,84.87,246.61,0.73,-1,-1,-1
119,17,81.56,179.94,85.35,183.38,0.94,-1,-1,-1
119,4,20.02,225.86,115.53,155.67,0.90,-1,-1,-1
120,2,-44.90,187.03,176.17,343.30,0.91,-1,-1,-1
120,5,133.82,176.87,106.34,152.52,0.94,-1,-1,-1
120,12,417.43,190.26,29.29,74.15,0.89,-1,-1,-1
120,13,464.66,196.82,29.84,68.27,0.79,-1,-1,-1
120,14,509.46,193.81,36.42,87.79,0.91,-1,-1,-1
120,6,560.56,172.16,63.48,196.51,0.90,-1,-1,-1
120,16,537.13,196.22,27.41,83.26,0.86,-1,-1,-1
120,8,822.48,158.84,93.26,232.52,0.86,-1,-1,-1
120,10,948.39,174.71,85.08,253.08,0.75,-1,-1,-1
120,17,80.27,180.52,86.16,183.50,0.93,-1,-1,-1
120,4,18.71,225.85,116.98,158.23,0.90,-1,-1,-1
121,2,-46.54,188.88,177.74,345.38,0.91,-1,-1,-1
121,5,132.57,177.16,106.94,152.96,0.94,-1,-1,-1
121,12,416.86,191.34,29.30,73.30,0.88,-1,-1,-1
121,13,464.82,196.92,30.89,68.40,0.79,-1,-1,-1
121,14,510.32,194.67,36.30,87.18,0.91,-1,-1,-1
121,6,559.81,173.27,64.37,196.89,0.90,-1,-1,-1
121,16,537.72,196.25,27.10,83.19,0.86,-1,-1,-1
121,8,824.37,159.16,94.88,234.07,0.86,-1,-1,-1
121,10,952.00,175.17,87.39,252.63,0.77,-1,-1,-1
121,17,78.62,180.82,86.27,183.90,0.94,-1,-1,-1
121,4,16.93,226.07,116.91,161.03,0.91,-1,-1,-1
122,2,-48.28,198.38,177.40,340.06,0.90,-1,-1,-1
122,5,131.64,177.60,107.48,153.34,0.94,-1,-1,-1
122,12,416.41,191.01,29.33,74.06,0.89,-1,-1,-1
122,13,464.92,197.02,30.08,69.61,0.80,-1,-1,-1
122,14,510.97,195.56,36.26,86.55,0.92,-1,-1,-1
122,6,559.23,174.40,65.95,196.74,0.90,-1,-1,-1
122,16,538.54,196.30,27.01,83.44,0.87,-1,-1,-1
122,8,825.85,158.19,97.02,236.72,0.86,-1,-1,-1
122,10,956.12,174.74,87.14,257.11,0.75,-1,-1,-1
122,17,76.98,181.73,87.07,184.86,0.93,-1,-1,-1
122,4,15.05,227.26,116.31,162.00,0.92,-1,-1,-1
123,2,-56.88,194.80,182.60,348.99,0.88,-1,-1,-1
123,5,130.61,178.83,107.70,153.41,0.94,-1,-1,-1
123,12,415.56,191.40,29.92,74.44,0.89,-1,-1,-1
123,13,464.90,197.67,30.99,69.79,0.82,-1,-1,-1
123,14,511.22,196.15,36.80,86.75,0.91,-1,-1,-1
123,6,559.08,175.93,67.68,197.17,0.90,-1,-1,-1
123,16,539.47,197.05,26.96,83.05,0.87,-1,-1,-1
123,8,828.52,158.56,98.95,239.33,0.86,-1,-1,-1
123,10,961.08,175.77,86.94,257.69,0.74,-1,-1,-1
123,17,75.00,182.81,87.31,186.08,0.93,-1,-1,-1
123,4,12.18,228.15,117.02,163.81,0.92,-1,-1,-1
124,2,-60.47,192.77,182.61,356.32,0.88,-1,-1,-1
124,5,129.63,179.57,108.17,153.57,0.94,-1,-1,-1
124,12,415.59,192.11,29.53,74.58,0.89,-1,-1,-1
124,13,465.20,198.23,31.31,69.93,0.83,-1,-1,-1
124,14,511.88,196.82,36.40,86.45,0.92,-1,-1,-1
124,6,559.25,177.87,68.32,196.56,0.89,-1,-1,-1
124,16,539.74,197.57,27.55,83.51,0.88,-1,-1,-1
124,8,830.06,159.05,100.52,241.59,0.86,-1,-1,-1
124,10,964.81,177.43,88.01,259.59,0.70,-1,-1,-1
124,17,73.22,182.74,87.94,188.45,0.93,-1,-1,-1
124,4,10.41,228.97,117.42,165.88,0.91,-1,-1,-1
125,2,-69.59,190.55,185.89,364.56,0.88,-1,-1,-1
125,5,128.71,179.84,107.90,154.27,0.94,-1,-1,-1
125,12,415.86,192.49,29.08,74.57,0.89,-1,-1,-1
125,13,465.56,198.11,30.84,69.32,0.79,-1,-1,-1
125,14,511.79,196.88,36.83,86.60,0.91,-1,-1,-1
125,6,559.59,178.72,68.55,196.91,0.89,-1,-1,-1
125,16,539.80,198.48,27.77,83.64,0.86,-1,-1,-1
125,8,832.13,160.42,101.38,248.75,0.88,-1,-1,-1
125,10,970.36,177.93,86.02,261.69,0.75,-1,-1,-1
125,17,70.88,183.74,88.46,189.09,0.93,-1,-1,-1
125,4,8.87,229.79,117.10,166.33,0.92,-1,-1,-1
126,2,-73.89,192.58,180.64,367.68,0.86,-1,-1,-1
126,5,127.46,180.50,107.78,154.54,0.94,-1,-1,-1
126,12,415.66,193.22,28.90,74.26,0.89,-1,-1,-1
126,13,465.69,198.43,30.05,69.32,0.82,-1,-1,-1
126,14,512.33,196.82,36.39,87.05,0.91,-1,-1,-1
126,6,560.02,180.30,67.42,196.25,0.89,-1,-1,-1
126,16,540.09,199.42,27.85,83.40,0.87,-1,-1,-1
126,8,834.36,160.91,101.96,250.78,0.88,-1,-1,-1
126,10,974.75,178.90,82.80,256.07,0.74,-1,-1,-1
126,17,68.96,184.97,88.86,189.34,0.93,-1,-1,-1
126,4,5.02,230.80,118.93,167.69,0.91,-1,-1,-1
126,19,500.85,205.31,13.50,36.56,0.76,-1,-1,-1
127,2,-75.48,193.88,173.53,373.94,0.84,-1,-1,-1
127,5,126.11,180.53,108.01,155.43,0.93,-1,-1,-1
127,12,415.40,194.62,28.23,72.86,0.89,-1,-1,-1
127,13,465.07,198.32,29.15,69.08,0.82,-1,-1,-1
127,14,512.77,196.48,36.20,87.22,0.91,-1,-1,-1
127,6,560.72,181.33,66.96,196.27,0.89,-1,-1,-1
127,16,540.42,199.84,27.88,83.23,0.86,-1,-1,-1
127,8,836.81,161.01,102.72,252.98,0.89,-1,-1,-1
127,10,978.53,178.96,82.78,251.45,0.73,-1,-1,-1
127,17,66.58,184.98,89.79,190.88,0.93,-1,-1,-1
127,4,1.12,231.91,120.68,168.75,0.92,-1,-1,-1
127,19,501.29,205.17,14.23,37.07,0.71,-1,-1,-1
128,2,-86.17,187.84,173.48,387.58,0.82,-1,-1,-1
128,5,124.82,180.22,108.81,156.30,0.93,-1,-1,-1
128,12,414.92,194.89,28.28,72.49,0.89,-1,-1,-1
128,13,464.87,198.39,28.22,69.53,0.82,-1,-1,-1
128,14,513.53,196.23,35.52,86.99,0.91,-1,-1,-1
128,6,561.84,181.19,66.19,197.05,0.89,-1,-1,-1
128,16,540.51,200.16,28.49,82.58,0.87,-1,-1,-1
128,8,838.06,160.58,104.16,257.90,0.89,-1,-1,-1
128,10,983.72,178.67,82.79,247.80,0.74,-1,-1,-1
128,17,64.59,184.75,90.72,191.89,0.93,-1,-1,-1
128,4,-3.11,231.79,122.77,170.78,0.93,-1,-1,-1
128,19,501.39,204.96,14.38,37.51,0.69,-1,-1,-1
129,2,-91.09,199.69,164.43,384.50,0.79,-1,-1,-1
129,5,123.20,180.28,109.52,156.95,0.94,-1,-1,-1
129,12,414.47,194.78,28.62,72.75,0.90,-1,-1,-1
129,13,465.14,198.65,26.67,69.49,0.79,-1,-1,-1
129,14,514.76,196.06,34.67,86.56,0.91,-1,-1,-1
129,6,562.62,180.53,65.32,198.28,0.89,-1,-1,-1
129,16,540.88,200.50,28.73,82.14,0.88,-1,-1,-1
129,8,839.78,160.09,105.90,262.11,0.88,-1,-1,-1
129,10,986.88,178.38,85.23,251.72,0.77,-1,-1,-1
129,17,62.17,184.54,91.64,193.49,0.93,-1,-1,-1
129,4,-7.58,232.23,125.39,171.85,0.93,-1,-1,-1
129,19,501.75,206.76,14.42,35.72,0.51,-1,-1,-1
130,2,-98.85,201.55,156.98,389.75,0.77,-1,-1,-1
130,5,122.05,180.04,109.30,157.31,0.94,-1,-1,-1
130,12,414.02,194.32,29.05,72.98,0.89,-1,-1,-1
130,13,464.96,198.35,26.13,71.25,0.80,-1,-1,-1
130,14,516.19,195.53,33.15,86.47,0.91,-1,-1,-1
130,6,563.93,179.42,63.79,198.98,0.89,-1,-1,-1
130,16,541.10,200.62,28.83,81.75,0.87,-1,-1,-1
130,8,842.18,160.74,106.85,262.45,0.89,-1,-1,-1
130,10,992.53,177.52,86.15,251.04,0.75,-1,-1,-1
130,17,59.64,184.63,91.33,193.93,0.93,-1,-1,-1
130,4,-11.36,232.43,126.75,172.67,0.92,-1,-1,-1
130,19,501.56,208.15,14.43,34.19,0.49,-1,-1,-1
131,2,-101.77,205.21,147.52,395.91,0.71,-1,-1,-1
131,5,120.77,179.77,109.83,157.53,0.94,-1,-1,-1
131,12,413.52,193.46,29.48,73.87,0.90,-1,-1,-1
131,13,465.10,198.44,25.93,72.11,0.82,-1,-1,-1
131,14,516.53,194.87,33.17,87.46,0.91,-1,-1,-1
131,6,564.47,178.54,63.17,199.51,0.89,-1,-1,-1
131,16,540.97,200.17,29.43,82.33,0.88,-1,-1,-1
131,8,843.33,160.02,107.96,262.85,0.88,-1,-1,-1
131,10,995.55,177.07,89.98,259.39,0.76,-1,-1,-1
131,17,57.64,183.44,91.70,195.61,0.93,-1,-1,-1
131,4,-11.20,231.96,124.66,174.20,0.92,-1,-1,-1
131,19,501.34,206.55,15.07,35.58,0.54,-1,-1,-1
132,2,-109.18,214.85,146.81,383.05,0.32,-1,-1,-1
132,5,118.83,179.39,110.92,157.98,0.94,-1,-1,-1
132,12,412.92,192.57,29.94,74.73,0.90,-1,-1,-1
132,13,465.18,198.22,25.88,72.66,0.82,-1,-1,-1
132,14,517.88,194.21,31.97,88.22,0.91,-1,-1,-1
132,6,565.31,177.12,62.34,199.72,0.89,-1,-1,-1
132,16,541.24,199.82,29.65,82.27,0.88,-1,-1,-1
132,8,845.24,158.83,109.23,262.94,0.88,-1,-1,-1
132,10,1000.76,175.99,91.41,259.83,0.75,-1,-1,-1
132,17,54.81,182.20,93.08,197.13,0.93,-1,-1,-1
132,4,-13.47,231.43,124.67,175.36,0.92,-1,-1,-1
132,19,501.60,204.96,14.66,37.06,0.59,-1,-1,-1
133,2,-131.88,201.40,164.56,417.67,0.18,-1,-1,-1
133,5,116.83,178.90,111.82,158.72,0.94,-1,-1,-1
133,12,412.55,191.36,29.54,76.13,0.90,-1,-1,-1
133,13,465.54,198.14,25.90,72.88,0.81,-1,-1,-1
133,14,518.71,194.13,31.55,88.24,0.90,-1,-1,-1
133,6,566.26,175.54,61.47,198.67,0.89,-1,-1,-1
133,16,541.38,199.09,29.15,83.18,0.87,-1,-1,-1
133,8,849.63,158.14,107.96,261.57,0.87,-1,-1,-1
133,10,1002.86,175.05,95.52,263.67,0.74,-1,-1,-1
133,17,51.62,181.90,94.40,198.34,0.93,-1,-1,-1
133,4,-16.76,231.27,125.00,175.53,0.92,-1,-1,-1
133,19,502.36,204.70,14.51,37.31,0.61,-1,-1,-1
134,5,115.58,178.28,111.86,159.89,0.94,-1,-1,-1
134,12,412.23,191.07,29.08,76.66,0.90,-1,-1,-1
134,13,465.92,198.21,25.31,70.65,0.75,-1,-1,-1
134,14,519.55,194.34,30.80,88.18,0.90,-1,-1,-1
134,6,566.25,173.92,61.17,198.59,0.90,-1,-1,-1
134,16,541.38,198.68,28.96,83.24,0.87,-1,-1,-1
134,8,852.71,157.30,107.73,260.39,0.89,-1,-1,-1
134,10,1006.48,174.04,93.58,266.50,0.73,-1,-1,-1
134,17,48.16,181.66,95.56,198.79,0.93,-1,-1,-1
134,4,-19.00,231.22,124.14,175.87,0.92,-1,-1,-1
134,19,502.57,203.85,14.45,38.16,0.63,-1,-1,-1
134,20,616.05,192.37,19.80,52.43,0.72,-1,-1,-1
135,5,114.22,177.95,112.54,160.63,0.94,-1,-1,-1
135,12,412.18,190.61,28.59,77.59,0.90,-1,-1,-1
135,13,466.12,198.26,25.10,70.76,0.74,-1,-1,-1
135,14,519.89,194.54,29.91,88.15,0.90,-1,-1,-1
135,6,566.29,173.14,60.44,198.26,0.90,-1,-1,-1
135,16,541.42,198.04,28.87,83.56,0.88,-1,-1,-1
135,8,855.05,156.27,108.76,262.57,0.89,-1,-1,-1
135,10,1008.93,173.12,93.89,269.59,0.73,-1,-1,-1
135,17,45.77,180.71,95.39,200.12,0.93,-1,-1,-1
135,4,-20.79,230.93,123.64,177.47,0.92,-1,-1,-1
135,19,503.00,204.10,14.42,38.17,0.59,-1,-1,-1
135,20,617.73,192.42,19.82,51.42,0.67,-1,-1,-1
136,5,112.57,177.63,113.36,161.24,0.94,-1,-1,-1
136,12,412.00,190.53,28.39,78.36,0.90,-1,-1,-1
136,13,466.44,198.52,24.41,70.19,0.67,-1,-1,-1
136,14,520.23,195.09,29.59,87.60,0.90,-1,-1,-1
136,6,566.22,172.83,60.14,198.09,0.91,-1,-1,-1
136,16,541.67,197.53,28.81,84.19,0.88,-1,-1,-1
136,8,857.80,155.62,109.34,265.68,0.89,-1,-1,-1
136,10,1014.30,173.04,92.71,277.10,0.75,-1,-1,-1
136,17,43.67,180.23,95.38,201.16,0.93,-1,-1,-1
136,4,-24.26,231.40,124.48,178.02,0.91,-1,-1,-1
136,19,503.70,207.01,14.40,35.58,0.51,-1,-1,-1
136,20,618.04,192.08,19.82,52.36,0.66,-1,-1,-1
137,5,110.38,178.31,114.44,161.61,0.94,-1,-1,-1
137,12,411.12,190.81,29.23,78.35,0.91,-1,-1,-1
137,13,465.58,198.38,26.03,72.61,0.67,-1,-1,-1
137,14,520.90,195.66,28.89,87.18,0.91,-1,-1,-1
137,6,566.14,172.86,60.08,198.06,0.91,-1,-1,-1
137,16,542.01,197.40,28.80,84.21,0.88,-1,-1,-1
137,8,860.55,154.65,109.59,273.44,0.90,-1,-1,-1
137,10,1019.21,172.58,91.09,282.05,0.74,-1,-1,-1
137,17,40.58,179.88,95.04,202.50,0.93,-1,-1,-1
137,4,-26.15,231.94,123.56,178.80,0.89,-1,-1,-1
137,19,503.60,206.08,14.40,36.29,0.51,-1,-1,-1
137,20,618.36,191.80,19.82,53.43,0.68,-1,-1,-1
138,5,109.10,178.11,114.57,162.77,0.94,-1,-1,-1
138,12,410.73,191.30,29.85,78.21,0.91,-1,-1,-1
138,13,465.36,198.06,26.62,74.50,0.79,-1,-1,-1
138,14,521.84,196.56,28.05,86.01,0.90,-1,-1,-1
138,6,565.92,174.02,60.09,197.53,0.91,-1,-1,-1
138,16,542.55,197.75,28.81,84.25,0.88,-1,-1,-1
138,8,863.55,154.61,109.69,271.96,0.90,-1,-1,-1
138,10,1023.62,172.82,90.48,278.97,0.73,-1,-1,-1
138,17,37.14,180.20,96.60,204.18,0.93,-1,-1,-1
138,4,-27.34,233.42,121.80,179.15,0.89,-1,-1,-1
138,19,503.65,205.47,14.40,37.09,0.61,-1,-1,-1
138,20,619.89,192.04,19.14,53.50,0.73,-1,-1,-1
139,5,107.72,178.63,114.72,163.46,0.94,-1,-1,-1
139,12,410.25,191.80,30.08,78.13,0.91,-1,-1,-1
139,13,464.92,198.60,26.84,74.53,0.84,-1,-1,-1
139,14,522.71,197.06,27.14,85.71,0.91,-1,-1,-1
139,6,565.46,175.24,60.09,197.59,0.91,-1,-1,-1
139,16,542.67,198.19,28.80,83.95,0.88,-1,-1,-1
139,8,865.96,154.29,110.56,270.24,0.91,-1,-1,-1
139,10,1032.77,173.47,86.59,280.36,0.75,-1,-1,-1
139,17,34.18,180.90,97.42,205.04,0.93,-1,-1,-1
139,4,-32.46,235.43,123.99,179.51,0.85,-1,-1,-1
139,19,503.59,205.17,14.40,37.46,0.59,-1,-1,-1
139,20,620.94,192.30,18.91,52.16,0.71,-1,-1,-1
140,5,105.26,179.16,115.84,164.32,0.93,-1,-1,-1
140,12,410.03,192.79,30.16,77.80,0.91,-1,-1,-1
140,13,465.46,198.71,26.92,74.84,0.83,-1,-1,-1
140,14,523.41,197.52,27.46,86.13,0.91,-1,-1,-1
140,6,564.78,176.52,60.70,197.64,0.91,-1,-1,-1
140,16,543.42,199.02,28.79,83.54,0.88,-1,-1,-1
140,8,868.42,154.93,111.16,274.11,0.89,-1,-1,-1
140,10,1029.42,173.68,94.90,281.28,0.74,-1,-1,-1
140,17,31.63,183.30,97.58,204.47,0.93,-1,-1,-1
140,4,-32.99,238.60,121.81,178.45,0.87,-1,-1,-1
140,19,503.37,204.14,14.40,38.42,0.69,-1,-1,-1
140,20,621.66,192.52,18.84,51.75,0.68,-1,-1,-1
140,21,515.25,206.32,13.50,35.32,0.71,-1,-1,-1
141,5,103.54,179.92,116.38,164.87,0.93,-1,-1,-1
141,12,409.94,193.25,30.18,77.94,0.91,-1,-1,-1
141,13,465.32,199.06,26.96,75.29,0.85,-1,-1,-1
141,14,523.89,197.99,27.59,86.65,0.91,-1,-1,-1
141,6,563.87,178.57,62.14,197.60,0.91,-1,-1,-1
141,16,544.23,200.00,28.79,83.07,0.87,-1,-1,-1
141,8,870.31,156.51,112.54,273.12,0.91,-1,-1,-1
141,10,1021.72,174.88,108.28,297.05,0.78,-1,-1,-1
141,17,28.83,183.42,97.90,206.24,0.93,-1,-1,-1
141,4,-39.34,244.23,125.49,174.36,0.79,-1,-1,-1
141,19,503.53,204.04,14.39,38.99,0.56,-1,-1,-1
141,20,622.11,192.73,18.83,51.52,0.69,-1,-1,-1
142,5,102.32,181.07,117.05,164.79,0.94,-1,-1,-1
142,12,409.85,193.63,30.19,77.91,0.91,-1,-1,-1
142,13,465.60,198.85,26.38,75.59,0.84,-1,-1,-1
142,14,524.32,197.95,27.66,86.99,0.91,-1,-1,-1
142,6,563.46,180.11,63.30,197.40,0.91,-1,-1,-1
142,16,544.79,200.76,28.80,82.28,0.87,-1,-1,-1
142,8,872.38,156.89,113.05,271.94,0.90,-1,-1,-1
142,10,1030.04,174.92,104.45,299.05,0.76,-1,-1,-1
142,17,26.56,183.54,98.07,207.54,0.94,-1,-1,-1
142,4,-43.73,246.97,127.76,173.50,0.76,-1,-1,-1
142,19,504.18,204.03,13.79,38.87,0.59,-1,-1,-1
142,20,622.45,192.52,19.46,51.85,0.71,-1,-1,-1
143,5,101.32,181.12,117.17,165.49,0.94,-1,-1,-1
143,12,410.12,194.09,30.20,77.92,0.90,-1,-1,-1
143,13,465.43,199.02,26.77,76.25,0.84,-1,-1,-1
143,14,524.81,198.25,28.32,85.97,0.90,-1,-1,-1
143,6,563.97,181.58,62.57,197.13,0.90,-1,-1,-1
143,16,545.64,201.51,28.81,81.73,0.87,-1,-1,-1
143,8,875.37,157.44,113.55,272.54,0.90,-1,-1,-1
143,10,1035.50,175.37,106.21,299.15,0.75,-1,-1,-1
143,17,23.39,183.49,99.32,209.52,0.94,-1,-1,-1
143,4,-47.57,250.34,129.18,172.67,0.76,-1,-1,-1
143,19,504.46,204.21,14.18,39.27,0.62,-1,-1,-1
143,20,622.93,192.63,19.69,52.00,0.56,-1,-1,-1
144,5,99.92,181.46,117.60,166.37,0.95,-1,-1,-1
144,12,410.34,194.59,29.91,77.64,0.91,-1,-1,-1
144,13,466.23,199.19,26.32,74.79,0.79,-1,-1,-1
144,14,524.95,198.32,28.58,85.23,0.90,-1,-1,-1
144,6,564.46,183.36,61.09,196.19,0.90,-1,-1,-1
144,16,546.23,202.35,29.42,81.17,0.87,-1,-1,-1
144,8,878.86,157.46,113.73,269.87,0.91,-1,-1,-1
144,10,1044.63,175.95,102.15,307.36,0.75,-1,-1,-1
144,17,20.76,183.95,100.00,210.73,0.94,-1,-1,-1
144,4,-53.79,255.51,131.21,169.39,0.71,-1,-1,-1
144,19,504.83,204.69,14.33,39.05,0.66,-1,-1,-1
144,20,624.00,192.87,19.78,53.75,0.61,-1,-1,-1
145,5,98.60,181.30,118.32,167.15,0.95,-1,-1,-1
145,12,410.48,194.49,29.77,77.77,0.91,-1,-1,-1
145,13,466.52,199.42,26.14,73.55,0.78,-1,-1,-1
145,14,524.93,197.98,29.26,84.97,0.89,-1,-1,-1
145,6,564.57,184.17,59.89,195.39,0.90,-1,-1,-1
145,16,546.37,202.52,30.21,81.21,0.88,-1,-1,-1
145,8,880.96,157.81,114.88,272.66,0.91,-1,-1,-1
145,10,1043.97,175.77,107.58,312.15,0.77,-1,-1,-1
145,17,18.43,183.62,101.12,211.80,0.94,-1,-1,-1
145,4,-55.49,262.03,129.86,164.71,0.70,-1,-1,-1
145,19,504.92,204.22,14.37,39.46,0.63,-1,-1,-1
145,20,623.94,193.13,20.41,54.35,0.62,-1,-1,-1
146,5,96.09,180.96,119.75,168.17,0.94,-1,-1,-1
146,12,410.40,194.35,29.74,78.18,0.90,-1,-1,-1
146,13,466.40,199.19,26.69,75.33,0.83,-1,-1,-1
146,14,525.62,197.30,29.54,85.86,0.90,-1,-1,-1
146,6,565.07,184.05,59.49,195.57,0.90,-1,-1,-1
146,16,546.84,202.55,29.95,81.54,0.87,-1,-1,-1
146,8,883.58,157.83,116.27,277.79,0.91,-1,-1,-1
146,10,1048.35,175.60,109.63,314.16,0.80,-1,-1,-1
146,17,15.46,183.36,101.16,213.54,0.94,-1,-1,-1
146,4,-54.40,266.26,126.80,161.94,0.72,-1,-1,-1
146,19,505.35,203.87,14.40,39.71,0.62,-1,-1,-1
146,20,624.99,192.99,20.05,54.16,0.60,-1,-1,-1
147,5,94.99,180.46,119.77,169.09,0.94,-1,-1,-1
147,12,410.39,194.05,29.73,78.61,0.90,-1,-1,-1
147,13,466.35,199.23,26.90,75.01,0.82,-1,-1,-1
147,14,526.44,196.65,29.65,87.38,0.91,-1,-1,-1
147,6,565.53,184.48,58.75,195.01,0.90,-1,-1,-1
147,16,547.89,202.31,29.23,81.65,0.87,-1,-1,-1
147,8,886.78,157.30,117.35,277.86,0.91,-1,-1,-1
147,10,1051.57,174.99,113.88,317.08,0.76,-1,-1,-1
147,17,12.82,183.48,101.38,214.71,0.94,-1,-1,-1
147,4,-58.77,262.12,129.36,168.25,0.71,-1,-1,-1
147,19,505.20,203.96,15.01,39.64,0.63,-1,-1,-1
147,20,625.94,193.07,19.91,52.79,0.61,-1,-1,-1
148,5,93.48,180.54,120.21,169.06,0.95,-1,-1,-1
148,12,410.52,193.66,29.72,78.82,0.90,-1,-1,-1
148,13,466.29,199.49,26.97,71.25,0.82,-1,-1,-1
148,14,526.38,196.19,30.28,87.92,0.90,-1,-1,-1
148,6,565.94,184.41,57.87,195.05,0.90,-1,-1,-1
148,16,548.19,201.77,29.56,82.05,0.87,-1,-1,-1
148,8,889.81,156.05,118.61,279.88,0.91,-1,-1,-1
148,10,1057.14,174.13,114.30,310.50,0.77,-1,-1,-1
148,17,10.24,182.40,101.87,216.15,0.94,-1,-1,-1
148,4,-63.80,257.40,131.39,173.77,0.59,-1,-1,-1
148,19,505.97,204.38,14.64,39.29,0.70,-1,-1,-1
148,20,626.47,193.05,19.85,53.76,0.61,-1,-1,-1
149,5,91.11,180.23,121.94,169.67,0.94,-1,-1,-1
149,12,410.38,192.89,29.70,79.44,0.90,-1,-1,-1
149,13,466.52,199.44,26.99,69.30,0.78,-1,-1,-1
149,14,526.60,195.73,30.50,88.08,0.90,-1,-1,-1
149,6,566.67,184.52,56.92,194.45,0.89,-1,-1,-1
149,16,548.86,201.27,29.66,82.00,0.87,-1,-1,-1
149,8,892.98,155.00,119.30,280.98,0.91,-1,-1,-1
149,10,1062.19,172.23,115.48,313.71,0.74,-1,-1,-1
149,17,7.10,181.70,102.83,217.09,0.94,-1,-1,-1
149,4,-75.38,249.40,141.25,183.93,0.44,-1,-1,-1
149,19,506.52,204.25,14.48,39.54,0.67,-1,-1,-1
149,20,626.93,193.44,19.82,52.93,0.41,-1,-1,-1
