0,1,1015.20,165.82,68.40,166.05,0.93,-1,-1,-1
0,2,43.09,122.40,257.06,496.80,0.92,-1,-1,-1
0,3,132.97,147.15,262.35,620.55,0.89,-1,-1,-1
0,4,280.57,137.02,212.62,708.97,0.86,-1,-1,-1
0,5,805.05,163.12,49.50,135.90,0.82,-1,-1,-1
0,6,1035.00,109.12,354.60,890.77,0.82,-1,-1,-1
0,7,544.95,109.80,137.70,478.80,0.81,-1,-1,-1
0,8,308.02,136.57,316.57,875.02,0.79,-1,-1,-1
0,9,520.20,7.20,543.60,1178.10,0.77,-1,-1,-1
0,10,201.60,121.84,150.30,446.06,0.73,-1,-1,-1
1,1,1015.21,165.63,68.40,166.44,0.93,-1,-1,-1
1,2,42.91,122.79,257.65,496.79,0.92,-1,-1,-1
1,3,132.89,147.34,261.47,620.35,0.88,-1,-1,-1
1,4,280.59,137.02,212.62,708.97,0.86,-1,-1,-1
1,5,805.06,162.93,49.50,136.29,0.82,-1,-1,-1
1,6,1035.01,109.13,354.60,889.20,0.82,-1,-1,-1
1,7,544.96,109.80,137.70,479.58,0.81,-1,-1,-1
1,8,308.04,136.57,316.57,875.02,0.80,-1,-1,-1
1,9,520.21,5.25,543.59,1182.38,0.77,-1,-1,-1
1,10,201.62,121.64,150.30,446.25,0.75,-1,-1,-1
2,1,1016.97,166.34,69.84,165.94,0.93,-1,-1,-1
2,2,40.23,122.60,247.90,497.02,0.91,-1,-1,-1
2,3,118.70,145.75,242.65,637.48,0.87,-1,-1,-1
2,4,274.61,132.77,216.40,729.16,0.83,-1,-1,-1
2,5,807.72,163.44,48.12,130.16,0.76,-1,-1,-1
2,6,1050.12,97.36,370.21,963.87,0.78,-1,-1,-1
2,7,544.62,109.06,139.86,479.38,0.83,-1,-1,-1
2,8,292.60,144.78,313.04,859.04,0.79,-1,-1,-1
2,9,531.44,-7.82,547.40,1196.67,0.74,-1,-1,-1
2,10,198.74,120.41,147.21,430.59,0.74,-1,-1,-1
2,11,361.35,87.07,177.75,535.72,0.74,-1,-1,-1
3,1,1024.23,164.83,69.71,165.82,0.94,-1,-1,-1
3,2,38.23,121.77,224.59,512.41,0.82,-1,-1,-1
3,3,102.77,147.20,237.18,640.46,0.88,-1,-1,-1
3,4,268.20,128.27,219.74,727.42,0.82,-1,-1,-1
3,5,812.83,162.25,46.83,125.44,0.71,-1,-1,-1
3,6,1074.17,91.13,390.35,993.94,0.69,-1,-1,-1
3,7,547.92,108.07,139.90,469.53,0.82,-1,-1,-1
3,8,272.87,149.77,329.15,866.24,0.84,-1,-1,-1
3,9,543.62,-10.97,560.44,1206.83,0.75,-1,-1,-1
3,10,207.00,120.27,136.35,417.31,0.78,-1,-1,-1
3,11,353.48,85.61,185.44,535.55,0.73,-1,-1,-1
4,1,1027.41,164.39,69.24,166.66,0.93,-1,-1,-1
4,2,36.46,120.45,221.36,538.15,0.76,-1,-1,-1
4,3,83.41,143.04,242.32,659.71,0.87,-1,-1,-1
4,4,261.28,123.81,218.59,719.56,0.77,-1,-1,-1
4,5,814.13,161.29,46.18,123.89,0.70,-1,-1,-1
4,6,1111.68,103.36,375.87,968.71,0.56,-1,-1,-1
4,7,542.16,108.26,150.18,485.48,0.83,-1,-1,-1
4,8,247.31,144.57,348.56,896.21,0.86,-1,-1,-1
4,9,545.58,-17.63,584.48,1230.04,0.72,-1,-1,-1
4,10,206.06,119.65,136.77,422.00,0.71,-1,-1,-1
4,11,351.41,96.87,182.39,506.15,0.70,-1,-1,-1
4,12,503.55,157.39,85.50,298.91,0.72,-1,-1,-1
5,1,1028.99,165.27,68.97,166.35,0.93,-1,-1,-1
5,2,34.52,123.62,216.81,571.19,0.41,-1,-1,-1
5,3,61.63,139.58,250.83,679.21,0.86,-1,-1,-1
5,4,241.93,125.40,243.58,734.14,0.73,-1,-1,-1
5,5,818.90,161.86,41.95,118.71,0.42,-1,-1,-1
5,6,1150.04,108.12,350.80,1012.13,0.57,-1,-1,-1
5,7,539.70,107.19,159.16,505.50,0.83,-1,-1,-1
5,8,229.66,148.21,362.51,929.26,0.81,-1,-1,-1
5,9,557.59,-36.32,592.75,1276.18,0.67,-1,-1,-1
5,10,209.19,119.93,129.27,422.82,0.74,-1,-1,-1
5,11,331.83,88.42,202.56,579.37,0.83,-1,-1,-1
5,12,505.75,155.41,88.60,322.39,0.81,-1,-1,-1
6,1,1031.61,165.80,67.35,167.34,0.93,-1,-1,-1
6,2,29.55,127.59,214.49,602.61,0.57,-1,-1,-1
6,3,42.87,137.45,255.70,698.78,0.88,-1,-1,-1
6,4,239.19,133.62,248.87,739.26,0.75,-1,-1,-1
6,7,545.72,107.64,153.18,515.62,0.86,-1,-1,-1
6,8,192.29,140.70,390.62,1005.73,0.83,-1,-1,-1
6,9,570.27,-43.31,588.83,1290.54,0.65,-1,-1,-1
6,10,209.31,119.23,126.08,419.06,0.57,-1,-1,-1
6,11,318.85,84.72,214.11,617.07,0.82,-1,-1,-1
6,12,508.32,154.42,88.55,337.50,0.83,-1,-1,-1
7,1,1035.16,165.05,65.59,168.00,0.93,-1,-1,-1
7,2,39.27,122.44,185.56,577.77,0.35,-1,-1,-1
7,3,24.04,134.53,264.66,719.18,0.87,-1,-1,-1
7,4,233.89,138.08,252.03,747.13,0.58,-1,-1,-1
7,7,545.14,106.78,151.91,527.62,0.87,-1,-1,-1
7,8,155.25,143.60,414.67,1076.05,0.85,-1,-1,-1
7,9,576.11,-54.15,607.98,1347.08,0.61,-1,-1,-1
7,10,206.41,119.07,122.83,424.38,0.52,-1,-1,-1
7,11,300.35,85.68,224.13,631.39,0.79,-1,-1,-1
7,12,507.00,153.76,88.84,347.15,0.84,-1,-1,-1
8,1,1037.78,166.23,64.65,166.79,0.92,-1,-1,-1
8,2,54.02,120.59,168.06,549.16,0.37,-1,-1,-1
8,3,4.74,130.69,259.53,726.72,0.85,-1,-1,-1
8,4,218.47,134.56,285.74,781.43,0.55,-1,-1,-1
8,7,545.61,108.49,152.22,534.64,0.87,-1,-1,-1
8,8,114.80,149.32,436.85,1117.94,0.85,-1,-1,-1
8,9,590.16,-38.08,615.05,1340.39,0.61,-1,-1,-1
8,10,203.33,119.49,123.55,434.29,0.14,-1,-1,-1
8,11,289.35,87.38,231.71,636.33,0.84,-1,-1,-1
8,12,507.49,155.28,86.96,353.06,0.85,-1,-1,-1
9,1,1041.61,166.50,63.08,168.68,0.92,-1,-1,-1
9,2,57.37,119.58,160.36,546.25,0.41,-1,-1,-1
9,3,-18.99,126.77,277.81,757.33,0.80,-1,-1,-1
9,4,250.78,103.33,261.77,694.78,0.86,-1,-1,-1
9,7,545.23,110.52,153.96,540.97,0.88,-1,-1,-1
9,8,90.03,155.71,440.60,1151.80,0.84,-1,-1,-1
9,9,593.99,-33.69,620.24,1370.19,0.65,-1,-1,-1
9,11,226.60,123.94,279.99,731.03,0.72,-1,-1,-1
9,12,505.97,155.63,88.92,357.18,0.86,-1,-1,-1
9,13,694.35,176.40,57.60,156.60,0.73,-1,-1,-1
10,1,1043.42,166.73,63.80,166.86,0.91,-1,-1,-1
10,2,66.42,120.13,165.25,535.50,0.30,-1,-1,-1
10,3,-33.73,126.49,283.99,769.26,0.70,-1,-1,-1
10,4,214.34,120.19,291.72,765.45,0.80,-1,-1,-1
10,7,547.01,112.15,155.85,548.90,0.88,-1,-1,-1
10,8,68.62,153.55,441.43,1182.42,0.83,-1,-1,-1
10,9,590.99,-36.51,631.80,1384.23,0.60,-1,-1,-1
10,11,248.75,104.56,260.16,693.93,0.84,-1,-1,-1
10,12,507.55,157.43,88.36,359.24,0.86,-1,-1,-1
10,13,699.78,178.00,58.52,151.67,0.81,-1,-1,-1
11,1,1047.52,167.11,61.48,162.64,0.92,-1,-1,-1
11,3,-39.16,128.97,267.12,729.92,0.67,-1,-1,-1
11,4,193.01,117.84,308.58,828.84,0.84,-1,-1,-1
11,7,547.40,113.14,159.11,556.27,0.90,-1,-1,-1
11,8,23.86,152.72,460.77,1215.44,0.85,-1,-1,-1
11,9,592.98,-13.77,659.61,1349.21,0.56,-1,-1,-1
11,11,249.94,91.06,258.39,702.30,0.86,-1,-1,-1
11,12,509.02,159.07,89.81,360.41,0.87,-1,-1,-1
11,13,703.75,178.33,58.63,147.46,0.82,-1,-1,-1
12,1,1051.87,167.15,59.55,156.59,0.90,-1,-1,-1
12,3,-51.84,132.65,232.93,696.44,0.36,-1,-1,-1
12,4,185.66,126.48,313.31,865.26,0.84,-1,-1,-1
12,7,547.91,114.18,164.87,559.99,0.91,-1,-1,-1
12,8,-39.18,145.40,499.51,1271.45,0.83,-1,-1,-1
12,9,590.81,-4.73,707.85,1295.15,0.48,-1,-1,-1
12,11,241.09,77.69,258.93,731.99,0.85,-1,-1,-1
12,12,510.33,161.30,91.81,359.60,0.87,-1,-1,-1
12,13,704.74,178.49,57.95,143.78,0.87,-1,-1,-1
12,14,754.20,162.90,53.10,160.20,0.77,-1,-1,-1
13,1,1050.95,166.85,61.17,154.28,0.88,-1,-1,-1
13,4,171.21,125.69,333.79,910.76,0.82,-1,-1,-1
13,7,544.77,117.39,179.96,562.48,0.91,-1,-1,-1
13,8,-103.21,133.49,550.55,1310.80,0.75,-1,-1,-1
13,9,601.41,-2.54,708.94,1312.30,0.42,-1,-1,-1
13,11,228.14,76.69,267.57,737.78,0.84,-1,-1,-1
13,12,510.89,166.90,94.82,356.78,0.87,-1,-1,-1
13,13,704.49,180.29,57.86,144.98,0.87,-1,-1,-1
13,14,757.68,165.37,56.13,157.09,0.82,-1,-1,-1
13,15,401.40,164.81,123.30,329.74,0.84,-1,-1,-1
14,1,1057.62,167.07,62.66,151.32,0.88,-1,-1,-1
14,4,171.95,122.34,335.42,934.07,0.82,-1,-1,-1
14,7,546.61,118.34,184.71,567.47,0.93,-1,-1,-1
14,8,-185.20,115.37,597.46,1371.30,0.69,-1,-1,-1
14,9,600.46,3.09,725.65,1349.12,0.54,-1,-1,-1
14,11,220.49,75.92,266.28,746.51,0.81,-1,-1,-1
14,12,512.63,166.33,95.96,360.16,0.86,-1,-1,-1
14,13,708.74,180.02,59.40,146.53,0.88,-1,-1,-1
14,14,765.46,166.00,52.77,155.03,0.86,-1,-1,-1
14,15,408.78,167.55,123.49,338.05,0.83,-1,-1,-1
15,1,1065.43,168.00,61.89,149.13,0.88,-1,-1,-1
15,4,177.04,117.04,331.27,948.93,0.81,-1,-1,-1
15,7,549.64,118.38,185.86,571.74,0.94,-1,-1,-1
15,8,-232.60,121.10,578.61,1388.95,0.67,-1,-1,-1
15,9,622.09,26.96,716.99,1249.31,0.52,-1,-1,-1
15,11,214.54,79.08,263.36,746.59,0.80,-1,-1,-1
15,12,515.01,164.86,95.41,363.49,0.86,-1,-1,-1
15,13,712.91,179.95,60.44,148.16,0.87,-1,-1,-1
15,14,768.50,165.13,54.51,156.61,0.86,-1,-1,-1
15,15,413.32,173.06,123.58,325.90,0.77,-1,-1,-1
15,16,389.02,163.12,123.98,375.97,0.85,-1,-1,-1
16,1,1074.21,167.08,60.90,149.39,0.87,-1,-1,-1
16,4,175.72,115.40,326.77,956.63,0.83,-1,-1,-1
16,7,552.12,112.77,179.72,583.21,0.95,-1,-1,-1
16,8,-261.08,161.51,517.03,1304.51,0.62,-1,-1,-1
16,9,642.37,39.87,679.45,1282.03,0.66,-1,-1,-1
16,11,186.92,63.00,280.64,804.11,0.75,-1,-1,-1
16,12,519.71,160.37,92.97,368.76,0.86,-1,-1,-1
16,13,717.23,176.54,57.60,150.01,0.89,-1,-1,-1
16,14,770.88,162.74,57.21,160.53,0.86,-1,-1,-1
16,15,412.92,167.87,122.95,326.87,0.79,-1,-1,-1
16,16,387.05,163.83,128.88,384.64,0.87,-1,-1,-1
16,2,-19.76,134.56,270.71,778.77,0.76,-1,-1,-1
17,1,1079.38,166.79,61.58,148.37,0.85,-1,-1,-1
17,4,176.74,120.83,326.56,976.02,0.80,-1,-1,-1
17,7,555.84,111.42,177.25,586.99,0.94,-1,-1,-1
17,9,659.33,42.67,664.48,1294.60,0.68,-1,-1,-1
17,11,170.42,62.20,284.47,822.34,0.72,-1,-1,-1
17,12,523.71,158.10,89.95,369.48,0.87,-1,-1,-1
17,13,721.80,175.55,55.13,150.20,0.91,-1,-1,-1
17,14,775.88,162.09,55.95,162.05,0.87,-1,-1,-1
17,15,414.17,167.23,126.04,326.12,0.79,-1,-1,-1
17,16,384.90,163.22,139.52,393.14,0.89,-1,-1,-1
17,2,-55.48,118.81,303.53,846.27,0.70,-1,-1,-1
18,1,1088.07,166.96,61.96,148.15,0.84,-1,-1,-1
18,4,176.93,116.46,333.39,998.34,0.80,-1,-1,-1
18,7,560.91,111.07,178.55,589.73,0.94,-1,-1,-1
18,9,675.84,46.67,641.61,1285.41,0.63,-1,-1,-1
18,11,153.66,69.18,279.43,758.83,0.67,-1,-1,-1
18,12,528.65,157.30,90.41,372.01,0.87,-1,-1,-1
18,13,728.49,175.37,55.72,152.12,0.90,-1,-1,-1
18,14,781.70,161.39,58.20,165.05,0.86,-1,-1,-1
18,15,420.80,169.23,124.66,325.88,0.84,-1,-1,-1
18,16,386.55,164.21,146.69,397.95,0.91,-1,-1,-1
18,2,-72.11,122.62,314.13,849.46,0.72,-1,-1,-1
18,17,47.64,123.75,181.41,592.20,0.75,-1,-1,-1
19,1,1097.40,168.05,61.98,149.85,0.82,-1,-1,-1
19,4,177.21,108.99,338.79,1025.95,0.79,-1,-1,-1
19,7,565.83,108.58,180.14,596.33,0.95,-1,-1,-1
19,9,691.92,37.27,628.58,1297.91,0.60,-1,-1,-1
19,11,142.77,65.36,273.84,753.88,0.66,-1,-1,-1
19,12,534.71,157.85,90.83,371.62,0.87,-1,-1,-1
19,13,734.53,175.23,57.64,154.25,0.90,-1,-1,-1
19,14,789.15,162.02,56.31,164.08,0.86,-1,-1,-1
19,15,424.97,170.23,124.29,328.70,0.78,-1,-1,-1
19,16,383.00,164.04,153.53,404.75,0.90,-1,-1,-1
19,2,-90.97,110.56,329.02,883.34,0.72,-1,-1,-1
19,17,50.30,122.55,175.23,584.06,0.75,-1,-1,-1
19,18,568.80,152.77,70.20,220.50,0.71,-1,-1,-1
20,1,1106.65,167.85,62.29,154.17,0.81,-1,-1,-1
20,4,173.25,129.30,349.57,1018.86,0.75,-1,-1,-1
20,7,569.99,108.82,179.80,601.33,0.95,-1,-1,-1
20,9,713.16,20.26,614.36,1294.24,0.64,-1,-1,-1
20,11,128.05,63.24,272.44,734.94,0.53,-1,-1,-1
20,12,538.61,157.61,91.50,374.19,0.86,-1,-1,-1
20,13,740.66,175.31,57.38,156.28,0.89,-1,-1,-1
20,14,795.03,162.75,57.12,165.57,0.85,-1,-1,-1
20,15,429.50,170.77,123.58,331.75,0.78,-1,-1,-1
20,16,380.56,164.78,159.74,414.34,0.91,-1,-1,-1
20,2,-105.63,113.64,350.54,876.58,0.65,-1,-1,-1
20,17,59.65,120.81,166.99,576.32,0.71,-1,-1,-1
20,18,573.38,152.59,71.05,222.31,0.72,-1,-1,-1
20,19,313.88,161.32,103.95,302.17,0.73,-1,-1,-1
21,1,1110.36,167.74,67.10,167.09,0.74,-1,-1,-1
21,4,173.95,140.72,358.81,1035.98,0.72,-1,-1,-1
21,7,575.04,109.81,179.08,600.36,0.95,-1,-1,-1
21,9,729.26,6.86,612.60,1308.48,0.62,-1,-1,-1
21,11,120.47,67.10,227.46,708.89,0.58,-1,-1,-1
21,12,543.55,157.16,91.48,375.49,0.86,-1,-1,-1
21,13,746.81,175.78,54.70,156.95,0.89,-1,-1,-1
21,14,802.31,163.31,56.62,165.71,0.84,-1,-1,-1
21,15,436.56,171.98,121.72,332.37,0.78,-1,-1,-1
21,16,383.28,165.03,158.62,403.05,0.91,-1,-1,-1
21,2,-116.66,99.53,385.76,914.91,0.60,-1,-1,-1
21,17,66.57,113.57,162.41,601.74,0.64,-1,-1,-1
21,18,576.73,151.91,73.84,225.81,0.72,-1,-1,-1
21,19,319.06,159.88,106.09,316.64,0.76,-1,-1,-1
22,1,1119.30,168.21,68.73,171.85,0.75,-1,-1,-1
22,4,175.91,144.44,362.47,1043.13,0.78,-1,-1,-1
22,7,579.17,109.24,182.71,605.10,0.95,-1,-1,-1
22,9,751.81,10.02,601.63,1264.22,0.58,-1,-1,-1
22,11,100.01,70.32,213.81,727.52,0.70,-1,-1,-1
22,12,549.67,155.35,93.12,379.78,0.87,-1,-1,-1
22,13,752.87,176.07,54.92,158.24,0.90,-1,-1,-1
22,14,809.32,163.93,60.06,166.50,0.87,-1,-1,-1
22,15,440.03,171.54,124.02,334.85,0.82,-1,-1,-1
22,16,388.00,163.84,160.22,409.01,0.91,-1,-1,-1
22,2,-123.10,91.14,373.24,951.26,0.62,-1,-1,-1
22,17,72.52,91.82,179.86,675.95,0.59,-1,-1,-1
22,18,584.20,151.12,72.62,224.46,0.70,-1,-1,-1
22,19,325.31,158.08,106.33,335.79,0.78,-1,-1,-1
23,1,1133.65,165.11,63.02,158.33,0.53,-1,-1,-1
23,4,175.45,138.29,373.24,1062.29,0.80,-1,-1,-1
23,7,583.28,107.40,188.03,610.82,0.95,-1,-1,-1
23,9,768.16,-2.78,603.64,1269.32,0.57,-1,-1,-1
23,11,78.85,75.22,217.95,705.89,0.70,-1,-1,-1
23,12,554.95,154.34,94.53,380.58,0.87,-1,-1,-1
23,13,759.26,175.09,56.16,158.49,0.90,-1,-1,-1
23,14,816.88,163.02,60.12,166.14,0.83,-1,-1,-1
23,15,447.74,171.45,123.04,334.06,0.77,-1,-1,-1
23,16,394.15,163.29,162.18,411.00,0.91,-1,-1,-1
23,2,-147.64,84.67,383.12,996.48,0.64,-1,-1,-1
23,17,101.27,103.14,216.24,676.73,0.43,-1,-1,-1
23,18,589.88,150.70,72.78,226.98,0.70,-1,-1,-1
23,19,332.90,156.21,109.06,346.74,0.78,-1,-1,-1
24,1,1146.48,163.71,57.24,149.49,0.56,-1,-1,-1
24,4,171.49,124.93,386.54,1106.01,0.83,-1,-1,-1
24,7,587.71,101.07,187.13,621.13,0.95,-1,-1,-1
24,9,777.49,-2.95,612.63,1221.43,0.55,-1,-1,-1
24,11,55.85,62.75,245.31,803.60,0.71,-1,-1,-1
24,12,558.12,151.91,98.04,384.28,0.87,-1,-1,-1
24,13,765.38,174.44,57.52,160.94,0.92,-1,-1,-1
24,14,822.83,162.46,59.21,166.31,0.83,-1,-1,-1
24,15,452.19,171.79,124.36,334.50,0.72,-1,-1,-1
24,16,398.37,163.00,164.04,420.74,0.92,-1,-1,-1
24,2,-140.45,104.68,361.90,970.64,0.73,-1,-1,-1
24,17,79.27,43.17,281.24,920.92,0.39,-1,-1,-1
24,18,596.79,150.75,69.79,215.10,0.71,-1,-1,-1
24,19,341.74,154.93,109.64,363.19,0.80,-1,-1,-1
25,1,1159.70,162.59,52.25,138.44,0.34,-1,-1,-1
25,4,165.61,115.37,396.97,1129.97,0.84,-1,-1,-1
25,7,591.32,96.59,187.65,626.18,0.94,-1,-1,-1
25,9,793.54,-14.09,596.76,1224.50,0.63,-1,-1,-1
25,11,29.72,55.71,258.10,873.89,0.66,-1,-1,-1
25,12,564.54,150.01,99.18,386.74,0.86,-1,-1,-1
25,13,771.19,173.76,59.52,161.55,0.92,-1,-1,-1
25,14,829.13,161.08,59.04,165.79,0.84,-1,-1,-1
25,15,454.91,167.59,125.98,340.14,0.71,-1,-1,-1
25,16,403.85,159.94,163.02,425.04,0.92,-1,-1,-1
25,2,-141.30,109.03,350.11,1007.32,0.71,-1,-1,-1
25,17,49.39,27.27,307.50,1066.96,0.16,-1,-1,-1
25,18,602.28,149.26,67.54,212.84,0.74,-1,-1,-1
25,19,348.01,150.79,112.30,377.64,0.81,-1,-1,-1
26,4,157.11,113.11,411.75,1141.68,0.84,-1,-1,-1
26,7,594.86,95.45,190.20,629.68,0.94,-1,-1,-1
26,9,802.20,-29.53,584.54,1245.70,0.61,-1,-1,-1
26,11,12.57,57.50,277.03,853.18,0.64,-1,-1,-1
26,12,569.84,149.96,101.53,388.63,0.84,-1,-1,-1
26,13,776.77,174.55,61.75,162.13,0.91,-1,-1,-1
26,14,836.00,161.61,57.49,165.90,0.86,-1,-1,-1
26,15,458.80,166.33,127.80,344.69,0.67,-1,-1,-1
26,16,405.90,160.49,166.80,429.93,0.91,-1,-1,-1
26,2,-154.03,128.41,351.94,991.11,0.69,-1,-1,-1
26,18,607.98,149.44,64.55,204.63,0.68,-1,-1,-1
26,19,360.25,149.84,110.10,377.78,0.80,-1,-1,-1
27,4,148.37,109.17,421.53,1159.42,0.86,-1,-1,-1
27,7,597.41,93.65,189.21,634.73,0.94,-1,-1,-1
27,9,812.15,-51.40,567.99,1283.93,0.60,-1,-1,-1
27,11,3.99,57.46,294.16,907.61,0.56,-1,-1,-1
27,12,573.81,148.20,103.37,391.18,0.84,-1,-1,-1
27,13,781.63,173.95,62.87,163.07,0.93,-1,-1,-1
27,14,841.59,160.60,58.95,167.80,0.87,-1,-1,-1
27,15,463.82,164.20,125.95,346.20,0.62,-1,-1,-1
27,16,408.20,157.38,169.02,438.20,0.90,-1,-1,-1
27,2,-187.52,108.41,371.67,1102.00,0.56,-1,-1,-1
27,18,614.76,148.59,62.46,197.99,0.65,-1,-1,-1
27,19,369.98,147.38,106.78,378.08,0.79,-1,-1,-1
28,4,136.86,108.14,434.58,1187.05,0.87,-1,-1,-1
28,7,599.62,94.07,191.30,641.24,0.94,-1,-1,-1
28,9,809.99,-54.95,562.15,1253.25,0.59,-1,-1,-1
28,11,-15.00,53.18,293.68,917.48,0.64,-1,-1,-1
28,12,578.91,148.58,104.14,392.78,0.85,-1,-1,-1
28,13,787.18,173.96,63.90,163.85,0.92,-1,-1,-1
28,14,847.07,160.84,60.71,170.01,0.87,-1,-1,-1
28,15,467.55,163.35,126.46,346.49,0.59,-1,-1,-1
28,16,410.26,156.34,173.22,447.28,0.89,-1,-1,-1
28,2,-186.10,113.29,356.31,1054.59,0.61,-1,-1,-1
28,18,621.44,147.85,59.27,190.83,0.56,-1,-1,-1
28,19,379.79,146.12,105.17,375.43,0.80,-1,-1,-1
29,4,113.27,97.34,459.00,1225.98,0.85,-1,-1,-1
29,7,601.88,93.50,194.23,646.19,0.93,-1,-1,-1
29,9,811.00,-77.97,567.51,1320.20,0.61,-1,-1,-1
29,11,-41.15,42.01,310.61,920.49,0.61,-1,-1,-1
29,12,583.99,149.25,104.26,393.87,0.83,-1,-1,-1
29,13,793.33,174.22,64.24,164.48,0.92,-1,-1,-1
29,14,853.47,160.51,61.92,173.38,0.87,-1,-1,-1
29,15,470.79,160.76,126.54,349.84,0.61,-1,-1,-1
29,16,414.07,154.96,173.99,452.57,0.91,-1,-1,-1
29,2,-198.28,118.94,344.76,1013.03,0.54,-1,-1,-1
29,18,627.02,148.25,58.18,185.54,0.46,-1,-1,-1
29,19,389.09,145.20,104.79,375.55,0.82,-1,-1,-1
30,4,91.19,83.00,479.78,1271.30,0.85,-1,-1,-1
30,7,605.80,91.38,194.80,649.84,0.94,-1,-1,-1
30,9,814.66,-71.41,558.75,1314.40,0.59,-1,-1,-1
30,11,-55.48,38.49,321.03,926.84,0.49,-1,-1,-1
30,12,589.59,149.65,103.74,396.37,0.86,-1,-1,-1
30,13,799.70,174.14,64.35,165.71,0.92,-1,-1,-1
30,14,858.65,160.89,63.86,173.59,0.88,-1,-1,-1
30,15,474.82,160.60,127.18,350.89,0.72,-1,-1,-1
30,16,415.94,153.86,180.22,454.66,0.93,-1,-1,-1
30,2,-226.10,78.77,353.51,1094.31,0.32,-1,-1,-1
30,18,632.00,149.80,61.73,195.91,0.56,-1,-1,-1
30,19,397.51,144.34,106.75,379.86,0.81,-1,-1,-1
30,20,279.45,127.46,125.10,376.54,0.77,-1,-1,-1
31,4,67.13,80.61,499.75,1293.70,0.86,-1,-1,-1
31,7,609.68,90.59,194.79,650.52,0.93,-1,-1,-1
31,9,817.30,-64.13,538.61,1303.89,0.61,-1,-1,-1
31,11,-54.80,42.39,309.32,912.19,0.31,-1,-1,-1
31,12,595.18,149.92,102.45,397.36,0.85,-1,-1,-1
31,13,806.65,174.13,63.59,167.02,0.90,-1,-1,-1
31,14,864.50,160.44,64.98,177.55,0.88,-1,-1,-1
31,15,483.08,164.90,122.76,343.43,0.72,-1,-1,-1
31,16,417.42,151.87,183.15,457.18,0.93,-1,-1,-1
31,18,638.46,150.27,57.85,184.54,0.47,-1,-1,-1
31,19,404.65,143.82,107.85,387.75,0.82,-1,-1,-1
31,20,263.07,117.30,146.82,425.88,0.85,-1,-1,-1
32,4,37.60,86.98,517.94,1301.89,0.84,-1,-1,-1
32,7,612.36,92.12,196.15,651.38,0.94,-1,-1,-1
32,9,821.10,-55.04,532.06,1295.45,0.59,-1,-1,-1
32,11,-60.13,16.43,324.11,960.91,0.14,-1,-1,-1
32,12,598.40,149.35,103.53,399.68,0.84,-1,-1,-1
32,13,813.30,173.91,64.98,168.49,0.91,-1,-1,-1
32,14,871.29,160.86,64.09,179.07,0.89,-1,-1,-1
32,15,486.34,162.10,123.97,347.52,0.69,-1,-1,-1
32,16,417.09,150.11,188.58,462.66,0.93,-1,-1,-1
32,18,647.49,149.94,52.55,171.84,0.28,-1,-1,-1
32,19,412.81,143.28,106.22,392.12,0.83,-1,-1,-1
32,20,267.44,114.12,147.37,449.21,0.90,-1,-1,-1
33,4,-7.30,76.37,548.85,1336.39,0.85,-1,-1,-1
33,7,614.99,91.48,196.10,653.31,0.94,-1,-1,-1
33,9,824.98,-45.59,535.30,1277.55,0.61,-1,-1,-1
33,12,602.94,149.17,105.41,403.28,0.83,-1,-1,-1
33,13,820.56,173.84,64.16,169.98,0.91,-1,-1,-1
33,14,878.31,160.69,65.08,181.12,0.88,-1,-1,-1
33,15,491.13,161.76,125.35,349.58,0.79,-1,-1,-1
33,16,415.96,149.54,191.79,476.42,0.93,-1,-1,-1
33,19,418.28,142.56,115.22,389.39,0.83,-1,-1,-1
33,20,269.18,114.35,150.74,452.09,0.91,-1,-1,-1
34,4,-91.08,46.70,615.85,1404.08,0.80,-1,-1,-1
34,7,616.79,90.85,198.16,661.27,0.94,-1,-1,-1
34,9,832.48,-50.65,548.51,1322.75,0.58,-1,-1,-1
34,12,607.46,149.91,105.87,404.87,0.84,-1,-1,-1
34,13,826.45,174.53,64.36,170.35,0.93,-1,-1,-1
34,14,885.04,160.93,66.54,185.57,0.89,-1,-1,-1
34,15,488.33,163.31,131.18,352.41,0.83,-1,-1,-1
34,16,414.08,150.01,195.31,494.37,0.94,-1,-1,-1
34,19,424.59,143.03,122.44,388.32,0.86,-1,-1,-1
34,20,271.16,114.94,154.23,468.29,0.90,-1,-1,-1
35,4,-138.75,58.53,649.30,1378.11,0.71,-1,-1,-1
35,7,619.65,91.66,200.31,659.49,0.95,-1,-1,-1
35,9,840.76,-60.14,562.75,1357.63,0.52,-1,-1,-1
35,12,611.58,150.30,105.55,406.89,0.85,-1,-1,-1
35,13,833.28,174.97,63.88,171.15,0.93,-1,-1,-1
35,14,892.79,161.49,67.73,189.42,0.90,-1,-1,-1
35,15,489.67,162.88,134.01,367.47,0.79,-1,-1,-1
35,16,412.14,147.63,198.77,513.37,0.95,-1,-1,-1
35,19,430.45,143.02,129.29,395.94,0.76,-1,-1,-1
35,20,274.10,115.33,156.09,468.64,0.90,-1,-1,-1
35,10,80.02,107.34,185.58,584.80,0.68,-1,-1,-1
36,4,-172.54,74.63,652.49,1331.59,0.57,-1,-1,-1
36,7,623.26,92.44,203.36,664.55,0.94,-1,-1,-1
36,9,851.18,-29.94,530.97,1303.38,0.59,-1,-1,-1
36,12,615.48,151.40,110.80,408.59,0.84,-1,-1,-1
36,13,841.77,175.48,63.93,171.94,0.92,-1,-1,-1
36,14,900.88,162.58,66.51,187.14,0.89,-1,-1,-1
36,15,493.25,161.21,137.21,381.10,0.79,-1,-1,-1
36,16,412.32,145.05,200.00,528.51,0.94,-1,-1,-1
36,19,437.23,143.76,131.70,401.29,0.66,-1,-1,-1
36,20,280.37,116.52,156.28,470.36,0.91,-1,-1,-1
36,10,91.02,105.90,172.72,602.51,0.83,-1,-1,-1
37,7,626.82,91.64,205.57,673.21,0.93,-1,-1,-1
37,9,867.80,-16.42,504.48,1272.69,0.63,-1,-1,-1
37,12,619.56,151.63,113.74,409.91,0.84,-1,-1,-1
37,13,850.93,175.33,63.91,172.82,0.92,-1,-1,-1
37,14,910.37,162.28,67.26,186.70,0.90,-1,-1,-1
37,15,498.50,160.86,138.31,375.84,0.83,-1,-1,-1
37,16,412.13,143.70,201.26,539.95,0.93,-1,-1,-1
37,20,286.43,117.54,159.68,471.89,0.91,-1,-1,-1
37,10,81.78,105.92,185.35,600.82,0.86,-1,-1,-1
38,7,627.56,88.85,211.35,683.22,0.93,-1,-1,-1
38,9,876.53,-17.41,513.62,1280.35,0.63,-1,-1,-1
38,12,621.55,151.35,115.75,414.12,0.84,-1,-1,-1
38,13,855.79,174.09,66.26,175.10,0.93,-1,-1,-1
38,14,916.48,160.67,69.95,191.01,0.89,-1,-1,-1
38,15,474.97,150.13,167.00,401.51,0.87,-1,-1,-1
38,16,406.42,150.94,206.75,545.40,0.93,-1,-1,-1
38,20,286.95,119.61,168.08,473.01,0.91,-1,-1,-1
38,10,61.34,108.83,206.15,612.67,0.87,-1,-1,-1
38,21,992.70,164.47,64.80,184.05,0.74,-1,-1,-1
39,7,630.66,87.36,215.20,685.98,0.93,-1,-1,-1
39,9,891.41,-11.43,507.65,1258.47,0.64,-1,-1,-1
39,12,624.45,150.59,120.06,416.15,0.84,-1,-1,-1
39,13,861.73,172.80,67.97,177.13,0.92,-1,-1,-1
39,14,922.31,158.89,74.72,194.73,0.91,-1,-1,-1
39,15,486.55,149.44,162.30,408.24,0.85,-1,-1,-1
39,16,403.23,154.95,210.09,550.79,0.93,-1,-1,-1
39,20,291.59,121.69,172.14,473.19,0.90,-1,-1,-1
39,10,55.43,112.33,220.36,604.91,0.86,-1,-1,-1
39,21,999.47,163.77,68.28,185.26,0.82,-1,-1,-1
39,22,965.70,171.45,32.40,96.97,0.70,-1,-1,-1
40,7,634.85,84.72,215.76,687.20,0.93,-1,-1,-1
40,9,904.91,-8.61,499.95,1219.15,0.57,-1,-1,-1
40,12,630.77,149.48,121.83,418.45,0.83,-1,-1,-1
40,13,868.12,171.90,68.97,179.10,0.93,-1,-1,-1
40,14,929.06,157.28,76.36,196.74,0.91,-1,-1,-1
40,15,495.00,148.04,159.49,412.71,0.88,-1,-1,-1
40,16,399.89,155.85,212.86,556.14,0.94,-1,-1,-1
40,20,297.00,121.88,169.89,472.77,0.91,-1,-1,-1
40,10,56.46,114.98,260.43,620.83,0.91,-1,-1,-1
40,21,1007.72,163.19,70.38,188.02,0.86,-1,-1,-1
40,22,974.94,170.93,32.69,97.99,0.76,-1,-1,-1
41,7,636.82,83.25,219.38,692.39,0.93,-1,-1,-1
41,9,924.82,2.82,474.03,1185.95,0.50,-1,-1,-1
41,12,635.57,147.79,130.32,423.65,0.83,-1,-1,-1
41,13,875.98,171.64,69.82,181.21,0.92,-1,-1,-1
41,14,936.29,156.29,77.17,198.33,0.91,-1,-1,-1
41,15,489.37,148.05,154.66,425.09,0.80,-1,-1,-1
41,16,393.90,154.72,218.48,563.65,0.94,-1,-1,-1
41,20,300.60,120.67,167.98,476.01,0.92,-1,-1,-1
41,10,55.06,119.11,278.45,625.54,0.91,-1,-1,-1
41,21,1015.18,162.63,72.35,186.37,0.87,-1,-1,-1
41,22,984.21,170.35,32.88,97.81,0.70,-1,-1,-1
41,23,1072.80,169.76,50.40,156.49,0.73,-1,-1,-1
41,24,1051.20,163.69,46.80,148.16,0.73,-1,-1,-1
41,19,521.47,160.68,135.34,371.83,0.77,-1,-1,-1
42,7,637.57,81.80,223.08,706.77,0.93,-1,-1,-1
42,9,941.72,5.20,460.73,1177.04,0.48,-1,-1,-1
42,12,637.40,148.36,133.89,426.51,0.82,-1,-1,-1
42,13,883.40,172.31,69.37,183.09,0.93,-1,-1,-1
42,14,943.44,157.36,79.57,200.40,0.90,-1,-1,-1
42,15,490.94,147.32,150.44,433.98,0.83,-1,-1,-1
42,16,388.48,154.19,225.31,569.28,0.95,-1,-1,-1
42,20,304.99,122.02,166.88,475.73,0.92,-1,-1,-1
42,10,57.65,116.29,280.43,633.62,0.91,-1,-1,-1
42,21,1022.82,163.93,72.72,185.28,0.86,-1,-1,-1
42,22,992.99,171.11,32.74,104.73,0.62,-1,-1,-1
42,23,1083.65,170.83,50.91,148.64,0.79,-1,-1,-1
42,24,1062.70,162.58,45.87,141.82,0.71,-1,-1,-1
42,19,534.02,169.94,129.40,357.39,0.76,-1,-1,-1
43,7,636.77,80.80,228.23,718.74,0.93,-1,-1,-1
43,9,952.89,-8.84,467.11,1205.30,0.54,-1,-1,-1
43,12,638.06,147.52,136.14,429.82,0.83,-1,-1,-1
43,13,890.63,173.01,70.27,184.71,0.92,-1,-1,-1
43,14,950.04,158.00,79.24,202.16,0.90,-1,-1,-1
43,15,497.68,146.12,156.87,440.17,0.88,-1,-1,-1
43,16,381.47,151.67,232.33,576.09,0.95,-1,-1,-1
43,20,308.17,121.79,165.36,477.63,0.93,-1,-1,-1
43,10,56.90,115.20,266.14,633.00,0.91,-1,-1,-1
43,21,1028.84,163.95,73.98,183.54,0.88,-1,-1,-1
43,22,1001.22,171.56,32.60,103.86,0.49,-1,-1,-1
43,23,1092.51,170.03,52.46,150.44,0.80,-1,-1,-1
43,24,1071.66,162.65,47.10,144.02,0.70,-1,-1,-1
43,19,534.50,165.26,131.75,362.44,0.34,-1,-1,-1
44,7,637.87,79.38,229.72,726.98,0.92,-1,-1,-1
44,9,961.64,-7.88,476.78,1235.71,0.53,-1,-1,-1
44,12,640.73,147.01,141.54,432.54,0.83,-1,-1,-1
44,13,897.67,172.36,70.63,186.77,0.93,-1,-1,-1
44,14,957.72,158.42,76.38,205.46,0.90,-1,-1,-1
44,15,508.05,142.72,154.57,444.72,0.88,-1,-1,-1
44,16,374.75,149.36,237.00,578.38,0.94,-1,-1,-1
44,20,312.50,121.14,164.43,478.33,0.92,-1,-1,-1
44,10,54.40,112.98,279.57,642.31,0.91,-1,-1,-1
44,21,1036.21,163.94,74.16,186.76,0.86,-1,-1,-1
44,22,1009.97,172.38,32.44,102.92,0.64,-1,-1,-1
44,23,1099.09,167.41,60.98,165.97,0.84,-1,-1,-1
44,24,1081.82,163.37,47.18,148.14,0.72,-1,-1,-1
44,25,1036.80,171.45,46.80,122.40,0.77,-1,-1,-1
45,7,639.94,79.29,230.80,734.43,0.92,-1,-1,-1
45,9,967.14,-18.72,489.21,1241.21,0.48,-1,-1,-1
45,12,643.05,147.12,143.78,433.50,0.82,-1,-1,-1
45,13,904.64,172.58,71.77,188.43,0.92,-1,-1,-1
45,14,965.46,158.37,76.22,208.20,0.89,-1,-1,-1
45,15,513.96,140.87,153.74,447.40,0.88,-1,-1,-1
45,16,367.32,147.74,242.19,583.15,0.94,-1,-1,-1
45,20,316.81,121.14,165.42,479.25,0.92,-1,-1,-1
45,10,56.75,115.22,280.11,637.61,0.91,-1,-1,-1
45,21,1044.30,165.02,74.02,182.93,0.84,-1,-1,-1
45,22,1017.28,172.63,33.63,106.17,0.58,-1,-1,-1
45,23,1106.80,166.74,63.64,166.77,0.88,-1,-1,-1
45,24,1090.74,164.00,47.01,143.57,0.74,-1,-1,-1
45,25,1043.79,170.72,49.92,123.15,0.75,-1,-1,-1
46,7,639.92,79.18,234.47,741.11,0.91,-1,-1,-1
46,9,968.66,-24.95,484.32,1286.79,0.52,-1,-1,-1
46,12,647.45,146.20,142.86,434.43,0.83,-1,-1,-1
46,13,912.40,171.52,71.96,190.55,0.92,-1,-1,-1
46,14,972.75,158.64,78.28,211.43,0.90,-1,-1,-1
46,15,514.97,138.83,157.63,452.44,0.87,-1,-1,-1
46,16,360.57,143.34,244.56,587.41,0.94,-1,-1,-1
46,20,321.69,120.08,170.14,477.27,0.91,-1,-1,-1
46,10,63.34,114.21,272.75,635.85,0.90,-1,-1,-1
46,21,1050.88,165.31,76.21,184.04,0.85,-1,-1,-1
46,22,1025.45,172.41,33.94,106.39,0.63,-1,-1,-1
46,23,1113.69,166.79,65.42,168.58,0.87,-1,-1,-1
46,24,1098.03,164.67,48.15,149.48,0.70,-1,-1,-1
46,25,1051.47,170.84,50.49,125.48,0.77,-1,-1,-1
47,7,641.27,73.00,235.09,753.35,0.92,-1,-1,-1
47,9,972.09,-40.37,487.59,1298.53,0.54,-1,-1,-1
47,12,648.92,146.78,141.15,436.14,0.83,-1,-1,-1
47,13,918.37,171.08,72.30,191.97,0.93,-1,-1,-1
47,14,979.57,158.16,79.03,214.89,0.89,-1,-1,-1
47,15,520.44,135.01,158.42,459.70,0.91,-1,-1,-1
47,16,352.91,137.12,241.71,595.95,0.94,-1,-1,-1
47,20,324.39,117.93,172.01,489.32,0.90,-1,-1,-1
47,10,62.12,109.30,261.65,635.90,0.91,-1,-1,-1
47,21,1057.03,165.53,78.24,191.68,0.87,-1,-1,-1
47,22,1033.31,171.84,34.06,110.05,0.60,-1,-1,-1
47,23,1122.54,165.79,65.93,170.29,0.86,-1,-1,-1
47,24,1107.62,165.07,47.23,146.48,0.72,-1,-1,-1
47,25,1057.11,171.93,51.97,127.64,0.78,-1,-1,-1
48,7,642.29,70.14,237.51,761.25,0.92,-1,-1,-1
48,9,978.59,-63.42,506.84,1366.75,0.51,-1,-1,-1
48,12,649.95,147.49,143.67,439.94,0.82,-1,-1,-1
48,13,925.10,169.78,73.45,194.39,0.93,-1,-1,-1
48,14,986.97,157.61,80.62,217.57,0.91,-1,-1,-1
48,15,523.76,131.93,157.83,474.48,0.90,-1,-1,-1
48,16,343.92,132.92,238.22,603.37,0.93,-1,-1,-1
48,20,327.46,116.18,176.75,502.96,0.88,-1,-1,-1
48,10,58.67,109.54,264.26,636.64,0.91,-1,-1,-1
48,21,1065.39,165.36,77.91,189.54,0.85,-1,-1,-1
48,22,1041.66,171.43,34.16,108.74,0.63,-1,-1,-1
48,23,1133.19,164.83,64.88,170.77,0.86,-1,-1,-1
48,24,1118.52,164.86,46.96,144.43,0.69,-1,-1,-1
48,25,1063.37,171.28,55.12,131.07,0.82,-1,-1,-1
49,7,642.90,71.15,242.41,760.82,0.91,-1,-1,-1
49,9,986.39,-69.76,503.31,1391.40,0.44,-1,-1,-1
49,12,651.99,148.12,146.29,443.18,0.83,-1,-1,-1
49,13,932.54,169.31,73.85,196.07,0.93,-1,-1,-1
49,14,995.80,157.82,80.00,219.49,0.90,-1,-1,-1
49,15,537.48,142.67,134.05,409.99,0.67,-1,-1,-1
49,16,336.06,131.71,234.62,615.41,0.92,-1,-1,-1
49,20,333.53,114.88,183.06,518.39,0.86,-1,-1,-1
49,10,59.87,109.52,266.34,636.21,0.91,-1,-1,-1
49,21,1074.53,165.68,77.73,191.77,0.87,-1,-1,-1
49,22,1052.58,171.82,32.97,106.50,0.68,-1,-1,-1
49,23,1143.12,164.29,65.54,174.11,0.84,-1,-1,-1
49,24,1129.67,166.00,46.85,145.74,0.69,-1,-1,-1
49,25,1071.71,172.12,54.90,135.44,0.81,-1,-1,-1
49,19,538.91,131.15,148.95,486.69,0.89,-1,-1,-1
50,7,640.95,67.02,247.70,769.27,0.92,-1,-1,-1
50,9,1001.62,-31.96,530.99,1417.20,0.11,-1,-1,-1
50,12,652.53,147.48,143.30,446.64,0.84,-1,-1,-1
50,13,938.85,168.01,75.01,199.05,0.93,-1,-1,-1
50,14,1003.93,157.26,79.54,222.87,0.91,-1,-1,-1
50,15,541.87,147.44,127.99,385.94,0.75,-1,-1,-1
50,16,327.16,129.77,233.84,621.76,0.93,-1,-1,-1
50,20,331.88,113.52,187.22,537.22,0.84,-1,-1,-1
50,10,56.27,107.99,263.72,641.83,0.89,-1,-1,-1
50,21,1082.79,165.51,77.49,191.37,0.87,-1,-1,-1
50,22,1060.83,171.74,32.43,106.55,0.70,-1,-1,-1
50,23,1151.69,164.14,65.55,173.01,0.83,-1,-1,-1
50,24,1138.60,166.37,47.92,144.22,0.66,-1,-1,-1
50,25,1078.40,173.21,53.33,129.94,0.83,-1,-1,-1
50,19,537.11,126.78,155.10,510.10,0.90,-1,-1,-1
51,7,639.80,62.87,253.75,779.28,0.91,-1,-1,-1
51,9,1005.14,-35.80,503.31,1373.43,0.42,-1,-1,-1
51,12,653.22,147.33,143.61,450.16,0.82,-1,-1,-1
51,13,945.78,167.40,75.59,200.90,0.93,-1,-1,-1
51,14,1010.94,156.56,83.09,224.94,0.91,-1,-1,-1
51,15,546.61,151.40,125.68,375.83,0.77,-1,-1,-1
51,16,317.97,122.43,237.90,646.73,0.93,-1,-1,-1
51,20,327.83,115.38,193.88,557.00,0.68,-1,-1,-1
51,10,53.22,107.16,262.83,643.57,0.91,-1,-1,-1
51,21,1092.22,163.30,76.33,194.71,0.87,-1,-1,-1
51,22,1069.02,171.37,32.31,102.91,0.61,-1,-1,-1
51,23,1160.00,162.05,66.82,177.51,0.81,-1,-1,-1
51,24,1148.21,165.25,48.42,147.94,0.60,-1,-1,-1
51,25,1086.69,172.87,52.80,135.89,0.83,-1,-1,-1
51,19,540.21,125.00,160.55,530.13,0.90,-1,-1,-1
52,7,639.03,60.70,257.52,789.01,0.91,-1,-1,-1
52,9,1014.11,-11.71,467.10,1237.32,0.27,-1,-1,-1
52,12,653.96,147.04,141.74,455.60,0.81,-1,-1,-1
52,13,952.36,166.40,76.93,202.75,0.94,-1,-1,-1
52,14,1017.59,155.38,84.35,228.01,0.91,-1,-1,-1
52,15,552.36,152.36,123.63,378.01,0.77,-1,-1,-1
52,16,305.34,121.46,249.34,667.13,0.93,-1,-1,-1
52,20,345.89,116.38,166.77,494.01,0.23,-1,-1,-1
52,10,50.52,105.44,259.75,645.24,0.92,-1,-1,-1
52,21,1101.06,163.67,77.05,197.15,0.87,-1,-1,-1
52,22,1076.08,171.35,33.48,107.76,0.63,-1,-1,-1
52,23,1170.24,162.00,67.20,180.26,0.84,-1,-1,-1
52,24,1157.07,165.18,49.77,150.43,0.71,-1,-1,-1
52,25,1095.06,173.04,50.06,132.00,0.84,-1,-1,-1
52,19,545.16,124.82,164.70,545.27,0.91,-1,-1,-1
53,7,639.97,62.96,259.66,790.01,0.92,-1,-1,-1
53,9,1018.40,-9.35,461.14,1337.97,0.23,-1,-1,-1
53,12,653.27,146.49,143.20,464.58,0.76,-1,-1,-1
53,13,959.61,165.58,77.32,205.73,0.94,-1,-1,-1
53,14,1026.03,154.53,85.87,231.75,0.91,-1,-1,-1
53,15,559.22,152.00,121.63,385.99,0.81,-1,-1,-1
53,16,294.33,117.00,257.69,686.95,0.93,-1,-1,-1
53,10,50.54,104.51,255.97,646.46,0.91,-1,-1,-1
53,21,1110.25,162.65,76.01,198.58,0.86,-1,-1,-1
53,22,1085.81,171.43,32.65,105.02,0.54,-1,-1,-1
53,23,1182.92,162.25,64.78,176.98,0.80,-1,-1,-1
53,24,1167.40,164.77,50.20,152.80,0.64,-1,-1,-1
53,25,1103.45,172.31,48.95,130.65,0.85,-1,-1,-1
53,19,551.42,124.32,167.66,551.39,0.91,-1,-1,-1
54,7,638.03,65.86,262.74,790.23,0.92,-1,-1,-1
54,9,1024.17,-15.06,460.42,1379.35,0.25,-1,-1,-1
54,12,650.04,146.76,145.50,473.05,0.72,-1,-1,-1
54,13,965.24,165.05,77.45,208.02,0.94,-1,-1,-1
54,14,1032.70,154.12,88.79,233.75,0.91,-1,-1,-1
54,15,565.36,152.73,115.42,379.65,0.83,-1,-1,-1
54,16,281.94,121.35,266.25,694.50,0.92,-1,-1,-1
54,10,48.16,104.07,254.50,647.84,0.91,-1,-1,-1
54,21,1117.76,161.92,75.62,200.23,0.86,-1,-1,-1
54,22,1092.89,171.29,33.57,108.47,0.58,-1,-1,-1
54,23,1189.29,162.36,67.45,179.53,0.84,-1,-1,-1
54,24,1174.67,163.44,52.76,157.59,0.75,-1,-1,-1
54,25,1111.29,171.78,47.33,132.57,0.84,-1,-1,-1
54,19,557.87,124.79,168.06,557.13,0.90,-1,-1,-1
54,20,363.34,116.90,152.56,471.79,0.74,-1,-1,-1
55,7,633.16,56.12,269.65,818.15,0.92,-1,-1,-1
55,9,1032.15,16.24,445.33,1280.63,0.28,-1,-1,-1
55,12,651.22,144.25,143.22,491.17,0.63,-1,-1,-1
55,13,970.50,164.30,78.65,210.83,0.94,-1,-1,-1
55,14,1039.07,153.29,89.85,236.31,0.92,-1,-1,-1
55,15,569.63,153.09,113.29,378.03,0.83,-1,-1,-1
55,16,266.47,124.80,274.52,702.55,0.93,-1,-1,-1
55,10,40.87,102.11,258.29,657.33,0.90,-1,-1,-1
55,21,1126.99,160.97,73.02,201.96,0.86,-1,-1,-1
55,22,1101.29,171.42,32.67,101.80,0.43,-1,-1,-1
55,23,1197.61,162.52,67.18,189.19,0.83,-1,-1,-1
55,24,1182.08,163.16,54.86,162.70,0.77,-1,-1,-1
55,25,1117.52,171.54,48.00,132.89,0.85,-1,-1,-1
55,19,564.55,123.89,170.27,565.16,0.90,-1,-1,-1
55,20,370.51,118.69,150.45,459.51,0.84,-1,-1,-1
56,7,630.40,58.28,273.10,823.47,0.92,-1,-1,-1
56,9,1035.47,6.79,454.05,1336.73,0.28,-1,-1,-1
56,12,658.97,147.85,135.09,481.75,0.13,-1,-1,-1
56,13,975.36,164.64,80.07,212.75,0.93,-1,-1,-1
56,14,1044.93,153.38,93.56,238.71,0.91,-1,-1,-1
56,15,572.38,154.34,110.46,377.50,0.83,-1,-1,-1
56,16,250.10,125.34,283.05,707.90,0.92,-1,-1,-1
56,10,36.14,100.00,253.90,663.84,0.90,-1,-1,-1
56,21,1136.28,161.37,70.62,197.81,0.86,-1,-1,-1
56,22,1108.39,171.99,33.48,109.36,0.52,-1,-1,-1
56,23,1208.29,163.17,65.60,196.42,0.80,-1,-1,-1
56,24,1190.58,163.46,56.66,167.00,0.74,-1,-1,-1
56,25,1125.09,171.96,48.12,133.65,0.85,-1,-1,-1
56,19,570.19,122.34,171.57,573.50,0.88,-1,-1,-1
56,20,372.72,119.44,149.16,459.93,0.87,-1,-1,-1
57,7,627.65,55.75,276.16,837.86,0.92,-1,-1,-1
57,9,1042.03,59.22,411.10,1122.67,0.39,-1,-1,-1
57,12,660.07,143.36,131.21,479.41,0.28,-1,-1,-1
57,13,979.97,164.83,81.66,215.76,0.93,-1,-1,-1
57,14,1048.79,153.56,97.15,240.89,0.91,-1,-1,-1
57,15,574.42,156.04,109.44,376.18,0.84,-1,-1,-1
57,16,231.21,126.22,294.04,718.64,0.91,-1,-1,-1
57,10,31.38,102.00,246.07,673.85,0.90,-1,-1,-1
57,21,1143.11,162.20,72.20,199.29,0.86,-1,-1,-1
57,22,1116.30,172.79,33.68,114.71,0.38,-1,-1,-1
57,23,1216.33,165.28,64.85,191.78,0.82,-1,-1,-1
57,24,1199.06,163.30,57.21,169.73,0.76,-1,-1,-1
57,25,1133.19,172.17,46.85,135.59,0.83,-1,-1,-1
57,19,577.58,120.64,172.72,581.64,0.88,-1,-1,-1
57,20,373.99,119.36,150.44,465.07,0.87,-1,-1,-1
58,7,622.32,54.27,277.72,846.54,0.92,-1,-1,-1
58,9,1040.00,14.28,425.14,1307.97,0.25,-1,-1,-1
58,12,666.19,152.08,114.53,416.77,0.11,-1,-1,-1
58,13,980.22,165.41,82.16,217.28,0.93,-1,-1,-1
58,14,1048.98,153.58,99.54,241.35,0.91,-1,-1,-1
58,15,572.40,158.26,111.76,374.39,0.85,-1,-1,-1
58,16,211.21,126.61,303.96,728.42,0.90,-1,-1,-1
58,10,23.18,104.46,248.24,680.83,0.89,-1,-1,-1
58,21,1144.04,162.67,72.70,198.84,0.88,-1,-1,-1
58,22,1118.33,172.94,32.55,108.71,0.52,-1,-1,-1
58,23,1217.33,167.58,64.57,182.59,0.80,-1,-1,-1
58,24,1200.86,163.13,57.37,167.72,0.83,-1,-1,-1
58,25,1133.39,172.36,46.41,134.59,0.84,-1,-1,-1
58,19,581.57,119.38,177.86,586.32,0.88,-1,-1,-1
58,20,374.00,121.17,153.48,474.61,0.89,-1,-1,-1
59,7,615.62,52.44,281.07,858.57,0.91,-1,-1,-1
59,9,1037.73,65.22,430.91,1176.74,0.17,-1,-1,-1
59,13,979.56,165.85,82.29,217.79,0.94,-1,-1,-1
59,14,1048.80,152.97,101.53,242.09,0.92,-1,-1,-1
59,15,568.81,159.03,114.45,374.99,0.87,-1,-1,-1
59,16,187.73,126.79,318.98,738.98,0.89,-1,-1,-1
59,10,15.99,104.57,253.31,686.17,0.87,-1,-1,-1
59,21,1145.21,163.30,72.89,195.81,0.88,-1,-1,-1
59,22,1119.94,172.48,32.15,106.01,0.57,-1,-1,-1
59,23,1219.04,167.63,63.22,177.54,0.72,-1,-1,-1
59,24,1202.24,162.69,57.38,168.47,0.84,-1,-1,-1
59,25,1133.73,171.60,45.02,134.06,0.86,-1,-1,-1
59,19,583.27,115.66,184.32,595.72,0.89,-1,-1,-1
59,20,374.72,122.59,152.97,485.78,0.91,-1,-1,-1
60,7,608.35,51.90,286.25,865.09,0.91,-1,-1,-1
60,9,1035.00,34.82,443.29,1291.07,0.42,-1,-1,-1
60,13,980.15,166.13,82.41,218.86,0.94,-1,-1,-1
60,14,1050.47,152.46,103.47,242.25,0.90,-1,-1,-1
60,15,565.13,159.89,116.30,378.27,0.87,-1,-1,-1
60,16,164.66,122.39,329.06,758.89,0.90,-1,-1,-1
60,10,10.39,109.63,266.55,667.80,0.88,-1,-1,-1
60,21,1148.30,163.56,71.85,196.00,0.89,-1,-1,-1
60,22,1120.24,171.96,34.51,110.31,0.53,-1,-1,-1
60,23,1222.71,165.42,59.16,174.20,0.26,-1,-1,-1
60,24,1204.56,162.67,53.89,161.84,0.78,-1,-1,-1
60,25,1134.81,171.37,45.85,133.40,0.85,-1,-1,-1
60,19,586.28,112.88,186.99,600.75,0.89,-1,-1,-1
60,20,374.53,124.78,153.52,485.19,0.91,-1,-1,-1
61,7,605.92,50.28,286.80,873.36,0.90,-1,-1,-1
61,9,1034.75,23.74,443.38,1317.02,0.43,-1,-1,-1
61,13,981.94,166.54,82.23,219.09,0.94,-1,-1,-1
61,14,1053.00,152.23,103.88,242.43,0.90,-1,-1,-1
61,15,563.91,160.24,117.39,381.63,0.86,-1,-1,-1
61,16,143.34,121.28,303.75,788.91,0.89,-1,-1,-1
61,10,7.08,107.65,266.42,691.41,0.84,-1,-1,-1
61,21,1151.06,162.95,72.53,197.02,0.88,-1,-1,-1
61,22,1123.13,171.39,35.26,107.63,0.46,-1,-1,-1
61,23,1226.14,168.20,55.08,167.60,0.11,-1,-1,-1
61,24,1206.88,162.63,53.63,160.24,0.65,-1,-1,-1
61,25,1136.23,171.24,46.05,133.95,0.84,-1,-1,-1
61,19,589.32,110.24,187.43,608.06,0.88,-1,-1,-1
61,20,371.98,125.98,157.11,485.37,0.91,-1,-1,-1
62,7,598.38,49.69,287.86,869.29,0.89,-1,-1,-1
62,9,1031.51,20.96,440.37,1323.62,0.49,-1,-1,-1
62,13,982.39,166.39,81.77,219.98,0.94,-1,-1,-1
62,14,1053.63,152.02,104.69,244.40,0.91,-1,-1,-1
62,15,561.52,159.08,119.64,386.37,0.86,-1,-1,-1
62,16,118.05,116.19,286.48,819.32,0.89,-1,-1,-1
62,10,9.84,105.60,254.64,700.18,0.81,-1,-1,-1
62,21,1153.29,163.45,72.45,196.95,0.88,-1,-1,-1
62,22,1124.31,170.99,35.37,108.57,0.43,-1,-1,-1
62,24,1209.42,164.04,50.88,152.34,0.54,-1,-1,-1
62,25,1136.85,171.17,45.93,136.32,0.83,-1,-1,-1
62,19,595.31,108.63,185.87,612.67,0.84,-1,-1,-1
62,20,370.41,125.54,157.00,480.26,0.94,-1,-1,-1
63,7,590.92,49.98,287.61,868.98,0.90,-1,-1,-1
63,9,1027.61,17.62,445.88,1333.13,0.51,-1,-1,-1
63,13,981.48,166.96,81.46,221.57,0.94,-1,-1,-1
63,14,1051.63,151.61,107.12,247.56,0.92,-1,-1,-1
63,15,557.77,158.69,120.81,388.40,0.86,-1,-1,-1
63,16,87.06,109.60,281.35,855.61,0.87,-1,-1,-1
63,10,27.14,100.65,225.90,727.33,0.80,-1,-1,-1
63,21,1156.01,164.75,71.13,196.52,0.88,-1,-1,-1
63,22,1124.84,170.93,35.34,108.84,0.42,-1,-1,-1
63,24,1206.87,166.48,44.94,145.01,0.42,-1,-1,-1
63,25,1137.22,171.16,47.01,142.17,0.80,-1,-1,-1
63,19,598.10,106.95,191.91,618.59,0.77,-1,-1,-1
63,20,367.80,125.75,155.03,477.44,0.94,-1,-1,-1
63,18,769.96,142.84,94.44,256.50,0.63,-1,-1,-1
64,7,581.13,55.06,289.51,859.06,0.87,-1,-1,-1
64,9,1022.64,5.31,454.45,1354.64,0.36,-1,-1,-1
64,13,980.85,166.80,82.45,224.34,0.94,-1,-1,-1
64,14,1052.50,151.15,103.20,251.41,0.91,-1,-1,-1
64,15,551.94,157.13,124.09,388.81,0.90,-1,-1,-1
64,16,54.70,105.31,279.45,879.02,0.84,-1,-1,-1
64,10,23.46,82.94,238.60,786.66,0.65,-1,-1,-1
64,21,1159.42,165.45,73.01,204.96,0.82,-1,-1,-1
64,22,1126.76,171.01,36.46,110.82,0.39,-1,-1,-1
64,24,1212.47,166.44,42.87,137.46,0.14,-1,-1,-1
64,25,1137.90,172.13,48.52,145.46,0.80,-1,-1,-1
64,19,589.89,100.14,204.74,633.15,0.34,-1,-1,-1
64,20,364.47,124.01,153.96,477.00,0.94,-1,-1,-1
64,18,769.25,141.16,93.18,259.97,0.80,-1,-1,-1
65,7,569.85,51.50,297.88,875.84,0.86,-1,-1,-1
65,9,1020.77,11.31,451.91,1286.36,0.33,-1,-1,-1
65,13,980.58,167.01,82.98,226.19,0.94,-1,-1,-1
65,14,1054.69,151.62,101.95,253.01,0.91,-1,-1,-1
65,15,549.08,156.50,122.61,391.77,0.89,-1,-1,-1
65,16,19.67,103.07,282.73,907.38,0.85,-1,-1,-1
65,21,1162.50,165.79,71.45,205.80,0.80,-1,-1,-1
65,22,1129.87,171.52,35.79,107.53,0.35,-1,-1,-1
65,25,1137.66,172.42,50.33,152.72,0.80,-1,-1,-1
65,19,582.61,107.55,210.42,623.86,0.11,-1,-1,-1
65,20,361.91,124.22,151.88,476.73,0.94,-1,-1,-1
65,18,770.18,140.37,91.20,260.36,0.83,-1,-1,-1
66,7,557.40,44.96,304.14,906.38,0.85,-1,-1,-1
66,9,1013.03,9.24,465.18,1235.44,0.33,-1,-1,-1
66,13,979.29,166.28,84.49,228.88,0.94,-1,-1,-1
66,14,1054.96,151.87,100.43,254.51,0.92,-1,-1,-1
66,15,544.14,155.90,122.31,394.69,0.87,-1,-1,-1
66,16,-20.61,96.64,289.90,934.91,0.79,-1,-1,-1
66,21,1165.02,165.37,69.84,203.77,0.78,-1,-1,-1
66,22,1130.61,171.71,36.80,104.85,0.20,-1,-1,-1
66,25,1137.14,172.88,52.24,155.65,0.79,-1,-1,-1
66,20,357.55,124.77,150.95,477.12,0.94,-1,-1,-1
66,18,767.27,139.17,93.61,267.97,0.84,-1,-1,-1
67,7,544.56,45.12,309.36,910.96,0.86,-1,-1,-1
67,9,1008.49,-6.60,481.90,1276.28,0.38,-1,-1,-1
67,13,977.64,165.77,86.50,231.36,0.94,-1,-1,-1
67,14,1055.76,152.23,100.21,254.76,0.93,-1,-1,-1
67,15,537.85,155.89,124.45,398.14,0.86,-1,-1,-1
67,16,-45.90,96.31,287.53,932.10,0.74,-1,-1,-1
67,21,1169.76,164.90,67.16,197.44,0.69,-1,-1,-1
67,25,1136.59,173.11,54.29,159.23,0.81,-1,-1,-1
67,20,352.61,124.41,150.30,479.49,0.93,-1,-1,-1
67,18,765.90,138.44,94.74,281.87,0.86,-1,-1,-1
68,7,535.24,45.47,311.65,916.65,0.86,-1,-1,-1
68,9,1001.03,-11.10,482.98,1345.43,0.50,-1,-1,-1
68,13,975.84,164.76,88.37,233.57,0.94,-1,-1,-1
68,14,1058.42,152.08,97.69,254.58,0.90,-1,-1,-1
68,15,532.33,154.63,125.73,402.83,0.89,-1,-1,-1
68,16,-96.47,89.74,308.93,984.92,0.61,-1,-1,-1
68,21,1176.88,164.84,61.37,184.44,0.33,-1,-1,-1
68,25,1136.34,172.90,55.02,161.12,0.79,-1,-1,-1
68,20,347.70,123.31,151.31,481.32,0.93,-1,-1,-1
68,18,764.84,137.24,95.03,303.54,0.86,-1,-1,-1
69,7,521.91,31.79,322.47,968.80,0.86,-1,-1,-1
69,9,999.55,-15.69,483.12,1279.34,0.35,-1,-1,-1
69,13,974.70,163.76,89.14,235.70,0.95,-1,-1,-1
69,14,1058.37,152.18,96.83,258.85,0.90,-1,-1,-1
69,15,527.25,154.26,126.34,405.60,0.88,-1,-1,-1
69,16,-115.84,90.83,294.91,976.84,0.70,-1,-1,-1
69,21,1177.09,168.28,59.44,171.61,0.44,-1,-1,-1
69,25,1137.60,172.88,54.19,160.37,0.82,-1,-1,-1
69,20,343.46,122.11,149.91,484.04,0.94,-1,-1,-1
69,18,761.81,137.14,96.44,304.41,0.83,-1,-1,-1
70,7,504.43,25.46,332.51,1003.30,0.86,-1,-1,-1
70,9,988.59,-35.42,510.26,1283.24,0.24,-1,-1,-1
70,13,971.81,162.62,90.37,237.86,0.95,-1,-1,-1
70,14,1054.27,151.73,99.87,262.57,0.90,-1,-1,-1
70,15,522.40,155.80,126.97,407.42,0.85,-1,-1,-1
70,16,-82.82,97.06,241.00,843.89,0.71,-1,-1,-1
70,25,1137.75,172.46,55.66,158.97,0.82,-1,-1,-1
70,20,332.44,123.97,155.76,488.69,0.92,-1,-1,-1
70,18,755.90,137.12,99.83,314.88,0.86,-1,-1,-1
70,19,627.44,104.19,213.86,680.65,0.81,-1,-1,-1
71,7,490.69,20.12,337.77,1036.05,0.87,-1,-1,-1
71,9,979.71,-43.67,515.85,1256.37,0.27,-1,-1,-1
71,13,968.30,161.80,91.90,239.97,0.94,-1,-1,-1
71,14,1054.92,151.05,97.45,266.32,0.89,-1,-1,-1
71,15,520.76,154.66,122.97,401.80,0.76,-1,-1,-1
71,16,-80.11,91.47,222.58,798.89,0.78,-1,-1,-1
71,25,1136.49,172.48,57.32,160.97,0.82,-1,-1,-1
71,20,327.49,124.93,154.38,490.95,0.92,-1,-1,-1
71,18,751.60,136.54,102.78,327.31,0.87,-1,-1,-1
71,19,627.65,105.06,220.26,705.19,0.82,-1,-1,-1
72,7,477.35,17.98,342.42,1044.82,0.84,-1,-1,-1
72,9,971.40,-32.63,522.41,1214.91,0.22,-1,-1,-1
72,13,966.57,161.22,92.48,242.05,0.94,-1,-1,-1
72,14,1055.27,150.32,95.19,271.64,0.89,-1,-1,-1
72,15,519.27,152.43,120.71,406.51,0.74,-1,-1,-1
72,16,-76.49,87.97,205.49,771.40,0.83,-1,-1,-1
72,25,1138.17,172.66,54.83,157.06,0.80,-1,-1,-1
72,20,323.56,121.87,153.13,493.97,0.93,-1,-1,-1
72,18,752.51,135.13,101.18,329.99,0.87,-1,-1,-1
72,19,631.44,103.56,217.08,716.38,0.84,-1,-1,-1
73,7,464.24,18.06,345.03,1051.32,0.87,-1,-1,-1
73,9,974.30,-30.24,512.24,1239.35,0.12,-1,-1,-1
73,13,964.90,160.70,93.96,243.56,0.94,-1,-1,-1
73,14,1053.68,150.23,95.71,275.15,0.89,-1,-1,-1
73,15,512.03,151.91,121.32,405.91,0.69,-1,-1,-1
73,16,-87.88,86.82,207.00,774.25,0.82,-1,-1,-1
73,25,1138.92,173.09,55.18,154.41,0.79,-1,-1,-1
73,20,317.45,122.06,154.84,495.95,0.93,-1,-1,-1
73,18,749.48,133.63,102.52,333.07,0.84,-1,-1,-1
73,19,638.49,98.36,210.86,733.28,0.83,-1,-1,-1
74,7,444.09,25.08,355.55,1053.34,0.84,-1,-1,-1
74,9,968.08,-19.42,492.39,1102.05,0.31,-1,-1,-1
74,13,961.15,159.47,96.98,246.07,0.95,-1,-1,-1
74,14,1049.08,148.61,99.64,282.74,0.88,-1,-1,-1
74,15,503.20,152.50,125.31,409.63,0.65,-1,-1,-1
74,16,-108.87,87.73,213.03,790.11,0.78,-1,-1,-1
74,25,1138.47,171.37,58.41,162.03,0.76,-1,-1,-1
74,20,304.38,124.20,160.60,499.85,0.92,-1,-1,-1
74,18,746.64,133.23,102.39,331.66,0.82,-1,-1,-1
74,19,631.42,97.38,218.13,752.86,0.82,-1,-1,-1
75,7,426.55,21.93,363.51,1063.45,0.86,-1,-1,-1
75,9,968.24,-31.92,493.37,1208.32,0.35,-1,-1,-1
75,13,960.06,158.49,96.53,247.49,0.95,-1,-1,-1
75,14,1045.13,147.88,103.03,287.50,0.88,-1,-1,-1
75,15,491.01,152.43,134.92,433.49,0.47,-1,-1,-1
75,16,-125.46,89.84,220.36,778.70,0.79,-1,-1,-1
75,25,1136.57,169.55,59.34,179.04,0.77,-1,-1,-1
75,20,295.89,125.83,163.74,501.45,0.92,-1,-1,-1
75,18,734.01,131.88,112.88,348.98,0.43,-1,-1,-1
75,19,627.08,97.74,231.52,760.88,0.83,-1,-1,-1
76,7,408.36,11.76,371.54,1107.06,0.84,-1,-1,-1
76,9,961.51,-23.99,500.04,1135.95,0.40,-1,-1,-1
76,13,958.89,158.18,95.40,249.06,0.95,-1,-1,-1
76,14,1044.66,147.24,101.14,287.28,0.89,-1,-1,-1
76,15,480.93,153.76,135.61,431.30,0.29,-1,-1,-1
76,16,-131.05,96.91,215.76,761.08,0.75,-1,-1,-1
76,25,1135.22,168.70,56.39,180.13,0.74,-1,-1,-1
76,20,285.27,125.82,167.16,505.24,0.92,-1,-1,-1
76,19,620.63,85.14,253.92,816.86,0.84,-1,-1,-1
77,7,389.92,8.89,378.44,1121.22,0.82,-1,-1,-1
77,9,956.50,-3.44,472.11,1152.25,0.46,-1,-1,-1
77,13,957.64,158.11,94.74,251.62,0.94,-1,-1,-1
77,14,1041.93,147.00,101.32,287.89,0.89,-1,-1,-1
77,16,-146.21,100.83,213.78,748.82,0.61,-1,-1,-1
77,25,1135.06,169.04,53.83,177.05,0.67,-1,-1,-1
77,20,274.53,127.64,171.03,507.54,0.92,-1,-1,-1
77,19,619.35,79.72,270.76,833.66,0.84,-1,-1,-1
78,7,371.78,7.25,383.24,1136.36,0.82,-1,-1,-1
78,9,959.86,-4.33,466.04,1115.22,0.47,-1,-1,-1
78,13,956.45,158.86,93.94,252.28,0.94,-1,-1,-1
78,14,1039.53,148.25,100.80,284.88,0.90,-1,-1,-1
78,16,-167.44,97.86,222.23,748.70,0.44,-1,-1,-1
78,25,1131.63,170.14,56.18,180.82,0.62,-1,-1,-1
78,20,263.22,127.04,176.13,509.68,0.91,-1,-1,-1
78,19,622.38,80.12,281.49,830.85,0.87,-1,-1,-1
79,7,350.79,10.88,392.08,1152.15,0.80,-1,-1,-1
79,9,959.50,1.23,479.35,1161.44,0.53,-1,-1,-1
79,13,955.32,160.09,92.71,255.17,0.93,-1,-1,-1
79,14,1037.21,149.13,100.93,283.95,0.91,-1,-1,-1
79,16,-152.97,180.31,194.02,639.07,0.36,-1,-1,-1
79,25,1129.50,170.32,57.17,187.20,0.55,-1,-1,-1
79,20,250.57,130.85,181.25,506.34,0.89,-1,-1,-1
79,19,621.45,79.27,295.66,860.46,0.86,-1,-1,-1
80,7,327.97,14.48,407.38,1168.47,0.78,-1,-1,-1
80,9,955.69,4.01,474.82,1096.44,0.51,-1,-1,-1
80,13,952.69,160.32,93.88,257.20,0.94,-1,-1,-1
80,14,1033.50,149.13,102.69,281.78,0.90,-1,-1,-1
80,25,1127.63,169.80,56.76,175.84,0.67,-1,-1,-1
80,20,236.12,134.01,189.07,498.62,0.89,-1,-1,-1
80,19,617.69,73.38,311.86,890.37,0.85,-1,-1,-1
81,7,312.86,14.52,414.34,1195.76,0.76,-1,-1,-1
81,9,957.40,10.26,482.10,1131.05,0.50,-1,-1,-1
81,13,950.61,160.28,93.81,257.41,0.94,-1,-1,-1
81,14,1031.78,148.36,102.78,281.43,0.90,-1,-1,-1
81,25,1126.68,169.50,57.43,174.42,0.75,-1,-1,-1
81,20,226.41,136.85,192.72,490.10,0.87,-1,-1,-1
81,19,616.09,74.23,318.98,903.80,0.85,-1,-1,-1
82,7,298.25,15.00,418.05,1203.04,0.79,-1,-1,-1
82,9,962.61,-1.36,468.92,1093.03,0.64,-1,-1,-1
82,13,947.93,160.18,96.00,259.55,0.93,-1,-1,-1
82,14,1030.26,148.06,102.66,284.33,0.90,-1,-1,-1
82,25,1123.48,168.94,61.10,180.60,0.78,-1,-1,-1
82,20,215.71,139.21,194.92,480.39,0.87,-1,-1,-1
82,19,617.87,73.58,316.36,918.26,0.85,-1,-1,-1
83,7,272.41,14.40,429.11,1224.55,0.78,-1,-1,-1
83,9,964.95,5.26,458.09,1108.33,0.60,-1,-1,-1
83,13,944.07,161.25,97.61,264.17,0.93,-1,-1,-1
83,14,1027.59,147.87,104.61,293.64,0.90,-1,-1,-1
83,25,1122.80,169.31,60.71,179.92,0.76,-1,-1,-1
83,20,196.93,139.75,182.95,480.87,0.87,-1,-1,-1
83,19,607.83,74.72,318.34,933.26,0.86,-1,-1,-1
84,7,248.21,21.18,439.73,1208.86,0.80,-1,-1,-1
84,9,967.21,9.01,458.08,1145.81,0.63,-1,-1,-1
84,13,941.50,161.73,98.09,266.68,0.92,-1,-1,-1
84,14,1019.58,147.43,111.09,300.78,0.85,-1,-1,-1
84,25,1121.90,169.06,61.57,179.71,0.77,-1,-1,-1
84,20,180.38,139.30,188.25,484.45,0.88,-1,-1,-1
84,19,597.19,71.14,316.20,952.66,0.84,-1,-1,-1
85,7,222.98,28.85,449.03,1196.99,0.78,-1,-1,-1
85,9,960.81,12.47,457.63,1151.28,0.58,-1,-1,-1
85,13,938.72,162.04,99.58,268.02,0.91,-1,-1,-1
85,14,1018.23,146.79,110.31,305.36,0.86,-1,-1,-1
85,25,1121.03,169.63,58.50,170.80,0.77,-1,-1,-1
85,20,165.60,137.76,190.83,489.25,0.89,-1,-1,-1
85,19,583.92,67.29,313.99,981.90,0.85,-1,-1,-1
86,7,200.97,25.06,452.02,1196.87,0.78,-1,-1,-1
86,9,950.64,6.31,454.87,1137.25,0.52,-1,-1,-1
86,13,935.16,161.18,97.48,262.78,0.91,-1,-1,-1
86,14,1014.18,146.36,109.41,307.14,0.86,-1,-1,-1
86,25,1116.92,170.80,56.31,170.60,0.72,-1,-1,-1
86,20,157.64,133.11,183.61,489.90,0.87,-1,-1,-1
86,19,570.41,62.52,312.56,1000.65,0.84,-1,-1,-1
86,15,458.01,143.63,184.41,536.95,0.65,-1,-1,-1
87,7,174.77,16.95,464.06,1202.84,0.76,-1,-1,-1
87,9,942.99,9.17,453.25,1123.53,0.54,-1,-1,-1
87,13,931.95,160.19,99.47,265.39,0.91,-1,-1,-1
87,14,1014.83,145.63,107.18,303.84,0.85,-1,-1,-1
87,25,1115.19,171.14,54.59,172.61,0.41,-1,-1,-1
87,20,142.90,130.41,186.45,498.89,0.83,-1,-1,-1
87,19,558.15,66.13,320.52,996.46,0.83,-1,-1,-1
87,15,455.20,141.23,186.78,539.93,0.73,-1,-1,-1
88,7,140.20,7.01,481.15,1236.04,0.77,-1,-1,-1
88,9,935.50,-4.50,456.53,1179.50,0.53,-1,-1,-1
88,13,929.09,158.76,97.31,270.34,0.91,-1,-1,-1
88,14,1009.08,144.04,112.88,311.52,0.84,-1,-1,-1
88,20,124.77,128.55,186.35,495.30,0.78,-1,-1,-1
88,19,545.42,55.91,328.99,1048.02,0.82,-1,-1,-1
88,15,436.34,141.17,195.31,565.16,0.61,-1,-1,-1
89,7,106.10,2.04,500.92,1251.76,0.75,-1,-1,-1
89,9,925.16,-15.46,464.28,1176.99,0.54,-1,-1,-1
89,13,924.23,157.67,99.17,272.63,0.90,-1,-1,-1
89,14,1007.68,143.29,110.90,310.83,0.85,-1,-1,-1
89,20,106.73,127.04,191.37,498.29,0.77,-1,-1,-1
89,19,533.59,53.33,340.10,1064.92,0.85,-1,-1,-1
89,15,419.56,136.17,195.50,572.07,0.60,-1,-1,-1
90,7,72.32,-7.19,515.12,1280.26,0.72,-1,-1,-1
90,9,915.51,-17.11,447.99,1101.68,0.56,-1,-1,-1
90,13,919.69,156.91,101.58,273.07,0.90,-1,-1,-1
90,14,1006.68,143.34,110.75,315.84,0.86,-1,-1,-1
90,20,91.04,123.05,195.01,477.07,0.71,-1,-1,-1
90,19,523.89,47.49,345.85,1089.72,0.85,-1,-1,-1
90,15,409.75,134.40,188.88,543.74,0.68,-1,-1,-1
90,18,687.34,133.52,113.27,328.64,0.70,-1,-1,-1
91,7,40.18,-12.20,527.03,1311.51,0.72,-1,-1,-1
91,9,907.31,1.31,450.82,1104.90,0.28,-1,-1,-1
91,13,916.81,155.28,104.08,281.13,0.88,-1,-1,-1
91,14,1004.17,143.67,110.66,313.90,0.83,-1,-1,-1
91,20,75.55,117.69,196.19,463.69,0.65,-1,-1,-1
91,19,513.50,45.22,350.66,1123.56,0.83,-1,-1,-1
91,15,392.18,132.83,191.61,577.37,0.83,-1,-1,-1
91,18,684.98,132.22,111.88,313.24,0.57,-1,-1,-1
92,7,-1.20,-25.03,551.79,1387.95,0.70,-1,-1,-1
92,9,899.96,-18.68,463.40,1209.87,0.39,-1,-1,-1
92,13,909.46,155.37,106.17,284.89,0.90,-1,-1,-1
92,14,1001.77,143.26,109.58,316.89,0.85,-1,-1,-1
92,20,57.28,115.94,190.58,484.28,0.58,-1,-1,-1
92,19,499.11,39.79,366.19,1145.64,0.83,-1,-1,-1
92,15,377.42,130.90,194.91,597.32,0.85,-1,-1,-1
92,18,683.53,133.28,108.53,307.90,0.81,-1,-1,-1
93,7,-34.46,-25.89,563.39,1422.56,0.75,-1,-1,-1
93,9,888.07,-13.26,473.06,1177.86,0.39,-1,-1,-1
93,13,904.72,155.65,107.54,292.51,0.90,-1,-1,-1
93,14,998.65,143.56,110.00,322.89,0.83,-1,-1,-1
93,20,36.86,115.86,180.75,462.49,0.14,-1,-1,-1
93,19,484.23,50.44,379.75,1142.08,0.83,-1,-1,-1
93,15,365.89,128.39,194.98,616.39,0.85,-1,-1,-1
93,18,682.59,134.01,105.73,302.49,0.81,-1,-1,-1
94,7,-66.68,-21.20,564.13,1449.50,0.78,-1,-1,-1
94,9,878.01,-1.80,475.20,1119.57,0.62,-1,-1,-1
94,13,899.86,156.35,111.61,305.85,0.88,-1,-1,-1
94,14,992.59,144.15,120.83,350.34,0.79,-1,-1,-1
94,19,461.82,51.64,403.23,1168.95,0.78,-1,-1,-1
94,15,349.81,127.40,198.01,618.42,0.82,-1,-1,-1
94,18,680.70,135.00,100.99,302.83,0.82,-1,-1,-1
94,26,639.90,126.11,93.60,299.59,0.78,-1,-1,-1
95,7,-114.00,-15.66,593.71,1474.72,0.75,-1,-1,-1
95,9,862.40,4.53,486.33,1123.12,0.56,-1,-1,-1
95,13,897.86,152.91,113.59,307.13,0.89,-1,-1,-1
95,14,994.88,142.10,113.52,327.70,0.78,-1,-1,-1
95,19,413.23,57.21,448.33,1208.50,0.63,-1,-1,-1
95,15,333.58,126.57,208.65,635.33,0.84,-1,-1,-1
95,18,674.71,133.71,106.28,309.65,0.81,-1,-1,-1
95,26,620.81,126.22,109.13,323.67,0.79,-1,-1,-1
96,7,-151.38,-4.14,604.61,1476.43,0.76,-1,-1,-1
96,9,845.59,10.49,502.25,1120.81,0.64,-1,-1,-1
96,13,890.05,156.56,111.01,304.11,0.89,-1,-1,-1
96,14,995.37,155.91,96.88,282.22,0.20,-1,-1,-1
96,19,360.13,59.96,482.93,1240.42,0.68,-1,-1,-1
96,15,320.51,129.93,205.08,637.43,0.87,-1,-1,-1
96,18,669.21,136.76,100.95,311.78,0.80,-1,-1,-1
96,26,619.68,131.21,101.86,326.02,0.79,-1,-1,-1
97,7,-166.22,-8.05,609.14,1486.60,0.76,-1,-1,-1
97,9,834.05,13.79,500.80,1183.62,0.58,-1,-1,-1
97,13,891.09,157.78,107.40,297.13,0.90,-1,-1,-1
97,14,993.54,162.40,89.00,262.62,0.19,-1,-1,-1
97,19,342.23,62.06,491.65,1260.68,0.74,-1,-1,-1
97,15,319.30,132.02,205.37,647.88,0.82,-1,-1,-1
97,18,671.27,137.53,98.62,305.02,0.84,-1,-1,-1
97,26,625.08,132.02,97.34,322.68,0.80,-1,-1,-1
97,27,1215.00,162.00,59.40,161.10,0.83,-1,-1,-1
98,7,-174.68,8.29,587.66,1452.84,0.78,-1,-1,-1
98,9,815.89,5.54,538.68,1295.11,0.65,-1,-1,-1
98,13,886.36,157.64,104.62,289.98,0.89,-1,-1,-1
98,19,333.19,80.05,490.01,1228.38,0.75,-1,-1,-1
98,15,301.61,128.56,212.46,689.20,0.74,-1,-1,-1
98,18,667.81,138.11,98.35,315.03,0.84,-1,-1,-1
98,26,618.80,132.37,101.83,340.06,0.80,-1,-1,-1
98,27,1210.32,161.06,62.42,167.58,0.79,-1,-1,-1
99,7,-171.43,7.25,533.09,1453.34,0.76,-1,-1,-1
99,9,804.71,34.72,516.26,1299.71,0.60,-1,-1,-1
99,13,885.61,178.16,101.51,298.14,0.88,-1,-1,-1
99,19,274.52,83.03,515.93,1268.74,0.68,-1,-1,-1
99,15,288.74,129.66,210.56,722.97,0.60,-1,-1,-1
99,18,663.18,153.43,97.64,321.35,0.82,-1,-1,-1
99,26,614.58,145.81,101.87,349.30,0.82,-1,-1,-1
99,27,1213.88,179.82,61.22,170.08,0.86,-1,-1,-1
99,21,1165.55,167.42,64.78,184.06,0.72,-1,-1,-1
100,7,-236.05,0.19,579.63,1506.13,0.70,-1,-1,-1
100,9,781.55,22.09,563.74,1356.79,0.62,-1,-1,-1
100,13,881.99,172.28,101.14,298.65,0.85,-1,-1,-1
100,19,191.57,77.49,583.29,1327.59,0.68,-1,-1,-1
100,18,656.67,145.66,102.28,344.97,0.82,-1,-1,-1
100,26,607.92,140.25,106.43,368.21,0.79,-1,-1,-1
100,27,1214.64,165.11,63.56,171.19,0.84,-1,-1,-1
100,21,1172.30,174.03,69.59,191.22,0.81,-1,-1,-1
101,7,-258.13,18.75,598.16,1481.74,0.75,-1,-1,-1
101,9,758.36,23.45,585.37,1335.91,0.62,-1,-1,-1
101,13,872.98,161.22,107.23,316.68,0.80,-1,-1,-1
101,19,148.96,80.58,611.33,1344.78,0.64,-1,-1,-1
101,18,650.45,140.35,109.05,359.75,0.86,-1,-1,-1
101,26,602.68,136.68,122.05,393.29,0.87,-1,-1,-1
101,27,1206.96,152.91,62.91,167.64,0.86,-1,-1,-1
101,21,1166.25,165.79,74.62,197.98,0.84,-1,-1,-1
101,28,1069.20,165.94,61.20,185.51,0.75,-1,-1,-1
102,7,-265.55,28.28,565.42,1456.13,0.60,-1,-1,-1
102,9,737.33,6.64,608.50,1370.79,0.59,-1,-1,-1
102,13,864.34,162.07,103.56,317.69,0.75,-1,-1,-1
102,19,119.84,70.24,612.35,1376.22,0.59,-1,-1,-1
102,18,642.69,140.10,109.63,366.13,0.87,-1,-1,-1
102,26,595.38,136.05,126.54,410.46,0.90,-1,-1,-1
102,27,1202.20,154.47,60.48,167.52,0.86,-1,-1,-1
102,21,1162.78,168.43,72.09,196.08,0.83,-1,-1,-1
102,28,1068.24,170.56,58.30,169.24,0.84,-1,-1,-1
103,7,-263.40,62.92,507.36,1379.72,0.66,-1,-1,-1
103,9,716.30,35.54,629.74,1231.16,0.50,-1,-1,-1
103,13,852.84,163.37,95.60,297.03,0.74,-1,-1,-1
103,19,74.54,86.43,613.65,1390.29,0.70,-1,-1,-1
103,18,635.06,140.09,107.61,365.35,0.87,-1,-1,-1
103,26,584.92,134.94,128.86,415.27,0.90,-1,-1,-1
103,21,1149.82,166.62,74.58,198.64,0.84,-1,-1,-1
103,28,1061.20,171.09,57.74,164.03,0.85,-1,-1,-1
103,29,1203.30,160.20,57.60,169.20,0.86,-1,-1,-1
103,14,990.52,149.97,103.38,293.32,0.60,-1,-1,-1
104,7,-309.21,-7.67,554.90,1517.09,0.13,-1,-1,-1
104,9,692.86,51.48,659.87,1124.51,0.49,-1,-1,-1
104,13,844.94,153.93,101.93,309.05,0.35,-1,-1,-1
104,19,-34.28,80.64,667.78,1385.86,0.71,-1,-1,-1
104,18,627.76,138.30,108.62,369.87,0.88,-1,-1,-1
104,26,576.40,133.89,130.79,420.33,0.89,-1,-1,-1
104,21,1144.09,164.86,77.85,201.70,0.85,-1,-1,-1
104,28,1058.71,171.69,58.99,162.86,0.85,-1,-1,-1
104,29,1196.41,159.27,57.60,165.58,0.87,-1,-1,-1
104,14,972.47,139.89,114.09,336.04,0.70,-1,-1,-1
104,15,236.73,163.48,188.20,538.75,0.80,-1,-1,-1
105,9,676.59,17.59,665.37,1285.27,0.58,-1,-1,-1
105,19,-91.09,116.63,664.96,1357.27,0.70,-1,-1,-1
105,18,622.45,137.09,110.66,372.60,0.87,-1,-1,-1
105,26,568.29,133.58,131.85,423.15,0.89,-1,-1,-1
105,21,1141.66,164.22,80.20,199.21,0.85,-1,-1,-1
105,28,1056.82,171.77,59.36,165.86,0.85,-1,-1,-1
105,29,1193.03,158.74,58.96,164.24,0.86,-1,-1,-1
105,14,967.50,136.16,112.80,329.74,0.78,-1,-1,-1
105,15,191.93,148.93,213.59,598.16,0.82,-1,-1,-1
105,30,251.32,165.60,166.05,477.90,0.80,-1,-1,-1
106,9,659.15,2.22,685.86,1344.35,0.46,-1,-1,-1
106,19,-172.04,81.60,688.78,1450.60,0.48,-1,-1,-1
106,18,618.08,137.36,109.96,369.72,0.86,-1,-1,-1
106,26,561.42,134.72,132.36,424.35,0.89,-1,-1,-1
106,21,1143.13,164.64,78.62,195.14,0.86,-1,-1,-1
106,28,1053.80,172.30,59.37,166.95,0.84,-1,-1,-1
106,29,1191.85,159.98,59.34,163.65,0.87,-1,-1,-1
106,14,966.06,136.47,111.74,329.19,0.81,-1,-1,-1
106,15,164.22,135.35,222.30,680.46,0.85,-1,-1,-1
106,30,231.94,165.59,172.63,495.40,0.83,-1,-1,-1
107,9,645.54,-1.30,687.06,1368.36,0.48,-1,-1,-1
107,19,-224.48,118.50,660.76,1379.64,0.50,-1,-1,-1
107,18,611.99,138.13,112.61,371.36,0.84,-1,-1,-1
107,26,556.80,135.68,131.80,425.99,0.89,-1,-1,-1
107,21,1144.36,165.28,77.92,195.05,0.87,-1,-1,-1
107,28,1050.91,172.71,59.35,165.99,0.85,-1,-1,-1
107,29,1192.56,160.63,56.77,163.89,0.88,-1,-1,-1
107,14,963.19,137.23,113.48,340.85,0.81,-1,-1,-1
107,15,114.07,135.62,265.28,708.54,0.77,-1,-1,-1
107,30,208.93,164.40,207.23,552.19,0.79,-1,-1,-1
108,9,648.03,15.31,647.70,1236.19,0.49,-1,-1,-1
108,18,608.20,137.89,112.99,372.56,0.85,-1,-1,-1
108,26,551.62,136.35,129.12,427.04,0.89,-1,-1,-1
108,21,1145.04,165.69,77.61,193.38,0.91,-1,-1,-1
108,28,1048.57,172.65,59.32,167.98,0.85,-1,-1,-1
108,29,1192.17,162.15,55.88,161.86,0.88,-1,-1,-1
108,14,958.97,137.72,116.35,345.91,0.83,-1,-1,-1
108,15,66.57,133.16,290.58,728.65,0.84,-1,-1,-1
108,30,189.46,163.39,224.07,583.85,0.84,-1,-1,-1
109,9,640.65,21.15,635.15,1224.59,0.52,-1,-1,-1
109,18,600.88,137.74,116.44,375.11,0.84,-1,-1,-1
109,26,544.89,137.59,130.92,429.91,0.86,-1,-1,-1
109,21,1145.65,165.39,75.69,192.22,0.92,-1,-1,-1
109,28,1045.99,171.32,59.75,171.40,0.86,-1,-1,-1
109,29,1193.52,161.51,54.71,163.14,0.86,-1,-1,-1
109,14,957.36,137.47,116.12,348.47,0.83,-1,-1,-1
109,15,4.87,133.99,344.00,722.61,0.84,-1,-1,-1
109,30,174.79,167.37,226.30,582.09,0.85,-1,-1,-1
110,9,634.86,1.76,622.71,1261.82,0.52,-1,-1,-1
110,18,596.66,136.39,116.49,384.91,0.84,-1,-1,-1
110,26,539.09,136.89,128.36,420.26,0.87,-1,-1,-1
110,21,1145.24,165.30,75.75,192.67,0.90,-1,-1,-1
110,28,1043.07,170.86,59.59,171.35,0.86,-1,-1,-1
110,29,1194.65,162.58,51.51,162.45,0.85,-1,-1,-1
110,14,956.02,137.19,116.36,356.12,0.83,-1,-1,-1
110,15,-10.70,132.50,358.38,724.90,0.86,-1,-1,-1
110,30,164.70,165.05,220.99,589.93,0.85,-1,-1,-1
111,9,630.84,-12.07,647.35,1285.81,0.46,-1,-1,-1
111,18,591.96,136.03,116.47,395.73,0.84,-1,-1,-1
111,26,534.09,136.49,127.29,414.37,0.87,-1,-1,-1
111,21,1144.99,165.90,75.76,192.60,0.92,-1,-1,-1
111,28,1039.86,170.32,60.73,175.20,0.87,-1,-1,-1
111,29,1192.69,162.91,51.68,162.55,0.84,-1,-1,-1
111,14,954.32,137.60,116.37,360.27,0.83,-1,-1,-1
111,15,-40.18,128.14,392.86,736.93,0.86,-1,-1,-1
111,30,158.76,166.32,216.48,589.65,0.85,-1,-1,-1
112,9,603.14,2.60,667.58,1257.85,0.55,-1,-1,-1
112,18,587.20,136.71,118.66,403.56,0.84,-1,-1,-1
112,26,529.90,136.91,121.36,414.56,0.85,-1,-1,-1
112,21,1142.65,166.01,76.85,193.32,0.92,-1,-1,-1
112,28,1037.55,170.71,59.89,173.34,0.87,-1,-1,-1
112,29,1190.65,163.94,51.72,161.48,0.80,-1,-1,-1
112,14,948.28,138.11,120.84,372.74,0.83,-1,-1,-1
112,15,-64.43,124.82,410.46,755.54,0.84,-1,-1,-1
112,30,154.09,166.50,211.35,589.41,0.85,-1,-1,-1
113,9,593.21,11.96,709.90,1246.02,0.49,-1,-1,-1
113,18,583.46,136.13,118.81,399.30,0.82,-1,-1,-1
113,26,523.63,137.15,118.97,413.99,0.86,-1,-1,-1
113,21,1141.23,166.44,77.24,193.76,0.93,-1,-1,-1
113,28,1034.65,170.68,59.53,171.06,0.87,-1,-1,-1
113,29,1188.54,164.29,51.75,161.57,0.84,-1,-1,-1
113,14,945.91,138.33,120.11,369.66,0.84,-1,-1,-1
113,15,-79.52,123.49,415.84,775.54,0.83,-1,-1,-1
113,30,150.88,166.83,206.54,591.24,0.86,-1,-1,-1
114,9,585.98,15.80,701.20,1241.67,0.50,-1,-1,-1
114,18,578.40,136.30,119.53,399.41,0.83,-1,-1,-1
114,26,518.23,137.40,116.99,414.61,0.85,-1,-1,-1
114,21,1139.97,167.24,75.94,194.01,0.93,-1,-1,-1
114,28,1030.91,170.95,60.39,170.72,0.87,-1,-1,-1
114,29,1187.39,166.05,50.39,160.69,0.82,-1,-1,-1
114,14,942.77,139.07,120.43,370.34,0.84,-1,-1,-1
114,15,-84.05,125.73,404.87,788.02,0.80,-1,-1,-1
114,30,147.13,167.75,201.46,586.46,0.87,-1,-1,-1
115,9,570.97,37.40,736.93,1168.96,0.44,-1,-1,-1
115,18,573.94,135.32,123.15,403.08,0.82,-1,-1,-1
115,26,511.13,137.40,120.30,416.71,0.84,-1,-1,-1
115,21,1139.68,167.59,75.68,194.06,0.93,-1,-1,-1
115,28,1028.27,171.13,60.90,167.22,0.87,-1,-1,-1
115,29,1185.75,165.23,51.32,161.43,0.84,-1,-1,-1
115,14,939.16,138.39,122.07,376.00,0.84,-1,-1,-1
115,15,-80.87,132.87,378.09,785.83,0.80,-1,-1,-1
115,30,137.63,168.05,204.95,588.94,0.87,-1,-1,-1
116,9,571.13,26.94,697.11,1202.81,0.46,-1,-1,-1
116,18,568.42,134.40,125.97,406.71,0.83,-1,-1,-1
116,26,505.71,136.76,121.22,421.35,0.84,-1,-1,-1
116,21,1139.68,167.41,75.75,194.05,0.93,-1,-1,-1
116,28,1025.96,170.81,61.23,167.05,0.88,-1,-1,-1
116,29,1186.45,164.18,51.79,162.02,0.85,-1,-1,-1
116,14,936.56,137.62,122.95,377.89,0.86,-1,-1,-1
116,15,-68.87,135.64,353.65,790.45,0.80,-1,-1,-1
116,30,123.41,167.13,209.01,593.33,0.85,-1,-1,-1
117,9,571.60,22.72,717.08,1261.09,0.49,-1,-1,-1
117,18,563.52,135.09,126.93,402.14,0.84,-1,-1,-1
117,26,501.51,135.33,122.64,426.41,0.84,-1,-1,-1
117,21,1137.21,168.21,75.71,193.29,0.93,-1,-1,-1
117,28,1023.22,171.08,60.11,165.96,0.88,-1,-1,-1
117,29,1184.05,163.47,53.15,162.39,0.88,-1,-1,-1
117,14,933.95,138.21,123.12,373.98,0.84,-1,-1,-1
117,15,-67.69,140.22,358.85,783.39,0.78,-1,-1,-1
117,30,110.85,167.61,213.71,592.25,0.86,-1,-1,-1
118,9,569.35,39.87,735.41,1211.13,0.45,-1,-1,-1
118,18,560.30,135.72,126.17,404.24,0.85,-1,-1,-1
118,26,495.96,134.90,126.22,430.43,0.84,-1,-1,-1
118,21,1135.02,168.32,75.73,193.23,0.93,-1,-1,-1
118,28,1020.24,172.35,60.90,166.67,0.88,-1,-1,-1
118,29,1183.09,162.89,53.69,162.56,0.88,-1,-1,-1
118,14,929.47,139.11,124.38,377.11,0.86,-1,-1,-1
118,15,-74.46,138.93,358.13,806.40,0.73,-1,-1,-1
118,30,100.04,169.67,217.26,594.03,0.86,-1,-1,-1
119,9,565.86,13.24,728.00,1325.08,0.54,-1,-1,-1
119,18,556.19,135.56,128.31,430.37,0.86,-1,-1,-1
119,26,492.17,134.44,128.87,445.03,0.86,-1,-1,-1
119,21,1133.79,168.51,74.63,193.00,0.93,-1,-1,-1
119,28,1015.69,173.30,62.45,169.67,0.88,-1,-1,-1
119,29,1181.67,162.07,55.16,162.37,0.88,-1,-1,-1
119,14,925.52,139.72,126.14,376.90,0.86,-1,-1,-1
119,15,-84.60,128.63,357.20,849.87,0.66,-1,-1,-1
119,30,94.43,169.21,216.61,596.62,0.86,-1,-1,-1
120,9,580.41,15.58,714.80,1348.54,0.56,-1,-1,-1
120,18,553.16,135.83,128.52,430.24,0.85,-1,-1,-1
120,26,487.80,133.76,135.17,455.01,0.87,-1,-1,-1
120,21,1132.50,168.61,74.20,192.74,0.93,-1,-1,-1
120,28,1012.67,174.77,63.03,167.91,0.88,-1,-1,-1
120,29,1180.41,161.49,55.72,161.39,0.88,-1,-1,-1
120,14,922.20,139.98,126.77,377.17,0.86,-1,-1,-1
120,15,-102.13,120.07,376.08,848.29,0.56,-1,-1,-1
120,30,85.42,168.06,219.52,605.02,0.86,-1,-1,-1
120,31,1122.30,168.41,28.80,98.44,0.71,-1,-1,-1
120,32,1198.80,169.20,63.00,166.95,0.71,-1,-1,-1
121,9,581.17,27.76,729.33,1337.21,0.54,-1,-1,-1
121,18,549.83,135.99,127.07,419.68,0.85,-1,-1,-1
121,26,483.76,132.91,135.52,465.15,0.84,-1,-1,-1
121,21,1129.99,167.08,75.35,193.68,0.94,-1,-1,-1
121,28,1009.48,174.04,63.35,171.63,0.88,-1,-1,-1
121,29,1178.42,160.49,57.21,160.95,0.88,-1,-1,-1
121,14,918.11,139.24,128.66,386.81,0.86,-1,-1,-1
121,15,-122.94,113.12,391.96,893.56,0.48,-1,-1,-1
121,30,71.44,170.88,220.40,610.78,0.84,-1,-1,-1
121,31,1120.63,170.02,30.28,97.88,0.75,-1,-1,-1
121,32,1196.54,164.96,68.85,175.60,0.81,-1,-1,-1
121,33,1064.70,167.85,46.80,118.35,0.74,-1,-1,-1
122,9,584.29,38.26,729.50,1283.01,0.47,-1,-1,-1
122,18,546.14,134.98,128.50,412.94,0.85,-1,-1,-1
122,26,480.79,133.73,141.73,469.32,0.87,-1,-1,-1
122,21,1128.55,165.46,74.70,194.00,0.93,-1,-1,-1
122,28,1005.52,173.25,62.36,171.24,0.88,-1,-1,-1
122,29,1177.07,159.01,55.52,160.51,0.87,-1,-1,-1
122,14,913.70,138.41,130.46,387.75,0.87,-1,-1,-1
122,15,-144.87,109.68,402.95,919.16,0.53,-1,-1,-1
122,30,62.36,170.67,219.35,609.46,0.85,-1,-1,-1
122,31,1119.56,168.47,30.62,98.06,0.71,-1,-1,-1
122,32,1196.04,163.19,67.36,178.43,0.69,-1,-1,-1
122,33,1064.25,167.43,46.91,118.45,0.71,-1,-1,-1
123,9,598.74,26.23,696.28,1310.58,0.55,-1,-1,-1
123,18,548.30,133.26,126.51,402.21,0.86,-1,-1,-1
123,26,482.18,131.87,146.06,471.80,0.86,-1,-1,-1
123,21,1127.76,163.87,73.72,190.13,0.93,-1,-1,-1
123,28,1003.41,172.24,61.35,169.01,0.86,-1,-1,-1
123,29,1174.62,158.93,54.28,158.99,0.87,-1,-1,-1
123,14,912.30,137.56,129.76,381.93,0.87,-1,-1,-1
123,15,-150.48,102.33,381.70,981.62,0.58,-1,-1,-1
123,30,58.81,165.76,220.85,613.93,0.85,-1,-1,-1
123,31,1117.68,167.87,30.49,98.78,0.77,-1,-1,-1
123,32,1193.21,161.56,73.35,182.07,0.89,-1,-1,-1
123,33,1063.85,167.48,45.27,117.25,0.75,-1,-1,-1
124,9,620.93,6.61,664.83,1358.78,0.53,-1,-1,-1
124,18,547.01,129.40,127.03,404.82,0.86,-1,-1,-1
124,26,480.14,127.48,147.59,476.50,0.88,-1,-1,-1
124,21,1130.52,161.73,72.00,189.34,0.93,-1,-1,-1
124,28,1001.98,170.05,60.81,167.76,0.85,-1,-1,-1
124,29,1176.36,157.25,52.43,159.45,0.89,-1,-1,-1
124,14,910.24,134.39,131.37,388.30,0.85,-1,-1,-1
124,15,-155.20,105.14,357.11,972.41,0.51,-1,-1,-1
124,30,46.92,158.95,226.22,625.64,0.86,-1,-1,-1
124,31,1117.66,166.49,30.37,100.59,0.75,-1,-1,-1
124,32,1194.93,159.78,73.76,184.18,0.92,-1,-1,-1
124,33,1063.43,166.07,44.74,117.86,0.59,-1,-1,-1
125,9,639.66,-7.40,647.55,1347.88,0.54,-1,-1,-1
125,18,545.09,127.18,127.80,415.17,0.88,-1,-1,-1
125,26,476.65,124.48,150.61,481.64,0.88,-1,-1,-1
125,21,1131.61,159.97,71.69,189.49,0.93,-1,-1,-1
125,28,999.75,167.34,62.08,168.00,0.85,-1,-1,-1
125,29,1177.07,155.71,52.02,158.57,0.88,-1,-1,-1
125,14,906.33,132.12,135.76,395.59,0.81,-1,-1,-1
125,15,-151.20,123.39,330.33,946.55,0.48,-1,-1,-1
125,30,33.51,155.45,232.63,643.95,0.84,-1,-1,-1
125,31,1116.46,165.10,30.48,100.15,0.80,-1,-1,-1
125,32,1194.26,157.22,74.11,185.99,0.93,-1,-1,-1
125,33,1060.50,165.49,46.14,117.53,0.85,-1,-1,-1
126,9,643.49,-15.24,653.00,1312.09,0.49,-1,-1,-1
126,18,538.49,126.69,128.68,420.62,0.91,-1,-1,-1
126,26,467.08,123.19,156.04,487.68,0.90,-1,-1,-1
126,21,1128.80,159.77,70.66,189.11,0.93,-1,-1,-1
126,28,994.06,165.72,61.61,167.97,0.83,-1,-1,-1
126,29,1171.14,155.86,52.10,158.40,0.87,-1,-1,-1
126,14,900.85,133.81,133.64,380.48,0.76,-1,-1,-1
126,15,-154.57,125.47,306.34,968.65,0.42,-1,-1,-1
126,30,14.99,154.44,239.50,660.93,0.85,-1,-1,-1
126,31,1110.43,165.32,30.64,100.93,0.76,-1,-1,-1
126,32,1188.97,156.69,73.17,185.48,0.93,-1,-1,-1
126,33,1059.10,165.28,41.61,118.06,0.39,-1,-1,-1
127,9,650.63,-22.11,672.52,1316.24,0.46,-1,-1,-1
127,18,531.84,126.60,129.70,425.41,0.91,-1,-1,-1
127,26,460.75,121.48,157.38,492.81,0.89,-1,-1,-1
127,21,1124.98,160.24,70.35,189.48,0.93,-1,-1,-1
127,28,986.64,165.48,62.66,169.03,0.80,-1,-1,-1
127,29,1179.42,155.89,65.33,175.31,0.93,-1,-1,-1
127,14,910.56,146.51,116.36,306.59,0.71,-1,-1,-1
127,15,-144.47,139.20,265.68,912.54,0.35,-1,-1,-1
127,30,3.09,157.48,236.22,664.64,0.84,-1,-1,-1
127,31,1104.38,166.72,31.95,100.18,0.61,-1,-1,-1
127,32,1197.40,147.50,71.57,178.79,0.72,-1,-1,-1
127,33,1056.31,165.83,38.63,116.12,0.24,-1,-1,-1
127,34,1158.30,159.52,50.40,157.50,0.85,-1,-1,-1
127,13,745.29,155.39,127.60,381.03,0.78,-1,-1,-1
128,9,650.17,-25.71,685.61,1323.23,0.46,-1,-1,-1
128,18,521.99,126.04,132.61,434.52,0.89,-1,-1,-1
128,26,449.80,123.17,160.63,498.74,0.87,-1,-1,-1
128,21,1121.84,160.06,71.39,188.36,0.92,-1,-1,-1
128,28,980.77,164.97,61.80,166.85,0.80,-1,-1,-1
128,29,1180.63,154.27,70.17,181.43,0.93,-1,-1,-1
128,14,907.69,148.41,108.99,285.05,0.25,-1,-1,-1
128,15,-148.77,158.21,246.32,855.27,0.37,-1,-1,-1
128,30,-17.51,160.59,239.47,680.56,0.86,-1,-1,-1
128,31,1097.51,166.60,33.00,99.83,0.77,-1,-1,-1
128,32,1195.47,141.96,82.93,176.10,0.69,-1,-1,-1
128,33,1050.16,165.81,39.54,113.98,0.30,-1,-1,-1
128,34,1156.84,157.76,50.93,155.55,0.84,-1,-1,-1
128,13,744.07,153.70,124.42,368.91,0.82,-1,-1,-1
129,9,663.47,-24.95,679.46,1315.16,0.51,-1,-1,-1
129,18,514.53,126.02,133.82,437.76,0.90,-1,-1,-1
129,26,442.50,123.42,163.00,505.41,0.88,-1,-1,-1
129,21,1119.53,161.15,70.38,186.66,0.91,-1,-1,-1
129,28,973.84,165.34,63.55,171.15,0.82,-1,-1,-1
129,29,1177.11,154.05,73.13,183.49,0.93,-1,-1,-1
129,15,-163.54,171.04,229.18,805.66,0.21,-1,-1,-1
129,30,-37.49,158.58,237.82,692.79,0.83,-1,-1,-1
129,31,1092.18,167.15,33.26,100.55,0.65,-1,-1,-1
129,32,1193.51,140.53,84.82,176.15,0.83,-1,-1,-1
129,33,1044.66,166.06,39.77,111.98,0.19,-1,-1,-1
129,34,1154.41,157.45,49.70,153.85,0.84,-1,-1,-1
129,13,740.51,152.82,125.52,370.41,0.83,-1,-1,-1
130,9,670.49,-31.24,673.40,1321.12,0.54,-1,-1,-1
130,18,507.46,125.84,134.61,440.77,0.90,-1,-1,-1
130,26,433.94,122.18,165.82,512.59,0.87,-1,-1,-1
130,21,1114.71,161.10,69.83,183.81,0.88,-1,-1,-1
130,28,968.18,165.13,62.97,172.34,0.79,-1,-1,-1
130,29,1171.25,153.87,74.20,183.76,0.92,-1,-1,-1
130,15,-189.40,165.53,243.51,767.01,0.22,-1,-1,-1
130,30,-60.29,157.05,244.60,703.43,0.82,-1,-1,-1
130,31,1087.11,168.06,32.07,98.10,0.55,-1,-1,-1
130,33,1040.23,166.92,37.31,106.67,0.52,-1,-1,-1
130,34,1148.49,158.35,48.95,153.31,0.80,-1,-1,-1
130,13,736.40,152.48,126.35,374.52,0.84,-1,-1,-1
131,9,672.48,-17.84,667.52,1288.32,0.55,-1,-1,-1
131,18,503.17,126.07,136.29,442.12,0.90,-1,-1,-1
131,26,427.28,121.87,169.80,516.69,0.86,-1,-1,-1
131,21,1111.14,163.52,67.71,181.78,0.85,-1,-1,-1
131,28,963.79,165.96,60.81,163.41,0.61,-1,-1,-1
131,29,1179.02,147.37,76.08,177.46,0.83,-1,-1,-1
131,30,-68.92,161.34,239.32,702.30,0.79,-1,-1,-1
131,31,1080.71,168.76,32.43,99.87,0.50,-1,-1,-1
131,33,1034.18,168.23,37.35,101.78,0.57,-1,-1,-1
131,34,1143.07,160.33,46.98,151.81,0.69,-1,-1,-1
131,13,734.84,153.25,122.23,373.12,0.83,-1,-1,-1
131,35,1156.50,157.27,72.00,180.45,0.92,-1,-1,-1
132,9,679.32,-13.26,658.65,1244.67,0.54,-1,-1,-1
132,18,496.94,126.33,136.22,447.63,0.92,-1,-1,-1
132,26,417.81,121.16,169.58,522.16,0.90,-1,-1,-1
132,21,1107.93,164.33,67.40,179.65,0.84,-1,-1,-1
132,29,1178.33,145.49,72.73,173.45,0.75,-1,-1,-1
132,30,-90.24,163.38,240.73,702.65,0.77,-1,-1,-1
132,31,1074.82,169.27,32.81,101.35,0.29,-1,-1,-1
132,33,1028.85,168.75,37.62,97.27,0.69,-1,-1,-1
132,34,1137.52,161.12,48.08,151.87,0.68,-1,-1,-1
132,13,729.36,152.57,128.12,375.42,0.85,-1,-1,-1
132,35,1156.41,156.58,69.75,180.13,0.90,-1,-1,-1
133,9,691.13,6.47,633.68,1165.12,0.52,-1,-1,-1
133,18,491.07,125.60,136.67,453.52,0.91,-1,-1,-1
133,26,411.08,122.07,172.10,530.71,0.79,-1,-1,-1
133,21,1103.56,166.04,67.03,176.40,0.82,-1,-1,-1
133,30,-102.08,168.15,236.50,689.34,0.73,-1,-1,-1
133,31,1070.28,170.73,31.57,95.43,0.36,-1,-1,-1
133,33,1024.01,169.85,36.37,94.10,0.70,-1,-1,-1
133,34,1145.60,160.45,60.12,171.31,0.88,-1,-1,-1
133,13,726.05,152.48,131.04,377.55,0.88,-1,-1,-1
133,35,1168.69,148.24,66.39,172.23,0.74,-1,-1,-1
134,9,702.93,12.54,614.45,1138.96,0.51,-1,-1,-1
134,18,484.16,126.25,138.07,456.48,0.90,-1,-1,-1
134,26,404.34,122.74,171.54,534.44,0.88,-1,-1,-1
134,21,1098.40,168.97,65.22,172.56,0.83,-1,-1,-1
134,30,-117.44,166.97,234.80,686.98,0.63,-1,-1,-1
134,31,1062.81,171.78,33.34,98.37,0.55,-1,-1,-1
134,33,1018.42,171.07,37.01,98.57,0.60,-1,-1,-1
134,34,1143.84,161.70,63.71,173.47,0.87,-1,-1,-1
134,13,720.96,153.74,135.91,379.98,0.86,-1,-1,-1
134,35,1166.93,147.03,64.77,167.98,0.80,-1,-1,-1
135,9,704.35,8.41,609.78,1174.68,0.60,-1,-1,-1
135,18,475.97,128.58,138.73,457.46,0.89,-1,-1,-1
135,26,397.63,125.27,173.07,534.86,0.89,-1,-1,-1
135,21,1092.11,170.34,63.37,166.96,0.82,-1,-1,-1
135,30,-137.03,173.03,236.76,707.27,0.43,-1,-1,-1
135,34,1134.63,162.26,65.13,175.34,0.88,-1,-1,-1
135,13,714.10,155.15,141.30,386.32,0.88,-1,-1,-1
135,35,1161.63,148.15,61.60,163.55,0.77,-1,-1,-1
136,9,706.08,5.62,613.37,1187.30,0.58,-1,-1,-1
136,18,469.18,129.63,140.17,461.55,0.89,-1,-1,-1
136,26,387.97,126.66,176.71,538.35,0.89,-1,-1,-1
136,21,1087.18,169.97,62.75,167.54,0.84,-1,-1,-1
136,30,-153.25,165.81,239.80,726.59,0.28,-1,-1,-1
136,34,1126.81,162.93,66.79,175.52,0.86,-1,-1,-1
136,13,709.65,156.32,142.75,391.34,0.89,-1,-1,-1
136,35,1154.86,149.04,59.38,160.77,0.66,-1,-1,-1
137,9,710.97,13.18,621.86,1183.81,0.55,-1,-1,-1
137,18,463.76,129.25,141.36,467.04,0.91,-1,-1,-1
137,26,383.06,126.25,178.15,545.40,0.89,-1,-1,-1
137,21,1084.68,171.51,62.62,163.33,0.82,-1,-1,-1
137,34,1122.94,164.25,65.05,167.48,0.87,-1,-1,-1
137,13,707.38,157.20,143.33,387.38,0.90,-1,-1,-1
137,35,1152.11,150.50,54.80,151.69,0.74,-1,-1,-1
138,9,700.25,21.74,643.44,1132.91,0.47,-1,-1,-1
138,18,458.64,129.86,141.80,471.28,0.90,-1,-1,-1
138,26,374.63,126.69,178.04,551.17,0.89,-1,-1,-1
138,21,1080.59,171.84,63.85,159.61,0.84,-1,-1,-1
138,34,1118.45,165.26,63.04,161.67,0.86,-1,-1,-1
138,13,702.92,158.06,144.09,388.47,0.91,-1,-1,-1
138,35,1146.94,151.99,52.13,148.98,0.81,-1,-1,-1
139,9,708.12,22.03,647.33,1152.81,0.52,-1,-1,-1
139,18,452.02,129.56,142.51,473.98,0.91,-1,-1,-1
139,26,367.46,127.87,180.85,558.23,0.89,-1,-1,-1
139,21,1075.57,170.77,64.30,159.18,0.84,-1,-1,-1
139,34,1112.74,165.52,60.98,158.45,0.85,-1,-1,-1
139,13,698.60,158.04,144.85,392.88,0.91,-1,-1,-1
139,35,1140.86,153.11,51.40,144.71,0.73,-1,-1,-1
140,9,704.04,28.11,647.93,1104.35,0.52,-1,-1,-1
140,18,442.97,128.84,146.54,478.64,0.90,-1,-1,-1
140,26,357.45,127.35,184.75,562.04,0.90,-1,-1,-1
140,21,1071.09,168.67,63.33,164.11,0.82,-1,-1,-1
140,34,1105.62,165.24,60.21,159.23,0.84,-1,-1,-1
140,13,693.86,157.85,144.61,396.78,0.92,-1,-1,-1
140,35,1133.54,153.51,55.19,144.09,0.65,-1,-1,-1
140,36,830.70,139.39,132.30,433.91,0.72,-1,-1,-1
141,9,702.57,9.11,652.23,1207.31,0.52,-1,-1,-1
141,18,434.82,128.29,148.47,482.25,0.90,-1,-1,-1
141,26,348.76,127.30,190.72,568.72,0.88,-1,-1,-1
141,21,1066.30,168.10,61.69,162.17,0.84,-1,-1,-1
141,34,1099.85,165.80,58.62,157.57,0.84,-1,-1,-1
141,13,689.75,157.50,145.48,394.26,0.93,-1,-1,-1
141,35,1126.32,153.00,58.90,148.96,0.80,-1,-1,-1
141,14,829.84,137.79,136.21,431.88,0.68,-1,-1,-1
142,9,711.86,18.72,630.46,1171.36,0.56,-1,-1,-1
142,18,432.18,126.33,148.23,487.76,0.91,-1,-1,-1
142,26,346.78,127.87,187.49,569.30,0.92,-1,-1,-1
142,21,1066.56,168.57,61.02,162.56,0.81,-1,-1,-1
142,34,1099.26,166.38,57.91,158.63,0.82,-1,-1,-1
142,13,689.44,157.00,145.47,392.08,0.94,-1,-1,-1
142,35,1125.59,152.16,59.02,155.64,0.79,-1,-1,-1
142,14,826.51,138.29,138.05,446.20,0.74,-1,-1,-1
143,9,709.41,2.85,637.91,1233.72,0.57,-1,-1,-1
143,18,428.96,126.02,150.37,490.94,0.91,-1,-1,-1
143,26,343.64,126.69,186.86,574.09,0.90,-1,-1,-1
143,21,1066.37,167.82,60.77,163.89,0.81,-1,-1,-1
143,34,1098.22,166.27,57.61,160.49,0.81,-1,-1,-1
143,13,689.20,156.34,144.71,395.19,0.94,-1,-1,-1
143,35,1125.07,151.77,60.27,155.66,0.80,-1,-1,-1
143,14,824.59,139.47,141.28,457.16,0.77,-1,-1,-1
144,9,719.50,5.32,626.27,1239.87,0.56,-1,-1,-1
144,18,424.28,124.38,152.39,497.21,0.90,-1,-1,-1
144,26,337.08,123.80,191.27,582.48,0.90,-1,-1,-1
144,21,1066.68,167.93,59.50,161.09,0.82,-1,-1,-1
144,34,1098.29,166.75,56.29,157.85,0.85,-1,-1,-1
144,13,687.03,155.23,145.63,400.86,0.94,-1,-1,-1
144,35,1124.58,151.11,59.55,155.71,0.82,-1,-1,-1
144,14,823.38,139.93,142.76,457.72,0.76,-1,-1,-1
145,9,718.83,-15.02,625.54,1322.27,0.55,-1,-1,-1
145,18,417.51,123.29,156.18,502.32,0.90,-1,-1,-1
145,26,331.18,124.32,194.74,588.45,0.90,-1,-1,-1
145,21,1066.44,166.08,56.84,159.82,0.81,-1,-1,-1
145,34,1097.46,165.59,56.02,156.62,0.83,-1,-1,-1
145,13,684.29,152.73,148.91,410.10,0.94,-1,-1,-1
145,35,1123.47,149.85,60.72,159.79,0.80,-1,-1,-1
145,14,823.35,140.86,140.04,452.16,0.75,-1,-1,-1
146,9,707.65,-32.47,667.81,1403.74,0.54,-1,-1,-1
146,18,413.05,122.32,157.83,506.10,0.91,-1,-1,-1
146,26,327.88,121.23,196.01,597.27,0.90,-1,-1,-1
146,21,1066.14,165.71,55.79,161.82,0.81,-1,-1,-1
146,34,1096.30,165.09,55.82,157.75,0.82,-1,-1,-1
146,13,681.08,151.91,152.21,418.57,0.94,-1,-1,-1
146,35,1122.10,150.07,63.45,164.28,0.78,-1,-1,-1
146,14,825.29,143.32,137.27,434.14,0.48,-1,-1,-1
147,9,716.75,-19.99,642.28,1324.17,0.55,-1,-1,-1
147,18,408.20,120.30,159.90,511.06,0.90,-1,-1,-1
147,26,319.66,120.31,199.85,603.95,0.90,-1,-1,-1
147,21,1065.74,164.25,54.48,160.72,0.74,-1,-1,-1
147,34,1096.25,163.33,53.60,155.57,0.79,-1,-1,-1
147,13,677.33,150.00,154.21,427.48,0.95,-1,-1,-1
147,35,1121.20,147.90,62.44,169.78,0.79,-1,-1,-1
147,14,824.55,150.50,129.63,404.59,0.45,-1,-1,-1
148,9,722.97,-15.03,620.61,1247.84,0.60,-1,-1,-1
148,18,402.71,119.66,162.37,514.63,0.91,-1,-1,-1
148,26,312.92,118.79,203.43,611.26,0.90,-1,-1,-1
148,21,1068.37,163.91,50.53,154.29,0.53,-1,-1,-1
148,34,1095.45,162.22,51.68,149.12,0.75,-1,-1,-1
148,13,672.79,149.13,156.68,435.82,0.95,-1,-1,-1
148,35,1119.95,147.01,61.01,165.96,0.70,-1,-1,-1
149,9,722.31,-31.59,624.75,1261.48,0.54,-1,-1,-1
149,18,396.15,116.64,163.97,520.55,0.91,-1,-1,-1
149,26,305.28,116.36,204.01,615.86,0.90,-1,-1,-1
149,34,1091.63,159.44,54.59,164.94,0.13,-1,-1,-1
149,13,667.09,146.62,159.49,445.91,0.95,-1,-1,-1
