0,1,460.80,256.50,157.50,411.30,0.96,-1,-1,-1
0,2,292.50,279.67,186.75,451.12,0.95,-1,-1,-1
0,3,936.00,221.40,201.60,537.30,0.95,-1,-1,-1
0,4,679.95,245.25,87.30,218.25,0.95,-1,-1,-1
0,5,614.25,259.20,80.10,205.65,0.94,-1,-1,-1
0,6,772.20,259.42,28.80,77.40,0.91,-1,-1,-1
0,7,717.75,240.97,52.20,146.25,0.89,-1,-1,-1
0,8,677.70,253.35,46.80,133.65,0.84,-1,-1,-1
0,9,612.00,255.82,37.80,116.10,0.81,-1,-1,-1
0,10,737.10,248.85,39.60,109.80,0.76,-1,-1,-1
1,1,460.80,256.50,157.50,411.30,0.96,-1,-1,-1
1,2,292.50,279.67,186.75,451.12,0.95,-1,-1,-1
1,3,936.00,221.40,201.60,537.30,0.95,-1,-1,-1
1,4,679.95,245.25,87.30,218.25,0.95,-1,-1,-1
1,5,614.25,259.20,80.10,205.65,0.94,-1,-1,-1
1,6,772.20,259.42,28.80,77.40,0.91,-1,-1,-1
1,7,717.75,240.97,52.20,146.25,0.89,-1,-1,-1
1,8,677.70,253.35,46.80,133.65,0.84,-1,-1,-1
1,9,612.00,255.63,37.80,116.49,0.81,-1,-1,-1
1,10,737.10,248.85,39.60,109.80,0.76,-1,-1,-1
2,1,459.38,257.65,158.42,414.84,0.95,-1,-1,-1
2,2,289.91,278.56,189.30,446.85,0.95,-1,-1,-1
2,3,939.27,225.36,199.07,538.97,0.94,-1,-1,-1
2,4,679.26,245.53,88.83,218.12,0.94,-1,-1,-1
2,5,614.85,259.67,84.42,206.72,0.93,-1,-1,-1
2,6,772.37,259.22,29.54,78.24,0.91,-1,-1,-1
2,7,717.48,240.73,54.38,147.21,0.88,-1,-1,-1
2,8,677.36,254.17,46.86,133.54,0.82,-1,-1,-1
2,9,612.60,255.71,37.15,116.77,0.80,-1,-1,-1
2,10,737.56,248.97,39.65,110.00,0.77,-1,-1,-1
2,11,1144.80,174.04,81.00,281.36,0.73,-1,-1,-1
3,1,458.42,259.28,158.62,418.37,0.95,-1,-1,-1
3,2,287.68,278.45,192.39,439.56,0.95,-1,-1,-1
3,3,936.60,230.12,200.93,536.45,0.94,-1,-1,-1
3,4,680.75,244.13,87.89,220.30,0.94,-1,-1,-1
3,5,617.10,259.88,83.07,207.75,0.93,-1,-1,-1
3,6,773.04,259.19,29.76,78.10,0.92,-1,-1,-1
3,7,718.04,240.20,53.02,147.74,0.88,-1,-1,-1
3,8,679.32,253.97,44.79,134.08,0.79,-1,-1,-1
3,9,612.15,255.63,38.31,113.99,0.82,-1,-1,-1
3,10,738.35,249.23,39.65,109.97,0.80,-1,-1,-1
3,11,1149.08,173.38,82.53,284.92,0.80,-1,-1,-1
4,1,457.25,260.09,159.93,421.89,0.96,-1,-1,-1
4,2,284.06,278.08,197.06,437.85,0.96,-1,-1,-1
4,3,934.27,233.02,201.49,541.88,0.94,-1,-1,-1
4,4,681.94,242.99,87.51,221.90,0.94,-1,-1,-1
4,5,619.56,260.23,82.43,207.29,0.93,-1,-1,-1
4,6,773.22,258.82,29.80,78.66,0.91,-1,-1,-1
4,7,718.23,239.51,53.80,148.15,0.89,-1,-1,-1
4,8,680.65,253.52,43.42,134.53,0.80,-1,-1,-1
4,9,613.02,255.57,38.68,118.78,0.83,-1,-1,-1
4,10,739.24,249.29,39.63,109.90,0.79,-1,-1,-1
4,11,1152.73,173.23,84.21,285.98,0.82,-1,-1,-1
5,1,455.55,260.96,161.64,424.38,0.95,-1,-1,-1
5,2,281.36,276.98,200.97,441.51,0.96,-1,-1,-1
5,3,934.21,235.67,201.68,542.73,0.93,-1,-1,-1
5,4,684.26,242.96,86.08,222.47,0.94,-1,-1,-1
5,5,621.94,260.20,82.18,207.33,0.93,-1,-1,-1
5,6,774.26,258.41,29.80,78.87,0.91,-1,-1,-1
5,7,719.26,239.31,52.77,147.99,0.89,-1,-1,-1
5,8,681.03,253.87,43.69,134.71,0.84,-1,-1,-1
5,9,613.95,254.61,37.50,121.66,0.85,-1,-1,-1
5,10,740.18,249.00,40.27,110.56,0.82,-1,-1,-1
5,11,1157.25,172.01,84.74,289.54,0.83,-1,-1,-1
5,12,635.85,251.55,42.30,122.85,0.73,-1,-1,-1
6,1,454.50,260.20,162.67,425.71,0.95,-1,-1,-1
6,2,277.36,275.75,207.21,447.76,0.95,-1,-1,-1
6,3,937.95,237.00,194.11,542.91,0.94,-1,-1,-1
6,4,685.30,243.38,85.58,223.07,0.94,-1,-1,-1
6,5,623.92,258.83,81.44,206.99,0.93,-1,-1,-1
6,6,775.50,257.56,29.16,79.55,0.90,-1,-1,-1
6,7,719.56,238.55,52.38,149.16,0.89,-1,-1,-1
6,8,681.72,253.92,44.45,135.05,0.83,-1,-1,-1
6,9,615.18,254.65,37.06,122.95,0.84,-1,-1,-1
6,10,740.75,248.03,39.86,111.72,0.83,-1,-1,-1
6,11,1161.77,170.14,84.84,292.99,0.82,-1,-1,-1
6,12,635.78,251.16,43.06,126.28,0.75,-1,-1,-1
7,1,452.85,258.52,164.36,423.95,0.95,-1,-1,-1
7,2,274.13,274.73,213.44,455.54,0.95,-1,-1,-1
7,3,940.54,236.13,188.81,542.16,0.93,-1,-1,-1
7,4,686.90,244.36,84.77,222.41,0.95,-1,-1,-1
7,5,626.15,257.73,79.26,206.18,0.93,-1,-1,-1
7,6,776.86,256.51,28.91,80.38,0.91,-1,-1,-1
7,7,721.24,238.32,50.97,149.22,0.88,-1,-1,-1
7,8,683.21,253.48,44.10,135.45,0.84,-1,-1,-1
7,9,617.20,254.55,35.64,123.65,0.84,-1,-1,-1
7,10,741.86,247.55,40.94,111.48,0.79,-1,-1,-1
7,11,1166.25,168.20,86.12,295.99,0.83,-1,-1,-1
7,12,636.12,251.26,43.91,128.35,0.78,-1,-1,-1
8,1,451.74,255.84,165.10,423.98,0.96,-1,-1,-1
8,2,271.41,274.66,221.66,457.46,0.95,-1,-1,-1
8,3,942.63,233.98,184.52,525.64,0.95,-1,-1,-1
8,4,688.60,245.16,83.89,221.98,0.95,-1,-1,-1
8,5,628.35,256.39,77.86,205.27,0.93,-1,-1,-1
8,6,777.56,255.66,29.44,80.97,0.90,-1,-1,-1
8,7,722.69,238.07,49.85,146.14,0.85,-1,-1,-1
8,8,684.26,252.83,44.00,135.28,0.85,-1,-1,-1
8,9,619.40,254.49,34.52,116.81,0.82,-1,-1,-1
8,10,743.08,247.35,41.94,111.07,0.81,-1,-1,-1
8,11,1170.12,165.65,87.80,300.10,0.86,-1,-1,-1
8,12,636.20,251.11,44.17,128.97,0.80,-1,-1,-1
9,1,451.34,253.04,165.10,423.94,0.96,-1,-1,-1
9,2,267.61,274.97,230.49,462.70,0.94,-1,-1,-1
9,3,940.90,231.49,185.53,511.27,0.95,-1,-1,-1
9,4,689.56,245.68,84.17,221.65,0.94,-1,-1,-1
9,5,630.71,254.73,77.34,204.94,0.93,-1,-1,-1
9,6,778.17,254.53,30.23,82.09,0.90,-1,-1,-1
9,7,723.58,238.53,49.44,142.51,0.85,-1,-1,-1
9,8,685.62,252.81,43.33,136.43,0.85,-1,-1,-1
9,9,620.85,253.91,33.49,119.47,0.80,-1,-1,-1
9,10,744.50,246.44,41.68,111.83,0.84,-1,-1,-1
9,11,1175.15,163.45,88.32,303.25,0.79,-1,-1,-1
9,12,636.99,250.59,44.20,128.74,0.79,-1,-1,-1
10,1,450.83,250.27,165.10,417.99,0.96,-1,-1,-1
10,2,264.27,274.57,240.28,467.25,0.93,-1,-1,-1
10,3,936.69,228.64,188.49,509.08,0.96,-1,-1,-1
10,4,690.48,246.26,84.93,221.32,0.94,-1,-1,-1
10,5,631.76,253.48,77.81,204.31,0.93,-1,-1,-1
10,6,778.73,253.64,30.53,83.13,0.90,-1,-1,-1
10,7,724.51,238.97,49.33,138.17,0.83,-1,-1,-1
10,8,686.38,251.69,44.35,137.21,0.86,-1,-1,-1
10,9,621.28,253.97,33.16,111.65,0.81,-1,-1,-1
10,10,745.04,245.77,41.57,112.47,0.85,-1,-1,-1
10,11,1181.36,162.64,87.25,304.28,0.66,-1,-1,-1
10,12,637.55,250.66,44.86,127.02,0.74,-1,-1,-1
11,1,450.29,247.11,165.34,413.94,0.96,-1,-1,-1
11,2,261.90,274.49,234.81,472.23,0.93,-1,-1,-1
11,3,931.95,223.22,193.43,509.86,0.96,-1,-1,-1
11,4,692.56,244.98,84.67,223.03,0.93,-1,-1,-1
11,5,632.68,252.49,77.45,204.28,0.93,-1,-1,-1
11,6,779.14,253.30,31.26,83.46,0.91,-1,-1,-1
11,7,725.37,238.85,49.35,132.83,0.82,-1,-1,-1
11,8,687.51,250.70,45.37,137.72,0.87,-1,-1,-1
11,9,621.39,253.13,34.96,120.45,0.81,-1,-1,-1
11,10,745.74,245.07,41.56,112.63,0.84,-1,-1,-1
11,11,1185.64,160.98,89.37,307.63,0.64,-1,-1,-1
11,12,637.08,250.60,47.63,129.54,0.70,-1,-1,-1
12,1,449.89,244.51,165.63,412.03,0.96,-1,-1,-1
12,2,260.66,274.81,232.19,475.97,0.93,-1,-1,-1
12,3,926.52,218.41,200.04,513.36,0.96,-1,-1,-1
12,4,694.48,244.25,84.56,223.00,0.94,-1,-1,-1
12,5,632.94,252.21,78.52,204.52,0.93,-1,-1,-1
12,6,780.12,253.11,31.52,83.83,0.90,-1,-1,-1
12,7,726.25,238.25,49.97,127.81,0.81,-1,-1,-1
12,8,688.18,250.25,46.34,136.95,0.87,-1,-1,-1
12,9,621.41,252.89,36.20,123.42,0.82,-1,-1,-1
12,10,745.95,244.44,41.52,114.16,0.83,-1,-1,-1
12,11,1191.14,158.86,87.67,310.97,0.45,-1,-1,-1
12,12,636.60,250.63,51.02,129.75,0.72,-1,-1,-1
13,1,449.19,243.70,166.07,412.58,0.96,-1,-1,-1
13,2,260.15,275.66,230.35,477.29,0.94,-1,-1,-1
13,3,921.89,215.04,207.07,504.63,0.96,-1,-1,-1
13,4,695.79,244.21,86.37,222.82,0.94,-1,-1,-1
13,5,632.10,252.52,80.77,204.93,0.94,-1,-1,-1
13,6,781.12,253.13,32.21,84.25,0.90,-1,-1,-1
13,7,730.21,238.41,46.59,122.08,0.74,-1,-1,-1
13,8,689.04,249.86,46.12,136.95,0.87,-1,-1,-1
13,9,621.72,252.89,36.69,124.86,0.86,-1,-1,-1
13,10,746.93,243.99,40.92,114.72,0.81,-1,-1,-1
13,11,1196.12,156.33,90.67,316.33,0.33,-1,-1,-1
13,12,639.41,250.71,51.70,130.74,0.60,-1,-1,-1
14,1,448.77,243.19,166.77,417.38,0.96,-1,-1,-1
14,2,261.80,276.67,229.34,477.69,0.93,-1,-1,-1
14,3,919.32,212.85,212.52,508.55,0.96,-1,-1,-1
14,4,697.43,243.72,88.30,222.91,0.94,-1,-1,-1
14,5,631.73,252.51,82.26,206.62,0.94,-1,-1,-1
14,6,782.37,253.73,32.49,83.80,0.91,-1,-1,-1
14,7,731.04,237.99,47.21,121.73,0.75,-1,-1,-1
14,8,689.62,250.02,46.67,135.75,0.88,-1,-1,-1
14,9,621.49,252.90,38.10,125.98,0.87,-1,-1,-1
14,10,747.58,243.96,38.89,113.43,0.73,-1,-1,-1
14,11,1200.87,154.86,93.03,320.81,0.38,-1,-1,-1
14,12,642.59,251.04,50.14,130.18,0.65,-1,-1,-1
15,1,449.18,244.19,167.36,422.84,0.96,-1,-1,-1
15,2,265.06,277.41,229.61,477.33,0.93,-1,-1,-1
15,3,918.05,212.41,216.51,513.74,0.96,-1,-1,-1
15,4,699.50,243.96,87.79,220.47,0.94,-1,-1,-1
15,5,632.17,254.13,83.97,206.75,0.93,-1,-1,-1
15,6,783.41,252.89,33.16,85.08,0.91,-1,-1,-1
15,7,732.22,237.96,46.81,125.38,0.57,-1,-1,-1
15,8,690.72,250.36,45.65,133.75,0.86,-1,-1,-1
15,9,622.01,253.61,38.02,126.34,0.86,-1,-1,-1
15,10,748.08,244.24,35.64,103.23,0.69,-1,-1,-1
15,11,1204.76,154.20,93.84,323.58,0.55,-1,-1,-1
15,12,645.95,250.65,47.61,131.44,0.74,-1,-1,-1
16,1,449.83,246.64,169.42,426.99,0.96,-1,-1,-1
16,2,269.31,277.72,227.72,476.70,0.93,-1,-1,-1
16,3,918.40,214.47,218.46,519.13,0.96,-1,-1,-1
16,4,700.91,244.21,88.14,219.32,0.95,-1,-1,-1
16,5,632.66,255.51,85.16,207.48,0.94,-1,-1,-1
16,6,784.18,252.94,33.38,86.18,0.91,-1,-1,-1
16,7,735.75,239.33,44.82,122.26,0.69,-1,-1,-1
16,8,692.07,250.50,45.22,134.57,0.87,-1,-1,-1
16,9,622.54,254.03,37.34,125.89,0.86,-1,-1,-1
16,10,748.62,244.52,37.60,100.92,0.69,-1,-1,-1
16,11,1209.88,154.62,91.64,325.83,0.55,-1,-1,-1
16,12,647.84,250.95,46.59,131.94,0.77,-1,-1,-1
17,1,450.46,249.74,174.92,431.88,0.95,-1,-1,-1
17,2,272.42,278.09,222.54,472.97,0.94,-1,-1,-1
17,3,918.76,218.21,221.35,516.74,0.96,-1,-1,-1
17,4,701.88,243.68,89.52,220.52,0.94,-1,-1,-1
17,5,633.31,256.17,86.25,208.91,0.93,-1,-1,-1
17,6,784.62,253.81,34.07,85.96,0.91,-1,-1,-1
17,7,735.95,238.59,46.00,128.84,0.73,-1,-1,-1
17,8,692.14,250.08,46.30,136.66,0.89,-1,-1,-1
17,9,622.62,254.04,37.12,126.86,0.87,-1,-1,-1
17,10,752.31,246.30,37.68,94.89,0.63,-1,-1,-1
17,11,1209.63,160.63,95.66,320.37,0.42,-1,-1,-1
17,12,650.21,250.75,45.63,131.18,0.80,-1,-1,-1
18,1,452.01,251.96,177.06,438.00,0.95,-1,-1,-1
18,2,275.73,279.39,215.27,466.67,0.95,-1,-1,-1
18,3,918.61,223.92,225.56,526.10,0.95,-1,-1,-1
18,4,702.14,243.34,91.19,222.02,0.94,-1,-1,-1
18,5,634.37,257.47,86.02,209.58,0.93,-1,-1,-1
18,6,785.90,254.47,33.72,85.55,0.91,-1,-1,-1
18,7,735.95,238.50,47.02,134.48,0.78,-1,-1,-1
18,8,692.99,250.24,46.09,138.04,0.90,-1,-1,-1
18,9,622.58,254.19,37.61,127.78,0.87,-1,-1,-1
18,10,754.24,246.33,38.32,91.83,0.75,-1,-1,-1
18,11,1209.39,165.84,101.82,317.43,0.22,-1,-1,-1
18,12,651.30,250.83,45.25,132.07,0.77,-1,-1,-1
19,1,453.11,254.80,177.06,443.67,0.95,-1,-1,-1
19,2,274.79,279.78,214.16,470.74,0.95,-1,-1,-1
19,3,919.96,228.33,227.35,529.41,0.95,-1,-1,-1
19,4,703.64,243.11,91.21,223.71,0.95,-1,-1,-1
19,5,634.13,257.85,87.09,210.65,0.93,-1,-1,-1
19,6,786.59,254.76,33.56,85.95,0.91,-1,-1,-1
19,7,734.65,238.07,49.21,138.97,0.78,-1,-1,-1
19,8,692.64,250.20,47.21,138.80,0.90,-1,-1,-1
19,9,622.54,253.70,37.80,127.17,0.86,-1,-1,-1
19,10,754.87,246.56,38.56,91.43,0.72,-1,-1,-1
19,11,1214.22,168.21,106.47,317.73,0.30,-1,-1,-1
19,12,652.53,250.75,44.49,130.84,0.77,-1,-1,-1
20,1,454.85,257.16,174.70,448.35,0.95,-1,-1,-1
20,2,272.72,280.14,213.84,473.22,0.95,-1,-1,-1
20,3,921.74,231.96,226.68,528.80,0.95,-1,-1,-1
20,4,704.45,243.03,91.76,224.98,0.95,-1,-1,-1
20,5,634.28,258.42,87.44,211.52,0.93,-1,-1,-1
20,6,788.61,254.73,32.28,86.40,0.92,-1,-1,-1
20,7,734.13,238.05,50.60,140.71,0.80,-1,-1,-1
20,8,693.06,250.49,47.00,139.10,0.90,-1,-1,-1
20,9,622.79,253.49,37.84,127.52,0.87,-1,-1,-1
20,10,755.35,247.10,38.63,91.07,0.73,-1,-1,-1
20,11,1218.37,163.90,112.84,323.08,0.19,-1,-1,-1
20,12,653.83,250.56,43.58,128.57,0.74,-1,-1,-1
21,1,455.97,258.82,172.94,453.26,0.95,-1,-1,-1
21,2,270.01,280.14,213.82,475.27,0.95,-1,-1,-1
21,3,923.61,234.86,225.07,525.63,0.94,-1,-1,-1
21,4,704.98,242.90,92.52,226.32,0.94,-1,-1,-1
21,5,634.30,258.37,88.72,211.96,0.93,-1,-1,-1
21,6,789.00,254.78,32.99,86.54,0.92,-1,-1,-1
21,7,734.46,237.51,50.53,142.23,0.78,-1,-1,-1
21,8,693.47,250.50,47.50,139.18,0.90,-1,-1,-1
21,9,622.85,252.86,38.44,126.71,0.86,-1,-1,-1
21,10,755.16,246.90,39.26,91.62,0.69,-1,-1,-1
21,12,654.84,250.85,43.24,123.75,0.70,-1,-1,-1
22,1,457.12,259.37,171.15,457.47,0.96,-1,-1,-1
22,2,264.60,279.92,217.26,478.03,0.95,-1,-1,-1
22,3,926.79,235.62,220.74,524.52,0.95,-1,-1,-1
22,4,706.35,243.15,92.77,226.85,0.94,-1,-1,-1
22,5,634.58,257.73,89.16,212.15,0.93,-1,-1,-1
22,6,789.44,254.66,33.83,86.59,0.92,-1,-1,-1
22,7,734.28,236.56,51.67,145.18,0.81,-1,-1,-1
22,8,693.92,250.80,47.07,138.92,0.89,-1,-1,-1
22,9,622.57,251.86,39.24,127.60,0.87,-1,-1,-1
22,10,755.07,246.52,40.08,95.56,0.67,-1,-1,-1
22,12,655.47,249.72,42.50,122.91,0.62,-1,-1,-1
23,1,458.29,259.21,170.94,459.83,0.96,-1,-1,-1
23,2,258.11,279.04,221.25,486.35,0.94,-1,-1,-1
23,3,929.21,234.43,217.86,517.32,0.95,-1,-1,-1
23,4,707.10,244.09,92.86,226.72,0.94,-1,-1,-1
23,5,634.96,256.82,89.91,211.89,0.93,-1,-1,-1
23,6,789.87,254.25,34.15,86.89,0.92,-1,-1,-1
23,7,734.78,236.13,51.51,141.54,0.79,-1,-1,-1
23,8,694.65,250.85,46.91,138.81,0.89,-1,-1,-1
23,9,622.15,251.13,39.55,126.72,0.86,-1,-1,-1
23,10,754.70,246.61,41.58,95.52,0.71,-1,-1,-1
23,12,655.94,249.56,42.25,121.71,0.64,-1,-1,-1
23,13,912.15,270.45,33.75,70.20,0.76,-1,-1,-1
24,1,460.05,257.91,171.62,460.63,0.96,-1,-1,-1
24,2,249.72,277.95,227.25,492.88,0.95,-1,-1,-1
24,3,931.95,233.14,213.16,511.17,0.95,-1,-1,-1
24,4,707.65,245.02,92.89,226.06,0.94,-1,-1,-1
24,5,638.05,255.84,86.62,211.20,0.93,-1,-1,-1
24,6,790.01,253.62,34.86,87.59,0.92,-1,-1,-1
24,7,734.95,235.51,52.04,142.19,0.78,-1,-1,-1
24,8,694.30,250.56,47.45,139.36,0.88,-1,-1,-1
24,9,622.27,250.54,40.85,128.17,0.90,-1,-1,-1
24,10,753.96,246.17,42.74,95.85,0.68,-1,-1,-1
24,12,656.68,248.88,42.17,121.92,0.54,-1,-1,-1
25,1,461.36,255.21,173.00,460.92,0.96,-1,-1,-1
25,2,242.02,277.13,232.95,498.07,0.95,-1,-1,-1
25,3,933.47,228.91,210.09,507.52,0.95,-1,-1,-1
25,4,707.79,244.98,92.84,226.62,0.94,-1,-1,-1
25,5,639.22,253.44,85.28,211.59,0.93,-1,-1,-1
25,6,790.28,252.85,35.70,88.11,0.92,-1,-1,-1
25,7,735.86,235.05,51.62,139.97,0.78,-1,-1,-1
25,8,694.44,250.35,47.63,139.21,0.88,-1,-1,-1
25,9,622.33,249.94,41.32,128.36,0.90,-1,-1,-1
25,10,754.49,245.46,42.57,94.15,0.74,-1,-1,-1
25,12,656.60,248.25,42.75,124.09,0.43,-1,-1,-1
26,1,462.36,252.75,174.81,458.96,0.96,-1,-1,-1
26,2,237.56,276.75,235.79,502.61,0.95,-1,-1,-1
26,3,938.34,223.39,204.22,506.38,0.96,-1,-1,-1
26,4,708.41,245.00,91.67,226.28,0.94,-1,-1,-1
26,5,639.61,251.54,83.62,211.04,0.93,-1,-1,-1
26,6,790.39,252.00,36.62,88.61,0.92,-1,-1,-1
26,7,735.61,234.33,52.67,140.95,0.77,-1,-1,-1
26,8,694.77,250.02,47.72,139.48,0.88,-1,-1,-1
26,9,622.32,249.63,42.10,128.74,0.91,-1,-1,-1
26,10,755.89,245.39,41.32,92.96,0.73,-1,-1,-1
26,12,657.43,249.26,44.20,128.85,0.29,-1,-1,-1
27,1,463.07,249.45,176.65,459.46,0.96,-1,-1,-1
27,2,232.41,276.77,238.88,502.47,0.94,-1,-1,-1
27,3,940.93,218.57,202.06,496.06,0.96,-1,-1,-1
27,4,708.42,245.07,90.60,226.21,0.95,-1,-1,-1
27,5,640.74,250.00,82.39,210.29,0.94,-1,-1,-1
27,6,791.16,251.61,36.96,88.82,0.92,-1,-1,-1
27,7,736.23,233.83,53.05,141.05,0.76,-1,-1,-1
27,8,695.60,249.66,47.75,139.92,0.88,-1,-1,-1
27,9,622.42,249.28,42.38,129.22,0.91,-1,-1,-1
27,10,756.54,245.13,40.83,92.58,0.69,-1,-1,-1
27,12,657.82,247.92,46.52,133.05,0.27,-1,-1,-1
28,1,463.96,246.86,177.87,455.00,0.96,-1,-1,-1
28,2,230.36,276.29,238.14,502.21,0.94,-1,-1,-1
28,3,943.00,213.30,201.26,491.57,0.96,-1,-1,-1
28,4,708.39,244.63,90.77,225.83,0.95,-1,-1,-1
28,5,642.35,248.83,80.10,210.86,0.94,-1,-1,-1
28,6,791.41,251.48,37.65,89.46,0.92,-1,-1,-1
28,7,736.44,233.96,54.36,144.05,0.68,-1,-1,-1
28,8,695.60,249.22,47.74,140.35,0.88,-1,-1,-1
28,9,623.06,249.29,41.86,129.06,0.91,-1,-1,-1
28,10,756.15,244.12,41.23,92.14,0.63,-1,-1,-1
28,12,658.84,247.99,46.20,134.34,0.35,-1,-1,-1
29,1,464.49,244.58,178.99,449.63,0.96,-1,-1,-1
29,2,227.56,275.91,237.92,508.41,0.94,-1,-1,-1
29,3,944.75,209.96,201.09,495.20,0.96,-1,-1,-1
29,4,708.52,244.73,90.88,224.70,0.95,-1,-1,-1
29,5,643.71,247.65,78.69,212.51,0.94,-1,-1,-1
29,6,791.93,251.08,37.92,89.96,0.92,-1,-1,-1
29,7,736.67,233.83,56.06,141.54,0.55,-1,-1,-1
29,8,696.06,248.58,47.15,140.16,0.88,-1,-1,-1
29,9,623.50,249.45,41.07,128.95,0.91,-1,-1,-1
29,10,755.25,243.56,42.59,93.79,0.67,-1,-1,-1
29,12,658.48,247.57,47.88,136.54,0.22,-1,-1,-1
29,14,914.85,269.32,24.75,68.85,0.72,-1,-1,-1
30,1,464.68,243.30,180.00,448.68,0.96,-1,-1,-1
30,2,225.65,275.34,236.75,510.53,0.94,-1,-1,-1
30,3,947.09,208.72,201.10,499.99,0.96,-1,-1,-1
30,4,708.22,244.42,92.13,222.86,0.95,-1,-1,-1
30,5,643.85,247.95,78.82,213.07,0.93,-1,-1,-1
30,6,792.96,250.89,37.41,90.71,0.92,-1,-1,-1
30,7,738.76,234.20,50.24,130.59,0.41,-1,-1,-1
30,8,695.89,247.55,46.94,140.65,0.87,-1,-1,-1
30,9,623.94,249.79,40.77,128.86,0.91,-1,-1,-1
30,10,754.57,243.31,43.10,96.20,0.76,-1,-1,-1
30,12,658.89,247.82,47.33,136.13,0.24,-1,-1,-1
30,14,914.75,268.72,26.58,70.40,0.78,-1,-1,-1
31,1,465.05,242.72,179.76,452.75,0.96,-1,-1,-1
31,2,224.16,274.25,235.36,510.71,0.94,-1,-1,-1
31,3,950.41,209.10,198.74,504.49,0.96,-1,-1,-1
31,4,707.85,244.18,93.20,221.16,0.95,-1,-1,-1
31,5,644.22,248.42,77.68,213.90,0.93,-1,-1,-1
31,6,794.00,251.00,37.20,91.59,0.92,-1,-1,-1
31,7,740.26,234.38,47.23,127.38,0.41,-1,-1,-1
31,8,695.87,247.06,46.86,141.75,0.87,-1,-1,-1
31,9,624.15,250.10,40.65,128.83,0.90,-1,-1,-1
31,10,754.96,242.80,42.69,96.53,0.73,-1,-1,-1
31,12,659.37,247.95,46.51,136.26,0.26,-1,-1,-1
31,14,915.55,268.31,25.58,71.07,0.74,-1,-1,-1
32,1,465.18,242.89,179.59,458.71,0.96,-1,-1,-1
32,2,221.52,273.43,233.98,505.69,0.94,-1,-1,-1
32,3,955.19,212.08,194.21,506.79,0.96,-1,-1,-1
32,4,708.58,243.53,93.57,221.12,0.95,-1,-1,-1
32,5,644.92,249.27,76.66,214.48,0.93,-1,-1,-1
32,6,794.95,250.97,37.10,92.49,0.92,-1,-1,-1
32,7,739.52,237.28,47.41,123.19,0.18,-1,-1,-1
32,8,695.54,246.79,46.82,141.54,0.86,-1,-1,-1
32,9,624.52,250.13,41.19,129.40,0.91,-1,-1,-1
32,10,754.49,242.53,43.11,98.75,0.78,-1,-1,-1
32,12,659.52,248.06,46.17,134.77,0.29,-1,-1,-1
32,14,914.52,267.62,27.69,71.93,0.76,-1,-1,-1
33,1,464.86,244.19,180.18,465.77,0.96,-1,-1,-1
33,2,219.74,273.31,230.75,509.33,0.94,-1,-1,-1
33,3,959.37,214.87,190.23,516.92,0.95,-1,-1,-1
33,4,709.73,242.52,92.55,221.91,0.95,-1,-1,-1
33,5,645.14,252.60,76.35,212.32,0.93,-1,-1,-1
33,6,796.20,251.09,36.47,92.53,0.92,-1,-1,-1
33,7,740.16,236.61,46.89,122.38,0.20,-1,-1,-1
33,8,696.01,246.98,46.83,140.57,0.88,-1,-1,-1
33,9,624.94,250.28,40.82,129.33,0.90,-1,-1,-1
33,10,754.32,242.12,43.28,98.70,0.73,-1,-1,-1
33,12,660.14,249.44,43.66,129.10,0.50,-1,-1,-1
33,14,913.57,267.19,27.69,71.84,0.71,-1,-1,-1
34,1,464.51,245.92,180.96,471.33,0.96,-1,-1,-1
34,2,218.03,273.90,228.35,504.00,0.94,-1,-1,-1
34,3,962.69,219.09,186.38,526.48,0.95,-1,-1,-1
34,4,711.43,240.81,91.54,224.16,0.95,-1,-1,-1
34,5,646.17,254.03,75.65,212.53,0.93,-1,-1,-1
34,6,797.02,251.46,36.82,92.52,0.92,-1,-1,-1
34,8,696.25,247.08,46.23,140.18,0.87,-1,-1,-1
34,9,625.47,250.21,40.66,130.18,0.89,-1,-1,-1
34,10,754.33,242.14,43.92,102.25,0.73,-1,-1,-1
34,12,659.81,248.61,42.69,127.22,0.62,-1,-1,-1
34,14,910.34,267.40,29.91,72.74,0.74,-1,-1,-1
35,1,464.01,247.61,181.83,480.68,0.96,-1,-1,-1
35,2,215.64,274.25,226.55,503.28,0.94,-1,-1,-1
35,3,963.77,223.36,183.83,525.93,0.95,-1,-1,-1
35,4,713.51,239.85,89.95,226.52,0.94,-1,-1,-1
35,5,646.48,254.84,76.02,212.91,0.93,-1,-1,-1
35,6,797.25,251.88,38.14,93.09,0.92,-1,-1,-1
35,8,696.89,247.55,46.61,140.04,0.88,-1,-1,-1
35,9,626.81,250.45,40.60,131.09,0.89,-1,-1,-1
35,10,754.88,242.42,44.16,102.69,0.72,-1,-1,-1
35,12,658.09,248.74,43.57,126.55,0.70,-1,-1,-1
35,14,908.89,267.78,30.36,73.03,0.85,-1,-1,-1
36,1,463.25,249.38,182.63,481.68,0.95,-1,-1,-1
36,2,211.86,273.54,227.20,506.34,0.94,-1,-1,-1
36,3,965.22,227.09,181.66,520.75,0.95,-1,-1,-1
36,4,714.85,239.47,89.91,228.55,0.94,-1,-1,-1
36,5,647.17,255.23,76.14,214.06,0.93,-1,-1,-1
36,6,797.89,252.31,38.61,93.27,0.93,-1,-1,-1
36,8,697.41,247.85,46.72,139.66,0.88,-1,-1,-1
36,9,627.91,250.65,40.55,131.40,0.90,-1,-1,-1
36,10,755.96,242.81,43.62,102.52,0.79,-1,-1,-1
36,12,658.97,248.59,42.67,125.39,0.73,-1,-1,-1
36,14,907.10,267.91,31.69,72.47,0.85,-1,-1,-1
36,15,616.05,247.50,27.00,93.60,0.71,-1,-1,-1
37,1,462.11,250.98,184.13,490.39,0.95,-1,-1,-1
37,2,208.14,274.07,229.51,514.61,0.94,-1,-1,-1
37,3,965.69,227.57,179.78,521.27,0.95,-1,-1,-1
37,4,716.26,241.30,89.31,227.51,0.94,-1,-1,-1
37,5,648.35,254.94,76.22,214.78,0.93,-1,-1,-1
37,6,799.03,252.18,38.79,93.92,0.93,-1,-1,-1
37,8,697.34,247.22,47.37,140.41,0.87,-1,-1,-1
37,9,629.56,250.44,39.93,131.50,0.89,-1,-1,-1
37,10,756.11,242.82,44.01,106.90,0.72,-1,-1,-1
37,12,659.03,247.94,42.95,127.10,0.75,-1,-1,-1
37,14,905.60,268.14,33.66,71.93,0.83,-1,-1,-1
37,15,615.92,247.36,27.04,94.11,0.74,-1,-1,-1
38,1,460.49,251.99,185.81,497.56,0.95,-1,-1,-1
38,2,203.74,273.93,233.17,522.43,0.94,-1,-1,-1
38,3,965.15,229.37,180.36,514.07,0.96,-1,-1,-1
38,4,717.66,242.29,89.08,227.68,0.94,-1,-1,-1
38,5,650.58,254.78,75.65,215.63,0.94,-1,-1,-1
38,6,800.33,252.12,38.24,94.44,0.93,-1,-1,-1
38,8,697.31,247.13,48.80,140.98,0.87,-1,-1,-1
38,9,631.07,250.34,39.08,131.51,0.90,-1,-1,-1
38,10,757.35,242.81,44.14,108.52,0.73,-1,-1,-1
38,12,659.04,247.39,43.66,128.33,0.78,-1,-1,-1
38,14,902.71,268.07,36.72,72.02,0.85,-1,-1,-1
38,15,615.89,247.31,27.04,93.19,0.76,-1,-1,-1
38,7,732.09,234.30,54.35,150.80,0.69,-1,-1,-1
39,1,458.81,252.59,187.81,500.81,0.95,-1,-1,-1
39,2,199.89,272.94,236.24,528.95,0.94,-1,-1,-1
39,3,963.70,228.26,181.92,500.07,0.96,-1,-1,-1
39,4,719.35,242.29,89.62,228.96,0.94,-1,-1,-1
39,5,652.88,254.35,76.08,215.37,0.93,-1,-1,-1
39,6,801.41,251.72,38.62,94.63,0.93,-1,-1,-1
39,8,697.29,247.02,48.76,141.21,0.86,-1,-1,-1
39,9,630.98,249.94,40.00,131.52,0.90,-1,-1,-1
39,10,757.82,243.17,44.78,108.82,0.73,-1,-1,-1
39,12,658.74,246.51,43.93,127.32,0.80,-1,-1,-1
39,14,901.64,267.51,38.48,72.67,0.89,-1,-1,-1
39,15,616.64,247.06,27.04,93.15,0.78,-1,-1,-1
39,7,731.31,233.84,56.25,153.31,0.74,-1,-1,-1
40,1,457.68,252.51,189.56,502.06,0.95,-1,-1,-1
40,2,195.01,273.13,242.89,531.49,0.93,-1,-1,-1
40,3,961.38,225.29,184.95,503.98,0.95,-1,-1,-1
40,4,721.46,242.92,89.23,228.90,0.94,-1,-1,-1
40,5,654.61,253.31,78.65,215.61,0.93,-1,-1,-1
40,6,802.13,251.47,38.76,94.72,0.93,-1,-1,-1
40,8,697.89,246.27,48.72,142.54,0.82,-1,-1,-1
40,9,631.83,249.51,39.73,131.25,0.90,-1,-1,-1
40,10,759.81,243.50,43.83,104.78,0.75,-1,-1,-1
40,12,658.92,245.61,44.64,128.19,0.80,-1,-1,-1
40,14,901.05,267.37,40.00,72.92,0.89,-1,-1,-1
40,15,616.90,246.32,27.02,93.50,0.81,-1,-1,-1
40,7,731.06,233.73,57.52,154.22,0.75,-1,-1,-1
41,1,456.49,251.51,191.77,498.69,0.95,-1,-1,-1
41,2,189.67,273.60,251.75,534.75,0.93,-1,-1,-1
41,3,957.33,221.43,190.90,498.71,0.96,-1,-1,-1
41,4,723.63,243.11,89.06,228.81,0.94,-1,-1,-1
41,5,655.74,251.65,80.19,215.35,0.94,-1,-1,-1
41,6,803.16,251.17,38.79,94.71,0.93,-1,-1,-1
41,8,698.02,246.08,48.69,142.40,0.79,-1,-1,-1
41,9,632.35,249.30,39.62,131.11,0.90,-1,-1,-1
41,10,761.66,243.28,42.84,104.06,0.71,-1,-1,-1
41,12,657.71,245.08,47.87,149.81,0.79,-1,-1,-1
41,14,901.01,267.41,39.11,72.39,0.89,-1,-1,-1
41,15,616.60,245.71,27.67,94.91,0.82,-1,-1,-1
41,7,730.60,233.23,59.72,155.28,0.76,-1,-1,-1
42,1,455.31,249.98,193.88,491.33,0.95,-1,-1,-1
42,2,184.93,274.70,256.80,536.84,0.93,-1,-1,-1
42,3,952.86,217.96,197.87,485.95,0.96,-1,-1,-1
42,4,725.92,242.66,90.80,229.09,0.94,-1,-1,-1
42,5,657.03,250.21,80.76,215.27,0.94,-1,-1,-1
42,6,804.14,250.70,39.39,95.00,0.92,-1,-1,-1
42,8,699.58,246.25,48.06,141.76,0.79,-1,-1,-1
42,9,632.84,248.24,40.17,131.66,0.90,-1,-1,-1
42,10,762.65,242.84,42.46,103.19,0.73,-1,-1,-1
42,12,658.74,244.36,47.31,144.07,0.79,-1,-1,-1
42,14,901.41,267.23,38.37,72.19,0.89,-1,-1,-1
42,15,616.52,245.25,27.87,95.71,0.82,-1,-1,-1
42,7,731.35,232.56,59.94,155.01,0.80,-1,-1,-1
43,1,454.26,247.82,194.62,493.05,0.95,-1,-1,-1
43,2,180.36,274.31,260.35,540.74,0.93,-1,-1,-1
43,3,950.50,214.16,201.69,475.60,0.97,-1,-1,-1
43,4,727.57,241.97,92.04,230.06,0.94,-1,-1,-1
43,5,657.43,249.31,82.16,214.15,0.94,-1,-1,-1
43,6,805.02,250.01,40.19,95.99,0.92,-1,-1,-1
43,8,701.01,246.10,47.21,141.80,0.79,-1,-1,-1
43,9,633.25,247.64,40.37,132.15,0.90,-1,-1,-1
43,10,764.15,242.45,42.31,102.85,0.59,-1,-1,-1
43,12,658.80,243.74,47.66,138.37,0.82,-1,-1,-1
43,14,902.43,266.64,37.15,72.40,0.89,-1,-1,-1
43,15,616.77,245.17,27.32,95.66,0.82,-1,-1,-1
43,7,731.62,231.98,62.91,155.94,0.81,-1,-1,-1
44,1,453.63,245.56,194.90,492.74,0.95,-1,-1,-1
44,2,178.05,274.97,261.23,544.95,0.93,-1,-1,-1
44,3,949.07,209.57,205.55,473.02,0.96,-1,-1,-1
44,4,729.68,241.73,93.13,229.22,0.94,-1,-1,-1
44,5,656.40,248.71,85.07,213.43,0.94,-1,-1,-1
44,6,806.27,249.17,40.50,96.94,0.92,-1,-1,-1
44,8,702.79,246.07,46.30,141.51,0.84,-1,-1,-1
44,9,634.33,246.84,40.46,132.63,0.90,-1,-1,-1
44,10,766.24,242.02,41.07,103.02,0.59,-1,-1,-1
44,12,658.57,243.55,48.99,135.83,0.82,-1,-1,-1
44,14,902.63,265.97,36.94,72.78,0.90,-1,-1,-1
44,15,616.91,244.86,27.11,95.61,0.83,-1,-1,-1
44,7,732.37,231.21,66.35,157.37,0.84,-1,-1,-1
45,1,452.49,243.06,194.94,495.36,0.95,-1,-1,-1
45,2,175.97,274.17,266.62,548.01,0.93,-1,-1,-1
45,3,949.07,206.56,208.15,477.51,0.97,-1,-1,-1
45,4,731.56,241.03,94.72,226.76,0.94,-1,-1,-1
45,5,654.46,248.05,87.93,213.59,0.94,-1,-1,-1
45,6,807.54,248.25,40.60,97.88,0.92,-1,-1,-1
45,8,704.59,246.05,44.75,141.38,0.84,-1,-1,-1
45,9,635.27,246.24,40.49,132.49,0.90,-1,-1,-1
45,10,766.93,241.56,41.82,104.56,0.51,-1,-1,-1
45,12,657.84,243.33,50.06,134.86,0.81,-1,-1,-1
45,14,903.56,265.56,35.34,73.21,0.88,-1,-1,-1
45,15,616.92,244.44,27.03,95.88,0.84,-1,-1,-1
45,7,733.77,230.49,68.23,158.11,0.85,-1,-1,-1
46,1,450.91,241.25,195.61,494.92,0.95,-1,-1,-1
46,2,176.20,273.33,270.48,550.37,0.93,-1,-1,-1
46,3,950.31,206.18,209.20,482.31,0.97,-1,-1,-1
46,4,733.15,240.88,95.95,224.92,0.94,-1,-1,-1
46,5,654.31,247.93,89.05,213.95,0.94,-1,-1,-1
46,6,808.63,248.01,40.65,98.51,0.92,-1,-1,-1
46,8,705.26,246.02,44.82,141.93,0.85,-1,-1,-1
46,9,635.93,246.61,40.53,132.43,0.90,-1,-1,-1
46,10,766.88,240.75,43.32,108.42,0.53,-1,-1,-1
46,12,659.07,243.53,49.90,135.38,0.78,-1,-1,-1
46,14,904.31,264.90,33.19,74.27,0.87,-1,-1,-1
46,15,616.95,244.42,27.64,96.88,0.83,-1,-1,-1
46,7,734.96,230.51,68.96,159.18,0.85,-1,-1,-1
47,1,450.08,239.74,195.93,491.98,0.95,-1,-1,-1
47,2,178.37,272.96,269.75,553.66,0.93,-1,-1,-1
47,3,952.64,208.00,209.64,486.75,0.96,-1,-1,-1
47,4,733.74,239.92,97.04,225.44,0.94,-1,-1,-1
47,5,653.09,248.21,91.26,214.69,0.94,-1,-1,-1
47,6,809.65,248.21,40.68,98.72,0.92,-1,-1,-1
47,8,706.13,246.31,46.10,142.13,0.86,-1,-1,-1
47,9,636.19,246.77,41.17,132.39,0.90,-1,-1,-1
47,10,766.89,239.54,45.09,114.30,0.52,-1,-1,-1
47,12,659.89,243.47,50.43,137.36,0.80,-1,-1,-1
47,14,904.37,264.62,30.23,74.35,0.86,-1,-1,-1
47,15,617.01,244.28,27.87,97.53,0.84,-1,-1,-1
47,7,736.07,231.13,70.38,165.12,0.83,-1,-1,-1
48,1,449.58,239.56,196.12,490.56,0.96,-1,-1,-1
48,2,183.57,272.56,264.70,558.12,0.93,-1,-1,-1
48,3,955.29,210.94,209.71,492.43,0.96,-1,-1,-1
48,4,734.14,238.74,99.80,227.17,0.94,-1,-1,-1
48,5,652.55,249.60,92.07,214.98,0.95,-1,-1,-1
48,6,810.55,248.38,40.67,99.69,0.92,-1,-1,-1
48,8,706.67,247.40,47.17,142.21,0.87,-1,-1,-1
48,9,637.70,247.36,39.61,132.39,0.89,-1,-1,-1
48,10,766.23,238.60,46.93,120.03,0.52,-1,-1,-1
48,12,661.02,244.29,51.21,137.79,0.81,-1,-1,-1
48,14,904.05,264.02,28.82,75.28,0.88,-1,-1,-1
48,15,616.97,244.75,27.95,97.77,0.84,-1,-1,-1
48,7,736.45,231.47,70.88,165.57,0.81,-1,-1,-1
49,1,449.36,239.38,196.57,494.27,0.95,-1,-1,-1
49,2,191.43,273.01,259.38,560.18,0.93,-1,-1,-1
49,3,958.09,216.00,209.65,495.71,0.96,-1,-1,-1
49,4,734.88,238.02,100.81,229.58,0.95,-1,-1,-1
49,5,652.97,251.80,92.91,214.90,0.94,-1,-1,-1
49,6,812.07,248.76,40.05,100.32,0.92,-1,-1,-1
49,8,707.48,247.67,48.16,143.11,0.87,-1,-1,-1
49,9,639.51,247.74,38.38,132.36,0.89,-1,-1,-1
49,10,767.74,238.69,45.87,118.43,0.60,-1,-1,-1
49,12,662.68,245.51,50.29,137.02,0.81,-1,-1,-1
49,14,903.65,263.52,28.66,75.90,0.85,-1,-1,-1
49,15,617.01,245.24,27.97,97.52,0.84,-1,-1,-1
49,7,737.52,232.08,69.24,164.70,0.82,-1,-1,-1
50,1,448.83,240.71,197.09,500.89,0.95,-1,-1,-1
50,2,196.25,272.86,257.23,559.37,0.93,-1,-1,-1
50,3,962.70,221.44,207.12,500.13,0.96,-1,-1,-1
50,4,735.67,238.41,101.13,230.80,0.95,-1,-1,-1
50,5,653.09,253.11,92.57,215.63,0.94,-1,-1,-1
50,6,812.87,249.27,39.80,100.83,0.92,-1,-1,-1
50,8,707.74,247.51,49.11,144.05,0.87,-1,-1,-1
50,9,640.11,248.08,38.53,133.24,0.89,-1,-1,-1
50,10,768.57,238.65,46.01,120.66,0.60,-1,-1,-1
50,12,664.48,246.46,49.30,137.60,0.78,-1,-1,-1
50,14,902.87,263.26,28.61,77.92,0.85,-1,-1,-1
50,15,616.70,245.91,28.57,97.41,0.84,-1,-1,-1
50,7,738.80,232.53,66.13,167.85,0.82,-1,-1,-1
51,1,448.68,241.97,197.20,508.13,0.95,-1,-1,-1
51,2,196.63,273.12,260.01,568.03,0.93,-1,-1,-1
51,3,966.57,225.83,204.86,499.56,0.96,-1,-1,-1
51,4,736.38,238.39,101.19,232.61,0.94,-1,-1,-1
51,5,653.93,253.11,91.78,217.28,0.94,-1,-1,-1
51,6,813.87,249.72,39.08,100.95,0.92,-1,-1,-1
51,8,708.57,246.96,49.46,144.61,0.88,-1,-1,-1
51,9,640.53,248.63,39.19,133.20,0.89,-1,-1,-1
51,10,769.31,238.89,46.03,120.51,0.53,-1,-1,-1
51,12,666.25,246.93,49.50,138.93,0.76,-1,-1,-1
51,14,902.40,263.55,28.60,78.62,0.87,-1,-1,-1
51,15,616.52,245.99,28.78,97.61,0.84,-1,-1,-1
51,7,740.36,233.42,64.26,167.98,0.81,-1,-1,-1
52,1,448.43,243.03,198.60,512.82,0.95,-1,-1,-1
52,2,194.51,273.17,263.77,574.42,0.93,-1,-1,-1
52,3,969.95,229.26,202.82,496.56,0.96,-1,-1,-1
52,4,736.96,238.98,101.80,233.38,0.94,-1,-1,-1
52,5,653.96,253.39,90.86,218.59,0.94,-1,-1,-1
52,6,814.58,250.19,38.82,101.32,0.93,-1,-1,-1
52,8,709.21,246.74,50.18,145.18,0.88,-1,-1,-1
52,9,641.56,249.12,39.44,133.53,0.89,-1,-1,-1
52,10,771.72,239.44,44.25,116.59,0.40,-1,-1,-1
52,12,667.80,247.39,49.57,140.07,0.73,-1,-1,-1
52,14,901.46,263.84,30.15,78.90,0.88,-1,-1,-1
52,15,616.15,246.15,28.86,97.71,0.85,-1,-1,-1
52,7,741.58,234.36,65.38,166.53,0.80,-1,-1,-1
53,1,448.19,244.86,201.55,513.18,0.94,-1,-1,-1
53,2,188.10,273.08,270.88,582.25,0.93,-1,-1,-1
53,3,972.44,231.01,200.76,493.31,0.96,-1,-1,-1
53,4,737.46,240.12,101.37,234.03,0.94,-1,-1,-1
53,5,654.27,254.07,89.85,219.14,0.94,-1,-1,-1
53,6,815.76,250.54,38.10,101.47,0.93,-1,-1,-1
53,8,710.34,246.66,49.83,145.43,0.90,-1,-1,-1
53,9,642.23,249.28,38.91,133.99,0.90,-1,-1,-1
53,10,772.94,240.28,44.75,117.16,0.51,-1,-1,-1
53,12,669.88,248.14,47.17,137.84,0.68,-1,-1,-1
53,14,899.69,263.72,32.20,79.60,0.89,-1,-1,-1
53,15,616.03,245.88,28.86,98.07,0.85,-1,-1,-1
53,7,743.25,234.87,63.95,165.05,0.80,-1,-1,-1
54,1,448.73,245.51,202.68,519.04,0.94,-1,-1,-1
54,2,178.67,272.43,280.37,581.94,0.94,-1,-1,-1
54,3,975.03,231.48,198.82,492.56,0.96,-1,-1,-1
54,4,738.15,241.35,101.19,233.58,0.94,-1,-1,-1
54,5,654.05,254.37,88.27,219.12,0.94,-1,-1,-1
54,6,816.71,250.71,37.85,101.77,0.92,-1,-1,-1
54,8,711.30,245.93,50.29,145.46,0.91,-1,-1,-1
54,9,642.73,249.41,38.73,133.82,0.89,-1,-1,-1
54,10,773.32,240.34,44.94,117.02,0.63,-1,-1,-1
54,12,670.59,248.33,46.26,134.51,0.52,-1,-1,-1
54,14,897.19,263.54,34.74,79.23,0.90,-1,-1,-1
54,15,615.97,245.69,28.87,98.17,0.83,-1,-1,-1
54,7,744.42,235.12,63.40,163.17,0.81,-1,-1,-1
54,16,704.70,244.57,36.00,110.25,0.73,-1,-1,-1
55,1,449.36,246.39,201.03,524.35,0.94,-1,-1,-1
55,2,169.44,272.63,288.25,581.72,0.93,-1,-1,-1
55,3,977.71,229.78,196.81,491.14,0.96,-1,-1,-1
55,4,738.33,242.06,101.66,234.01,0.94,-1,-1,-1
55,5,653.91,253.80,86.41,220.31,0.94,-1,-1,-1
55,6,817.28,250.58,38.35,102.18,0.93,-1,-1,-1
55,8,712.19,245.74,50.43,144.88,0.91,-1,-1,-1
55,9,642.84,248.93,39.25,133.45,0.88,-1,-1,-1
55,10,774.28,240.01,44.39,116.05,0.69,-1,-1,-1
55,12,672.91,248.32,45.31,129.93,0.41,-1,-1,-1
55,14,895.62,264.05,36.29,79.07,0.90,-1,-1,-1
55,15,615.90,245.09,28.84,98.50,0.83,-1,-1,-1
55,7,745.40,234.55,61.34,163.03,0.82,-1,-1,-1
55,16,705.70,244.58,35.32,106.84,0.74,-1,-1,-1
56,1,449.32,246.65,199.78,529.81,0.94,-1,-1,-1
56,2,157.88,272.07,299.00,589.83,0.94,-1,-1,-1
56,3,979.85,224.34,194.90,485.05,0.96,-1,-1,-1
56,4,737.77,241.94,101.23,234.75,0.94,-1,-1,-1
56,5,654.16,253.51,84.51,219.55,0.94,-1,-1,-1
56,6,817.46,250.15,39.14,102.61,0.93,-1,-1,-1
56,8,712.80,245.31,49.88,144.65,0.91,-1,-1,-1
56,9,642.85,248.07,39.45,133.31,0.88,-1,-1,-1
56,10,774.61,239.82,44.18,115.35,0.67,-1,-1,-1
56,12,673.72,246.87,46.19,132.21,0.67,-1,-1,-1
56,14,895.33,263.57,36.60,79.60,0.89,-1,-1,-1
56,15,615.59,244.05,30.04,99.51,0.84,-1,-1,-1
56,7,746.04,234.12,60.57,162.63,0.82,-1,-1,-1
56,16,706.58,244.69,35.19,106.54,0.74,-1,-1,-1
57,1,449.27,246.37,199.88,529.60,0.94,-1,-1,-1
57,2,147.44,271.76,307.85,597.46,0.93,-1,-1,-1
57,3,983.00,219.48,191.79,473.63,0.96,-1,-1,-1
57,4,737.20,241.38,100.45,235.04,0.94,-1,-1,-1
57,5,653.00,251.97,86.25,220.15,0.95,-1,-1,-1
57,6,817.49,249.63,40.04,103.36,0.92,-1,-1,-1
57,8,713.57,245.98,49.66,143.37,0.91,-1,-1,-1
57,9,643.11,247.23,38.93,129.66,0.85,-1,-1,-1
57,10,774.69,239.69,44.11,112.67,0.64,-1,-1,-1
57,12,677.27,245.35,43.51,127.66,0.60,-1,-1,-1
57,14,895.55,263.64,35.81,79.79,0.88,-1,-1,-1
57,15,615.74,243.29,29.29,100.20,0.83,-1,-1,-1
57,7,746.23,233.89,62.73,160.66,0.76,-1,-1,-1
57,16,708.66,244.44,34.42,107.42,0.62,-1,-1,-1
58,1,449.61,245.59,200.44,530.59,0.94,-1,-1,-1
58,2,139.09,271.83,313.77,601.74,0.93,-1,-1,-1
58,3,984.74,213.86,190.63,463.82,0.96,-1,-1,-1
58,4,736.39,240.53,100.11,235.44,0.95,-1,-1,-1
58,5,652.31,249.70,86.87,221.43,0.94,-1,-1,-1
58,6,817.21,248.95,41.55,104.23,0.92,-1,-1,-1
58,8,715.08,245.00,48.35,143.80,0.90,-1,-1,-1
58,9,643.52,246.27,39.32,130.71,0.86,-1,-1,-1
58,10,775.33,239.77,43.46,110.44,0.63,-1,-1,-1
58,12,679.22,243.83,42.49,126.86,0.66,-1,-1,-1
58,14,895.72,263.50,35.47,79.85,0.89,-1,-1,-1
58,15,615.55,242.36,28.98,101.04,0.84,-1,-1,-1
58,7,747.22,233.17,65.29,160.19,0.77,-1,-1,-1
58,16,709.66,243.30,34.86,107.66,0.66,-1,-1,-1
59,1,449.70,243.21,201.30,534.05,0.94,-1,-1,-1
59,2,132.56,271.19,317.66,609.48,0.93,-1,-1,-1
59,3,985.80,208.69,191.52,462.68,0.96,-1,-1,-1
59,4,735.69,239.57,99.40,235.83,0.94,-1,-1,-1
59,5,651.69,247.32,87.13,220.96,0.94,-1,-1,-1
59,6,817.29,248.20,42.72,105.12,0.92,-1,-1,-1
59,8,715.54,244.31,47.88,144.23,0.90,-1,-1,-1
59,9,642.99,245.60,40.68,132.58,0.87,-1,-1,-1
59,10,775.15,239.31,43.85,109.90,0.54,-1,-1,-1
59,12,680.41,242.35,41.54,127.19,0.52,-1,-1,-1
59,14,895.73,263.08,34.15,79.84,0.89,-1,-1,-1
59,15,615.12,241.71,29.47,101.63,0.84,-1,-1,-1
59,7,748.38,231.21,67.46,162.99,0.79,-1,-1,-1
59,16,712.49,242.90,32.40,103.77,0.45,-1,-1,-1
60,1,450.43,239.83,202.19,537.18,0.94,-1,-1,-1
60,2,127.15,269.51,319.33,612.26,0.93,-1,-1,-1
60,3,986.80,205.25,191.87,466.78,0.96,-1,-1,-1
60,4,735.49,237.48,99.12,237.15,0.94,-1,-1,-1
60,5,651.84,245.60,87.22,219.56,0.95,-1,-1,-1
60,6,817.67,247.24,44.34,106.33,0.92,-1,-1,-1
60,8,716.96,243.67,46.49,144.99,0.90,-1,-1,-1
60,9,641.37,244.98,42.37,134.18,0.87,-1,-1,-1
60,10,775.74,238.90,43.39,108.20,0.38,-1,-1,-1
60,12,680.86,240.98,41.84,127.34,0.50,-1,-1,-1
60,14,895.55,261.96,33.92,81.02,0.88,-1,-1,-1
60,15,615.34,241.09,29.05,103.03,0.83,-1,-1,-1
60,7,749.17,231.30,68.87,160.14,0.76,-1,-1,-1
60,16,715.12,242.19,31.55,98.16,0.35,-1,-1,-1
61,1,450.59,236.97,203.25,540.48,0.94,-1,-1,-1
61,2,123.89,268.32,318.09,618.48,0.93,-1,-1,-1
61,3,989.53,203.92,190.83,470.06,0.96,-1,-1,-1
61,4,734.53,235.84,99.62,235.53,0.94,-1,-1,-1
61,5,652.23,243.81,86.05,219.02,0.94,-1,-1,-1
61,6,819.29,246.32,44.36,107.36,0.93,-1,-1,-1
61,8,717.79,242.88,45.98,146.17,0.89,-1,-1,-1
61,9,640.18,244.20,43.60,133.89,0.86,-1,-1,-1
61,10,776.87,239.10,42.01,106.67,0.22,-1,-1,-1
61,12,680.69,240.53,42.57,128.02,0.66,-1,-1,-1
61,14,895.53,261.13,32.63,81.75,0.88,-1,-1,-1
61,15,615.16,240.90,28.89,102.64,0.83,-1,-1,-1
61,7,749.18,230.80,70.57,159.92,0.79,-1,-1,-1
61,16,715.60,241.68,33.25,101.83,0.49,-1,-1,-1
62,1,450.46,234.13,205.34,536.38,0.94,-1,-1,-1
62,2,120.43,267.49,317.51,620.05,0.93,-1,-1,-1
62,3,991.64,203.74,190.53,474.51,0.96,-1,-1,-1
62,4,734.42,233.86,99.23,235.49,0.94,-1,-1,-1
62,5,652.65,243.01,85.64,218.80,0.94,-1,-1,-1
62,6,820.45,245.52,44.95,108.62,0.93,-1,-1,-1
62,8,717.40,243.93,46.43,145.40,0.89,-1,-1,-1
62,9,639.08,243.60,45.26,133.46,0.87,-1,-1,-1
62,10,776.00,236.87,43.34,109.47,0.11,-1,-1,-1
62,12,679.64,240.98,44.08,129.49,0.39,-1,-1,-1
62,14,894.91,260.64,32.15,81.71,0.88,-1,-1,-1
62,15,614.46,240.70,29.44,103.36,0.83,-1,-1,-1
62,7,749.41,231.05,71.21,160.14,0.79,-1,-1,-1
62,16,713.22,241.64,37.53,115.47,0.43,-1,-1,-1
63,1,450.02,232.03,207.49,533.43,0.94,-1,-1,-1
63,2,117.53,267.36,315.92,622.74,0.93,-1,-1,-1
63,3,995.97,205.17,186.85,479.33,0.96,-1,-1,-1
63,4,734.70,232.65,99.10,234.53,0.95,-1,-1,-1
63,5,653.14,242.86,85.50,219.29,0.95,-1,-1,-1
63,6,821.48,245.32,44.57,109.06,0.93,-1,-1,-1
63,8,717.26,244.44,47.22,145.38,0.88,-1,-1,-1
63,9,638.99,243.21,45.30,133.89,0.88,-1,-1,-1
63,10,774.21,235.42,45.02,112.28,0.14,-1,-1,-1
63,12,679.54,241.27,44.66,130.95,0.39,-1,-1,-1
63,14,894.73,260.26,31.37,81.96,0.84,-1,-1,-1
63,15,613.94,240.91,29.65,103.31,0.84,-1,-1,-1
63,7,750.09,231.26,70.85,158.69,0.73,-1,-1,-1
63,16,714.72,241.15,37.93,122.69,0.38,-1,-1,-1
64,1,449.41,230.88,210.04,535.13,0.95,-1,-1,-1
64,2,114.35,267.45,313.85,619.44,0.93,-1,-1,-1
64,3,1000.60,210.50,181.98,480.60,0.96,-1,-1,-1
64,4,734.54,231.91,99.70,235.37,0.95,-1,-1,-1
64,5,653.35,243.29,86.11,220.24,0.95,-1,-1,-1
64,6,822.19,245.24,44.44,109.50,0.93,-1,-1,-1
64,8,717.52,244.63,48.15,145.68,0.87,-1,-1,-1
64,9,638.98,243.08,45.33,134.35,0.89,-1,-1,-1
64,10,773.26,236.05,45.69,116.64,0.25,-1,-1,-1
64,12,680.10,241.85,44.32,131.21,0.29,-1,-1,-1
64,14,893.84,260.09,31.42,82.35,0.87,-1,-1,-1
64,15,613.78,241.01,29.75,103.58,0.86,-1,-1,-1
64,7,749.77,231.64,70.72,158.14,0.70,-1,-1,-1
64,16,714.40,240.66,39.87,127.85,0.50,-1,-1,-1
65,1,448.93,230.06,211.43,537.56,0.94,-1,-1,-1
65,2,111.06,268.20,310.68,616.57,0.93,-1,-1,-1
65,3,1004.59,215.06,176.45,482.82,0.95,-1,-1,-1
65,4,734.46,231.72,99.87,236.25,0.95,-1,-1,-1
65,5,653.43,243.67,86.89,222.50,0.95,-1,-1,-1
65,6,823.29,245.44,43.74,109.92,0.93,-1,-1,-1
65,8,716.99,245.07,49.66,146.06,0.88,-1,-1,-1
65,9,639.88,243.24,44.70,134.80,0.90,-1,-1,-1
65,10,774.05,235.94,45.31,117.96,0.17,-1,-1,-1
65,12,680.87,241.53,44.16,130.99,0.52,-1,-1,-1
65,14,893.17,261.02,31.12,82.46,0.87,-1,-1,-1
65,15,613.14,240.95,30.36,103.94,0.86,-1,-1,-1
65,7,749.61,232.00,70.60,160.03,0.75,-1,-1,-1
65,16,714.25,240.68,41.73,128.29,0.50,-1,-1,-1
66,1,448.46,230.79,212.49,541.32,0.94,-1,-1,-1
66,2,105.32,268.58,308.17,627.58,0.93,-1,-1,-1
66,3,1007.21,218.72,172.02,486.25,0.95,-1,-1,-1
66,4,734.76,232.55,99.92,237.19,0.95,-1,-1,-1
66,5,653.77,244.70,87.18,223.67,0.94,-1,-1,-1
66,6,824.02,245.36,43.46,110.66,0.93,-1,-1,-1
66,8,717.09,245.35,50.23,146.81,0.88,-1,-1,-1
66,9,640.54,243.43,45.03,135.58,0.90,-1,-1,-1
66,10,775.28,237.51,43.36,115.20,0.19,-1,-1,-1
66,12,681.76,241.98,43.49,130.63,0.50,-1,-1,-1
66,14,891.78,261.37,32.22,83.10,0.87,-1,-1,-1
66,15,612.62,241.05,30.58,104.07,0.85,-1,-1,-1
66,7,748.96,232.56,71.72,160.75,0.71,-1,-1,-1
66,16,714.48,240.66,43.01,128.93,0.47,-1,-1,-1
67,1,448.07,232.68,213.50,541.73,0.94,-1,-1,-1
67,2,99.69,268.55,306.01,629.75,0.92,-1,-1,-1
67,3,1008.70,222.95,169.32,482.55,0.95,-1,-1,-1
67,4,734.93,232.78,99.96,238.87,0.95,-1,-1,-1
67,5,653.67,246.36,87.90,224.37,0.94,-1,-1,-1
67,6,824.61,245.52,43.96,111.20,0.93,-1,-1,-1
67,8,716.88,245.95,49.86,146.78,0.87,-1,-1,-1
67,9,642.05,243.86,43.37,135.85,0.90,-1,-1,-1
67,10,775.19,236.96,43.84,111.68,0.22,-1,-1,-1
67,12,681.21,243.11,43.86,131.08,0.48,-1,-1,-1
67,14,890.45,261.83,32.94,83.61,0.86,-1,-1,-1
67,15,612.21,241.15,30.67,105.00,0.85,-1,-1,-1
67,7,748.76,233.71,71.54,160.41,0.59,-1,-1,-1
67,16,716.36,240.70,41.16,120.19,0.54,-1,-1,-1
68,1,447.58,235.04,214.36,542.39,0.94,-1,-1,-1
68,2,93.45,268.76,303.03,637.72,0.92,-1,-1,-1
68,3,1009.66,224.99,167.17,482.32,0.95,-1,-1,-1
68,4,735.23,232.42,100.54,241.57,0.95,-1,-1,-1
68,5,654.16,247.87,88.15,224.16,0.94,-1,-1,-1
68,6,825.34,245.74,43.53,111.67,0.93,-1,-1,-1
68,8,716.71,246.75,49.68,146.75,0.88,-1,-1,-1
68,9,642.86,244.31,42.09,135.94,0.90,-1,-1,-1
68,10,774.78,236.00,44.60,115.81,0.55,-1,-1,-1
68,12,682.43,243.37,42.79,128.55,0.38,-1,-1,-1
68,14,888.40,262.16,34.09,82.60,0.88,-1,-1,-1
68,15,612.01,241.17,30.68,105.62,0.85,-1,-1,-1
68,16,717.30,240.41,40.95,117.82,0.51,-1,-1,-1
69,1,446.15,236.66,216.26,540.41,0.94,-1,-1,-1
69,2,85.72,268.23,302.67,644.51,0.91,-1,-1,-1
69,3,1008.57,225.32,166.47,482.64,0.95,-1,-1,-1
69,4,735.62,232.68,100.14,242.62,0.94,-1,-1,-1
69,5,656.45,249.12,87.03,224.72,0.94,-1,-1,-1
69,6,825.53,245.74,43.95,112.68,0.93,-1,-1,-1
69,8,716.33,247.28,50.21,147.28,0.87,-1,-1,-1
69,9,643.47,244.27,43.43,136.81,0.90,-1,-1,-1
69,10,775.79,236.17,43.69,110.73,0.34,-1,-1,-1
69,12,682.25,243.40,42.99,129.36,0.44,-1,-1,-1
69,14,886.11,262.04,35.41,82.46,0.88,-1,-1,-1
69,15,611.97,241.12,30.08,106.10,0.86,-1,-1,-1
69,16,717.31,240.69,41.44,119.30,0.39,-1,-1,-1
70,1,444.89,238.20,217.63,543.13,0.94,-1,-1,-1
70,2,77.77,267.31,302.84,646.09,0.91,-1,-1,-1
70,3,1006.19,225.14,168.72,481.50,0.95,-1,-1,-1
70,4,736.94,235.96,99.36,241.02,0.94,-1,-1,-1
70,5,658.50,249.61,85.97,225.49,0.94,-1,-1,-1
70,6,825.84,245.93,44.09,113.31,0.93,-1,-1,-1
70,8,716.45,247.50,49.79,147.45,0.88,-1,-1,-1
70,9,644.27,244.59,41.53,137.11,0.90,-1,-1,-1
70,10,777.34,237.05,42.12,108.11,0.30,-1,-1,-1
70,12,682.15,243.89,43.06,129.95,0.34,-1,-1,-1
70,14,881.40,262.48,39.71,81.79,0.90,-1,-1,-1
70,15,611.66,241.14,30.44,106.25,0.85,-1,-1,-1
70,16,717.57,241.13,43.38,123.69,0.33,-1,-1,-1
70,7,746.26,232.30,70.62,166.28,0.80,-1,-1,-1
71,1,443.44,239.75,218.84,547.01,0.94,-1,-1,-1
71,2,70.36,266.73,303.63,643.47,0.92,-1,-1,-1
71,3,1004.15,222.59,169.60,475.42,0.96,-1,-1,-1
71,4,737.80,237.62,99.67,240.26,0.94,-1,-1,-1
71,5,659.92,249.43,86.79,226.98,0.94,-1,-1,-1
71,6,826.61,246.11,44.14,114.14,0.93,-1,-1,-1
71,8,716.26,246.92,50.22,148.42,0.87,-1,-1,-1
71,9,645.53,244.95,42.00,137.22,0.89,-1,-1,-1
71,10,779.21,237.94,40.93,104.44,0.41,-1,-1,-1
71,12,682.16,243.87,42.49,129.60,0.17,-1,-1,-1
71,14,880.85,263.21,40.20,80.94,0.89,-1,-1,-1
71,15,612.22,241.09,29.97,106.00,0.83,-1,-1,-1
71,16,718.02,241.69,42.92,119.12,0.15,-1,-1,-1
71,7,745.87,231.53,70.38,167.50,0.80,-1,-1,-1
72,1,441.76,240.85,220.33,554.63,0.94,-1,-1,-1
72,2,60.57,267.91,308.56,639.92,0.91,-1,-1,-1
72,3,1000.45,219.61,173.65,466.27,0.96,-1,-1,-1
72,4,739.33,238.78,99.20,239.76,0.94,-1,-1,-1
72,5,661.31,249.60,87.70,226.72,0.94,-1,-1,-1
72,6,827.23,246.14,44.16,115.07,0.93,-1,-1,-1
72,8,716.49,246.34,50.38,148.84,0.86,-1,-1,-1
72,9,646.86,244.88,42.18,137.61,0.90,-1,-1,-1
72,10,782.66,239.45,37.45,96.73,0.32,-1,-1,-1
72,14,880.21,263.60,41.53,80.66,0.89,-1,-1,-1
72,15,612.41,241.01,28.59,105.34,0.83,-1,-1,-1
72,7,745.77,230.76,70.91,166.79,0.80,-1,-1,-1
73,1,440.06,241.53,221.57,557.65,0.93,-1,-1,-1
73,2,51.69,268.50,312.82,644.18,0.90,-1,-1,-1
73,3,995.92,216.17,179.96,455.99,0.96,-1,-1,-1
73,4,740.40,238.87,100.22,239.82,0.93,-1,-1,-1
73,5,661.42,248.73,89.83,226.86,0.94,-1,-1,-1
73,6,827.33,245.82,44.75,115.67,0.93,-1,-1,-1
73,8,716.48,244.74,50.43,150.16,0.83,-1,-1,-1
73,9,647.56,244.68,42.24,138.02,0.90,-1,-1,-1
73,10,782.22,239.04,38.71,100.83,0.42,-1,-1,-1
73,14,879.88,262.95,41.44,81.44,0.89,-1,-1,-1
73,15,612.11,240.51,29.29,105.66,0.84,-1,-1,-1
73,7,746.83,229.86,69.89,165.84,0.82,-1,-1,-1
74,1,437.59,242.13,224.32,562.01,0.93,-1,-1,-1
74,2,43.11,267.49,322.70,644.67,0.89,-1,-1,-1
74,3,993.77,210.69,184.79,447.69,0.96,-1,-1,-1
74,4,741.79,238.16,100.64,240.60,0.93,-1,-1,-1
74,5,661.85,247.52,91.26,227.51,0.94,-1,-1,-1
74,6,828.07,245.41,44.99,116.18,0.93,-1,-1,-1
74,8,716.59,243.71,50.47,150.36,0.83,-1,-1,-1
74,9,648.50,244.63,42.29,138.18,0.90,-1,-1,-1
74,10,782.19,238.45,39.15,103.15,0.25,-1,-1,-1
74,14,880.55,261.81,41.98,82.64,0.89,-1,-1,-1
74,15,612.11,240.21,30.16,105.78,0.84,-1,-1,-1
74,7,746.75,228.82,71.34,168.72,0.83,-1,-1,-1
75,1,435.47,242.45,225.73,564.84,0.93,-1,-1,-1
75,2,36.38,266.68,323.29,652.75,0.89,-1,-1,-1
75,3,992.22,208.19,188.86,445.93,0.96,-1,-1,-1
75,4,742.81,237.17,101.92,241.00,0.93,-1,-1,-1
75,5,659.54,246.19,95.28,227.40,0.94,-1,-1,-1
75,6,828.81,244.57,45.04,116.93,0.93,-1,-1,-1
75,8,717.14,241.57,49.84,150.40,0.81,-1,-1,-1
75,9,649.66,244.18,42.26,138.50,0.90,-1,-1,-1
75,10,781.74,238.57,39.91,106.74,0.25,-1,-1,-1
75,14,880.42,260.99,41.83,83.08,0.89,-1,-1,-1
75,15,611.76,239.96,32.24,106.39,0.84,-1,-1,-1
75,7,746.64,227.74,73.60,175.38,0.85,-1,-1,-1
76,1,434.21,241.34,227.26,566.49,0.93,-1,-1,-1
76,2,31.01,267.39,325.07,657.13,0.90,-1,-1,-1
76,3,991.67,206.01,191.58,449.50,0.96,-1,-1,-1
76,4,744.06,235.28,101.21,241.18,0.94,-1,-1,-1
76,5,659.81,244.48,95.62,227.09,0.93,-1,-1,-1
76,6,828.48,243.66,46.24,117.79,0.92,-1,-1,-1
76,8,718.53,240.45,48.99,150.42,0.86,-1,-1,-1
76,9,650.65,243.55,41.66,138.34,0.88,-1,-1,-1
76,10,782.16,237.26,40.80,108.41,0.43,-1,-1,-1
76,14,880.44,260.24,41.16,83.25,0.90,-1,-1,-1
76,15,610.74,239.41,31.27,107.23,0.84,-1,-1,-1
76,7,746.59,226.90,73.27,177.60,0.82,-1,-1,-1
77,1,432.98,238.97,228.04,565.87,0.94,-1,-1,-1
77,2,26.43,268.44,334.06,659.94,0.89,-1,-1,-1
77,3,993.41,204.93,193.85,454.71,0.96,-1,-1,-1
77,4,745.16,233.07,100.97,239.22,0.94,-1,-1,-1
77,5,658.15,242.35,98.71,227.33,0.93,-1,-1,-1
77,6,828.72,242.87,46.71,118.44,0.92,-1,-1,-1
77,8,719.39,239.91,48.70,150.47,0.86,-1,-1,-1
77,9,651.31,242.72,42.05,138.01,0.86,-1,-1,-1
77,10,781.77,235.57,41.76,111.48,0.41,-1,-1,-1
77,14,880.60,259.21,40.30,83.34,0.90,-1,-1,-1
77,15,609.74,238.77,31.48,107.87,0.84,-1,-1,-1
77,7,746.93,226.45,71.36,178.15,0.81,-1,-1,-1
78,1,431.88,235.31,228.64,563.59,0.94,-1,-1,-1
78,2,24.66,267.14,343.23,670.07,0.88,-1,-1,-1
78,3,993.87,206.29,195.78,456.96,0.95,-1,-1,-1
78,4,745.15,231.41,102.04,238.35,0.94,-1,-1,-1
78,5,659.52,239.83,98.06,227.90,0.93,-1,-1,-1
78,6,829.25,242.34,46.86,118.89,0.92,-1,-1,-1
78,8,719.62,239.19,48.58,150.39,0.87,-1,-1,-1
78,9,651.49,241.74,42.79,139.00,0.88,-1,-1,-1
78,10,783.28,233.95,40.92,111.39,0.46,-1,-1,-1
78,14,880.54,258.28,39.34,84.51,0.91,-1,-1,-1
78,15,609.06,238.60,31.54,108.34,0.86,-1,-1,-1
78,7,747.27,225.93,68.17,175.22,0.80,-1,-1,-1
79,1,429.87,231.72,229.51,564.22,0.94,-1,-1,-1
79,2,28.60,265.80,344.58,670.19,0.89,-1,-1,-1
79,3,994.73,208.52,197.73,460.00,0.95,-1,-1,-1
79,4,745.10,230.09,102.48,238.87,0.94,-1,-1,-1
79,5,658.81,238.35,97.21,228.49,0.94,-1,-1,-1
79,6,830.34,241.89,46.92,119.67,0.92,-1,-1,-1
79,8,719.67,238.52,49.16,151.01,0.87,-1,-1,-1
79,9,651.18,240.81,44.27,139.12,0.85,-1,-1,-1
79,10,780.52,232.19,43.62,121.80,0.37,-1,-1,-1
79,14,880.60,258.14,37.77,84.68,0.90,-1,-1,-1
79,15,608.45,238.43,32.16,108.55,0.85,-1,-1,-1
79,7,747.68,225.57,68.84,172.36,0.82,-1,-1,-1
80,1,429.14,228.98,229.26,570.74,0.94,-1,-1,-1
80,2,35.13,264.81,339.93,670.14,0.89,-1,-1,-1
80,3,996.31,211.84,198.48,463.04,0.95,-1,-1,-1
80,4,745.38,229.08,102.07,240.29,0.95,-1,-1,-1
80,5,659.43,237.89,95.68,229.32,0.94,-1,-1,-1
80,6,831.07,241.65,47.55,120.55,0.91,-1,-1,-1
80,8,719.99,238.36,49.99,151.25,0.87,-1,-1,-1
80,9,652.53,240.40,43.07,138.88,0.84,-1,-1,-1
80,10,780.42,232.04,42.87,122.50,0.36,-1,-1,-1
80,14,880.70,258.01,35.97,85.04,0.89,-1,-1,-1
80,15,608.23,238.30,32.41,108.92,0.85,-1,-1,-1
80,7,748.15,225.38,69.11,169.90,0.83,-1,-1,-1
81,1,427.76,227.39,230.29,574.34,0.94,-1,-1,-1
81,2,42.84,264.17,328.49,674.45,0.89,-1,-1,-1
81,3,997.43,215.63,198.70,465.89,0.96,-1,-1,-1
81,4,746.03,228.71,101.29,241.82,0.95,-1,-1,-1
81,5,660.55,238.49,93.27,230.17,0.94,-1,-1,-1
81,6,831.88,241.55,47.77,121.43,0.92,-1,-1,-1
81,8,720.08,238.61,50.90,151.60,0.87,-1,-1,-1
81,9,653.32,240.40,42.59,139.65,0.87,-1,-1,-1
81,10,781.53,232.73,41.95,117.66,0.28,-1,-1,-1
81,14,880.72,258.10,35.30,85.74,0.90,-1,-1,-1
81,15,608.17,238.55,32.49,109.03,0.85,-1,-1,-1
81,7,749.20,225.70,69.21,169.58,0.83,-1,-1,-1
82,1,427.24,226.99,229.99,577.45,0.94,-1,-1,-1
82,2,50.66,263.90,317.03,683.35,0.91,-1,-1,-1
82,3,999.16,218.66,199.88,470.71,0.95,-1,-1,-1
82,4,746.59,228.89,100.38,243.44,0.95,-1,-1,-1
82,5,658.26,238.52,94.75,232.33,0.95,-1,-1,-1
82,6,831.63,241.62,49.02,122.66,0.92,-1,-1,-1
82,8,719.84,238.94,50.63,152.06,0.84,-1,-1,-1
82,9,653.00,240.77,43.00,139.37,0.85,-1,-1,-1
82,10,781.40,232.80,43.40,119.33,0.28,-1,-1,-1
82,14,880.82,258.55,35.07,86.02,0.89,-1,-1,-1
82,15,607.28,238.71,33.10,109.38,0.84,-1,-1,-1
82,7,749.93,226.36,69.24,170.10,0.76,-1,-1,-1
83,1,425.35,226.01,230.14,586.48,0.93,-1,-1,-1
83,2,54.90,264.55,308.74,684.65,0.91,-1,-1,-1
83,3,1002.03,220.85,195.65,465.87,0.96,-1,-1,-1
83,4,746.05,229.67,100.70,245.33,0.95,-1,-1,-1
83,5,657.90,240.00,94.75,232.79,0.95,-1,-1,-1
83,6,832.57,241.42,48.34,124.27,0.92,-1,-1,-1
83,8,720.51,239.03,50.56,152.80,0.84,-1,-1,-1
83,9,652.74,240.88,44.98,139.23,0.87,-1,-1,-1
83,10,781.21,233.07,46.32,123.17,0.50,-1,-1,-1
83,14,879.53,258.77,36.84,86.70,0.88,-1,-1,-1
83,15,607.13,238.75,32.76,109.49,0.83,-1,-1,-1
83,7,749.77,227.01,68.10,167.25,0.77,-1,-1,-1
84,1,423.28,227.63,231.27,589.97,0.93,-1,-1,-1
84,2,54.55,263.91,309.28,689.16,0.91,-1,-1,-1
84,3,1003.68,222.45,192.69,464.51,0.96,-1,-1,-1
84,4,744.95,231.59,100.78,246.65,0.95,-1,-1,-1
84,5,656.90,242.85,95.90,232.28,0.94,-1,-1,-1
84,6,832.01,241.54,49.23,125.42,0.91,-1,-1,-1
84,8,720.17,239.85,50.51,153.03,0.81,-1,-1,-1
84,9,653.26,240.96,46.29,139.74,0.88,-1,-1,-1
84,10,782.59,233.95,45.67,120.75,0.59,-1,-1,-1
84,14,879.65,259.05,36.89,86.62,0.89,-1,-1,-1
84,15,605.95,238.34,33.79,110.99,0.83,-1,-1,-1
84,7,749.71,227.76,70.06,178.52,0.72,-1,-1,-1
85,1,421.17,229.16,232.19,593.15,0.93,-1,-1,-1
85,2,52.43,264.53,314.50,692.69,0.91,-1,-1,-1
85,3,1005.49,223.17,189.10,461.37,0.96,-1,-1,-1
85,4,743.37,233.21,101.99,246.78,0.94,-1,-1,-1
85,5,656.00,244.83,97.48,232.33,0.94,-1,-1,-1
85,6,831.82,242.04,49.54,126.10,0.92,-1,-1,-1
85,8,720.70,240.76,50.47,153.68,0.84,-1,-1,-1
85,9,654.10,240.99,46.77,138.40,0.86,-1,-1,-1
85,10,782.60,235.19,46.55,121.81,0.64,-1,-1,-1
85,14,879.16,259.90,37.49,86.56,0.89,-1,-1,-1
85,15,605.31,238.33,33.58,111.82,0.82,-1,-1,-1
85,7,749.14,228.92,76.13,191.35,0.69,-1,-1,-1
86,1,418.72,230.67,232.52,596.81,0.92,-1,-1,-1
86,2,46.10,265.05,323.04,695.02,0.91,-1,-1,-1
86,3,1007.42,222.61,185.35,455.80,0.96,-1,-1,-1
86,4,741.52,234.95,103.04,248.14,0.94,-1,-1,-1
86,5,654.68,246.98,99.27,231.56,0.94,-1,-1,-1
86,6,831.73,242.76,50.24,126.99,0.92,-1,-1,-1
86,8,721.12,241.92,50.45,154.29,0.87,-1,-1,-1
86,9,654.02,241.06,46.94,139.47,0.86,-1,-1,-1
86,10,783.74,235.88,46.29,118.98,0.79,-1,-1,-1
86,14,877.81,260.18,38.32,86.28,0.90,-1,-1,-1
86,15,604.66,238.52,34.07,111.88,0.83,-1,-1,-1
87,1,416.42,232.13,233.75,597.28,0.93,-1,-1,-1
87,2,39.09,265.08,332.80,698.06,0.91,-1,-1,-1
87,3,1007.99,220.58,182.71,446.57,0.96,-1,-1,-1
87,4,739.89,235.41,104.01,248.10,0.94,-1,-1,-1
87,5,653.28,248.34,98.72,231.18,0.94,-1,-1,-1
87,6,831.90,243.15,50.48,127.84,0.92,-1,-1,-1
87,8,720.94,242.92,51.03,153.86,0.88,-1,-1,-1
87,9,653.65,241.36,47.57,139.83,0.87,-1,-1,-1
87,10,783.82,235.66,47.94,122.93,0.79,-1,-1,-1
87,14,876.64,260.39,38.62,86.13,0.90,-1,-1,-1
87,15,604.74,238.57,33.65,111.85,0.83,-1,-1,-1
88,1,414.77,232.88,235.36,597.89,0.93,-1,-1,-1
88,2,31.31,266.33,343.48,700.07,0.91,-1,-1,-1
88,3,1008.78,217.05,180.54,437.01,0.96,-1,-1,-1
88,4,737.52,235.78,103.76,248.34,0.94,-1,-1,-1
88,5,651.60,248.73,96.68,231.32,0.94,-1,-1,-1
88,6,831.09,242.91,51.74,129.02,0.92,-1,-1,-1
88,8,719.10,240.05,44.08,137.50,0.67,-1,-1,-1
88,9,654.12,241.07,47.20,138.45,0.84,-1,-1,-1
88,10,784.46,235.62,48.54,125.55,0.80,-1,-1,-1
88,14,875.65,260.07,39.32,86.36,0.90,-1,-1,-1
88,15,604.23,238.64,33.47,111.51,0.83,-1,-1,-1
88,12,691.60,241.10,42.34,139.13,0.71,-1,-1,-1
88,16,720.60,242.73,52.15,154.58,0.89,-1,-1,-1
89,1,412.39,232.62,238.19,598.80,0.93,-1,-1,-1
89,2,22.84,264.39,354.48,722.11,0.88,-1,-1,-1
89,3,1009.02,212.87,179.69,432.25,0.96,-1,-1,-1
89,4,735.11,236.33,103.00,247.39,0.94,-1,-1,-1
89,5,649.76,248.21,94.62,231.68,0.94,-1,-1,-1
89,6,829.86,243.25,53.36,129.14,0.93,-1,-1,-1
89,8,719.94,241.26,48.93,149.96,0.88,-1,-1,-1
89,9,654.86,241.08,46.41,138.54,0.84,-1,-1,-1
89,10,785.26,235.29,48.14,125.94,0.83,-1,-1,-1
89,14,874.97,260.09,39.56,86.45,0.90,-1,-1,-1
89,15,603.73,238.61,33.38,111.68,0.81,-1,-1,-1
89,12,691.99,240.96,42.93,140.23,0.78,-1,-1,-1
89,16,718.60,239.23,45.06,140.43,0.69,-1,-1,-1
90,1,410.88,232.66,238.13,598.42,0.93,-1,-1,-1
90,2,11.38,264.56,369.98,723.62,0.89,-1,-1,-1
90,3,1009.74,208.54,179.49,434.66,0.96,-1,-1,-1
90,4,733.63,235.88,101.54,247.35,0.95,-1,-1,-1
90,5,648.48,247.36,92.68,232.15,0.94,-1,-1,-1
90,6,829.41,243.34,54.57,129.18,0.93,-1,-1,-1
90,8,720.47,240.27,53.99,157.31,0.88,-1,-1,-1
90,9,654.81,240.75,46.13,137.10,0.83,-1,-1,-1
90,10,784.97,234.53,48.58,123.99,0.84,-1,-1,-1
90,14,875.66,259.76,37.87,86.50,0.90,-1,-1,-1
90,15,601.74,237.38,34.55,113.24,0.83,-1,-1,-1
90,12,693.30,240.69,43.12,140.62,0.77,-1,-1,-1
90,16,717.55,237.09,43.06,137.34,0.72,-1,-1,-1
91,1,408.37,232.12,238.79,601.70,0.92,-1,-1,-1
91,2,2.00,265.09,385.87,722.94,0.89,-1,-1,-1
91,3,1009.31,205.72,180.75,438.91,0.96,-1,-1,-1
91,4,730.41,234.90,102.86,246.93,0.94,-1,-1,-1
91,5,646.85,246.55,93.23,231.63,0.94,-1,-1,-1
91,6,829.22,242.99,56.22,130.01,0.93,-1,-1,-1
91,8,721.54,239.84,55.98,159.25,0.87,-1,-1,-1
91,9,655.40,240.61,45.44,134.70,0.82,-1,-1,-1
91,10,783.95,233.58,49.94,126.75,0.86,-1,-1,-1
91,14,875.96,259.69,36.62,86.48,0.90,-1,-1,-1
91,15,600.74,236.76,35.60,113.78,0.79,-1,-1,-1
91,12,695.30,240.41,42.01,140.70,0.81,-1,-1,-1
91,16,717.20,236.28,41.80,134.36,0.62,-1,-1,-1
92,1,405.84,230.68,240.12,608.83,0.92,-1,-1,-1
92,2,-7.82,266.13,401.68,722.69,0.87,-1,-1,-1
92,3,1010.38,204.14,179.89,443.09,0.96,-1,-1,-1
92,4,727.77,232.05,103.85,245.92,0.95,-1,-1,-1
92,5,645.69,245.23,92.75,232.09,0.94,-1,-1,-1
92,6,829.47,242.83,56.78,130.03,0.93,-1,-1,-1
92,8,722.58,239.01,56.11,160.30,0.86,-1,-1,-1
92,9,655.62,240.46,44.53,131.73,0.81,-1,-1,-1
92,10,783.29,233.62,50.40,126.31,0.74,-1,-1,-1
92,14,874.91,258.75,36.74,87.98,0.89,-1,-1,-1
92,15,600.40,235.96,35.36,114.00,0.75,-1,-1,-1
92,12,696.36,239.48,41.54,141.63,0.82,-1,-1,-1
92,16,717.11,235.77,41.33,132.67,0.66,-1,-1,-1
93,1,403.34,229.28,242.68,614.59,0.93,-1,-1,-1
93,2,-23.51,265.66,427.86,733.68,0.86,-1,-1,-1
93,3,1012.00,203.76,178.40,447.19,0.96,-1,-1,-1
93,4,725.58,229.32,105.43,245.23,0.95,-1,-1,-1
93,5,645.24,243.89,92.59,231.12,0.94,-1,-1,-1
93,6,829.55,242.25,58.15,130.94,0.93,-1,-1,-1
93,8,723.82,238.17,55.54,160.72,0.87,-1,-1,-1
93,9,655.62,240.48,43.58,130.99,0.80,-1,-1,-1
93,10,784.48,232.36,48.78,128.23,0.73,-1,-1,-1
93,14,874.23,258.04,36.79,88.56,0.87,-1,-1,-1
93,15,598.73,235.58,36.45,114.39,0.76,-1,-1,-1
93,12,697.58,238.00,41.36,143.50,0.85,-1,-1,-1
93,16,717.36,235.05,39.33,129.66,0.67,-1,-1,-1
93,7,770.19,223.28,52.63,144.08,0.68,-1,-1,-1
94,1,401.48,227.61,244.97,620.66,0.93,-1,-1,-1
94,2,-38.59,257.83,445.52,765.44,0.81,-1,-1,-1
94,3,1014.92,205.14,175.46,449.85,0.95,-1,-1,-1
94,4,724.79,227.56,105.42,244.45,0.94,-1,-1,-1
94,5,644.51,242.80,92.54,230.08,0.94,-1,-1,-1
94,6,830.43,241.58,59.24,131.52,0.93,-1,-1,-1
94,8,724.57,236.68,56.48,161.97,0.83,-1,-1,-1
94,9,655.92,240.05,43.24,131.92,0.80,-1,-1,-1
94,10,784.31,231.31,48.73,129.48,0.73,-1,-1,-1
94,14,873.96,257.46,36.21,89.05,0.86,-1,-1,-1
94,15,598.14,236.06,36.26,113.60,0.81,-1,-1,-1
94,12,697.08,237.33,41.92,144.43,0.86,-1,-1,-1
94,16,717.77,234.67,38.64,123.93,0.66,-1,-1,-1
94,7,767.37,221.71,56.28,156.06,0.68,-1,-1,-1
95,1,399.42,224.91,247.96,624.24,0.93,-1,-1,-1
95,2,-46.41,256.89,434.01,768.44,0.81,-1,-1,-1
95,3,1014.19,207.57,176.70,452.68,0.95,-1,-1,-1
95,4,723.41,225.29,105.32,246.37,0.93,-1,-1,-1
95,5,644.33,242.02,92.46,229.42,0.95,-1,-1,-1
95,6,830.81,239.98,61.35,133.82,0.94,-1,-1,-1
95,8,724.89,235.20,56.17,163.91,0.85,-1,-1,-1
95,9,655.15,239.98,45.51,136.20,0.80,-1,-1,-1
95,10,783.69,231.35,50.46,129.03,0.70,-1,-1,-1
95,14,872.71,256.66,37.19,90.71,0.88,-1,-1,-1
95,15,597.40,236.47,37.33,114.18,0.73,-1,-1,-1
95,12,696.91,236.59,43.90,145.33,0.86,-1,-1,-1
95,16,717.66,234.33,37.76,124.64,0.60,-1,-1,-1
95,7,764.80,220.98,59.87,170.55,0.79,-1,-1,-1
96,1,397.62,222.35,250.28,627.19,0.93,-1,-1,-1
96,2,-52.28,257.36,424.07,766.79,0.80,-1,-1,-1
96,3,1013.08,210.24,178.43,454.23,0.95,-1,-1,-1
96,4,721.99,223.43,105.29,248.44,0.94,-1,-1,-1
96,5,643.67,241.31,92.46,229.34,0.95,-1,-1,-1
96,6,831.43,239.19,62.72,134.88,0.94,-1,-1,-1
96,8,725.53,234.35,56.64,166.88,0.77,-1,-1,-1
96,9,654.24,239.53,46.34,139.82,0.80,-1,-1,-1
96,10,783.36,233.60,50.52,126.67,0.55,-1,-1,-1
96,14,872.44,256.16,36.95,91.28,0.87,-1,-1,-1
96,15,595.96,236.07,38.91,114.92,0.73,-1,-1,-1
96,12,696.48,236.04,44.64,147.07,0.85,-1,-1,-1
96,16,716.95,233.03,38.12,126.67,0.55,-1,-1,-1
96,7,763.16,220.26,61.80,179.08,0.78,-1,-1,-1
97,1,395.15,220.09,253.10,632.04,0.93,-1,-1,-1
97,2,-60.37,257.30,410.57,768.74,0.79,-1,-1,-1
97,3,1012.85,213.36,177.95,452.24,0.95,-1,-1,-1
97,4,720.16,223.06,107.09,249.56,0.94,-1,-1,-1
97,5,644.18,240.76,91.88,230.57,0.94,-1,-1,-1
97,6,832.13,237.73,63.82,136.77,0.94,-1,-1,-1
97,8,726.79,233.60,56.81,168.90,0.61,-1,-1,-1
97,9,652.53,239.53,47.86,140.92,0.83,-1,-1,-1
97,10,782.21,232.07,49.94,128.48,0.57,-1,-1,-1
97,14,872.86,255.99,36.27,92.10,0.87,-1,-1,-1
97,15,595.55,236.38,39.51,114.92,0.76,-1,-1,-1
97,12,696.14,236.01,46.71,148.61,0.87,-1,-1,-1
97,16,718.97,233.75,36.45,120.57,0.55,-1,-1,-1
97,7,760.85,219.86,64.37,186.85,0.77,-1,-1,-1
98,1,391.84,218.84,256.54,635.74,0.93,-1,-1,-1
98,2,-57.27,257.83,397.59,788.80,0.81,-1,-1,-1
98,3,1014.56,216.68,174.32,450.74,0.95,-1,-1,-1
98,4,719.43,223.45,106.65,251.18,0.94,-1,-1,-1
98,5,643.39,241.01,92.96,232.30,0.94,-1,-1,-1
98,6,833.24,237.29,64.25,138.10,0.94,-1,-1,-1
98,8,726.57,234.51,56.31,164.65,0.68,-1,-1,-1
98,9,651.76,239.66,48.47,141.98,0.83,-1,-1,-1
98,10,782.01,233.99,50.94,126.19,0.48,-1,-1,-1
98,14,873.02,256.48,35.44,91.83,0.83,-1,-1,-1
98,15,594.11,235.30,39.76,116.75,0.75,-1,-1,-1
98,12,695.90,235.84,47.53,150.12,0.87,-1,-1,-1
98,16,718.10,233.59,37.76,127.55,0.45,-1,-1,-1
98,7,759.90,219.96,65.40,185.18,0.79,-1,-1,-1
99,1,388.54,218.48,259.65,646.20,0.93,-1,-1,-1
99,2,-49.10,261.65,357.65,789.53,0.83,-1,-1,-1
99,3,1013.56,218.93,174.25,451.83,0.95,-1,-1,-1
99,4,718.71,224.23,106.49,253.45,0.94,-1,-1,-1
99,5,643.48,242.11,92.79,233.65,0.94,-1,-1,-1
99,6,834.69,237.23,62.64,139.22,0.92,-1,-1,-1
99,8,728.66,234.81,53.73,163.02,0.48,-1,-1,-1
99,9,652.73,239.34,47.52,143.93,0.83,-1,-1,-1
99,10,784.13,236.77,50.14,123.53,0.44,-1,-1,-1
99,14,872.03,256.95,35.76,91.43,0.60,-1,-1,-1
99,15,593.34,235.13,40.44,117.47,0.76,-1,-1,-1
99,12,695.87,236.03,47.84,151.62,0.87,-1,-1,-1
99,16,720.90,235.68,34.02,117.03,0.45,-1,-1,-1
99,7,761.74,220.38,63.40,183.87,0.80,-1,-1,-1
100,1,385.40,218.57,262.07,648.48,0.93,-1,-1,-1
100,2,-47.65,261.69,331.68,784.19,0.80,-1,-1,-1
100,3,1012.53,219.76,174.35,451.64,0.94,-1,-1,-1
100,4,718.52,225.54,105.27,254.94,0.94,-1,-1,-1
100,5,643.59,243.08,93.38,234.37,0.94,-1,-1,-1
100,6,835.84,237.43,62.58,139.55,0.92,-1,-1,-1
100,8,727.02,235.50,56.41,162.58,0.68,-1,-1,-1
100,9,651.66,239.35,48.96,144.87,0.84,-1,-1,-1
100,10,786.76,243.02,51.04,117.93,0.33,-1,-1,-1
100,14,871.39,257.61,36.50,91.23,0.62,-1,-1,-1
100,15,591.96,235.05,41.29,118.28,0.74,-1,-1,-1
100,12,696.19,235.90,47.97,152.40,0.86,-1,-1,-1
100,16,721.69,234.91,35.80,119.64,0.34,-1,-1,-1
100,7,762.78,220.78,62.03,182.32,0.83,-1,-1,-1
101,1,381.99,219.80,265.15,657.34,0.92,-1,-1,-1
101,2,-48.72,265.51,309.76,782.55,0.81,-1,-1,-1
101,3,1009.01,219.76,177.94,450.23,0.94,-1,-1,-1
101,4,717.89,227.47,105.95,255.78,0.94,-1,-1,-1
101,5,643.96,244.63,92.95,234.27,0.94,-1,-1,-1
101,6,836.21,237.97,65.49,139.89,0.92,-1,-1,-1
101,8,726.41,235.15,56.75,163.27,0.77,-1,-1,-1
101,9,649.20,239.19,51.24,145.76,0.84,-1,-1,-1
101,10,788.30,248.86,49.56,111.83,0.20,-1,-1,-1
101,14,872.29,258.90,34.37,90.23,0.66,-1,-1,-1
101,15,590.89,235.30,41.58,118.24,0.72,-1,-1,-1
101,12,695.99,235.86,47.38,152.61,0.84,-1,-1,-1
101,16,721.03,234.67,36.97,124.76,0.43,-1,-1,-1
101,7,764.66,220.93,60.88,181.01,0.85,-1,-1,-1
102,1,378.57,221.04,267.34,665.56,0.92,-1,-1,-1
102,2,-62.13,262.68,304.26,806.46,0.78,-1,-1,-1
102,3,1006.62,218.29,172.16,440.72,0.94,-1,-1,-1
102,4,718.96,230.97,103.22,253.95,0.94,-1,-1,-1
102,5,643.87,245.52,93.41,235.15,0.93,-1,-1,-1
102,6,836.72,238.33,67.16,141.79,0.91,-1,-1,-1
102,8,726.22,236.07,57.48,159.64,0.62,-1,-1,-1
102,9,650.66,239.11,49.77,146.41,0.82,-1,-1,-1
102,14,872.15,258.49,35.40,90.74,0.20,-1,-1,-1
102,15,590.27,235.40,41.09,119.42,0.62,-1,-1,-1
102,12,695.96,236.60,47.75,152.08,0.84,-1,-1,-1
102,16,721.14,234.72,38.04,125.21,0.44,-1,-1,-1
102,7,765.11,221.75,61.69,181.38,0.81,-1,-1,-1
103,1,375.30,222.44,269.50,676.28,0.92,-1,-1,-1
103,2,-67.56,267.63,299.06,815.83,0.81,-1,-1,-1
103,3,1003.16,215.72,172.44,431.57,0.95,-1,-1,-1
103,4,719.13,232.66,104.03,253.05,0.94,-1,-1,-1
103,5,644.81,246.52,93.01,235.94,0.93,-1,-1,-1
103,6,837.74,238.79,66.62,141.80,0.93,-1,-1,-1
103,8,726.45,236.65,58.95,159.06,0.58,-1,-1,-1
103,9,648.02,239.03,52.76,146.52,0.82,-1,-1,-1
103,14,872.97,259.24,33.39,89.69,0.36,-1,-1,-1
103,15,590.44,235.83,40.30,119.19,0.57,-1,-1,-1
103,12,695.97,236.80,47.89,152.65,0.85,-1,-1,-1
103,16,721.48,234.66,38.47,125.03,0.47,-1,-1,-1
103,7,764.35,222.05,63.21,183.40,0.88,-1,-1,-1
104,1,371.46,223.92,272.53,674.67,0.92,-1,-1,-1
104,2,-71.88,267.42,293.92,820.18,0.80,-1,-1,-1
104,3,999.55,212.92,176.14,428.48,0.95,-1,-1,-1
104,4,719.84,232.93,104.30,253.80,0.94,-1,-1,-1
104,5,644.57,248.18,94.03,236.26,0.93,-1,-1,-1
104,6,839.63,239.25,65.15,142.99,0.92,-1,-1,-1
104,8,726.84,236.66,59.47,160.99,0.64,-1,-1,-1
104,9,651.74,238.32,50.34,146.58,0.83,-1,-1,-1
104,14,873.94,260.55,33.84,88.39,0.47,-1,-1,-1
104,15,589.34,235.94,41.76,119.69,0.60,-1,-1,-1
104,12,695.68,237.28,47.91,153.46,0.84,-1,-1,-1
104,16,722.21,234.89,38.62,126.50,0.47,-1,-1,-1
104,7,764.08,222.34,63.76,184.52,0.88,-1,-1,-1
105,1,367.84,221.48,274.22,682.52,0.91,-1,-1,-1
105,2,-71.97,268.23,291.14,832.27,0.81,-1,-1,-1
105,3,996.38,209.49,178.74,423.20,0.95,-1,-1,-1
105,4,721.34,233.23,103.21,254.29,0.94,-1,-1,-1
105,5,646.02,249.31,93.83,235.39,0.93,-1,-1,-1
105,6,842.10,239.47,62.76,143.95,0.91,-1,-1,-1
105,8,727.29,236.12,59.07,161.05,0.67,-1,-1,-1
105,9,653.58,237.69,48.73,144.43,0.83,-1,-1,-1
105,14,875.17,261.22,32.80,87.27,0.35,-1,-1,-1
105,15,589.00,235.91,42.30,118.62,0.68,-1,-1,-1
105,12,695.87,237.68,47.32,153.08,0.84,-1,-1,-1
105,16,723.67,234.90,38.09,124.32,0.47,-1,-1,-1
105,7,763.96,222.73,63.97,184.32,0.89,-1,-1,-1
106,1,362.47,220.70,277.59,689.93,0.91,-1,-1,-1
106,2,-78.12,263.17,288.16,847.31,0.78,-1,-1,-1
106,3,993.37,206.48,180.92,423.12,0.95,-1,-1,-1
106,4,721.86,233.46,104.00,254.01,0.94,-1,-1,-1
106,5,646.20,249.10,94.34,235.95,0.93,-1,-1,-1
106,6,843.83,239.24,61.83,145.47,0.91,-1,-1,-1
106,8,727.96,236.36,56.50,157.48,0.54,-1,-1,-1
106,9,654.18,236.85,48.72,143.90,0.82,-1,-1,-1
106,14,874.34,260.85,33.04,86.87,0.33,-1,-1,-1
106,15,589.12,235.44,42.49,118.81,0.75,-1,-1,-1
106,12,695.56,237.52,47.08,152.92,0.79,-1,-1,-1
106,16,725.04,234.59,39.10,121.98,0.38,-1,-1,-1
106,7,763.23,222.35,64.64,185.63,0.89,-1,-1,-1
107,1,356.24,221.70,281.39,696.02,0.91,-1,-1,-1
107,2,-76.08,265.81,283.10,829.89,0.76,-1,-1,-1
107,3,994.03,203.82,179.40,426.56,0.95,-1,-1,-1
107,4,722.94,233.57,103.73,254.46,0.94,-1,-1,-1
107,5,650.73,248.14,90.97,236.13,0.93,-1,-1,-1
107,6,845.31,239.04,60.88,146.89,0.92,-1,-1,-1
107,8,727.88,236.50,56.72,156.10,0.71,-1,-1,-1
107,9,655.58,236.74,46.93,138.86,0.83,-1,-1,-1
107,14,874.61,261.18,31.93,86.42,0.31,-1,-1,-1
107,15,588.59,234.87,43.15,119.75,0.77,-1,-1,-1
107,12,695.12,237.20,45.80,146.82,0.81,-1,-1,-1
107,16,725.51,233.92,39.49,121.12,0.46,-1,-1,-1
107,7,763.52,222.53,64.31,185.46,0.85,-1,-1,-1
108,1,350.18,222.61,284.62,698.85,0.91,-1,-1,-1
108,2,-73.30,266.50,279.06,843.60,0.80,-1,-1,-1
108,3,993.82,203.54,178.85,430.25,0.95,-1,-1,-1
108,4,723.72,231.53,104.86,256.11,0.94,-1,-1,-1
108,5,650.39,247.21,92.74,236.19,0.93,-1,-1,-1
108,6,845.88,238.23,62.36,148.87,0.91,-1,-1,-1
108,8,727.90,235.82,56.82,157.12,0.65,-1,-1,-1
108,9,656.46,236.60,46.87,140.92,0.82,-1,-1,-1
108,14,868.96,247.99,38.29,100.78,0.18,-1,-1,-1
108,15,588.17,234.71,44.59,120.39,0.83,-1,-1,-1
108,12,694.09,237.88,45.33,143.56,0.79,-1,-1,-1
108,16,725.13,234.31,40.84,121.12,0.44,-1,-1,-1
108,7,762.79,222.02,65.39,187.45,0.85,-1,-1,-1
109,1,344.19,222.34,288.47,702.53,0.90,-1,-1,-1
109,2,-72.45,267.18,274.37,838.83,0.79,-1,-1,-1
109,3,993.77,203.41,178.49,433.27,0.95,-1,-1,-1
109,4,724.30,230.23,105.20,254.47,0.94,-1,-1,-1
109,5,651.75,246.15,91.52,234.39,0.93,-1,-1,-1
109,6,846.34,237.89,62.26,149.58,0.90,-1,-1,-1
109,8,728.19,235.35,56.80,159.92,0.62,-1,-1,-1
109,9,656.77,236.46,46.80,138.67,0.83,-1,-1,-1
109,15,588.05,234.99,44.50,120.02,0.86,-1,-1,-1
109,12,693.10,236.83,45.71,147.25,0.77,-1,-1,-1
109,16,724.96,234.24,41.30,122.95,0.36,-1,-1,-1
109,7,763.10,221.03,65.73,188.76,0.82,-1,-1,-1
110,1,338.55,221.90,292.71,704.32,0.91,-1,-1,-1
110,2,-76.67,267.84,276.89,841.30,0.80,-1,-1,-1
110,3,995.54,204.44,177.10,435.90,0.95,-1,-1,-1
110,4,724.63,228.00,104.69,253.67,0.94,-1,-1,-1
110,5,652.39,244.30,91.63,233.57,0.94,-1,-1,-1
110,6,847.10,236.92,63.40,150.60,0.93,-1,-1,-1
110,8,728.99,235.23,53.77,152.50,0.36,-1,-1,-1
110,9,657.01,236.34,47.37,138.65,0.80,-1,-1,-1
110,15,587.03,233.67,43.23,120.98,0.81,-1,-1,-1
110,12,692.87,235.61,45.24,149.11,0.67,-1,-1,-1
110,16,726.76,233.38,40.28,120.27,0.36,-1,-1,-1
110,7,765.09,224.00,64.03,175.97,0.63,-1,-1,-1
110,10,776.52,230.00,53.08,129.21,0.65,-1,-1,-1
111,1,331.81,220.44,296.25,710.15,0.91,-1,-1,-1
111,2,-79.10,263.88,276.13,846.57,0.80,-1,-1,-1
111,3,995.76,206.08,177.66,440.13,0.95,-1,-1,-1
111,4,724.02,226.47,105.03,253.11,0.94,-1,-1,-1
111,5,652.72,242.95,91.02,233.20,0.94,-1,-1,-1
111,6,847.92,236.31,64.97,151.69,0.93,-1,-1,-1
111,8,729.15,234.88,50.72,148.29,0.26,-1,-1,-1
111,9,657.80,236.69,46.34,133.07,0.78,-1,-1,-1
111,15,586.72,233.38,42.08,121.46,0.79,-1,-1,-1
111,12,693.24,234.06,44.41,149.66,0.63,-1,-1,-1
111,16,727.90,232.12,39.83,119.70,0.29,-1,-1,-1
111,7,759.71,221.93,68.16,184.67,0.71,-1,-1,-1
111,10,776.42,228.14,52.55,132.24,0.51,-1,-1,-1
112,1,326.51,218.21,299.73,717.33,0.91,-1,-1,-1
112,2,-79.51,261.83,281.60,861.82,0.81,-1,-1,-1
112,3,997.06,208.11,176.60,443.64,0.96,-1,-1,-1
112,4,722.31,225.09,106.32,254.29,0.94,-1,-1,-1
112,5,651.62,242.16,91.97,233.65,0.94,-1,-1,-1
112,6,848.79,234.04,66.71,154.73,0.93,-1,-1,-1
112,8,728.57,235.68,48.99,148.61,0.16,-1,-1,-1
112,9,657.49,236.24,47.15,133.11,0.80,-1,-1,-1
112,15,586.36,232.07,42.23,123.70,0.78,-1,-1,-1
112,12,693.09,233.05,44.69,147.74,0.65,-1,-1,-1
112,16,728.31,232.29,41.45,123.41,0.27,-1,-1,-1
112,7,742.52,218.16,84.27,192.98,0.14,-1,-1,-1
112,10,773.09,226.92,54.75,136.22,0.67,-1,-1,-1
113,1,320.48,216.64,302.19,727.64,0.91,-1,-1,-1
113,2,-79.95,263.00,296.11,876.24,0.80,-1,-1,-1
113,3,998.72,209.12,176.41,445.52,0.95,-1,-1,-1
113,4,722.40,224.24,106.32,256.23,0.94,-1,-1,-1
113,5,649.83,241.18,91.83,235.69,0.94,-1,-1,-1
113,6,849.28,233.33,67.44,156.47,0.93,-1,-1,-1
113,9,657.78,236.42,46.32,131.38,0.78,-1,-1,-1
113,15,585.74,231.52,42.93,124.27,0.76,-1,-1,-1
113,12,692.28,232.72,45.46,148.56,0.69,-1,-1,-1
113,16,728.89,232.83,41.50,123.35,0.36,-1,-1,-1
113,7,755.13,223.24,71.75,181.30,0.64,-1,-1,-1
113,10,772.04,227.23,55.61,138.91,0.68,-1,-1,-1
114,1,312.83,216.68,306.64,734.00,0.90,-1,-1,-1
114,2,-83.08,264.62,309.34,880.21,0.82,-1,-1,-1
114,3,999.47,210.45,176.48,445.67,0.95,-1,-1,-1
114,4,721.00,223.59,107.58,259.23,0.94,-1,-1,-1
114,5,647.37,241.24,93.65,237.98,0.94,-1,-1,-1
114,6,849.22,232.56,68.93,158.00,0.93,-1,-1,-1
114,9,658.83,236.00,46.03,133.83,0.78,-1,-1,-1
114,15,584.95,230.55,43.82,125.97,0.77,-1,-1,-1
114,12,690.83,233.02,46.39,153.09,0.75,-1,-1,-1
114,16,727.65,232.24,43.93,132.93,0.39,-1,-1,-1
114,7,757.80,220.83,69.25,186.91,0.80,-1,-1,-1
114,10,778.54,229.84,50.65,127.90,0.23,-1,-1,-1
115,1,305.67,215.29,309.38,744.27,0.90,-1,-1,-1
115,2,-89.13,264.54,328.90,892.33,0.81,-1,-1,-1
115,3,1001.01,211.71,176.49,443.56,0.95,-1,-1,-1
115,4,719.93,223.14,108.64,263.05,0.93,-1,-1,-1
115,5,646.20,241.79,91.94,239.90,0.94,-1,-1,-1
115,6,849.22,232.07,70.06,159.44,0.93,-1,-1,-1
115,9,659.55,236.66,45.32,133.56,0.76,-1,-1,-1
115,15,585.01,231.45,43.55,125.71,0.77,-1,-1,-1
115,12,690.04,233.36,46.14,154.49,0.74,-1,-1,-1
115,16,727.23,232.26,45.41,137.05,0.47,-1,-1,-1
115,7,759.71,218.71,67.75,188.62,0.85,-1,-1,-1
115,10,781.56,229.05,48.01,128.21,0.37,-1,-1,-1
116,1,299.41,213.63,311.21,755.41,0.89,-1,-1,-1
116,2,-101.37,264.15,351.15,912.86,0.81,-1,-1,-1
116,3,1002.72,213.40,175.31,438.60,0.96,-1,-1,-1
116,4,718.35,223.87,110.22,264.67,0.94,-1,-1,-1
116,5,643.68,243.50,93.09,240.83,0.93,-1,-1,-1
116,6,849.45,231.71,70.47,161.06,0.94,-1,-1,-1
116,9,660.12,236.91,46.28,137.36,0.73,-1,-1,-1
116,15,585.70,233.30,42.24,124.64,0.79,-1,-1,-1
116,12,690.07,233.34,46.05,155.84,0.78,-1,-1,-1
116,16,726.17,232.55,45.98,140.06,0.34,-1,-1,-1
116,7,759.82,217.74,67.78,190.97,0.86,-1,-1,-1
116,10,782.31,228.02,47.08,130.06,0.28,-1,-1,-1
117,1,292.76,215.06,316.24,749.69,0.90,-1,-1,-1
117,2,-109.33,266.04,372.37,921.35,0.80,-1,-1,-1
117,3,1003.99,213.47,176.08,433.06,0.96,-1,-1,-1
117,4,718.08,225.63,109.62,265.27,0.94,-1,-1,-1
117,5,640.37,244.87,95.32,241.91,0.93,-1,-1,-1
117,6,849.54,231.43,71.19,162.23,0.94,-1,-1,-1
117,9,661.23,237.13,46.04,137.60,0.70,-1,-1,-1
117,15,585.70,234.29,41.73,124.51,0.72,-1,-1,-1
117,12,689.51,233.31,46.61,157.23,0.70,-1,-1,-1
117,16,725.17,233.23,45.59,141.18,0.31,-1,-1,-1
117,7,760.19,217.44,66.58,191.91,0.86,-1,-1,-1
117,10,782.90,230.48,46.77,128.35,0.52,-1,-1,-1
118,1,285.55,219.25,319.83,752.21,0.89,-1,-1,-1
118,2,-114.09,269.49,379.79,924.89,0.82,-1,-1,-1
118,3,1005.04,212.56,176.45,424.80,0.96,-1,-1,-1
118,4,716.68,228.42,110.01,265.24,0.94,-1,-1,-1
118,5,637.81,246.46,99.17,243.43,0.94,-1,-1,-1
118,6,849.17,231.64,72.07,163.56,0.93,-1,-1,-1
118,9,662.99,237.07,44.17,135.93,0.71,-1,-1,-1
118,15,584.34,234.52,42.16,125.10,0.80,-1,-1,-1
118,12,689.18,233.47,46.84,155.11,0.66,-1,-1,-1
118,16,724.66,233.95,44.25,138.94,0.18,-1,-1,-1
118,7,760.24,217.57,65.53,192.82,0.88,-1,-1,-1
118,10,784.23,231.47,46.08,128.89,0.69,-1,-1,-1
119,1,278.40,221.40,322.91,761.51,0.89,-1,-1,-1
119,2,-110.91,271.18,385.99,892.71,0.78,-1,-1,-1
119,3,1004.76,210.87,177.59,418.13,0.95,-1,-1,-1
119,4,715.34,230.54,109.41,265.17,0.94,-1,-1,-1
119,5,636.08,247.41,100.50,245.54,0.93,-1,-1,-1
119,6,849.32,231.43,72.29,166.34,0.93,-1,-1,-1
119,9,663.42,236.82,44.63,135.25,0.70,-1,-1,-1
119,15,582.77,234.36,42.87,125.85,0.77,-1,-1,-1
119,12,689.75,233.77,45.65,154.80,0.69,-1,-1,-1
119,16,724.22,235.06,43.65,137.96,0.24,-1,-1,-1
119,7,760.01,217.89,65.04,194.25,0.88,-1,-1,-1
119,10,784.74,231.97,45.79,129.62,0.76,-1,-1,-1
120,1,270.43,213.20,325.76,793.55,0.89,-1,-1,-1
120,2,-121.04,276.41,391.51,889.93,0.81,-1,-1,-1
120,3,1003.46,208.20,180.43,416.59,0.96,-1,-1,-1
120,4,714.23,231.56,106.78,267.27,0.95,-1,-1,-1
120,5,634.22,248.88,101.58,246.65,0.93,-1,-1,-1
120,6,847.56,231.74,74.14,167.98,0.93,-1,-1,-1
120,9,664.41,236.20,45.40,136.84,0.65,-1,-1,-1
120,15,581.54,234.36,43.73,126.45,0.79,-1,-1,-1
120,12,690.25,234.56,44.60,154.70,0.75,-1,-1,-1
120,16,722.82,236.60,48.83,149.52,0.59,-1,-1,-1
120,7,760.22,218.47,64.87,193.22,0.89,-1,-1,-1
120,10,785.20,232.40,46.31,129.60,0.77,-1,-1,-1
121,1,262.79,210.38,328.61,815.34,0.89,-1,-1,-1
121,2,-132.68,279.61,399.79,885.76,0.79,-1,-1,-1
121,3,1003.48,206.21,181.40,419.31,0.95,-1,-1,-1
121,4,711.15,232.40,107.53,268.52,0.94,-1,-1,-1
121,5,632.43,250.77,100.73,245.46,0.93,-1,-1,-1
121,6,848.05,232.79,73.59,168.78,0.93,-1,-1,-1
121,9,665.71,236.58,43.87,136.80,0.48,-1,-1,-1
121,15,580.59,234.67,44.03,126.31,0.78,-1,-1,-1
121,12,690.80,235.03,44.18,153.39,0.77,-1,-1,-1
121,7,760.32,218.29,64.77,192.72,0.89,-1,-1,-1
121,10,785.66,232.45,46.50,128.91,0.79,-1,-1,-1
122,1,254.97,209.41,331.61,829.83,0.88,-1,-1,-1
122,2,-142.60,279.17,406.50,907.44,0.80,-1,-1,-1
122,3,1004.60,204.76,181.88,423.37,0.96,-1,-1,-1
122,4,707.86,232.96,109.09,268.03,0.94,-1,-1,-1
122,5,630.53,249.95,99.25,246.44,0.92,-1,-1,-1
122,6,849.93,233.12,71.61,170.49,0.93,-1,-1,-1
122,9,666.70,235.81,40.90,127.76,0.13,-1,-1,-1
122,15,579.87,234.94,44.17,125.93,0.81,-1,-1,-1
122,12,690.02,235.63,44.08,151.36,0.77,-1,-1,-1
122,7,758.77,217.87,66.60,192.48,0.89,-1,-1,-1
122,10,786.04,232.27,47.22,128.62,0.79,-1,-1,-1
122,14,846.67,254.74,41.42,102.82,0.71,-1,-1,-1
123,1,247.11,206.45,335.60,859.91,0.89,-1,-1,-1
123,2,-169.02,272.00,429.99,932.20,0.79,-1,-1,-1
123,3,1008.05,205.47,179.43,425.70,0.96,-1,-1,-1
123,4,703.41,232.82,111.34,268.14,0.94,-1,-1,-1
123,5,628.71,248.50,101.54,248.46,0.92,-1,-1,-1
123,6,850.37,232.84,71.94,172.59,0.93,-1,-1,-1
123,9,670.18,235.93,36.01,116.62,0.16,-1,-1,-1
123,15,579.67,235.83,43.55,124.59,0.85,-1,-1,-1
123,12,690.07,235.66,43.98,151.82,0.81,-1,-1,-1
123,7,759.14,217.56,66.59,190.74,0.90,-1,-1,-1
123,10,786.80,232.06,47.44,128.50,0.79,-1,-1,-1
123,14,844.02,255.40,42.08,99.82,0.69,-1,-1,-1
124,1,238.93,202.52,339.06,881.44,0.89,-1,-1,-1
124,2,-180.66,273.65,434.05,941.13,0.79,-1,-1,-1
124,3,1010.59,206.43,177.35,428.76,0.96,-1,-1,-1
124,4,699.75,232.63,114.00,267.53,0.94,-1,-1,-1
124,5,627.52,246.78,98.85,247.25,0.92,-1,-1,-1
124,6,851.17,232.89,71.48,174.51,0.94,-1,-1,-1
124,9,671.08,235.59,35.63,116.43,0.28,-1,-1,-1
124,15,579.38,236.08,43.33,124.06,0.85,-1,-1,-1
124,12,689.54,235.71,45.18,152.88,0.85,-1,-1,-1
124,7,758.74,217.26,67.21,189.37,0.92,-1,-1,-1
124,10,787.41,231.72,47.55,128.44,0.77,-1,-1,-1
124,14,841.97,255.92,44.10,99.83,0.80,-1,-1,-1
125,1,231.47,202.96,343.56,896.31,0.89,-1,-1,-1
125,2,-185.88,285.31,428.31,924.47,0.80,-1,-1,-1
125,3,1011.44,208.94,176.60,429.96,0.96,-1,-1,-1
125,4,698.32,232.27,113.24,264.31,0.95,-1,-1,-1
125,5,626.13,246.16,96.59,247.97,0.93,-1,-1,-1
125,6,851.96,232.95,71.30,176.09,0.94,-1,-1,-1
125,9,671.57,235.04,34.27,116.73,0.29,-1,-1,-1
125,15,578.28,236.65,43.86,123.57,0.86,-1,-1,-1
125,12,688.05,235.91,46.23,152.69,0.87,-1,-1,-1
125,7,757.00,217.43,69.25,189.68,0.92,-1,-1,-1
125,10,786.62,231.18,48.20,129.31,0.76,-1,-1,-1
125,14,842.63,256.57,44.26,99.85,0.74,-1,-1,-1
126,1,223.76,201.94,347.34,909.23,0.87,-1,-1,-1
126,2,-185.96,299.29,416.65,906.94,0.78,-1,-1,-1
126,3,1011.68,210.02,177.52,432.69,0.96,-1,-1,-1
126,4,696.96,230.97,114.70,263.93,0.94,-1,-1,-1
126,5,626.00,245.23,94.52,248.33,0.93,-1,-1,-1
126,6,851.92,232.73,72.12,177.19,0.94,-1,-1,-1
126,9,668.22,234.77,38.89,127.28,0.23,-1,-1,-1
126,15,577.30,237.07,44.05,123.07,0.87,-1,-1,-1
126,12,686.60,235.59,47.82,150.79,0.84,-1,-1,-1
126,7,756.94,217.39,69.40,192.64,0.92,-1,-1,-1
126,10,786.30,230.44,49.04,130.21,0.80,-1,-1,-1
126,14,838.50,255.80,48.47,101.05,0.81,-1,-1,-1
127,1,215.88,202.22,352.94,924.24,0.88,-1,-1,-1
127,2,-187.28,308.84,405.98,888.53,0.72,-1,-1,-1
127,3,1013.55,211.49,175.43,436.02,0.95,-1,-1,-1
127,4,694.76,229.49,114.01,263.03,0.94,-1,-1,-1
127,5,626.04,244.19,92.52,247.38,0.94,-1,-1,-1
127,6,851.61,232.59,73.29,178.73,0.94,-1,-1,-1
127,9,668.30,233.84,39.23,134.03,0.36,-1,-1,-1
127,15,576.10,237.28,44.70,122.87,0.86,-1,-1,-1
127,12,684.91,235.38,50.77,152.17,0.85,-1,-1,-1
127,7,757.86,217.90,68.83,195.38,0.92,-1,-1,-1
127,10,786.49,229.65,48.75,131.73,0.80,-1,-1,-1
127,14,835.82,255.57,50.59,100.00,0.83,-1,-1,-1
128,1,208.20,204.97,357.91,923.42,0.89,-1,-1,-1
128,2,-186.27,317.33,385.96,860.89,0.67,-1,-1,-1
128,3,1013.03,214.91,173.57,434.84,0.95,-1,-1,-1
128,4,692.56,227.95,114.40,264.88,0.94,-1,-1,-1
128,5,625.87,243.60,91.27,245.73,0.93,-1,-1,-1
128,6,851.21,232.10,75.27,180.39,0.95,-1,-1,-1
128,9,668.07,233.70,40.02,137.82,0.42,-1,-1,-1
128,15,575.14,237.15,44.39,123.68,0.87,-1,-1,-1
128,12,684.62,235.06,51.93,152.97,0.86,-1,-1,-1
128,7,757.97,217.63,69.86,197.61,0.92,-1,-1,-1
128,10,785.99,229.25,48.08,132.56,0.71,-1,-1,-1
128,14,833.72,255.02,52.02,98.35,0.85,-1,-1,-1
129,1,200.83,201.49,363.44,939.64,0.89,-1,-1,-1
129,2,-191.43,331.76,377.48,853.23,0.39,-1,-1,-1
129,3,1012.30,217.52,171.52,432.16,0.95,-1,-1,-1
129,4,691.27,227.07,113.83,266.92,0.94,-1,-1,-1
129,5,626.21,243.13,88.30,245.78,0.94,-1,-1,-1
129,6,851.14,231.91,77.12,182.21,0.95,-1,-1,-1
129,9,668.03,234.31,40.87,142.24,0.52,-1,-1,-1
129,15,573.97,235.76,44.81,125.82,0.85,-1,-1,-1
129,12,684.31,234.71,53.47,158.40,0.87,-1,-1,-1
129,7,758.39,217.40,70.15,199.15,0.93,-1,-1,-1
129,10,785.87,229.37,46.56,132.59,0.69,-1,-1,-1
129,14,832.46,254.47,53.09,100.83,0.85,-1,-1,-1
130,1,193.05,198.09,368.78,952.52,0.88,-1,-1,-1
130,2,-209.70,338.49,354.80,854.26,0.18,-1,-1,-1
130,3,1011.34,219.18,169.76,432.21,0.94,-1,-1,-1
130,4,688.06,227.05,114.91,268.96,0.95,-1,-1,-1
130,5,625.66,243.97,86.72,246.09,0.94,-1,-1,-1
130,6,851.31,231.57,78.77,184.03,0.95,-1,-1,-1
130,9,668.19,234.79,40.06,141.87,0.56,-1,-1,-1
130,15,572.53,236.25,45.01,126.63,0.87,-1,-1,-1
130,12,684.68,234.06,54.70,161.92,0.87,-1,-1,-1
130,7,758.46,217.37,70.34,199.71,0.94,-1,-1,-1
130,10,785.12,229.92,46.67,132.88,0.70,-1,-1,-1
130,14,831.38,254.00,54.10,103.24,0.84,-1,-1,-1
131,1,183.83,201.24,375.43,948.49,0.88,-1,-1,-1
131,3,1009.80,220.14,167.94,433.39,0.95,-1,-1,-1
131,4,685.16,227.42,115.91,270.85,0.96,-1,-1,-1
131,5,625.22,244.28,85.58,248.62,0.93,-1,-1,-1
131,6,851.12,231.13,80.86,185.86,0.95,-1,-1,-1
131,9,667.07,235.42,40.96,147.30,0.64,-1,-1,-1
131,15,571.15,235.82,45.68,127.83,0.87,-1,-1,-1
131,12,686.05,233.80,53.98,164.45,0.88,-1,-1,-1
131,7,758.83,216.98,70.40,201.32,0.94,-1,-1,-1
131,10,785.48,231.47,44.90,132.09,0.53,-1,-1,-1
131,14,831.07,254.11,53.88,100.27,0.82,-1,-1,-1
132,1,174.06,197.75,381.32,966.16,0.90,-1,-1,-1
132,3,1006.83,219.90,169.74,431.19,0.95,-1,-1,-1
132,4,683.54,228.57,115.68,272.42,0.95,-1,-1,-1
132,5,623.24,245.64,86.43,249.90,0.93,-1,-1,-1
132,6,851.06,231.02,82.23,187.43,0.95,-1,-1,-1
132,9,667.23,237.00,39.50,135.87,0.66,-1,-1,-1
132,15,569.15,234.79,47.12,129.48,0.87,-1,-1,-1
132,12,686.31,233.74,53.66,164.81,0.88,-1,-1,-1
132,7,758.68,217.02,70.41,201.93,0.94,-1,-1,-1
132,10,785.94,233.00,43.64,130.29,0.50,-1,-1,-1
132,14,829.86,254.95,54.93,103.08,0.84,-1,-1,-1
133,1,164.20,196.77,388.77,977.85,0.90,-1,-1,-1
133,3,1002.71,219.73,171.62,422.41,0.95,-1,-1,-1
133,4,681.28,229.36,116.16,273.74,0.94,-1,-1,-1
133,5,622.31,246.73,86.17,251.50,0.93,-1,-1,-1
133,6,851.94,230.64,83.01,189.10,0.95,-1,-1,-1
133,9,666.44,237.75,40.15,137.24,0.67,-1,-1,-1
133,15,567.62,234.38,47.66,130.36,0.87,-1,-1,-1
133,12,686.78,233.54,52.92,164.86,0.87,-1,-1,-1
133,7,757.47,217.01,72.20,202.36,0.94,-1,-1,-1
133,10,785.82,234.45,45.03,129.25,0.65,-1,-1,-1
133,14,829.19,255.22,55.88,106.16,0.84,-1,-1,-1
134,1,156.02,194.94,394.05,985.54,0.90,-1,-1,-1
134,3,998.72,218.02,173.41,414.95,0.96,-1,-1,-1
134,4,681.00,230.08,115.02,275.34,0.96,-1,-1,-1
134,5,621.63,247.70,86.63,253.08,0.93,-1,-1,-1
134,6,852.92,230.20,83.19,191.01,0.95,-1,-1,-1
134,9,666.06,238.15,40.36,133.41,0.68,-1,-1,-1
134,15,565.88,233.15,48.99,132.36,0.87,-1,-1,-1
134,12,686.25,233.31,54.36,165.60,0.87,-1,-1,-1
134,7,757.45,217.45,72.20,202.04,0.94,-1,-1,-1
134,10,785.89,234.81,46.10,128.77,0.67,-1,-1,-1
134,14,827.60,254.39,57.34,107.82,0.84,-1,-1,-1
135,1,145.78,191.77,400.16,992.57,0.89,-1,-1,-1
135,3,993.68,215.36,177.74,406.72,0.95,-1,-1,-1
135,4,680.58,231.81,114.01,276.55,0.94,-1,-1,-1
135,5,620.68,248.40,85.65,254.21,0.93,-1,-1,-1
135,6,853.84,229.63,83.85,192.64,0.95,-1,-1,-1
135,9,665.79,238.47,41.05,137.16,0.69,-1,-1,-1
135,15,565.10,232.43,48.91,133.45,0.87,-1,-1,-1
135,12,685.96,232.96,55.50,165.90,0.88,-1,-1,-1
135,7,757.67,217.28,72.20,202.34,0.93,-1,-1,-1
135,10,785.84,236.48,45.33,128.04,0.62,-1,-1,-1
135,14,828.17,254.12,56.71,108.78,0.87,-1,-1,-1
136,1,135.34,190.94,406.08,1003.81,0.89,-1,-1,-1
136,3,991.25,212.60,179.40,402.95,0.96,-1,-1,-1
136,4,680.55,233.02,113.04,277.21,0.94,-1,-1,-1
136,5,620.42,249.21,85.33,255.15,0.93,-1,-1,-1
136,6,854.21,229.21,85.26,194.05,0.95,-1,-1,-1
136,9,666.05,238.70,40.72,134.62,0.68,-1,-1,-1
136,15,564.33,231.54,48.87,134.70,0.86,-1,-1,-1
136,12,685.61,232.50,57.11,165.95,0.88,-1,-1,-1
136,7,756.91,216.65,73.40,202.31,0.93,-1,-1,-1
136,10,786.16,238.55,45.66,126.55,0.63,-1,-1,-1
136,14,827.61,254.70,56.43,109.39,0.85,-1,-1,-1
137,1,125.82,186.20,412.58,1032.20,0.89,-1,-1,-1
137,3,990.35,210.35,178.85,404.93,0.95,-1,-1,-1
137,4,679.68,233.38,113.30,277.40,0.94,-1,-1,-1
137,5,619.73,249.58,84.65,255.32,0.93,-1,-1,-1
137,6,854.60,228.82,85.49,195.40,0.95,-1,-1,-1
137,9,666.42,238.54,40.60,130.00,0.67,-1,-1,-1
137,15,563.46,231.74,48.84,134.84,0.87,-1,-1,-1
137,12,684.58,232.25,58.30,166.23,0.87,-1,-1,-1
137,7,757.19,216.25,73.26,202.34,0.93,-1,-1,-1
137,10,785.95,239.51,45.80,125.69,0.62,-1,-1,-1
137,14,824.75,255.12,58.67,109.88,0.86,-1,-1,-1
138,1,115.29,179.73,416.97,1060.43,0.90,-1,-1,-1
138,3,990.80,208.50,177.32,408.81,0.96,-1,-1,-1
138,4,678.84,233.43,113.93,276.96,0.94,-1,-1,-1
138,5,619.82,249.01,83.75,257.25,0.94,-1,-1,-1
138,6,855.70,228.67,85.19,197.13,0.95,-1,-1,-1
138,9,665.98,237.79,40.52,130.76,0.69,-1,-1,-1
138,15,562.57,230.07,48.78,136.41,0.85,-1,-1,-1
138,12,684.21,231.79,59.87,165.17,0.85,-1,-1,-1
138,7,757.96,215.23,73.13,203.53,0.93,-1,-1,-1
138,10,787.72,242.23,45.82,122.71,0.61,-1,-1,-1
138,14,825.52,254.82,57.13,110.69,0.86,-1,-1,-1
139,1,102.65,176.58,423.56,1072.93,0.90,-1,-1,-1
139,3,991.55,207.82,176.72,412.54,0.96,-1,-1,-1
139,4,678.63,232.41,114.16,277.37,0.94,-1,-1,-1
139,5,619.65,248.68,82.85,257.96,0.93,-1,-1,-1
139,6,856.37,228.77,85.34,199.40,0.95,-1,-1,-1
139,9,665.86,236.33,40.50,133.41,0.73,-1,-1,-1
139,15,562.07,228.32,48.75,138.09,0.85,-1,-1,-1
139,12,684.72,231.36,59.87,162.56,0.82,-1,-1,-1
139,7,758.86,214.58,73.07,204.15,0.94,-1,-1,-1
139,10,787.47,241.85,46.44,123.09,0.56,-1,-1,-1
139,14,824.70,254.70,56.46,111.21,0.87,-1,-1,-1
140,1,90.21,179.76,429.37,1077.04,0.89,-1,-1,-1
140,3,991.90,208.09,176.58,415.82,0.96,-1,-1,-1
140,4,678.63,231.60,114.91,276.41,0.94,-1,-1,-1
140,5,619.04,246.94,83.21,259.52,0.92,-1,-1,-1
140,6,857.23,228.60,86.01,202.03,0.95,-1,-1,-1
140,9,665.25,234.92,41.12,137.98,0.74,-1,-1,-1
140,15,560.46,226.92,49.95,139.65,0.85,-1,-1,-1
140,12,686.14,231.09,58.09,160.94,0.81,-1,-1,-1
140,7,758.92,213.92,73.68,204.94,0.93,-1,-1,-1
140,10,788.60,243.95,46.10,120.52,0.36,-1,-1,-1
140,14,825.07,255.25,55.01,111.06,0.89,-1,-1,-1
141,1,74.04,174.57,438.72,1097.72,0.89,-1,-1,-1
141,3,992.72,209.54,175.17,417.87,0.96,-1,-1,-1
141,4,678.34,230.09,115.08,274.34,0.94,-1,-1,-1
141,5,618.47,245.66,84.48,259.57,0.93,-1,-1,-1
141,6,857.53,228.84,86.16,203.57,0.96,-1,-1,-1
141,9,665.27,233.94,41.29,141.52,0.74,-1,-1,-1
141,15,559.23,227.53,50.34,138.78,0.85,-1,-1,-1
141,12,686.64,230.40,57.90,161.91,0.79,-1,-1,-1
141,7,758.62,213.34,74.42,206.12,0.93,-1,-1,-1
141,10,788.38,244.60,46.52,119.33,0.38,-1,-1,-1
141,14,825.55,254.93,53.19,111.63,0.89,-1,-1,-1
142,1,58.40,174.32,447.17,1105.21,0.89,-1,-1,-1
142,3,994.23,210.92,174.72,420.14,0.96,-1,-1,-1
142,4,677.67,228.67,115.79,273.49,0.95,-1,-1,-1
142,5,617.09,243.75,86.81,261.60,0.93,-1,-1,-1
142,6,857.90,228.51,87.12,207.61,0.96,-1,-1,-1
142,9,665.28,232.74,41.38,143.42,0.73,-1,-1,-1
142,15,558.81,229.30,49.91,137.11,0.86,-1,-1,-1
142,12,686.83,230.65,57.85,160.73,0.75,-1,-1,-1
142,7,757.60,212.80,75.91,206.87,0.93,-1,-1,-1
142,10,789.18,244.37,46.11,118.91,0.44,-1,-1,-1
142,14,825.15,254.52,53.13,112.09,0.88,-1,-1,-1
143,1,39.67,170.73,460.24,1135.58,0.89,-1,-1,-1
143,3,996.68,212.59,173.36,421.48,0.96,-1,-1,-1
143,4,677.44,227.47,116.07,273.91,0.95,-1,-1,-1
143,5,613.59,242.00,90.08,261.94,0.93,-1,-1,-1
143,6,858.04,228.55,88.66,209.42,0.96,-1,-1,-1
143,9,665.56,231.70,41.42,143.85,0.75,-1,-1,-1
143,15,558.35,230.74,49.73,135.57,0.87,-1,-1,-1
143,12,686.88,229.56,60.20,169.96,0.74,-1,-1,-1
143,7,756.62,211.56,77.06,208.37,0.93,-1,-1,-1
143,10,789.17,242.74,45.95,119.43,0.52,-1,-1,-1
143,14,824.44,253.79,53.11,112.86,0.88,-1,-1,-1
144,1,21.59,170.16,471.92,1144.51,0.89,-1,-1,-1
144,3,998.13,214.12,172.91,420.85,0.96,-1,-1,-1
144,4,676.80,226.05,116.19,276.15,0.95,-1,-1,-1
144,5,612.32,240.90,91.36,261.80,0.93,-1,-1,-1
144,6,858.33,228.08,89.54,212.62,0.95,-1,-1,-1
144,9,665.68,231.18,41.45,143.63,0.72,-1,-1,-1
144,15,557.65,228.61,50.27,138.24,0.87,-1,-1,-1
144,12,687.49,229.01,61.10,171.52,0.72,-1,-1,-1
144,7,756.23,211.40,77.51,209.43,0.94,-1,-1,-1
144,10,788.23,238.61,46.51,122.33,0.56,-1,-1,-1
144,14,824.78,253.32,51.91,113.39,0.89,-1,-1,-1
145,1,2.98,169.20,483.99,1159.01,0.89,-1,-1,-1
145,3,1000.53,215.48,172.71,420.07,0.96,-1,-1,-1
145,4,676.01,225.68,116.20,277.61,0.95,-1,-1,-1
145,5,610.10,240.35,92.99,259.65,0.93,-1,-1,-1
145,6,858.74,228.15,90.71,215.50,0.96,-1,-1,-1
145,9,665.43,230.84,42.04,144.12,0.72,-1,-1,-1
145,15,557.42,230.03,49.85,137.15,0.87,-1,-1,-1
145,12,687.15,228.51,63.76,174.78,0.67,-1,-1,-1
145,7,756.11,211.35,77.64,210.73,0.93,-1,-1,-1
145,10,786.10,232.74,47.90,128.51,0.62,-1,-1,-1
145,14,825.28,252.57,50.23,114.17,0.90,-1,-1,-1
146,1,-79.33,179.75,561.81,1146.61,0.82,-1,-1,-1
146,3,1002.67,215.67,172.71,420.65,0.96,-1,-1,-1
146,4,674.79,225.49,116.24,280.26,0.95,-1,-1,-1
146,5,607.73,240.32,94.22,259.49,0.94,-1,-1,-1
146,6,859.48,228.27,90.57,217.84,0.95,-1,-1,-1
146,9,665.28,231.18,42.27,146.11,0.73,-1,-1,-1
146,15,556.08,228.20,50.90,139.75,0.85,-1,-1,-1
146,12,687.26,228.05,61.28,172.49,0.67,-1,-1,-1
146,7,756.04,212.10,77.69,211.55,0.94,-1,-1,-1
146,10,789.72,236.73,45.48,124.11,0.63,-1,-1,-1
146,14,825.18,252.30,49.64,114.78,0.91,-1,-1,-1
147,1,-87.05,183.14,558.82,1147.81,0.83,-1,-1,-1
147,3,1005.30,216.00,171.50,419.98,0.96,-1,-1,-1
147,4,673.49,226.05,116.83,282.67,0.95,-1,-1,-1
147,5,605.41,240.28,94.66,260.32,0.94,-1,-1,-1
147,6,860.06,228.28,90.77,220.14,0.96,-1,-1,-1
147,9,664.65,231.13,44.74,149.51,0.77,-1,-1,-1
147,15,554.74,229.55,51.87,139.22,0.86,-1,-1,-1
147,12,687.01,228.13,61.42,171.54,0.69,-1,-1,-1
147,7,755.44,212.80,77.68,211.83,0.94,-1,-1,-1
147,10,788.11,233.46,45.73,128.08,0.67,-1,-1,-1
147,14,825.48,252.17,48.82,115.29,0.91,-1,-1,-1
148,1,-109.62,175.69,568.82,1159.85,0.84,-1,-1,-1
148,3,1006.82,215.55,172.26,418.07,0.95,-1,-1,-1
148,4,672.30,226.65,116.44,285.66,0.95,-1,-1,-1
148,5,602.63,240.88,95.98,261.91,0.94,-1,-1,-1
148,6,860.78,228.02,91.41,222.79,0.96,-1,-1,-1
148,9,663.98,231.57,45.65,150.23,0.78,-1,-1,-1
148,15,553.78,228.71,52.23,140.54,0.86,-1,-1,-1
148,12,686.19,228.41,62.05,173.68,0.65,-1,-1,-1
148,7,754.81,213.53,78.25,212.28,0.94,-1,-1,-1
148,10,787.12,230.82,46.43,131.35,0.70,-1,-1,-1
148,14,824.61,252.30,49.14,116.09,0.90,-1,-1,-1
149,1,-88.25,177.57,538.86,1161.26,0.83,-1,-1,-1
149,3,1009.18,214.14,172.69,410.63,0.96,-1,-1,-1
149,4,670.99,227.43,116.38,287.72,0.95,-1,-1,-1
149,5,599.84,241.75,97.14,264.58,0.93,-1,-1,-1
149,6,861.04,227.51,92.89,225.26,0.96,-1,-1,-1
149,9,663.72,231.77,46.62,150.75,0.78,-1,-1,-1
149,15,553.45,226.51,52.40,144.29,0.85,-1,-1,-1
149,12,685.28,230.24,62.33,177.65,0.46,-1,-1,-1
149,7,754.58,213.64,77.93,213.00,0.94,-1,-1,-1
149,10,788.25,230.10,44.94,132.29,0.69,-1,-1,-1
149,14,824.62,252.62,48.10,116.96,0.91,-1,-1,-1
149,17,730.80,230.40,57.60,182.25,0.74,-1,-1,-1
