0,1,810.00,180.67,111.60,351.22,0.93,-1,-1,-1
0,2,698.40,231.30,37.80,109.35,0.91,-1,-1,-1
0,3,255.60,101.47,300.60,857.92,0.90,-1,-1,-1
0,4,544.05,236.02,167.40,613.57,0.89,-1,-1,-1
0,5,730.80,240.30,38.70,99.00,0.89,-1,-1,-1
0,6,620.10,219.15,73.80,192.60,0.86,-1,-1,-1
0,7,830.25,132.30,508.95,1188.90,0.84,-1,-1,-1
1,1,810.00,180.68,111.60,351.22,0.93,-1,-1,-1
1,2,698.40,231.30,37.80,109.35,0.91,-1,-1,-1
1,3,255.60,101.48,300.60,857.92,0.90,-1,-1,-1
1,4,544.05,235.63,167.40,613.18,0.89,-1,-1,-1
1,5,730.80,240.11,38.70,99.39,0.89,-1,-1,-1
1,6,620.10,219.15,73.80,192.60,0.86,-1,-1,-1
1,7,830.25,132.30,508.95,1188.90,0.84,-1,-1,-1
2,1,810.10,177.94,116.69,356.16,0.93,-1,-1,-1
2,2,698.01,231.36,37.86,110.19,0.91,-1,-1,-1
2,3,244.96,91.22,310.37,894.48,0.91,-1,-1,-1
2,4,540.30,233.89,171.19,619.89,0.88,-1,-1,-1
2,5,730.80,240.14,39.46,100.29,0.89,-1,-1,-1
2,6,618.20,219.20,76.02,197.06,0.87,-1,-1,-1
2,7,841.59,106.96,508.34,1238.85,0.82,-1,-1,-1
3,1,811.16,175.37,121.39,365.92,0.94,-1,-1,-1
3,2,697.87,231.31,37.89,110.82,0.91,-1,-1,-1
3,3,230.51,82.29,322.14,930.14,0.90,-1,-1,-1
3,4,534.29,230.88,177.89,627.28,0.87,-1,-1,-1
3,5,730.80,240.26,39.03,100.24,0.89,-1,-1,-1
3,6,617.22,218.98,77.43,196.48,0.88,-1,-1,-1
3,7,856.91,104.18,489.63,1221.38,0.81,-1,-1,-1
3,8,670.95,243.00,19.80,54.45,0.74,-1,-1,-1
4,1,813.75,172.93,124.47,392.23,0.94,-1,-1,-1
4,2,697.85,230.84,37.22,111.95,0.91,-1,-1,-1
4,3,215.20,69.90,334.10,973.42,0.90,-1,-1,-1
4,4,528.54,226.85,183.26,640.34,0.87,-1,-1,-1
4,5,730.12,241.00,39.52,99.82,0.89,-1,-1,-1
4,6,614.69,219.54,80.45,201.31,0.87,-1,-1,-1
4,7,873.31,111.16,494.01,1233.52,0.80,-1,-1,-1
4,8,670.48,242.53,20.56,55.26,0.76,-1,-1,-1
5,1,816.49,169.91,127.97,407.54,0.95,-1,-1,-1
5,2,697.88,230.87,37.00,112.25,0.91,-1,-1,-1
5,3,198.38,66.95,346.67,992.49,0.91,-1,-1,-1
5,4,523.00,224.83,188.22,653.32,0.86,-1,-1,-1
5,5,729.60,241.91,39.69,99.93,0.90,-1,-1,-1
5,6,613.61,220.11,82.09,200.52,0.88,-1,-1,-1
5,7,885.92,101.28,504.83,1261.35,0.81,-1,-1,-1
5,8,670.06,242.31,20.73,55.42,0.78,-1,-1,-1
6,1,819.03,165.42,130.67,418.38,0.95,-1,-1,-1
6,2,697.60,230.41,36.93,112.97,0.91,-1,-1,-1
6,3,178.41,54.79,364.23,1029.43,0.89,-1,-1,-1
6,4,515.91,222.32,194.80,672.09,0.85,-1,-1,-1
6,5,729.45,242.21,39.74,100.30,0.90,-1,-1,-1
6,6,613.60,220.69,82.61,199.28,0.89,-1,-1,-1
6,7,902.16,78.27,521.06,1313.78,0.78,-1,-1,-1
6,8,669.62,242.19,20.76,55.43,0.73,-1,-1,-1
7,1,818.01,162.24,138.66,425.65,0.95,-1,-1,-1
7,2,697.14,230.44,36.87,113.18,0.91,-1,-1,-1
7,3,155.63,38.10,383.24,1096.52,0.88,-1,-1,-1
7,4,510.72,221.35,196.79,686.81,0.85,-1,-1,-1
7,5,729.03,241.88,39.70,100.71,0.89,-1,-1,-1
7,6,611.49,221.99,84.46,194.36,0.93,-1,-1,-1
7,7,925.64,74.54,526.62,1327.72,0.79,-1,-1,-1
7,8,668.45,241.99,21.41,56.09,0.75,-1,-1,-1
8,1,814.04,159.76,149.89,432.49,0.95,-1,-1,-1
8,2,696.08,230.15,37.49,113.52,0.91,-1,-1,-1
8,3,133.92,38.63,402.04,1134.41,0.86,-1,-1,-1
8,4,509.34,222.83,193.20,696.36,0.86,-1,-1,-1
8,5,729.22,241.59,39.08,102.07,0.89,-1,-1,-1
8,6,610.49,223.87,85.11,192.17,0.92,-1,-1,-1
8,7,945.36,84.77,523.78,1317.94,0.76,-1,-1,-1
8,8,668.12,242.11,21.63,56.62,0.74,-1,-1,-1
9,1,809.36,158.53,161.40,440.45,0.96,-1,-1,-1
9,2,695.68,229.82,37.72,114.54,0.91,-1,-1,-1
9,3,108.22,29.82,423.69,1188.52,0.84,-1,-1,-1
9,4,496.75,217.15,200.09,729.79,0.83,-1,-1,-1
9,5,729.00,241.78,40.70,102.65,0.89,-1,-1,-1
9,6,610.38,224.80,85.30,191.85,0.92,-1,-1,-1
9,7,966.29,103.54,516.44,1285.77,0.73,-1,-1,-1
9,8,667.36,241.83,21.06,57.14,0.71,-1,-1,-1
10,1,805.39,157.68,171.68,454.30,0.96,-1,-1,-1
10,2,695.56,229.58,37.15,115.11,0.91,-1,-1,-1
10,3,83.38,17.19,441.59,1235.70,0.78,-1,-1,-1
10,4,486.75,222.35,202.90,737.73,0.84,-1,-1,-1
10,5,729.21,241.72,41.23,103.37,0.89,-1,-1,-1
10,6,608.98,225.75,86.43,203.89,0.92,-1,-1,-1
10,7,995.80,143.15,481.17,1228.02,0.72,-1,-1,-1
10,8,666.21,241.75,21.45,57.58,0.73,-1,-1,-1
11,1,801.53,157.19,183.67,468.59,0.96,-1,-1,-1
11,2,694.93,228.88,37.56,116.30,0.92,-1,-1,-1
11,3,58.35,13.57,458.79,1299.56,0.83,-1,-1,-1
11,4,469.13,227.91,212.81,736.73,0.83,-1,-1,-1
11,5,729.31,241.15,41.44,104.23,0.89,-1,-1,-1
11,6,607.59,226.52,87.43,209.08,0.92,-1,-1,-1
11,7,1022.65,154.96,468.11,1217.24,0.76,-1,-1,-1
11,8,664.90,242.11,22.21,57.11,0.79,-1,-1,-1
12,1,798.53,155.74,194.28,482.27,0.96,-1,-1,-1
12,2,694.40,228.61,37.72,116.99,0.92,-1,-1,-1
12,3,24.04,9.29,485.07,1334.45,0.82,-1,-1,-1
12,4,455.04,232.06,215.32,741.35,0.81,-1,-1,-1
12,5,729.64,240.76,41.50,104.81,0.89,-1,-1,-1
12,6,603.23,226.09,91.35,211.94,0.92,-1,-1,-1
12,7,1049.93,165.13,476.15,1234.62,0.73,-1,-1,-1
12,8,664.45,242.69,23.09,56.60,0.82,-1,-1,-1
13,1,796.47,154.36,204.28,495.45,0.96,-1,-1,-1
13,2,693.57,228.63,37.76,117.24,0.92,-1,-1,-1
13,3,-9.41,-1.21,507.22,1384.83,0.78,-1,-1,-1
13,4,434.13,227.45,223.13,773.91,0.82,-1,-1,-1
13,5,730.33,240.73,42.11,105.03,0.91,-1,-1,-1
13,6,596.87,224.65,96.89,214.78,0.93,-1,-1,-1
13,7,1076.11,182.57,476.58,1203.08,0.67,-1,-1,-1
13,8,663.96,242.42,23.40,56.72,0.86,-1,-1,-1
14,1,794.67,153.04,213.54,508.61,0.96,-1,-1,-1
14,2,692.85,228.46,38.34,117.84,0.92,-1,-1,-1
14,3,-37.08,-22.66,521.77,1439.06,0.79,-1,-1,-1
14,4,417.09,227.56,225.14,786.98,0.81,-1,-1,-1
14,5,731.04,240.22,41.69,105.62,0.90,-1,-1,-1
14,6,590.93,222.69,102.37,217.73,0.94,-1,-1,-1
14,7,1100.04,211.49,478.87,1129.86,0.26,-1,-1,-1
14,8,664.00,242.11,23.49,57.02,0.87,-1,-1,-1
15,1,793.19,152.06,220.93,523.37,0.96,-1,-1,-1
15,2,692.07,228.65,39.20,118.34,0.92,-1,-1,-1
15,3,-153.25,-42.55,629.62,1485.33,0.66,-1,-1,-1
15,4,402.65,221.48,224.27,804.17,0.81,-1,-1,-1
15,5,731.69,239.52,40.96,106.42,0.89,-1,-1,-1
15,6,588.15,220.73,104.55,219.95,0.94,-1,-1,-1
15,8,663.82,241.96,23.53,57.43,0.87,-1,-1,-1
15,9,364.27,253.80,53.55,125.55,0.85,-1,-1,-1
16,1,792.93,149.68,227.38,537.60,0.96,-1,-1,-1
16,2,690.92,229.15,40.12,118.78,0.92,-1,-1,-1
16,3,-181.77,-12.72,623.95,1452.30,0.64,-1,-1,-1
16,4,394.63,218.48,217.30,803.77,0.84,-1,-1,-1
16,5,731.94,238.78,40.68,107.58,0.89,-1,-1,-1
16,6,587.19,218.64,104.74,222.43,0.95,-1,-1,-1
16,8,663.80,241.88,23.53,57.27,0.87,-1,-1,-1
16,9,358.07,253.72,60.11,124.96,0.90,-1,-1,-1
17,1,794.27,145.91,230.01,553.25,0.96,-1,-1,-1
17,2,690.47,228.09,40.47,120.66,0.91,-1,-1,-1
17,3,-193.35,-6.04,617.10,1443.97,0.60,-1,-1,-1
17,4,374.02,213.12,223.43,823.93,0.80,-1,-1,-1
17,5,731.99,238.37,41.18,108.61,0.89,-1,-1,-1
17,6,586.28,216.59,104.14,224.58,0.95,-1,-1,-1
17,8,663.77,241.87,23.53,57.21,0.87,-1,-1,-1
17,9,354.45,253.55,62.72,125.56,0.92,-1,-1,-1
18,1,797.75,141.13,230.16,565.54,0.96,-1,-1,-1
18,2,689.72,227.12,40.58,122.03,0.91,-1,-1,-1
18,3,-193.37,16.39,590.65,1389.84,0.47,-1,-1,-1
18,4,346.42,206.16,236.37,847.38,0.83,-1,-1,-1
18,5,731.40,238.47,42.55,108.41,0.90,-1,-1,-1
18,6,584.23,214.43,105.58,228.17,0.95,-1,-1,-1
18,8,663.77,243.03,23.51,55.68,0.86,-1,-1,-1
18,9,351.92,253.56,57.21,126.03,0.91,-1,-1,-1
19,1,803.20,135.17,227.02,577.25,0.96,-1,-1,-1
19,2,688.14,225.59,41.80,123.86,0.92,-1,-1,-1
19,3,-241.85,19.45,594.90,1432.35,0.54,-1,-1,-1
19,4,316.10,198.00,254.56,884.75,0.85,-1,-1,-1
19,5,731.08,238.63,41.88,108.66,0.89,-1,-1,-1
19,6,582.17,213.10,106.08,232.12,0.95,-1,-1,-1
19,8,663.35,242.51,23.50,56.05,0.87,-1,-1,-1
19,9,349.23,253.30,57.62,127.57,0.89,-1,-1,-1
20,1,808.83,128.45,222.49,589.48,0.96,-1,-1,-1
20,2,687.26,224.37,42.24,125.30,0.91,-1,-1,-1
20,4,288.65,193.34,271.21,905.32,0.86,-1,-1,-1
20,5,730.92,238.57,42.19,109.00,0.89,-1,-1,-1
20,6,579.71,212.04,107.34,236.13,0.94,-1,-1,-1
20,8,662.90,241.87,23.48,56.47,0.88,-1,-1,-1
20,9,347.10,253.38,55.45,128.65,0.86,-1,-1,-1
21,1,817.76,122.97,215.02,599.44,0.96,-1,-1,-1
21,2,685.92,223.94,43.02,125.90,0.91,-1,-1,-1
21,4,262.02,182.31,287.32,936.68,0.84,-1,-1,-1
21,5,730.45,238.87,42.33,108.88,0.90,-1,-1,-1
21,6,577.45,212.19,108.43,240.30,0.95,-1,-1,-1
21,8,662.29,241.66,23.48,56.66,0.88,-1,-1,-1
21,9,344.96,253.28,60.01,130.64,0.73,-1,-1,-1
22,1,826.68,115.95,207.52,609.92,0.96,-1,-1,-1
22,2,685.66,223.36,42.67,126.57,0.92,-1,-1,-1
22,4,237.67,178.61,302.98,955.94,0.84,-1,-1,-1
22,5,730.17,238.84,42.94,109.62,0.91,-1,-1,-1
22,6,575.52,213.18,109.86,242.19,0.94,-1,-1,-1
22,8,662.33,241.73,23.45,56.39,0.88,-1,-1,-1
23,1,830.92,109.21,204.32,621.27,0.95,-1,-1,-1
23,2,685.08,223.29,43.12,126.79,0.92,-1,-1,-1
23,4,216.96,175.16,315.01,970.90,0.84,-1,-1,-1
23,5,730.14,238.50,43.17,111.07,0.91,-1,-1,-1
23,6,574.06,214.02,110.38,243.38,0.94,-1,-1,-1
23,8,662.74,242.03,22.85,55.98,0.83,-1,-1,-1
24,1,833.76,105.58,203.91,624.95,0.95,-1,-1,-1
24,2,684.29,223.35,43.28,127.25,0.93,-1,-1,-1
24,4,203.24,169.78,321.13,995.61,0.82,-1,-1,-1
24,5,729.87,238.18,43.25,112.00,0.91,-1,-1,-1
24,6,571.43,214.91,112.30,246.11,0.94,-1,-1,-1
24,8,662.59,241.92,22.61,56.18,0.84,-1,-1,-1
25,1,834.77,100.82,206.55,638.28,0.95,-1,-1,-1
25,2,683.86,223.54,43.88,127.68,0.93,-1,-1,-1
25,4,188.47,170.52,328.52,1015.34,0.83,-1,-1,-1
25,5,729.87,238.28,42.64,112.86,0.91,-1,-1,-1
25,6,568.34,215.27,114.07,248.46,0.94,-1,-1,-1
25,8,662.39,241.49,22.51,56.82,0.86,-1,-1,-1
26,1,837.17,96.66,209.64,650.64,0.95,-1,-1,-1
26,2,683.41,223.76,44.12,128.07,0.93,-1,-1,-1
26,4,170.77,169.85,338.40,1033.08,0.83,-1,-1,-1
26,5,729.87,238.68,42.42,113.18,0.91,-1,-1,-1
26,6,565.43,215.47,116.50,254.05,0.94,-1,-1,-1
26,8,662.01,241.24,22.48,57.37,0.86,-1,-1,-1
27,1,840.46,93.77,213.05,662.56,0.95,-1,-1,-1
27,2,682.76,223.57,44.77,129.36,0.93,-1,-1,-1
27,4,149.17,174.67,352.35,1052.32,0.81,-1,-1,-1
27,5,729.66,238.25,42.92,114.46,0.91,-1,-1,-1
27,6,563.03,216.16,119.11,258.42,0.94,-1,-1,-1
27,8,661.96,241.46,21.86,57.28,0.86,-1,-1,-1
28,1,843.67,91.23,216.97,678.78,0.95,-1,-1,-1
28,2,682.26,223.68,45.01,130.10,0.93,-1,-1,-1
28,4,139.54,177.86,355.05,1068.29,0.79,-1,-1,-1
28,5,729.29,238.11,43.10,115.49,0.92,-1,-1,-1
28,6,560.75,216.24,121.23,263.41,0.95,-1,-1,-1
28,8,661.67,241.86,21.63,56.92,0.85,-1,-1,-1
29,1,849.26,89.76,220.51,692.39,0.93,-1,-1,-1
29,2,681.51,223.58,45.69,130.65,0.93,-1,-1,-1
29,4,145.32,184.32,339.75,1062.09,0.78,-1,-1,-1
29,5,728.87,238.05,43.78,116.16,0.92,-1,-1,-1
29,6,558.50,215.97,123.18,265.65,0.95,-1,-1,-1
29,8,661.28,241.86,21.55,57.09,0.86,-1,-1,-1
30,1,852.41,88.28,227.71,709.52,0.93,-1,-1,-1
30,2,681.23,223.05,45.35,131.99,0.93,-1,-1,-1
30,4,149.12,188.40,325.93,1068.95,0.76,-1,-1,-1
30,5,728.09,238.27,44.62,116.65,0.92,-1,-1,-1
30,6,555.36,215.10,126.21,270.02,0.95,-1,-1,-1
30,8,660.82,241.81,21.53,57.43,0.87,-1,-1,-1
31,1,855.89,86.95,236.42,730.40,0.93,-1,-1,-1
31,2,680.52,222.64,45.83,134.00,0.93,-1,-1,-1
31,4,145.98,189.71,324.57,1078.66,0.79,-1,-1,-1
31,5,727.20,238.28,45.56,117.45,0.92,-1,-1,-1
31,6,553.29,214.11,127.99,271.95,0.94,-1,-1,-1
31,8,660.94,242.02,20.94,57.58,0.87,-1,-1,-1
32,1,860.12,83.28,246.58,759.06,0.92,-1,-1,-1
32,2,679.77,222.98,45.98,135.00,0.93,-1,-1,-1
32,4,139.84,191.42,320.70,1091.06,0.81,-1,-1,-1
32,5,726.35,238.93,47.07,118.00,0.92,-1,-1,-1
32,6,551.81,212.51,129.72,275.25,0.95,-1,-1,-1
32,8,661.38,242.29,20.10,57.62,0.87,-1,-1,-1
33,1,865.38,80.63,257.86,781.41,0.92,-1,-1,-1
33,2,679.75,223.30,45.46,135.35,0.93,-1,-1,-1
33,4,133.38,186.49,317.77,1113.87,0.78,-1,-1,-1
33,5,725.41,239.50,47.67,118.48,0.93,-1,-1,-1
33,6,550.38,210.65,131.57,278.75,0.95,-1,-1,-1
33,8,661.19,242.44,19.82,57.34,0.86,-1,-1,-1
33,9,326.28,253.07,61.70,141.32,0.85,-1,-1,-1
34,1,872.34,74.81,270.01,809.80,0.92,-1,-1,-1
34,2,679.22,223.80,45.26,135.46,0.92,-1,-1,-1
34,4,129.76,194.39,309.39,1106.67,0.80,-1,-1,-1
34,5,724.81,239.93,47.89,118.95,0.92,-1,-1,-1
34,6,549.35,209.49,133.41,281.72,0.95,-1,-1,-1
34,8,660.86,242.41,20.34,57.53,0.86,-1,-1,-1
34,9,324.51,255.07,61.76,141.29,0.89,-1,-1,-1
35,1,882.66,66.42,279.50,861.85,0.90,-1,-1,-1
35,2,678.97,224.87,45.16,135.46,0.92,-1,-1,-1
35,4,116.39,207.28,312.44,1099.13,0.81,-1,-1,-1
35,5,723.94,240.82,48.54,119.39,0.93,-1,-1,-1
35,6,547.81,208.47,136.38,285.95,0.95,-1,-1,-1
35,8,660.99,242.23,19.93,57.90,0.87,-1,-1,-1
35,9,321.20,256.31,62.68,141.88,0.90,-1,-1,-1
36,1,892.02,54.77,293.09,915.49,0.86,-1,-1,-1
36,2,678.82,224.49,45.11,137.81,0.93,-1,-1,-1
36,4,95.79,210.14,324.45,1121.03,0.81,-1,-1,-1
36,5,722.94,241.26,48.76,120.42,0.92,-1,-1,-1
36,6,546.62,208.19,138.61,293.34,0.95,-1,-1,-1
36,8,660.36,242.41,20.39,58.03,0.87,-1,-1,-1
36,9,317.87,257.29,64.20,142.96,0.91,-1,-1,-1
37,1,904.35,45.94,303.89,967.71,0.84,-1,-1,-1
37,2,678.74,225.19,44.43,138.30,0.92,-1,-1,-1
37,4,72.40,222.41,338.83,1132.47,0.78,-1,-1,-1
37,5,722.50,242.12,49.36,120.73,0.93,-1,-1,-1
37,6,545.39,208.41,140.42,300.11,0.95,-1,-1,-1
37,8,659.79,242.42,20.53,58.35,0.87,-1,-1,-1
37,9,316.08,258.39,63.80,143.28,0.92,-1,-1,-1
38,1,918.10,39.77,320.61,1025.43,0.84,-1,-1,-1
38,2,679.10,224.59,44.21,139.98,0.92,-1,-1,-1
38,4,38.17,212.53,366.61,1174.27,0.80,-1,-1,-1
38,5,722.15,242.31,50.21,122.04,0.93,-1,-1,-1
38,6,544.43,209.82,142.91,303.61,0.95,-1,-1,-1
38,8,659.36,242.16,21.21,59.08,0.87,-1,-1,-1
38,9,313.06,258.61,65.48,145.20,0.93,-1,-1,-1
39,1,931.86,32.29,337.38,1084.54,0.81,-1,-1,-1
39,2,678.94,223.88,44.14,141.75,0.93,-1,-1,-1
39,4,11.27,221.92,387.94,1200.46,0.82,-1,-1,-1
39,5,721.72,242.33,50.52,123.09,0.93,-1,-1,-1
39,6,542.94,211.24,145.58,307.11,0.95,-1,-1,-1
39,8,658.89,242.17,21.47,59.64,0.87,-1,-1,-1
39,9,309.50,258.97,67.88,146.46,0.92,-1,-1,-1
40,1,946.56,27.05,355.35,1130.90,0.79,-1,-1,-1
40,2,678.35,223.75,44.73,142.78,0.93,-1,-1,-1
40,4,-30.85,229.24,421.86,1219.37,0.80,-1,-1,-1
40,5,721.36,242.33,50.64,124.14,0.92,-1,-1,-1
40,6,541.53,212.43,148.35,312.28,0.94,-1,-1,-1
40,8,658.48,242.32,21.58,59.59,0.86,-1,-1,-1
40,9,305.38,259.05,68.51,148.20,0.93,-1,-1,-1
41,1,961.16,9.30,376.87,1174.14,0.79,-1,-1,-1
41,2,677.50,224.32,45.52,143.06,0.93,-1,-1,-1
41,4,-91.95,243.47,474.30,1189.22,0.72,-1,-1,-1
41,5,721.47,242.18,50.04,125.34,0.93,-1,-1,-1
41,6,540.48,214.02,150.43,319.33,0.95,-1,-1,-1
41,8,657.99,242.09,21.60,59.83,0.87,-1,-1,-1
41,9,300.92,259.06,69.87,149.94,0.93,-1,-1,-1
42,1,966.84,20.76,394.25,1185.85,0.75,-1,-1,-1
42,2,676.64,224.92,46.41,143.73,0.93,-1,-1,-1
42,4,-109.00,259.66,479.11,1155.77,0.74,-1,-1,-1
42,5,721.88,241.91,49.79,126.67,0.93,-1,-1,-1
42,6,539.60,216.54,152.33,324.19,0.94,-1,-1,-1
42,8,657.57,242.24,21.61,59.91,0.87,-1,-1,-1
42,9,296.68,259.57,71.54,150.87,0.94,-1,-1,-1
43,1,970.58,26.18,446.46,1267.33,0.67,-1,-1,-1
43,2,675.40,224.39,47.92,145.46,0.94,-1,-1,-1
43,4,-120.54,293.50,476.34,1141.97,0.77,-1,-1,-1
43,5,721.72,241.79,50.28,128.35,0.93,-1,-1,-1
43,6,537.49,218.89,155.92,330.75,0.94,-1,-1,-1
43,8,656.78,242.58,22.21,59.95,0.87,-1,-1,-1
43,9,292.10,259.86,73.62,152.10,0.93,-1,-1,-1
44,1,969.18,16.96,490.88,1328.07,0.64,-1,-1,-1
44,2,673.70,224.61,49.63,146.36,0.94,-1,-1,-1
44,4,-142.88,314.83,482.81,1122.65,0.69,-1,-1,-1
44,5,722.20,241.57,49.83,129.84,0.92,-1,-1,-1
44,6,535.82,220.46,157.72,336.61,0.94,-1,-1,-1
44,8,656.73,243.27,21.82,59.65,0.87,-1,-1,-1
44,9,287.20,260.15,75.24,153.41,0.93,-1,-1,-1
45,1,977.17,27.22,497.77,1328.26,0.73,-1,-1,-1
45,2,671.84,225.04,51.45,146.95,0.94,-1,-1,-1
45,4,-167.45,348.64,486.15,1078.58,0.58,-1,-1,-1
45,5,722.04,241.98,49.65,130.06,0.92,-1,-1,-1
45,6,533.13,221.11,160.09,343.23,0.94,-1,-1,-1
45,8,656.38,243.59,21.67,59.53,0.88,-1,-1,-1
45,9,282.46,260.31,77.00,155.34,0.94,-1,-1,-1
46,1,993.82,35.28,483.83,1313.45,0.69,-1,-1,-1
46,2,670.56,225.30,52.72,148.62,0.94,-1,-1,-1
46,5,721.99,242.23,50.77,131.59,0.92,-1,-1,-1
46,6,530.97,220.62,161.51,348.91,0.95,-1,-1,-1
46,8,655.36,243.65,22.82,59.47,0.87,-1,-1,-1
46,9,277.95,260.76,77.64,156.03,0.93,-1,-1,-1
47,1,1008.26,39.34,490.39,1312.22,0.29,-1,-1,-1
47,2,669.44,225.75,53.21,149.23,0.94,-1,-1,-1
47,5,721.62,242.96,51.79,132.13,0.92,-1,-1,-1
47,6,528.38,219.88,162.00,354.00,0.95,-1,-1,-1
47,8,654.63,243.58,23.24,60.05,0.87,-1,-1,-1
47,9,272.59,261.30,79.33,157.43,0.93,-1,-1,-1
48,1,1033.14,32.93,483.41,1341.20,0.22,-1,-1,-1
48,2,668.11,226.87,53.38,149.98,0.94,-1,-1,-1
48,5,721.13,244.19,52.77,132.57,0.92,-1,-1,-1
48,6,524.76,218.56,163.90,360.17,0.95,-1,-1,-1
48,8,653.44,243.62,24.00,60.25,0.88,-1,-1,-1
48,9,267.59,261.47,80.84,160.26,0.94,-1,-1,-1
49,1,1071.83,61.08,491.78,1297.99,0.19,-1,-1,-1
49,2,666.68,229.01,53.42,150.23,0.94,-1,-1,-1
49,5,720.89,245.76,52.54,132.11,0.92,-1,-1,-1
49,6,521.33,215.76,165.14,366.62,0.95,-1,-1,-1
49,8,652.93,243.71,23.69,60.32,0.88,-1,-1,-1
49,9,262.36,262.62,82.54,162.18,0.94,-1,-1,-1
50,2,665.26,229.52,53.41,151.52,0.94,-1,-1,-1
50,5,720.49,246.57,53.62,132.46,0.92,-1,-1,-1
50,6,517.43,213.58,166.70,371.92,0.95,-1,-1,-1
50,8,652.45,243.81,22.96,60.33,0.87,-1,-1,-1
50,9,256.87,264.03,84.03,162.24,0.94,-1,-1,-1
50,10,356.17,266.85,49.05,122.85,0.71,-1,-1,-1
51,2,664.47,230.03,52.78,153.07,0.93,-1,-1,-1
51,5,719.45,246.97,54.60,133.74,0.93,-1,-1,-1
51,6,513.09,211.82,168.40,376.65,0.96,-1,-1,-1
51,8,651.11,243.67,23.28,60.32,0.86,-1,-1,-1
51,9,252.30,264.66,84.56,164.26,0.94,-1,-1,-1
51,10,351.30,266.58,51.62,123.35,0.71,-1,-1,-1
52,2,663.30,229.92,53.12,154.21,0.93,-1,-1,-1
52,5,718.44,247.12,55.55,135.39,0.93,-1,-1,-1
52,6,507.37,208.30,170.15,383.33,0.94,-1,-1,-1
52,8,650.00,243.78,22.80,60.02,0.87,-1,-1,-1
52,9,247.60,265.34,85.00,165.27,0.94,-1,-1,-1
52,10,348.67,264.17,52.46,127.29,0.68,-1,-1,-1
53,2,662.36,230.61,53.23,154.28,0.93,-1,-1,-1
53,5,717.83,247.15,55.90,136.25,0.93,-1,-1,-1
53,6,502.41,205.80,171.34,392.08,0.95,-1,-1,-1
53,8,649.38,243.67,22.01,59.59,0.86,-1,-1,-1
53,9,242.26,265.90,86.01,165.86,0.94,-1,-1,-1
53,10,345.90,263.70,53.07,128.87,0.73,-1,-1,-1
54,2,661.62,229.83,53.25,155.47,0.92,-1,-1,-1
54,5,716.60,246.28,55.41,137.75,0.92,-1,-1,-1
54,6,496.36,204.35,173.47,403.72,0.94,-1,-1,-1
54,8,648.77,243.49,21.71,59.13,0.86,-1,-1,-1
54,9,237.86,266.07,86.05,167.24,0.94,-1,-1,-1
54,10,342.88,266.27,49.22,126.57,0.73,-1,-1,-1
55,2,659.32,227.55,54.44,157.68,0.93,-1,-1,-1
55,5,715.58,245.00,55.80,138.89,0.92,-1,-1,-1
55,6,490.04,203.05,176.00,416.07,0.94,-1,-1,-1
55,8,647.98,243.39,21.60,58.96,0.83,-1,-1,-1
55,9,233.51,265.64,85.73,169.52,0.94,-1,-1,-1
55,10,340.40,266.97,47.21,126.01,0.83,-1,-1,-1
56,2,657.59,226.02,55.47,159.68,0.93,-1,-1,-1
56,5,714.62,243.70,55.93,140.19,0.93,-1,-1,-1
56,6,482.72,202.51,178.09,425.77,0.94,-1,-1,-1
56,8,646.80,243.44,21.57,58.91,0.83,-1,-1,-1
56,9,229.18,265.09,84.68,171.24,0.94,-1,-1,-1
56,10,336.76,267.25,46.28,126.12,0.76,-1,-1,-1
57,2,656.04,224.02,55.86,162.19,0.93,-1,-1,-1
57,5,712.77,242.68,57.16,141.25,0.93,-1,-1,-1
57,6,474.98,202.25,181.79,433.85,0.95,-1,-1,-1
57,8,645.76,243.67,21.56,58.90,0.82,-1,-1,-1
57,9,225.26,264.05,83.36,173.04,0.94,-1,-1,-1
57,10,331.76,265.82,45.38,127.71,0.82,-1,-1,-1
57,11,296.55,256.27,13.50,35.55,0.70,-1,-1,-1
58,2,654.64,222.77,56.00,163.47,0.94,-1,-1,-1
58,5,711.53,241.67,57.63,142.27,0.93,-1,-1,-1
58,6,466.24,201.47,186.13,441.95,0.95,-1,-1,-1
58,8,644.51,243.58,21.57,58.92,0.83,-1,-1,-1
58,9,220.90,263.01,82.63,174.93,0.94,-1,-1,-1
58,10,326.74,265.38,46.72,128.62,0.57,-1,-1,-1
58,11,294.40,256.18,13.87,35.96,0.66,-1,-1,-1
59,2,653.00,222.80,56.60,163.56,0.93,-1,-1,-1
59,5,709.63,240.59,58.36,144.05,0.93,-1,-1,-1
59,6,456.08,200.82,191.17,453.75,0.96,-1,-1,-1
59,8,642.91,243.72,21.56,58.61,0.81,-1,-1,-1
59,9,216.84,262.17,81.63,177.02,0.94,-1,-1,-1
59,10,320.90,267.19,46.27,127.66,0.61,-1,-1,-1
59,11,292.65,256.06,14.29,36.04,0.59,-1,-1,-1
60,2,651.96,223.43,56.22,163.02,0.93,-1,-1,-1
60,5,707.28,239.97,59.79,145.29,0.93,-1,-1,-1
60,6,446.91,200.51,194.75,455.88,0.95,-1,-1,-1
60,8,641.87,244.00,20.36,58.50,0.83,-1,-1,-1
60,9,212.33,261.32,81.24,178.94,0.94,-1,-1,-1
60,10,315.65,264.40,47.98,129.71,0.72,-1,-1,-1
60,11,291.36,256.24,14.08,35.69,0.57,-1,-1,-1
61,2,651.02,223.55,55.46,163.59,0.94,-1,-1,-1
61,5,705.52,240.14,59.74,146.31,0.93,-1,-1,-1
61,6,434.03,198.77,202.35,478.68,0.93,-1,-1,-1
61,8,640.93,244.34,19.90,58.46,0.77,-1,-1,-1
61,9,207.73,260.80,80.41,180.51,0.94,-1,-1,-1
61,10,310.69,263.89,47.40,129.85,0.79,-1,-1,-1
61,11,290.12,256.35,14.67,35.91,0.51,-1,-1,-1
62,2,649.82,223.30,55.78,164.69,0.94,-1,-1,-1
62,5,703.14,240.20,60.91,147.88,0.94,-1,-1,-1
62,6,421.33,196.69,209.95,498.60,0.95,-1,-1,-1
62,8,639.40,244.61,19.76,58.16,0.74,-1,-1,-1
62,9,203.45,260.95,79.31,181.38,0.94,-1,-1,-1
62,10,305.75,263.28,47.22,132.32,0.79,-1,-1,-1
62,11,288.57,256.74,14.55,35.67,0.55,-1,-1,-1
63,2,648.92,222.57,55.26,166.83,0.93,-1,-1,-1
63,5,700.87,240.79,61.29,149.59,0.93,-1,-1,-1
63,6,411.97,195.11,213.98,512.11,0.95,-1,-1,-1
63,8,637.75,244.65,20.32,58.04,0.74,-1,-1,-1
63,9,198.09,261.34,79.23,182.50,0.94,-1,-1,-1
63,10,301.08,262.94,47.13,135.28,0.84,-1,-1,-1
63,11,287.18,256.41,14.80,36.53,0.47,-1,-1,-1
64,2,647.50,222.44,55.06,168.78,0.93,-1,-1,-1
64,5,698.64,241.60,61.43,150.78,0.92,-1,-1,-1
64,6,401.95,193.95,218.94,522.24,0.94,-1,-1,-1
64,8,636.64,244.80,19.93,57.70,0.67,-1,-1,-1
64,9,193.12,262.40,78.84,184.64,0.94,-1,-1,-1
64,10,296.87,263.26,47.42,138.14,0.84,-1,-1,-1
64,11,285.90,256.46,14.58,36.52,0.30,-1,-1,-1
65,2,645.83,222.45,55.60,170.95,0.93,-1,-1,-1
65,5,696.68,242.54,62.06,152.37,0.93,-1,-1,-1
65,6,391.03,193.16,224.86,530.34,0.93,-1,-1,-1
65,8,635.68,244.88,19.18,57.27,0.70,-1,-1,-1
65,9,187.24,264.06,78.71,187.17,0.94,-1,-1,-1
65,10,292.32,264.05,46.94,139.49,0.82,-1,-1,-1
65,11,284.42,256.99,14.80,36.20,0.41,-1,-1,-1
66,2,644.35,222.68,55.19,173.23,0.93,-1,-1,-1
66,5,694.50,243.87,62.87,152.64,0.93,-1,-1,-1
66,6,379.19,191.50,231.68,531.54,0.93,-1,-1,-1
66,8,634.46,244.99,20.14,58.33,0.57,-1,-1,-1
66,9,179.94,265.50,81.23,189.26,0.94,-1,-1,-1
66,10,287.46,265.60,48.28,136.40,0.85,-1,-1,-1
67,2,642.91,223.11,55.03,174.59,0.93,-1,-1,-1
67,5,692.22,244.79,62.57,154.21,0.93,-1,-1,-1
67,6,365.32,186.73,241.62,535.20,0.93,-1,-1,-1
67,8,633.40,244.99,19.89,58.73,0.67,-1,-1,-1
67,9,171.17,266.73,84.54,191.21,0.94,-1,-1,-1
67,10,283.45,266.43,48.48,135.47,0.80,-1,-1,-1
68,2,641.32,223.35,55.54,176.55,0.93,-1,-1,-1
68,5,690.90,245.71,61.21,154.71,0.93,-1,-1,-1
68,6,352.44,186.10,250.01,542.55,0.93,-1,-1,-1
68,8,631.65,244.83,20.99,58.86,0.82,-1,-1,-1
68,9,163.35,267.88,87.00,193.01,0.95,-1,-1,-1
68,10,279.36,268.05,48.24,134.75,0.84,-1,-1,-1
69,2,639.40,223.06,56.32,178.59,0.93,-1,-1,-1
69,5,688.81,246.35,61.28,155.52,0.94,-1,-1,-1
69,6,339.72,183.19,257.95,558.42,0.93,-1,-1,-1
69,8,630.55,244.61,21.40,58.94,0.78,-1,-1,-1
69,9,156.74,268.38,88.39,195.51,0.94,-1,-1,-1
69,10,274.34,267.86,48.75,137.82,0.83,-1,-1,-1
70,2,638.07,222.66,57.23,180.88,0.93,-1,-1,-1
70,5,687.41,245.73,61.31,157.15,0.93,-1,-1,-1
70,6,326.63,176.33,266.27,578.40,0.91,-1,-1,-1
70,8,629.23,244.29,20.97,58.93,0.78,-1,-1,-1
70,9,150.63,269.22,88.83,198.02,0.95,-1,-1,-1
70,10,270.85,267.79,46.87,138.25,0.83,-1,-1,-1
71,2,636.89,222.77,57.60,181.49,0.92,-1,-1,-1
71,5,685.95,245.32,61.34,158.11,0.93,-1,-1,-1
71,6,312.85,171.33,276.42,594.25,0.90,-1,-1,-1
71,8,628.05,244.30,20.81,58.95,0.79,-1,-1,-1
71,9,142.97,269.65,90.20,200.04,0.93,-1,-1,-1
71,10,266.57,267.29,48.29,148.58,0.73,-1,-1,-1
72,2,635.92,222.57,57.14,182.42,0.92,-1,-1,-1
72,5,684.28,243.92,62.54,159.55,0.93,-1,-1,-1
72,6,301.82,169.78,283.41,618.47,0.90,-1,-1,-1
72,8,626.78,244.27,21.35,58.64,0.77,-1,-1,-1
72,9,134.83,269.39,92.46,201.70,0.95,-1,-1,-1
72,10,264.35,266.96,45.25,147.14,0.81,-1,-1,-1
73,2,634.99,222.51,56.93,182.81,0.92,-1,-1,-1
73,5,682.49,242.29,63.56,161.87,0.93,-1,-1,-1
73,6,282.88,164.20,296.41,649.21,0.90,-1,-1,-1
73,8,626.00,244.34,20.95,58.23,0.80,-1,-1,-1
73,9,125.51,268.96,95.62,203.19,0.95,-1,-1,-1
73,10,260.80,266.24,42.82,148.26,0.80,-1,-1,-1
74,2,633.52,222.76,57.43,182.90,0.92,-1,-1,-1
74,5,681.31,241.35,63.93,162.99,0.92,-1,-1,-1
74,6,287.33,165.20,286.92,659.43,0.89,-1,-1,-1
74,8,624.60,244.35,20.79,58.08,0.81,-1,-1,-1
74,9,115.69,267.86,99.42,205.45,0.95,-1,-1,-1
74,10,255.58,266.09,41.64,148.92,0.84,-1,-1,-1
75,2,630.04,222.24,59.98,183.84,0.92,-1,-1,-1
75,5,679.73,240.89,65.23,164.26,0.92,-1,-1,-1
75,6,284.07,161.37,283.34,684.11,0.90,-1,-1,-1
75,8,623.51,244.23,20.72,58.03,0.74,-1,-1,-1
75,9,105.63,266.69,103.31,207.87,0.95,-1,-1,-1
75,10,251.26,264.84,41.55,150.89,0.82,-1,-1,-1
76,2,627.20,220.74,61.54,185.95,0.92,-1,-1,-1
76,5,677.93,239.95,66.32,165.95,0.92,-1,-1,-1
76,6,270.80,158.44,291.09,702.56,0.89,-1,-1,-1
76,8,622.45,243.86,20.11,58.03,0.71,-1,-1,-1
76,9,94.59,265.47,106.89,210.45,0.95,-1,-1,-1
76,10,245.49,263.76,43.69,153.13,0.83,-1,-1,-1
77,2,624.80,219.79,63.36,187.93,0.92,-1,-1,-1
77,5,676.86,239.75,66.78,168.14,0.93,-1,-1,-1
77,6,236.69,155.63,320.40,729.43,0.88,-1,-1,-1
77,8,621.04,243.88,19.29,55.67,0.54,-1,-1,-1
77,9,82.97,264.16,109.88,212.67,0.94,-1,-1,-1
77,10,238.14,263.38,44.81,154.63,0.81,-1,-1,-1
78,2,621.47,219.21,65.79,189.51,0.91,-1,-1,-1
78,5,675.49,240.11,67.50,170.02,0.93,-1,-1,-1
78,6,206.52,145.98,344.47,761.83,0.86,-1,-1,-1
78,8,620.14,244.17,18.98,55.97,0.43,-1,-1,-1
78,9,71.45,263.68,114.19,214.38,0.94,-1,-1,-1
78,10,230.66,262.95,47.32,155.07,0.83,-1,-1,-1
79,2,618.25,218.85,67.78,191.60,0.91,-1,-1,-1
79,5,674.12,240.46,68.27,172.02,0.92,-1,-1,-1
79,6,203.80,142.34,339.55,778.02,0.89,-1,-1,-1
79,8,619.56,244.77,17.63,53.03,0.43,-1,-1,-1
79,9,60.53,263.03,117.56,217.58,0.95,-1,-1,-1
79,10,224.91,263.38,47.70,155.63,0.84,-1,-1,-1
80,2,616.14,218.84,69.07,193.37,0.90,-1,-1,-1
80,5,672.43,241.41,69.10,172.49,0.92,-1,-1,-1
80,6,184.48,134.15,352.21,816.41,0.88,-1,-1,-1
80,8,618.42,245.18,17.14,52.26,0.58,-1,-1,-1
80,9,48.06,264.59,121.98,220.87,0.95,-1,-1,-1
80,10,217.78,263.04,48.32,153.17,0.47,-1,-1,-1
81,2,612.76,218.90,73.13,196.31,0.90,-1,-1,-1
81,5,670.13,242.36,70.07,173.97,0.92,-1,-1,-1
81,6,158.65,128.51,366.32,858.18,0.86,-1,-1,-1
81,8,616.87,245.33,18.24,53.88,0.47,-1,-1,-1
81,9,34.18,265.11,126.96,226.99,0.95,-1,-1,-1
81,10,209.24,264.01,50.09,149.02,0.36,-1,-1,-1
82,2,609.76,219.15,75.18,199.24,0.89,-1,-1,-1
82,5,668.35,243.89,70.36,175.52,0.93,-1,-1,-1
82,6,129.07,124.91,371.31,902.14,0.84,-1,-1,-1
82,8,615.98,245.81,18.02,52.65,0.26,-1,-1,-1
82,9,21.91,266.31,131.95,230.85,0.95,-1,-1,-1
82,10,202.62,265.41,48.67,144.59,0.24,-1,-1,-1
83,2,607.11,220.24,71.92,201.14,0.91,-1,-1,-1
83,5,666.15,245.14,70.47,177.50,0.93,-1,-1,-1
83,6,95.41,117.36,392.94,951.23,0.84,-1,-1,-1
83,8,614.41,246.68,18.55,52.18,0.37,-1,-1,-1
83,9,9.67,268.30,134.53,232.75,0.94,-1,-1,-1
84,2,604.06,221.64,71.03,204.67,0.92,-1,-1,-1
84,5,663.88,245.91,71.02,180.74,0.94,-1,-1,-1
84,6,57.88,107.46,402.20,1008.48,0.81,-1,-1,-1
84,8,613.21,247.11,19.33,53.59,0.42,-1,-1,-1
84,9,-3.06,269.81,130.62,236.91,0.93,-1,-1,-1
85,2,601.19,222.90,71.88,207.36,0.92,-1,-1,-1
85,5,661.57,246.46,71.81,183.07,0.94,-1,-1,-1
85,6,25.95,102.49,398.09,1033.94,0.80,-1,-1,-1
85,8,611.29,247.69,20.22,56.79,0.32,-1,-1,-1
85,9,-13.16,272.04,124.51,239.97,0.87,-1,-1,-1
86,2,598.93,223.80,71.60,209.76,0.93,-1,-1,-1
86,5,659.79,246.32,71.51,185.34,0.94,-1,-1,-1
86,6,-3.66,99.27,394.89,1056.89,0.84,-1,-1,-1
86,8,609.06,248.19,19.39,55.36,0.22,-1,-1,-1
86,9,-22.04,273.09,110.77,236.43,0.79,-1,-1,-1
87,2,595.77,224.08,72.65,211.74,0.93,-1,-1,-1
87,5,657.07,246.19,73.15,186.98,0.93,-1,-1,-1
87,6,-49.38,93.61,408.89,1081.98,0.79,-1,-1,-1
87,8,609.16,247.36,19.66,54.46,0.35,-1,-1,-1
88,2,592.08,223.44,74.26,214.40,0.93,-1,-1,-1
88,5,654.13,245.81,74.99,188.65,0.93,-1,-1,-1
88,6,-80.45,104.69,410.61,1057.93,0.78,-1,-1,-1
88,8,608.42,246.90,19.77,55.31,0.17,-1,-1,-1
89,2,590.09,222.63,73.09,216.53,0.93,-1,-1,-1
89,5,651.52,244.89,76.27,190.76,0.93,-1,-1,-1
89,6,-157.02,75.76,466.99,1197.05,0.79,-1,-1,-1
90,2,587.71,222.01,73.81,217.61,0.93,-1,-1,-1
90,5,647.70,243.42,78.52,193.26,0.94,-1,-1,-1
90,6,-194.48,98.76,471.88,1181.22,0.77,-1,-1,-1
91,2,585.43,221.42,73.49,218.46,0.93,-1,-1,-1
91,5,645.13,242.47,78.79,194.97,0.94,-1,-1,-1
91,6,-233.40,92.96,467.43,1214.67,0.74,-1,-1,-1
91,10,131.58,269.16,57.32,170.81,0.80,-1,-1,-1
92,2,583.02,219.55,73.34,221.16,0.92,-1,-1,-1
92,5,642.31,241.82,79.44,197.11,0.94,-1,-1,-1
92,6,-267.59,110.16,449.89,1212.24,0.66,-1,-1,-1
92,10,122.21,268.91,61.07,176.01,0.78,-1,-1,-1
92,12,309.82,263.25,51.30,153.45,0.86,-1,-1,-1
93,2,580.80,217.38,72.66,223.59,0.93,-1,-1,-1
93,5,639.33,241.15,79.65,200.80,0.94,-1,-1,-1
93,6,-249.01,157.40,376.31,1102.86,0.19,-1,-1,-1
93,10,112.60,268.07,65.32,179.33,0.85,-1,-1,-1
93,12,302.71,260.77,55.32,157.29,0.85,-1,-1,-1
94,2,577.24,215.27,72.97,226.02,0.92,-1,-1,-1
94,5,635.18,240.58,80.29,203.64,0.94,-1,-1,-1
94,10,103.15,268.12,67.25,180.26,0.83,-1,-1,-1
94,12,297.47,259.68,56.45,158.79,0.85,-1,-1,-1
95,2,574.53,214.40,72.47,228.04,0.92,-1,-1,-1
95,5,631.35,240.88,80.49,205.83,0.94,-1,-1,-1
95,10,94.60,269.52,67.39,180.80,0.84,-1,-1,-1
95,12,292.42,262.50,58.18,156.71,0.88,-1,-1,-1
96,2,570.79,213.73,73.43,231.15,0.93,-1,-1,-1
96,5,627.76,242.11,79.89,207.68,0.93,-1,-1,-1
96,10,86.18,270.09,69.53,183.19,0.83,-1,-1,-1
96,12,287.50,259.71,60.34,160.34,0.87,-1,-1,-1
97,2,566.78,213.28,74.37,234.72,0.94,-1,-1,-1
97,5,624.12,243.72,79.64,208.39,0.94,-1,-1,-1
97,10,77.28,270.33,70.11,187.05,0.86,-1,-1,-1
97,12,285.29,259.78,59.12,160.92,0.89,-1,-1,-1
98,2,563.36,213.23,74.12,238.40,0.93,-1,-1,-1
98,5,619.65,243.47,80.12,212.09,0.93,-1,-1,-1
98,10,69.47,272.82,69.47,187.24,0.86,-1,-1,-1
98,12,283.66,261.73,57.01,160.40,0.89,-1,-1,-1
98,13,662.85,247.72,28.80,71.55,0.78,-1,-1,-1
99,2,559.79,213.80,74.01,241.54,0.93,-1,-1,-1
99,5,613.60,243.80,82.67,216.56,0.94,-1,-1,-1
99,10,60.83,272.99,70.99,190.79,0.84,-1,-1,-1
99,12,278.36,260.82,59.39,162.69,0.90,-1,-1,-1
99,13,661.10,248.02,28.83,71.32,0.80,-1,-1,-1
100,2,555.85,215.09,73.95,243.55,0.94,-1,-1,-1
100,5,609.63,244.96,83.60,219.55,0.93,-1,-1,-1
100,10,51.52,273.63,70.68,192.38,0.84,-1,-1,-1
100,12,275.17,261.24,58.67,163.50,0.91,-1,-1,-1
100,13,660.27,248.47,28.14,69.56,0.85,-1,-1,-1
101,2,552.09,215.46,75.02,248.90,0.94,-1,-1,-1
101,5,607.05,244.82,83.84,222.64,0.93,-1,-1,-1
101,10,42.23,275.17,72.76,196.10,0.83,-1,-1,-1
101,12,273.78,264.35,57.08,161.30,0.92,-1,-1,-1
101,13,660.21,248.74,27.88,69.25,0.88,-1,-1,-1
102,2,548.57,216.35,74.94,252.45,0.94,-1,-1,-1
102,5,603.12,244.69,85.81,225.23,0.94,-1,-1,-1
102,10,32.08,275.33,74.10,199.54,0.82,-1,-1,-1
102,12,270.02,263.59,57.48,163.20,0.91,-1,-1,-1
102,13,659.89,248.56,27.85,69.19,0.87,-1,-1,-1
103,2,545.66,216.21,74.89,257.49,0.93,-1,-1,-1
103,5,601.24,244.35,85.94,227.32,0.95,-1,-1,-1
103,10,22.75,276.56,75.48,200.78,0.78,-1,-1,-1
103,12,265.65,262.56,58.84,165.09,0.92,-1,-1,-1
103,13,658.92,248.52,27.85,69.52,0.86,-1,-1,-1
103,14,594.00,247.27,20.70,52.65,0.72,-1,-1,-1
104,2,542.30,215.41,75.47,261.68,0.93,-1,-1,-1
104,5,598.30,243.76,87.74,229.51,0.95,-1,-1,-1
104,10,13.05,277.01,75.38,201.61,0.78,-1,-1,-1
104,12,262.19,261.26,58.74,167.29,0.91,-1,-1,-1
104,13,658.32,249.33,27.21,69.01,0.88,-1,-1,-1
104,14,592.25,247.68,20.73,53.11,0.76,-1,-1,-1
104,15,231.07,269.10,50.85,168.30,0.82,-1,-1,-1
105,2,539.05,215.40,75.72,264.87,0.94,-1,-1,-1
105,5,594.93,241.39,90.22,234.09,0.95,-1,-1,-1
105,10,3.43,279.26,77.41,201.81,0.80,-1,-1,-1
105,12,258.76,261.49,59.32,167.78,0.91,-1,-1,-1
105,13,658.48,250.18,26.37,68.52,0.88,-1,-1,-1
105,14,590.75,247.89,21.44,54.61,0.79,-1,-1,-1
105,15,224.74,268.19,53.54,171.51,0.81,-1,-1,-1
106,2,535.11,214.94,76.96,267.22,0.93,-1,-1,-1
106,5,591.83,240.67,92.27,236.06,0.95,-1,-1,-1
106,10,-5.68,276.18,84.80,206.99,0.55,-1,-1,-1
106,12,254.61,261.13,60.11,168.82,0.91,-1,-1,-1
106,13,658.38,250.88,25.44,67.74,0.87,-1,-1,-1
106,14,589.30,247.89,22.35,55.41,0.71,-1,-1,-1
106,15,221.48,268.07,53.28,174.29,0.82,-1,-1,-1
107,2,530.91,214.03,78.03,270.54,0.93,-1,-1,-1
107,5,589.14,239.88,94.22,238.43,0.95,-1,-1,-1
107,12,250.82,260.95,61.59,169.74,0.90,-1,-1,-1
107,13,658.17,251.49,25.14,67.45,0.87,-1,-1,-1
107,14,588.09,247.93,21.30,54.26,0.67,-1,-1,-1
107,15,217.96,265.87,53.16,177.47,0.79,-1,-1,-1
108,2,524.68,211.68,82.57,274.06,0.93,-1,-1,-1
108,5,585.58,238.76,97.26,244.01,0.95,-1,-1,-1
108,12,247.26,260.91,62.13,170.38,0.90,-1,-1,-1
108,13,657.18,251.18,25.05,67.37,0.87,-1,-1,-1
108,14,587.48,247.25,20.22,52.18,0.67,-1,-1,-1
108,15,214.34,264.13,53.87,180.38,0.78,-1,-1,-1
109,2,518.85,210.36,86.10,275.78,0.93,-1,-1,-1
109,5,582.49,239.01,99.64,248.65,0.95,-1,-1,-1
109,12,245.12,260.79,61.18,170.85,0.90,-1,-1,-1
109,13,656.79,250.64,25.05,67.66,0.88,-1,-1,-1
109,14,586.66,246.94,19.88,52.43,0.44,-1,-1,-1
109,15,211.39,263.45,53.67,181.85,0.85,-1,-1,-1
109,16,648.90,253.35,16.20,45.90,0.75,-1,-1,-1
110,2,513.12,208.57,88.62,279.40,0.93,-1,-1,-1
110,5,578.70,238.78,102.86,250.67,0.94,-1,-1,-1
110,12,240.88,262.04,61.99,170.12,0.91,-1,-1,-1
110,13,656.30,250.41,25.07,67.48,0.88,-1,-1,-1
110,14,586.72,246.31,17.84,48.42,0.32,-1,-1,-1
110,15,207.92,263.21,53.90,182.90,0.87,-1,-1,-1
110,16,648.49,252.98,16.23,46.00,0.77,-1,-1,-1
111,2,506.76,207.58,91.28,280.93,0.94,-1,-1,-1
111,5,575.07,238.73,105.17,254.49,0.95,-1,-1,-1
111,12,237.81,261.95,62.85,169.95,0.91,-1,-1,-1
111,13,655.50,249.99,25.69,67.67,0.88,-1,-1,-1
111,14,586.80,246.57,15.82,42.41,0.20,-1,-1,-1
111,15,205.05,262.87,54.66,183.01,0.88,-1,-1,-1
111,16,648.54,253.29,15.55,44.96,0.72,-1,-1,-1
112,2,501.04,205.82,93.45,284.66,0.93,-1,-1,-1
112,5,570.44,239.28,107.80,257.45,0.95,-1,-1,-1
112,12,233.51,260.77,64.36,171.55,0.90,-1,-1,-1
112,13,654.62,249.54,26.53,67.82,0.88,-1,-1,-1
112,14,585.23,247.05,15.88,40.49,0.39,-1,-1,-1
112,15,198.91,262.69,56.09,183.14,0.89,-1,-1,-1
112,16,648.18,249.99,16.02,48.16,0.68,-1,-1,-1
112,17,631.35,247.95,18.00,49.95,0.79,-1,-1,-1
113,2,494.30,204.35,97.23,289.01,0.94,-1,-1,-1
113,5,566.46,239.06,109.42,262.30,0.95,-1,-1,-1
113,12,228.10,259.75,66.67,173.11,0.91,-1,-1,-1
113,13,654.13,248.77,25.68,68.53,0.88,-1,-1,-1
113,15,192.14,262.54,59.23,185.04,0.90,-1,-1,-1
113,16,647.33,248.32,16.85,49.83,0.67,-1,-1,-1
113,17,630.44,247.33,18.04,50.08,0.73,-1,-1,-1
114,2,488.96,201.91,99.10,296.39,0.94,-1,-1,-1
114,5,563.24,239.04,110.41,268.19,0.95,-1,-1,-1
114,12,224.79,259.67,66.93,174.38,0.90,-1,-1,-1
114,13,653.78,248.67,25.92,68.72,0.88,-1,-1,-1
114,15,188.08,262.18,59.64,186.09,0.92,-1,-1,-1
114,16,647.47,248.10,17.11,50.29,0.73,-1,-1,-1
114,17,630.12,247.37,18.74,50.10,0.79,-1,-1,-1
115,2,483.43,201.77,99.68,302.75,0.94,-1,-1,-1
115,5,559.68,238.51,110.66,274.71,0.95,-1,-1,-1
115,12,221.47,259.43,66.88,175.20,0.90,-1,-1,-1
115,13,653.01,248.71,26.00,69.12,0.88,-1,-1,-1
115,15,182.47,261.38,61.66,188.60,0.91,-1,-1,-1
115,16,647.18,247.34,17.81,51.67,0.70,-1,-1,-1
115,17,630.47,247.92,18.26,49.35,0.80,-1,-1,-1
116,2,477.73,202.05,101.62,310.51,0.94,-1,-1,-1
116,5,554.69,237.97,113.07,280.54,0.96,-1,-1,-1
116,12,217.92,259.59,67.22,176.11,0.91,-1,-1,-1
116,13,651.98,248.82,27.25,69.28,0.88,-1,-1,-1
116,15,175.48,262.09,63.30,190.13,0.91,-1,-1,-1
116,16,646.34,249.48,17.44,49.99,0.77,-1,-1,-1
116,17,630.24,247.63,18.08,49.79,0.82,-1,-1,-1
117,2,472.38,204.16,103.97,316.32,0.94,-1,-1,-1
117,5,550.98,238.66,115.01,283.13,0.95,-1,-1,-1
117,12,214.23,259.63,68.38,177.46,0.90,-1,-1,-1
117,13,651.36,249.45,27.68,68.98,0.88,-1,-1,-1
117,15,168.92,263.10,66.13,191.07,0.91,-1,-1,-1
117,16,646.38,250.91,17.26,48.92,0.73,-1,-1,-1
117,17,629.83,247.98,18.66,50.23,0.81,-1,-1,-1
117,18,614.70,247.05,18.90,50.85,0.77,-1,-1,-1
118,2,466.61,205.81,104.13,320.90,0.94,-1,-1,-1
118,5,546.98,238.90,117.38,287.05,0.95,-1,-1,-1
118,12,211.39,259.19,68.23,178.92,0.92,-1,-1,-1
118,13,650.82,249.69,29.02,69.19,0.88,-1,-1,-1
118,15,164.34,263.61,66.17,192.07,0.91,-1,-1,-1
118,16,646.08,250.82,17.18,49.14,0.70,-1,-1,-1
118,17,630.01,248.41,18.21,50.40,0.82,-1,-1,-1
118,18,614.49,247.83,18.91,50.97,0.79,-1,-1,-1
119,2,460.72,207.12,103.68,327.70,0.94,-1,-1,-1
119,5,542.77,238.63,119.42,291.98,0.95,-1,-1,-1
119,12,206.24,260.63,71.15,179.43,0.91,-1,-1,-1
119,13,649.63,249.71,28.35,69.60,0.89,-1,-1,-1
119,15,159.63,264.03,66.44,193.60,0.91,-1,-1,-1
119,16,645.57,250.87,17.14,48.91,0.64,-1,-1,-1
119,17,629.67,248.65,18.68,50.45,0.82,-1,-1,-1
119,18,614.00,248.18,18.91,51.71,0.80,-1,-1,-1
120,2,454.98,207.19,104.61,335.46,0.94,-1,-1,-1
120,5,538.79,238.50,121.29,295.69,0.95,-1,-1,-1
120,12,201.95,261.61,73.16,179.53,0.90,-1,-1,-1
120,13,648.68,250.12,28.06,69.42,0.91,-1,-1,-1
120,15,154.50,265.24,68.87,194.33,0.92,-1,-1,-1
120,16,645.51,249.63,17.12,49.40,0.65,-1,-1,-1
120,17,629.38,248.55,18.84,50.76,0.84,-1,-1,-1
120,18,614.08,248.17,18.20,52.24,0.82,-1,-1,-1
121,2,448.57,207.58,106.17,342.11,0.94,-1,-1,-1
121,5,535.65,238.32,121.41,298.62,0.95,-1,-1,-1
121,12,196.43,262.12,76.30,180.35,0.90,-1,-1,-1
121,13,648.06,250.26,27.97,69.32,0.91,-1,-1,-1
121,15,150.13,265.24,68.78,196.00,0.92,-1,-1,-1
121,16,644.91,247.67,17.12,50.16,0.60,-1,-1,-1
121,17,629.30,248.22,18.29,51.16,0.83,-1,-1,-1
121,18,614.18,248.21,17.99,52.01,0.82,-1,-1,-1
122,2,441.24,206.55,107.32,347.71,0.94,-1,-1,-1
122,5,531.19,237.61,122.13,302.26,0.95,-1,-1,-1
122,12,192.67,262.77,76.05,180.45,0.91,-1,-1,-1
122,13,646.60,250.39,29.17,69.31,0.91,-1,-1,-1
122,15,144.78,266.03,69.67,196.38,0.92,-1,-1,-1
122,16,643.76,245.66,17.74,50.45,0.63,-1,-1,-1
122,17,628.95,247.89,18.11,51.63,0.83,-1,-1,-1
122,18,613.96,248.05,17.95,52.25,0.83,-1,-1,-1
123,2,434.83,205.18,108.09,350.60,0.95,-1,-1,-1
123,5,527.67,236.54,122.25,309.88,0.95,-1,-1,-1
123,12,192.40,263.71,73.46,179.70,0.90,-1,-1,-1
123,13,646.09,250.20,29.59,69.25,0.91,-1,-1,-1
123,15,140.72,266.74,70.82,196.14,0.93,-1,-1,-1
123,16,643.95,245.01,17.96,51.71,0.66,-1,-1,-1
123,17,629.15,247.71,17.41,51.76,0.82,-1,-1,-1
123,18,614.21,247.95,17.94,52.28,0.83,-1,-1,-1
123,14,582.71,247.03,22.40,55.59,0.70,-1,-1,-1
124,2,427.47,202.69,109.64,355.83,0.95,-1,-1,-1
124,5,523.74,235.47,121.76,320.05,0.95,-1,-1,-1
124,12,184.24,262.75,78.94,182.09,0.90,-1,-1,-1
124,13,645.01,249.72,30.36,69.54,0.90,-1,-1,-1
124,15,135.74,266.59,73.07,197.06,0.91,-1,-1,-1
124,16,643.43,245.13,18.65,51.87,0.63,-1,-1,-1
124,17,628.90,247.56,17.79,51.80,0.83,-1,-1,-1
124,18,613.66,247.70,18.59,52.28,0.84,-1,-1,-1
124,14,582.37,246.74,23.27,57.69,0.77,-1,-1,-1
125,2,420.06,198.41,112.11,362.54,0.94,-1,-1,-1
125,5,517.96,235.12,123.30,327.37,0.93,-1,-1,-1
125,12,179.43,262.16,80.49,183.21,0.91,-1,-1,-1
125,13,644.33,249.13,31.24,69.62,0.91,-1,-1,-1
125,15,131.43,265.41,73.90,198.36,0.90,-1,-1,-1
125,16,643.26,245.10,18.32,51.30,0.55,-1,-1,-1
125,17,628.84,246.81,17.93,52.39,0.83,-1,-1,-1
125,18,613.50,246.90,18.82,53.18,0.84,-1,-1,-1
125,14,583.39,246.51,22.48,55.32,0.79,-1,-1,-1
126,2,410.96,194.22,114.38,368.33,0.95,-1,-1,-1
126,5,512.18,234.20,123.43,334.25,0.94,-1,-1,-1
126,12,174.78,261.66,80.37,183.75,0.92,-1,-1,-1
126,13,644.32,249.29,30.43,69.11,0.88,-1,-1,-1
126,15,125.59,264.56,74.58,199.42,0.91,-1,-1,-1
126,16,642.86,245.51,17.61,50.81,0.46,-1,-1,-1
126,17,628.18,246.32,18.62,52.65,0.84,-1,-1,-1
126,18,613.10,246.40,18.93,53.54,0.84,-1,-1,-1
126,14,583.40,246.10,22.73,57.85,0.84,-1,-1,-1
127,2,402.16,190.35,115.83,374.45,0.95,-1,-1,-1
127,5,506.80,234.57,123.18,340.48,0.94,-1,-1,-1
127,12,169.41,261.01,83.28,184.63,0.91,-1,-1,-1
127,13,644.44,249.04,30.64,69.15,0.89,-1,-1,-1
127,15,120.67,263.46,74.06,200.92,0.91,-1,-1,-1
127,16,642.80,245.38,17.29,50.56,0.42,-1,-1,-1
127,17,627.75,246.45,19.43,52.38,0.85,-1,-1,-1
127,18,613.08,246.22,18.94,53.92,0.84,-1,-1,-1
127,14,583.87,245.62,22.77,59.88,0.85,-1,-1,-1
128,2,394.01,187.17,117.10,379.42,0.94,-1,-1,-1
128,5,499.44,233.92,124.71,348.97,0.94,-1,-1,-1
128,12,166.13,260.33,83.98,186.27,0.90,-1,-1,-1
128,13,644.57,248.84,30.08,69.11,0.90,-1,-1,-1
128,15,116.43,262.92,73.55,202.76,0.90,-1,-1,-1
128,16,642.86,245.39,17.16,50.42,0.51,-1,-1,-1
128,17,627.68,246.40,19.72,52.53,0.85,-1,-1,-1
128,18,613.17,246.51,18.92,53.69,0.84,-1,-1,-1
128,14,584.47,245.64,22.75,61.44,0.87,-1,-1,-1
128,19,577.80,248.62,16.20,51.75,0.72,-1,-1,-1
129,2,385.10,185.16,118.80,387.37,0.94,-1,-1,-1
129,5,493.53,234.20,124.76,358.95,0.95,-1,-1,-1
129,12,162.37,259.87,85.52,187.63,0.91,-1,-1,-1
129,13,644.72,248.41,29.88,69.76,0.90,-1,-1,-1
129,15,110.18,262.51,74.31,203.90,0.87,-1,-1,-1
129,16,642.98,245.36,17.72,51.01,0.59,-1,-1,-1
129,17,627.74,246.34,19.84,52.62,0.85,-1,-1,-1
129,18,613.28,246.41,18.92,53.95,0.85,-1,-1,-1
129,14,584.15,245.62,23.33,62.06,0.88,-1,-1,-1
129,19,577.05,248.10,17.66,56.14,0.77,-1,-1,-1
130,2,374.80,183.09,124.11,402.52,0.94,-1,-1,-1
130,5,485.00,233.55,126.38,368.20,0.94,-1,-1,-1
130,12,156.78,259.79,86.14,187.62,0.91,-1,-1,-1
130,13,644.65,247.83,29.77,70.34,0.89,-1,-1,-1
130,15,103.27,262.28,76.86,205.72,0.90,-1,-1,-1
130,16,642.90,245.83,17.91,50.05,0.60,-1,-1,-1
130,17,627.62,246.20,19.26,52.68,0.86,-1,-1,-1
130,18,613.18,246.09,18.90,54.06,0.85,-1,-1,-1
130,14,584.16,245.47,23.51,62.29,0.88,-1,-1,-1
130,19,575.45,248.00,19.96,57.34,0.81,-1,-1,-1
131,2,365.48,182.41,125.56,414.26,0.94,-1,-1,-1
131,5,477.66,232.41,128.09,376.90,0.95,-1,-1,-1
131,12,151.95,259.64,89.27,189.18,0.90,-1,-1,-1
131,13,644.26,248.54,30.33,70.00,0.90,-1,-1,-1
131,15,94.92,263.27,81.28,206.02,0.91,-1,-1,-1
131,16,642.80,245.90,17.98,49.41,0.60,-1,-1,-1
131,17,627.80,246.62,19.03,52.43,0.86,-1,-1,-1
131,18,613.06,246.29,18.89,54.12,0.85,-1,-1,-1
131,14,584.34,245.59,22.97,62.37,0.88,-1,-1,-1
131,19,574.85,248.24,20.13,57.76,0.82,-1,-1,-1
132,2,355.50,181.62,129.26,426.34,0.94,-1,-1,-1
132,5,467.69,231.36,133.58,384.92,0.95,-1,-1,-1
132,12,147.38,259.91,91.45,189.84,0.90,-1,-1,-1
132,13,644.88,248.16,29.96,70.51,0.89,-1,-1,-1
132,15,87.12,264.12,84.50,207.85,0.92,-1,-1,-1
132,16,642.93,245.72,18.02,49.49,0.53,-1,-1,-1
132,17,627.73,246.88,18.95,52.35,0.86,-1,-1,-1
132,18,612.87,246.48,18.90,54.16,0.85,-1,-1,-1
132,14,584.83,245.30,22.16,62.68,0.87,-1,-1,-1
132,19,574.29,248.44,20.76,58.19,0.82,-1,-1,-1
133,2,344.91,183.18,130.69,436.03,0.95,-1,-1,-1
133,5,457.79,231.11,140.70,390.56,0.96,-1,-1,-1
133,12,141.62,261.12,96.37,190.74,0.90,-1,-1,-1
133,13,645.70,248.31,29.16,70.62,0.89,-1,-1,-1
133,15,80.74,264.48,89.53,210.05,0.91,-1,-1,-1
133,16,643.26,245.35,18.00,50.08,0.65,-1,-1,-1
133,17,627.69,247.28,18.90,52.56,0.86,-1,-1,-1
133,18,613.12,246.83,18.87,54.11,0.85,-1,-1,-1
133,14,585.34,245.79,21.81,62.39,0.87,-1,-1,-1
133,19,574.47,248.77,20.92,58.25,0.82,-1,-1,-1
134,2,333.38,184.92,133.68,447.47,0.94,-1,-1,-1
134,5,446.96,231.47,148.22,397.04,0.96,-1,-1,-1
134,12,134.71,261.15,100.30,193.13,0.89,-1,-1,-1
134,13,646.10,248.71,28.90,70.76,0.89,-1,-1,-1
134,15,74.53,265.81,91.70,211.47,0.93,-1,-1,-1
134,16,643.17,245.11,18.61,51.26,0.67,-1,-1,-1
134,17,627.44,247.47,18.90,53.02,0.86,-1,-1,-1
134,18,612.65,247.16,19.49,54.15,0.84,-1,-1,-1
134,14,585.22,246.02,22.31,62.62,0.88,-1,-1,-1
134,19,574.60,249.06,20.34,58.01,0.82,-1,-1,-1
134,20,666.90,242.10,16.20,42.30,0.73,-1,-1,-1
135,2,322.78,186.41,137.49,459.96,0.95,-1,-1,-1
135,5,437.08,229.77,156.25,405.29,0.96,-1,-1,-1
135,12,131.62,262.87,101.30,193.26,0.88,-1,-1,-1
135,13,646.91,249.33,29.40,70.45,0.89,-1,-1,-1
135,15,70.30,266.85,93.02,212.83,0.92,-1,-1,-1
135,16,643.81,245.06,18.83,52.26,0.67,-1,-1,-1
135,17,628.04,247.86,18.89,52.84,0.84,-1,-1,-1
135,18,613.48,247.60,19.12,53.83,0.83,-1,-1,-1
135,14,585.29,246.15,23.07,62.91,0.88,-1,-1,-1
135,19,575.41,249.19,20.08,57.53,0.80,-1,-1,-1
135,20,666.76,242.05,16.93,42.03,0.74,-1,-1,-1
136,2,311.83,186.88,142.72,478.49,0.94,-1,-1,-1
136,5,425.77,230.26,166.11,411.88,0.96,-1,-1,-1
136,12,128.87,264.88,100.95,194.39,0.89,-1,-1,-1
136,13,647.14,249.34,30.19,71.20,0.88,-1,-1,-1
136,15,66.00,268.15,94.87,213.51,0.92,-1,-1,-1
136,16,644.28,245.12,19.51,52.91,0.69,-1,-1,-1
136,17,628.19,248.09,18.89,52.75,0.85,-1,-1,-1
136,18,613.73,248.00,18.97,53.68,0.84,-1,-1,-1
136,14,585.56,246.29,23.36,62.97,0.88,-1,-1,-1
136,19,576.29,249.48,19.36,57.64,0.80,-1,-1,-1
136,20,667.11,241.89,17.07,41.64,0.76,-1,-1,-1
137,2,300.78,185.59,146.42,493.79,0.94,-1,-1,-1
137,5,415.16,230.44,175.24,417.89,0.96,-1,-1,-1
137,12,126.62,263.95,101.05,193.67,0.89,-1,-1,-1
137,13,648.00,249.95,29.30,70.92,0.89,-1,-1,-1
137,15,61.68,268.45,96.85,216.04,0.94,-1,-1,-1
137,16,644.94,245.17,19.17,52.88,0.64,-1,-1,-1
137,17,628.71,248.18,18.90,53.03,0.84,-1,-1,-1
137,18,613.98,248.16,19.52,53.93,0.84,-1,-1,-1
137,14,586.10,246.35,24.06,62.98,0.88,-1,-1,-1
137,19,576.76,249.90,19.70,57.38,0.80,-1,-1,-1
137,20,667.61,241.87,16.42,41.12,0.76,-1,-1,-1
138,2,288.22,184.21,152.32,506.10,0.94,-1,-1,-1
138,5,405.90,230.40,183.46,426.17,0.96,-1,-1,-1
138,12,122.38,263.61,102.85,194.71,0.89,-1,-1,-1
138,13,648.64,250.11,28.97,70.45,0.89,-1,-1,-1
138,15,57.95,268.60,98.39,218.00,0.93,-1,-1,-1
138,16,645.52,245.12,19.05,52.52,0.61,-1,-1,-1
138,17,629.26,248.00,18.91,53.10,0.85,-1,-1,-1
138,18,614.45,247.86,19.74,54.30,0.84,-1,-1,-1
138,14,586.68,246.47,24.93,62.92,0.88,-1,-1,-1
138,19,576.72,250.19,20.44,57.24,0.82,-1,-1,-1
138,20,667.38,242.03,16.22,40.59,0.78,-1,-1,-1
139,2,276.80,182.89,157.25,514.94,0.94,-1,-1,-1
139,5,397.34,231.08,191.86,445.54,0.96,-1,-1,-1
139,12,120.77,263.60,101.92,196.32,0.90,-1,-1,-1
139,13,650.18,250.39,27.66,70.30,0.88,-1,-1,-1
139,15,53.66,269.08,99.89,219.20,0.93,-1,-1,-1
139,16,646.13,245.04,19.01,52.69,0.66,-1,-1,-1
139,17,630.16,248.02,18.33,53.14,0.84,-1,-1,-1
139,18,615.02,247.53,19.83,55.05,0.83,-1,-1,-1
139,14,588.16,246.31,24.68,63.19,0.87,-1,-1,-1
139,19,577.69,250.39,20.13,57.51,0.82,-1,-1,-1
139,20,667.04,241.87,16.83,41.11,0.70,-1,-1,-1
140,2,264.94,180.19,161.81,526.51,0.94,-1,-1,-1
140,5,388.89,231.45,200.32,465.91,0.96,-1,-1,-1
140,12,118.46,263.46,101.82,196.90,0.89,-1,-1,-1
140,13,651.22,250.13,27.18,70.24,0.89,-1,-1,-1
140,15,48.95,268.84,101.47,220.49,0.91,-1,-1,-1
140,16,646.55,244.80,19.00,52.45,0.76,-1,-1,-1
140,17,630.66,247.81,18.12,53.15,0.84,-1,-1,-1
140,18,615.71,247.94,19.28,54.13,0.84,-1,-1,-1
140,14,589.49,246.19,24.58,63.27,0.88,-1,-1,-1
140,19,578.25,250.26,20.00,57.91,0.83,-1,-1,-1
140,20,667.50,241.95,16.41,41.93,0.72,-1,-1,-1
141,2,253.64,176.26,164.52,537.20,0.94,-1,-1,-1
141,5,380.90,232.71,207.93,488.58,0.96,-1,-1,-1
141,12,115.03,263.03,102.82,197.91,0.88,-1,-1,-1
141,13,651.60,249.77,26.99,70.44,0.88,-1,-1,-1
141,15,43.73,268.37,103.96,222.31,0.93,-1,-1,-1
141,16,646.40,244.62,18.98,53.19,0.67,-1,-1,-1
141,17,631.18,247.78,17.42,52.80,0.82,-1,-1,-1
141,18,616.00,248.00,19.05,54.02,0.84,-1,-1,-1
141,14,590.04,246.35,25.10,63.21,0.86,-1,-1,-1
141,19,579.14,250.11,19.33,58.30,0.83,-1,-1,-1
141,20,667.71,242.51,15.61,40.62,0.60,-1,-1,-1
142,2,241.89,171.14,166.64,547.95,0.95,-1,-1,-1
142,5,372.69,233.78,215.81,505.06,0.96,-1,-1,-1
142,12,109.86,262.14,105.38,198.04,0.86,-1,-1,-1
142,13,652.25,249.44,26.32,70.80,0.88,-1,-1,-1
142,15,38.47,268.05,107.95,223.32,0.92,-1,-1,-1
142,16,646.85,244.66,18.37,53.15,0.73,-1,-1,-1
142,17,631.28,247.13,17.78,53.55,0.83,-1,-1,-1
142,18,616.33,247.68,18.96,54.26,0.85,-1,-1,-1
142,14,590.76,246.23,25.29,63.15,0.87,-1,-1,-1
142,19,580.02,250.33,18.45,58.13,0.83,-1,-1,-1
142,20,667.73,243.01,15.33,39.50,0.68,-1,-1,-1
143,2,225.78,164.72,173.35,564.82,0.95,-1,-1,-1
143,5,363.69,235.42,224.41,513.32,0.96,-1,-1,-1
143,12,105.54,262.03,106.27,196.81,0.88,-1,-1,-1
143,13,653.64,249.02,26.19,71.43,0.87,-1,-1,-1
143,15,31.21,268.20,107.15,224.58,0.92,-1,-1,-1
143,16,647.54,244.82,18.20,53.28,0.66,-1,-1,-1
143,17,631.21,247.33,18.58,53.68,0.83,-1,-1,-1
143,18,616.59,247.56,19.00,54.50,0.85,-1,-1,-1
143,14,591.36,246.04,25.45,63.59,0.88,-1,-1,-1
143,19,580.39,250.29,18.82,58.52,0.84,-1,-1,-1
143,20,667.76,242.55,15.92,40.15,0.59,-1,-1,-1
144,2,209.32,158.09,179.88,578.07,0.94,-1,-1,-1
144,5,353.62,237.06,232.46,526.44,0.95,-1,-1,-1
144,12,102.58,261.50,104.51,197.65,0.87,-1,-1,-1
144,13,654.30,248.53,27.38,71.13,0.87,-1,-1,-1
144,15,24.39,267.32,106.69,226.51,0.90,-1,-1,-1
144,16,648.25,245.16,17.55,53.05,0.61,-1,-1,-1
144,17,631.31,247.09,18.90,53.76,0.85,-1,-1,-1
144,18,616.51,247.35,19.63,54.63,0.86,-1,-1,-1
144,14,591.98,245.79,25.52,63.49,0.89,-1,-1,-1
144,19,580.63,250.40,18.96,58.10,0.86,-1,-1,-1
144,20,666.74,242.82,16.76,41.35,0.42,-1,-1,-1
145,2,196.45,153.80,183.58,588.48,0.94,-1,-1,-1
145,5,345.76,240.12,237.17,533.53,0.95,-1,-1,-1
145,12,98.53,261.75,107.16,200.94,0.85,-1,-1,-1
145,13,655.05,248.58,27.09,69.86,0.87,-1,-1,-1
145,15,20.52,266.76,107.14,227.96,0.90,-1,-1,-1
145,16,649.35,245.53,17.21,52.79,0.60,-1,-1,-1
145,17,632.24,247.37,18.92,53.61,0.83,-1,-1,-1
145,18,617.43,247.63,19.17,54.49,0.84,-1,-1,-1
145,14,592.63,245.90,26.00,63.23,0.89,-1,-1,-1
145,19,581.79,250.77,18.92,57.75,0.85,-1,-1,-1
145,20,666.25,243.17,16.40,42.27,0.12,-1,-1,-1
146,2,181.00,149.58,190.45,599.88,0.93,-1,-1,-1
146,5,337.54,239.93,241.76,544.41,0.95,-1,-1,-1
146,12,97.16,262.03,102.13,206.70,0.84,-1,-1,-1
146,13,655.51,247.69,26.96,70.28,0.88,-1,-1,-1
146,15,15.48,266.87,106.78,228.66,0.90,-1,-1,-1
146,16,649.95,245.67,17.07,52.36,0.65,-1,-1,-1
146,17,632.81,247.77,18.91,53.53,0.83,-1,-1,-1
146,18,617.99,247.57,18.97,54.72,0.85,-1,-1,-1
146,14,593.40,246.08,25.55,62.79,0.89,-1,-1,-1
146,19,582.77,251.04,18.88,57.59,0.85,-1,-1,-1
146,20,667.23,243.74,15.63,40.49,0.37,-1,-1,-1
147,2,161.18,147.84,200.17,623.01,0.92,-1,-1,-1
147,5,327.22,238.56,246.60,558.57,0.95,-1,-1,-1
147,12,92.16,262.09,103.24,210.39,0.81,-1,-1,-1
147,13,657.28,247.41,26.38,70.00,0.87,-1,-1,-1
147,15,7.73,266.12,104.85,233.03,0.91,-1,-1,-1
147,16,651.47,247.12,17.07,51.73,0.57,-1,-1,-1
147,17,633.97,247.97,18.35,53.93,0.80,-1,-1,-1
147,18,618.51,247.60,18.95,54.94,0.84,-1,-1,-1
147,14,593.91,246.50,25.43,62.47,0.88,-1,-1,-1
147,19,583.05,251.04,19.52,57.97,0.85,-1,-1,-1
148,2,140.39,146.83,209.68,651.92,0.91,-1,-1,-1
148,5,317.63,237.16,252.03,579.45,0.94,-1,-1,-1
148,12,85.00,262.04,109.77,217.03,0.82,-1,-1,-1
148,13,657.53,246.83,26.80,70.52,0.87,-1,-1,-1
148,15,-0.11,266.23,105.21,235.02,0.89,-1,-1,-1
148,16,652.24,247.78,17.09,50.90,0.61,-1,-1,-1
148,17,634.30,248.47,18.15,53.80,0.82,-1,-1,-1
148,18,618.59,247.73,18.96,55.04,0.85,-1,-1,-1
148,14,594.57,246.93,24.80,62.36,0.88,-1,-1,-1
148,19,583.32,251.17,19.19,58.14,0.84,-1,-1,-1
149,2,115.43,146.04,227.16,677.08,0.90,-1,-1,-1
149,5,310.90,235.98,254.29,603.18,0.93,-1,-1,-1
149,12,78.43,263.60,113.17,221.03,0.80,-1,-1,-1
149,13,657.66,247.30,27.48,70.89,0.88,-1,-1,-1
149,15,-4.98,266.18,101.61,237.66,0.92,-1,-1,-1
149,16,652.28,247.17,17.66,51.71,0.68,-1,-1,-1
149,17,634.52,249.17,18.63,53.64,0.83,-1,-1,-1
149,18,619.37,248.14,18.90,54.97,0.84,-1,-1,-1
149,14,595.29,247.44,24.47,62.51,0.88,-1,-1,-1
149,19,583.63,251.40,19.59,58.39,0.85,-1,-1,-1
