0,1,433.80,156.49,94.50,229.16,0.95,-1,-1,-1
0,2,1009.80,176.17,81.00,221.85,0.93,-1,-1,-1
0,3,1127.70,174.26,187.20,435.04,0.92,-1,-1,-1
0,4,514.80,189.00,63.90,171.90,0.89,-1,-1,-1
0,5,553.95,190.80,28.80,74.92,0.87,-1,-1,-1
0,6,879.75,195.07,60.75,185.40,0.86,-1,-1,-1
0,7,929.70,188.32,79.20,220.05,0.84,-1,-1,-1
0,8,963.90,178.42,66.60,198.00,0.83,-1,-1,-1
0,9,842.40,182.70,51.30,172.80,0.82,-1,-1,-1
0,10,589.95,193.05,19.80,58.27,0.76,-1,-1,-1
1,1,433.59,155.74,93.86,229.82,0.95,-1,-1,-1
1,2,1012.64,175.97,81.12,223.28,0.93,-1,-1,-1
1,3,1126.78,173.94,193.72,440.53,0.91,-1,-1,-1
1,4,515.86,188.28,63.22,172.49,0.91,-1,-1,-1
1,5,554.28,190.47,28.84,74.82,0.86,-1,-1,-1
1,6,881.26,195.30,62.80,187.96,0.86,-1,-1,-1
1,7,931.66,189.22,80.88,216.89,0.83,-1,-1,-1
1,8,966.68,178.52,66.70,194.82,0.84,-1,-1,-1
1,9,842.69,182.13,52.16,174.96,0.81,-1,-1,-1
1,10,590.32,193.79,19.83,58.25,0.71,-1,-1,-1
1,11,499.05,186.75,30.60,104.85,0.72,-1,-1,-1
2,1,433.15,155.16,93.80,230.86,0.95,-1,-1,-1
2,2,1017.46,176.39,79.79,224.54,0.93,-1,-1,-1
2,3,1126.11,175.54,196.38,443.07,0.91,-1,-1,-1
2,4,517.44,188.41,63.13,173.34,0.91,-1,-1,-1
2,5,553.97,190.66,29.57,74.11,0.85,-1,-1,-1
2,6,883.01,195.72,63.20,188.80,0.86,-1,-1,-1
2,7,936.29,188.96,78.44,217.35,0.83,-1,-1,-1
2,8,970.07,178.64,66.76,195.28,0.84,-1,-1,-1
2,9,843.86,181.71,52.35,178.53,0.81,-1,-1,-1
2,10,590.39,194.07,19.85,58.17,0.71,-1,-1,-1
2,11,499.23,186.09,30.68,104.39,0.61,-1,-1,-1
3,1,433.33,154.53,92.82,230.34,0.95,-1,-1,-1
3,2,1021.39,176.31,79.27,225.63,0.93,-1,-1,-1
3,3,1124.83,176.90,196.89,445.37,0.92,-1,-1,-1
3,4,517.97,188.50,63.74,174.51,0.91,-1,-1,-1
3,5,553.57,190.43,30.45,73.15,0.85,-1,-1,-1
3,6,885.73,196.04,61.50,185.19,0.85,-1,-1,-1
3,7,940.96,189.32,76.12,218.11,0.83,-1,-1,-1
3,8,972.90,178.72,66.70,198.38,0.83,-1,-1,-1
3,9,845.09,181.18,53.02,181.56,0.80,-1,-1,-1
3,10,590.41,193.77,19.83,58.53,0.72,-1,-1,-1
3,11,499.61,185.29,30.69,97.95,0.61,-1,-1,-1
4,1,433.89,154.81,91.33,229.33,0.95,-1,-1,-1
4,2,1025.88,176.79,77.78,226.47,0.92,-1,-1,-1
4,3,1124.48,178.33,199.57,447.40,0.91,-1,-1,-1
4,4,518.76,189.84,64.60,172.89,0.91,-1,-1,-1
4,5,554.09,190.42,30.06,73.63,0.83,-1,-1,-1
4,6,887.91,196.04,61.57,183.92,0.86,-1,-1,-1
4,7,942.28,190.02,78.16,217.15,0.84,-1,-1,-1
4,8,973.06,178.66,69.34,201.48,0.84,-1,-1,-1
4,9,845.81,181.27,53.87,179.43,0.79,-1,-1,-1
4,10,590.41,193.64,19.82,58.49,0.75,-1,-1,-1
4,11,499.80,184.60,29.95,99.39,0.49,-1,-1,-1
5,1,433.54,153.72,91.00,228.47,0.95,-1,-1,-1
5,2,1026.38,176.08,79.93,228.45,0.92,-1,-1,-1
5,3,1125.52,178.64,200.35,451.22,0.91,-1,-1,-1
5,4,519.57,190.22,64.21,171.30,0.91,-1,-1,-1
5,5,554.54,190.10,29.89,74.37,0.83,-1,-1,-1
5,6,889.08,195.65,62.24,185.15,0.86,-1,-1,-1
5,7,943.78,189.13,78.83,217.68,0.84,-1,-1,-1
5,8,974.18,178.26,71.47,205.99,0.84,-1,-1,-1
5,9,845.58,181.01,56.05,183.80,0.79,-1,-1,-1
5,10,590.34,193.28,19.81,58.87,0.76,-1,-1,-1
5,11,500.52,184.00,29.71,99.55,0.54,-1,-1,-1
6,1,433.46,153.22,90.91,227.99,0.95,-1,-1,-1
6,2,1029.56,175.07,79.40,230.17,0.93,-1,-1,-1
6,3,1128.37,179.99,199.23,453.65,0.92,-1,-1,-1
6,4,518.89,190.83,64.69,169.45,0.92,-1,-1,-1
6,5,554.40,189.85,30.44,74.47,0.84,-1,-1,-1
6,6,890.97,195.37,62.79,187.49,0.84,-1,-1,-1
6,7,943.50,188.68,81.61,222.29,0.85,-1,-1,-1
6,8,976.34,178.07,72.19,206.93,0.83,-1,-1,-1
6,9,847.31,181.28,55.55,182.42,0.79,-1,-1,-1
6,10,590.33,193.34,19.80,58.99,0.79,-1,-1,-1
6,11,501.10,183.69,28.97,95.02,0.61,-1,-1,-1
7,1,433.79,152.16,90.88,228.07,0.95,-1,-1,-1
7,2,1034.52,174.88,77.92,230.97,0.93,-1,-1,-1
7,3,1132.11,181.40,196.21,453.02,0.91,-1,-1,-1
7,4,518.68,190.85,64.83,168.48,0.91,-1,-1,-1
7,5,554.72,189.53,30.63,74.06,0.82,-1,-1,-1
7,6,892.97,195.10,65.45,189.33,0.86,-1,-1,-1
7,7,946.58,188.90,81.33,224.22,0.82,-1,-1,-1
7,8,978.47,177.62,72.37,208.70,0.78,-1,-1,-1
7,9,847.76,180.89,57.15,185.30,0.78,-1,-1,-1
7,10,590.71,193.20,19.17,59.12,0.76,-1,-1,-1
7,11,501.33,183.61,29.38,91.34,0.64,-1,-1,-1
8,1,434.49,151.54,90.75,228.04,0.95,-1,-1,-1
8,2,1038.27,173.70,77.43,232.66,0.93,-1,-1,-1
8,3,1132.98,181.40,195.07,448.27,0.91,-1,-1,-1
8,4,518.33,189.81,65.49,171.19,0.92,-1,-1,-1
8,5,555.18,189.54,30.68,73.99,0.82,-1,-1,-1
8,6,893.68,195.38,67.33,188.35,0.83,-1,-1,-1
8,7,951.01,188.36,79.99,225.27,0.80,-1,-1,-1
8,8,980.06,176.21,73.63,212.42,0.79,-1,-1,-1
8,9,848.88,180.32,57.72,187.95,0.78,-1,-1,-1
8,10,590.85,193.04,18.94,59.34,0.77,-1,-1,-1
8,11,501.78,183.82,28.91,87.12,0.61,-1,-1,-1
9,1,434.94,150.30,90.74,229.34,0.95,-1,-1,-1
9,2,1041.73,172.58,77.27,234.07,0.93,-1,-1,-1
9,3,1136.81,181.45,192.22,428.27,0.90,-1,-1,-1
9,4,518.75,190.74,65.13,171.74,0.92,-1,-1,-1
9,5,556.24,189.51,29.48,73.42,0.82,-1,-1,-1
9,6,895.66,195.46,67.12,188.37,0.83,-1,-1,-1
9,7,953.48,187.07,80.72,223.47,0.82,-1,-1,-1
9,8,982.76,175.89,74.08,213.02,0.80,-1,-1,-1
9,9,851.03,179.68,56.69,189.05,0.79,-1,-1,-1
9,10,590.91,192.79,18.87,59.47,0.79,-1,-1,-1
9,11,501.54,183.88,29.38,88.80,0.57,-1,-1,-1
10,1,435.19,149.85,90.57,229.60,0.95,-1,-1,-1
10,2,1045.06,171.82,77.22,234.92,0.93,-1,-1,-1
10,3,1137.89,179.73,196.06,425.89,0.90,-1,-1,-1
10,4,518.50,190.52,66.19,171.82,0.92,-1,-1,-1
10,5,556.22,189.47,29.63,74.88,0.80,-1,-1,-1
10,6,896.13,195.06,69.40,187.93,0.83,-1,-1,-1
10,7,955.29,186.23,82.18,223.90,0.83,-1,-1,-1
10,8,985.28,175.07,74.18,211.94,0.81,-1,-1,-1
10,9,852.83,178.80,56.25,188.12,0.80,-1,-1,-1
10,10,590.82,192.59,18.85,59.57,0.76,-1,-1,-1
10,11,501.06,183.77,30.17,94.17,0.57,-1,-1,-1
11,1,435.31,150.21,90.53,230.14,0.95,-1,-1,-1
11,2,1047.98,171.45,77.21,235.93,0.93,-1,-1,-1
11,3,1139.46,177.21,198.66,427.95,0.90,-1,-1,-1
11,4,519.04,189.09,67.77,170.77,0.93,-1,-1,-1
11,5,556.54,189.57,29.68,75.49,0.77,-1,-1,-1
11,6,897.76,194.41,69.93,188.74,0.83,-1,-1,-1
11,7,956.49,185.30,82.71,225.76,0.82,-1,-1,-1
11,8,986.76,174.28,75.39,214.69,0.80,-1,-1,-1
11,9,854.08,178.45,56.07,184.43,0.79,-1,-1,-1
11,10,591.12,192.33,18.84,59.82,0.76,-1,-1,-1
11,11,500.90,183.69,30.46,97.25,0.59,-1,-1,-1
12,1,435.50,151.00,90.71,230.07,0.95,-1,-1,-1
12,2,1049.63,171.14,79.70,236.75,0.93,-1,-1,-1
12,3,1141.32,174.93,198.49,433.80,0.90,-1,-1,-1
12,4,520.45,188.50,67.79,169.72,0.92,-1,-1,-1
12,5,556.67,189.70,29.71,74.90,0.73,-1,-1,-1
12,6,898.41,193.32,71.33,188.23,0.84,-1,-1,-1
12,7,959.35,183.88,82.93,227.82,0.81,-1,-1,-1
12,8,987.95,174.50,75.85,215.76,0.72,-1,-1,-1
12,9,855.79,177.94,56.62,186.29,0.78,-1,-1,-1
12,10,591.26,192.25,18.85,59.92,0.74,-1,-1,-1
12,11,509.94,190.61,33.01,104.78,0.72,-1,-1,-1
13,1,435.59,151.89,90.80,229.87,0.95,-1,-1,-1
13,2,1052.56,170.63,80.62,238.72,0.93,-1,-1,-1
13,3,1142.57,174.04,198.41,437.36,0.90,-1,-1,-1
13,4,520.40,187.34,68.37,170.55,0.92,-1,-1,-1
13,5,556.13,189.88,29.72,73.90,0.64,-1,-1,-1
13,6,899.81,193.19,71.83,189.38,0.82,-1,-1,-1
13,7,964.56,183.63,80.59,229.30,0.81,-1,-1,-1
13,8,990.13,174.19,77.19,217.80,0.75,-1,-1,-1
13,9,857.90,178.26,55.61,182.80,0.79,-1,-1,-1
13,10,591.33,192.20,18.86,59.95,0.72,-1,-1,-1
13,11,514.16,192.59,33.36,106.42,0.76,-1,-1,-1
14,1,435.80,152.77,91.45,229.99,0.95,-1,-1,-1
14,2,1055.57,170.92,80.99,238.93,0.93,-1,-1,-1
14,3,1144.99,173.57,199.57,440.84,0.91,-1,-1,-1
14,4,520.82,187.26,69.18,171.09,0.91,-1,-1,-1
14,5,555.46,190.13,30.33,74.56,0.62,-1,-1,-1
14,6,901.17,193.64,71.40,185.87,0.79,-1,-1,-1
14,7,964.87,182.68,85.80,230.09,0.82,-1,-1,-1
14,8,990.54,174.04,78.88,221.40,0.73,-1,-1,-1
14,9,859.57,178.45,54.01,180.36,0.79,-1,-1,-1
14,10,591.48,192.36,18.87,59.92,0.71,-1,-1,-1
14,11,515.92,193.90,32.30,104.80,0.71,-1,-1,-1
15,1,436.71,154.67,91.89,229.36,0.95,-1,-1,-1
15,2,1058.70,170.95,82.35,238.75,0.93,-1,-1,-1
15,3,1147.39,174.22,198.87,444.12,0.90,-1,-1,-1
15,4,521.68,187.01,68.91,172.26,0.91,-1,-1,-1
15,5,555.93,190.22,29.97,74.60,0.64,-1,-1,-1
15,6,904.88,194.19,70.63,185.51,0.82,-1,-1,-1
15,7,967.00,182.25,86.53,229.82,0.83,-1,-1,-1
15,8,995.08,174.20,75.97,217.10,0.71,-1,-1,-1
15,9,861.28,177.98,54.04,181.95,0.78,-1,-1,-1
15,10,591.37,192.34,19.49,60.39,0.71,-1,-1,-1
15,11,516.63,194.25,31.88,102.52,0.66,-1,-1,-1
16,1,437.70,156.06,92.68,229.00,0.95,-1,-1,-1
16,2,1062.31,170.89,82.87,237.15,0.93,-1,-1,-1
16,3,1148.39,175.36,198.63,448.62,0.90,-1,-1,-1
16,4,521.77,188.05,68.19,171.82,0.89,-1,-1,-1
16,5,554.98,188.97,31.65,80.37,0.54,-1,-1,-1
16,6,907.86,193.56,70.62,189.36,0.83,-1,-1,-1
16,7,969.04,182.40,86.80,231.44,0.83,-1,-1,-1
16,8,998.69,174.04,76.00,217.80,0.70,-1,-1,-1
16,9,862.59,178.34,54.67,182.27,0.77,-1,-1,-1
16,10,591.42,192.27,19.73,59.06,0.70,-1,-1,-1
16,11,516.90,193.74,31.72,100.65,0.65,-1,-1,-1
17,1,438.91,157.55,93.32,228.71,0.95,-1,-1,-1
17,2,1064.97,171.56,82.96,240.34,0.93,-1,-1,-1
17,3,1150.06,177.46,198.31,450.88,0.90,-1,-1,-1
17,4,523.61,188.22,67.83,172.43,0.90,-1,-1,-1
17,5,555.81,188.96,31.05,78.39,0.60,-1,-1,-1
17,6,911.65,194.19,68.12,188.85,0.78,-1,-1,-1
17,7,972.99,183.14,85.58,230.72,0.81,-1,-1,-1
17,8,999.63,173.52,78.31,220.57,0.72,-1,-1,-1
17,9,863.10,178.44,53.64,183.15,0.77,-1,-1,-1
17,10,591.70,192.23,19.80,59.95,0.71,-1,-1,-1
17,11,516.36,193.48,32.22,100.41,0.62,-1,-1,-1
18,1,440.28,158.86,94.19,228.15,0.95,-1,-1,-1
18,2,1067.08,171.61,84.21,242.10,0.93,-1,-1,-1
18,3,1152.47,178.64,198.24,453.91,0.89,-1,-1,-1
18,4,523.42,189.71,71.92,172.74,0.90,-1,-1,-1
18,5,555.27,189.03,32.02,79.74,0.58,-1,-1,-1
18,6,915.15,195.68,66.86,187.96,0.76,-1,-1,-1
18,7,974.43,183.76,92.33,235.16,0.81,-1,-1,-1
18,8,995.22,176.26,82.75,227.25,0.75,-1,-1,-1
18,9,863.56,178.61,53.27,183.47,0.76,-1,-1,-1
18,10,591.54,192.60,20.42,60.35,0.70,-1,-1,-1
18,11,517.05,194.05,31.81,98.87,0.57,-1,-1,-1
19,1,441.31,159.91,95.10,227.06,0.94,-1,-1,-1
19,2,1070.15,171.94,84.67,246.34,0.92,-1,-1,-1
19,3,1153.92,179.38,200.61,459.25,0.88,-1,-1,-1
19,4,522.99,189.58,74.59,174.00,0.91,-1,-1,-1
19,5,555.02,189.12,32.37,80.01,0.67,-1,-1,-1
19,6,918.47,195.10,67.91,194.37,0.76,-1,-1,-1
19,7,974.92,184.75,94.80,234.57,0.82,-1,-1,-1
19,8,999.32,176.00,80.91,224.68,0.65,-1,-1,-1
19,9,865.48,179.13,51.92,180.59,0.75,-1,-1,-1
19,10,591.72,192.73,20.07,60.35,0.74,-1,-1,-1
19,11,519.01,194.82,29.84,94.05,0.41,-1,-1,-1
20,1,442.71,160.20,95.37,225.37,0.95,-1,-1,-1
20,2,1072.84,171.56,85.95,255.92,0.92,-1,-1,-1
20,3,1156.62,181.91,197.74,461.17,0.87,-1,-1,-1
20,4,523.79,189.76,73.79,174.39,0.89,-1,-1,-1
20,5,555.30,189.24,31.88,79.76,0.71,-1,-1,-1
20,6,916.53,193.14,74.26,199.72,0.74,-1,-1,-1
20,7,975.49,184.98,98.00,237.95,0.84,-1,-1,-1
20,8,1005.56,175.75,77.64,223.49,0.57,-1,-1,-1
20,9,866.09,178.55,51.38,182.16,0.75,-1,-1,-1
20,10,591.86,192.94,19.90,59.80,0.73,-1,-1,-1
20,11,517.91,194.44,31.54,100.64,0.37,-1,-1,-1
21,1,444.81,160.25,94.75,225.40,0.95,-1,-1,-1
21,2,1075.62,171.55,86.46,255.62,0.93,-1,-1,-1
21,3,1158.28,185.30,201.55,462.36,0.83,-1,-1,-1
21,4,524.05,189.47,75.85,175.16,0.90,-1,-1,-1
21,5,555.99,189.47,31.09,76.88,0.67,-1,-1,-1
21,6,919.62,192.70,75.17,201.96,0.75,-1,-1,-1
21,7,978.04,184.25,99.23,239.36,0.83,-1,-1,-1
21,8,1007.30,175.18,78.82,224.32,0.51,-1,-1,-1
21,9,867.82,177.75,51.22,184.51,0.76,-1,-1,-1
21,10,592.19,192.97,19.85,59.14,0.71,-1,-1,-1
21,11,518.69,195.24,30.95,101.69,0.13,-1,-1,-1
21,12,906.75,197.32,41.85,112.05,0.72,-1,-1,-1
22,1,445.57,159.56,96.21,226.23,0.95,-1,-1,-1
22,2,1077.98,171.52,87.72,254.30,0.91,-1,-1,-1
22,3,1161.41,178.08,221.88,474.66,0.76,-1,-1,-1
22,4,522.91,188.02,77.11,176.78,0.89,-1,-1,-1
22,5,556.18,189.57,30.14,75.36,0.67,-1,-1,-1
22,6,920.18,192.76,75.70,201.56,0.74,-1,-1,-1
22,7,980.40,184.21,100.72,242.93,0.84,-1,-1,-1
22,8,1008.75,175.08,76.77,221.40,0.51,-1,-1,-1
22,9,871.82,177.39,48.68,179.66,0.75,-1,-1,-1
22,10,592.23,192.92,19.80,59.02,0.73,-1,-1,-1
22,12,908.56,197.51,40.48,112.55,0.72,-1,-1,-1
23,1,448.10,157.90,97.57,227.39,0.94,-1,-1,-1
23,2,1082.43,171.08,87.06,256.96,0.91,-1,-1,-1
23,3,1164.49,174.64,236.50,482.05,0.63,-1,-1,-1
23,4,521.98,187.09,77.04,177.63,0.89,-1,-1,-1
23,5,555.78,189.31,30.43,76.25,0.77,-1,-1,-1
23,6,923.22,193.04,74.75,204.16,0.75,-1,-1,-1
23,7,985.95,184.23,100.15,244.19,0.83,-1,-1,-1
23,8,1006.17,175.19,82.09,222.60,0.27,-1,-1,-1
23,9,872.77,177.26,49.65,180.44,0.73,-1,-1,-1
23,10,592.42,192.76,19.80,59.34,0.77,-1,-1,-1
23,12,909.98,197.12,40.94,109.62,0.69,-1,-1,-1
24,1,449.85,157.53,100.44,227.60,0.94,-1,-1,-1
24,2,1085.50,170.68,87.97,257.81,0.91,-1,-1,-1
24,3,1168.77,179.46,239.88,476.10,0.34,-1,-1,-1
24,4,522.71,186.70,76.37,177.86,0.89,-1,-1,-1
24,5,555.83,189.30,30.53,77.90,0.76,-1,-1,-1
24,6,926.45,193.37,75.53,206.51,0.73,-1,-1,-1
24,7,985.37,180.79,105.78,250.71,0.83,-1,-1,-1
24,9,874.98,177.45,49.69,179.15,0.74,-1,-1,-1
24,10,592.37,192.71,20.40,59.52,0.77,-1,-1,-1
24,12,911.37,197.24,39.63,107.42,0.77,-1,-1,-1
25,1,451.19,156.54,99.03,229.10,0.94,-1,-1,-1
25,2,1089.09,170.44,88.32,259.93,0.91,-1,-1,-1
25,3,1174.12,251.22,211.85,398.37,0.12,-1,-1,-1
25,4,522.67,186.55,75.50,177.91,0.88,-1,-1,-1
25,5,555.86,189.66,30.58,75.85,0.78,-1,-1,-1
25,6,928.31,193.11,74.64,204.74,0.73,-1,-1,-1
25,7,986.42,181.70,109.06,246.76,0.84,-1,-1,-1
25,9,875.84,176.68,50.95,180.25,0.74,-1,-1,-1
25,10,592.37,192.69,20.63,59.67,0.76,-1,-1,-1
25,12,911.05,196.70,39.90,111.33,0.76,-1,-1,-1
26,1,451.54,156.08,99.14,229.77,0.95,-1,-1,-1
26,2,1086.05,170.19,96.75,258.54,0.85,-1,-1,-1
26,4,522.69,187.40,75.11,176.45,0.87,-1,-1,-1
26,5,555.29,189.59,31.78,77.32,0.82,-1,-1,-1
26,6,929.46,191.94,76.62,210.54,0.72,-1,-1,-1
26,7,986.66,182.06,114.90,252.56,0.83,-1,-1,-1
26,9,876.66,176.81,52.00,181.23,0.73,-1,-1,-1
26,10,592.38,192.54,20.70,59.80,0.75,-1,-1,-1
26,12,913.14,196.88,40.96,111.04,0.68,-1,-1,-1
27,1,453.23,155.63,99.02,230.55,0.95,-1,-1,-1
27,2,1092.76,169.24,92.92,258.51,0.90,-1,-1,-1
27,4,522.02,186.97,73.74,176.13,0.88,-1,-1,-1
27,5,554.41,189.54,32.82,78.58,0.82,-1,-1,-1
27,6,930.84,191.98,77.35,208.10,0.71,-1,-1,-1
27,7,989.40,182.23,115.95,252.30,0.85,-1,-1,-1
27,9,877.94,176.99,53.00,183.96,0.73,-1,-1,-1
27,10,592.29,192.54,20.72,59.75,0.78,-1,-1,-1
27,12,914.62,196.26,40.37,110.88,0.66,-1,-1,-1
28,1,455.36,155.14,97.54,231.87,0.94,-1,-1,-1
28,2,1097.27,168.30,92.54,260.62,0.91,-1,-1,-1
28,4,522.12,185.88,66.64,176.58,0.87,-1,-1,-1
28,5,554.44,189.70,32.65,79.13,0.83,-1,-1,-1
28,6,929.03,190.17,82.43,220.86,0.73,-1,-1,-1
28,7,992.87,181.30,118.70,259.50,0.85,-1,-1,-1
28,9,879.97,176.76,52.55,185.27,0.76,-1,-1,-1
28,10,592.03,192.56,20.75,59.96,0.79,-1,-1,-1
28,12,916.77,196.50,39.86,109.72,0.69,-1,-1,-1
29,1,457.99,154.20,95.99,233.37,0.95,-1,-1,-1
29,2,1102.11,167.23,92.29,259.62,0.91,-1,-1,-1
29,4,521.27,184.75,63.23,176.84,0.88,-1,-1,-1
29,5,554.85,189.50,32.55,79.51,0.82,-1,-1,-1
29,6,930.86,189.56,84.26,223.89,0.78,-1,-1,-1
29,7,997.89,179.10,118.45,266.70,0.85,-1,-1,-1
29,9,880.56,176.09,55.02,191.83,0.74,-1,-1,-1
29,10,591.73,192.47,21.34,60.21,0.77,-1,-1,-1
29,12,918.59,196.01,39.34,109.67,0.72,-1,-1,-1
29,13,572.40,185.17,22.50,61.88,0.70,-1,-1,-1
30,1,460.55,153.78,94.21,234.47,0.95,-1,-1,-1
30,2,1106.14,166.76,92.02,258.95,0.91,-1,-1,-1
30,4,520.58,184.32,61.99,175.95,0.89,-1,-1,-1
30,5,554.88,189.42,33.05,80.25,0.82,-1,-1,-1
30,6,934.51,189.06,82.45,225.48,0.75,-1,-1,-1
30,7,1003.90,175.21,116.89,275.03,0.86,-1,-1,-1
30,9,881.20,176.15,54.35,192.01,0.72,-1,-1,-1
30,10,591.46,192.66,21.52,60.10,0.76,-1,-1,-1
30,12,919.65,196.20,38.16,109.33,0.65,-1,-1,-1
30,13,572.39,185.06,22.52,62.05,0.71,-1,-1,-1
31,1,463.18,153.57,93.12,236.05,0.95,-1,-1,-1
31,2,1110.36,166.39,93.29,261.22,0.92,-1,-1,-1
31,4,520.02,182.07,71.62,177.79,0.86,-1,-1,-1
31,5,555.20,189.38,32.71,80.04,0.83,-1,-1,-1
31,6,932.61,188.61,86.62,234.28,0.76,-1,-1,-1
31,7,1010.63,178.94,115.24,273.53,0.88,-1,-1,-1
31,9,884.33,175.80,53.31,185.01,0.71,-1,-1,-1
31,10,591.40,192.94,21.63,59.79,0.75,-1,-1,-1
31,12,920.57,195.86,40.00,110.51,0.48,-1,-1,-1
31,13,572.40,185.07,22.56,62.12,0.70,-1,-1,-1
32,1,465.26,154.55,93.33,235.60,0.95,-1,-1,-1
32,2,1114.21,165.79,93.73,260.78,0.91,-1,-1,-1
32,4,519.79,181.26,77.24,178.47,0.88,-1,-1,-1
32,5,555.59,189.31,31.96,79.43,0.82,-1,-1,-1
32,6,937.12,188.80,84.65,228.49,0.63,-1,-1,-1
32,7,1010.08,179.13,120.51,275.04,0.86,-1,-1,-1
32,9,885.15,175.99,54.41,182.29,0.70,-1,-1,-1
32,10,591.34,193.06,21.66,59.53,0.73,-1,-1,-1
32,12,921.76,195.32,40.95,115.52,0.48,-1,-1,-1
32,13,572.74,184.64,22.55,62.88,0.65,-1,-1,-1
33,1,467.13,155.47,94.07,235.84,0.94,-1,-1,-1
33,2,1118.50,165.70,93.93,260.71,0.92,-1,-1,-1
33,4,519.10,181.21,74.91,178.98,0.87,-1,-1,-1
33,5,556.01,189.28,31.69,78.51,0.81,-1,-1,-1
33,6,948.35,189.08,75.48,220.44,0.74,-1,-1,-1
33,7,1012.73,178.84,121.33,274.22,0.87,-1,-1,-1
33,9,886.87,175.18,55.74,186.74,0.71,-1,-1,-1
33,10,591.89,193.24,21.09,58.75,0.72,-1,-1,-1
33,12,922.73,195.43,41.34,113.77,0.43,-1,-1,-1
33,13,572.83,184.56,22.54,62.76,0.65,-1,-1,-1
33,8,1024.15,181.03,74.35,211.80,0.63,-1,-1,-1
34,1,469.02,156.97,95.58,235.78,0.93,-1,-1,-1
34,2,1123.08,165.52,94.00,261.79,0.91,-1,-1,-1
34,4,520.38,182.07,70.91,178.26,0.87,-1,-1,-1
34,5,556.23,189.29,31.59,78.39,0.82,-1,-1,-1
34,6,955.15,188.43,71.85,216.35,0.77,-1,-1,-1
34,7,1017.30,179.34,121.59,271.34,0.87,-1,-1,-1
34,9,889.65,175.73,55.36,181.21,0.70,-1,-1,-1
34,10,591.87,193.40,21.47,58.92,0.71,-1,-1,-1
34,12,923.75,196.09,42.68,114.81,0.52,-1,-1,-1
34,13,573.57,184.62,21.88,61.87,0.64,-1,-1,-1
34,8,1026.76,176.16,77.93,218.41,0.60,-1,-1,-1
35,1,471.26,157.96,94.90,236.14,0.93,-1,-1,-1
35,2,1127.00,165.92,93.95,263.83,0.91,-1,-1,-1
35,4,520.36,182.40,70.52,179.47,0.87,-1,-1,-1
35,5,556.39,189.66,31.53,78.25,0.79,-1,-1,-1
35,6,959.89,188.76,70.55,209.40,0.76,-1,-1,-1
35,7,1024.84,179.08,119.17,274.36,0.87,-1,-1,-1
35,9,891.24,176.73,55.76,177.51,0.71,-1,-1,-1
35,10,591.94,193.76,21.59,58.22,0.68,-1,-1,-1
35,12,924.67,196.67,43.16,114.25,0.63,-1,-1,-1
35,13,573.22,184.47,22.94,62.03,0.62,-1,-1,-1
35,8,1027.59,180.86,76.43,220.85,0.58,-1,-1,-1
35,14,454.05,187.99,41.40,108.34,0.80,-1,-1,-1
36,1,473.13,159.05,94.03,236.35,0.93,-1,-1,-1
36,2,1131.70,166.24,93.91,265.79,0.92,-1,-1,-1
36,4,519.65,182.95,69.77,179.86,0.85,-1,-1,-1
36,5,556.63,189.99,30.91,78.40,0.80,-1,-1,-1
36,6,961.27,190.11,71.33,205.46,0.77,-1,-1,-1
36,7,1028.57,178.10,119.37,278.13,0.87,-1,-1,-1
36,9,891.90,177.50,55.59,170.35,0.68,-1,-1,-1
36,10,591.84,193.77,21.64,57.72,0.68,-1,-1,-1
36,12,925.97,197.06,42.13,109.84,0.54,-1,-1,-1
36,13,573.00,184.31,23.30,62.31,0.63,-1,-1,-1
36,8,1029.43,183.18,74.63,219.88,0.62,-1,-1,-1
36,14,454.76,187.35,40.60,107.51,0.83,-1,-1,-1
37,1,474.88,162.24,98.54,235.14,0.93,-1,-1,-1
37,2,1135.19,166.43,95.07,265.59,0.91,-1,-1,-1
37,4,519.33,183.72,65.26,180.33,0.84,-1,-1,-1
37,5,556.96,190.14,30.68,78.71,0.82,-1,-1,-1
37,6,963.51,190.37,72.85,206.76,0.74,-1,-1,-1
37,7,1029.90,178.98,121.80,280.38,0.87,-1,-1,-1
37,9,892.70,178.68,57.33,182.26,0.71,-1,-1,-1
37,10,591.45,193.65,21.65,58.09,0.65,-1,-1,-1
37,12,927.04,197.26,41.72,108.73,0.51,-1,-1,-1
37,13,572.56,184.45,23.43,62.34,0.60,-1,-1,-1
37,8,1032.53,176.55,82.58,229.20,0.69,-1,-1,-1
37,14,456.05,186.19,39.24,106.34,0.85,-1,-1,-1
38,1,476.98,162.60,100.14,235.67,0.94,-1,-1,-1
38,2,1137.40,166.22,96.64,269.01,0.91,-1,-1,-1
38,4,518.61,185.90,63.51,178.07,0.83,-1,-1,-1
38,5,557.07,190.28,30.58,79.71,0.83,-1,-1,-1
38,6,965.32,190.23,72.18,205.17,0.75,-1,-1,-1
38,7,1031.34,178.72,124.99,283.18,0.87,-1,-1,-1
38,9,895.24,178.80,56.15,185.21,0.72,-1,-1,-1
38,10,591.29,193.17,22.24,58.75,0.64,-1,-1,-1
38,12,928.50,197.00,41.53,106.49,0.52,-1,-1,-1
38,13,572.39,185.30,22.84,61.64,0.59,-1,-1,-1
38,8,1034.08,174.23,86.51,235.06,0.68,-1,-1,-1
38,14,458.59,184.35,37.10,107.88,0.84,-1,-1,-1
39,1,478.83,162.63,99.52,234.99,0.94,-1,-1,-1
39,2,1139.87,166.94,98.35,270.45,0.91,-1,-1,-1
39,4,517.06,186.95,64.73,177.55,0.81,-1,-1,-1
39,5,557.05,190.71,30.53,79.20,0.82,-1,-1,-1
39,6,965.22,189.43,74.34,214.03,0.75,-1,-1,-1
39,7,1032.94,178.81,128.48,286.73,0.88,-1,-1,-1
39,9,897.02,177.93,55.95,189.06,0.76,-1,-1,-1
39,10,590.57,193.23,23.04,59.16,0.63,-1,-1,-1
39,12,930.17,196.38,40.24,110.65,0.50,-1,-1,-1
39,13,572.58,185.10,22.61,61.24,0.59,-1,-1,-1
39,8,1035.77,174.27,88.00,237.28,0.70,-1,-1,-1
39,14,459.98,183.15,35.44,108.11,0.84,-1,-1,-1
40,1,480.71,162.04,98.65,234.40,0.94,-1,-1,-1
40,2,1140.68,166.50,102.54,275.26,0.88,-1,-1,-1
40,4,518.70,188.88,62.76,175.22,0.83,-1,-1,-1
40,5,557.09,190.75,30.52,79.89,0.83,-1,-1,-1
40,6,969.31,189.03,71.54,202.40,0.12,-1,-1,-1
40,7,1035.22,177.62,132.11,294.58,0.88,-1,-1,-1
40,9,899.45,177.63,55.86,185.14,0.67,-1,-1,-1
40,10,589.77,193.20,23.34,59.39,0.64,-1,-1,-1
40,12,930.77,196.55,40.97,112.68,0.40,-1,-1,-1
40,13,572.71,185.06,22.52,61.24,0.59,-1,-1,-1
40,8,1038.14,179.61,79.06,216.21,0.64,-1,-1,-1
40,14,461.25,182.02,34.84,108.81,0.87,-1,-1,-1
41,1,483.12,161.88,95.91,234.01,0.94,-1,-1,-1
41,2,1143.20,165.95,104.11,275.23,0.90,-1,-1,-1
41,4,519.32,189.37,62.66,174.35,0.82,-1,-1,-1
41,5,556.48,190.84,31.13,80.89,0.80,-1,-1,-1
41,6,974.37,189.72,68.02,195.35,0.36,-1,-1,-1
41,7,1044.77,177.77,126.41,294.42,0.86,-1,-1,-1
41,9,901.48,177.12,57.03,185.40,0.74,-1,-1,-1
41,10,589.45,193.12,23.44,59.92,0.65,-1,-1,-1
41,12,931.52,196.61,41.24,116.51,0.33,-1,-1,-1
41,13,572.74,185.06,22.49,61.32,0.62,-1,-1,-1
41,8,1040.78,183.20,75.42,203.45,0.73,-1,-1,-1
41,14,461.91,181.63,34.05,109.98,0.86,-1,-1,-1
42,1,485.40,162.12,93.06,233.56,0.93,-1,-1,-1
42,2,1147.53,165.22,103.50,276.10,0.89,-1,-1,-1
42,4,516.76,187.87,65.09,175.86,0.78,-1,-1,-1
42,5,556.50,190.80,31.35,81.04,0.83,-1,-1,-1
42,6,974.80,189.57,71.71,208.46,0.66,-1,-1,-1
42,7,1045.30,177.66,130.09,293.78,0.88,-1,-1,-1
42,9,902.72,177.75,57.46,184.35,0.73,-1,-1,-1
42,10,588.99,192.80,24.07,60.27,0.64,-1,-1,-1
42,12,932.31,196.18,41.34,122.38,0.22,-1,-1,-1
42,13,572.40,184.99,22.48,62.04,0.65,-1,-1,-1
42,8,1040.97,180.01,85.27,226.31,0.74,-1,-1,-1
42,14,462.35,181.55,33.20,110.68,0.88,-1,-1,-1
43,1,489.22,162.60,87.09,230.85,0.91,-1,-1,-1
43,2,1149.07,165.30,105.55,276.10,0.89,-1,-1,-1
43,4,513.44,179.90,68.36,183.05,0.69,-1,-1,-1
43,5,556.81,190.45,31.43,80.19,0.82,-1,-1,-1
43,6,976.71,189.33,71.77,210.49,0.29,-1,-1,-1
43,7,1050.16,177.90,129.00,300.68,0.87,-1,-1,-1
43,9,903.13,177.18,58.79,190.49,0.70,-1,-1,-1
43,10,587.05,193.17,24.88,59.43,0.62,-1,-1,-1
43,12,933.17,196.26,41.36,124.83,0.18,-1,-1,-1
43,13,572.29,184.86,22.47,62.23,0.60,-1,-1,-1
43,8,1042.78,175.85,93.24,247.84,0.74,-1,-1,-1
43,14,461.48,181.90,34.23,109.75,0.90,-1,-1,-1
44,1,491.16,162.05,83.65,231.37,0.92,-1,-1,-1
44,2,1152.17,165.79,106.25,275.58,0.88,-1,-1,-1
44,4,514.01,179.86,67.20,183.61,0.66,-1,-1,-1
44,5,556.94,190.34,30.84,78.61,0.81,-1,-1,-1
44,6,977.09,188.86,79.01,227.82,0.66,-1,-1,-1
44,7,1056.99,177.19,126.07,301.16,0.88,-1,-1,-1
44,9,903.63,177.19,60.44,195.39,0.73,-1,-1,-1
44,10,588.95,193.04,23.42,60.12,0.68,-1,-1,-1
44,12,933.25,196.21,41.35,127.78,0.13,-1,-1,-1
44,13,572.25,184.92,21.85,61.89,0.61,-1,-1,-1
44,8,1044.30,174.93,96.34,254.07,0.69,-1,-1,-1
44,14,461.07,182.11,34.75,109.62,0.90,-1,-1,-1
45,1,492.35,161.49,83.16,232.90,0.91,-1,-1,-1
45,2,1154.77,165.03,107.72,277.89,0.88,-1,-1,-1
45,4,517.87,182.23,63.17,173.45,0.60,-1,-1,-1
45,5,556.70,190.27,31.25,78.06,0.82,-1,-1,-1
45,7,1061.52,176.87,126.19,300.21,0.86,-1,-1,-1
45,9,905.15,176.94,59.91,189.87,0.73,-1,-1,-1
45,10,589.47,192.81,22.83,60.71,0.70,-1,-1,-1
45,12,935.86,195.58,40.17,125.71,0.14,-1,-1,-1
45,13,571.96,184.99,22.25,61.72,0.62,-1,-1,-1
45,8,1048.04,176.94,90.61,241.28,0.64,-1,-1,-1
45,14,460.85,182.48,34.98,109.31,0.90,-1,-1,-1
46,1,492.66,160.31,84.90,234.47,0.92,-1,-1,-1
46,2,1159.97,163.95,107.10,280.00,0.89,-1,-1,-1
46,4,524.89,188.58,55.50,139.49,0.18,-1,-1,-1
46,5,556.29,190.34,32.01,79.69,0.83,-1,-1,-1
46,7,1066.22,177.01,127.45,302.23,0.86,-1,-1,-1
46,9,906.68,176.18,61.19,186.81,0.72,-1,-1,-1
46,10,590.27,192.82,22.01,60.80,0.73,-1,-1,-1
46,13,572.44,184.96,21.80,61.07,0.60,-1,-1,-1
46,8,1050.80,175.91,90.60,246.25,0.60,-1,-1,-1
46,14,460.40,182.51,35.41,109.75,0.89,-1,-1,-1
47,1,492.68,160.19,86.15,235.63,0.93,-1,-1,-1
47,2,1162.30,164.20,109.17,284.29,0.88,-1,-1,-1
47,5,556.39,190.10,31.69,79.99,0.82,-1,-1,-1
47,7,1069.51,177.34,130.26,307.11,0.87,-1,-1,-1
47,9,907.70,175.87,62.82,186.61,0.68,-1,-1,-1
47,10,590.23,192.71,22.31,60.96,0.70,-1,-1,-1
47,13,572.29,184.99,21.62,60.98,0.60,-1,-1,-1
47,8,1052.83,171.00,96.51,259.38,0.69,-1,-1,-1
47,14,459.89,182.95,35.87,109.66,0.90,-1,-1,-1
48,1,493.87,160.86,86.68,234.79,0.92,-1,-1,-1
48,2,1165.13,164.19,111.14,286.78,0.88,-1,-1,-1
48,5,556.81,189.83,30.97,78.18,0.82,-1,-1,-1
48,7,1075.62,176.92,130.15,313.07,0.87,-1,-1,-1
48,9,907.95,175.50,65.52,192.23,0.65,-1,-1,-1
48,10,590.59,192.42,22.43,61.57,0.73,-1,-1,-1
48,13,571.70,184.97,22.18,61.42,0.61,-1,-1,-1
48,8,1068.92,168.76,91.74,267.51,0.51,-1,-1,-1
48,14,459.58,183.09,36.51,109.35,0.89,-1,-1,-1
49,1,495.80,161.45,85.15,234.10,0.92,-1,-1,-1
49,2,1168.22,162.92,113.10,288.15,0.88,-1,-1,-1
49,5,557.04,189.85,31.32,78.05,0.82,-1,-1,-1
49,7,1079.87,175.95,131.34,320.19,0.88,-1,-1,-1
49,9,909.41,174.78,67.74,205.09,0.69,-1,-1,-1
49,10,590.82,192.05,22.49,61.96,0.70,-1,-1,-1
49,13,571.57,184.71,22.39,61.46,0.58,-1,-1,-1
49,8,1083.41,167.46,86.12,276.52,0.59,-1,-1,-1
49,14,458.75,183.58,37.52,108.58,0.89,-1,-1,-1
50,1,496.67,162.19,85.76,234.30,0.92,-1,-1,-1
50,2,1172.33,162.61,112.55,289.55,0.88,-1,-1,-1
50,5,557.01,190.14,31.43,77.88,0.80,-1,-1,-1
50,7,1082.67,174.85,132.86,322.39,0.89,-1,-1,-1
50,9,910.17,175.32,67.36,203.39,0.68,-1,-1,-1
50,10,591.37,192.05,23.10,61.84,0.71,-1,-1,-1
50,13,571.09,184.89,22.46,60.91,0.61,-1,-1,-1
50,8,1089.43,167.22,85.14,279.71,0.62,-1,-1,-1
50,14,458.07,183.83,38.78,108.83,0.89,-1,-1,-1
51,1,497.51,162.97,87.84,233.66,0.93,-1,-1,-1
51,2,1175.05,162.66,112.32,292.88,0.87,-1,-1,-1
51,5,556.38,190.45,32.09,78.89,0.78,-1,-1,-1
51,7,1086.03,174.75,135.83,328.19,0.88,-1,-1,-1
51,9,911.63,174.98,67.19,201.13,0.65,-1,-1,-1
51,10,591.86,191.88,23.33,61.87,0.70,-1,-1,-1
51,13,570.91,184.94,22.50,60.64,0.60,-1,-1,-1
51,8,1088.48,166.74,89.68,292.27,0.64,-1,-1,-1
51,14,457.78,184.21,39.26,109.01,0.87,-1,-1,-1
52,1,498.38,162.74,89.82,234.84,0.93,-1,-1,-1
52,2,1179.34,162.63,108.62,291.81,0.87,-1,-1,-1
52,5,555.84,190.05,31.73,80.14,0.77,-1,-1,-1
52,7,1088.78,174.60,138.11,330.90,0.88,-1,-1,-1
52,9,910.84,175.12,70.66,218.62,0.71,-1,-1,-1
52,10,592.03,191.89,23.42,62.31,0.73,-1,-1,-1
52,13,570.84,185.19,22.51,60.67,0.64,-1,-1,-1
52,8,1092.04,166.45,88.97,294.24,0.69,-1,-1,-1
52,14,457.55,184.52,39.59,108.66,0.85,-1,-1,-1
53,1,498.58,164.95,93.52,234.78,0.93,-1,-1,-1
53,2,1181.79,162.71,108.33,292.77,0.86,-1,-1,-1
53,5,555.25,190.54,30.98,80.15,0.75,-1,-1,-1
53,7,1092.42,175.00,140.07,329.58,0.87,-1,-1,-1
53,9,912.09,174.89,74.26,235.45,0.74,-1,-1,-1
53,10,591.99,192.02,23.44,62.37,0.71,-1,-1,-1
53,13,570.43,185.33,22.50,60.98,0.63,-1,-1,-1
53,8,1097.19,166.62,87.41,292.05,0.67,-1,-1,-1
53,14,458.30,184.67,39.09,107.90,0.87,-1,-1,-1
54,1,499.65,166.66,94.41,233.42,0.93,-1,-1,-1
54,2,1187.07,162.20,104.70,293.76,0.86,-1,-1,-1
54,5,555.21,190.26,30.12,78.05,0.67,-1,-1,-1
54,7,1098.68,174.56,139.71,328.95,0.88,-1,-1,-1
54,9,913.94,174.46,74.55,234.64,0.76,-1,-1,-1
54,10,592.15,191.90,23.46,62.40,0.73,-1,-1,-1
54,13,570.15,184.91,23.12,61.55,0.66,-1,-1,-1
54,8,1102.84,165.58,86.90,286.80,0.73,-1,-1,-1
54,14,458.88,184.29,38.78,107.92,0.86,-1,-1,-1
55,1,503.03,168.29,91.06,232.53,0.92,-1,-1,-1
55,2,1190.48,161.61,103.18,294.50,0.85,-1,-1,-1
55,5,554.30,189.56,33.43,88.69,0.63,-1,-1,-1
55,7,1102.48,175.32,141.74,328.71,0.88,-1,-1,-1
55,9,913.61,173.98,77.73,241.53,0.75,-1,-1,-1
55,10,592.21,192.19,23.44,62.15,0.74,-1,-1,-1
55,13,570.06,184.93,23.33,61.67,0.57,-1,-1,-1
55,8,1106.36,165.39,86.58,285.46,0.75,-1,-1,-1
55,14,459.62,184.14,38.16,108.43,0.84,-1,-1,-1
55,6,999.16,186.72,89.94,246.86,0.70,-1,-1,-1
56,1,505.47,178.46,69.17,201.87,0.72,-1,-1,-1
56,2,1196.28,161.14,98.99,296.80,0.85,-1,-1,-1
56,5,555.42,190.13,31.70,84.17,0.56,-1,-1,-1
56,7,1106.58,174.75,143.65,335.52,0.88,-1,-1,-1
56,9,913.63,173.86,79.21,236.31,0.76,-1,-1,-1
56,10,591.61,193.21,22.83,61.13,0.67,-1,-1,-1
56,13,569.73,184.95,23.40,62.30,0.57,-1,-1,-1
56,8,1107.35,165.08,88.88,290.36,0.76,-1,-1,-1
56,14,459.46,184.03,38.07,108.36,0.88,-1,-1,-1
56,6,1002.55,187.16,84.12,240.39,0.56,-1,-1,-1
56,4,509.24,170.05,82.23,231.58,0.92,-1,-1,-1
57,1,506.86,176.17,82.71,221.72,0.93,-1,-1,-1
57,2,1201.46,161.07,96.21,295.00,0.83,-1,-1,-1
57,5,556.82,190.69,30.35,77.99,0.59,-1,-1,-1
57,7,1111.65,175.23,144.31,335.40,0.88,-1,-1,-1
57,9,914.85,174.04,79.71,234.53,0.67,-1,-1,-1
57,10,591.69,193.85,21.98,60.08,0.72,-1,-1,-1
57,13,569.33,185.36,23.42,61.42,0.45,-1,-1,-1
57,8,1110.66,165.16,89.71,292.52,0.74,-1,-1,-1
57,14,459.83,183.70,37.88,108.66,0.86,-1,-1,-1
57,6,1004.96,187.31,88.20,246.31,0.52,-1,-1,-1
57,4,507.97,176.39,68.09,207.61,0.66,-1,-1,-1
58,1,509.38,177.53,86.24,227.38,0.93,-1,-1,-1
58,2,1204.61,161.65,92.85,295.41,0.82,-1,-1,-1
58,5,556.08,189.22,31.10,81.29,0.22,-1,-1,-1
58,7,1117.19,175.74,144.61,336.40,0.88,-1,-1,-1
58,9,918.34,174.24,76.39,222.14,0.60,-1,-1,-1
58,10,591.09,194.18,22.30,59.72,0.69,-1,-1,-1
58,13,569.44,185.46,23.44,61.56,0.48,-1,-1,-1
58,8,1114.94,165.68,88.89,293.62,0.75,-1,-1,-1
58,14,460.04,182.93,37.38,109.42,0.88,-1,-1,-1
58,6,1011.25,186.97,82.60,235.98,0.35,-1,-1,-1
58,4,506.91,180.70,60.73,195.32,0.79,-1,-1,-1
59,1,510.34,178.93,92.38,230.14,0.94,-1,-1,-1
59,2,1208.42,161.30,91.66,299.60,0.79,-1,-1,-1
59,7,1121.88,175.28,147.01,342.57,0.87,-1,-1,-1
59,9,917.72,177.68,76.18,203.75,0.41,-1,-1,-1
59,10,591.18,194.47,21.81,59.71,0.69,-1,-1,-1
59,13,569.21,185.15,23.44,63.47,0.32,-1,-1,-1
59,8,1119.17,165.84,86.12,289.83,0.76,-1,-1,-1
59,14,460.63,182.69,37.04,109.35,0.89,-1,-1,-1
59,6,1012.18,187.14,81.52,231.18,0.20,-1,-1,-1
59,4,506.63,182.35,58.71,180.50,0.67,-1,-1,-1
60,1,512.25,179.41,96.53,230.84,0.94,-1,-1,-1
60,2,1214.37,162.20,93.80,302.48,0.79,-1,-1,-1
60,7,1126.29,175.61,149.14,345.50,0.87,-1,-1,-1
60,9,919.27,177.65,78.21,217.59,0.46,-1,-1,-1
60,10,591.06,194.29,21.64,60.05,0.63,-1,-1,-1
60,13,568.39,185.93,25.25,67.03,0.15,-1,-1,-1
60,8,1122.80,165.90,85.12,287.05,0.78,-1,-1,-1
60,14,460.93,182.83,36.93,109.15,0.89,-1,-1,-1
60,6,1014.61,187.06,81.17,238.39,0.49,-1,-1,-1
60,4,506.67,183.57,58.04,182.74,0.76,-1,-1,-1
61,1,514.40,180.92,99.80,230.23,0.94,-1,-1,-1
61,2,1218.50,161.84,93.33,305.39,0.74,-1,-1,-1
61,7,1129.90,175.46,150.98,349.40,0.88,-1,-1,-1
61,9,923.47,176.46,74.46,210.54,0.59,-1,-1,-1
61,10,591.00,194.47,20.35,60.07,0.60,-1,-1,-1
61,8,1124.32,165.66,85.90,288.14,0.76,-1,-1,-1
61,14,461.67,183.53,36.86,108.57,0.90,-1,-1,-1
61,6,1019.42,188.24,78.56,229.61,0.42,-1,-1,-1
61,4,505.83,183.54,58.36,177.27,0.77,-1,-1,-1
62,1,516.94,179.59,102.19,232.15,0.94,-1,-1,-1
62,2,1223.07,160.11,91.96,307.55,0.66,-1,-1,-1
62,7,1134.82,174.93,150.44,350.50,0.87,-1,-1,-1
62,9,922.13,174.75,79.00,222.71,0.54,-1,-1,-1
62,10,591.30,194.66,18.63,58.45,0.14,-1,-1,-1
62,8,1129.11,165.41,82.56,291.91,0.78,-1,-1,-1
62,14,461.94,183.21,37.44,108.76,0.90,-1,-1,-1
62,6,1027.34,187.50,78.81,234.83,0.21,-1,-1,-1
62,4,504.97,185.55,57.86,178.90,0.71,-1,-1,-1
63,1,519.62,178.82,104.22,233.29,0.94,-1,-1,-1
63,2,1228.20,162.90,85.38,292.56,0.54,-1,-1,-1
63,7,1138.27,173.17,150.15,354.07,0.86,-1,-1,-1
63,9,922.80,173.84,80.60,218.29,0.71,-1,-1,-1
63,10,590.76,192.74,23.11,65.39,0.61,-1,-1,-1
63,8,1133.13,165.10,81.29,290.44,0.81,-1,-1,-1
63,14,463.22,182.87,37.06,108.53,0.90,-1,-1,-1
63,6,1025.84,186.09,84.98,246.78,0.49,-1,-1,-1
63,4,504.38,186.83,57.05,179.13,0.77,-1,-1,-1
64,1,520.05,178.00,107.31,234.48,0.94,-1,-1,-1
64,2,1231.81,164.17,83.01,280.87,0.18,-1,-1,-1
64,7,1143.70,172.16,152.41,362.20,0.84,-1,-1,-1
64,9,927.24,173.69,78.84,210.99,0.72,-1,-1,-1
64,10,590.68,192.00,24.51,67.26,0.60,-1,-1,-1
64,8,1136.39,164.65,84.53,294.05,0.80,-1,-1,-1
64,14,464.03,183.15,37.52,108.16,0.90,-1,-1,-1
64,6,1025.95,185.44,87.23,248.98,0.26,-1,-1,-1
64,4,503.34,187.44,56.76,176.17,0.83,-1,-1,-1
65,1,522.84,176.80,107.28,236.69,0.95,-1,-1,-1
65,7,1149.79,171.67,149.66,367.38,0.83,-1,-1,-1
65,9,928.94,173.06,80.51,216.13,0.60,-1,-1,-1
65,10,590.69,191.68,25.09,69.23,0.55,-1,-1,-1
65,8,1139.91,164.15,88.10,300.19,0.79,-1,-1,-1
65,14,464.97,183.90,38.29,107.41,0.89,-1,-1,-1
65,6,1027.67,185.00,95.19,268.13,0.59,-1,-1,-1
65,4,502.73,187.57,58.48,177.07,0.86,-1,-1,-1
66,1,524.45,176.49,106.55,236.02,0.95,-1,-1,-1
66,7,1155.81,170.16,148.48,372.15,0.82,-1,-1,-1
66,9,929.95,171.42,82.26,222.44,0.65,-1,-1,-1
66,10,590.67,191.64,25.30,67.07,0.51,-1,-1,-1
66,8,1142.59,163.52,95.33,309.58,0.79,-1,-1,-1
66,14,465.95,185.26,40.36,106.18,0.90,-1,-1,-1
66,6,1028.62,184.39,101.60,285.40,0.67,-1,-1,-1
66,4,501.68,187.49,59.09,174.86,0.89,-1,-1,-1
67,1,525.94,175.47,105.66,238.56,0.95,-1,-1,-1
67,7,1163.83,169.02,144.47,376.51,0.82,-1,-1,-1
67,9,932.44,170.79,82.94,224.39,0.63,-1,-1,-1
67,10,590.79,191.98,24.78,65.86,0.49,-1,-1,-1
67,8,1148.17,162.28,92.31,306.08,0.80,-1,-1,-1
67,14,466.92,186.53,42.32,104.69,0.91,-1,-1,-1
67,6,1035.72,183.53,100.71,285.76,0.68,-1,-1,-1
67,4,501.06,186.88,59.34,177.06,0.90,-1,-1,-1
68,1,527.55,175.29,103.47,239.64,0.95,-1,-1,-1
68,7,1171.68,167.22,140.51,385.95,0.80,-1,-1,-1
68,9,934.25,170.49,81.97,211.16,0.62,-1,-1,-1
68,10,591.33,191.93,24.56,63.77,0.44,-1,-1,-1
68,8,1150.35,161.38,94.61,312.83,0.80,-1,-1,-1
68,14,467.83,187.45,43.65,103.40,0.92,-1,-1,-1
68,6,1042.82,182.65,101.41,287.74,0.62,-1,-1,-1
68,4,499.92,186.11,60.63,177.74,0.92,-1,-1,-1
69,1,527.84,175.06,102.62,240.69,0.95,-1,-1,-1
69,7,1180.70,166.77,137.87,383.15,0.79,-1,-1,-1
69,9,934.48,170.25,82.78,207.28,0.70,-1,-1,-1
69,10,592.22,192.00,23.88,60.64,0.29,-1,-1,-1
69,8,1155.49,161.36,96.65,315.68,0.80,-1,-1,-1
69,14,469.09,188.15,42.41,102.13,0.91,-1,-1,-1
69,6,1047.45,182.39,102.83,284.54,0.70,-1,-1,-1
69,4,499.28,185.60,59.94,177.20,0.91,-1,-1,-1
70,1,528.35,176.18,101.06,240.32,0.95,-1,-1,-1
70,7,1190.05,166.92,132.05,372.17,0.77,-1,-1,-1
70,9,933.60,169.81,85.43,208.23,0.71,-1,-1,-1
70,10,592.99,192.33,23.01,58.82,0.27,-1,-1,-1
70,8,1158.65,159.50,99.77,316.65,0.82,-1,-1,-1
70,14,470.04,189.01,41.29,101.33,0.90,-1,-1,-1
70,6,1048.75,182.08,106.84,287.71,0.72,-1,-1,-1
70,4,498.37,184.99,60.26,178.06,0.91,-1,-1,-1
71,1,529.38,176.74,99.82,240.78,0.95,-1,-1,-1
71,7,1198.18,166.55,129.90,371.12,0.76,-1,-1,-1
71,9,935.04,169.57,87.57,206.21,0.74,-1,-1,-1
71,10,593.90,192.07,22.67,58.58,0.33,-1,-1,-1
71,8,1161.57,158.96,103.25,320.73,0.81,-1,-1,-1
71,14,470.37,188.69,41.44,101.69,0.88,-1,-1,-1
71,6,1052.70,182.19,104.81,283.93,0.68,-1,-1,-1
71,4,498.67,184.47,59.76,178.07,0.91,-1,-1,-1
72,1,532.09,177.24,96.96,240.98,0.94,-1,-1,-1
72,7,1208.37,166.42,124.31,361.15,0.69,-1,-1,-1
72,9,938.01,170.39,86.04,204.92,0.71,-1,-1,-1
72,10,593.31,191.51,23.77,61.72,0.50,-1,-1,-1
72,8,1163.32,158.30,106.92,320.93,0.80,-1,-1,-1
72,14,472.82,188.63,39.12,100.58,0.86,-1,-1,-1
72,6,1061.93,181.35,99.19,281.33,0.64,-1,-1,-1
72,4,498.20,184.27,59.58,177.79,0.91,-1,-1,-1
73,1,533.56,177.55,95.30,241.08,0.94,-1,-1,-1
73,7,1218.62,166.42,122.38,355.19,0.47,-1,-1,-1
73,9,940.31,170.22,85.42,214.82,0.63,-1,-1,-1
73,10,593.04,191.23,24.77,63.25,0.54,-1,-1,-1
73,8,1165.11,158.31,109.51,325.12,0.80,-1,-1,-1
73,14,473.01,187.82,39.45,102.34,0.86,-1,-1,-1
73,6,1068.36,181.15,98.20,292.28,0.65,-1,-1,-1
73,4,498.27,184.06,59.53,178.59,0.90,-1,-1,-1
73,15,1134.00,176.74,86.40,256.61,0.70,-1,-1,-1
74,1,535.29,177.27,93.46,240.75,0.95,-1,-1,-1
74,7,1225.66,205.00,110.62,298.28,0.28,-1,-1,-1
74,9,944.69,169.94,82.75,209.22,0.64,-1,-1,-1
74,10,592.68,191.26,25.14,63.75,0.36,-1,-1,-1
74,8,1170.88,158.88,109.28,322.24,0.80,-1,-1,-1
74,14,474.02,187.28,39.56,102.99,0.87,-1,-1,-1
74,6,1071.16,179.87,106.23,303.15,0.69,-1,-1,-1
74,4,496.88,184.19,60.70,178.55,0.91,-1,-1,-1
74,15,1138.63,176.96,85.18,257.01,0.75,-1,-1,-1
75,1,538.19,177.20,90.94,240.29,0.94,-1,-1,-1
75,9,943.10,169.90,85.30,210.34,0.69,-1,-1,-1
75,10,592.12,190.88,25.86,65.12,0.32,-1,-1,-1
75,8,1176.94,159.16,110.24,325.86,0.81,-1,-1,-1
75,14,475.16,186.34,39.59,103.54,0.86,-1,-1,-1
75,6,1074.91,180.67,111.44,304.55,0.71,-1,-1,-1
75,4,496.28,184.59,61.11,178.19,0.92,-1,-1,-1
75,15,1145.18,177.32,82.15,252.53,0.76,-1,-1,-1
76,1,540.30,177.21,88.88,238.56,0.94,-1,-1,-1
76,9,944.27,169.64,85.12,214.69,0.69,-1,-1,-1
76,10,591.82,191.08,25.57,63.79,0.27,-1,-1,-1
76,8,1183.90,158.22,105.96,329.24,0.81,-1,-1,-1
76,14,478.14,185.47,37.23,103.83,0.84,-1,-1,-1
76,6,1078.60,180.48,111.24,307.07,0.67,-1,-1,-1
76,4,495.38,184.90,61.91,178.37,0.91,-1,-1,-1
76,15,1152.52,177.03,78.22,250.47,0.74,-1,-1,-1
77,1,542.53,176.82,86.85,235.47,0.94,-1,-1,-1
77,9,944.57,169.72,86.14,215.70,0.67,-1,-1,-1
77,10,591.68,191.10,23.02,59.92,0.18,-1,-1,-1
77,8,1189.87,157.45,101.66,325.57,0.80,-1,-1,-1
77,14,480.78,184.06,35.67,105.07,0.84,-1,-1,-1
77,6,1083.28,179.61,116.84,306.41,0.60,-1,-1,-1
77,4,494.47,185.07,62.74,178.70,0.89,-1,-1,-1
77,15,1153.47,177.25,79.88,239.22,0.76,-1,-1,-1
78,1,543.89,176.24,86.17,232.31,0.95,-1,-1,-1
78,9,944.60,170.51,86.51,216.63,0.63,-1,-1,-1
78,10,591.98,191.21,22.64,61.00,0.22,-1,-1,-1
78,8,1194.27,156.85,98.81,326.11,0.77,-1,-1,-1
78,14,484.18,183.21,33.27,101.25,0.81,-1,-1,-1
78,6,1088.98,179.57,116.61,308.60,0.64,-1,-1,-1
78,4,487.06,185.13,70.18,179.42,0.90,-1,-1,-1
78,15,1157.50,176.83,79.12,237.22,0.73,-1,-1,-1
79,1,545.03,175.47,87.18,235.97,0.95,-1,-1,-1
79,9,945.46,169.91,86.62,216.48,0.67,-1,-1,-1
79,10,592.20,191.25,21.89,57.87,0.12,-1,-1,-1
79,8,1198.54,156.60,92.84,321.99,0.77,-1,-1,-1
79,14,486.03,181.94,33.69,102.98,0.81,-1,-1,-1
79,6,1095.54,178.56,110.49,299.22,0.55,-1,-1,-1
79,4,486.12,185.24,71.21,180.03,0.91,-1,-1,-1
79,15,1162.19,177.14,77.60,237.43,0.70,-1,-1,-1
80,1,545.00,174.60,89.37,236.68,0.95,-1,-1,-1
80,9,945.56,169.71,86.62,218.44,0.58,-1,-1,-1
80,10,592.51,191.21,21.62,56.14,0.10,-1,-1,-1
80,8,1202.09,157.15,91.85,320.30,0.77,-1,-1,-1
80,14,486.89,181.72,33.22,100.21,0.80,-1,-1,-1
80,6,1102.45,178.96,103.11,292.17,0.60,-1,-1,-1
80,4,488.69,185.46,68.62,180.18,0.91,-1,-1,-1
80,15,1167.82,175.44,75.83,250.57,0.74,-1,-1,-1
81,1,544.86,173.92,91.40,235.40,0.95,-1,-1,-1
81,9,945.41,168.75,87.79,231.89,0.67,-1,-1,-1
81,8,1205.48,156.70,93.97,321.70,0.73,-1,-1,-1
81,14,487.99,182.00,32.46,100.44,0.79,-1,-1,-1
81,6,1107.07,179.58,107.70,299.85,0.56,-1,-1,-1
81,4,491.22,185.65,66.34,180.48,0.90,-1,-1,-1
81,15,1170.67,176.54,76.54,242.71,0.62,-1,-1,-1
82,1,545.03,173.49,92.76,234.20,0.95,-1,-1,-1
82,9,946.53,169.21,87.01,223.25,0.56,-1,-1,-1
82,8,1209.65,156.65,94.73,324.56,0.72,-1,-1,-1
82,14,489.21,181.99,31.58,99.87,0.80,-1,-1,-1
82,6,1110.47,178.87,114.04,310.20,0.60,-1,-1,-1
82,4,493.09,185.68,64.83,180.61,0.91,-1,-1,-1
82,15,1173.40,176.08,80.54,253.77,0.62,-1,-1,-1
83,1,544.51,173.14,95.67,233.90,0.95,-1,-1,-1
83,9,946.97,168.60,86.68,223.25,0.50,-1,-1,-1
83,8,1213.47,155.62,96.24,323.27,0.64,-1,-1,-1
83,14,489.66,181.88,32.54,103.38,0.82,-1,-1,-1
83,6,1114.01,178.03,115.25,311.30,0.57,-1,-1,-1
83,4,494.19,185.49,63.65,180.03,0.91,-1,-1,-1
83,15,1176.72,175.94,79.57,240.41,0.64,-1,-1,-1
84,1,544.20,172.98,97.43,234.23,0.95,-1,-1,-1
84,9,947.77,167.42,87.82,228.96,0.54,-1,-1,-1
84,8,1219.33,154.69,93.26,316.36,0.65,-1,-1,-1
84,14,490.53,181.64,34.12,105.70,0.80,-1,-1,-1
84,6,1120.80,177.69,107.44,305.05,0.46,-1,-1,-1
84,4,494.46,184.77,63.25,180.31,0.91,-1,-1,-1
84,15,1182.93,176.29,79.25,237.78,0.59,-1,-1,-1
85,1,543.13,173.07,99.23,234.98,0.95,-1,-1,-1
85,9,947.89,166.28,91.78,247.58,0.39,-1,-1,-1
85,8,1222.68,153.13,90.88,309.68,0.53,-1,-1,-1
85,14,490.87,181.86,34.70,107.35,0.79,-1,-1,-1
85,6,1127.05,176.98,103.02,300.94,0.46,-1,-1,-1
85,4,494.02,184.35,64.28,179.60,0.90,-1,-1,-1
85,15,1183.44,175.08,80.35,256.53,0.31,-1,-1,-1
86,1,542.25,173.41,100.40,234.75,0.95,-1,-1,-1
86,8,1227.65,152.17,88.72,313.61,0.43,-1,-1,-1
86,14,491.72,182.16,34.30,106.51,0.76,-1,-1,-1
86,6,1132.47,175.31,98.86,295.50,0.33,-1,-1,-1
86,4,493.75,183.57,64.01,179.87,0.90,-1,-1,-1
86,15,1190.38,174.77,77.05,256.33,0.32,-1,-1,-1
87,1,542.08,173.83,100.37,235.75,0.95,-1,-1,-1
87,8,1233.07,151.51,91.78,326.00,0.30,-1,-1,-1
87,14,492.44,182.36,34.21,107.38,0.67,-1,-1,-1
87,6,1137.94,172.30,98.75,314.12,0.22,-1,-1,-1
87,4,492.90,182.61,64.59,178.52,0.90,-1,-1,-1
87,15,1194.73,172.10,82.08,282.21,0.30,-1,-1,-1
88,1,542.31,173.92,100.39,236.98,0.95,-1,-1,-1
88,8,1238.37,151.00,91.74,313.77,0.17,-1,-1,-1
88,14,493.22,182.45,34.80,109.68,0.60,-1,-1,-1
88,4,492.85,181.51,63.64,177.97,0.90,-1,-1,-1
88,15,1200.24,170.64,80.35,268.28,0.20,-1,-1,-1
89,1,541.67,174.71,100.94,236.99,0.95,-1,-1,-1
89,14,492.83,183.09,35.01,110.99,0.54,-1,-1,-1
89,4,491.89,181.26,63.86,177.85,0.90,-1,-1,-1
89,15,1203.33,170.69,77.21,250.93,0.13,-1,-1,-1
90,1,541.10,175.03,100.98,238.05,0.95,-1,-1,-1
90,14,492.70,183.35,35.65,117.18,0.50,-1,-1,-1
90,4,491.01,181.27,63.86,177.83,0.91,-1,-1,-1
91,1,540.98,175.10,100.54,237.73,0.95,-1,-1,-1
91,14,491.78,183.80,38.34,125.17,0.13,-1,-1,-1
91,4,489.85,181.48,62.76,178.62,0.91,-1,-1,-1
92,1,540.99,174.64,100.36,237.58,0.94,-1,-1,-1
92,4,488.86,181.39,62.34,179.93,0.91,-1,-1,-1
93,1,539.61,174.04,100.88,237.48,0.95,-1,-1,-1
93,4,487.78,181.72,61.60,180.27,0.91,-1,-1,-1
94,1,539.01,173.78,100.42,235.42,0.94,-1,-1,-1
94,4,486.69,182.69,61.90,179.87,0.91,-1,-1,-1
95,1,538.31,173.29,99.56,232.04,0.95,-1,-1,-1
95,4,484.67,182.81,63.19,179.88,0.90,-1,-1,-1
96,1,537.80,172.94,98.01,230.06,0.95,-1,-1,-1
96,4,482.49,183.66,63.66,179.07,0.91,-1,-1,-1
97,1,536.38,172.44,97.38,229.00,0.95,-1,-1,-1
97,4,481.10,184.66,64.41,177.97,0.91,-1,-1,-1
98,1,535.04,172.09,96.56,229.16,0.95,-1,-1,-1
98,4,480.38,186.15,63.50,177.37,0.90,-1,-1,-1
99,1,533.89,171.56,94.45,229.30,0.95,-1,-1,-1
99,4,478.58,186.50,63.75,177.28,0.90,-1,-1,-1
100,1,532.92,170.94,93.65,231.03,0.95,-1,-1,-1
100,4,477.40,187.47,64.42,176.87,0.89,-1,-1,-1
101,1,532.39,170.68,93.45,231.13,0.96,-1,-1,-1
101,4,475.56,186.35,65.92,178.30,0.90,-1,-1,-1
102,1,531.65,170.48,93.40,232.55,0.95,-1,-1,-1
102,4,472.86,186.03,68.87,178.63,0.91,-1,-1,-1
103,1,531.01,170.77,93.37,233.40,0.94,-1,-1,-1
103,4,470.94,186.85,70.54,177.44,0.92,-1,-1,-1
103,14,517.87,183.31,38.00,108.35,0.72,-1,-1,-1
104,1,530.71,171.89,91.58,233.35,0.94,-1,-1,-1
104,4,468.70,185.89,72.36,177.55,0.93,-1,-1,-1
104,14,519.11,182.88,38.54,111.59,0.75,-1,-1,-1
105,1,529.42,172.62,90.90,233.26,0.94,-1,-1,-1
105,4,467.34,185.08,73.00,176.93,0.93,-1,-1,-1
105,14,520.78,182.56,37.45,107.89,0.75,-1,-1,-1
105,16,322.65,169.99,36.45,131.06,0.75,-1,-1,-1
106,1,529.42,173.38,89.50,233.81,0.94,-1,-1,-1
106,4,465.54,183.83,75.62,178.13,0.93,-1,-1,-1
106,14,521.75,181.51,38.30,107.82,0.83,-1,-1,-1
106,16,320.56,170.15,39.09,131.54,0.78,-1,-1,-1
106,17,501.75,179.10,31.50,99.00,0.78,-1,-1,-1
107,1,528.48,174.25,89.67,234.67,0.94,-1,-1,-1
107,4,464.24,183.30,77.22,179.58,0.93,-1,-1,-1
107,14,522.29,181.04,39.23,108.85,0.80,-1,-1,-1
107,16,318.27,169.92,42.37,132.39,0.81,-1,-1,-1
107,17,501.91,179.38,31.62,100.68,0.76,-1,-1,-1
108,1,528.24,175.13,89.23,235.52,0.94,-1,-1,-1
108,4,462.98,183.37,78.46,179.88,0.93,-1,-1,-1
108,14,522.51,180.96,39.02,109.89,0.82,-1,-1,-1
108,16,317.36,170.69,43.86,131.50,0.79,-1,-1,-1
108,17,501.61,179.99,31.00,98.71,0.76,-1,-1,-1
109,1,527.68,176.16,89.13,235.71,0.93,-1,-1,-1
109,4,462.08,183.70,78.35,180.47,0.93,-1,-1,-1
109,14,522.01,180.51,40.16,113.23,0.79,-1,-1,-1
109,16,316.17,172.05,45.23,130.75,0.72,-1,-1,-1
109,17,501.14,180.14,31.43,100.59,0.74,-1,-1,-1
110,1,527.88,176.16,88.54,236.89,0.93,-1,-1,-1
110,4,460.38,184.25,78.87,181.57,0.93,-1,-1,-1
110,14,521.56,180.71,40.59,111.34,0.75,-1,-1,-1
110,16,315.08,173.99,45.33,129.51,0.56,-1,-1,-1
110,17,500.42,181.46,30.89,98.40,0.71,-1,-1,-1
111,1,527.39,176.79,87.50,237.11,0.93,-1,-1,-1
111,4,458.74,184.86,80.01,181.78,0.93,-1,-1,-1
111,14,522.25,181.08,40.63,110.97,0.70,-1,-1,-1
111,16,313.11,174.11,46.09,129.91,0.20,-1,-1,-1
111,17,500.61,181.53,31.29,96.97,0.63,-1,-1,-1
112,1,527.13,177.50,87.39,236.75,0.94,-1,-1,-1
112,4,457.70,186.54,80.63,181.35,0.93,-1,-1,-1
112,14,521.77,181.47,40.77,118.09,0.64,-1,-1,-1
112,16,313.83,177.35,41.27,127.79,0.35,-1,-1,-1
112,17,500.57,182.29,30.88,96.64,0.48,-1,-1,-1
113,1,526.39,177.94,87.82,235.56,0.94,-1,-1,-1
113,4,456.43,187.93,78.93,182.63,0.92,-1,-1,-1
113,14,522.07,181.50,40.16,121.90,0.44,-1,-1,-1
113,16,314.65,191.73,39.47,115.52,0.15,-1,-1,-1
113,17,499.60,183.57,30.67,95.84,0.63,-1,-1,-1
114,1,526.23,179.52,87.53,235.89,0.94,-1,-1,-1
114,4,454.57,190.02,78.95,184.18,0.93,-1,-1,-1
114,14,521.96,183.04,39.36,118.44,0.56,-1,-1,-1
114,16,315.37,200.58,37.32,108.38,0.14,-1,-1,-1
114,17,499.65,183.50,28.12,87.76,0.38,-1,-1,-1
115,1,525.68,180.38,88.53,235.15,0.95,-1,-1,-1
115,4,453.82,191.53,78.68,184.58,0.92,-1,-1,-1
115,14,521.66,185.42,38.98,116.81,0.46,-1,-1,-1
115,16,314.72,204.78,36.52,105.19,0.12,-1,-1,-1
115,17,499.13,183.65,27.79,84.74,0.18,-1,-1,-1
116,1,524.78,182.23,92.45,233.84,0.95,-1,-1,-1
116,4,451.90,192.99,79.86,185.48,0.92,-1,-1,-1
116,14,522.01,185.62,38.81,115.79,0.42,-1,-1,-1
116,16,313.11,190.28,41.02,120.87,0.10,-1,-1,-1
116,17,498.57,185.01,31.48,93.54,0.44,-1,-1,-1
116,18,1017.00,176.85,111.60,202.95,0.72,-1,-1,-1
117,1,524.04,183.64,93.43,232.29,0.95,-1,-1,-1
117,4,450.94,194.89,79.33,185.22,0.92,-1,-1,-1
117,14,519.91,188.01,40.01,115.48,0.55,-1,-1,-1
117,17,497.35,185.57,27.47,83.69,0.32,-1,-1,-1
117,18,1018.30,177.32,114.97,209.65,0.72,-1,-1,-1
118,1,521.97,185.49,96.04,233.81,0.94,-1,-1,-1
118,4,450.65,196.03,80.48,186.29,0.91,-1,-1,-1
118,14,520.55,185.92,41.61,126.39,0.24,-1,-1,-1
118,17,497.26,186.98,24.41,78.71,0.28,-1,-1,-1
118,18,1002.01,177.62,133.49,204.05,0.75,-1,-1,-1
118,19,874.80,210.94,72.00,137.36,0.75,-1,-1,-1
119,1,521.50,186.85,95.84,233.87,0.94,-1,-1,-1
119,4,449.64,196.77,80.30,185.28,0.91,-1,-1,-1
119,14,520.78,184.71,40.43,123.19,0.39,-1,-1,-1
119,17,495.96,187.05,26.68,84.76,0.24,-1,-1,-1
119,18,1002.09,180.00,136.09,203.83,0.76,-1,-1,-1
119,19,875.85,209.79,71.58,149.25,0.73,-1,-1,-1
120,1,519.96,189.07,96.35,232.32,0.94,-1,-1,-1
120,4,449.39,196.99,79.33,184.32,0.92,-1,-1,-1
120,14,520.95,186.55,39.93,115.25,0.50,-1,-1,-1
120,17,494.97,187.43,27.98,87.16,0.52,-1,-1,-1
120,18,1015.27,181.51,125.68,209.99,0.79,-1,-1,-1
120,19,876.58,211.09,71.91,142.86,0.80,-1,-1,-1
120,20,845.10,191.25,43.20,147.15,0.71,-1,-1,-1
121,1,519.29,189.79,95.11,233.01,0.94,-1,-1,-1
121,4,449.59,196.59,77.55,184.49,0.92,-1,-1,-1
121,14,520.30,187.02,40.24,114.30,0.49,-1,-1,-1
121,17,493.93,186.71,31.44,93.55,0.42,-1,-1,-1
121,18,1019.30,183.23,123.76,210.17,0.79,-1,-1,-1
121,19,876.71,210.64,69.98,145.39,0.80,-1,-1,-1
121,20,844.91,191.60,44.82,149.54,0.74,-1,-1,-1
121,21,986.40,202.05,70.20,178.20,0.76,-1,-1,-1
122,1,518.11,191.59,94.73,232.08,0.93,-1,-1,-1
122,4,448.19,195.95,78.04,188.20,0.91,-1,-1,-1
122,14,519.98,187.86,38.58,110.74,0.38,-1,-1,-1
122,17,493.46,186.41,29.27,90.88,0.59,-1,-1,-1
122,18,1023.89,183.36,123.20,219.27,0.81,-1,-1,-1
122,19,877.18,210.51,68.71,144.37,0.83,-1,-1,-1
122,20,846.06,193.32,44.51,142.12,0.78,-1,-1,-1
122,21,987.33,201.39,71.93,184.46,0.78,-1,-1,-1
123,1,516.90,192.66,93.85,231.84,0.93,-1,-1,-1
123,4,447.27,195.86,77.50,183.97,0.91,-1,-1,-1
123,14,519.36,188.31,37.89,106.58,0.48,-1,-1,-1
123,17,492.86,186.69,27.67,87.04,0.65,-1,-1,-1
123,18,1027.93,184.10,120.29,225.13,0.79,-1,-1,-1
123,19,877.16,211.83,67.25,138.11,0.85,-1,-1,-1
123,20,846.15,195.35,43.52,136.99,0.80,-1,-1,-1
123,21,989.36,200.57,72.27,188.34,0.80,-1,-1,-1
123,22,832.50,204.52,34.20,112.95,0.74,-1,-1,-1
124,1,515.39,193.19,93.54,232.47,0.94,-1,-1,-1
124,4,446.31,195.24,75.65,182.69,0.92,-1,-1,-1
124,14,519.24,188.52,40.14,117.22,0.22,-1,-1,-1
124,17,492.15,186.53,28.34,89.05,0.67,-1,-1,-1
124,18,1030.20,184.38,120.50,227.17,0.82,-1,-1,-1
124,19,877.68,212.60,66.49,135.02,0.86,-1,-1,-1
124,20,846.66,196.93,41.14,132.85,0.83,-1,-1,-1
124,21,992.03,200.01,72.25,189.64,0.77,-1,-1,-1
124,22,833.27,203.54,34.33,113.92,0.65,-1,-1,-1
125,1,514.67,193.47,92.80,233.24,0.94,-1,-1,-1
125,4,445.07,194.66,76.02,183.09,0.92,-1,-1,-1
125,14,518.39,188.13,40.32,113.33,0.48,-1,-1,-1
125,17,491.12,186.71,27.96,88.53,0.63,-1,-1,-1
125,18,1030.56,184.01,123.03,230.23,0.81,-1,-1,-1
125,19,877.56,213.32,66.26,135.26,0.86,-1,-1,-1
125,20,847.56,198.11,40.40,130.76,0.84,-1,-1,-1
125,21,994.45,199.63,72.17,192.52,0.77,-1,-1,-1
125,22,833.64,201.29,35.07,116.23,0.65,-1,-1,-1
126,1,513.78,192.54,92.65,234.79,0.94,-1,-1,-1
126,4,443.78,194.50,77.01,181.29,0.92,-1,-1,-1
126,14,518.63,186.48,41.05,114.16,0.49,-1,-1,-1
126,17,490.39,186.33,28.48,91.22,0.64,-1,-1,-1
126,18,1033.75,183.36,124.07,231.15,0.82,-1,-1,-1
126,19,878.35,213.45,67.86,134.44,0.87,-1,-1,-1
126,20,848.28,199.31,40.24,129.39,0.86,-1,-1,-1
126,21,997.00,199.58,72.19,194.49,0.79,-1,-1,-1
126,22,833.30,199.99,35.97,117.65,0.70,-1,-1,-1
126,16,291.91,178.95,53.01,140.18,0.83,-1,-1,-1
127,1,512.67,192.77,92.50,235.70,0.94,-1,-1,-1
127,4,442.15,194.60,74.13,180.98,0.92,-1,-1,-1
127,14,518.80,186.48,40.07,111.00,0.43,-1,-1,-1
127,17,489.65,186.57,28.03,89.34,0.63,-1,-1,-1
127,18,1034.62,183.23,125.52,238.63,0.81,-1,-1,-1
127,19,878.31,213.17,67.46,134.62,0.87,-1,-1,-1
127,20,848.26,195.87,40.19,133.48,0.84,-1,-1,-1
127,21,997.67,198.50,73.39,197.64,0.79,-1,-1,-1
127,22,832.28,196.87,36.86,122.60,0.68,-1,-1,-1
127,16,289.15,178.00,53.75,141.63,0.84,-1,-1,-1
128,1,511.05,192.68,93.14,234.86,0.94,-1,-1,-1
128,4,440.33,193.90,73.73,182.72,0.92,-1,-1,-1
128,14,517.93,186.78,40.34,109.83,0.41,-1,-1,-1
128,17,488.77,187.07,27.28,85.65,0.63,-1,-1,-1
128,18,1033.71,183.39,129.75,239.81,0.82,-1,-1,-1
128,19,878.02,212.64,66.44,136.93,0.88,-1,-1,-1
128,20,848.26,195.57,40.23,134.75,0.86,-1,-1,-1
128,21,998.51,199.63,75.10,197.69,0.79,-1,-1,-1
128,22,831.64,195.77,37.80,124.52,0.76,-1,-1,-1
128,16,285.40,177.23,55.23,142.46,0.81,-1,-1,-1
128,23,895.05,183.15,54.45,145.80,0.72,-1,-1,-1
129,1,509.43,192.29,93.44,234.40,0.94,-1,-1,-1
129,4,438.85,194.34,74.25,183.04,0.91,-1,-1,-1
129,14,517.47,185.57,41.67,117.10,0.40,-1,-1,-1
129,17,488.29,187.00,27.02,86.77,0.65,-1,-1,-1
129,18,1031.46,183.31,136.20,242.93,0.82,-1,-1,-1
129,19,878.46,212.06,66.45,144.12,0.89,-1,-1,-1
129,20,849.06,194.17,40.29,137.55,0.85,-1,-1,-1
129,21,1000.99,199.09,78.21,201.88,0.79,-1,-1,-1
129,22,831.27,195.82,38.73,124.91,0.77,-1,-1,-1
129,16,282.87,176.44,57.26,143.21,0.83,-1,-1,-1
129,23,897.81,183.50,52.89,146.61,0.63,-1,-1,-1
130,1,507.61,192.51,92.33,229.71,0.95,-1,-1,-1
130,4,437.07,195.09,77.04,184.67,0.90,-1,-1,-1
130,14,515.76,186.76,43.96,117.88,0.46,-1,-1,-1
130,17,486.92,186.91,27.56,91.00,0.73,-1,-1,-1
130,18,1037.07,183.01,132.66,245.81,0.84,-1,-1,-1
130,19,878.06,211.91,66.76,146.93,0.90,-1,-1,-1
130,20,848.20,193.13,40.34,140.15,0.87,-1,-1,-1
130,21,1001.39,200.13,78.13,201.22,0.83,-1,-1,-1
130,22,829.10,195.95,39.66,124.41,0.80,-1,-1,-1
130,16,281.22,176.99,57.44,143.52,0.86,-1,-1,-1
130,23,898.27,185.10,48.76,141.79,0.61,-1,-1,-1
131,1,506.08,192.26,91.26,225.90,0.95,-1,-1,-1
131,4,434.97,195.95,80.13,185.52,0.89,-1,-1,-1
131,14,515.98,188.23,41.26,108.39,0.28,-1,-1,-1
131,17,485.84,187.25,27.75,89.92,0.74,-1,-1,-1
131,18,1040.85,183.19,131.07,248.07,0.83,-1,-1,-1
131,19,878.08,212.22,66.56,148.16,0.91,-1,-1,-1
131,20,848.38,195.43,40.36,139.35,0.87,-1,-1,-1
131,21,1001.88,200.39,79.20,199.29,0.81,-1,-1,-1
131,22,829.41,196.17,39.34,124.77,0.79,-1,-1,-1
131,16,279.44,177.91,55.35,143.72,0.85,-1,-1,-1
131,23,899.13,185.30,48.36,143.24,0.65,-1,-1,-1
132,1,505.44,192.56,88.39,225.54,0.94,-1,-1,-1
132,4,433.24,196.96,73.53,185.11,0.87,-1,-1,-1
132,14,516.00,189.75,37.65,98.51,0.16,-1,-1,-1
132,17,485.05,187.24,27.19,88.18,0.72,-1,-1,-1
132,18,1041.65,184.01,132.77,242.96,0.83,-1,-1,-1
132,19,878.80,212.78,65.84,148.58,0.91,-1,-1,-1
132,20,848.54,194.99,40.34,140.78,0.87,-1,-1,-1
132,21,1003.29,200.97,79.51,198.76,0.81,-1,-1,-1
132,22,829.38,196.65,39.14,123.83,0.81,-1,-1,-1
132,16,277.93,178.59,56.84,143.53,0.86,-1,-1,-1
132,23,890.31,184.14,56.65,149.17,0.62,-1,-1,-1
132,24,585.00,193.05,18.90,47.70,0.73,-1,-1,-1
133,1,503.45,192.80,87.31,225.00,0.94,-1,-1,-1
133,4,431.00,198.22,75.37,184.72,0.89,-1,-1,-1
133,14,516.05,191.48,35.05,91.32,0.13,-1,-1,-1
133,17,484.22,187.32,27.59,88.06,0.66,-1,-1,-1
133,18,1044.25,184.32,132.13,243.04,0.84,-1,-1,-1
133,19,879.66,213.79,65.57,149.91,0.91,-1,-1,-1
133,20,848.89,195.78,40.33,140.40,0.87,-1,-1,-1
133,21,1004.34,200.95,81.97,200.96,0.81,-1,-1,-1
133,22,829.69,197.45,38.40,122.88,0.82,-1,-1,-1
133,16,275.84,178.63,54.98,144.19,0.85,-1,-1,-1
133,23,890.63,184.31,55.51,151.07,0.67,-1,-1,-1
133,24,584.02,193.46,19.69,47.52,0.71,-1,-1,-1
134,1,501.00,191.96,88.16,226.93,0.93,-1,-1,-1
134,4,428.76,198.82,70.56,184.29,0.88,-1,-1,-1
134,14,516.45,193.83,27.81,76.82,0.10,-1,-1,-1
134,17,483.99,187.19,26.52,85.92,0.66,-1,-1,-1
134,18,1046.03,184.28,133.04,236.27,0.84,-1,-1,-1
134,19,880.16,214.68,66.09,150.76,0.91,-1,-1,-1
134,20,849.20,196.19,40.93,140.41,0.88,-1,-1,-1
134,21,1006.12,202.39,82.84,196.99,0.82,-1,-1,-1
134,22,830.31,197.14,38.08,123.38,0.81,-1,-1,-1
134,16,274.38,178.32,58.42,146.31,0.88,-1,-1,-1
134,23,895.60,184.01,52.30,156.45,0.65,-1,-1,-1
134,24,583.49,193.39,19.17,47.08,0.63,-1,-1,-1
134,25,474.30,231.52,42.30,61.65,0.75,-1,-1,-1
135,1,498.67,192.36,90.34,227.52,0.94,-1,-1,-1
135,4,426.51,199.45,75.60,184.50,0.90,-1,-1,-1
135,14,515.94,195.19,26.03,74.68,0.11,-1,-1,-1
135,17,483.68,187.42,26.74,86.06,0.67,-1,-1,-1
135,18,1044.83,184.14,135.78,242.42,0.84,-1,-1,-1
135,19,880.67,215.52,66.00,150.43,0.91,-1,-1,-1
135,20,849.63,197.62,41.17,138.88,0.88,-1,-1,-1
135,21,1009.16,202.40,81.95,198.44,0.84,-1,-1,-1
135,22,831.19,197.12,37.36,123.22,0.80,-1,-1,-1
135,16,272.16,178.30,61.44,146.53,0.85,-1,-1,-1
135,23,896.54,184.11,52.02,159.86,0.68,-1,-1,-1
135,24,582.76,193.30,18.94,46.51,0.67,-1,-1,-1
135,25,472.80,231.88,43.15,62.85,0.73,-1,-1,-1
136,1,497.10,193.23,89.94,227.33,0.94,-1,-1,-1
136,4,424.12,199.78,75.53,184.44,0.89,-1,-1,-1
136,17,482.84,187.69,27.44,87.68,0.70,-1,-1,-1
136,18,1042.13,184.66,140.33,253.73,0.82,-1,-1,-1
136,19,880.83,215.43,66.27,151.11,0.91,-1,-1,-1
136,20,849.47,197.15,41.86,140.09,0.88,-1,-1,-1
136,21,1009.26,202.12,82.76,202.80,0.82,-1,-1,-1
136,22,830.92,197.19,37.68,123.10,0.80,-1,-1,-1
136,16,268.39,178.59,63.44,146.63,0.88,-1,-1,-1
136,23,896.24,184.30,50.97,159.48,0.68,-1,-1,-1
136,24,582.45,193.51,18.19,46.66,0.65,-1,-1,-1
136,25,471.28,232.04,43.33,62.05,0.71,-1,-1,-1
136,26,909.45,205.09,62.55,142.76,0.72,-1,-1,-1
137,1,494.59,192.99,92.13,227.96,0.93,-1,-1,-1
137,4,421.65,199.62,69.69,183.69,0.89,-1,-1,-1
137,17,482.08,187.76,27.66,86.21,0.71,-1,-1,-1
137,18,1042.66,184.16,141.89,261.06,0.81,-1,-1,-1
137,19,881.70,215.14,65.40,151.80,0.91,-1,-1,-1
137,20,849.34,196.19,42.07,141.37,0.87,-1,-1,-1
137,21,1008.49,201.95,86.54,211.45,0.81,-1,-1,-1
137,22,830.17,197.36,37.74,122.97,0.78,-1,-1,-1
137,16,265.95,178.52,63.82,147.21,0.87,-1,-1,-1
137,23,897.32,184.55,50.51,157.46,0.63,-1,-1,-1
137,24,582.14,193.41,17.94,46.79,0.67,-1,-1,-1
137,25,470.80,231.88,41.89,63.11,0.75,-1,-1,-1
137,26,908.69,204.92,67.39,142.91,0.74,-1,-1,-1
138,1,492.27,194.80,91.11,227.14,0.92,-1,-1,-1
138,4,418.68,198.88,72.15,184.39,0.90,-1,-1,-1
138,17,481.57,188.04,27.14,86.57,0.70,-1,-1,-1
138,18,1044.07,184.40,142.41,265.87,0.80,-1,-1,-1
138,19,882.37,215.15,65.38,151.90,0.91,-1,-1,-1
138,20,849.64,195.66,42.13,142.45,0.88,-1,-1,-1
138,21,1008.20,201.29,90.28,226.20,0.81,-1,-1,-1
138,22,829.64,197.94,37.75,122.39,0.80,-1,-1,-1
138,16,264.84,178.37,63.90,148.08,0.88,-1,-1,-1
138,23,897.75,184.62,50.33,157.84,0.62,-1,-1,-1
138,24,582.11,193.26,17.88,47.25,0.64,-1,-1,-1
138,25,470.81,231.93,40.72,62.44,0.78,-1,-1,-1
138,26,910.01,204.96,67.00,143.74,0.69,-1,-1,-1
138,27,557.55,197.32,26.10,69.30,0.71,-1,-1,-1
139,1,490.87,195.25,87.84,228.13,0.93,-1,-1,-1
139,4,416.31,198.40,76.54,183.86,0.93,-1,-1,-1
139,17,480.80,187.76,26.99,86.60,0.72,-1,-1,-1
139,18,1038.94,183.53,151.06,274.02,0.80,-1,-1,-1
139,19,883.15,215.02,66.98,152.51,0.92,-1,-1,-1
139,20,849.96,194.21,42.83,144.44,0.88,-1,-1,-1
139,21,1008.96,200.87,92.97,229.04,0.81,-1,-1,-1
139,22,829.66,197.90,37.20,122.73,0.82,-1,-1,-1
139,16,265.99,178.87,61.31,148.63,0.90,-1,-1,-1
139,23,898.44,184.73,49.42,155.71,0.65,-1,-1,-1
139,24,581.54,193.39,17.89,47.90,0.62,-1,-1,-1
139,25,470.55,232.18,41.08,60.89,0.79,-1,-1,-1
139,26,911.47,205.41,65.75,143.14,0.71,-1,-1,-1
139,27,558.02,196.74,24.75,69.87,0.62,-1,-1,-1
140,1,489.53,195.45,88.51,229.51,0.91,-1,-1,-1
140,4,413.80,197.50,77.78,183.79,0.93,-1,-1,-1
140,17,480.55,187.25,26.95,88.35,0.72,-1,-1,-1
140,18,1045.69,183.12,147.37,276.58,0.80,-1,-1,-1
140,19,884.37,214.47,67.02,153.15,0.92,-1,-1,-1
140,20,851.00,193.82,43.11,145.07,0.87,-1,-1,-1
140,21,1011.46,200.60,95.20,232.35,0.83,-1,-1,-1
140,22,829.37,197.52,37.01,123.27,0.83,-1,-1,-1
140,16,263.96,178.54,61.79,149.34,0.90,-1,-1,-1
140,23,899.65,184.18,51.58,158.60,0.68,-1,-1,-1
140,24,581.13,193.20,17.91,48.48,0.67,-1,-1,-1
140,25,468.56,232.51,41.24,60.09,0.78,-1,-1,-1
140,26,912.04,205.46,66.03,143.06,0.54,-1,-1,-1
140,27,556.37,196.22,25.91,71.62,0.64,-1,-1,-1
141,1,487.43,195.21,87.47,230.40,0.93,-1,-1,-1
141,4,411.70,196.74,78.18,184.07,0.92,-1,-1,-1
141,17,479.73,187.00,27.53,89.71,0.72,-1,-1,-1
141,18,1048.83,183.00,145.59,277.24,0.82,-1,-1,-1
141,19,884.96,214.30,67.57,153.42,0.92,-1,-1,-1
141,20,851.28,194.29,43.17,144.68,0.87,-1,-1,-1
141,21,1012.31,200.83,97.08,234.28,0.81,-1,-1,-1
141,22,829.51,197.63,37.51,123.58,0.81,-1,-1,-1
141,16,262.42,178.82,63.68,150.08,0.90,-1,-1,-1
141,23,899.91,183.91,50.81,159.04,0.72,-1,-1,-1
141,24,580.70,193.18,18.54,49.76,0.61,-1,-1,-1
141,25,467.75,232.38,41.89,62.93,0.74,-1,-1,-1
141,26,912.71,205.43,66.40,143.06,0.78,-1,-1,-1
141,27,555.28,196.92,26.23,70.74,0.71,-1,-1,-1
141,28,1178.10,228.04,109.80,225.56,0.72,-1,-1,-1
142,1,484.50,194.54,87.62,231.54,0.93,-1,-1,-1
142,4,410.00,196.75,77.63,183.61,0.92,-1,-1,-1
142,17,479.07,186.63,28.31,91.72,0.74,-1,-1,-1
142,18,1049.90,181.52,145.94,287.44,0.83,-1,-1,-1
142,19,885.37,213.84,67.41,154.13,0.92,-1,-1,-1
142,20,851.59,194.52,43.13,144.24,0.87,-1,-1,-1
142,21,1014.28,200.90,95.30,244.23,0.82,-1,-1,-1
142,22,828.89,197.70,37.64,124.00,0.78,-1,-1,-1
142,16,260.78,178.79,64.30,151.02,0.91,-1,-1,-1
142,23,899.92,183.95,50.44,159.27,0.72,-1,-1,-1
142,24,580.48,193.09,18.13,50.07,0.59,-1,-1,-1
142,25,468.04,232.05,41.49,62.71,0.75,-1,-1,-1
142,26,913.13,205.32,67.43,144.05,0.82,-1,-1,-1
142,27,554.62,196.90,26.26,76.18,0.66,-1,-1,-1
142,28,1178.21,227.01,111.49,234.00,0.72,-1,-1,-1
143,1,482.87,194.55,86.67,232.15,0.94,-1,-1,-1
143,4,407.96,196.83,77.43,183.79,0.93,-1,-1,-1
143,17,478.22,186.00,30.45,95.60,0.69,-1,-1,-1
143,18,1049.35,180.66,151.13,295.09,0.79,-1,-1,-1
143,19,887.04,213.85,67.19,154.30,0.92,-1,-1,-1
143,20,853.17,195.53,42.61,143.07,0.86,-1,-1,-1
143,21,1017.03,200.45,94.74,253.99,0.81,-1,-1,-1
143,22,833.71,199.70,37.78,122.60,0.65,-1,-1,-1
143,16,256.27,178.32,67.62,152.79,0.90,-1,-1,-1
143,23,900.84,183.43,51.33,159.18,0.61,-1,-1,-1
143,24,580.55,192.63,18.02,50.93,0.53,-1,-1,-1
143,25,467.84,231.80,40.18,63.93,0.72,-1,-1,-1
143,26,913.22,205.33,69.17,144.58,0.82,-1,-1,-1
143,27,554.89,196.71,25.63,72.64,0.68,-1,-1,-1
143,28,1184.66,227.09,102.35,231.97,0.46,-1,-1,-1
144,1,481.75,194.41,86.22,231.88,0.94,-1,-1,-1
144,4,405.90,196.42,78.15,183.74,0.93,-1,-1,-1
144,17,477.95,186.24,30.63,93.66,0.73,-1,-1,-1
144,18,1047.69,180.56,156.39,299.58,0.83,-1,-1,-1
144,19,887.66,213.81,67.62,154.72,0.92,-1,-1,-1
144,20,853.83,197.40,42.36,141.20,0.86,-1,-1,-1
144,21,1018.44,200.84,93.16,254.35,0.82,-1,-1,-1
144,22,834.13,200.01,36.57,122.69,0.62,-1,-1,-1
144,16,253.66,178.07,68.77,154.07,0.91,-1,-1,-1
144,23,900.57,183.53,54.01,160.70,0.59,-1,-1,-1
144,24,580.16,192.83,17.96,50.78,0.58,-1,-1,-1
144,25,467.54,231.95,39.03,67.32,0.75,-1,-1,-1
144,26,914.45,205.44,67.86,144.22,0.74,-1,-1,-1
144,27,555.29,196.84,24.71,70.62,0.63,-1,-1,-1
144,28,1193.30,227.08,95.99,231.79,0.46,-1,-1,-1
145,1,480.24,192.43,86.10,233.41,0.94,-1,-1,-1
145,4,404.06,196.54,79.92,184.39,0.93,-1,-1,-1
145,17,477.32,186.14,31.29,92.32,0.70,-1,-1,-1
145,18,1046.45,179.90,160.73,304.92,0.82,-1,-1,-1
145,19,888.80,214.37,66.90,154.53,0.92,-1,-1,-1
145,20,853.77,194.74,42.89,144.75,0.87,-1,-1,-1
145,21,1020.75,200.68,92.54,253.66,0.81,-1,-1,-1
145,22,836.13,200.36,36.74,122.96,0.61,-1,-1,-1
145,16,251.44,177.60,68.89,154.49,0.91,-1,-1,-1
145,23,900.48,183.41,52.06,159.67,0.62,-1,-1,-1
145,24,579.76,192.99,17.95,50.78,0.50,-1,-1,-1
145,25,466.88,231.87,39.27,70.34,0.75,-1,-1,-1
145,26,918.91,205.62,65.81,144.36,0.85,-1,-1,-1
145,27,554.87,197.12,25.03,69.67,0.70,-1,-1,-1
145,28,1194.64,218.36,98.79,246.54,0.11,-1,-1,-1
146,1,477.65,191.50,86.17,233.43,0.94,-1,-1,-1
146,4,401.44,196.04,80.52,186.51,0.94,-1,-1,-1
146,17,476.21,186.31,31.57,94.21,0.70,-1,-1,-1
146,18,1049.10,179.88,162.52,309.42,0.86,-1,-1,-1
146,19,890.48,214.25,66.70,155.18,0.93,-1,-1,-1
146,20,854.38,194.00,43.13,145.87,0.87,-1,-1,-1
146,21,1024.15,200.11,93.57,253.62,0.80,-1,-1,-1
146,22,835.36,199.78,35.64,122.23,0.44,-1,-1,-1
146,16,248.83,177.56,69.56,154.75,0.92,-1,-1,-1
146,23,902.03,183.16,51.01,159.68,0.62,-1,-1,-1
146,24,579.13,193.09,17.97,51.18,0.48,-1,-1,-1
146,25,465.17,231.54,40.02,75.07,0.73,-1,-1,-1
146,26,921.22,205.24,63.87,145.51,0.84,-1,-1,-1
146,27,554.55,197.18,25.16,69.71,0.62,-1,-1,-1
147,1,475.90,191.00,86.81,230.96,0.94,-1,-1,-1
147,4,398.96,196.38,82.66,187.65,0.94,-1,-1,-1
147,17,475.27,186.52,31.66,93.38,0.70,-1,-1,-1
147,18,1048.86,179.98,166.64,311.79,0.86,-1,-1,-1
147,19,891.05,213.84,66.62,156.57,0.92,-1,-1,-1
147,20,854.88,196.54,43.82,143.56,0.87,-1,-1,-1
147,21,1027.70,200.59,95.13,259.94,0.81,-1,-1,-1
147,22,838.08,200.26,36.45,122.95,0.64,-1,-1,-1
147,16,246.39,177.87,71.55,154.77,0.93,-1,-1,-1
147,23,902.86,183.18,50.32,157.81,0.70,-1,-1,-1
147,24,578.65,193.34,18.58,51.99,0.45,-1,-1,-1
147,25,464.62,230.98,39.70,75.98,0.71,-1,-1,-1
147,26,922.57,205.42,63.17,146.44,0.84,-1,-1,-1
147,27,554.20,197.08,25.21,69.78,0.63,-1,-1,-1
148,1,474.03,190.52,88.32,230.07,0.94,-1,-1,-1
148,4,396.94,196.98,83.95,188.98,0.94,-1,-1,-1
148,17,474.55,186.75,31.71,94.86,0.70,-1,-1,-1
148,18,1051.14,179.12,168.25,314.54,0.84,-1,-1,-1
148,19,892.45,216.02,66.63,155.30,0.93,-1,-1,-1
148,20,855.34,197.59,44.70,142.99,0.87,-1,-1,-1
148,21,1028.43,200.64,96.95,259.91,0.82,-1,-1,-1
148,22,839.95,200.05,37.37,124.14,0.67,-1,-1,-1
148,16,243.61,178.19,73.79,155.97,0.93,-1,-1,-1
148,23,903.16,183.41,50.70,158.34,0.71,-1,-1,-1
148,24,577.82,193.11,19.42,53.34,0.43,-1,-1,-1
148,25,461.94,231.18,41.44,79.82,0.58,-1,-1,-1
148,26,924.23,205.26,62.97,146.79,0.82,-1,-1,-1
148,27,554.03,196.87,25.25,71.82,0.43,-1,-1,-1
148,29,1020.60,204.52,54.00,146.70,0.81,-1,-1,-1
149,1,471.83,190.40,90.59,229.59,0.94,-1,-1,-1
149,4,395.91,197.54,84.63,189.16,0.93,-1,-1,-1
149,17,473.94,186.74,32.27,94.80,0.69,-1,-1,-1
149,18,1055.09,179.46,168.62,323.20,0.85,-1,-1,-1
149,19,893.08,216.83,66.57,155.62,0.93,-1,-1,-1
149,20,855.96,197.94,44.97,143.44,0.86,-1,-1,-1
149,21,1029.95,201.32,97.49,263.35,0.84,-1,-1,-1
149,22,840.78,199.99,37.07,123.95,0.58,-1,-1,-1
149,16,240.85,178.13,76.01,156.39,0.94,-1,-1,-1
149,23,904.30,183.43,50.48,160.01,0.74,-1,-1,-1
149,24,577.43,192.81,20.31,54.28,0.39,-1,-1,-1
149,25,461.79,231.30,40.25,80.95,0.57,-1,-1,-1
149,26,926.13,205.58,61.62,146.89,0.81,-1,-1,-1
149,27,554.20,196.27,25.22,71.66,0.53,-1,-1,-1
149,29,1022.85,204.36,54.20,147.70,0.69,-1,-1,-1
149,30,526.50,188.10,37.80,112.95,0.72,-1,-1,-1
