0,1,645.30,187.20,164.70,381.60,0.95,-1,-1,-1
0,2,448.20,166.61,180.90,422.44,0.95,-1,-1,-1
0,3,1099.80,194.40,75.60,203.40,0.93,-1,-1,-1
0,4,1170.90,174.37,77.40,194.85,0.92,-1,-1,-1
0,5,841.95,206.44,36.00,93.94,0.91,-1,-1,-1
0,6,641.25,216.90,27.90,72.00,0.89,-1,-1,-1
0,7,1223.10,199.24,79.20,174.26,0.89,-1,-1,-1
0,8,582.30,217.35,56.70,163.35,0.88,-1,-1,-1
0,9,972.90,206.32,46.80,107.55,0.87,-1,-1,-1
0,10,661.95,213.19,25.20,72.34,0.84,-1,-1,-1
0,11,1216.80,171.90,59.40,189.00,0.82,-1,-1,-1
0,12,1088.10,200.70,34.20,103.05,0.78,-1,-1,-1
1,1,645.11,184.81,166.40,380.07,0.96,-1,-1,-1
1,2,441.94,163.79,184.18,418.61,0.95,-1,-1,-1
1,3,1097.75,193.43,77.22,205.18,0.93,-1,-1,-1
1,4,1172.83,174.56,80.59,194.67,0.91,-1,-1,-1
1,5,843.92,206.82,34.47,94.04,0.92,-1,-1,-1
1,6,641.44,216.69,27.92,72.08,0.89,-1,-1,-1
1,7,1227.43,198.96,79.27,174.75,0.85,-1,-1,-1
1,8,582.04,216.45,56.75,164.41,0.89,-1,-1,-1
1,9,974.62,205.74,45.28,108.06,0.87,-1,-1,-1
1,10,661.77,212.88,25.22,71.34,0.84,-1,-1,-1
1,11,1220.34,170.91,62.57,190.38,0.81,-1,-1,-1
1,12,1087.60,200.32,35.79,103.94,0.69,-1,-1,-1
2,1,646.04,182.88,166.79,378.67,0.96,-1,-1,-1
2,2,443.10,162.04,181.36,415.50,0.95,-1,-1,-1
2,3,1096.16,193.42,78.94,205.60,0.94,-1,-1,-1
2,4,1175.46,175.27,82.58,193.69,0.90,-1,-1,-1
2,5,844.99,206.53,34.22,94.99,0.91,-1,-1,-1
2,6,641.04,216.21,27.94,72.75,0.90,-1,-1,-1
2,7,1231.20,197.85,77.91,177.74,0.86,-1,-1,-1
2,8,580.47,215.33,58.89,164.94,0.89,-1,-1,-1
2,9,974.27,205.37,46.46,108.47,0.89,-1,-1,-1
2,10,661.31,212.64,25.94,73.68,0.85,-1,-1,-1
2,11,1221.91,170.02,61.78,190.72,0.82,-1,-1,-1
2,12,1089.75,199.80,36.09,106.35,0.65,-1,-1,-1
3,1,647.19,181.74,166.70,377.48,0.96,-1,-1,-1
3,2,438.07,160.55,184.35,414.22,0.95,-1,-1,-1
3,3,1094.73,193.82,80.75,205.85,0.93,-1,-1,-1
3,4,1178.65,175.37,81.72,193.55,0.90,-1,-1,-1
3,5,845.24,206.52,35.53,95.10,0.92,-1,-1,-1
3,6,641.42,215.88,27.92,72.71,0.89,-1,-1,-1
3,7,1235.37,194.12,74.61,181.59,0.77,-1,-1,-1
3,8,579.85,214.11,60.19,164.24,0.89,-1,-1,-1
3,9,976.06,205.37,45.43,108.23,0.86,-1,-1,-1
3,10,661.65,212.40,25.46,74.36,0.86,-1,-1,-1
3,11,1225.36,168.95,60.00,192.69,0.80,-1,-1,-1
3,12,1090.88,199.50,37.48,110.40,0.58,-1,-1,-1
3,13,623.25,220.27,22.50,64.35,0.72,-1,-1,-1
4,1,648.16,180.29,168.07,380.11,0.95,-1,-1,-1
4,2,433.78,159.35,186.75,415.88,0.95,-1,-1,-1
4,3,1093.03,194.64,82.65,205.92,0.93,-1,-1,-1
4,4,1181.63,174.56,84.06,195.55,0.90,-1,-1,-1
4,5,846.27,207.10,35.98,94.80,0.92,-1,-1,-1
4,6,641.17,216.15,27.92,72.61,0.89,-1,-1,-1
4,7,1239.28,193.02,75.04,185.34,0.58,-1,-1,-1
4,8,576.35,213.39,64.54,167.35,0.89,-1,-1,-1
4,9,977.31,205.35,45.09,109.06,0.87,-1,-1,-1
4,10,661.41,212.27,26.63,74.54,0.87,-1,-1,-1
4,11,1229.11,168.14,59.46,196.64,0.78,-1,-1,-1
4,12,1092.54,199.78,37.94,114.47,0.59,-1,-1,-1
4,13,622.91,220.41,22.53,64.18,0.66,-1,-1,-1
4,14,529.65,206.44,63.90,181.91,0.72,-1,-1,-1
5,1,649.32,179.87,168.43,384.43,0.95,-1,-1,-1
5,2,431.81,158.30,187.43,419.02,0.95,-1,-1,-1
5,3,1089.90,195.54,85.74,205.88,0.93,-1,-1,-1
5,4,1185.01,174.03,82.22,197.40,0.91,-1,-1,-1
5,5,847.66,206.38,36.10,95.92,0.92,-1,-1,-1
5,6,641.63,216.39,27.91,72.44,0.89,-1,-1,-1
5,7,1244.20,196.20,72.57,182.98,0.46,-1,-1,-1
5,8,574.20,212.84,67.83,169.65,0.90,-1,-1,-1
5,9,979.01,205.40,43.66,109.27,0.87,-1,-1,-1
5,10,661.55,212.21,27.00,74.59,0.87,-1,-1,-1
5,11,1231.41,167.90,59.28,197.08,0.78,-1,-1,-1
5,12,1093.66,199.63,38.04,112.42,0.48,-1,-1,-1
5,13,622.95,221.03,22.54,63.62,0.65,-1,-1,-1
5,14,526.82,205.35,64.69,185.29,0.75,-1,-1,-1
6,1,650.47,180.41,168.62,387.96,0.96,-1,-1,-1
6,2,428.36,158.58,187.25,423.84,0.96,-1,-1,-1
6,3,1086.93,196.73,89.31,206.45,0.94,-1,-1,-1
6,4,1187.94,174.63,82.82,198.06,0.89,-1,-1,-1
6,5,848.95,206.18,36.78,96.94,0.92,-1,-1,-1
6,6,641.64,216.81,27.93,72.15,0.89,-1,-1,-1
6,7,1247.62,187.77,67.94,190.55,0.40,-1,-1,-1
6,8,572.97,212.87,69.03,172.25,0.91,-1,-1,-1
6,9,980.76,206.10,43.21,108.71,0.87,-1,-1,-1
6,10,661.44,212.29,27.14,74.91,0.87,-1,-1,-1
6,11,1234.61,167.91,60.57,198.84,0.76,-1,-1,-1
6,12,1094.57,199.68,39.33,111.43,0.48,-1,-1,-1
6,13,622.97,221.18,22.54,63.84,0.68,-1,-1,-1
6,14,523.65,205.26,64.90,190.17,0.69,-1,-1,-1
7,1,651.13,180.92,168.12,393.04,0.96,-1,-1,-1
7,2,425.10,159.32,188.32,429.74,0.95,-1,-1,-1
7,3,1086.65,197.55,89.41,206.71,0.94,-1,-1,-1
7,4,1190.93,174.95,88.02,198.65,0.90,-1,-1,-1
7,5,850.66,205.62,37.64,98.26,0.92,-1,-1,-1
7,6,641.61,217.09,27.94,72.39,0.89,-1,-1,-1
7,7,1252.64,197.36,65.16,182.94,0.24,-1,-1,-1
7,8,572.52,213.12,70.01,176.36,0.91,-1,-1,-1
7,9,982.04,206.46,41.83,109.01,0.86,-1,-1,-1
7,10,661.38,212.37,27.80,75.88,0.87,-1,-1,-1
7,11,1236.46,167.57,62.31,201.66,0.76,-1,-1,-1
7,12,1096.24,200.27,39.79,112.60,0.33,-1,-1,-1
7,13,623.00,221.94,22.54,63.50,0.73,-1,-1,-1
7,14,521.01,207.05,66.34,191.75,0.64,-1,-1,-1
7,15,841.50,211.05,23.40,69.30,0.73,-1,-1,-1
8,1,651.33,182.30,169.14,397.72,0.95,-1,-1,-1
8,2,423.55,160.77,186.35,434.74,0.94,-1,-1,-1
8,3,1084.26,198.33,91.75,207.44,0.93,-1,-1,-1
8,4,1195.61,175.58,86.29,200.09,0.90,-1,-1,-1
8,5,853.10,205.75,37.34,98.74,0.91,-1,-1,-1
8,6,641.59,217.35,27.95,72.48,0.89,-1,-1,-1
8,8,571.80,213.70,70.89,180.12,0.92,-1,-1,-1
8,9,982.45,206.55,42.64,109.98,0.86,-1,-1,-1
8,10,661.05,212.73,28.03,76.23,0.87,-1,-1,-1
8,11,1238.93,167.97,64.16,202.04,0.77,-1,-1,-1
8,12,1097.46,201.61,37.50,98.29,0.14,-1,-1,-1
8,13,622.37,222.18,23.19,64.38,0.80,-1,-1,-1
8,14,519.98,208.64,66.10,193.08,0.64,-1,-1,-1
8,15,842.28,212.13,22.73,70.14,0.74,-1,-1,-1
8,16,1162.80,226.01,27.00,39.71,0.75,-1,-1,-1
9,1,651.16,183.61,171.88,402.95,0.95,-1,-1,-1
9,2,419.77,163.02,187.80,437.35,0.94,-1,-1,-1
9,3,1085.16,199.15,90.13,207.31,0.94,-1,-1,-1
9,4,1197.76,175.23,87.93,202.13,0.89,-1,-1,-1
9,5,855.21,205.44,39.01,99.46,0.92,-1,-1,-1
9,6,641.38,217.53,27.94,72.49,0.89,-1,-1,-1
9,8,570.22,214.24,72.31,183.88,0.92,-1,-1,-1
9,9,983.16,206.67,42.92,110.59,0.88,-1,-1,-1
9,10,661.03,212.79,28.09,75.70,0.87,-1,-1,-1
9,11,1240.85,168.41,66.02,202.02,0.64,-1,-1,-1
9,13,622.27,222.27,22.77,64.74,0.80,-1,-1,-1
9,14,520.89,211.84,62.67,185.53,0.32,-1,-1,-1
9,15,843.17,212.61,21.90,70.06,0.81,-1,-1,-1
9,16,1164.87,226.79,28.49,39.33,0.68,-1,-1,-1
10,1,651.10,185.34,174.02,407.31,0.95,-1,-1,-1
10,2,421.63,163.90,183.99,442.84,0.94,-1,-1,-1
10,3,1086.09,199.69,86.94,205.35,0.93,-1,-1,-1
10,4,1200.72,175.44,88.47,203.92,0.89,-1,-1,-1
10,5,856.51,205.27,39.60,100.58,0.92,-1,-1,-1
10,6,641.33,217.83,27.92,72.47,0.90,-1,-1,-1
10,8,567.65,215.29,74.54,186.65,0.92,-1,-1,-1
10,9,985.75,206.97,41.79,110.77,0.86,-1,-1,-1
10,10,660.75,213.06,28.69,74.84,0.87,-1,-1,-1
10,11,1241.32,168.86,66.67,202.19,0.68,-1,-1,-1
10,13,622.28,222.70,22.60,64.21,0.80,-1,-1,-1
10,14,519.75,212.19,64.07,186.30,0.48,-1,-1,-1
10,15,843.39,212.38,21.60,71.27,0.82,-1,-1,-1
10,16,1167.39,226.77,24.68,39.60,0.72,-1,-1,-1
11,1,650.43,187.02,175.96,411.35,0.95,-1,-1,-1
11,2,423.10,164.73,181.27,448.44,0.93,-1,-1,-1
11,3,1085.84,199.94,84.43,205.59,0.92,-1,-1,-1
11,4,1202.84,175.37,85.00,205.43,0.92,-1,-1,-1
11,5,857.80,205.05,40.39,101.56,0.92,-1,-1,-1
11,6,641.60,217.91,27.91,72.76,0.90,-1,-1,-1
11,8,566.70,216.34,74.73,189.45,0.91,-1,-1,-1
11,9,989.69,207.45,38.91,110.59,0.87,-1,-1,-1
11,10,660.63,213.13,28.29,75.41,0.87,-1,-1,-1
11,11,1242.51,171.17,64.48,199.75,0.58,-1,-1,-1
11,13,622.28,222.90,22.53,64.24,0.80,-1,-1,-1
11,14,518.15,213.58,63.90,193.57,0.65,-1,-1,-1
11,15,844.44,213.37,20.83,70.87,0.85,-1,-1,-1
11,16,1169.99,226.52,26.33,40.72,0.74,-1,-1,-1
12,1,649.31,189.01,177.75,414.16,0.95,-1,-1,-1
12,2,424.16,165.42,179.57,453.72,0.94,-1,-1,-1
12,3,1083.84,200.04,83.42,204.62,0.92,-1,-1,-1
12,4,1205.75,175.78,83.59,206.49,0.91,-1,-1,-1
12,5,858.50,204.86,41.25,102.99,0.93,-1,-1,-1
12,6,641.14,218.47,28.50,72.54,0.90,-1,-1,-1
12,8,565.59,216.89,74.67,191.76,0.91,-1,-1,-1
12,9,990.97,207.50,39.13,111.30,0.87,-1,-1,-1
12,10,660.33,213.25,28.71,75.89,0.86,-1,-1,-1
12,11,1242.05,178.56,62.35,193.55,0.28,-1,-1,-1
12,13,622.03,222.83,22.50,64.00,0.74,-1,-1,-1
12,14,520.53,216.34,61.32,182.55,0.67,-1,-1,-1
12,15,844.72,213.41,20.61,71.10,0.86,-1,-1,-1
12,16,1171.20,227.06,26.75,40.70,0.74,-1,-1,-1
13,1,648.12,190.78,178.23,417.03,0.96,-1,-1,-1
13,2,422.64,166.26,180.19,458.24,0.94,-1,-1,-1
13,3,1080.56,199.83,84.19,203.14,0.93,-1,-1,-1
13,4,1208.89,175.66,80.55,207.59,0.91,-1,-1,-1
13,5,858.42,204.85,43.88,104.10,0.92,-1,-1,-1
13,6,641.13,219.10,28.09,72.10,0.90,-1,-1,-1
13,8,565.15,217.43,74.51,193.96,0.91,-1,-1,-1
13,9,991.27,207.21,39.19,112.08,0.86,-1,-1,-1
13,10,659.77,213.64,28.83,74.88,0.85,-1,-1,-1
13,13,621.81,223.53,22.46,63.86,0.74,-1,-1,-1
13,14,520.74,219.08,59.72,177.43,0.71,-1,-1,-1
13,15,844.47,213.55,21.19,71.11,0.86,-1,-1,-1
13,16,1173.23,227.15,26.89,40.72,0.71,-1,-1,-1
13,17,570.60,222.07,18.00,53.55,0.73,-1,-1,-1
14,1,646.14,191.21,180.15,421.13,0.96,-1,-1,-1
14,2,412.87,166.64,189.95,463.54,0.94,-1,-1,-1
14,3,1077.56,199.62,84.45,201.47,0.92,-1,-1,-1
14,4,1212.36,175.06,79.42,209.38,0.89,-1,-1,-1
14,5,858.61,205.48,45.43,104.27,0.92,-1,-1,-1
14,6,640.78,219.49,28.53,72.01,0.89,-1,-1,-1
14,8,563.51,217.71,74.39,196.33,0.92,-1,-1,-1
14,9,990.68,207.05,41.68,112.96,0.85,-1,-1,-1
14,10,659.82,214.11,28.27,73.51,0.84,-1,-1,-1
14,13,621.70,223.57,22.45,64.42,0.71,-1,-1,-1
14,14,517.36,220.31,61.68,180.44,0.51,-1,-1,-1
14,15,844.02,213.15,22.02,72.29,0.86,-1,-1,-1
14,16,1175.09,227.46,25.67,40.23,0.70,-1,-1,-1
14,17,570.07,222.22,18.01,54.22,0.69,-1,-1,-1
15,1,643.91,191.59,182.29,425.08,0.95,-1,-1,-1
15,2,402.77,166.01,199.72,469.55,0.94,-1,-1,-1
15,3,1075.66,198.95,85.87,203.59,0.93,-1,-1,-1
15,4,1215.27,175.20,80.36,209.52,0.89,-1,-1,-1
15,5,859.55,207.41,47.25,103.41,0.92,-1,-1,-1
15,6,640.05,220.30,28.74,71.64,0.90,-1,-1,-1
15,8,561.62,217.43,75.00,199.08,0.92,-1,-1,-1
15,9,991.26,207.11,42.64,113.68,0.86,-1,-1,-1
15,10,658.68,214.94,28.08,72.50,0.85,-1,-1,-1
15,13,620.73,224.10,22.48,64.12,0.72,-1,-1,-1
15,14,516.94,220.91,60.04,178.75,0.52,-1,-1,-1
15,15,843.86,213.12,22.36,72.88,0.87,-1,-1,-1
15,16,1178.65,227.95,23.99,39.95,0.68,-1,-1,-1
15,17,568.97,222.39,18.73,55.53,0.65,-1,-1,-1
16,1,642.55,189.81,182.75,429.04,0.95,-1,-1,-1
16,2,405.64,165.46,197.24,472.05,0.94,-1,-1,-1
16,3,1072.23,199.08,87.44,204.34,0.92,-1,-1,-1
16,4,1219.24,174.55,80.59,210.27,0.88,-1,-1,-1
16,5,859.29,208.52,48.43,102.87,0.92,-1,-1,-1
16,6,640.16,220.72,28.76,71.15,0.90,-1,-1,-1
16,8,560.58,216.86,75.66,200.49,0.91,-1,-1,-1
16,9,991.19,207.20,44.14,113.73,0.87,-1,-1,-1
16,10,658.29,215.24,28.56,71.47,0.83,-1,-1,-1
16,13,620.78,224.27,22.46,64.88,0.59,-1,-1,-1
16,14,517.42,221.51,58.73,174.26,0.32,-1,-1,-1
16,15,844.12,213.33,22.45,72.95,0.87,-1,-1,-1
16,16,1180.54,228.39,22.10,39.38,0.66,-1,-1,-1
16,17,568.46,222.42,18.93,54.74,0.59,-1,-1,-1
17,1,641.46,188.25,182.47,430.93,0.96,-1,-1,-1
17,2,396.82,164.80,205.93,471.48,0.95,-1,-1,-1
17,3,1065.88,199.41,91.68,205.40,0.93,-1,-1,-1
17,4,1222.80,174.72,81.97,211.14,0.87,-1,-1,-1
17,5,859.12,208.99,50.07,103.37,0.91,-1,-1,-1
17,6,639.91,221.09,28.80,71.36,0.90,-1,-1,-1
17,8,558.67,215.96,76.54,201.77,0.91,-1,-1,-1
17,9,992.44,207.60,43.57,113.87,0.85,-1,-1,-1
17,10,657.60,215.78,28.17,70.20,0.82,-1,-1,-1
17,13,620.81,224.77,21.87,66.06,0.61,-1,-1,-1
17,15,844.16,213.63,22.50,73.05,0.87,-1,-1,-1
17,16,1182.66,229.10,21.51,39.52,0.62,-1,-1,-1
17,17,567.38,222.88,18.32,53.56,0.72,-1,-1,-1
18,1,640.30,186.83,182.43,432.57,0.96,-1,-1,-1
18,2,395.76,163.94,207.34,473.15,0.94,-1,-1,-1
18,3,1060.06,199.68,95.66,205.75,0.92,-1,-1,-1
18,4,1225.95,174.19,83.74,212.73,0.86,-1,-1,-1
18,5,859.83,208.81,51.28,104.86,0.91,-1,-1,-1
18,6,639.65,221.24,28.23,71.49,0.90,-1,-1,-1
18,8,558.06,215.04,76.29,202.58,0.91,-1,-1,-1
18,9,991.69,207.54,45.76,114.34,0.85,-1,-1,-1
18,10,656.88,215.84,27.43,70.70,0.80,-1,-1,-1
18,13,619.43,224.83,22.88,68.02,0.63,-1,-1,-1
18,15,844.11,213.60,22.53,73.41,0.86,-1,-1,-1
18,16,1184.64,229.22,22.63,40.21,0.72,-1,-1,-1
18,17,566.59,223.04,18.77,53.51,0.71,-1,-1,-1
19,1,640.01,184.42,182.75,434.94,0.96,-1,-1,-1
19,2,399.36,162.60,204.74,475.56,0.94,-1,-1,-1
19,3,1049.60,202.21,105.22,203.14,0.92,-1,-1,-1
19,4,1229.07,173.98,81.92,214.21,0.84,-1,-1,-1
19,5,861.97,208.38,51.08,105.87,0.91,-1,-1,-1
19,6,639.67,221.23,27.98,71.74,0.90,-1,-1,-1
19,8,558.12,214.81,76.06,201.34,0.90,-1,-1,-1
19,9,993.12,208.29,46.51,113.98,0.86,-1,-1,-1
19,10,656.11,215.74,27.11,72.53,0.77,-1,-1,-1
19,13,619.09,225.24,23.22,69.26,0.67,-1,-1,-1
19,15,844.54,213.69,22.51,73.43,0.86,-1,-1,-1
19,16,1186.24,229.40,20.55,40.03,0.71,-1,-1,-1
19,17,566.51,222.96,18.89,54.01,0.61,-1,-1,-1
20,1,638.95,182.04,182.94,437.54,0.96,-1,-1,-1
20,2,397.67,160.98,207.93,477.22,0.94,-1,-1,-1
20,3,1039.54,205.80,112.33,199.57,0.93,-1,-1,-1
20,4,1232.78,176.21,80.06,213.07,0.81,-1,-1,-1
20,5,862.83,208.16,50.39,106.88,0.92,-1,-1,-1
20,6,639.31,221.39,27.90,71.96,0.88,-1,-1,-1
20,8,557.48,213.93,76.58,204.18,0.89,-1,-1,-1
20,9,993.78,208.21,46.82,114.79,0.87,-1,-1,-1
20,10,655.48,215.94,27.01,72.22,0.78,-1,-1,-1
20,13,618.58,225.56,23.36,70.28,0.69,-1,-1,-1
20,15,844.44,213.66,23.12,73.77,0.85,-1,-1,-1
20,16,1188.16,230.08,22.37,40.66,0.48,-1,-1,-1
20,17,566.41,223.16,18.94,54.85,0.56,-1,-1,-1
21,1,638.25,180.64,181.79,437.31,0.96,-1,-1,-1
21,2,406.75,159.98,199.77,474.16,0.95,-1,-1,-1
21,3,1034.89,207.68,118.54,199.71,0.94,-1,-1,-1
21,4,1236.88,178.44,75.74,211.70,0.73,-1,-1,-1
21,5,863.33,207.92,49.49,107.51,0.93,-1,-1,-1
21,6,638.86,221.46,27.88,72.47,0.88,-1,-1,-1
21,8,556.09,214.22,76.76,203.35,0.90,-1,-1,-1
21,9,995.65,208.53,45.74,114.83,0.87,-1,-1,-1
21,10,655.23,216.54,26.38,70.20,0.78,-1,-1,-1
21,13,618.08,225.62,23.41,69.81,0.65,-1,-1,-1
21,15,844.62,213.94,23.34,73.86,0.85,-1,-1,-1
21,16,1190.45,230.12,26.54,41.48,0.59,-1,-1,-1
21,17,565.78,223.01,18.95,53.36,0.45,-1,-1,-1
22,1,637.00,180.25,182.17,436.11,0.96,-1,-1,-1
22,2,411.03,159.78,196.03,472.15,0.96,-1,-1,-1
22,3,1033.59,209.16,122.26,202.13,0.94,-1,-1,-1
22,4,1241.32,181.16,74.24,210.75,0.69,-1,-1,-1
22,5,864.86,207.74,47.99,108.45,0.92,-1,-1,-1
22,6,638.28,221.86,27.91,72.30,0.88,-1,-1,-1
22,8,554.48,214.13,76.90,205.60,0.91,-1,-1,-1
22,9,994.89,208.85,47.76,115.58,0.87,-1,-1,-1
22,10,655.06,216.99,26.78,70.45,0.78,-1,-1,-1
22,13,617.47,226.02,22.86,70.29,0.59,-1,-1,-1
22,15,845.13,214.41,23.46,74.28,0.84,-1,-1,-1
22,16,1193.65,230.66,28.12,41.54,0.71,-1,-1,-1
22,17,564.77,223.26,19.59,55.74,0.29,-1,-1,-1
22,12,1115.03,201.48,36.06,113.30,0.69,-1,-1,-1
23,1,635.50,180.46,183.55,436.46,0.96,-1,-1,-1
23,2,411.01,160.32,196.49,470.78,0.95,-1,-1,-1
23,3,1034.20,215.12,123.68,200.93,0.92,-1,-1,-1
23,4,1245.67,186.67,71.32,206.74,0.54,-1,-1,-1
23,5,866.43,207.66,46.21,109.74,0.91,-1,-1,-1
23,6,637.62,222.56,27.93,71.78,0.87,-1,-1,-1
23,8,551.99,214.67,76.37,210.52,0.90,-1,-1,-1
23,9,995.61,208.87,48.53,117.02,0.86,-1,-1,-1
23,10,653.97,217.48,28.15,71.97,0.79,-1,-1,-1
23,13,616.81,226.81,23.26,70.38,0.59,-1,-1,-1
23,15,845.46,214.89,22.91,74.79,0.81,-1,-1,-1
23,16,1195.81,231.61,28.77,41.24,0.61,-1,-1,-1
23,17,563.98,223.32,20.42,59.14,0.22,-1,-1,-1
23,12,1119.51,202.06,33.43,109.91,0.56,-1,-1,-1
24,1,634.17,182.56,185.20,435.70,0.96,-1,-1,-1
24,2,409.50,161.49,197.95,468.63,0.93,-1,-1,-1
24,3,1035.21,219.04,125.26,200.75,0.93,-1,-1,-1
24,4,1248.32,188.49,67.79,205.47,0.15,-1,-1,-1
24,5,868.56,207.62,44.29,111.00,0.92,-1,-1,-1
24,6,637.79,223.08,27.33,72.55,0.87,-1,-1,-1
24,8,549.41,217.00,75.52,214.08,0.90,-1,-1,-1
24,9,995.31,209.53,49.97,117.54,0.88,-1,-1,-1
24,10,653.08,218.01,29.24,73.58,0.78,-1,-1,-1
24,13,617.27,227.51,22.21,69.85,0.64,-1,-1,-1
24,15,845.34,215.56,23.29,74.36,0.84,-1,-1,-1
24,16,1198.32,232.32,26.68,40.82,0.69,-1,-1,-1
24,12,1121.53,203.24,33.90,114.67,0.52,-1,-1,-1
24,18,1235.70,236.47,16.20,36.45,0.72,-1,-1,-1
25,1,633.40,184.93,185.80,437.51,0.96,-1,-1,-1
25,2,409.45,162.55,198.94,470.02,0.95,-1,-1,-1
25,3,1037.37,222.04,125.77,200.93,0.94,-1,-1,-1
25,4,1252.04,199.68,61.58,196.42,0.27,-1,-1,-1
25,5,870.46,207.71,42.96,111.71,0.92,-1,-1,-1
25,6,637.26,223.40,27.71,73.71,0.86,-1,-1,-1
25,8,546.42,218.03,75.18,220.03,0.89,-1,-1,-1
25,9,996.25,210.02,50.52,118.28,0.87,-1,-1,-1
25,10,652.15,218.02,29.66,75.65,0.79,-1,-1,-1
25,13,616.88,228.49,21.80,69.02,0.61,-1,-1,-1
25,15,844.94,215.99,24.02,74.69,0.84,-1,-1,-1
25,16,1200.80,232.79,27.00,40.64,0.60,-1,-1,-1
25,12,1121.47,204.05,35.29,114.03,0.58,-1,-1,-1
25,18,1237.07,236.85,16.23,37.22,0.67,-1,-1,-1
25,19,578.25,222.97,45.90,122.85,0.71,-1,-1,-1
26,1,631.91,187.32,187.21,442.47,0.96,-1,-1,-1
26,2,397.35,163.42,211.88,477.36,0.92,-1,-1,-1
26,3,1039.08,223.91,120.04,202.09,0.94,-1,-1,-1
26,4,1256.54,199.31,64.57,199.05,0.25,-1,-1,-1
26,5,872.39,207.71,41.86,112.91,0.92,-1,-1,-1
26,6,637.03,223.90,27.86,73.89,0.86,-1,-1,-1
26,8,544.37,218.73,73.84,226.25,0.90,-1,-1,-1
26,9,996.71,211.08,51.89,118.60,0.87,-1,-1,-1
26,10,651.19,218.41,29.81,75.88,0.79,-1,-1,-1
26,13,610.62,231.62,24.70,69.34,0.64,-1,-1,-1
26,15,844.84,216.26,24.89,75.14,0.85,-1,-1,-1
26,16,1203.66,233.43,27.13,40.59,0.52,-1,-1,-1
26,12,1122.78,204.75,35.81,114.59,0.67,-1,-1,-1
26,18,1237.62,237.69,16.25,37.05,0.65,-1,-1,-1
26,19,576.41,223.55,48.16,125.14,0.80,-1,-1,-1
27,1,630.44,189.98,188.82,446.48,0.96,-1,-1,-1
27,2,385.59,164.61,224.20,483.75,0.94,-1,-1,-1
27,3,1038.48,225.32,112.78,203.57,0.93,-1,-1,-1
27,4,1258.97,197.72,61.87,200.84,0.12,-1,-1,-1
27,5,874.43,207.82,41.46,114.18,0.92,-1,-1,-1
27,6,636.30,224.24,27.90,74.89,0.87,-1,-1,-1
27,8,540.95,219.52,74.50,231.11,0.91,-1,-1,-1
27,9,997.25,211.73,52.37,119.25,0.88,-1,-1,-1
27,10,650.79,218.42,30.44,78.23,0.77,-1,-1,-1
27,13,609.48,233.19,25.14,69.11,0.71,-1,-1,-1
27,15,844.66,216.39,25.79,75.80,0.83,-1,-1,-1
27,16,1205.56,233.60,25.96,41.46,0.65,-1,-1,-1
27,12,1122.36,205.86,37.19,114.42,0.70,-1,-1,-1
27,18,1237.18,237.82,16.23,37.30,0.65,-1,-1,-1
27,19,574.21,223.62,49.98,128.80,0.83,-1,-1,-1
28,1,628.53,192.76,190.51,451.37,0.96,-1,-1,-1
28,2,388.18,165.89,221.89,489.89,0.93,-1,-1,-1
28,3,1037.20,226.64,102.59,204.11,0.93,-1,-1,-1
28,4,1261.50,199.31,58.41,198.50,0.12,-1,-1,-1
28,5,877.01,208.79,41.31,114.24,0.92,-1,-1,-1
28,6,635.54,224.52,28.50,75.77,0.87,-1,-1,-1
28,8,539.26,221.50,72.91,233.43,0.90,-1,-1,-1
28,9,1001.02,212.69,50.15,119.16,0.85,-1,-1,-1
28,10,650.75,218.95,28.89,77.03,0.73,-1,-1,-1
28,13,608.90,234.72,25.29,68.41,0.79,-1,-1,-1
28,15,844.95,216.83,24.95,75.72,0.82,-1,-1,-1
28,16,1207.97,234.39,25.49,40.58,0.69,-1,-1,-1
28,12,1119.21,206.63,41.26,115.57,0.77,-1,-1,-1
28,18,1237.62,238.15,16.21,37.71,0.65,-1,-1,-1
28,19,572.37,223.27,50.55,133.73,0.85,-1,-1,-1
29,1,626.35,194.75,192.26,457.02,0.96,-1,-1,-1
29,2,377.89,166.87,232.58,496.76,0.94,-1,-1,-1
29,3,1036.75,227.33,90.00,205.52,0.93,-1,-1,-1
29,4,1263.30,204.35,62.30,195.87,0.10,-1,-1,-1
29,5,878.12,208.53,41.86,115.76,0.93,-1,-1,-1
29,6,635.25,224.73,28.72,76.15,0.88,-1,-1,-1
29,8,536.01,223.03,74.10,236.20,0.90,-1,-1,-1
29,9,1002.33,212.93,50.44,119.67,0.83,-1,-1,-1
29,10,650.16,219.41,28.26,75.38,0.75,-1,-1,-1
29,13,608.72,235.77,25.33,68.12,0.79,-1,-1,-1
29,15,844.69,217.86,25.19,75.43,0.82,-1,-1,-1
29,16,1211.02,234.86,22.88,40.83,0.62,-1,-1,-1
29,12,1119.00,207.04,42.77,115.57,0.73,-1,-1,-1
29,18,1236.27,238.46,17.52,37.50,0.63,-1,-1,-1
29,19,571.56,222.73,50.66,135.85,0.87,-1,-1,-1
29,20,858.60,225.67,17.10,51.75,0.73,-1,-1,-1
30,1,625.32,196.74,192.26,461.75,0.96,-1,-1,-1
30,2,373.19,166.52,236.51,504.78,0.94,-1,-1,-1
30,3,1034.31,227.32,77.81,207.55,0.90,-1,-1,-1
30,5,879.79,210.19,42.37,115.16,0.93,-1,-1,-1
30,6,634.91,225.26,29.39,75.93,0.88,-1,-1,-1
30,8,533.69,224.34,75.11,239.66,0.90,-1,-1,-1
30,9,1003.53,212.34,50.53,121.15,0.77,-1,-1,-1
30,10,649.71,220.04,26.20,73.49,0.79,-1,-1,-1
30,13,608.73,235.76,25.92,68.93,0.81,-1,-1,-1
30,15,844.70,218.06,25.27,75.64,0.83,-1,-1,-1
30,16,1212.80,235.38,23.15,40.64,0.60,-1,-1,-1
30,12,1121.99,207.51,41.01,115.26,0.66,-1,-1,-1
30,18,1236.61,238.77,17.95,37.75,0.69,-1,-1,-1
30,19,569.79,222.96,51.29,137.73,0.88,-1,-1,-1
30,20,858.32,226.21,17.13,52.19,0.65,-1,-1,-1
31,1,624.32,197.55,192.18,466.10,0.96,-1,-1,-1
31,2,372.37,166.78,236.69,511.83,0.93,-1,-1,-1
31,3,1032.15,225.96,76.51,210.02,0.91,-1,-1,-1
31,5,880.81,211.72,42.56,115.07,0.92,-1,-1,-1
31,6,634.72,225.69,29.05,75.81,0.88,-1,-1,-1
31,8,530.47,226.23,75.48,242.86,0.90,-1,-1,-1
31,9,1004.35,212.69,50.54,121.58,0.77,-1,-1,-1
31,10,648.89,220.50,24.80,72.46,0.80,-1,-1,-1
31,13,608.70,236.41,25.55,68.61,0.80,-1,-1,-1
31,15,843.96,218.05,25.88,75.38,0.84,-1,-1,-1
31,16,1214.97,235.30,23.24,40.85,0.23,-1,-1,-1
31,12,1124.12,207.14,40.25,114.48,0.65,-1,-1,-1
31,18,1237.71,238.46,16.87,38.45,0.63,-1,-1,-1
31,19,567.93,223.23,52.74,140.17,0.89,-1,-1,-1
31,20,858.53,226.29,17.14,52.98,0.78,-1,-1,-1
32,1,623.52,198.53,192.62,470.40,0.96,-1,-1,-1
32,2,368.53,166.66,238.87,519.21,0.92,-1,-1,-1
32,3,1029.00,226.15,78.68,210.91,0.91,-1,-1,-1
32,5,881.81,212.66,42.62,115.67,0.92,-1,-1,-1
32,6,634.49,226.02,28.89,75.52,0.89,-1,-1,-1
32,8,527.09,225.69,76.76,247.48,0.90,-1,-1,-1
32,9,1008.87,213.72,48.12,120.51,0.75,-1,-1,-1
32,10,648.74,220.93,24.31,70.56,0.82,-1,-1,-1
32,13,608.86,237.32,25.97,68.18,0.81,-1,-1,-1
32,15,844.07,218.25,26.09,75.34,0.84,-1,-1,-1
32,16,1217.52,235.58,23.27,40.92,0.45,-1,-1,-1
32,12,1128.53,207.69,37.53,113.32,0.70,-1,-1,-1
32,18,1238.79,238.68,16.43,38.69,0.63,-1,-1,-1
32,19,566.84,223.45,53.21,142.01,0.90,-1,-1,-1
32,20,859.36,226.49,17.12,52.93,0.78,-1,-1,-1
33,1,622.49,198.66,193.43,476.74,0.96,-1,-1,-1
33,2,365.25,164.02,241.32,529.97,0.93,-1,-1,-1
33,3,1024.27,226.74,84.49,212.21,0.92,-1,-1,-1
33,5,882.67,213.11,42.66,116.22,0.92,-1,-1,-1
33,6,634.24,226.25,28.84,75.43,0.89,-1,-1,-1
33,8,523.88,226.30,77.27,250.14,0.89,-1,-1,-1
33,9,1013.60,214.52,43.53,119.24,0.73,-1,-1,-1
33,10,648.24,221.19,24.16,70.20,0.81,-1,-1,-1
33,13,608.16,237.91,26.13,67.75,0.83,-1,-1,-1
33,15,844.04,218.36,26.17,75.58,0.82,-1,-1,-1
33,16,1220.89,236.11,20.88,40.37,0.16,-1,-1,-1
33,12,1124.68,207.56,42.63,117.12,0.77,-1,-1,-1
33,18,1239.26,239.04,16.27,37.87,0.31,-1,-1,-1
33,19,565.70,224.03,53.36,142.10,0.91,-1,-1,-1
33,20,859.88,226.34,17.11,53.24,0.79,-1,-1,-1
34,1,622.21,199.73,194.14,480.04,0.96,-1,-1,-1
34,2,363.03,162.65,242.51,536.02,0.93,-1,-1,-1
34,3,1017.11,226.39,91.35,213.90,0.93,-1,-1,-1
34,5,884.19,213.22,43.85,117.15,0.92,-1,-1,-1
34,6,634.22,226.68,28.80,74.62,0.89,-1,-1,-1
34,8,520.87,224.59,77.39,253.81,0.88,-1,-1,-1
34,9,1015.79,215.19,41.81,118.30,0.67,-1,-1,-1
34,10,648.41,221.64,24.10,70.22,0.80,-1,-1,-1
34,13,608.02,238.67,26.16,67.20,0.84,-1,-1,-1
34,15,845.62,219.09,24.39,75.27,0.81,-1,-1,-1
34,16,1221.66,235.87,21.23,40.71,0.16,-1,-1,-1
34,12,1127.72,207.27,40.90,114.52,0.57,-1,-1,-1
34,18,1238.45,238.89,17.44,38.12,0.37,-1,-1,-1
34,19,565.46,224.85,53.35,141.84,0.90,-1,-1,-1
34,20,860.75,226.55,17.10,52.62,0.79,-1,-1,-1
34,21,1002.60,226.69,37.80,104.51,0.72,-1,-1,-1
35,1,621.24,200.12,195.70,484.57,0.96,-1,-1,-1
35,2,358.05,161.51,247.32,542.80,0.93,-1,-1,-1
35,3,1009.23,228.84,98.72,212.63,0.93,-1,-1,-1
35,5,884.94,213.16,45.21,118.19,0.93,-1,-1,-1
35,6,633.32,227.26,29.40,73.86,0.89,-1,-1,-1
35,8,514.35,223.59,81.05,253.93,0.88,-1,-1,-1
35,9,1007.17,221.83,41.27,111.43,0.75,-1,-1,-1
35,10,647.90,222.22,24.72,70.39,0.80,-1,-1,-1
35,13,607.36,238.53,26.18,67.66,0.82,-1,-1,-1
35,15,845.52,219.65,24.32,75.30,0.82,-1,-1,-1
35,12,1132.71,207.23,37.76,113.29,0.35,-1,-1,-1
35,18,1237.78,238.34,17.86,39.45,0.14,-1,-1,-1
35,19,565.08,226.25,52.74,141.79,0.90,-1,-1,-1
35,20,861.25,226.68,17.10,52.43,0.77,-1,-1,-1
36,1,621.23,199.84,196.32,487.60,0.96,-1,-1,-1
36,2,354.45,160.24,248.53,548.56,0.94,-1,-1,-1
36,3,1001.74,229.92,107.40,213.05,0.92,-1,-1,-1
36,5,887.02,212.42,44.56,119.77,0.93,-1,-1,-1
36,6,632.72,227.73,29.63,73.21,0.90,-1,-1,-1
36,8,509.33,220.79,84.19,258.71,0.88,-1,-1,-1
36,9,1004.78,225.04,41.11,108.00,0.72,-1,-1,-1
36,10,647.45,222.62,25.57,70.78,0.81,-1,-1,-1
36,13,606.56,238.35,26.19,67.85,0.82,-1,-1,-1
36,15,845.24,219.81,24.90,75.54,0.83,-1,-1,-1
36,12,1129.74,206.95,42.72,117.05,0.62,-1,-1,-1
36,19,563.48,226.59,53.72,143.61,0.91,-1,-1,-1
36,20,861.78,226.82,17.11,53.24,0.76,-1,-1,-1
37,1,620.73,199.18,197.12,487.87,0.96,-1,-1,-1
37,2,349.76,158.40,252.43,558.39,0.93,-1,-1,-1
37,3,999.43,231.50,109.64,211.03,0.90,-1,-1,-1
37,5,889.25,211.87,43.40,120.61,0.92,-1,-1,-1
37,6,632.26,228.12,29.71,72.95,0.90,-1,-1,-1
37,8,504.64,219.73,85.98,258.37,0.87,-1,-1,-1
37,9,1003.87,227.17,41.09,106.08,0.79,-1,-1,-1
37,10,647.04,223.12,25.89,71.82,0.82,-1,-1,-1
37,13,606.04,238.48,26.19,67.91,0.80,-1,-1,-1
37,15,845.13,219.83,25.72,76.28,0.85,-1,-1,-1
37,12,1132.15,207.15,40.96,112.78,0.54,-1,-1,-1
37,19,562.40,227.01,53.47,144.72,0.90,-1,-1,-1
37,20,862.56,227.06,17.11,53.82,0.74,-1,-1,-1
38,1,620.22,197.25,197.86,489.35,0.96,-1,-1,-1
38,2,346.80,157.02,255.41,563.67,0.93,-1,-1,-1
38,3,999.23,231.40,108.05,211.87,0.91,-1,-1,-1
38,5,890.96,210.95,43.23,121.76,0.92,-1,-1,-1
38,6,632.63,228.14,29.13,73.18,0.89,-1,-1,-1
38,8,502.42,220.27,85.41,256.61,0.87,-1,-1,-1
38,9,1003.48,228.13,42.30,106.89,0.67,-1,-1,-1
38,10,646.54,223.56,26.00,70.96,0.81,-1,-1,-1
38,13,605.83,239.21,26.16,67.27,0.78,-1,-1,-1
38,15,845.16,219.87,25.41,76.72,0.85,-1,-1,-1
38,12,1129.32,207.02,44.95,113.72,0.63,-1,-1,-1
38,19,562.03,226.82,52.72,146.45,0.90,-1,-1,-1
38,20,863.17,227.08,17.10,54.59,0.80,-1,-1,-1
38,22,418.05,207.56,87.30,282.04,0.72,-1,-1,-1
39,1,619.17,195.41,198.88,493.22,0.96,-1,-1,-1
39,2,343.46,157.61,257.27,567.63,0.91,-1,-1,-1
39,3,998.22,228.17,105.08,216.25,0.90,-1,-1,-1
39,5,892.99,210.35,44.11,123.09,0.92,-1,-1,-1
39,6,632.21,228.41,28.92,74.24,0.89,-1,-1,-1
39,8,495.66,220.16,90.55,261.29,0.86,-1,-1,-1
39,9,1004.60,228.64,41.59,107.84,0.61,-1,-1,-1
39,10,646.39,224.06,26.07,69.87,0.79,-1,-1,-1
39,13,604.87,240.06,26.17,67.10,0.80,-1,-1,-1
39,15,845.37,220.22,25.31,77.32,0.86,-1,-1,-1
39,12,1133.07,207.09,42.98,112.36,0.53,-1,-1,-1
39,19,560.39,227.31,53.68,147.48,0.90,-1,-1,-1
39,20,863.30,227.81,18.94,54.61,0.83,-1,-1,-1
39,22,413.28,208.44,88.69,280.64,0.75,-1,-1,-1
39,17,555.19,230.87,18.07,59.49,0.64,-1,-1,-1
40,1,618.17,194.44,199.87,496.14,0.96,-1,-1,-1
40,2,349.33,157.30,249.05,570.20,0.91,-1,-1,-1
40,3,997.45,228.59,97.92,215.25,0.91,-1,-1,-1
40,5,894.31,210.44,45.04,123.89,0.93,-1,-1,-1
40,6,632.63,228.61,28.25,74.57,0.88,-1,-1,-1
40,8,486.16,220.16,98.86,267.76,0.88,-1,-1,-1
40,10,646.02,224.34,26.10,70.01,0.80,-1,-1,-1
40,13,604.20,240.69,26.77,66.75,0.85,-1,-1,-1
40,15,846.06,220.67,24.68,77.41,0.86,-1,-1,-1
40,12,1138.23,207.82,39.72,110.28,0.62,-1,-1,-1
40,19,559.17,227.37,54.03,149.03,0.90,-1,-1,-1
40,20,863.93,228.56,20.19,54.31,0.83,-1,-1,-1
40,22,408.55,209.36,89.52,283.95,0.69,-1,-1,-1
40,17,555.07,231.36,17.98,60.41,0.69,-1,-1,-1
41,1,617.34,194.39,201.43,497.97,0.96,-1,-1,-1
41,2,348.75,157.69,246.48,571.95,0.90,-1,-1,-1
41,3,995.61,228.80,90.24,216.08,0.91,-1,-1,-1
41,5,894.84,210.34,47.18,125.63,0.92,-1,-1,-1
41,6,632.61,228.85,28.61,75.29,0.88,-1,-1,-1
41,8,482.08,220.87,97.53,276.81,0.86,-1,-1,-1
41,10,645.71,224.53,26.11,72.10,0.80,-1,-1,-1
41,13,603.78,240.17,27.00,67.82,0.85,-1,-1,-1
41,15,846.72,221.44,24.43,76.82,0.86,-1,-1,-1
41,12,1142.66,208.30,37.23,114.72,0.71,-1,-1,-1
41,19,557.97,227.40,54.76,150.73,0.90,-1,-1,-1
41,20,864.55,228.98,20.68,54.18,0.83,-1,-1,-1
41,22,405.65,211.97,86.94,279.64,0.70,-1,-1,-1
41,17,555.39,231.87,17.95,61.90,0.67,-1,-1,-1
42,1,616.55,195.65,203.08,493.72,0.96,-1,-1,-1
42,2,368.95,156.49,224.93,574.38,0.92,-1,-1,-1
42,3,992.57,229.77,83.65,210.82,0.91,-1,-1,-1
42,5,895.27,210.68,51.77,126.81,0.93,-1,-1,-1
42,6,632.39,229.15,28.73,74.63,0.89,-1,-1,-1
42,10,645.38,224.89,26.11,71.14,0.82,-1,-1,-1
42,13,603.73,239.59,27.66,69.09,0.86,-1,-1,-1
42,15,847.25,222.18,23.73,76.34,0.86,-1,-1,-1
42,12,1144.68,208.87,36.31,116.00,0.72,-1,-1,-1
42,19,556.78,227.33,55.59,152.45,0.90,-1,-1,-1
42,20,865.33,229.21,20.85,54.41,0.84,-1,-1,-1
42,22,393.79,213.94,101.16,312.66,0.69,-1,-1,-1
42,17,555.32,232.28,17.94,61.52,0.70,-1,-1,-1
42,14,491.33,222.79,74.68,219.10,0.68,-1,-1,-1
43,1,616.33,196.43,204.26,488.62,0.96,-1,-1,-1
43,2,372.99,159.76,220.18,572.83,0.91,-1,-1,-1
43,3,991.03,229.79,81.36,209.69,0.93,-1,-1,-1
43,5,896.57,210.95,53.51,128.08,0.93,-1,-1,-1
43,6,632.35,229.47,28.77,74.44,0.89,-1,-1,-1
43,10,645.32,224.77,26.10,72.95,0.81,-1,-1,-1
43,13,602.90,239.79,28.49,69.56,0.84,-1,-1,-1
43,15,847.45,222.65,24.08,76.22,0.86,-1,-1,-1
43,12,1142.87,209.27,39.69,121.76,0.73,-1,-1,-1
43,19,555.53,227.44,55.89,153.33,0.91,-1,-1,-1
43,20,865.93,229.49,21.48,54.25,0.84,-1,-1,-1
43,22,385.71,216.37,110.32,326.27,0.83,-1,-1,-1
43,17,555.35,232.86,17.94,59.84,0.70,-1,-1,-1
43,14,491.80,224.63,71.29,217.00,0.53,-1,-1,-1
43,23,795.15,217.12,37.80,97.65,0.76,-1,-1,-1
43,24,534.60,233.10,22.50,63.90,0.71,-1,-1,-1
44,1,615.58,197.18,207.18,485.49,0.96,-1,-1,-1
44,2,373.42,161.33,219.48,573.51,0.90,-1,-1,-1
44,3,987.57,229.55,84.39,210.50,0.93,-1,-1,-1
44,5,897.66,211.65,54.22,129.18,0.93,-1,-1,-1
44,6,631.66,230.13,29.41,74.33,0.89,-1,-1,-1
44,10,644.92,225.12,26.12,73.57,0.82,-1,-1,-1
44,13,602.20,240.04,28.82,70.06,0.85,-1,-1,-1
44,15,847.24,222.97,24.83,76.81,0.86,-1,-1,-1
44,12,1144.74,210.13,39.73,122.05,0.63,-1,-1,-1
44,19,554.97,227.80,55.43,153.96,0.92,-1,-1,-1
44,20,866.75,229.81,21.73,54.74,0.85,-1,-1,-1
44,22,372.94,218.07,123.18,334.48,0.83,-1,-1,-1
44,17,554.95,233.55,17.96,58.92,0.71,-1,-1,-1
44,14,486.37,226.20,74.98,217.84,0.17,-1,-1,-1
44,23,794.78,217.93,37.87,98.42,0.73,-1,-1,-1
44,24,534.19,233.70,22.54,63.99,0.74,-1,-1,-1
45,1,614.87,196.99,209.26,484.99,0.96,-1,-1,-1
45,2,373.32,161.59,220.16,574.74,0.91,-1,-1,-1
45,3,983.96,229.57,79.37,212.30,0.90,-1,-1,-1
45,5,898.33,212.83,54.71,128.92,0.92,-1,-1,-1
45,6,632.42,230.19,29.03,74.56,0.89,-1,-1,-1
45,10,644.90,225.07,26.10,74.97,0.83,-1,-1,-1
45,13,601.79,239.34,28.91,70.81,0.85,-1,-1,-1
45,15,847.18,222.57,25.68,77.82,0.86,-1,-1,-1
45,12,1145.29,210.02,40.89,122.89,0.72,-1,-1,-1
45,19,554.67,227.44,55.18,154.69,0.91,-1,-1,-1
45,20,867.65,229.79,20.62,54.59,0.85,-1,-1,-1
45,22,366.21,219.65,129.84,340.53,0.84,-1,-1,-1
45,17,554.96,233.76,18.57,59.48,0.66,-1,-1,-1
45,23,795.09,218.12,37.88,97.62,0.72,-1,-1,-1
45,24,534.15,233.57,22.55,65.06,0.77,-1,-1,-1
46,1,614.59,196.72,211.14,489.04,0.96,-1,-1,-1
46,2,379.02,161.79,214.97,574.52,0.93,-1,-1,-1
46,3,972.73,230.57,83.74,212.35,0.92,-1,-1,-1
46,5,899.03,213.39,58.36,129.36,0.92,-1,-1,-1
46,6,632.67,230.46,28.87,74.33,0.89,-1,-1,-1
46,10,644.86,225.07,26.09,75.99,0.83,-1,-1,-1
46,13,601.61,239.76,28.93,70.48,0.85,-1,-1,-1
46,15,847.95,222.74,24.81,77.96,0.85,-1,-1,-1
46,12,1148.88,210.24,38.94,119.29,0.71,-1,-1,-1
46,19,554.26,227.55,55.07,155.48,0.91,-1,-1,-1
46,20,868.17,229.35,20.75,55.35,0.86,-1,-1,-1
46,22,358.18,221.18,136.70,345.17,0.85,-1,-1,-1
46,17,554.94,233.92,18.78,59.68,0.59,-1,-1,-1
46,23,795.84,217.92,38.55,98.33,0.65,-1,-1,-1
46,24,533.60,233.58,23.23,65.36,0.78,-1,-1,-1
47,1,614.46,196.61,212.43,494.48,0.96,-1,-1,-1
47,2,379.50,162.61,214.97,580.50,0.92,-1,-1,-1
47,3,959.90,231.23,93.65,212.70,0.92,-1,-1,-1
47,5,900.99,214.12,60.32,129.58,0.93,-1,-1,-1
47,6,632.72,230.11,28.81,74.56,0.89,-1,-1,-1
47,10,644.51,225.14,26.69,75.57,0.81,-1,-1,-1
47,13,601.52,239.77,28.93,70.65,0.84,-1,-1,-1
47,15,848.84,223.03,24.47,77.94,0.85,-1,-1,-1
47,12,1149.01,210.53,40.60,120.22,0.74,-1,-1,-1
47,19,552.90,227.74,55.62,156.05,0.90,-1,-1,-1
47,20,868.93,229.11,20.20,55.41,0.85,-1,-1,-1
47,22,350.56,222.30,150.14,346.57,0.84,-1,-1,-1
47,17,554.28,233.22,19.47,62.18,0.39,-1,-1,-1
47,23,796.07,217.67,38.08,100.93,0.71,-1,-1,-1
47,24,533.78,233.58,23.44,64.74,0.74,-1,-1,-1
47,16,1249.21,238.25,30.47,43.22,0.66,-1,-1,-1
48,1,614.81,196.25,213.44,499.78,0.96,-1,-1,-1
48,2,376.96,162.73,218.66,586.98,0.93,-1,-1,-1
48,3,945.45,232.07,111.17,212.53,0.93,-1,-1,-1
48,5,902.67,214.01,61.34,130.75,0.93,-1,-1,-1
48,6,632.21,230.02,29.39,74.42,0.90,-1,-1,-1
48,10,644.76,225.29,26.91,75.09,0.81,-1,-1,-1
48,13,601.87,239.90,28.92,70.11,0.85,-1,-1,-1
48,15,849.83,223.64,24.34,77.25,0.85,-1,-1,-1
48,12,1151.49,210.27,40.01,122.42,0.75,-1,-1,-1
48,19,551.00,227.63,58.79,158.30,0.88,-1,-1,-1
48,20,869.56,228.63,19.98,55.95,0.85,-1,-1,-1
48,22,344.09,221.59,152.82,350.43,0.84,-1,-1,-1
48,17,554.41,232.19,20.91,64.29,0.14,-1,-1,-1
48,23,796.51,217.16,37.90,102.01,0.70,-1,-1,-1
48,24,534.27,233.55,23.49,64.18,0.70,-1,-1,-1
48,16,1252.30,238.37,29.70,43.58,0.59,-1,-1,-1
48,25,1025.10,216.00,48.60,117.45,0.77,-1,-1,-1
49,1,615.31,195.31,214.95,506.66,0.96,-1,-1,-1
49,2,375.10,159.44,223.09,597.70,0.94,-1,-1,-1
49,3,938.68,232.85,119.06,212.15,0.94,-1,-1,-1
49,5,904.15,213.58,62.55,131.27,0.93,-1,-1,-1
49,6,632.37,230.09,29.61,73.89,0.90,-1,-1,-1
49,10,645.19,225.30,26.99,74.57,0.81,-1,-1,-1
49,13,602.10,239.84,28.90,70.10,0.84,-1,-1,-1
49,15,850.56,223.35,24.30,77.33,0.85,-1,-1,-1
49,12,1152.07,209.73,40.98,123.87,0.76,-1,-1,-1
49,19,548.15,228.10,59.40,163.33,0.87,-1,-1,-1
49,20,870.41,227.99,19.89,57.33,0.85,-1,-1,-1
49,22,337.38,219.30,153.82,355.59,0.85,-1,-1,-1
49,23,796.12,217.74,38.48,99.68,0.65,-1,-1,-1
49,24,534.88,233.11,24.13,68.08,0.69,-1,-1,-1
49,16,1254.76,238.42,26.99,42.73,0.65,-1,-1,-1
49,9,1022.69,216.13,50.22,116.89,0.79,-1,-1,-1
50,1,614.51,194.07,216.72,514.77,0.96,-1,-1,-1
50,2,370.29,154.31,229.59,608.96,0.93,-1,-1,-1
50,3,935.69,234.30,121.24,211.82,0.93,-1,-1,-1
50,5,905.04,213.04,63.30,132.28,0.93,-1,-1,-1
50,6,632.02,229.90,29.10,73.83,0.90,-1,-1,-1
50,10,644.97,225.08,27.02,74.36,0.81,-1,-1,-1
50,13,601.74,239.74,29.49,70.53,0.85,-1,-1,-1
50,15,851.08,222.84,24.88,77.80,0.85,-1,-1,-1
50,12,1151.54,209.08,43.70,127.97,0.74,-1,-1,-1
50,19,545.32,228.31,60.20,166.10,0.86,-1,-1,-1
50,20,871.90,228.27,19.26,57.07,0.84,-1,-1,-1
50,22,328.41,217.01,154.98,356.14,0.86,-1,-1,-1
50,23,796.17,218.21,38.68,98.10,0.70,-1,-1,-1
50,24,534.26,233.61,24.35,67.70,0.74,-1,-1,-1
50,16,1258.06,239.06,23.48,42.80,0.74,-1,-1,-1
50,9,1021.31,215.64,54.17,117.94,0.83,-1,-1,-1
50,26,577.35,240.52,27.90,75.15,0.75,-1,-1,-1
50,18,1247.24,241.14,16.25,40.54,0.66,-1,-1,-1
51,1,614.64,192.89,217.81,522.76,0.96,-1,-1,-1
51,2,366.43,151.86,236.07,609.58,0.93,-1,-1,-1
51,3,933.46,233.88,124.21,211.79,0.94,-1,-1,-1
51,5,906.66,211.91,62.05,133.70,0.92,-1,-1,-1
51,6,631.70,229.82,29.48,73.75,0.89,-1,-1,-1
51,10,644.70,225.07,26.42,73.38,0.78,-1,-1,-1
51,13,601.76,239.69,29.69,70.62,0.85,-1,-1,-1
51,15,851.18,222.98,25.68,77.24,0.86,-1,-1,-1
51,12,1150.38,208.76,47.03,136.14,0.76,-1,-1,-1
51,19,543.88,228.69,59.27,158.10,0.86,-1,-1,-1
51,20,872.63,228.27,19.61,56.82,0.85,-1,-1,-1
51,22,319.88,213.61,157.87,369.21,0.87,-1,-1,-1
51,23,796.16,218.04,39.34,104.93,0.68,-1,-1,-1
51,24,534.24,233.34,24.40,68.66,0.70,-1,-1,-1
51,16,1260.60,239.20,20.88,42.48,0.71,-1,-1,-1
51,9,1021.17,214.82,55.58,123.84,0.84,-1,-1,-1
51,26,575.38,240.75,29.37,76.66,0.82,-1,-1,-1
51,18,1247.35,240.91,17.53,41.16,0.74,-1,-1,-1
52,1,614.00,192.65,219.50,529.45,0.96,-1,-1,-1
52,2,363.50,149.63,241.63,620.87,0.94,-1,-1,-1
52,3,934.03,233.19,124.21,212.83,0.94,-1,-1,-1
52,5,908.20,210.95,60.65,135.19,0.90,-1,-1,-1
52,6,631.18,230.01,29.65,74.07,0.88,-1,-1,-1
52,10,644.50,225.20,26.81,72.23,0.76,-1,-1,-1
52,13,601.35,239.74,29.78,70.40,0.85,-1,-1,-1
52,15,851.55,223.18,26.00,76.54,0.85,-1,-1,-1
52,12,1153.61,208.21,46.04,137.23,0.73,-1,-1,-1
52,19,540.24,228.30,60.71,167.37,0.89,-1,-1,-1
52,20,873.54,228.65,20.35,56.76,0.85,-1,-1,-1
52,22,312.40,211.71,160.07,371.08,0.87,-1,-1,-1
52,23,795.85,218.19,40.21,106.80,0.69,-1,-1,-1
52,24,534.69,233.16,23.82,68.74,0.67,-1,-1,-1
52,16,1264.20,239.64,18.73,41.48,0.67,-1,-1,-1
52,9,1021.25,213.72,57.29,128.73,0.87,-1,-1,-1
52,26,574.53,240.68,30.35,77.69,0.80,-1,-1,-1
52,18,1248.86,240.61,17.86,41.37,0.79,-1,-1,-1
53,1,612.95,193.61,221.23,537.23,0.96,-1,-1,-1
53,2,359.58,146.93,248.98,640.65,0.93,-1,-1,-1
53,3,935.09,231.71,121.74,214.36,0.94,-1,-1,-1
53,5,910.83,209.41,57.98,137.18,0.90,-1,-1,-1
53,6,631.06,230.38,29.70,74.47,0.87,-1,-1,-1
53,10,644.50,225.34,25.75,71.72,0.78,-1,-1,-1
53,13,602.47,240.37,28.61,69.69,0.84,-1,-1,-1
53,15,851.70,223.03,26.71,76.80,0.85,-1,-1,-1
53,12,1154.23,207.70,47.95,143.70,0.71,-1,-1,-1
53,19,538.13,228.46,60.64,170.66,0.88,-1,-1,-1
53,20,873.88,228.72,21.21,56.49,0.86,-1,-1,-1
53,22,304.80,208.54,163.74,378.55,0.86,-1,-1,-1
53,23,795.78,217.79,44.73,103.85,0.64,-1,-1,-1
53,24,534.97,233.24,24.19,68.41,0.64,-1,-1,-1
53,9,1022.40,213.48,57.92,129.68,0.88,-1,-1,-1
53,26,574.08,240.78,29.99,78.67,0.76,-1,-1,-1
53,18,1249.96,240.65,17.98,41.44,0.56,-1,-1,-1
54,1,612.54,194.92,222.45,532.66,0.95,-1,-1,-1
54,2,358.07,143.78,254.69,652.85,0.92,-1,-1,-1
54,3,936.89,230.28,113.59,214.03,0.93,-1,-1,-1
54,5,915.35,208.35,53.31,139.01,0.90,-1,-1,-1
54,6,630.39,230.71,30.32,76.12,0.87,-1,-1,-1
54,10,643.86,225.72,24.74,71.23,0.78,-1,-1,-1
54,13,603.48,241.24,27.54,68.82,0.85,-1,-1,-1
54,15,852.59,222.25,26.38,77.79,0.84,-1,-1,-1
54,12,1155.58,207.17,48.65,147.65,0.63,-1,-1,-1
54,19,537.35,228.41,60.00,172.75,0.89,-1,-1,-1
54,20,875.12,228.85,21.54,55.55,0.86,-1,-1,-1
54,22,296.11,206.06,169.22,396.92,0.85,-1,-1,-1
54,23,795.72,217.67,43.51,101.41,0.65,-1,-1,-1
54,24,535.94,233.61,23.12,68.26,0.50,-1,-1,-1
54,9,1023.95,212.72,58.12,132.03,0.89,-1,-1,-1
54,26,573.31,240.82,31.18,78.94,0.75,-1,-1,-1
54,18,1250.31,240.08,19.23,41.76,0.63,-1,-1,-1
55,1,612.47,196.50,222.74,534.74,0.95,-1,-1,-1
55,2,354.36,144.72,262.70,659.59,0.90,-1,-1,-1
55,3,938.99,229.29,101.77,212.59,0.93,-1,-1,-1
55,5,919.65,207.45,53.69,140.56,0.91,-1,-1,-1
55,6,630.21,230.98,30.53,76.10,0.88,-1,-1,-1
55,10,643.07,225.86,25.59,71.02,0.79,-1,-1,-1
55,13,604.23,241.41,27.14,68.77,0.84,-1,-1,-1
55,15,853.16,221.52,26.23,78.71,0.85,-1,-1,-1
55,12,1159.35,207.13,47.70,144.96,0.75,-1,-1,-1
55,19,534.85,228.25,62.09,173.98,0.88,-1,-1,-1
55,20,876.09,228.52,21.06,56.00,0.86,-1,-1,-1
55,22,288.29,205.01,171.40,401.65,0.87,-1,-1,-1
55,23,795.37,218.23,42.92,96.78,0.73,-1,-1,-1
55,9,1024.95,212.46,60.47,133.98,0.88,-1,-1,-1
55,26,572.53,240.49,34.10,85.46,0.63,-1,-1,-1
55,18,1250.75,240.46,19.68,41.55,0.68,-1,-1,-1
56,1,611.48,198.00,224.28,542.97,0.95,-1,-1,-1
56,2,354.74,145.06,266.93,663.74,0.90,-1,-1,-1
56,3,940.79,228.88,89.93,212.44,0.92,-1,-1,-1
56,5,922.43,206.77,53.89,142.07,0.92,-1,-1,-1
56,6,629.78,231.56,30.65,76.13,0.89,-1,-1,-1
56,10,642.44,226.54,25.33,69.78,0.80,-1,-1,-1
56,13,604.42,242.11,27.02,68.49,0.85,-1,-1,-1
56,15,854.33,221.44,25.62,79.47,0.86,-1,-1,-1
56,12,1162.24,207.45,47.37,144.45,0.71,-1,-1,-1
56,19,532.65,227.65,61.77,176.25,0.89,-1,-1,-1
56,20,877.12,229.12,21.49,56.19,0.86,-1,-1,-1
56,22,279.67,205.11,173.74,411.66,0.89,-1,-1,-1
56,23,795.58,218.72,42.12,96.02,0.71,-1,-1,-1
56,9,1026.67,212.77,60.27,134.73,0.88,-1,-1,-1
56,26,572.78,240.73,32.15,80.67,0.66,-1,-1,-1
56,18,1251.85,240.64,19.87,41.19,0.69,-1,-1,-1
57,1,610.48,199.82,226.50,548.06,0.94,-1,-1,-1
57,2,356.48,144.93,269.64,668.05,0.92,-1,-1,-1
57,3,941.03,228.21,80.59,214.78,0.93,-1,-1,-1
57,5,924.59,206.38,55.16,143.83,0.90,-1,-1,-1
57,6,629.58,231.70,30.67,75.56,0.88,-1,-1,-1
57,10,642.17,227.25,25.22,69.28,0.80,-1,-1,-1
57,13,604.74,242.89,26.37,68.10,0.83,-1,-1,-1
57,15,854.75,221.92,25.96,79.11,0.85,-1,-1,-1
57,12,1163.34,208.01,48.38,137.50,0.76,-1,-1,-1
57,19,531.81,227.48,60.99,177.10,0.87,-1,-1,-1
57,20,878.07,229.19,21.04,57.47,0.86,-1,-1,-1
57,22,269.03,205.23,179.64,429.79,0.91,-1,-1,-1
57,23,796.25,218.86,41.78,95.49,0.58,-1,-1,-1
57,9,1027.33,212.80,61.28,135.88,0.88,-1,-1,-1
57,26,574.17,241.02,29.35,72.63,0.56,-1,-1,-1
57,18,1252.31,240.80,19.92,41.06,0.75,-1,-1,-1
57,27,842.40,234.67,18.00,46.35,0.72,-1,-1,-1
58,1,611.94,199.38,224.18,554.98,0.94,-1,-1,-1
58,2,362.30,144.65,267.46,672.74,0.89,-1,-1,-1
58,3,939.95,228.38,76.19,215.49,0.93,-1,-1,-1
58,5,926.48,206.59,55.59,145.10,0.90,-1,-1,-1
58,6,629.53,231.81,30.66,74.73,0.87,-1,-1,-1
58,10,641.49,227.80,25.77,69.17,0.80,-1,-1,-1
58,13,604.87,243.08,25.51,68.26,0.85,-1,-1,-1
58,15,854.57,222.05,26.67,78.95,0.84,-1,-1,-1
58,12,1164.81,208.23,48.71,135.91,0.67,-1,-1,-1
58,19,531.31,228.05,60.03,176.44,0.85,-1,-1,-1
58,20,879.27,229.32,20.25,57.94,0.86,-1,-1,-1
58,22,259.58,206.09,184.58,448.92,0.92,-1,-1,-1
58,23,796.49,218.85,41.62,95.60,0.65,-1,-1,-1
58,9,1029.27,213.11,61.60,135.94,0.87,-1,-1,-1
58,26,574.10,240.54,30.86,77.46,0.58,-1,-1,-1
58,18,1252.95,240.58,19.92,41.61,0.77,-1,-1,-1
58,27,842.17,234.99,19.46,47.85,0.73,-1,-1,-1
58,8,407.90,221.45,103.16,332.36,0.62,-1,-1,-1
59,1,609.11,199.09,227.49,555.34,0.94,-1,-1,-1
59,2,365.90,150.54,267.74,666.71,0.91,-1,-1,-1
59,3,936.44,229.23,78.73,216.24,0.93,-1,-1,-1
59,5,930.05,207.61,53.38,144.68,0.90,-1,-1,-1
59,6,629.41,232.04,30.66,73.52,0.86,-1,-1,-1
59,10,640.85,228.04,25.98,68.86,0.75,-1,-1,-1
59,13,605.12,243.19,24.59,68.93,0.84,-1,-1,-1
59,15,855.91,222.52,25.75,78.97,0.84,-1,-1,-1
59,12,1166.50,208.56,48.83,134.95,0.64,-1,-1,-1
59,19,531.67,228.25,58.47,180.83,0.73,-1,-1,-1
59,20,879.92,229.32,20.56,58.49,0.85,-1,-1,-1
59,22,251.62,208.10,188.73,464.17,0.92,-1,-1,-1
59,23,796.50,219.25,42.16,95.91,0.63,-1,-1,-1
59,9,1030.53,213.73,61.70,136.52,0.88,-1,-1,-1
59,26,573.97,240.43,30.76,76.91,0.64,-1,-1,-1
59,18,1253.78,240.22,19.92,42.12,0.72,-1,-1,-1
59,27,843.82,233.91,19.75,51.26,0.61,-1,-1,-1
59,8,396.99,220.96,109.58,356.96,0.70,-1,-1,-1
60,1,610.35,199.06,225.58,552.83,0.94,-1,-1,-1
60,2,363.09,145.70,275.15,683.74,0.92,-1,-1,-1
60,3,934.61,230.56,80.81,216.68,0.94,-1,-1,-1
60,5,932.41,208.43,54.93,144.85,0.86,-1,-1,-1
60,6,629.86,232.03,30.04,73.01,0.87,-1,-1,-1
60,10,640.80,228.56,26.05,68.01,0.77,-1,-1,-1
60,13,605.71,242.82,24.26,69.72,0.83,-1,-1,-1
60,15,857.59,222.96,24.77,78.52,0.84,-1,-1,-1
60,12,1169.75,209.17,47.64,133.24,0.74,-1,-1,-1
60,20,880.40,229.06,21.25,58.64,0.85,-1,-1,-1
60,22,242.38,210.03,190.92,468.22,0.93,-1,-1,-1
60,23,797.14,219.30,42.32,95.64,0.64,-1,-1,-1
60,9,1031.98,213.87,61.66,137.44,0.87,-1,-1,-1
60,26,573.26,240.45,31.91,76.62,0.70,-1,-1,-1
60,18,1254.30,240.67,19.90,41.97,0.68,-1,-1,-1
60,27,845.38,233.38,21.21,51.70,0.62,-1,-1,-1
60,8,390.17,222.97,111.03,359.19,0.75,-1,-1,-1
61,1,608.65,198.15,227.29,543.67,0.94,-1,-1,-1
61,2,364.30,144.76,276.38,691.77,0.89,-1,-1,-1
61,3,930.45,233.49,86.56,215.75,0.93,-1,-1,-1
61,5,934.47,209.82,59.09,144.95,0.87,-1,-1,-1
61,6,629.64,231.90,29.81,73.46,0.86,-1,-1,-1
61,10,640.41,228.69,25.48,67.22,0.72,-1,-1,-1
61,13,606.11,242.41,23.55,70.65,0.82,-1,-1,-1
61,15,858.82,223.31,24.42,77.79,0.84,-1,-1,-1
61,12,1171.11,208.97,48.38,138.38,0.73,-1,-1,-1
61,20,881.17,228.70,21.52,59.46,0.85,-1,-1,-1
61,22,231.19,213.01,194.02,476.78,0.94,-1,-1,-1
61,23,797.97,219.56,42.39,97.19,0.64,-1,-1,-1
61,9,1032.61,214.71,62.82,137.51,0.89,-1,-1,-1
61,26,571.69,240.65,33.54,77.76,0.70,-1,-1,-1
61,18,1255.89,241.48,18.70,40.73,0.70,-1,-1,-1
61,27,846.18,231.75,22.98,53.40,0.55,-1,-1,-1
61,8,377.72,224.08,119.63,382.93,0.77,-1,-1,-1
62,1,607.52,197.63,229.04,538.51,0.93,-1,-1,-1
62,2,382.39,146.10,260.71,697.12,0.89,-1,-1,-1
62,3,925.41,236.94,91.04,214.41,0.93,-1,-1,-1
62,5,937.50,211.51,55.98,143.39,0.87,-1,-1,-1
62,6,629.35,231.82,29.72,73.01,0.86,-1,-1,-1
62,10,640.36,229.01,24.66,66.01,0.72,-1,-1,-1
62,13,606.34,242.22,23.31,70.98,0.82,-1,-1,-1
62,15,859.86,223.10,24.29,77.79,0.85,-1,-1,-1
62,12,1173.84,209.14,47.45,136.07,0.78,-1,-1,-1
62,20,882.33,228.59,21.62,59.51,0.85,-1,-1,-1
62,22,219.79,214.75,197.65,494.44,0.94,-1,-1,-1
62,23,798.30,219.48,43.00,96.24,0.66,-1,-1,-1
62,9,1032.75,214.40,64.40,138.62,0.90,-1,-1,-1
62,26,571.52,240.39,31.19,77.85,0.65,-1,-1,-1
62,18,1256.34,242.34,18.22,39.63,0.62,-1,-1,-1
62,27,847.36,230.55,23.58,55.17,0.62,-1,-1,-1
62,8,368.69,225.36,124.27,395.75,0.84,-1,-1,-1
63,1,605.04,196.76,231.98,539.98,0.93,-1,-1,-1
63,2,395.54,144.65,249.52,703.31,0.90,-1,-1,-1
63,3,915.84,236.93,99.82,215.65,0.92,-1,-1,-1
63,5,941.49,211.63,53.45,143.33,0.87,-1,-1,-1
63,6,629.25,231.25,29.08,74.33,0.86,-1,-1,-1
63,10,639.74,228.58,24.35,66.18,0.65,-1,-1,-1
63,13,606.72,242.36,22.61,70.48,0.82,-1,-1,-1
63,15,859.85,222.87,24.84,78.45,0.86,-1,-1,-1
63,12,1175.87,208.92,47.07,136.23,0.73,-1,-1,-1
63,20,884.16,228.11,20.45,59.28,0.84,-1,-1,-1
63,22,207.48,216.20,200.88,518.78,0.93,-1,-1,-1
63,23,798.98,219.29,42.61,96.84,0.70,-1,-1,-1
63,9,1033.25,214.52,64.96,138.66,0.90,-1,-1,-1
63,26,570.26,240.52,30.82,77.56,0.62,-1,-1,-1
63,18,1256.32,242.12,19.26,39.83,0.63,-1,-1,-1
63,27,846.77,230.24,24.97,55.12,0.65,-1,-1,-1
63,8,363.25,225.05,125.85,411.32,0.85,-1,-1,-1
64,1,604.01,195.71,233.15,542.74,0.93,-1,-1,-1
64,2,398.19,143.05,248.56,706.57,0.89,-1,-1,-1
64,3,912.30,234.73,102.05,219.51,0.93,-1,-1,-1
64,5,944.75,211.86,52.54,146.05,0.84,-1,-1,-1
64,6,628.80,231.08,28.85,74.57,0.85,-1,-1,-1
64,10,638.52,228.08,24.86,66.82,0.64,-1,-1,-1
64,13,606.42,242.31,23.01,70.62,0.82,-1,-1,-1
64,15,859.54,222.97,26.26,79.04,0.86,-1,-1,-1
64,12,1177.95,208.88,46.93,134.26,0.73,-1,-1,-1
64,20,886.06,227.98,20.00,59.66,0.84,-1,-1,-1
64,22,194.28,215.04,203.31,527.71,0.93,-1,-1,-1
64,23,798.91,219.03,43.67,98.54,0.70,-1,-1,-1
64,9,1034.11,214.85,65.17,138.63,0.89,-1,-1,-1
64,26,571.21,241.07,28.88,74.47,0.57,-1,-1,-1
64,18,1257.12,241.05,19.65,41.43,0.70,-1,-1,-1
64,27,847.42,229.99,24.87,54.20,0.68,-1,-1,-1
64,8,356.45,225.67,129.08,420.44,0.85,-1,-1,-1
65,1,602.48,194.98,234.68,543.61,0.93,-1,-1,-1
65,2,395.95,139.61,251.95,709.92,0.89,-1,-1,-1
65,3,909.55,234.42,102.57,220.01,0.94,-1,-1,-1
65,5,945.78,211.00,54.64,151.77,0.82,-1,-1,-1
65,6,628.36,230.52,29.37,75.84,0.85,-1,-1,-1
65,10,636.90,227.76,25.65,68.04,0.57,-1,-1,-1
65,13,606.33,242.38,23.15,70.06,0.81,-1,-1,-1
65,15,860.26,223.11,26.19,78.94,0.87,-1,-1,-1
65,12,1175.55,208.29,51.67,145.89,0.77,-1,-1,-1
65,20,887.58,227.81,19.23,59.86,0.83,-1,-1,-1
65,22,181.36,214.37,207.49,536.00,0.93,-1,-1,-1
65,23,799.15,218.88,43.45,99.16,0.63,-1,-1,-1
65,9,1034.92,214.64,66.38,139.44,0.89,-1,-1,-1
65,26,571.63,241.38,28.14,73.89,0.58,-1,-1,-1
65,18,1257.87,241.05,19.79,41.43,0.62,-1,-1,-1
65,27,849.40,229.04,24.17,53.40,0.61,-1,-1,-1
65,8,348.57,225.63,131.68,434.01,0.83,-1,-1,-1
66,1,598.93,194.67,238.81,552.39,0.93,-1,-1,-1
66,2,394.04,134.41,254.15,724.48,0.89,-1,-1,-1
66,3,908.68,235.02,101.56,219.93,0.94,-1,-1,-1
66,5,949.11,209.91,54.22,153.36,0.84,-1,-1,-1
66,6,627.88,230.27,29.57,76.04,0.85,-1,-1,-1
66,10,635.69,227.75,26.54,67.62,0.62,-1,-1,-1
66,13,606.26,242.23,23.22,69.56,0.80,-1,-1,-1
66,15,860.83,222.99,26.16,78.91,0.88,-1,-1,-1
66,12,1175.92,207.76,53.40,146.37,0.75,-1,-1,-1
66,20,888.43,228.17,19.56,59.94,0.83,-1,-1,-1
66,22,168.54,211.42,212.78,547.98,0.92,-1,-1,-1
66,23,799.25,218.79,43.96,100.01,0.61,-1,-1,-1
66,9,1037.03,214.47,65.65,139.52,0.89,-1,-1,-1
66,26,571.44,241.61,29.12,73.11,0.51,-1,-1,-1
66,18,1259.44,241.64,18.65,40.54,0.56,-1,-1,-1
66,27,851.95,226.87,22.65,54.31,0.41,-1,-1,-1
66,8,339.51,225.26,134.96,445.22,0.84,-1,-1,-1
67,1,597.12,193.55,240.88,556.79,0.93,-1,-1,-1
67,2,382.76,131.20,264.66,727.35,0.87,-1,-1,-1
67,3,907.91,233.29,98.14,220.70,0.93,-1,-1,-1
67,5,951.46,207.42,55.25,158.29,0.87,-1,-1,-1
67,6,627.50,230.65,29.64,74.89,0.85,-1,-1,-1
67,10,635.05,227.54,26.28,66.62,0.59,-1,-1,-1
67,13,606.02,241.58,23.26,70.25,0.81,-1,-1,-1
67,15,861.05,222.35,26.74,79.18,0.88,-1,-1,-1
67,12,1179.41,207.11,51.72,147.60,0.74,-1,-1,-1
67,20,889.32,228.24,20.29,59.87,0.83,-1,-1,-1
67,22,153.29,205.94,221.14,558.75,0.93,-1,-1,-1
67,23,799.02,217.87,44.73,101.48,0.58,-1,-1,-1
67,9,1038.37,213.52,65.31,140.66,0.89,-1,-1,-1
67,26,570.59,242.01,30.06,74.94,0.52,-1,-1,-1
67,18,1259.91,242.30,18.20,39.28,0.65,-1,-1,-1
67,27,853.19,225.72,21.42,54.23,0.26,-1,-1,-1
67,8,327.52,224.18,142.11,451.85,0.83,-1,-1,-1
68,1,595.26,193.14,243.37,559.04,0.93,-1,-1,-1
68,2,376.24,126.17,272.24,748.37,0.88,-1,-1,-1
68,3,907.18,231.47,94.38,221.59,0.93,-1,-1,-1
68,5,955.21,206.36,54.43,155.16,0.86,-1,-1,-1
68,6,627.32,230.21,29.67,75.05,0.85,-1,-1,-1
68,10,635.39,227.63,25.58,66.12,0.49,-1,-1,-1
68,13,605.59,241.35,23.88,70.22,0.82,-1,-1,-1
68,15,861.39,222.43,26.95,78.98,0.88,-1,-1,-1
68,12,1181.94,207.13,51.01,146.94,0.77,-1,-1,-1
68,20,889.90,228.15,21.15,59.84,0.83,-1,-1,-1
68,22,137.27,201.33,227.64,570.02,0.93,-1,-1,-1
68,23,799.20,217.85,45.01,101.44,0.62,-1,-1,-1
68,9,1040.02,213.80,63.97,140.48,0.88,-1,-1,-1
68,26,569.94,242.16,32.21,77.41,0.53,-1,-1,-1
68,18,1260.68,241.99,18.03,39.73,0.69,-1,-1,-1
68,27,853.56,225.29,21.58,55.15,0.37,-1,-1,-1
68,8,316.52,223.47,146.09,448.03,0.82,-1,-1,-1
69,1,590.59,191.90,248.50,573.72,0.92,-1,-1,-1
69,2,368.51,122.61,279.24,756.68,0.88,-1,-1,-1
69,3,904.92,230.73,90.27,217.28,0.93,-1,-1,-1
69,5,957.68,205.16,55.36,156.13,0.90,-1,-1,-1
69,6,626.80,229.22,30.29,77.16,0.83,-1,-1,-1
69,10,634.46,226.97,25.93,67.11,0.40,-1,-1,-1
69,13,605.86,241.34,23.53,70.46,0.81,-1,-1,-1
69,15,861.81,222.37,27.04,78.78,0.88,-1,-1,-1
69,12,1183.87,206.86,50.76,140.44,0.80,-1,-1,-1
69,20,890.38,228.00,21.49,59.85,0.83,-1,-1,-1
69,22,119.22,196.33,236.30,585.26,0.92,-1,-1,-1
69,23,799.30,216.95,45.71,101.05,0.64,-1,-1,-1
69,9,1040.52,213.38,64.65,140.87,0.88,-1,-1,-1
69,26,570.17,241.85,33.61,76.52,0.48,-1,-1,-1
69,18,1261.37,241.98,17.98,39.57,0.70,-1,-1,-1
69,27,854.89,224.46,21.64,56.41,0.50,-1,-1,-1
69,8,304.79,221.74,149.99,468.08,0.87,-1,-1,-1
70,1,581.62,191.19,257.40,576.50,0.92,-1,-1,-1
70,2,368.18,120.08,278.22,764.98,0.88,-1,-1,-1
70,3,901.79,229.45,82.61,215.50,0.93,-1,-1,-1
70,5,959.16,204.32,59.24,157.47,0.91,-1,-1,-1
70,6,626.15,228.70,30.51,76.89,0.84,-1,-1,-1
70,10,633.39,225.98,26.05,66.41,0.44,-1,-1,-1
70,13,605.49,241.41,23.39,69.70,0.82,-1,-1,-1
70,15,862.52,222.21,27.06,79.06,0.87,-1,-1,-1
70,12,1184.72,206.21,51.82,146.25,0.80,-1,-1,-1
70,20,891.11,228.05,21.61,59.82,0.82,-1,-1,-1
70,22,99.48,190.81,245.96,605.33,0.92,-1,-1,-1
70,23,799.28,216.75,45.96,100.37,0.59,-1,-1,-1
70,9,1042.56,212.71,63.69,142.00,0.89,-1,-1,-1
70,26,570.06,241.64,34.72,75.93,0.61,-1,-1,-1
70,18,1262.42,241.70,17.96,40.15,0.72,-1,-1,-1
70,27,856.83,225.45,19.23,55.65,0.47,-1,-1,-1
70,8,293.13,219.02,154.80,481.76,0.86,-1,-1,-1
71,1,576.57,191.21,261.89,580.91,0.92,-1,-1,-1
71,2,341.86,117.53,303.20,782.39,0.89,-1,-1,-1
71,3,898.31,227.99,78.57,216.87,0.92,-1,-1,-1
71,5,962.53,203.05,59.53,159.05,0.92,-1,-1,-1
71,6,625.69,228.24,30.59,78.16,0.83,-1,-1,-1
71,10,633.37,226.09,25.49,65.60,0.20,-1,-1,-1
71,13,605.42,241.39,23.35,70.29,0.80,-1,-1,-1
71,15,862.47,222.08,27.66,79.74,0.88,-1,-1,-1
71,12,1184.30,205.71,54.57,153.89,0.80,-1,-1,-1
71,20,891.93,227.92,21.65,60.46,0.84,-1,-1,-1
71,22,78.31,185.98,256.86,630.51,0.92,-1,-1,-1
71,23,799.28,216.55,46.03,100.29,0.52,-1,-1,-1
71,9,1044.42,212.22,62.11,143.23,0.89,-1,-1,-1
71,26,567.50,241.36,37.47,79.28,0.57,-1,-1,-1
71,18,1263.27,241.76,17.96,40.05,0.65,-1,-1,-1
71,27,858.43,225.43,18.29,57.18,0.38,-1,-1,-1
71,8,279.90,218.25,161.23,491.73,0.85,-1,-1,-1
72,1,573.78,191.70,264.70,587.14,0.92,-1,-1,-1
72,2,326.05,113.87,317.59,797.82,0.88,-1,-1,-1
72,3,894.42,227.21,80.03,216.83,0.93,-1,-1,-1
72,5,966.70,201.90,59.61,162.00,0.91,-1,-1,-1
72,6,625.49,228.03,30.62,79.31,0.84,-1,-1,-1
72,13,605.35,241.41,23.34,70.53,0.80,-1,-1,-1
72,15,862.74,221.92,28.47,80.00,0.88,-1,-1,-1
72,12,1186.48,205.89,54.44,146.90,0.80,-1,-1,-1
72,20,893.10,227.99,21.66,60.48,0.84,-1,-1,-1
72,22,55.89,181.84,268.01,659.67,0.92,-1,-1,-1
72,23,799.56,216.44,46.64,100.65,0.51,-1,-1,-1
72,9,1045.71,212.25,62.71,144.00,0.89,-1,-1,-1
72,26,566.48,241.13,36.80,79.64,0.59,-1,-1,-1
72,18,1264.23,242.01,16.76,40.02,0.55,-1,-1,-1
72,27,859.56,224.89,19.87,60.11,0.37,-1,-1,-1
72,8,264.67,216.66,175.15,505.42,0.85,-1,-1,-1
73,1,576.82,193.93,261.53,597.39,0.92,-1,-1,-1
73,2,317.33,107.43,325.43,827.02,0.86,-1,-1,-1
73,3,890.11,227.12,83.60,217.23,0.94,-1,-1,-1
73,5,967.66,202.11,64.36,164.05,0.90,-1,-1,-1
73,6,625.03,228.16,30.62,80.59,0.85,-1,-1,-1
73,13,605.52,241.70,23.33,70.65,0.83,-1,-1,-1
73,15,863.12,221.90,28.76,80.73,0.88,-1,-1,-1
73,12,1187.44,206.07,55.52,145.87,0.80,-1,-1,-1
73,20,894.13,227.99,21.05,61.03,0.85,-1,-1,-1
73,22,32.89,181.96,279.08,682.43,0.92,-1,-1,-1
73,23,799.94,215.97,46.86,102.02,0.51,-1,-1,-1
73,9,1046.83,211.89,62.92,144.93,0.89,-1,-1,-1
73,26,567.43,241.16,32.37,76.24,0.62,-1,-1,-1
73,18,1265.33,242.08,16.30,39.74,0.38,-1,-1,-1
73,27,860.55,224.44,19.80,59.78,0.22,-1,-1,-1
73,8,248.42,213.77,187.84,537.24,0.82,-1,-1,-1
74,1,577.47,196.96,262.08,601.17,0.91,-1,-1,-1
74,2,305.85,102.69,336.62,858.54,0.86,-1,-1,-1
74,3,881.73,227.46,90.06,218.29,0.95,-1,-1,-1
74,5,970.29,202.56,65.00,165.97,0.92,-1,-1,-1
74,6,624.53,228.54,31.23,81.00,0.85,-1,-1,-1
74,13,605.55,241.76,23.35,71.29,0.84,-1,-1,-1
74,15,863.24,222.10,29.47,81.01,0.89,-1,-1,-1
74,12,1189.54,206.60,55.94,144.57,0.80,-1,-1,-1
74,20,895.06,228.04,20.83,62.72,0.83,-1,-1,-1
74,22,12.35,183.87,284.69,700.33,0.91,-1,-1,-1
74,23,800.06,215.87,53.47,102.84,0.58,-1,-1,-1
74,9,1047.80,212.39,63.03,144.96,0.90,-1,-1,-1
74,26,567.51,241.13,31.81,77.03,0.71,-1,-1,-1
74,18,1265.72,241.94,17.39,40.54,0.36,-1,-1,-1
74,27,861.14,224.94,19.79,59.75,0.25,-1,-1,-1
74,8,232.72,211.96,196.90,558.85,0.83,-1,-1,-1
75,1,580.48,197.31,260.49,607.74,0.92,-1,-1,-1
75,2,304.86,108.59,337.28,868.06,0.86,-1,-1,-1
75,3,870.51,229.58,98.94,218.38,0.94,-1,-1,-1
75,5,972.41,203.96,66.39,166.94,0.93,-1,-1,-1
75,6,624.38,229.72,31.47,79.13,0.86,-1,-1,-1
75,13,605.28,242.00,23.96,71.83,0.84,-1,-1,-1
75,15,863.88,222.14,29.74,81.77,0.88,-1,-1,-1
75,12,1191.50,206.82,56.10,145.26,0.81,-1,-1,-1
75,20,896.60,228.47,21.36,60.92,0.84,-1,-1,-1
75,22,-8.73,183.23,292.14,732.09,0.91,-1,-1,-1
75,23,800.12,216.26,53.10,101.72,0.69,-1,-1,-1
75,9,1049.94,213.51,63.08,144.33,0.90,-1,-1,-1
75,26,568.47,241.34,29.81,74.63,0.74,-1,-1,-1
75,18,1265.89,241.16,18.96,45.89,0.11,-1,-1,-1
75,27,861.04,224.60,21.00,60.45,0.39,-1,-1,-1
75,8,219.70,213.39,208.48,578.83,0.83,-1,-1,-1
75,28,662.40,235.57,19.80,55.80,0.74,-1,-1,-1
75,24,546.73,235.35,24.31,71.13,0.67,-1,-1,-1
76,1,578.87,198.12,264.40,608.45,0.92,-1,-1,-1
76,2,295.23,110.59,345.39,886.45,0.87,-1,-1,-1
76,3,857.93,231.09,109.48,218.31,0.94,-1,-1,-1
76,5,976.59,204.78,65.69,167.46,0.93,-1,-1,-1
76,6,624.16,230.57,31.53,78.05,0.88,-1,-1,-1
76,13,605.01,242.02,24.18,72.29,0.85,-1,-1,-1
76,15,864.70,222.34,29.82,82.23,0.88,-1,-1,-1
76,12,1191.43,206.94,58.46,145.81,0.80,-1,-1,-1
76,20,897.42,228.44,22.13,61.07,0.78,-1,-1,-1
76,22,-27.73,187.71,296.54,757.90,0.89,-1,-1,-1
76,23,800.76,218.24,52.83,100.55,0.70,-1,-1,-1
76,9,1051.20,213.75,63.05,144.89,0.90,-1,-1,-1
76,26,569.62,241.65,27.81,75.19,0.81,-1,-1,-1
76,27,861.57,224.14,21.43,61.25,0.40,-1,-1,-1
76,8,205.56,214.35,214.17,617.80,0.80,-1,-1,-1
76,28,661.96,235.72,21.26,57.29,0.82,-1,-1,-1
76,24,546.33,235.12,24.96,73.69,0.74,-1,-1,-1
77,1,586.25,198.82,259.89,612.41,0.92,-1,-1,-1
77,2,292.01,110.31,348.18,904.30,0.87,-1,-1,-1
77,3,850.79,233.14,114.21,217.43,0.94,-1,-1,-1
77,5,978.15,205.76,68.93,168.47,0.91,-1,-1,-1
77,6,624.34,231.60,30.96,77.36,0.88,-1,-1,-1
77,13,604.56,242.29,24.86,72.77,0.85,-1,-1,-1
77,15,865.31,222.69,30.43,81.83,0.89,-1,-1,-1
77,12,1192.64,207.23,59.34,145.07,0.82,-1,-1,-1
77,20,899.20,228.26,21.83,60.39,0.67,-1,-1,-1
77,22,-51.20,187.41,305.12,800.83,0.87,-1,-1,-1
77,23,801.00,219.26,50.93,101.64,0.65,-1,-1,-1
77,9,1051.68,213.84,64.24,145.72,0.90,-1,-1,-1
77,26,568.73,241.87,28.35,76.62,0.82,-1,-1,-1
77,27,862.34,225.59,19.82,57.86,0.33,-1,-1,-1
77,8,189.17,215.08,217.16,653.54,0.82,-1,-1,-1
77,28,661.49,236.11,21.55,56.57,0.83,-1,-1,-1
77,24,543.47,235.33,27.56,75.10,0.72,-1,-1,-1
78,1,587.12,198.13,261.78,616.98,0.92,-1,-1,-1
78,2,296.19,108.44,345.29,910.73,0.85,-1,-1,-1
78,3,846.42,234.68,116.10,218.23,0.93,-1,-1,-1
78,5,980.42,206.63,72.48,170.60,0.90,-1,-1,-1
78,6,623.89,231.90,31.35,77.07,0.88,-1,-1,-1
78,13,604.17,242.62,25.71,72.93,0.85,-1,-1,-1
78,15,866.14,222.99,30.08,81.64,0.90,-1,-1,-1
78,12,1194.78,207.41,59.68,145.32,0.81,-1,-1,-1
78,20,900.15,227.82,22.32,63.94,0.41,-1,-1,-1
78,22,-78.77,189.47,316.28,836.82,0.83,-1,-1,-1
78,23,802.01,219.22,52.57,105.59,0.65,-1,-1,-1
78,9,1054.18,214.14,63.52,146.26,0.87,-1,-1,-1
78,26,568.19,242.49,29.17,78.33,0.81,-1,-1,-1
78,27,863.20,226.11,21.03,58.68,0.38,-1,-1,-1
78,8,170.47,219.29,227.14,673.18,0.80,-1,-1,-1
78,28,661.08,237.45,22.33,56.27,0.82,-1,-1,-1
78,24,544.81,235.66,25.64,74.39,0.71,-1,-1,-1
79,1,587.98,196.53,263.53,622.85,0.92,-1,-1,-1
79,2,300.92,109.75,343.15,908.34,0.85,-1,-1,-1
79,3,844.58,235.62,115.27,218.58,0.94,-1,-1,-1
79,5,983.52,206.34,72.65,173.47,0.91,-1,-1,-1
79,6,623.66,231.29,31.48,77.89,0.87,-1,-1,-1
79,13,603.95,242.77,26.03,73.00,0.86,-1,-1,-1
79,15,866.99,223.18,29.91,81.28,0.89,-1,-1,-1
79,12,1194.97,207.64,60.94,144.85,0.83,-1,-1,-1
79,20,899.55,227.68,26.33,69.43,0.60,-1,-1,-1
79,22,-108.50,184.45,327.68,885.44,0.79,-1,-1,-1
79,23,802.33,219.64,47.86,106.57,0.37,-1,-1,-1
79,9,1053.87,213.93,64.41,147.67,0.89,-1,-1,-1
79,26,568.22,243.04,29.47,81.07,0.83,-1,-1,-1
79,27,863.46,225.80,22.03,58.38,0.30,-1,-1,-1
79,8,150.00,220.49,224.77,683.70,0.81,-1,-1,-1
79,28,659.59,237.91,23.88,56.20,0.82,-1,-1,-1
79,24,541.91,235.63,28.45,78.04,0.73,-1,-1,-1
80,1,582.76,195.87,272.04,625.34,0.93,-1,-1,-1
80,2,297.91,108.30,348.74,917.07,0.86,-1,-1,-1
80,3,843.17,236.10,114.04,217.95,0.94,-1,-1,-1
80,5,982.34,205.15,79.74,176.40,0.93,-1,-1,-1
80,6,624.00,232.38,31.54,76.45,0.89,-1,-1,-1
80,13,604.55,242.82,26.75,72.46,0.87,-1,-1,-1
80,15,866.67,223.15,31.65,82.16,0.89,-1,-1,-1
80,12,1198.13,207.77,60.26,148.42,0.84,-1,-1,-1
80,20,900.19,227.46,26.43,68.70,0.35,-1,-1,-1
80,22,-141.36,186.55,340.09,941.60,0.78,-1,-1,-1
80,23,802.38,217.62,47.19,117.58,0.69,-1,-1,-1
80,9,1056.19,214.12,65.97,147.68,0.90,-1,-1,-1
80,26,568.63,243.53,29.61,83.92,0.83,-1,-1,-1
80,27,863.51,226.56,17.74,44.22,0.62,-1,-1,-1
80,8,126.41,222.96,229.19,663.16,0.86,-1,-1,-1
80,28,658.02,238.18,25.04,54.58,0.85,-1,-1,-1
80,24,538.35,235.90,31.18,77.96,0.78,-1,-1,-1
81,1,582.39,194.59,276.73,626.68,0.93,-1,-1,-1
81,2,302.48,109.73,348.81,917.09,0.86,-1,-1,-1
81,3,842.07,236.04,113.08,218.04,0.93,-1,-1,-1
81,5,983.54,205.54,82.33,176.95,0.93,-1,-1,-1
81,6,624.50,232.91,31.54,75.81,0.89,-1,-1,-1
81,13,604.89,242.93,26.99,72.16,0.87,-1,-1,-1
81,15,866.63,223.24,32.26,81.94,0.87,-1,-1,-1
81,12,1199.59,207.66,61.09,151.87,0.82,-1,-1,-1
81,20,903.92,227.54,21.76,61.38,0.44,-1,-1,-1
81,22,-159.29,197.76,336.52,941.77,0.72,-1,-1,-1
81,23,803.14,217.25,45.70,111.52,0.67,-1,-1,-1
81,9,1057.49,214.42,67.67,148.07,0.90,-1,-1,-1
81,26,569.21,243.96,29.64,85.19,0.83,-1,-1,-1
81,27,864.14,227.44,15.25,37.94,0.57,-1,-1,-1
81,8,116.83,227.24,227.42,646.43,0.85,-1,-1,-1
81,28,657.49,238.20,24.81,53.65,0.84,-1,-1,-1
81,24,537.99,235.98,31.66,76.89,0.78,-1,-1,-1
82,1,583.48,193.97,279.61,628.63,0.93,-1,-1,-1
82,2,297.04,108.85,359.87,924.00,0.86,-1,-1,-1
82,3,845.40,235.42,105.55,217.76,0.94,-1,-1,-1
82,5,986.23,205.26,82.15,177.67,0.93,-1,-1,-1
82,6,624.72,233.26,31.53,75.27,0.89,-1,-1,-1
82,13,605.05,242.84,27.67,72.04,0.87,-1,-1,-1
82,15,868.37,223.36,31.31,79.23,0.80,-1,-1,-1
82,12,1203.04,207.35,60.21,161.12,0.84,-1,-1,-1
82,20,906.63,227.13,19.77,56.60,0.23,-1,-1,-1
82,22,-179.26,207.88,330.11,934.93,0.67,-1,-1,-1
82,23,803.43,215.92,46.37,112.16,0.61,-1,-1,-1
82,9,1057.94,214.48,68.30,148.27,0.90,-1,-1,-1
82,26,569.16,244.13,30.85,86.24,0.82,-1,-1,-1
82,27,864.31,227.71,15.12,36.50,0.54,-1,-1,-1
82,8,102.60,227.97,239.96,654.65,0.87,-1,-1,-1
82,28,657.04,238.35,24.66,53.37,0.83,-1,-1,-1
82,24,538.78,236.17,30.65,76.75,0.78,-1,-1,-1
83,1,585.74,191.39,281.37,631.00,0.93,-1,-1,-1
83,2,293.90,109.52,368.84,934.83,0.86,-1,-1,-1
83,3,851.91,234.71,92.27,217.34,0.92,-1,-1,-1
83,5,989.62,204.07,80.88,179.06,0.92,-1,-1,-1
83,6,624.87,232.80,30.94,75.68,0.89,-1,-1,-1
83,13,605.76,242.97,26.18,71.69,0.86,-1,-1,-1
83,15,871.19,223.38,29.15,73.35,0.75,-1,-1,-1
83,12,1206.20,206.98,59.87,166.92,0.83,-1,-1,-1
83,22,-204.38,206.18,320.60,968.58,0.49,-1,-1,-1
83,23,803.59,214.68,46.64,120.07,0.64,-1,-1,-1
83,9,1059.94,213.99,68.57,149.06,0.89,-1,-1,-1
83,26,569.50,244.22,30.14,86.61,0.82,-1,-1,-1
83,27,865.38,228.26,14.46,34.97,0.44,-1,-1,-1
83,8,86.32,224.52,248.46,691.83,0.89,-1,-1,-1
83,28,656.97,238.25,24.59,53.61,0.81,-1,-1,-1
83,24,539.45,236.12,29.64,76.38,0.78,-1,-1,-1
84,1,587.73,190.42,282.51,632.94,0.92,-1,-1,-1
84,2,289.20,111.59,377.80,944.84,0.87,-1,-1,-1
84,3,852.14,233.02,84.71,217.06,0.92,-1,-1,-1
84,5,997.47,202.56,75.59,181.44,0.92,-1,-1,-1
84,6,624.55,232.65,30.72,75.89,0.89,-1,-1,-1
84,13,605.63,243.20,26.16,71.31,0.86,-1,-1,-1
84,15,873.21,223.10,27.69,70.21,0.74,-1,-1,-1
84,12,1210.57,206.88,57.33,158.49,0.80,-1,-1,-1
84,22,-256.29,200.18,336.99,983.14,0.14,-1,-1,-1
84,23,805.18,214.86,46.74,125.40,0.69,-1,-1,-1
84,9,1062.02,213.43,68.64,150.11,0.89,-1,-1,-1
84,26,569.21,243.82,30.45,87.37,0.82,-1,-1,-1
84,27,866.40,228.88,14.25,33.94,0.51,-1,-1,-1
84,8,67.06,219.74,259.30,720.92,0.89,-1,-1,-1
84,28,656.92,238.25,23.33,53.13,0.81,-1,-1,-1
84,24,539.59,235.96,29.82,76.28,0.78,-1,-1,-1
85,1,588.70,189.04,284.00,636.53,0.92,-1,-1,-1
85,2,285.26,110.39,385.28,957.83,0.86,-1,-1,-1
85,3,850.62,232.08,79.97,216.01,0.92,-1,-1,-1
85,5,1005.64,201.18,69.81,183.65,0.92,-1,-1,-1
85,6,624.34,232.44,30.03,75.66,0.89,-1,-1,-1
85,13,605.49,243.14,26.16,71.46,0.85,-1,-1,-1
85,15,873.45,222.77,29.00,72.31,0.48,-1,-1,-1
85,12,1214.36,206.38,56.33,151.63,0.81,-1,-1,-1
85,23,805.63,213.86,46.78,129.81,0.53,-1,-1,-1
85,9,1067.33,213.36,65.08,150.46,0.88,-1,-1,-1
85,26,568.43,243.22,30.56,88.50,0.82,-1,-1,-1
85,27,866.91,228.76,14.83,34.48,0.39,-1,-1,-1
85,8,38.28,215.97,274.80,756.79,0.86,-1,-1,-1
85,28,656.84,237.94,22.82,52.97,0.78,-1,-1,-1
85,24,539.87,235.91,29.28,74.72,0.77,-1,-1,-1
86,1,590.18,186.09,284.58,641.75,0.92,-1,-1,-1
86,2,273.38,103.86,400.56,989.26,0.85,-1,-1,-1
86,3,846.68,230.87,76.87,216.52,0.91,-1,-1,-1
86,5,1011.53,200.76,66.44,183.92,0.92,-1,-1,-1
86,6,624.20,232.29,29.78,75.88,0.89,-1,-1,-1
86,13,605.68,243.04,26.16,71.81,0.85,-1,-1,-1
86,15,875.57,223.22,27.70,69.06,0.31,-1,-1,-1
86,12,1216.83,206.05,55.98,150.24,0.81,-1,-1,-1
86,23,805.72,214.10,46.21,130.31,0.59,-1,-1,-1
86,9,1071.67,213.06,62.49,150.85,0.89,-1,-1,-1
86,26,568.07,242.93,30.62,88.60,0.83,-1,-1,-1
86,27,867.63,228.83,14.44,34.47,0.40,-1,-1,-1
86,8,15.55,214.81,284.42,789.23,0.86,-1,-1,-1
86,28,656.78,237.89,22.64,53.54,0.77,-1,-1,-1
86,24,540.23,235.98,28.47,73.21,0.77,-1,-1,-1
87,1,590.47,184.11,287.70,649.67,0.92,-1,-1,-1
87,2,261.76,103.13,415.47,1009.88,0.83,-1,-1,-1
87,3,842.64,230.74,78.74,217.07,0.92,-1,-1,-1
87,5,1014.19,198.34,66.46,186.74,0.89,-1,-1,-1
87,6,624.18,232.09,29.70,75.98,0.89,-1,-1,-1
87,13,606.67,243.17,26.16,71.66,0.85,-1,-1,-1
87,15,878.23,223.19,26.57,64.88,0.47,-1,-1,-1
87,12,1217.78,205.96,57.06,147.05,0.80,-1,-1,-1
87,23,805.50,213.29,47.81,140.32,0.54,-1,-1,-1
87,9,1074.50,212.83,61.55,151.31,0.87,-1,-1,-1
87,26,567.66,242.68,31.23,88.93,0.83,-1,-1,-1
87,27,868.24,229.02,14.31,35.78,0.53,-1,-1,-1
87,8,-24.40,211.59,308.77,820.54,0.80,-1,-1,-1
87,28,656.21,237.58,21.96,53.16,0.72,-1,-1,-1
87,24,540.68,235.71,27.55,72.66,0.78,-1,-1,-1
88,1,590.02,183.22,291.02,653.03,0.92,-1,-1,-1
88,2,254.93,95.86,423.15,1018.17,0.85,-1,-1,-1
88,3,827.45,229.46,92.60,218.43,0.82,-1,-1,-1
88,5,1018.55,197.22,65.23,189.08,0.91,-1,-1,-1
88,6,624.21,232.12,29.05,76.29,0.89,-1,-1,-1
88,13,606.77,242.87,26.74,71.87,0.86,-1,-1,-1
88,15,877.85,222.84,27.39,68.41,0.64,-1,-1,-1
88,12,1222.63,205.58,56.24,148.89,0.78,-1,-1,-1
88,23,805.96,213.96,48.37,139.16,0.66,-1,-1,-1
88,9,1077.73,213.04,59.96,151.11,0.87,-1,-1,-1
88,26,567.27,242.23,31.45,88.98,0.83,-1,-1,-1
88,27,869.59,228.60,14.88,38.69,0.30,-1,-1,-1
88,8,-61.09,203.52,330.74,873.79,0.77,-1,-1,-1
88,28,655.41,237.26,21.70,53.62,0.77,-1,-1,-1
88,24,540.00,235.41,27.79,72.74,0.80,-1,-1,-1
89,1,587.46,182.08,296.25,666.19,0.91,-1,-1,-1
89,2,242.90,89.91,436.80,1057.40,0.86,-1,-1,-1
89,3,832.28,231.02,88.84,218.26,0.88,-1,-1,-1
89,5,1022.33,196.88,67.21,191.07,0.89,-1,-1,-1
89,6,624.20,231.72,28.80,76.99,0.89,-1,-1,-1
89,13,607.08,243.24,26.94,71.64,0.87,-1,-1,-1
89,15,879.42,222.77,25.87,69.60,0.61,-1,-1,-1
89,12,1230.25,205.14,51.08,147.37,0.66,-1,-1,-1
89,23,807.24,214.60,46.78,132.64,0.51,-1,-1,-1
89,9,1079.93,212.89,60.60,151.28,0.88,-1,-1,-1
89,26,567.11,242.25,32.10,89.56,0.83,-1,-1,-1
89,8,-104.17,190.57,354.24,949.92,0.70,-1,-1,-1
89,28,655.12,237.19,21.60,54.09,0.79,-1,-1,-1
89,24,539.75,235.49,28.47,72.16,0.80,-1,-1,-1
90,1,589.33,183.46,297.64,674.81,0.90,-1,-1,-1
90,2,236.44,88.25,444.56,1072.94,0.84,-1,-1,-1
90,3,826.33,231.05,95.65,220.68,0.91,-1,-1,-1
90,5,1026.05,197.11,76.33,195.09,0.91,-1,-1,-1
90,6,623.81,232.35,28.73,76.68,0.89,-1,-1,-1
90,13,606.81,243.41,27.61,71.58,0.86,-1,-1,-1
90,15,880.58,222.79,25.30,71.01,0.70,-1,-1,-1
90,12,1231.84,205.02,51.64,151.67,0.58,-1,-1,-1
90,23,807.70,216.84,45.56,119.55,0.46,-1,-1,-1
90,9,1083.14,212.73,59.65,152.27,0.87,-1,-1,-1
90,26,566.65,242.00,32.95,90.37,0.82,-1,-1,-1
90,8,-124.76,200.39,357.36,956.12,0.77,-1,-1,-1
90,28,654.96,237.34,20.96,54.29,0.81,-1,-1,-1
90,24,539.55,235.70,28.72,71.07,0.80,-1,-1,-1
90,20,915.03,227.11,24.59,62.92,0.74,-1,-1,-1
91,1,592.86,184.73,293.52,681.73,0.91,-1,-1,-1
91,2,226.80,86.31,455.15,1089.67,0.83,-1,-1,-1
91,3,826.47,232.37,96.43,222.26,0.90,-1,-1,-1
91,5,1029.74,198.33,84.29,197.24,0.92,-1,-1,-1
91,6,623.54,233.01,28.72,76.30,0.88,-1,-1,-1
91,13,606.84,244.65,27.88,70.98,0.86,-1,-1,-1
91,15,881.23,223.19,25.13,71.59,0.72,-1,-1,-1
91,12,1234.29,204.90,50.65,154.21,0.48,-1,-1,-1
91,23,804.46,215.63,49.39,118.84,0.54,-1,-1,-1
91,9,1084.90,212.90,60.57,152.70,0.84,-1,-1,-1
91,26,565.14,242.48,35.64,90.41,0.83,-1,-1,-1
91,8,-161.15,196.69,373.40,994.48,0.75,-1,-1,-1
91,28,654.20,237.67,20.74,54.09,0.79,-1,-1,-1
91,24,539.30,235.75,28.24,71.61,0.79,-1,-1,-1
91,20,917.28,227.27,24.01,64.74,0.49,-1,-1,-1
92,1,596.01,189.95,289.95,675.21,0.92,-1,-1,-1
92,2,231.33,96.20,448.53,1068.42,0.82,-1,-1,-1
92,3,829.06,234.64,93.12,221.91,0.91,-1,-1,-1
92,5,1031.62,198.44,89.73,199.64,0.93,-1,-1,-1
92,6,623.45,233.22,28.12,76.44,0.88,-1,-1,-1
92,13,606.86,244.93,27.97,70.75,0.86,-1,-1,-1
92,15,881.40,223.62,25.68,71.81,0.77,-1,-1,-1
92,12,1234.35,204.71,52.74,168.21,0.39,-1,-1,-1
92,23,807.63,215.66,47.83,127.94,0.42,-1,-1,-1
92,9,1086.60,212.96,60.90,153.41,0.84,-1,-1,-1
92,26,565.15,242.48,36.07,90.08,0.85,-1,-1,-1
92,28,653.95,237.61,20.05,53.71,0.82,-1,-1,-1
92,24,539.54,235.89,27.44,73.31,0.82,-1,-1,-1
92,20,918.95,227.25,22.87,64.28,0.76,-1,-1,-1
93,1,594.88,193.74,290.83,684.75,0.90,-1,-1,-1
93,2,222.13,99.55,459.24,1093.49,0.81,-1,-1,-1
93,3,825.16,236.06,96.27,223.19,0.90,-1,-1,-1
93,5,1034.46,200.55,90.71,200.12,0.93,-1,-1,-1
93,6,622.90,232.96,27.28,77.07,0.87,-1,-1,-1
93,13,606.36,244.84,28.58,71.54,0.86,-1,-1,-1
93,15,881.72,223.60,26.48,73.97,0.75,-1,-1,-1
93,12,1238.97,204.49,52.30,173.65,0.22,-1,-1,-1
93,23,809.25,215.80,46.57,135.29,0.21,-1,-1,-1
93,9,1087.67,213.41,61.01,153.91,0.84,-1,-1,-1
93,26,564.41,242.89,38.54,89.60,0.86,-1,-1,-1
93,28,653.96,237.70,19.18,53.56,0.78,-1,-1,-1
93,24,540.06,236.35,25.91,73.63,0.84,-1,-1,-1
93,20,920.73,227.44,23.00,65.45,0.71,-1,-1,-1
94,1,599.50,196.87,283.29,686.41,0.91,-1,-1,-1
94,2,230.95,100.46,448.21,1103.41,0.79,-1,-1,-1
94,3,821.12,237.27,97.69,223.95,0.91,-1,-1,-1
94,5,1036.00,200.89,93.30,202.44,0.93,-1,-1,-1
94,6,622.39,233.24,27.59,77.30,0.86,-1,-1,-1
94,13,606.16,244.88,28.80,72.14,0.86,-1,-1,-1
94,15,881.20,223.62,27.98,75.15,0.76,-1,-1,-1
94,23,809.22,215.51,49.71,151.20,0.48,-1,-1,-1
94,9,1088.57,213.70,62.25,154.67,0.82,-1,-1,-1
94,26,564.41,243.27,38.89,94.18,0.86,-1,-1,-1
94,28,653.98,237.51,18.25,53.50,0.75,-1,-1,-1
94,24,540.25,236.31,25.96,75.24,0.84,-1,-1,-1
94,20,921.33,227.40,23.64,65.51,0.69,-1,-1,-1
95,1,595.45,199.48,286.38,691.94,0.91,-1,-1,-1
95,2,221.49,95.91,456.52,1134.23,0.81,-1,-1,-1
95,3,817.24,238.24,99.59,224.32,0.91,-1,-1,-1
95,5,1039.01,200.32,94.45,206.66,0.93,-1,-1,-1
95,6,622.20,234.68,27.77,75.99,0.87,-1,-1,-1
95,13,605.74,245.05,28.93,72.74,0.85,-1,-1,-1
95,15,880.11,224.40,29.77,75.10,0.83,-1,-1,-1
95,23,808.81,216.02,49.79,147.91,0.16,-1,-1,-1
95,9,1088.50,214.21,65.23,155.42,0.81,-1,-1,-1
95,26,564.31,244.04,38.50,96.27,0.87,-1,-1,-1
95,28,653.45,237.73,17.98,53.25,0.66,-1,-1,-1
95,24,539.91,236.76,26.04,76.23,0.84,-1,-1,-1
95,20,922.46,227.64,24.80,65.65,0.80,-1,-1,-1
96,1,592.39,198.42,285.76,695.15,0.91,-1,-1,-1
96,2,211.17,89.76,468.16,1153.57,0.81,-1,-1,-1
96,3,817.70,238.26,95.96,224.42,0.90,-1,-1,-1
96,5,1042.85,200.35,93.47,207.76,0.94,-1,-1,-1
96,6,622.38,235.56,27.18,74.82,0.87,-1,-1,-1
96,13,606.13,245.13,28.32,72.62,0.85,-1,-1,-1
96,15,879.38,224.35,30.98,79.40,0.83,-1,-1,-1
96,23,809.60,218.13,47.90,143.49,0.19,-1,-1,-1
96,9,1090.60,214.30,63.87,148.03,0.78,-1,-1,-1
96,26,564.59,244.32,37.65,97.57,0.87,-1,-1,-1
96,28,653.16,237.41,17.86,53.72,0.74,-1,-1,-1
96,24,540.09,236.92,26.02,76.25,0.84,-1,-1,-1
96,20,923.41,227.39,25.19,66.15,0.81,-1,-1,-1
97,1,585.59,199.43,290.98,696.95,0.90,-1,-1,-1
97,2,210.94,88.43,465.49,1166.68,0.81,-1,-1,-1
97,3,815.13,237.74,94.53,225.34,0.90,-1,-1,-1
97,5,1046.06,200.22,97.73,209.95,0.91,-1,-1,-1
97,6,621.61,235.99,28.19,74.39,0.85,-1,-1,-1
97,13,606.95,245.41,27.49,72.27,0.84,-1,-1,-1
97,15,878.28,224.48,32.04,81.95,0.84,-1,-1,-1
97,23,807.55,216.81,59.28,181.55,0.37,-1,-1,-1
97,9,1091.41,212.79,64.54,156.82,0.76,-1,-1,-1
97,26,564.48,244.98,37.90,98.33,0.86,-1,-1,-1
97,28,653.13,237.69,17.22,53.90,0.64,-1,-1,-1
97,24,539.92,236.95,25.42,76.54,0.83,-1,-1,-1
97,20,924.40,227.60,25.33,66.09,0.80,-1,-1,-1
98,1,582.71,200.18,289.76,695.53,0.90,-1,-1,-1
98,2,204.37,87.15,468.00,1173.85,0.80,-1,-1,-1
98,3,813.58,236.60,89.71,223.84,0.91,-1,-1,-1
98,5,1051.69,198.19,99.25,212.37,0.93,-1,-1,-1
98,6,621.28,236.09,27.36,74.23,0.85,-1,-1,-1
98,13,607.51,245.91,27.15,71.52,0.84,-1,-1,-1
98,15,877.43,224.43,33.58,83.12,0.86,-1,-1,-1
98,23,808.67,216.56,58.75,169.54,0.27,-1,-1,-1
98,9,1093.27,212.94,63.55,158.52,0.62,-1,-1,-1
98,26,564.70,245.01,37.96,98.85,0.84,-1,-1,-1
98,24,539.53,236.89,25.19,76.32,0.82,-1,-1,-1
98,20,925.79,227.61,25.36,66.26,0.82,-1,-1,-1
99,1,573.84,198.93,294.82,694.28,0.89,-1,-1,-1
99,2,196.39,74.15,471.56,1203.82,0.83,-1,-1,-1
99,3,808.93,235.53,86.72,222.11,0.89,-1,-1,-1
99,5,1058.57,196.10,96.33,215.13,0.93,-1,-1,-1
99,6,620.56,235.79,26.45,74.50,0.84,-1,-1,-1
99,13,608.00,246.23,26.44,70.95,0.81,-1,-1,-1
99,15,876.88,224.01,36.50,85.11,0.87,-1,-1,-1
99,23,808.35,215.05,61.35,174.45,0.34,-1,-1,-1
99,9,1095.86,212.12,62.00,161.20,0.24,-1,-1,-1
99,26,564.18,244.43,37.99,99.64,0.85,-1,-1,-1
99,24,539.04,236.71,25.12,76.55,0.83,-1,-1,-1
99,20,928.15,227.71,25.37,67.21,0.77,-1,-1,-1
100,1,564.43,194.53,299.59,703.99,0.89,-1,-1,-1
100,2,191.93,75.52,472.46,1195.56,0.83,-1,-1,-1
100,3,804.90,233.85,84.42,222.52,0.91,-1,-1,-1
100,5,1067.48,193.99,91.48,217.66,0.93,-1,-1,-1
100,6,620.39,235.94,26.12,73.06,0.80,-1,-1,-1
100,13,608.28,245.70,26.17,69.50,0.75,-1,-1,-1
100,15,876.32,223.84,36.48,85.43,0.89,-1,-1,-1
100,23,807.63,214.93,59.44,171.57,0.10,-1,-1,-1
100,9,1108.67,212.62,50.52,142.25,0.18,-1,-1,-1
100,26,564.41,244.31,36.79,98.95,0.85,-1,-1,-1
100,24,538.70,236.62,25.11,76.59,0.83,-1,-1,-1
100,20,929.52,227.75,25.36,66.70,0.77,-1,-1,-1
101,1,555.43,191.47,303.82,712.50,0.90,-1,-1,-1
101,2,186.55,71.87,472.73,1204.67,0.82,-1,-1,-1
101,3,801.98,233.06,84.24,220.09,0.93,-1,-1,-1
101,5,1078.00,190.97,90.80,221.32,0.94,-1,-1,-1
101,6,619.00,233.38,24.80,72.56,0.71,-1,-1,-1
101,13,608.54,245.32,25.47,68.09,0.70,-1,-1,-1
101,15,875.79,223.54,36.44,85.92,0.89,-1,-1,-1
101,26,564.05,243.19,36.32,99.60,0.84,-1,-1,-1
101,24,538.11,236.40,25.72,76.63,0.82,-1,-1,-1
101,20,931.19,227.91,24.16,66.81,0.81,-1,-1,-1
101,29,893.70,232.65,29.70,57.15,0.77,-1,-1,-1
101,30,485.55,224.32,41.40,117.00,0.71,-1,-1,-1
102,1,548.01,187.97,309.51,720.19,0.90,-1,-1,-1
102,2,183.50,71.24,468.92,1200.88,0.80,-1,-1,-1
102,3,798.32,232.33,85.43,219.42,0.94,-1,-1,-1
102,5,1088.88,189.03,90.52,224.59,0.92,-1,-1,-1
102,6,617.63,230.65,24.94,73.89,0.49,-1,-1,-1
102,13,609.30,245.51,24.61,65.74,0.66,-1,-1,-1
102,15,875.88,223.22,36.39,86.58,0.89,-1,-1,-1
102,26,563.99,243.24,34.34,96.52,0.82,-1,-1,-1
102,24,537.35,236.05,25.95,77.22,0.84,-1,-1,-1
102,20,932.98,227.91,23.68,67.05,0.82,-1,-1,-1
102,29,897.36,233.58,26.86,56.14,0.80,-1,-1,-1
102,30,486.52,224.26,40.01,111.30,0.70,-1,-1,-1
103,1,542.86,187.94,309.81,720.69,0.90,-1,-1,-1
103,2,176.97,55.59,470.27,1216.83,0.77,-1,-1,-1
103,3,794.44,232.54,87.69,219.65,0.92,-1,-1,-1
103,5,1095.65,187.57,92.78,228.70,0.94,-1,-1,-1
103,13,609.43,245.01,24.92,66.39,0.75,-1,-1,-1
103,15,876.54,222.89,36.35,86.96,0.88,-1,-1,-1
103,26,563.26,242.73,33.58,94.94,0.81,-1,-1,-1
103,24,537.59,236.14,25.44,76.79,0.82,-1,-1,-1
103,20,933.58,227.38,24.72,67.45,0.81,-1,-1,-1
103,29,898.46,233.23,26.65,55.93,0.83,-1,-1,-1
103,30,484.34,223.94,41.86,114.38,0.68,-1,-1,-1
104,1,536.31,187.72,311.04,719.03,0.90,-1,-1,-1
104,2,167.96,55.99,474.54,1231.68,0.78,-1,-1,-1
104,3,791.49,232.18,87.96,220.51,0.92,-1,-1,-1
104,5,1099.28,186.66,97.17,234.34,0.94,-1,-1,-1
104,13,609.53,243.74,23.22,65.78,0.45,-1,-1,-1
104,15,877.02,222.71,35.73,87.51,0.88,-1,-1,-1
104,26,562.13,242.04,32.71,93.21,0.81,-1,-1,-1
104,24,537.11,236.12,25.85,77.87,0.82,-1,-1,-1
104,20,934.33,227.74,23.91,66.53,0.73,-1,-1,-1
104,29,900.51,233.83,25.49,55.51,0.81,-1,-1,-1
104,30,481.49,223.67,43.82,114.07,0.63,-1,-1,-1
105,1,531.92,188.21,311.38,716.84,0.89,-1,-1,-1
105,2,154.50,58.85,478.36,1232.77,0.80,-1,-1,-1
105,3,784.14,231.51,94.06,222.54,0.91,-1,-1,-1
105,5,1101.16,185.28,105.82,240.19,0.93,-1,-1,-1
105,13,607.66,239.39,25.08,72.21,0.20,-1,-1,-1
105,15,877.68,222.62,34.86,87.43,0.89,-1,-1,-1
105,26,561.42,242.32,32.39,88.59,0.80,-1,-1,-1
105,24,537.25,236.49,25.41,78.53,0.84,-1,-1,-1
105,20,935.31,227.62,23.58,66.42,0.72,-1,-1,-1
105,29,902.23,233.87,24.80,54.67,0.84,-1,-1,-1
105,30,478.67,223.74,45.72,114.05,0.53,-1,-1,-1
106,1,525.23,189.02,313.73,715.81,0.90,-1,-1,-1
106,2,141.81,60.07,486.68,1250.38,0.84,-1,-1,-1
106,3,780.72,232.32,95.11,222.68,0.92,-1,-1,-1
106,5,1103.28,185.40,113.67,242.61,0.92,-1,-1,-1
106,15,877.46,222.60,35.11,87.35,0.89,-1,-1,-1
106,26,560.73,242.58,32.89,88.70,0.78,-1,-1,-1
106,24,537.17,236.32,24.63,79.36,0.84,-1,-1,-1
106,20,937.25,227.67,23.45,66.00,0.55,-1,-1,-1
106,29,904.90,233.37,23.60,55.40,0.84,-1,-1,-1
106,30,477.67,223.34,45.67,118.33,0.62,-1,-1,-1
107,1,515.91,182.82,319.86,739.71,0.89,-1,-1,-1
107,2,115.73,49.85,507.06,1289.59,0.84,-1,-1,-1
107,3,777.22,234.23,99.80,222.79,0.89,-1,-1,-1
107,5,1106.43,186.86,122.65,244.07,0.93,-1,-1,-1
107,15,878.03,222.71,34.66,87.84,0.89,-1,-1,-1
107,26,558.62,243.18,34.95,90.61,0.81,-1,-1,-1
107,24,536.46,236.64,25.00,79.99,0.85,-1,-1,-1
107,20,939.23,227.39,22.25,65.24,0.33,-1,-1,-1
107,29,907.08,233.20,23.28,55.67,0.83,-1,-1,-1
107,30,475.15,223.42,48.14,121.98,0.81,-1,-1,-1
108,1,505.66,182.19,325.17,757.61,0.89,-1,-1,-1
108,2,93.16,50.69,521.34,1306.90,0.85,-1,-1,-1
108,3,773.15,236.14,91.50,222.44,0.88,-1,-1,-1
108,5,1111.43,188.58,128.26,245.68,0.93,-1,-1,-1
108,15,877.98,222.65,35.02,88.27,0.90,-1,-1,-1
108,26,557.43,243.45,36.25,92.80,0.81,-1,-1,-1
108,24,535.79,236.63,25.10,80.18,0.85,-1,-1,-1
108,20,939.90,226.90,21.75,65.84,0.47,-1,-1,-1
108,29,909.66,233.03,21.88,56.06,0.84,-1,-1,-1
108,30,474.83,223.40,48.32,127.73,0.84,-1,-1,-1
108,23,806.89,210.40,56.19,163.87,0.62,-1,-1,-1
108,9,1101.55,211.60,80.02,166.62,0.80,-1,-1,-1
109,1,500.51,190.04,326.83,759.22,0.89,-1,-1,-1
109,2,76.12,52.37,534.65,1317.43,0.85,-1,-1,-1
109,3,772.08,237.56,88.76,223.21,0.90,-1,-1,-1
109,5,1114.63,190.41,136.25,249.53,0.94,-1,-1,-1
109,15,878.28,222.56,35.18,89.07,0.90,-1,-1,-1
109,26,555.91,244.27,37.96,97.56,0.79,-1,-1,-1
109,24,535.34,236.91,24.56,80.59,0.85,-1,-1,-1
109,20,938.93,227.24,24.04,65.82,0.24,-1,-1,-1
109,29,912.08,233.36,20.48,56.86,0.84,-1,-1,-1
109,30,473.95,224.04,48.36,123.35,0.83,-1,-1,-1
109,23,809.79,210.63,53.30,158.23,0.50,-1,-1,-1
109,9,1101.67,211.48,82.99,169.27,0.83,-1,-1,-1
110,1,491.18,195.35,333.05,765.35,0.88,-1,-1,-1
110,2,81.59,52.96,516.02,1317.05,0.87,-1,-1,-1
110,3,768.81,237.98,88.92,223.76,0.90,-1,-1,-1
110,5,1119.14,190.23,139.26,254.68,0.93,-1,-1,-1
110,15,878.70,222.83,35.20,89.26,0.91,-1,-1,-1
110,26,555.73,244.74,38.00,100.21,0.81,-1,-1,-1
110,24,535.29,237.16,23.73,80.72,0.85,-1,-1,-1
110,29,914.40,233.11,19.72,57.74,0.84,-1,-1,-1
110,30,472.93,224.59,48.28,126.94,0.87,-1,-1,-1
110,23,815.35,212.97,46.79,137.70,0.14,-1,-1,-1
110,9,1102.79,211.14,79.57,170.77,0.82,-1,-1,-1
111,1,491.06,190.46,329.28,795.76,0.88,-1,-1,-1
111,2,65.32,55.17,520.79,1325.13,0.87,-1,-1,-1
111,3,765.49,237.19,89.41,223.84,0.90,-1,-1,-1
111,5,1123.93,190.16,141.17,258.02,0.93,-1,-1,-1
111,15,878.90,223.10,35.13,88.60,0.90,-1,-1,-1
111,26,555.57,245.67,36.73,99.63,0.79,-1,-1,-1
111,24,534.82,237.14,23.99,80.65,0.84,-1,-1,-1
111,29,915.70,233.34,19.48,57.69,0.83,-1,-1,-1
111,30,472.57,224.75,48.09,125.88,0.87,-1,-1,-1
111,9,1103.00,211.86,80.12,170.76,0.88,-1,-1,-1
112,1,486.67,195.68,331.59,799.89,0.88,-1,-1,-1
112,2,44.97,52.31,535.08,1342.64,0.86,-1,-1,-1
112,3,761.01,237.37,93.43,226.19,0.90,-1,-1,-1
112,5,1132.91,189.34,138.69,262.34,0.93,-1,-1,-1
112,15,879.01,223.32,35.79,88.42,0.91,-1,-1,-1
112,26,554.01,246.37,38.73,101.25,0.79,-1,-1,-1
112,24,534.32,237.47,24.16,81.29,0.84,-1,-1,-1
112,29,917.41,233.24,19.48,57.72,0.83,-1,-1,-1
112,30,471.16,225.18,48.73,125.81,0.88,-1,-1,-1
112,9,1105.12,212.42,79.33,171.12,0.88,-1,-1,-1
113,1,489.64,202.24,327.27,796.53,0.89,-1,-1,-1
113,2,15.22,49.96,556.04,1366.13,0.86,-1,-1,-1
113,3,757.08,237.72,89.69,224.61,0.90,-1,-1,-1
113,5,1142.67,187.87,134.10,265.89,0.94,-1,-1,-1
113,15,879.93,223.28,35.46,88.39,0.91,-1,-1,-1
113,26,552.59,246.53,37.16,100.92,0.83,-1,-1,-1
113,24,534.16,237.65,24.25,81.52,0.85,-1,-1,-1
113,29,918.54,233.43,19.52,57.72,0.83,-1,-1,-1
113,30,470.09,225.40,49.57,126.00,0.87,-1,-1,-1
113,9,1107.10,212.68,77.82,171.43,0.91,-1,-1,-1
114,1,480.50,203.70,335.19,801.33,0.88,-1,-1,-1
114,2,-3.79,47.07,570.39,1379.36,0.86,-1,-1,-1
114,3,753.11,237.09,85.01,222.42,0.92,-1,-1,-1
114,5,1156.21,185.58,122.47,269.09,0.94,-1,-1,-1
114,15,880.30,223.01,35.87,88.64,0.91,-1,-1,-1
114,26,551.35,246.63,36.44,100.44,0.83,-1,-1,-1
114,24,533.70,237.46,24.85,81.56,0.85,-1,-1,-1
114,29,920.40,233.42,20.46,57.99,0.78,-1,-1,-1
114,30,469.09,225.67,50.38,125.82,0.86,-1,-1,-1
114,9,1108.94,211.89,78.20,173.49,0.91,-1,-1,-1
115,1,468.46,202.07,346.17,805.44,0.88,-1,-1,-1
115,2,-19.50,46.53,579.15,1381.87,0.85,-1,-1,-1
115,3,749.71,235.00,80.78,224.27,0.92,-1,-1,-1
115,5,1165.89,182.68,115.34,273.99,0.93,-1,-1,-1
115,15,881.32,222.98,35.40,88.78,0.91,-1,-1,-1
115,26,549.78,246.29,36.75,102.00,0.84,-1,-1,-1
115,24,533.62,237.32,25.06,81.54,0.85,-1,-1,-1
115,29,921.02,234.16,23.20,57.47,0.84,-1,-1,-1
115,30,467.97,224.80,51.81,126.89,0.89,-1,-1,-1
115,9,1110.76,211.48,78.25,174.48,0.91,-1,-1,-1
116,1,466.27,200.35,347.72,811.11,0.89,-1,-1,-1
116,2,-36.70,27.62,588.02,1403.99,0.86,-1,-1,-1
116,3,745.88,235.17,80.62,220.86,0.94,-1,-1,-1
116,5,1179.07,180.25,104.27,276.91,0.90,-1,-1,-1
116,15,882.36,222.82,35.25,89.14,0.91,-1,-1,-1
116,26,547.68,244.92,40.48,107.94,0.85,-1,-1,-1
116,24,533.52,237.07,25.76,82.15,0.84,-1,-1,-1
116,29,922.20,234.28,24.52,56.99,0.84,-1,-1,-1
116,30,467.18,224.06,52.39,128.11,0.90,-1,-1,-1
116,9,1113.36,210.97,78.29,175.13,0.91,-1,-1,-1
117,1,467.77,194.03,345.80,819.97,0.90,-1,-1,-1
117,2,-52.56,26.28,590.56,1406.14,0.85,-1,-1,-1
117,3,742.22,235.59,82.54,217.93,0.94,-1,-1,-1
117,5,1191.68,177.67,100.38,280.85,0.87,-1,-1,-1
117,15,882.86,222.76,35.25,89.78,0.91,-1,-1,-1
117,26,545.87,243.96,41.36,107.91,0.83,-1,-1,-1
117,24,532.72,236.66,26.08,82.73,0.84,-1,-1,-1
117,29,923.03,234.62,25.09,56.54,0.82,-1,-1,-1
117,30,466.09,223.92,52.68,128.62,0.91,-1,-1,-1
117,9,1115.54,210.84,79.55,175.74,0.90,-1,-1,-1
118,1,468.37,185.78,345.34,832.83,0.90,-1,-1,-1
118,2,-82.98,13.73,602.16,1412.41,0.81,-1,-1,-1
118,3,739.26,235.83,85.50,214.56,0.92,-1,-1,-1
118,5,1198.80,175.12,103.87,286.45,0.87,-1,-1,-1
118,15,883.26,222.66,35.77,90.01,0.91,-1,-1,-1
118,26,544.61,243.09,42.76,107.74,0.84,-1,-1,-1
118,24,532.71,236.31,26.13,83.16,0.83,-1,-1,-1
118,29,924.65,234.91,25.25,56.62,0.74,-1,-1,-1
118,30,466.09,223.37,53.22,129.87,0.91,-1,-1,-1
118,9,1116.93,210.50,82.17,176.66,0.89,-1,-1,-1
119,1,467.29,172.39,345.74,850.95,0.91,-1,-1,-1
119,2,-88.76,8.40,592.12,1421.91,0.82,-1,-1,-1
119,3,736.30,235.43,88.42,216.44,0.92,-1,-1,-1
119,5,1201.71,173.41,112.40,290.22,0.87,-1,-1,-1
119,15,883.85,222.23,35.97,90.50,0.91,-1,-1,-1
119,26,543.02,242.56,43.29,110.34,0.83,-1,-1,-1
119,24,532.16,235.83,26.15,83.64,0.83,-1,-1,-1
119,29,925.08,234.99,27.66,56.98,0.76,-1,-1,-1
119,30,465.54,222.95,53.41,130.65,0.91,-1,-1,-1
119,9,1118.55,210.36,84.31,177.32,0.89,-1,-1,-1
120,1,462.88,164.63,349.92,858.03,0.90,-1,-1,-1
120,2,-104.79,8.21,599.91,1405.71,0.81,-1,-1,-1
120,3,733.55,235.30,90.70,220.48,0.91,-1,-1,-1
120,5,1205.65,174.99,124.95,289.14,0.86,-1,-1,-1
120,15,884.69,222.39,36.03,90.68,0.91,-1,-1,-1
120,26,541.87,241.78,41.70,111.89,0.82,-1,-1,-1
120,24,532.26,235.65,26.74,85.31,0.79,-1,-1,-1
120,29,927.00,234.15,27.41,58.31,0.77,-1,-1,-1
120,30,465.38,222.79,53.44,131.22,0.90,-1,-1,-1
120,9,1123.29,211.04,82.74,176.86,0.87,-1,-1,-1
121,1,459.46,156.39,353.95,878.30,0.90,-1,-1,-1
121,2,-126.42,1.09,607.75,1404.62,0.78,-1,-1,-1
121,3,730.95,234.96,92.75,222.94,0.90,-1,-1,-1
121,5,1212.37,181.76,126.33,284.00,0.84,-1,-1,-1
121,15,885.70,221.95,36.05,90.97,0.91,-1,-1,-1
121,26,541.53,241.18,39.25,111.58,0.80,-1,-1,-1
121,24,532.66,235.43,25.77,80.32,0.79,-1,-1,-1
121,29,929.57,234.00,26.11,58.23,0.82,-1,-1,-1
121,30,465.11,222.79,54.03,131.49,0.89,-1,-1,-1
121,9,1125.24,210.21,83.24,178.53,0.89,-1,-1,-1
121,31,398.70,214.54,33.75,129.26,0.73,-1,-1,-1
122,1,454.46,152.76,359.27,888.15,0.89,-1,-1,-1
122,2,-141.38,4.58,612.17,1406.67,0.79,-1,-1,-1
122,3,727.68,236.08,96.43,225.50,0.91,-1,-1,-1
122,5,1217.79,185.63,127.90,281.96,0.83,-1,-1,-1
122,15,886.20,221.68,36.93,91.30,0.91,-1,-1,-1
122,26,539.73,241.20,38.90,110.14,0.73,-1,-1,-1
122,24,533.23,235.15,24.78,75.52,0.74,-1,-1,-1
122,29,930.29,234.13,26.78,58.14,0.84,-1,-1,-1
122,30,464.60,223.06,54.79,130.71,0.89,-1,-1,-1
122,9,1130.93,210.54,80.98,178.67,0.89,-1,-1,-1
122,31,397.39,214.29,34.52,130.82,0.75,-1,-1,-1
122,32,1063.80,254.25,64.80,75.60,0.71,-1,-1,-1
122,23,818.69,205.65,69.86,157.71,0.79,-1,-1,-1
123,1,447.27,150.03,364.87,899.35,0.89,-1,-1,-1
123,2,-158.74,-1.18,605.77,1422.08,0.80,-1,-1,-1
123,3,724.80,237.15,99.60,226.85,0.91,-1,-1,-1
123,5,1223.38,188.41,128.49,282.05,0.67,-1,-1,-1
123,15,886.76,221.34,36.98,91.75,0.91,-1,-1,-1
123,26,538.75,241.86,36.37,100.04,0.66,-1,-1,-1
123,24,532.76,235.24,24.42,73.20,0.69,-1,-1,-1
123,29,933.58,233.49,24.67,58.42,0.81,-1,-1,-1
123,30,464.04,223.12,55.08,130.52,0.90,-1,-1,-1
123,9,1133.23,209.82,81.28,180.25,0.89,-1,-1,-1
123,31,396.84,214.54,34.34,131.09,0.71,-1,-1,-1
123,23,820.26,206.54,67.51,157.93,0.78,-1,-1,-1
124,1,441.75,148.53,369.07,902.92,0.89,-1,-1,-1
124,2,-181.98,-4.69,613.74,1439.88,0.79,-1,-1,-1
124,3,722.55,237.84,98.99,227.84,0.91,-1,-1,-1
124,5,1231.46,192.91,127.39,279.66,0.35,-1,-1,-1
124,15,887.98,221.51,36.37,91.87,0.91,-1,-1,-1
124,26,536.27,242.73,35.39,97.61,0.70,-1,-1,-1
124,24,532.59,235.57,24.28,71.45,0.62,-1,-1,-1
124,29,938.26,233.24,22.58,58.50,0.82,-1,-1,-1
124,30,463.88,223.13,55.73,131.86,0.89,-1,-1,-1
124,9,1135.56,210.02,82.51,181.33,0.88,-1,-1,-1
124,31,396.35,215.50,34.58,129.92,0.76,-1,-1,-1
124,23,821.94,207.62,68.04,158.22,0.76,-1,-1,-1
125,1,434.15,150.90,376.18,913.94,0.89,-1,-1,-1
125,2,-190.85,7.55,597.79,1435.45,0.81,-1,-1,-1
125,3,721.48,238.22,98.19,226.96,0.92,-1,-1,-1
125,5,1237.74,198.39,132.95,281.92,0.14,-1,-1,-1
125,15,889.15,222.01,36.16,92.00,0.92,-1,-1,-1
125,26,534.90,238.86,36.92,102.07,0.13,-1,-1,-1
125,24,532.59,235.79,23.64,70.62,0.52,-1,-1,-1
125,29,941.89,233.15,20.59,59.49,0.84,-1,-1,-1
125,30,463.23,222.92,56.60,135.76,0.86,-1,-1,-1
125,9,1137.95,209.73,84.20,183.61,0.89,-1,-1,-1
125,31,394.62,215.74,36.02,129.72,0.79,-1,-1,-1
125,23,823.22,209.20,60.15,151.34,0.76,-1,-1,-1
126,1,425.99,153.87,383.11,924.02,0.88,-1,-1,-1
126,2,-212.51,15.35,609.92,1454.37,0.77,-1,-1,-1
126,3,721.98,239.11,94.37,225.46,0.92,-1,-1,-1
126,15,889.52,222.46,37.31,92.37,0.91,-1,-1,-1
126,24,532.12,236.37,22.21,70.38,0.53,-1,-1,-1
126,29,944.30,234.27,21.18,59.88,0.81,-1,-1,-1
126,30,462.79,223.36,56.96,137.26,0.87,-1,-1,-1
126,9,1140.62,210.65,84.89,184.86,0.90,-1,-1,-1
126,31,393.42,216.29,36.52,129.69,0.75,-1,-1,-1
126,23,823.62,209.66,67.89,151.66,0.81,-1,-1,-1
126,33,1072.80,254.47,63.00,78.30,0.75,-1,-1,-1
127,1,416.59,159.46,392.98,938.45,0.87,-1,-1,-1
127,2,-244.55,20.89,610.32,1465.94,0.80,-1,-1,-1
127,3,721.37,239.64,92.14,224.73,0.92,-1,-1,-1
127,15,890.35,223.19,37.10,92.43,0.91,-1,-1,-1
127,24,532.01,236.45,24.16,77.92,0.48,-1,-1,-1
127,29,945.77,233.90,22.58,60.27,0.79,-1,-1,-1
127,30,463.68,224.28,56.40,135.04,0.86,-1,-1,-1
127,9,1141.49,211.39,88.58,185.83,0.92,-1,-1,-1
127,31,393.20,216.15,35.99,130.56,0.73,-1,-1,-1
127,23,824.25,210.24,72.17,153.76,0.84,-1,-1,-1
127,33,1076.27,256.19,61.65,76.61,0.69,-1,-1,-1
128,1,407.58,163.47,405.50,960.46,0.86,-1,-1,-1
128,2,-259.05,50.58,612.78,1435.66,0.78,-1,-1,-1
128,3,720.28,240.24,88.29,221.38,0.91,-1,-1,-1
128,15,890.84,223.41,37.91,93.32,0.91,-1,-1,-1
128,29,947.35,233.85,24.29,59.80,0.62,-1,-1,-1
128,30,464.65,224.72,56.77,138.21,0.86,-1,-1,-1
128,9,1143.96,213.14,89.96,186.91,0.91,-1,-1,-1
128,31,392.41,216.27,36.10,131.79,0.73,-1,-1,-1
128,23,824.96,211.92,72.72,155.96,0.76,-1,-1,-1
128,33,1075.57,257.40,64.20,76.63,0.22,-1,-1,-1
128,28,640.78,236.69,19.80,58.96,0.69,-1,-1,-1
129,1,397.49,169.65,414.82,969.86,0.85,-1,-1,-1
129,2,-277.53,49.44,607.26,1452.39,0.78,-1,-1,-1
129,3,718.42,241.13,86.25,217.13,0.91,-1,-1,-1
129,15,891.27,223.73,38.51,93.65,0.91,-1,-1,-1
129,29,949.63,234.08,24.94,61.11,0.80,-1,-1,-1
129,30,465.55,225.46,57.49,133.54,0.86,-1,-1,-1
129,9,1147.78,213.55,90.44,188.12,0.91,-1,-1,-1
129,31,391.16,216.44,36.73,132.94,0.77,-1,-1,-1
129,23,826.06,213.69,74.60,159.16,0.80,-1,-1,-1
129,33,1091.66,257.48,51.18,72.71,0.47,-1,-1,-1
129,28,639.52,238.43,21.11,56.12,0.84,-1,-1,-1
130,1,386.25,173.57,430.49,993.83,0.86,-1,-1,-1
130,2,-302.75,60.91,627.74,1471.34,0.73,-1,-1,-1
130,3,716.33,241.31,83.68,218.25,0.92,-1,-1,-1
130,15,892.59,224.15,38.13,93.75,0.92,-1,-1,-1
130,29,951.00,233.58,26.37,63.07,0.78,-1,-1,-1
130,30,465.66,226.82,57.73,133.16,0.86,-1,-1,-1
130,9,1150.30,214.59,90.57,188.50,0.91,-1,-1,-1
130,31,390.05,217.04,36.95,133.56,0.80,-1,-1,-1
130,23,827.05,214.60,75.27,161.72,0.86,-1,-1,-1
130,33,1101.13,257.24,43.79,70.09,0.42,-1,-1,-1
130,28,639.17,238.68,22.11,55.85,0.83,-1,-1,-1
131,1,373.44,179.31,433.65,1005.46,0.89,-1,-1,-1
131,2,-308.17,145.23,593.38,1367.35,0.72,-1,-1,-1
131,3,713.80,241.37,82.78,222.34,0.94,-1,-1,-1
131,15,893.97,224.55,37.68,93.72,0.92,-1,-1,-1
131,29,951.50,234.73,29.23,63.23,0.68,-1,-1,-1
131,30,466.83,228.29,56.63,133.41,0.84,-1,-1,-1
131,9,1153.61,215.67,89.40,188.71,0.92,-1,-1,-1
131,31,388.38,217.27,37.93,134.71,0.77,-1,-1,-1
131,23,828.00,215.32,76.07,162.76,0.86,-1,-1,-1
131,33,1108.16,258.75,39.37,61.94,0.59,-1,-1,-1
131,28,638.71,238.94,21.89,55.77,0.84,-1,-1,-1
131,13,615.61,247.85,27.02,74.74,0.86,-1,-1,-1
132,1,361.30,185.35,438.99,1006.38,0.88,-1,-1,-1
132,2,-353.70,164.89,608.34,1410.05,0.59,-1,-1,-1
132,3,710.79,241.35,83.08,224.99,0.94,-1,-1,-1
132,15,894.94,224.66,38.09,93.65,0.92,-1,-1,-1
132,29,953.22,233.36,31.46,65.91,0.57,-1,-1,-1
132,30,467.04,231.14,53.16,130.06,0.86,-1,-1,-1
132,9,1156.93,215.88,88.87,190.75,0.92,-1,-1,-1
132,31,387.27,217.33,38.87,135.06,0.73,-1,-1,-1
132,23,830.00,215.41,75.12,163.92,0.83,-1,-1,-1
132,33,1110.88,259.18,38.48,61.21,0.53,-1,-1,-1
132,28,637.91,236.37,22.99,58.81,0.85,-1,-1,-1
132,13,616.41,248.50,26.37,75.06,0.88,-1,-1,-1
132,6,606.14,238.20,26.11,73.84,0.72,-1,-1,-1
133,1,346.74,186.40,444.32,1021.47,0.88,-1,-1,-1
133,2,-388.39,156.69,652.96,1375.31,0.12,-1,-1,-1
133,3,708.63,241.86,83.21,226.55,0.94,-1,-1,-1
133,15,895.91,225.00,38.23,93.38,0.92,-1,-1,-1
133,29,956.15,234.08,33.47,69.53,0.30,-1,-1,-1
133,9,1159.89,215.42,88.64,192.64,0.92,-1,-1,-1
133,31,386.99,217.37,37.73,134.18,0.65,-1,-1,-1
133,23,830.79,215.36,74.69,164.59,0.83,-1,-1,-1
133,28,637.99,236.57,22.80,58.71,0.85,-1,-1,-1
133,13,616.73,248.48,26.79,75.15,0.88,-1,-1,-1
133,6,607.16,238.12,25.44,72.80,0.69,-1,-1,-1
133,34,595.35,240.97,25.20,80.55,0.86,-1,-1,-1
134,1,330.67,189.59,451.12,1032.66,0.89,-1,-1,-1
134,2,-371.42,194.18,590.38,1305.92,0.41,-1,-1,-1
134,3,705.67,242.58,83.92,227.24,0.93,-1,-1,-1
134,15,896.50,224.63,38.59,93.92,0.92,-1,-1,-1
134,29,958.97,234.18,33.14,66.02,0.46,-1,-1,-1
134,9,1163.38,215.05,88.55,194.01,0.92,-1,-1,-1
134,31,386.21,217.82,36.96,133.06,0.70,-1,-1,-1
134,23,830.40,215.57,75.68,165.17,0.84,-1,-1,-1
134,28,638.17,237.67,22.11,57.47,0.84,-1,-1,-1
134,13,616.66,248.10,27.56,75.21,0.89,-1,-1,-1
134,6,600.11,240.67,24.01,77.19,0.87,-1,-1,-1
134,35,579.60,245.02,26.10,80.10,0.85,-1,-1,-1
135,1,313.35,180.42,461.45,1073.48,0.89,-1,-1,-1
135,2,-330.92,225.35,505.03,1195.22,0.31,-1,-1,-1
135,3,700.85,243.42,86.56,227.37,0.93,-1,-1,-1
135,15,897.29,224.03,38.70,94.66,0.92,-1,-1,-1
135,29,959.97,236.93,31.77,61.79,0.41,-1,-1,-1
135,9,1166.84,214.32,88.44,195.28,0.93,-1,-1,-1
135,31,385.46,218.12,36.03,131.96,0.63,-1,-1,-1
135,23,829.96,214.83,77.75,166.52,0.85,-1,-1,-1
135,28,638.39,238.68,21.82,56.35,0.84,-1,-1,-1
135,13,616.75,248.22,28.42,75.19,0.89,-1,-1,-1
135,6,597.39,241.39,24.11,79.02,0.86,-1,-1,-1
135,35,578.75,244.54,26.85,81.27,0.87,-1,-1,-1
136,1,296.51,176.81,466.22,1093.88,0.89,-1,-1,-1
136,2,-342.47,222.78,483.55,1188.77,0.18,-1,-1,-1
136,3,695.79,244.90,89.37,226.91,0.94,-1,-1,-1
136,15,898.47,223.71,38.45,95.20,0.92,-1,-1,-1
136,9,1169.98,214.04,89.61,196.11,0.93,-1,-1,-1
136,31,384.87,217.72,35.39,133.42,0.65,-1,-1,-1
136,23,830.64,213.55,78.53,168.49,0.76,-1,-1,-1
136,28,638.68,239.34,20.50,55.66,0.83,-1,-1,-1
136,13,616.96,248.24,28.75,75.21,0.88,-1,-1,-1
136,6,596.39,241.61,24.16,79.74,0.86,-1,-1,-1
136,35,579.16,244.42,26.31,81.55,0.87,-1,-1,-1
136,33,1090.47,258.86,68.18,77.81,0.85,-1,-1,-1
137,1,280.37,173.32,474.81,1105.21,0.88,-1,-1,-1
137,3,693.70,245.77,88.64,226.46,0.93,-1,-1,-1
137,15,900.43,223.64,38.04,95.41,0.92,-1,-1,-1
137,9,1172.33,213.40,90.02,197.89,0.92,-1,-1,-1
137,31,381.64,216.00,38.19,136.44,0.43,-1,-1,-1
137,23,831.52,212.66,78.18,169.21,0.77,-1,-1,-1
137,28,639.14,239.45,19.38,55.41,0.84,-1,-1,-1
137,13,617.04,247.66,28.87,75.84,0.88,-1,-1,-1
137,6,596.11,241.69,24.19,79.98,0.86,-1,-1,-1
137,35,579.43,244.20,26.11,81.93,0.87,-1,-1,-1
137,26,518.31,246.67,54.58,127.87,0.85,-1,-1,-1
138,1,263.29,175.43,479.16,1099.57,0.89,-1,-1,-1
138,3,692.81,246.75,87.75,226.70,0.93,-1,-1,-1
138,15,901.66,223.65,37.88,95.55,0.92,-1,-1,-1
138,9,1175.24,213.43,90.15,198.66,0.93,-1,-1,-1
138,23,832.68,211.93,77.99,169.60,0.82,-1,-1,-1
138,28,639.09,239.87,19.60,54.99,0.84,-1,-1,-1
138,13,617.77,247.67,28.30,76.01,0.87,-1,-1,-1
138,6,596.80,241.49,23.59,80.58,0.86,-1,-1,-1
138,35,579.63,243.67,26.06,82.65,0.87,-1,-1,-1
138,26,516.50,247.32,55.83,129.37,0.85,-1,-1,-1
138,33,1102.92,258.48,59.91,72.23,0.63,-1,-1,-1
139,1,245.66,173.33,484.47,1113.41,0.88,-1,-1,-1
139,3,691.77,246.49,86.78,226.67,0.94,-1,-1,-1
139,15,902.05,223.66,38.40,95.55,0.92,-1,-1,-1
139,9,1177.86,212.93,91.33,199.47,0.93,-1,-1,-1
139,23,833.70,213.31,78.44,167.53,0.77,-1,-1,-1
139,28,638.86,239.87,19.67,55.11,0.85,-1,-1,-1
139,13,618.43,247.37,28.06,76.03,0.87,-1,-1,-1
139,6,596.91,241.40,23.99,80.74,0.86,-1,-1,-1
139,35,579.78,243.49,26.04,82.84,0.87,-1,-1,-1
139,26,515.41,247.70,56.83,131.58,0.87,-1,-1,-1
139,33,1095.81,259.08,68.28,77.27,0.76,-1,-1,-1
139,30,481.19,229.66,46.34,146.09,0.85,-1,-1,-1
140,1,221.53,170.37,497.27,1125.87,0.87,-1,-1,-1
140,3,689.20,246.13,87.68,227.84,0.94,-1,-1,-1
140,15,903.42,223.81,38.03,95.88,0.92,-1,-1,-1
140,9,1181.53,211.73,91.83,203.19,0.91,-1,-1,-1
140,23,834.05,213.59,80.43,169.01,0.84,-1,-1,-1
140,28,638.53,240.20,19.72,54.94,0.83,-1,-1,-1
140,13,618.99,247.75,28.59,76.13,0.87,-1,-1,-1
140,6,597.00,241.67,24.15,81.17,0.86,-1,-1,-1
140,35,579.55,243.77,26.05,82.98,0.87,-1,-1,-1
140,26,514.31,248.16,55.51,131.96,0.86,-1,-1,-1
140,33,1093.52,259.43,73.01,79.81,0.78,-1,-1,-1
140,30,478.28,229.61,49.23,151.41,0.88,-1,-1,-1
141,1,202.66,167.93,504.97,1138.00,0.85,-1,-1,-1
141,3,686.91,245.75,87.47,228.25,0.94,-1,-1,-1
141,15,904.27,223.89,38.20,95.99,0.91,-1,-1,-1
141,9,1187.04,210.80,90.85,205.43,0.89,-1,-1,-1
141,23,836.00,213.29,80.60,170.71,0.81,-1,-1,-1
141,28,638.19,240.40,20.36,54.87,0.85,-1,-1,-1
141,13,618.67,247.97,29.39,76.75,0.87,-1,-1,-1
141,6,597.44,242.00,24.23,81.30,0.87,-1,-1,-1
141,35,579.23,244.27,26.71,83.00,0.87,-1,-1,-1
141,26,512.86,248.89,57.29,134.96,0.88,-1,-1,-1
141,33,1108.08,259.82,61.21,71.67,0.74,-1,-1,-1
141,30,477.90,229.40,50.62,150.67,0.86,-1,-1,-1
141,24,527.89,238.59,26.10,81.96,0.65,-1,-1,-1
142,1,184.23,170.28,513.45,1154.41,0.88,-1,-1,-1
142,3,683.78,245.02,86.79,226.02,0.94,-1,-1,-1
142,15,905.80,224.12,38.87,96.33,0.91,-1,-1,-1
142,9,1190.29,210.50,91.65,207.73,0.91,-1,-1,-1
142,23,837.06,212.77,81.22,171.34,0.86,-1,-1,-1
142,28,638.08,240.50,20.60,54.86,0.83,-1,-1,-1
142,13,618.84,248.24,29.10,76.99,0.87,-1,-1,-1
142,6,597.95,242.30,24.27,81.64,0.86,-1,-1,-1
142,35,579.44,244.32,26.94,83.30,0.87,-1,-1,-1
142,26,511.18,249.78,59.11,136.06,0.89,-1,-1,-1
142,33,1106.15,260.43,66.10,73.01,0.54,-1,-1,-1
142,30,478.03,229.07,51.75,150.89,0.87,-1,-1,-1
142,24,528.65,239.07,24.91,78.89,0.65,-1,-1,-1
143,1,162.58,160.36,535.61,1200.26,0.88,-1,-1,-1
143,3,681.33,244.04,84.65,224.56,0.94,-1,-1,-1
143,15,906.48,224.41,39.37,96.32,0.91,-1,-1,-1
143,9,1196.83,210.51,87.08,209.67,0.87,-1,-1,-1
143,23,837.65,212.35,81.34,172.20,0.86,-1,-1,-1
143,28,638.24,240.45,20.67,54.79,0.83,-1,-1,-1
143,13,619.70,248.25,28.35,76.97,0.86,-1,-1,-1
143,6,598.70,242.61,24.26,81.63,0.87,-1,-1,-1
143,35,580.07,244.40,26.39,83.30,0.87,-1,-1,-1
143,26,509.49,250.78,60.88,135.64,0.91,-1,-1,-1
143,33,1102.86,260.64,71.10,78.19,0.82,-1,-1,-1
143,30,479.04,228.82,52.12,150.92,0.89,-1,-1,-1
143,24,528.91,239.02,25.11,80.27,0.66,-1,-1,-1
143,36,605.70,238.50,26.10,75.15,0.75,-1,-1,-1
144,1,142.12,159.85,546.76,1219.61,0.88,-1,-1,-1
144,3,678.86,244.08,83.96,224.28,0.94,-1,-1,-1
144,15,908.28,224.89,39.31,96.72,0.91,-1,-1,-1
144,9,1197.75,211.61,91.51,211.05,0.90,-1,-1,-1
144,23,837.86,211.67,82.64,173.00,0.85,-1,-1,-1
144,28,637.78,240.97,21.32,53.93,0.83,-1,-1,-1
144,13,620.07,248.81,28.09,77.04,0.85,-1,-1,-1
144,6,598.73,242.98,24.89,82.01,0.87,-1,-1,-1
144,35,580.33,244.84,26.21,83.38,0.87,-1,-1,-1
144,26,508.20,251.57,61.62,136.45,0.91,-1,-1,-1
144,33,1116.90,260.53,59.28,73.75,0.62,-1,-1,-1
144,30,478.99,228.83,52.32,151.65,0.89,-1,-1,-1
144,24,529.27,239.41,24.61,79.64,0.66,-1,-1,-1
144,36,604.47,237.79,26.87,78.15,0.72,-1,-1,-1
145,1,121.53,155.90,559.63,1237.70,0.88,-1,-1,-1
145,3,676.57,243.76,85.52,225.05,0.95,-1,-1,-1
145,15,909.52,224.90,39.28,97.14,0.91,-1,-1,-1
145,9,1201.57,210.90,93.08,213.48,0.88,-1,-1,-1
145,23,839.41,210.94,82.51,176.51,0.84,-1,-1,-1
145,28,637.95,240.83,21.56,53.60,0.82,-1,-1,-1
145,13,620.54,248.84,29.80,77.35,0.85,-1,-1,-1
145,6,599.09,243.07,24.53,82.41,0.88,-1,-1,-1
145,35,580.78,245.12,26.15,83.38,0.86,-1,-1,-1
145,26,507.23,251.68,61.27,140.83,0.90,-1,-1,-1
145,33,1118.92,261.01,59.20,71.61,0.69,-1,-1,-1
145,30,479.62,229.34,53.57,152.51,0.90,-1,-1,-1
145,24,529.49,239.83,26.23,81.81,0.73,-1,-1,-1
145,36,604.58,237.17,26.34,78.74,0.74,-1,-1,-1
146,1,101.51,146.70,570.86,1260.27,0.89,-1,-1,-1
146,3,673.85,243.84,90.23,227.00,0.95,-1,-1,-1
146,15,910.23,224.96,39.53,97.23,0.90,-1,-1,-1
146,9,1205.65,211.62,91.23,213.90,0.89,-1,-1,-1
146,23,840.59,211.86,82.95,176.43,0.82,-1,-1,-1
146,28,637.89,240.67,22.22,54.37,0.83,-1,-1,-1
146,13,621.18,248.58,32.16,78.01,0.86,-1,-1,-1
146,6,599.43,242.98,24.97,82.79,0.87,-1,-1,-1
146,35,581.44,245.11,26.10,83.63,0.87,-1,-1,-1
146,26,505.71,251.88,58.67,143.81,0.89,-1,-1,-1
146,33,1115.79,260.78,65.22,75.06,0.62,-1,-1,-1
146,30,479.52,229.87,55.17,154.16,0.90,-1,-1,-1
146,24,530.69,240.02,26.80,85.23,0.76,-1,-1,-1
146,36,604.81,237.14,26.82,79.90,0.68,-1,-1,-1
147,1,84.38,141.24,577.54,1278.45,0.88,-1,-1,-1
147,3,671.94,244.22,93.21,228.11,0.95,-1,-1,-1
147,15,911.36,224.93,39.34,97.66,0.90,-1,-1,-1
147,9,1209.57,213.68,88.13,213.47,0.87,-1,-1,-1
147,23,843.07,213.22,82.24,176.78,0.80,-1,-1,-1
147,28,637.78,240.50,22.48,54.97,0.84,-1,-1,-1
147,13,621.03,248.53,33.66,77.98,0.87,-1,-1,-1
147,6,599.75,243.14,25.15,82.95,0.88,-1,-1,-1
147,35,581.56,245.30,26.10,84.04,0.87,-1,-1,-1
147,26,503.54,251.13,59.44,146.42,0.89,-1,-1,-1
147,33,1125.24,261.45,58.09,72.47,0.72,-1,-1,-1
147,30,479.31,230.58,56.39,155.39,0.91,-1,-1,-1
147,24,531.31,240.30,27.62,87.73,0.78,-1,-1,-1
147,36,604.46,236.83,27.66,80.59,0.68,-1,-1,-1
147,37,546.75,240.75,25.20,71.10,0.71,-1,-1,-1
148,1,62.52,135.30,598.96,1306.46,0.89,-1,-1,-1
148,3,670.94,244.50,95.38,229.14,0.95,-1,-1,-1
148,15,911.96,225.18,39.50,97.32,0.90,-1,-1,-1
148,9,1212.86,211.12,86.83,216.27,0.84,-1,-1,-1
148,23,843.98,211.76,80.03,178.37,0.76,-1,-1,-1
148,28,638.30,240.28,22.54,55.74,0.84,-1,-1,-1
148,13,622.12,248.19,33.61,78.17,0.86,-1,-1,-1
148,6,600.48,243.02,25.18,82.89,0.88,-1,-1,-1
148,35,582.22,245.19,26.06,84.09,0.87,-1,-1,-1
148,26,501.73,250.63,59.62,147.76,0.89,-1,-1,-1
148,33,1133.69,261.26,52.51,73.19,0.63,-1,-1,-1
148,30,479.38,231.27,58.52,156.50,0.90,-1,-1,-1
148,24,532.83,239.63,27.88,90.32,0.80,-1,-1,-1
148,36,604.29,236.43,27.25,81.02,0.64,-1,-1,-1
148,37,547.91,241.18,24.50,70.06,0.70,-1,-1,-1
149,1,51.20,145.46,593.24,1287.03,0.89,-1,-1,-1
149,3,669.38,245.70,96.97,230.34,0.95,-1,-1,-1
149,15,914.11,225.37,39.64,97.28,0.90,-1,-1,-1
149,9,1219.27,210.74,82.90,217.77,0.82,-1,-1,-1
149,23,844.06,211.18,84.44,181.05,0.82,-1,-1,-1
149,28,638.96,240.40,22.01,56.08,0.85,-1,-1,-1
149,13,623.25,248.43,33.63,78.30,0.85,-1,-1,-1
149,6,601.19,243.04,25.24,83.24,0.87,-1,-1,-1
149,35,582.87,245.23,26.11,84.48,0.87,-1,-1,-1
149,26,498.15,250.56,63.92,148.94,0.90,-1,-1,-1
149,33,1138.17,260.79,51.94,72.33,0.55,-1,-1,-1
149,30,478.80,232.08,59.44,156.43,0.89,-1,-1,-1
149,24,533.16,239.62,28.63,91.38,0.79,-1,-1,-1
149,36,604.39,235.71,27.15,81.84,0.51,-1,-1,-1
149,37,548.38,241.60,24.40,67.81,0.71,-1,-1,-1
