0,1,617.85,230.17,56.70,165.15,0.93,-1,-1,-1
0,2,390.15,242.32,94.50,271.57,0.93,-1,-1,-1
0,3,672.30,244.80,58.50,190.80,0.92,-1,-1,-1
0,4,692.10,225.00,48.60,155.70,0.89,-1,-1,-1
0,5,1212.30,235.12,50.40,97.65,0.89,-1,-1,-1
0,6,644.85,227.70,47.70,149.85,0.88,-1,-1,-1
0,7,766.35,228.15,102.60,321.30,0.86,-1,-1,-1
0,8,891.90,252.00,24.30,66.15,0.84,-1,-1,-1
0,9,747.45,246.82,48.60,138.60,0.84,-1,-1,-1
0,10,1177.20,237.15,41.40,98.55,0.83,-1,-1,-1
0,11,-81.11,155.70,357.86,600.30,0.82,-1,-1,-1
0,12,39.60,304.65,243.45,865.35,0.81,-1,-1,-1
0,13,1122.30,234.22,36.00,95.85,0.77,-1,-1,-1
0,14,918.00,244.12,16.20,35.55,0.72,-1,-1,-1
1,1,619.58,230.80,56.73,165.58,0.94,-1,-1,-1
1,2,390.26,241.02,96.50,276.13,0.92,-1,-1,-1
1,3,672.48,245.23,60.87,190.84,0.92,-1,-1,-1
1,4,693.45,225.03,49.41,155.74,0.90,-1,-1,-1
1,5,1216.52,234.92,48.86,98.45,0.90,-1,-1,-1
1,6,645.41,227.93,48.51,149.49,0.88,-1,-1,-1
1,7,770.84,228.76,103.43,326.64,0.85,-1,-1,-1
1,8,893.31,250.65,25.09,67.73,0.82,-1,-1,-1
1,9,748.43,247.05,49.40,134.73,0.84,-1,-1,-1
1,10,1179.85,236.75,41.42,100.13,0.82,-1,-1,-1
1,11,-86.74,153.44,363.42,622.29,0.80,-1,-1,-1
1,12,48.02,305.55,244.37,905.38,0.82,-1,-1,-1
1,13,1124.15,234.42,36.02,95.09,0.64,-1,-1,-1
1,14,919.02,243.95,16.21,35.17,0.75,-1,-1,-1
2,1,619.89,230.93,56.77,166.43,0.94,-1,-1,-1
2,2,390.53,240.50,97.61,279.13,0.93,-1,-1,-1
2,3,673.60,245.16,61.33,191.64,0.91,-1,-1,-1
2,4,695.49,225.23,49.58,155.11,0.90,-1,-1,-1
2,5,1220.36,234.69,50.05,99.33,0.90,-1,-1,-1
2,6,645.54,228.26,49.38,149.41,0.89,-1,-1,-1
2,7,775.91,227.75,105.05,331.99,0.86,-1,-1,-1
2,8,895.45,249.57,25.25,69.42,0.82,-1,-1,-1
2,9,750.43,246.40,49.58,136.96,0.84,-1,-1,-1
2,10,1185.50,236.85,40.05,100.45,0.82,-1,-1,-1
2,11,-92.63,150.16,369.02,649.38,0.81,-1,-1,-1
2,12,57.53,309.11,246.03,908.12,0.81,-1,-1,-1
2,13,1127.54,234.09,36.05,97.47,0.65,-1,-1,-1
2,14,921.12,244.10,15.17,35.12,0.76,-1,-1,-1
3,1,620.83,230.76,56.77,167.71,0.94,-1,-1,-1
3,2,390.81,242.01,97.90,277.95,0.94,-1,-1,-1
3,3,676.18,244.93,60.05,193.25,0.91,-1,-1,-1
3,4,695.60,224.32,51.66,156.03,0.89,-1,-1,-1
3,5,1224.71,234.31,49.05,99.94,0.89,-1,-1,-1
3,6,645.07,229.10,50.31,149.13,0.89,-1,-1,-1
3,7,779.66,226.46,107.56,336.24,0.85,-1,-1,-1
3,8,897.97,251.44,24.59,67.91,0.85,-1,-1,-1
3,9,751.56,246.01,50.97,138.39,0.83,-1,-1,-1
3,10,1188.38,236.73,41.00,102.92,0.84,-1,-1,-1
3,11,-89.79,148.02,370.16,681.68,0.81,-1,-1,-1
3,12,73.04,308.14,243.43,899.91,0.77,-1,-1,-1
3,13,1130.43,233.66,36.04,98.90,0.75,-1,-1,-1
3,14,921.87,243.98,15.90,35.80,0.71,-1,-1,-1
4,1,621.89,230.40,56.75,169.34,0.94,-1,-1,-1
4,2,391.14,242.24,98.92,279.29,0.94,-1,-1,-1
4,3,680.42,245.87,58.91,192.98,0.92,-1,-1,-1
4,4,698.28,224.47,51.02,156.83,0.89,-1,-1,-1
4,5,1228.47,234.32,50.04,100.72,0.89,-1,-1,-1
4,6,644.69,229.39,51.23,148.96,0.90,-1,-1,-1
4,7,785.70,226.82,107.02,341.80,0.86,-1,-1,-1
4,8,899.70,251.26,24.69,68.64,0.86,-1,-1,-1
4,9,752.60,246.41,52.71,137.76,0.84,-1,-1,-1
4,10,1189.02,236.33,43.96,105.29,0.85,-1,-1,-1
4,11,-92.12,146.40,373.00,692.42,0.80,-1,-1,-1
4,12,86.89,311.08,243.92,893.68,0.80,-1,-1,-1
4,13,1132.46,233.67,38.69,99.94,0.78,-1,-1,-1
4,14,924.05,244.10,14.81,35.34,0.79,-1,-1,-1
5,1,623.15,230.38,56.81,171.56,0.94,-1,-1,-1
5,2,391.04,242.78,100.31,281.17,0.93,-1,-1,-1
5,3,681.11,246.28,60.56,194.28,0.90,-1,-1,-1
5,4,699.51,224.78,51.43,157.51,0.89,-1,-1,-1
5,5,1233.19,234.68,47.85,100.69,0.87,-1,-1,-1
5,6,644.86,229.24,52.85,150.63,0.90,-1,-1,-1
5,7,791.53,226.66,108.15,339.07,0.85,-1,-1,-1
5,8,901.98,251.27,24.44,68.91,0.77,-1,-1,-1
5,9,755.49,246.66,52.72,138.56,0.85,-1,-1,-1
5,10,1191.43,236.39,45.01,107.07,0.85,-1,-1,-1
5,11,-96.76,145.77,373.42,706.89,0.80,-1,-1,-1
5,12,98.26,314.51,247.79,896.97,0.80,-1,-1,-1
5,13,1134.70,233.23,40.87,102.53,0.80,-1,-1,-1
5,14,925.53,244.04,14.44,35.19,0.79,-1,-1,-1
6,1,624.44,231.24,56.18,172.25,0.94,-1,-1,-1
6,2,391.94,242.55,100.73,283.57,0.94,-1,-1,-1
6,3,684.02,246.19,59.24,195.89,0.91,-1,-1,-1
6,4,700.43,225.13,52.80,158.32,0.88,-1,-1,-1
6,5,1236.94,234.89,48.32,101.26,0.87,-1,-1,-1
6,6,644.55,228.47,54.00,152.74,0.90,-1,-1,-1
6,7,795.80,227.54,110.99,340.52,0.84,-1,-1,-1
6,8,904.12,251.82,25.29,68.67,0.81,-1,-1,-1
6,9,755.13,246.80,55.77,137.84,0.85,-1,-1,-1
6,10,1196.26,235.72,44.10,106.04,0.88,-1,-1,-1
6,11,-110.83,145.54,385.99,714.85,0.79,-1,-1,-1
6,12,114.90,318.56,246.68,877.75,0.80,-1,-1,-1
6,13,1137.03,233.00,41.63,101.20,0.80,-1,-1,-1
6,14,925.81,243.62,15.63,36.09,0.76,-1,-1,-1
7,1,624.89,231.62,57.11,173.61,0.94,-1,-1,-1
7,2,393.19,242.28,100.83,285.20,0.94,-1,-1,-1
7,3,687.17,246.39,58.64,196.99,0.92,-1,-1,-1
7,4,702.24,225.06,52.57,158.83,0.88,-1,-1,-1
7,5,1240.32,235.12,47.18,101.71,0.85,-1,-1,-1
7,6,644.46,227.65,54.91,154.35,0.91,-1,-1,-1
7,7,797.73,228.55,115.46,345.07,0.86,-1,-1,-1
7,8,906.24,251.41,25.25,69.47,0.84,-1,-1,-1
7,9,757.03,246.99,58.57,140.00,0.85,-1,-1,-1
7,10,1197.64,235.46,46.12,104.94,0.87,-1,-1,-1
7,11,-112.64,142.94,384.78,678.22,0.82,-1,-1,-1
7,12,131.17,319.71,251.93,884.23,0.76,-1,-1,-1
7,13,1139.37,233.06,41.80,101.51,0.81,-1,-1,-1
7,14,927.61,243.51,14.79,35.77,0.74,-1,-1,-1
8,1,626.10,231.90,58.14,175.31,0.94,-1,-1,-1
8,2,393.58,242.71,101.75,287.61,0.94,-1,-1,-1
8,3,688.71,246.25,59.77,198.62,0.92,-1,-1,-1
8,4,704.26,224.60,51.92,160.78,0.88,-1,-1,-1
8,5,1245.76,235.71,46.84,112.29,0.84,-1,-1,-1
8,6,644.59,227.62,55.28,155.23,0.90,-1,-1,-1
8,7,796.71,229.26,123.83,348.54,0.87,-1,-1,-1
8,8,908.10,251.43,25.26,69.76,0.84,-1,-1,-1
8,9,758.80,247.14,60.26,140.78,0.85,-1,-1,-1
8,10,1201.10,235.28,46.89,107.26,0.87,-1,-1,-1
8,11,-112.47,141.36,387.02,674.62,0.81,-1,-1,-1
8,12,144.44,323.29,253.89,865.31,0.79,-1,-1,-1
8,13,1141.96,233.16,41.87,99.76,0.81,-1,-1,-1
8,14,928.16,243.33,15.74,36.58,0.67,-1,-1,-1
9,1,627.55,231.84,57.84,177.05,0.94,-1,-1,-1
9,2,394.22,242.78,101.93,289.73,0.94,-1,-1,-1
9,3,689.28,246.50,61.93,199.14,0.92,-1,-1,-1
9,4,706.57,224.54,53.42,160.92,0.88,-1,-1,-1
9,5,1248.07,235.39,47.93,116.37,0.83,-1,-1,-1
9,6,645.07,227.10,55.91,156.33,0.90,-1,-1,-1
9,7,792.17,227.68,135.29,353.49,0.89,-1,-1,-1
9,8,909.63,252.89,25.54,68.93,0.84,-1,-1,-1
9,9,761.58,248.61,59.01,134.92,0.85,-1,-1,-1
9,10,1204.62,235.12,47.09,106.85,0.86,-1,-1,-1
9,11,-108.52,141.42,384.36,691.30,0.80,-1,-1,-1
9,12,151.65,319.61,266.65,880.12,0.80,-1,-1,-1
9,13,1143.99,233.70,43.01,100.28,0.81,-1,-1,-1
9,14,929.55,243.37,16.05,36.25,0.67,-1,-1,-1
10,1,628.88,232.02,57.75,178.27,0.93,-1,-1,-1
10,2,394.47,243.04,102.17,291.54,0.94,-1,-1,-1
10,3,690.26,246.64,63.96,200.22,0.92,-1,-1,-1
10,4,709.10,225.17,53.39,160.64,0.89,-1,-1,-1
10,5,1251.83,235.65,47.14,116.43,0.80,-1,-1,-1
10,6,646.07,226.89,56.74,157.09,0.90,-1,-1,-1
10,7,791.71,228.11,143.48,356.68,0.90,-1,-1,-1
10,8,912.21,252.08,25.35,69.83,0.85,-1,-1,-1
10,9,763.73,248.73,60.87,133.32,0.84,-1,-1,-1
10,10,1208.85,234.58,47.15,104.54,0.89,-1,-1,-1
10,11,-89.09,144.06,361.74,699.04,0.80,-1,-1,-1
10,12,155.20,320.89,283.31,881.91,0.81,-1,-1,-1
10,13,1147.05,233.57,42.25,101.37,0.83,-1,-1,-1
10,14,931.20,243.56,14.98,35.81,0.65,-1,-1,-1
11,1,630.43,231.75,57.05,179.94,0.93,-1,-1,-1
11,2,394.06,242.86,103.05,294.08,0.94,-1,-1,-1
11,3,691.03,246.08,65.85,201.56,0.92,-1,-1,-1
11,4,710.50,224.72,53.90,161.41,0.89,-1,-1,-1
11,5,1257.37,239.68,40.69,102.16,0.56,-1,-1,-1
11,6,646.63,226.26,56.38,158.68,0.89,-1,-1,-1
11,7,793.35,227.94,149.11,360.50,0.91,-1,-1,-1
11,8,913.94,250.51,25.56,71.99,0.81,-1,-1,-1
11,9,766.17,247.88,60.31,136.17,0.86,-1,-1,-1
11,10,1212.75,234.75,47.12,103.99,0.89,-1,-1,-1
11,11,-91.55,140.23,358.55,718.36,0.79,-1,-1,-1
11,12,145.45,317.59,314.97,908.12,0.85,-1,-1,-1
11,13,1149.33,233.55,43.08,101.80,0.82,-1,-1,-1
11,14,931.71,243.72,15.79,36.88,0.59,-1,-1,-1
12,1,631.59,231.19,57.40,182.31,0.94,-1,-1,-1
12,2,393.47,242.80,104.73,295.55,0.94,-1,-1,-1
12,3,695.14,246.33,63.60,202.60,0.90,-1,-1,-1
12,4,712.48,223.80,54.09,162.12,0.88,-1,-1,-1
12,6,647.17,225.59,57.41,161.49,0.90,-1,-1,-1
12,7,795.98,228.25,152.09,363.22,0.91,-1,-1,-1
12,8,916.04,251.23,25.33,67.73,0.71,-1,-1,-1
12,9,768.26,248.30,61.23,135.42,0.85,-1,-1,-1
12,10,1215.93,235.08,48.28,104.07,0.89,-1,-1,-1
12,11,-92.92,140.05,355.71,725.37,0.78,-1,-1,-1
12,12,137.09,313.07,350.38,933.06,0.85,-1,-1,-1
12,13,1151.91,233.51,42.19,99.54,0.80,-1,-1,-1
12,14,932.50,243.76,17.26,38.46,0.44,-1,-1,-1
13,1,633.29,231.00,57.61,183.92,0.93,-1,-1,-1
13,2,393.32,242.62,105.91,298.22,0.93,-1,-1,-1
13,3,696.13,246.22,63.99,203.42,0.92,-1,-1,-1
13,4,714.13,223.34,54.82,163.98,0.87,-1,-1,-1
13,6,647.46,225.27,59.04,164.86,0.90,-1,-1,-1
13,7,798.71,227.53,157.89,367.28,0.91,-1,-1,-1
13,8,918.24,251.96,24.37,58.31,0.68,-1,-1,-1
13,9,769.93,248.22,61.02,137.45,0.85,-1,-1,-1
13,10,1219.22,235.16,48.75,109.14,0.85,-1,-1,-1
13,11,-99.35,135.17,361.00,746.44,0.77,-1,-1,-1
13,12,130.62,310.97,383.36,942.13,0.86,-1,-1,-1
13,13,1153.25,233.79,43.05,98.89,0.84,-1,-1,-1
13,14,933.90,243.90,16.68,38.43,0.47,-1,-1,-1
14,1,634.99,229.77,57.56,185.78,0.93,-1,-1,-1
14,2,392.91,241.66,106.28,300.55,0.93,-1,-1,-1
14,3,699.95,246.14,61.58,203.51,0.92,-1,-1,-1
14,4,716.12,223.05,54.37,164.68,0.87,-1,-1,-1
14,6,648.66,224.76,58.93,166.79,0.89,-1,-1,-1
14,7,802.57,226.10,161.50,370.44,0.91,-1,-1,-1
14,8,921.10,251.92,23.65,57.76,0.49,-1,-1,-1
14,9,771.34,247.75,61.99,136.81,0.85,-1,-1,-1
14,10,1222.85,235.26,48.83,112.26,0.85,-1,-1,-1
14,11,-102.10,131.00,373.20,761.33,0.76,-1,-1,-1
14,12,125.02,309.73,409.74,959.28,0.88,-1,-1,-1
14,13,1154.37,233.61,44.48,98.11,0.82,-1,-1,-1
14,14,935.01,244.24,16.39,39.62,0.31,-1,-1,-1
15,1,635.89,228.21,59.43,187.80,0.93,-1,-1,-1
15,2,392.91,240.95,106.83,302.11,0.92,-1,-1,-1
15,3,702.57,245.67,60.75,204.51,0.92,-1,-1,-1
15,4,718.66,222.73,53.06,165.37,0.88,-1,-1,-1
15,6,649.73,224.90,58.93,168.45,0.88,-1,-1,-1
15,7,807.03,224.80,162.41,374.96,0.91,-1,-1,-1
15,8,922.85,250.29,24.66,60.73,0.25,-1,-1,-1
15,9,772.50,247.56,62.40,139.03,0.84,-1,-1,-1
15,10,1226.27,235.46,50.08,113.49,0.80,-1,-1,-1
15,11,-99.12,129.78,359.48,770.00,0.78,-1,-1,-1
15,12,117.60,310.22,436.87,966.67,0.87,-1,-1,-1
15,13,1156.83,233.57,45.07,100.28,0.83,-1,-1,-1
15,14,934.97,243.88,18.70,45.97,0.24,-1,-1,-1
15,15,1209.60,242.77,126.00,170.55,0.73,-1,-1,-1
16,1,636.30,226.72,61.88,190.43,0.93,-1,-1,-1
16,2,390.45,239.70,109.36,305.47,0.90,-1,-1,-1
16,3,700.53,244.34,64.05,206.27,0.90,-1,-1,-1
16,4,720.23,221.93,53.13,165.83,0.88,-1,-1,-1
16,6,650.23,225.02,58.88,170.43,0.87,-1,-1,-1
16,7,809.31,223.11,166.89,378.10,0.91,-1,-1,-1
16,8,925.53,251.27,22.62,58.16,0.42,-1,-1,-1
16,9,775.60,247.40,60.72,137.70,0.84,-1,-1,-1
16,10,1229.97,235.44,50.52,116.83,0.83,-1,-1,-1
16,11,-96.21,127.44,348.33,780.38,0.78,-1,-1,-1
16,12,123.67,306.20,456.69,970.51,0.87,-1,-1,-1
16,13,1159.04,233.46,45.25,99.84,0.84,-1,-1,-1
16,15,1215.22,239.65,121.84,174.32,0.75,-1,-1,-1
16,16,765.90,248.85,24.30,68.40,0.71,-1,-1,-1
17,1,636.98,225.42,62.11,192.00,0.94,-1,-1,-1
17,2,390.01,238.14,102.55,306.03,0.89,-1,-1,-1
17,3,699.68,243.94,66.32,207.44,0.90,-1,-1,-1
17,4,722.50,221.30,51.86,165.95,0.87,-1,-1,-1
17,6,650.68,224.86,59.93,172.88,0.86,-1,-1,-1
17,7,811.48,221.81,170.29,381.56,0.92,-1,-1,-1
17,9,776.34,246.42,60.55,141.67,0.85,-1,-1,-1
17,10,1232.22,235.18,55.34,127.44,0.76,-1,-1,-1
17,11,-102.85,124.00,341.57,790.23,0.78,-1,-1,-1
17,12,137.17,305.23,468.99,962.38,0.88,-1,-1,-1
17,13,1159.60,233.43,46.42,104.75,0.84,-1,-1,-1
17,15,1214.14,242.26,112.53,168.53,0.80,-1,-1,-1
17,16,766.67,246.48,25.03,70.98,0.73,-1,-1,-1
18,1,637.89,224.51,62.82,193.66,0.94,-1,-1,-1
18,2,389.02,237.42,101.47,305.58,0.88,-1,-1,-1
18,3,703.83,244.17,64.30,208.17,0.89,-1,-1,-1
18,4,724.91,221.07,51.43,166.66,0.87,-1,-1,-1
18,6,651.52,224.44,62.13,174.36,0.86,-1,-1,-1
18,7,816.46,219.98,172.77,386.27,0.92,-1,-1,-1
18,9,778.18,246.11,59.92,141.37,0.83,-1,-1,-1
18,10,1236.11,235.04,56.01,128.32,0.62,-1,-1,-1
18,11,-105.22,118.13,336.39,791.49,0.80,-1,-1,-1
18,12,148.62,309.32,477.61,953.68,0.88,-1,-1,-1
18,13,1161.13,233.38,46.87,105.69,0.82,-1,-1,-1
18,15,1211.39,240.60,103.67,165.04,0.82,-1,-1,-1
18,16,767.93,248.28,25.19,69.10,0.73,-1,-1,-1
19,1,638.31,223.89,64.83,194.69,0.94,-1,-1,-1
19,2,387.42,236.29,100.74,308.11,0.88,-1,-1,-1
19,3,708.16,244.10,61.05,208.86,0.92,-1,-1,-1
19,4,726.98,221.81,51.26,166.41,0.87,-1,-1,-1
19,6,652.23,224.44,63.51,175.05,0.86,-1,-1,-1
19,7,820.64,219.22,175.25,390.40,0.92,-1,-1,-1
19,9,780.03,245.97,59.64,142.63,0.84,-1,-1,-1
19,10,1240.16,235.21,55.04,129.91,0.55,-1,-1,-1
19,11,-107.28,109.45,333.14,800.30,0.82,-1,-1,-1
19,12,161.37,311.80,476.71,946.23,0.89,-1,-1,-1
19,13,1162.59,233.16,48.18,107.43,0.84,-1,-1,-1
19,15,1206.83,239.48,105.86,162.68,0.83,-1,-1,-1
19,16,768.31,249.24,25.92,68.02,0.73,-1,-1,-1
20,1,638.78,223.31,65.63,195.76,0.94,-1,-1,-1
20,2,386.87,235.67,100.72,311.62,0.88,-1,-1,-1
20,3,710.15,244.32,60.49,209.54,0.92,-1,-1,-1
20,4,729.32,221.57,49.44,166.73,0.88,-1,-1,-1
20,6,653.13,223.93,62.32,177.16,0.84,-1,-1,-1
20,7,822.66,218.50,180.32,402.13,0.91,-1,-1,-1
20,9,781.43,245.71,60.77,144.68,0.85,-1,-1,-1
20,10,1243.62,236.21,53.47,127.05,0.39,-1,-1,-1
20,11,-115.20,104.48,334.15,811.03,0.81,-1,-1,-1
20,12,174.85,310.81,471.59,931.74,0.88,-1,-1,-1
20,13,1163.27,232.69,49.88,111.40,0.86,-1,-1,-1
20,15,1202.39,241.34,105.29,159.53,0.80,-1,-1,-1
20,16,768.93,249.02,26.82,69.83,0.80,-1,-1,-1
21,1,638.86,222.67,67.02,196.75,0.94,-1,-1,-1
21,2,386.68,234.47,100.75,312.61,0.88,-1,-1,-1
21,3,711.55,244.17,60.22,210.47,0.92,-1,-1,-1
21,4,730.55,221.28,49.31,166.97,0.87,-1,-1,-1
21,6,653.98,222.93,62.33,178.33,0.86,-1,-1,-1
21,7,827.18,216.43,184.57,406.70,0.91,-1,-1,-1
21,9,781.99,244.94,62.30,145.90,0.83,-1,-1,-1
21,10,1246.85,235.23,53.97,134.31,0.20,-1,-1,-1
21,11,-121.62,95.60,335.93,833.79,0.80,-1,-1,-1
21,12,189.27,305.75,457.18,934.69,0.88,-1,-1,-1
21,13,1164.94,232.33,50.45,110.45,0.83,-1,-1,-1
21,15,1213.78,239.33,90.87,175.73,0.72,-1,-1,-1
21,16,770.78,249.33,26.45,69.74,0.76,-1,-1,-1
22,1,638.16,222.36,68.88,198.37,0.94,-1,-1,-1
22,2,384.89,234.27,100.74,315.82,0.86,-1,-1,-1
22,3,711.75,243.24,62.71,213.24,0.92,-1,-1,-1
22,4,731.01,220.54,50.62,168.53,0.86,-1,-1,-1
22,6,654.80,222.26,61.30,179.92,0.86,-1,-1,-1
22,7,831.41,214.86,191.52,419.59,0.92,-1,-1,-1
22,9,782.31,245.09,67.75,147.78,0.81,-1,-1,-1
22,11,-130.20,78.10,338.43,867.95,0.78,-1,-1,-1
22,12,208.09,298.03,441.08,938.77,0.87,-1,-1,-1
22,13,1166.11,232.63,51.95,105.76,0.81,-1,-1,-1
22,15,1210.35,234.58,97.19,189.86,0.81,-1,-1,-1
22,16,771.59,249.53,26.34,70.13,0.74,-1,-1,-1
23,1,639.42,222.18,68.96,200.02,0.94,-1,-1,-1
23,2,383.85,234.57,100.99,309.72,0.85,-1,-1,-1
23,3,712.72,242.79,63.60,215.05,0.92,-1,-1,-1
23,4,732.67,220.25,50.49,168.65,0.86,-1,-1,-1
23,6,656.09,221.63,61.44,181.57,0.85,-1,-1,-1
23,7,835.59,213.98,201.83,426.05,0.93,-1,-1,-1
23,9,780.98,244.91,69.78,148.69,0.84,-1,-1,-1
23,11,-132.64,102.71,335.36,840.57,0.78,-1,-1,-1
23,12,224.64,285.87,423.39,947.94,0.86,-1,-1,-1
23,13,1169.87,232.82,50.14,105.96,0.80,-1,-1,-1
23,15,1203.62,230.60,103.94,191.02,0.79,-1,-1,-1
23,16,772.48,249.15,26.28,70.24,0.76,-1,-1,-1
24,1,639.62,222.04,70.02,202.16,0.95,-1,-1,-1
24,2,387.92,235.11,97.47,291.96,0.82,-1,-1,-1
24,3,713.52,242.28,64.43,216.56,0.91,-1,-1,-1
24,4,733.40,219.91,51.57,169.70,0.85,-1,-1,-1
24,6,657.43,220.79,61.98,183.65,0.86,-1,-1,-1
24,7,836.87,213.96,213.76,432.70,0.91,-1,-1,-1
24,9,779.62,244.35,71.60,147.90,0.86,-1,-1,-1
24,11,-131.81,135.35,329.37,799.22,0.75,-1,-1,-1
24,12,243.40,278.55,393.16,946.68,0.87,-1,-1,-1
24,13,1171.99,232.57,49.30,105.28,0.81,-1,-1,-1
24,15,1192.21,229.53,112.37,177.18,0.87,-1,-1,-1
24,16,773.17,248.62,24.97,70.80,0.63,-1,-1,-1
25,1,639.71,222.00,70.39,205.00,0.94,-1,-1,-1
25,2,388.28,235.18,99.80,274.39,0.77,-1,-1,-1
25,3,715.88,242.10,63.55,217.70,0.90,-1,-1,-1
25,4,735.14,220.25,51.37,169.49,0.85,-1,-1,-1
25,6,657.65,220.04,63.95,185.59,0.86,-1,-1,-1
25,7,841.34,215.10,202.35,436.62,0.93,-1,-1,-1
25,9,781.13,244.30,70.52,150.25,0.86,-1,-1,-1
25,11,-129.20,146.99,320.57,797.33,0.73,-1,-1,-1
25,12,260.78,272.00,358.08,950.10,0.89,-1,-1,-1
25,13,1171.59,232.50,51.35,107.41,0.78,-1,-1,-1
25,15,1187.46,229.48,113.19,167.21,0.89,-1,-1,-1
25,16,774.34,247.66,25.10,71.92,0.70,-1,-1,-1
26,1,639.51,221.93,71.70,207.41,0.94,-1,-1,-1
26,2,386.43,235.08,105.44,284.32,0.61,-1,-1,-1
26,3,718.00,241.74,63.22,219.55,0.90,-1,-1,-1
26,4,736.41,220.68,51.90,169.37,0.86,-1,-1,-1
26,6,658.39,219.33,65.27,186.84,0.88,-1,-1,-1
26,7,844.54,215.63,199.36,441.63,0.94,-1,-1,-1
26,9,780.89,244.13,71.23,151.99,0.88,-1,-1,-1
26,11,-121.16,142.55,306.37,838.67,0.70,-1,-1,-1
26,12,275.14,275.36,329.92,940.20,0.89,-1,-1,-1
26,13,1158.58,232.43,67.32,114.43,0.82,-1,-1,-1
26,15,1184.05,229.88,114.68,163.05,0.87,-1,-1,-1
26,16,775.09,246.38,24.54,72.93,0.58,-1,-1,-1
26,17,711.90,248.17,34.20,117.45,0.70,-1,-1,-1
27,1,639.39,221.82,72.78,209.44,0.94,-1,-1,-1
27,2,380.16,234.95,116.35,294.84,0.72,-1,-1,-1
27,3,719.90,241.80,64.30,220.66,0.89,-1,-1,-1
27,4,737.41,220.95,52.71,170.13,0.83,-1,-1,-1
27,6,658.92,218.52,66.96,188.14,0.89,-1,-1,-1
27,7,849.77,215.22,199.35,446.95,0.95,-1,-1,-1
27,9,781.92,243.96,72.07,152.91,0.88,-1,-1,-1
27,11,-124.87,152.83,306.62,845.51,0.66,-1,-1,-1
27,12,286.94,276.56,315.57,931.32,0.89,-1,-1,-1
27,13,1153.32,232.41,75.30,119.07,0.87,-1,-1,-1
27,15,1182.28,231.14,114.05,159.75,0.86,-1,-1,-1
27,16,776.52,245.93,24.34,72.70,0.66,-1,-1,-1
27,17,710.87,248.08,35.68,118.95,0.77,-1,-1,-1
28,1,639.33,222.03,73.77,211.37,0.94,-1,-1,-1
28,2,380.43,234.30,115.85,315.74,0.82,-1,-1,-1
28,3,722.95,240.74,61.76,223.28,0.90,-1,-1,-1
28,4,737.16,220.55,54.22,171.18,0.86,-1,-1,-1
28,6,659.40,217.29,67.60,190.68,0.90,-1,-1,-1
28,7,853.16,215.53,203.13,451.59,0.94,-1,-1,-1
28,9,782.91,243.85,71.79,154.13,0.89,-1,-1,-1
28,11,-122.89,157.33,299.34,835.55,0.71,-1,-1,-1
28,12,298.76,280.99,305.26,923.67,0.90,-1,-1,-1
28,13,1152.72,231.89,77.69,118.25,0.88,-1,-1,-1
28,15,1180.68,232.80,111.41,154.33,0.88,-1,-1,-1
28,16,777.02,245.41,24.89,72.61,0.61,-1,-1,-1
28,17,710.01,248.04,37.35,121.00,0.77,-1,-1,-1
29,1,640.38,222.47,73.40,213.20,0.93,-1,-1,-1
29,2,379.98,233.81,117.40,318.67,0.81,-1,-1,-1
29,3,725.13,241.02,58.82,223.77,0.89,-1,-1,-1
29,4,737.49,220.43,54.09,172.06,0.83,-1,-1,-1
29,6,660.35,216.61,68.29,191.57,0.90,-1,-1,-1
29,7,857.43,215.97,205.64,456.10,0.93,-1,-1,-1
29,9,783.71,243.48,73.32,155.15,0.89,-1,-1,-1
29,11,-139.72,155.03,309.53,845.47,0.69,-1,-1,-1
29,12,312.04,284.11,295.61,902.90,0.89,-1,-1,-1
29,13,1153.94,232.16,77.34,114.32,0.87,-1,-1,-1
29,15,1179.39,233.60,109.07,151.21,0.89,-1,-1,-1
29,16,777.64,244.29,26.26,74.06,0.77,-1,-1,-1
29,17,710.62,247.61,38.54,123.37,0.78,-1,-1,-1
30,1,640.71,223.20,73.35,214.10,0.93,-1,-1,-1
30,2,379.92,233.31,118.28,330.86,0.82,-1,-1,-1
30,3,726.70,241.65,62.75,224.35,0.89,-1,-1,-1
30,4,739.88,220.46,54.13,172.06,0.82,-1,-1,-1
30,6,661.23,215.95,70.99,193.68,0.91,-1,-1,-1
30,7,863.91,216.60,207.94,460.06,0.94,-1,-1,-1
30,9,785.14,243.39,73.96,155.77,0.89,-1,-1,-1
30,11,-157.25,135.46,328.00,888.19,0.65,-1,-1,-1
30,12,324.81,285.94,290.62,899.08,0.87,-1,-1,-1
30,13,1155.91,232.09,78.31,120.20,0.88,-1,-1,-1
30,15,1178.12,233.43,110.71,149.82,0.88,-1,-1,-1
30,16,778.11,244.36,27.39,74.28,0.76,-1,-1,-1
30,17,711.72,248.19,40.26,122.72,0.79,-1,-1,-1
30,8,944.05,250.98,25.18,66.07,0.62,-1,-1,-1
31,1,641.32,223.06,73.29,217.92,0.93,-1,-1,-1
31,2,380.12,232.99,118.55,347.51,0.85,-1,-1,-1
31,3,727.75,242.51,64.72,225.11,0.89,-1,-1,-1
31,4,742.73,220.19,52.35,173.52,0.78,-1,-1,-1
31,6,662.61,215.74,70.25,194.41,0.91,-1,-1,-1
31,7,869.71,217.02,209.86,463.59,0.94,-1,-1,-1
31,9,787.62,244.12,74.16,155.09,0.88,-1,-1,-1
31,11,-175.03,123.38,344.33,918.07,0.66,-1,-1,-1
31,12,337.24,286.34,284.69,898.73,0.88,-1,-1,-1
31,13,1157.74,231.97,78.62,121.45,0.87,-1,-1,-1
31,15,1176.44,233.72,111.30,149.10,0.86,-1,-1,-1
31,16,778.74,245.17,27.23,73.16,0.73,-1,-1,-1
31,17,712.00,248.73,41.43,121.76,0.82,-1,-1,-1
31,8,945.72,250.87,24.04,64.47,0.40,-1,-1,-1
32,1,641.38,221.65,73.98,222.35,0.93,-1,-1,-1
32,2,379.63,233.26,121.78,369.75,0.85,-1,-1,-1
32,3,727.99,244.10,68.54,225.47,0.90,-1,-1,-1
32,4,743.95,220.01,53.56,175.92,0.71,-1,-1,-1
32,6,662.69,215.85,71.21,195.23,0.92,-1,-1,-1
32,7,875.30,215.43,213.16,470.83,0.95,-1,-1,-1
32,9,789.36,244.92,75.49,155.44,0.88,-1,-1,-1
32,11,-196.18,98.38,364.08,971.42,0.61,-1,-1,-1
32,12,350.76,288.59,281.59,900.35,0.86,-1,-1,-1
32,13,1160.36,231.67,77.60,120.74,0.87,-1,-1,-1
32,15,1174.88,233.58,112.84,148.35,0.85,-1,-1,-1
32,16,778.58,245.39,27.80,73.05,0.67,-1,-1,-1
32,17,711.07,248.66,43.71,122.06,0.86,-1,-1,-1
32,8,946.91,249.78,24.89,64.52,0.56,-1,-1,-1
33,1,641.55,220.76,75.72,224.34,0.94,-1,-1,-1
33,2,380.32,233.11,122.06,380.03,0.86,-1,-1,-1
33,3,732.16,245.54,65.65,224.62,0.92,-1,-1,-1
33,4,746.50,220.35,53.20,179.34,0.67,-1,-1,-1
33,6,662.24,215.96,73.07,195.36,0.93,-1,-1,-1
33,7,880.47,215.21,215.73,476.23,0.95,-1,-1,-1
33,9,791.45,244.60,73.99,156.65,0.85,-1,-1,-1
33,11,-203.75,90.76,366.24,1002.48,0.60,-1,-1,-1
33,12,363.29,287.19,283.69,890.12,0.86,-1,-1,-1
33,13,1161.02,232.04,78.08,121.55,0.86,-1,-1,-1
33,15,1173.41,234.80,110.79,145.68,0.85,-1,-1,-1
33,16,779.38,245.46,26.73,72.06,0.61,-1,-1,-1
33,17,711.98,248.57,43.77,121.44,0.88,-1,-1,-1
33,8,948.33,249.35,25.11,63.29,0.56,-1,-1,-1
34,1,641.88,221.05,75.96,225.29,0.94,-1,-1,-1
34,2,380.83,234.01,118.78,374.55,0.87,-1,-1,-1
34,3,735.58,247.42,64.66,223.49,0.93,-1,-1,-1
34,4,748.96,220.46,52.02,182.47,0.68,-1,-1,-1
34,6,662.06,216.18,74.51,196.35,0.92,-1,-1,-1
34,7,886.87,213.70,219.14,482.76,0.94,-1,-1,-1
34,9,796.19,244.75,71.15,158.62,0.85,-1,-1,-1
34,11,-208.58,81.31,366.86,1032.91,0.58,-1,-1,-1
34,12,375.70,294.44,288.40,876.59,0.87,-1,-1,-1
34,13,1162.84,232.35,79.50,122.16,0.86,-1,-1,-1
34,15,1172.78,235.12,106.57,143.90,0.85,-1,-1,-1
34,16,781.25,246.07,23.96,63.29,0.43,-1,-1,-1
34,17,712.38,249.15,44.42,121.56,0.88,-1,-1,-1
34,8,949.66,248.31,25.25,64.94,0.55,-1,-1,-1
35,1,641.36,219.54,77.17,228.92,0.94,-1,-1,-1
35,2,381.67,234.93,116.47,367.56,0.93,-1,-1,-1
35,3,737.62,247.36,65.44,224.04,0.92,-1,-1,-1
35,4,750.95,220.87,50.94,175.86,0.72,-1,-1,-1
35,6,662.51,216.43,75.00,197.22,0.91,-1,-1,-1
35,7,893.48,213.44,222.89,489.37,0.94,-1,-1,-1
35,9,799.36,244.36,68.80,160.79,0.84,-1,-1,-1
35,11,-217.53,62.94,375.33,1092.30,0.42,-1,-1,-1
35,12,388.87,297.11,295.64,872.75,0.87,-1,-1,-1
35,13,1163.94,231.91,82.29,128.83,0.87,-1,-1,-1
35,15,1171.28,234.96,109.80,143.60,0.85,-1,-1,-1
35,16,782.45,247.25,22.89,60.54,0.38,-1,-1,-1
35,17,712.77,249.34,44.61,122.79,0.89,-1,-1,-1
35,8,950.58,246.47,26.47,69.67,0.70,-1,-1,-1
36,1,640.52,218.68,78.80,231.45,0.94,-1,-1,-1
36,2,382.21,235.45,115.89,366.65,0.93,-1,-1,-1
36,3,740.66,247.48,65.14,224.10,0.92,-1,-1,-1
36,4,751.90,221.10,51.75,176.35,0.72,-1,-1,-1
36,6,662.62,217.13,76.34,197.54,0.92,-1,-1,-1
36,7,899.97,213.20,226.62,494.89,0.94,-1,-1,-1
36,9,799.24,244.65,69.75,159.26,0.86,-1,-1,-1
36,11,-238.30,41.84,391.82,1103.99,0.47,-1,-1,-1
36,12,403.40,296.59,300.31,861.12,0.88,-1,-1,-1
36,13,1165.57,232.33,79.87,127.55,0.84,-1,-1,-1
36,15,1170.23,233.85,113.37,143.89,0.85,-1,-1,-1
36,16,783.44,248.27,22.52,59.35,0.30,-1,-1,-1
36,17,713.77,249.42,44.64,123.55,0.88,-1,-1,-1
36,8,952.07,247.23,28.10,76.38,0.72,-1,-1,-1
37,1,640.81,218.80,78.82,231.57,0.94,-1,-1,-1
37,2,382.76,235.79,116.57,371.01,0.93,-1,-1,-1
37,3,742.66,246.44,66.82,226.04,0.92,-1,-1,-1
37,4,753.13,220.87,53.85,175.33,0.80,-1,-1,-1
37,6,662.69,216.94,77.42,198.48,0.91,-1,-1,-1
37,7,906.14,213.38,231.19,500.30,0.94,-1,-1,-1
37,9,799.77,244.59,70.10,160.10,0.87,-1,-1,-1
37,11,-273.22,4.04,420.72,1168.51,0.43,-1,-1,-1
37,12,417.98,290.62,306.41,865.09,0.88,-1,-1,-1
37,13,1166.81,232.45,78.80,126.36,0.85,-1,-1,-1
37,15,1169.32,232.94,118.25,144.35,0.86,-1,-1,-1
37,16,785.01,248.76,22.41,58.36,0.12,-1,-1,-1
37,17,714.77,249.87,44.02,123.20,0.87,-1,-1,-1
37,8,952.64,246.36,28.73,80.95,0.83,-1,-1,-1
38,1,640.96,217.60,78.29,234.75,0.93,-1,-1,-1
38,2,383.16,236.04,118.12,375.10,0.93,-1,-1,-1
38,3,745.52,246.40,67.51,227.16,0.92,-1,-1,-1
38,4,754.83,221.13,53.52,170.22,0.77,-1,-1,-1
38,6,663.34,217.39,77.29,198.60,0.91,-1,-1,-1
38,7,911.77,213.19,236.87,506.56,0.94,-1,-1,-1
38,9,803.33,245.52,69.11,160.17,0.84,-1,-1,-1
38,11,-283.88,22.19,427.43,1133.71,0.36,-1,-1,-1
38,12,434.50,287.04,311.46,871.69,0.87,-1,-1,-1
38,13,1168.81,232.05,77.22,123.84,0.83,-1,-1,-1
38,15,1169.40,232.61,119.04,144.03,0.84,-1,-1,-1
38,16,785.97,248.67,23.01,59.32,0.24,-1,-1,-1
38,17,715.82,249.95,44.38,124.02,0.87,-1,-1,-1
38,8,953.63,246.06,28.99,83.08,0.84,-1,-1,-1
39,1,642.94,217.79,75.61,234.91,0.93,-1,-1,-1
39,2,383.72,236.40,119.32,379.61,0.93,-1,-1,-1
39,3,748.41,246.11,67.11,228.35,0.92,-1,-1,-1
39,4,757.00,221.12,53.91,165.49,0.75,-1,-1,-1
39,6,663.41,217.74,77.13,198.53,0.90,-1,-1,-1
39,7,919.93,212.33,238.77,515.04,0.93,-1,-1,-1
39,9,804.70,245.76,68.06,161.90,0.84,-1,-1,-1
39,11,-285.60,32.81,428.81,1163.11,0.26,-1,-1,-1
39,12,452.82,286.42,312.11,877.41,0.88,-1,-1,-1
39,13,1169.77,231.86,76.50,123.70,0.83,-1,-1,-1
39,15,1168.54,232.45,120.40,142.71,0.82,-1,-1,-1
39,16,786.99,248.66,23.82,61.19,0.13,-1,-1,-1
39,17,715.72,249.84,43.86,124.86,0.87,-1,-1,-1
39,8,954.84,246.60,29.05,84.12,0.85,-1,-1,-1
40,1,643.39,218.02,75.19,235.96,0.93,-1,-1,-1
40,2,384.34,236.43,123.81,384.07,0.94,-1,-1,-1
40,3,750.34,246.58,67.56,229.70,0.91,-1,-1,-1
40,4,758.38,220.80,55.27,171.98,0.78,-1,-1,-1
40,6,664.03,218.04,77.07,198.49,0.90,-1,-1,-1
40,7,925.30,212.86,244.15,518.16,0.93,-1,-1,-1
40,9,810.30,246.60,62.88,158.67,0.88,-1,-1,-1
40,11,-272.30,42.40,402.69,1189.39,0.30,-1,-1,-1
40,12,468.89,285.02,316.54,897.12,0.89,-1,-1,-1
40,13,1170.79,231.45,76.23,123.33,0.83,-1,-1,-1
40,15,1167.19,237.79,104.43,135.33,0.66,-1,-1,-1
40,17,715.39,249.50,44.84,126.08,0.88,-1,-1,-1
40,8,956.50,245.52,29.07,85.35,0.84,-1,-1,-1
40,18,1168.20,231.07,126.00,146.25,0.76,-1,-1,-1
41,1,643.19,218.02,76.30,239.39,0.92,-1,-1,-1
41,2,384.89,237.78,126.52,387.26,0.93,-1,-1,-1
41,3,752.81,248.53,70.76,229.52,0.89,-1,-1,-1
41,4,760.67,221.33,54.08,168.75,0.76,-1,-1,-1
41,6,663.92,218.27,78.28,200.10,0.89,-1,-1,-1
41,7,932.95,212.29,247.55,522.65,0.94,-1,-1,-1
41,9,812.97,246.59,62.84,158.45,0.88,-1,-1,-1
41,11,-261.07,78.24,391.94,1150.59,0.23,-1,-1,-1
41,12,481.70,286.31,323.32,906.52,0.89,-1,-1,-1
41,13,1171.84,231.40,77.36,123.57,0.82,-1,-1,-1
41,15,1167.42,239.15,98.02,132.44,0.63,-1,-1,-1
41,17,716.15,249.52,45.84,126.63,0.89,-1,-1,-1
41,8,958.20,244.49,29.10,86.42,0.78,-1,-1,-1
41,18,1168.98,230.82,126.22,144.21,0.80,-1,-1,-1
42,1,643.24,218.75,76.60,243.67,0.92,-1,-1,-1
42,2,385.39,239.16,135.98,390.90,0.93,-1,-1,-1
42,3,755.16,249.88,75.94,230.07,0.89,-1,-1,-1
42,4,762.37,221.66,52.91,168.88,0.79,-1,-1,-1
42,6,663.68,217.82,79.20,201.64,0.89,-1,-1,-1
42,7,939.32,213.20,250.71,526.37,0.94,-1,-1,-1
42,9,812.93,247.34,66.40,158.21,0.84,-1,-1,-1
42,11,-259.15,105.75,375.54,1112.37,0.22,-1,-1,-1
42,12,494.97,287.35,327.18,916.16,0.89,-1,-1,-1
42,15,1169.97,233.58,83.28,132.55,0.81,-1,-1,-1
42,17,717.07,249.54,45.54,127.26,0.89,-1,-1,-1
42,8,960.04,245.04,29.04,77.65,0.80,-1,-1,-1
42,18,1175.74,230.64,113.71,145.82,0.78,-1,-1,-1
43,1,641.68,219.31,79.76,248.37,0.89,-1,-1,-1
43,2,385.24,240.70,138.70,394.26,0.95,-1,-1,-1
43,3,757.41,252.22,75.13,230.24,0.91,-1,-1,-1
43,4,763.79,222.35,51.91,161.73,0.69,-1,-1,-1
43,6,662.61,217.41,80.19,203.74,0.88,-1,-1,-1
43,7,947.46,214.60,253.21,534.68,0.93,-1,-1,-1
43,9,816.70,248.29,65.99,158.13,0.84,-1,-1,-1
43,11,-270.12,109.32,386.37,1063.45,0.30,-1,-1,-1
43,12,508.24,296.32,331.30,907.46,0.89,-1,-1,-1
43,15,1169.81,233.20,83.38,134.84,0.78,-1,-1,-1
43,17,717.35,249.91,46.63,128.12,0.89,-1,-1,-1
43,8,961.33,246.83,29.03,73.42,0.83,-1,-1,-1
43,18,1185.14,230.57,100.69,147.42,0.76,-1,-1,-1
44,1,641.92,220.72,79.10,238.12,0.88,-1,-1,-1
44,2,385.09,242.61,140.30,398.19,0.95,-1,-1,-1
44,3,759.57,253.00,74.08,231.99,0.92,-1,-1,-1
44,4,766.28,223.54,49.67,154.77,0.73,-1,-1,-1
44,6,662.72,216.81,80.47,205.68,0.87,-1,-1,-1
44,7,954.92,216.42,256.19,538.23,0.93,-1,-1,-1
44,9,817.65,248.84,77.17,160.21,0.84,-1,-1,-1
44,11,-266.22,126.25,373.41,999.18,0.23,-1,-1,-1
44,12,521.94,300.21,332.55,900.12,0.90,-1,-1,-1
44,15,1167.66,234.10,90.88,137.51,0.69,-1,-1,-1
44,17,717.66,251.15,46.40,127.18,0.88,-1,-1,-1
44,8,962.78,245.45,28.99,74.62,0.78,-1,-1,-1
44,18,1179.76,231.72,106.49,149.54,0.77,-1,-1,-1
45,1,641.92,221.17,79.43,237.85,0.88,-1,-1,-1
45,2,384.52,244.56,142.36,402.38,0.95,-1,-1,-1
45,3,761.45,255.42,72.48,232.41,0.93,-1,-1,-1
45,4,768.61,224.47,47.64,151.13,0.74,-1,-1,-1
45,6,662.97,217.17,80.59,207.28,0.86,-1,-1,-1
45,7,962.90,217.90,257.34,546.24,0.92,-1,-1,-1
45,9,818.00,249.99,82.91,160.11,0.85,-1,-1,-1
45,12,533.90,309.77,339.59,884.90,0.88,-1,-1,-1
45,15,1165.85,235.41,91.15,145.46,0.76,-1,-1,-1
45,17,716.52,251.82,48.08,126.87,0.87,-1,-1,-1
45,8,963.91,245.18,28.98,75.96,0.80,-1,-1,-1
45,18,1193.62,233.48,90.89,154.74,0.67,-1,-1,-1
46,1,641.89,222.38,80.05,238.30,0.89,-1,-1,-1
46,2,384.17,245.94,142.50,406.44,0.95,-1,-1,-1
46,3,762.91,257.97,70.56,231.63,0.93,-1,-1,-1
46,4,769.96,225.06,46.86,149.82,0.76,-1,-1,-1
46,6,663.04,216.86,81.12,210.51,0.85,-1,-1,-1
46,7,969.79,218.84,256.25,554.82,0.92,-1,-1,-1
46,9,818.85,250.62,84.04,160.62,0.85,-1,-1,-1
46,12,543.85,317.31,342.47,868.87,0.89,-1,-1,-1
46,17,716.62,252.39,51.58,127.64,0.87,-1,-1,-1
46,8,963.61,243.83,30.13,77.36,0.81,-1,-1,-1
46,18,1174.30,235.13,108.24,151.87,0.84,-1,-1,-1
47,1,640.65,223.22,84.44,239.93,0.88,-1,-1,-1
47,2,382.16,247.49,143.68,411.64,0.95,-1,-1,-1
47,3,763.65,258.62,68.63,232.25,0.91,-1,-1,-1
47,4,770.36,225.73,48.45,150.55,0.78,-1,-1,-1
47,6,662.72,216.92,81.91,215.58,0.85,-1,-1,-1
47,7,985.23,221.02,249.84,560.95,0.91,-1,-1,-1
47,9,819.09,250.87,74.02,161.38,0.87,-1,-1,-1
47,12,550.60,319.30,341.79,864.47,0.88,-1,-1,-1
47,17,716.31,252.92,51.19,124.64,0.85,-1,-1,-1
47,8,965.24,246.19,28.22,75.80,0.80,-1,-1,-1
47,18,1166.89,236.23,112.66,147.21,0.83,-1,-1,-1
48,1,640.17,224.68,86.65,246.47,0.89,-1,-1,-1
48,2,379.45,248.42,145.96,416.63,0.95,-1,-1,-1
48,3,763.84,259.38,75.14,231.99,0.90,-1,-1,-1
48,4,770.16,226.15,49.64,155.96,0.80,-1,-1,-1
48,6,662.30,216.61,82.18,217.19,0.85,-1,-1,-1
48,7,996.87,222.82,246.04,571.85,0.91,-1,-1,-1
48,9,819.08,250.61,68.56,164.66,0.88,-1,-1,-1
48,12,555.00,321.07,340.82,866.67,0.89,-1,-1,-1
48,17,716.49,253.67,50.39,124.39,0.84,-1,-1,-1
48,8,966.46,247.84,27.42,74.58,0.83,-1,-1,-1
48,18,1167.06,236.27,108.42,149.20,0.79,-1,-1,-1
49,1,640.60,224.91,86.32,248.02,0.90,-1,-1,-1
49,2,375.49,248.85,149.71,421.83,0.95,-1,-1,-1
49,3,763.94,260.21,70.53,232.37,0.90,-1,-1,-1
49,4,769.78,226.12,50.10,160.09,0.80,-1,-1,-1
49,6,663.06,216.47,81.66,216.57,0.85,-1,-1,-1
49,7,1005.80,223.61,244.55,576.63,0.91,-1,-1,-1
49,9,819.37,250.04,68.46,167.40,0.88,-1,-1,-1
49,12,557.99,325.96,339.79,853.74,0.89,-1,-1,-1
49,17,716.30,253.77,48.26,124.30,0.82,-1,-1,-1
49,8,968.13,249.20,27.13,73.83,0.80,-1,-1,-1
49,18,1176.64,237.17,95.62,159.07,0.79,-1,-1,-1
50,1,641.10,224.60,85.54,253.03,0.91,-1,-1,-1
50,2,370.30,249.03,155.03,426.85,0.95,-1,-1,-1
50,3,763.58,259.51,67.34,232.25,0.92,-1,-1,-1
50,4,769.01,226.01,51.47,165.87,0.80,-1,-1,-1
50,6,663.37,216.86,81.43,216.38,0.85,-1,-1,-1
50,7,1018.50,223.70,234.36,585.22,0.91,-1,-1,-1
50,9,816.16,249.14,72.05,169.65,0.87,-1,-1,-1
50,12,559.26,322.79,337.54,850.33,0.89,-1,-1,-1
50,17,717.16,253.87,47.41,117.40,0.80,-1,-1,-1
50,8,968.16,248.43,27.03,75.96,0.77,-1,-1,-1
50,18,1181.04,237.59,87.08,164.49,0.84,-1,-1,-1
50,13,1216.19,233.33,46.47,112.99,0.77,-1,-1,-1
51,1,641.15,223.85,86.33,255.40,0.92,-1,-1,-1
51,2,365.49,250.47,158.21,430.83,0.94,-1,-1,-1
51,3,762.58,258.59,66.73,233.02,0.91,-1,-1,-1
51,4,767.61,225.95,54.33,171.27,0.76,-1,-1,-1
51,6,662.74,216.91,82.46,220.57,0.84,-1,-1,-1
51,7,1027.48,222.83,232.72,596.67,0.90,-1,-1,-1
51,9,817.70,249.09,72.13,173.37,0.83,-1,-1,-1
51,12,560.66,319.80,330.43,853.61,0.89,-1,-1,-1
51,17,716.10,253.55,47.05,114.43,0.80,-1,-1,-1
51,8,968.46,247.26,26.97,73.17,0.79,-1,-1,-1
51,18,1179.61,237.90,84.32,167.06,0.81,-1,-1,-1
51,13,1220.26,233.42,43.33,111.51,0.81,-1,-1,-1
52,1,641.19,223.23,86.58,257.01,0.93,-1,-1,-1
52,2,361.69,249.99,160.77,435.68,0.95,-1,-1,-1
52,3,761.28,258.12,66.48,230.59,0.92,-1,-1,-1
52,4,767.64,225.25,55.96,173.89,0.75,-1,-1,-1
52,6,662.23,217.28,82.21,222.37,0.83,-1,-1,-1
52,7,1031.04,223.27,233.27,603.43,0.89,-1,-1,-1
52,9,816.18,249.41,73.92,172.67,0.84,-1,-1,-1
52,12,561.07,314.46,321.59,855.92,0.89,-1,-1,-1
52,17,715.42,252.73,46.30,117.97,0.82,-1,-1,-1
52,8,968.52,246.27,26.95,75.70,0.80,-1,-1,-1
52,18,1180.35,237.34,79.69,183.03,0.83,-1,-1,-1
52,13,1219.85,233.24,43.92,111.97,0.84,-1,-1,-1
53,1,640.79,222.58,86.67,260.15,0.93,-1,-1,-1
53,2,357.55,249.83,160.99,441.06,0.94,-1,-1,-1
53,3,759.76,255.27,66.43,230.04,0.92,-1,-1,-1
53,4,765.48,224.70,61.88,185.24,0.76,-1,-1,-1
53,6,662.51,218.64,80.93,220.41,0.80,-1,-1,-1
53,7,1035.65,223.17,234.78,608.05,0.90,-1,-1,-1
53,9,814.62,249.42,78.74,172.11,0.84,-1,-1,-1
53,12,560.69,312.03,311.15,856.43,0.89,-1,-1,-1
53,17,714.16,252.31,46.63,121.40,0.79,-1,-1,-1
53,8,969.09,246.25,26.95,75.16,0.80,-1,-1,-1
53,18,1181.30,237.45,74.45,175.04,0.75,-1,-1,-1
53,13,1215.82,232.90,48.04,111.00,0.87,-1,-1,-1
54,1,640.01,221.77,87.22,260.38,0.92,-1,-1,-1
54,2,353.73,249.34,163.38,446.02,0.95,-1,-1,-1
54,3,759.15,253.30,65.76,228.97,0.91,-1,-1,-1
54,4,762.90,224.20,65.21,193.02,0.78,-1,-1,-1
54,6,662.91,219.14,80.38,220.23,0.79,-1,-1,-1
54,7,1039.49,223.93,236.43,616.04,0.90,-1,-1,-1
54,9,817.77,249.15,74.71,172.48,0.86,-1,-1,-1
54,12,558.89,304.18,302.90,864.43,0.90,-1,-1,-1
54,17,712.76,251.70,47.33,123.93,0.75,-1,-1,-1
54,8,969.28,246.76,26.94,73.76,0.78,-1,-1,-1
54,18,1181.64,237.26,68.96,165.16,0.75,-1,-1,-1
54,13,1213.20,232.59,50.69,112.50,0.86,-1,-1,-1
55,1,638.66,220.19,89.87,263.07,0.91,-1,-1,-1
55,2,350.96,248.29,164.23,452.68,0.94,-1,-1,-1
55,3,758.41,251.65,65.01,229.36,0.91,-1,-1,-1
55,4,762.23,224.15,66.02,194.18,0.73,-1,-1,-1
55,6,662.88,220.72,79.64,223.28,0.70,-1,-1,-1
55,7,1041.85,220.38,237.26,625.76,0.90,-1,-1,-1
55,9,819.14,248.87,73.06,173.38,0.87,-1,-1,-1
55,12,558.16,297.86,299.09,883.06,0.88,-1,-1,-1
55,17,712.67,251.93,46.43,119.49,0.69,-1,-1,-1
55,8,968.75,245.34,28.16,78.02,0.79,-1,-1,-1
55,18,1188.86,244.88,53.06,134.72,0.72,-1,-1,-1
55,13,1210.28,231.96,54.16,113.63,0.85,-1,-1,-1
56,1,637.52,218.68,92.04,267.62,0.91,-1,-1,-1
56,2,347.24,247.07,164.93,458.94,0.95,-1,-1,-1
56,3,756.64,250.92,65.34,230.28,0.90,-1,-1,-1
56,4,762.01,223.39,68.61,195.25,0.80,-1,-1,-1
56,6,660.14,219.87,81.18,230.71,0.76,-1,-1,-1
56,7,1045.07,217.15,237.60,636.77,0.90,-1,-1,-1
56,9,819.10,248.79,73.06,173.52,0.86,-1,-1,-1
56,12,557.25,295.39,296.62,879.44,0.87,-1,-1,-1
56,17,710.25,251.28,50.32,126.03,0.78,-1,-1,-1
56,8,968.70,242.97,28.62,84.32,0.80,-1,-1,-1
56,18,1191.50,247.87,43.93,120.74,0.36,-1,-1,-1
56,13,1213.04,231.97,51.93,109.33,0.86,-1,-1,-1
57,1,636.16,216.88,93.97,265.78,0.91,-1,-1,-1
57,2,343.62,246.96,165.91,463.64,0.94,-1,-1,-1
57,3,753.47,249.84,66.65,232.03,0.90,-1,-1,-1
57,4,760.66,222.99,70.13,194.08,0.83,-1,-1,-1
57,6,659.06,218.02,81.11,233.25,0.77,-1,-1,-1
57,7,1048.20,213.82,235.20,647.40,0.89,-1,-1,-1
57,9,818.63,248.40,74.21,174.36,0.86,-1,-1,-1
57,12,557.62,293.25,290.82,861.61,0.87,-1,-1,-1
57,17,708.97,251.27,51.70,130.40,0.75,-1,-1,-1
57,8,968.47,242.45,28.78,85.84,0.82,-1,-1,-1
57,13,1213.83,231.64,50.97,107.35,0.88,-1,-1,-1
58,1,634.86,215.53,95.31,265.74,0.91,-1,-1,-1
58,2,338.60,246.22,168.36,470.20,0.95,-1,-1,-1
58,3,751.17,249.27,67.78,233.25,0.90,-1,-1,-1
58,4,760.20,222.44,73.02,195.80,0.86,-1,-1,-1
58,6,659.05,217.00,79.91,234.26,0.75,-1,-1,-1
58,7,1051.57,213.06,238.00,652.45,0.90,-1,-1,-1
58,9,818.21,248.21,75.26,175.21,0.86,-1,-1,-1
58,12,558.89,293.42,285.90,852.75,0.86,-1,-1,-1
58,17,710.35,250.37,48.73,129.99,0.54,-1,-1,-1
58,8,968.42,241.46,28.85,87.85,0.81,-1,-1,-1
58,13,1217.18,231.25,48.19,107.25,0.90,-1,-1,-1
59,1,633.45,214.80,97.59,267.99,0.91,-1,-1,-1
59,2,333.38,246.64,167.66,475.98,0.94,-1,-1,-1
59,3,748.79,248.22,68.83,235.46,0.90,-1,-1,-1
59,4,760.83,222.06,72.99,197.14,0.84,-1,-1,-1
59,6,659.03,214.74,79.48,237.33,0.79,-1,-1,-1
59,7,1055.53,213.52,242.70,656.77,0.88,-1,-1,-1
59,9,815.90,247.87,76.85,176.07,0.86,-1,-1,-1
59,12,565.29,302.08,279.45,830.67,0.85,-1,-1,-1
59,17,708.80,249.92,49.34,136.60,0.68,-1,-1,-1
59,8,967.72,240.66,30.07,89.16,0.80,-1,-1,-1
59,13,1219.54,231.24,45.92,108.43,0.89,-1,-1,-1
60,1,632.15,214.80,99.63,275.17,0.91,-1,-1,-1
60,2,327.07,245.50,172.10,481.84,0.95,-1,-1,-1
60,3,745.95,248.17,70.44,236.93,0.89,-1,-1,-1
60,4,762.41,222.32,71.75,195.33,0.82,-1,-1,-1
60,6,657.94,213.69,81.74,242.28,0.82,-1,-1,-1
60,7,1058.23,216.11,244.53,668.35,0.87,-1,-1,-1
60,9,813.98,248.53,81.01,176.41,0.88,-1,-1,-1
60,12,574.31,309.99,268.11,795.06,0.88,-1,-1,-1
60,17,708.36,245.71,49.58,151.06,0.51,-1,-1,-1
60,8,967.63,243.05,30.53,85.54,0.76,-1,-1,-1
60,13,1221.21,231.56,45.13,108.02,0.84,-1,-1,-1
61,1,630.40,215.07,102.16,277.98,0.90,-1,-1,-1
61,2,320.11,247.85,176.57,486.85,0.94,-1,-1,-1
61,3,745.12,249.48,69.29,237.75,0.87,-1,-1,-1
61,4,764.13,222.83,70.04,194.84,0.84,-1,-1,-1
61,6,656.56,213.40,83.20,244.09,0.84,-1,-1,-1
61,7,1062.53,216.90,242.88,677.81,0.86,-1,-1,-1
61,9,811.70,248.57,83.76,177.69,0.89,-1,-1,-1
61,12,581.67,319.49,262.36,770.15,0.89,-1,-1,-1
61,17,708.13,247.76,49.08,152.33,0.66,-1,-1,-1
61,8,966.92,242.74,31.89,87.35,0.74,-1,-1,-1
61,13,1222.93,231.60,43.65,108.49,0.83,-1,-1,-1
62,1,628.35,216.03,104.27,284.93,0.91,-1,-1,-1
62,2,313.68,249.53,177.21,493.36,0.94,-1,-1,-1
62,3,744.91,252.09,68.23,237.41,0.88,-1,-1,-1
62,4,764.84,223.63,68.75,195.76,0.81,-1,-1,-1
62,6,654.92,212.21,83.76,249.91,0.83,-1,-1,-1
62,7,1066.36,217.79,245.82,688.17,0.86,-1,-1,-1
62,9,817.57,248.91,77.80,178.10,0.89,-1,-1,-1
62,12,587.88,326.42,261.75,763.46,0.88,-1,-1,-1
62,17,708.13,251.42,48.27,145.96,0.70,-1,-1,-1
62,8,967.83,247.51,31.23,82.95,0.74,-1,-1,-1
62,13,1223.49,231.44,43.14,105.67,0.55,-1,-1,-1
63,1,627.02,215.94,102.68,295.22,0.91,-1,-1,-1
63,2,307.17,251.02,179.54,501.17,0.93,-1,-1,-1
63,3,743.66,253.65,67.81,237.20,0.81,-1,-1,-1
63,4,764.50,223.67,66.42,196.67,0.78,-1,-1,-1
63,6,652.84,211.08,86.92,261.51,0.85,-1,-1,-1
63,7,1069.34,216.18,249.25,705.11,0.84,-1,-1,-1
63,9,814.79,249.72,80.77,178.51,0.88,-1,-1,-1
63,12,592.71,328.94,264.74,768.48,0.88,-1,-1,-1
63,17,708.16,254.18,46.74,141.76,0.61,-1,-1,-1
63,8,967.55,250.40,30.94,81.47,0.75,-1,-1,-1
63,13,1229.09,231.21,36.80,86.92,0.15,-1,-1,-1
64,1,625.84,217.25,101.43,306.33,0.91,-1,-1,-1
64,2,300.17,253.25,182.92,505.94,0.94,-1,-1,-1
64,3,743.10,255.87,67.68,236.47,0.86,-1,-1,-1
64,4,764.84,224.34,67.94,198.07,0.83,-1,-1,-1
64,6,651.34,210.39,90.48,269.47,0.86,-1,-1,-1
64,7,1073.66,214.49,254.15,725.90,0.83,-1,-1,-1
64,9,811.87,250.59,83.02,178.59,0.88,-1,-1,-1
64,12,598.42,327.48,267.87,777.84,0.87,-1,-1,-1
64,17,706.25,255.03,48.01,144.92,0.60,-1,-1,-1
64,8,967.27,250.64,30.83,82.71,0.75,-1,-1,-1
65,1,623.88,218.08,102.11,321.25,0.93,-1,-1,-1
65,2,293.98,254.85,180.34,513.25,0.93,-1,-1,-1
65,3,742.29,258.23,68.82,227.39,0.76,-1,-1,-1
65,4,766.99,224.57,64.33,197.44,0.81,-1,-1,-1
65,6,651.03,210.03,91.84,270.74,0.84,-1,-1,-1
65,7,1078.43,215.78,256.01,736.39,0.83,-1,-1,-1
65,9,814.55,251.28,80.34,179.22,0.87,-1,-1,-1
65,12,605.68,327.81,269.79,776.47,0.89,-1,-1,-1
65,17,705.21,255.98,49.07,149.93,0.61,-1,-1,-1
65,8,967.46,251.51,31.97,84.39,0.69,-1,-1,-1
65,15,1113.29,238.55,77.61,117.38,0.74,-1,-1,-1
66,1,622.71,219.38,101.65,331.47,0.93,-1,-1,-1
66,2,288.29,256.67,180.83,522.76,0.92,-1,-1,-1
66,3,742.65,256.30,68.57,212.04,0.62,-1,-1,-1
66,4,769.08,224.84,62.22,199.64,0.81,-1,-1,-1
66,6,650.47,209.94,92.24,268.15,0.85,-1,-1,-1
66,7,1084.63,214.70,255.24,763.49,0.79,-1,-1,-1
66,9,815.93,251.62,79.76,180.22,0.88,-1,-1,-1
66,12,612.51,323.94,270.96,783.75,0.89,-1,-1,-1
66,17,703.12,256.56,50.02,150.52,0.61,-1,-1,-1
66,8,967.42,248.67,34.72,85.27,0.47,-1,-1,-1
66,15,1110.40,238.24,78.69,148.36,0.64,-1,-1,-1
67,1,620.52,219.19,102.63,339.81,0.92,-1,-1,-1
67,2,283.27,258.33,176.80,529.67,0.92,-1,-1,-1
67,3,742.25,257.86,68.47,199.03,0.37,-1,-1,-1
67,4,767.70,225.33,62.06,194.84,0.76,-1,-1,-1
67,6,648.81,209.36,93.53,269.65,0.85,-1,-1,-1
67,7,1090.47,217.48,246.54,768.16,0.80,-1,-1,-1
67,9,816.78,251.88,79.54,180.91,0.86,-1,-1,-1
67,12,620.84,325.00,273.32,792.09,0.88,-1,-1,-1
67,17,702.36,257.05,49.79,147.74,0.58,-1,-1,-1
67,8,968.05,251.72,31.17,82.29,0.47,-1,-1,-1
67,15,1104.55,242.23,76.42,123.66,0.68,-1,-1,-1
68,1,619.32,218.39,102.98,344.30,0.92,-1,-1,-1
68,2,277.38,260.16,175.80,538.47,0.92,-1,-1,-1
68,3,740.86,257.09,67.84,194.64,0.44,-1,-1,-1
68,4,769.25,225.25,60.81,193.26,0.79,-1,-1,-1
68,6,647.82,209.53,93.42,272.19,0.86,-1,-1,-1
68,7,1095.28,222.52,241.97,781.84,0.80,-1,-1,-1
68,9,813.47,252.21,82.46,181.56,0.84,-1,-1,-1
68,12,628.69,325.63,273.09,785.89,0.87,-1,-1,-1
68,17,701.42,255.97,50.89,153.86,0.66,-1,-1,-1
68,8,969.25,246.36,33.31,89.69,0.62,-1,-1,-1
68,15,1100.48,242.22,76.89,114.99,0.82,-1,-1,-1
69,1,615.82,218.56,105.43,351.06,0.93,-1,-1,-1
69,2,271.25,261.75,177.13,543.20,0.92,-1,-1,-1
69,3,736.02,254.08,73.02,212.97,0.24,-1,-1,-1
69,4,769.07,225.06,60.95,199.34,0.79,-1,-1,-1
69,6,647.65,209.91,92.70,274.71,0.87,-1,-1,-1
69,7,1101.53,223.98,241.39,780.63,0.79,-1,-1,-1
69,9,814.17,252.57,80.56,182.35,0.85,-1,-1,-1
69,12,632.77,322.39,274.19,798.94,0.88,-1,-1,-1
69,17,700.97,255.92,50.68,153.15,0.71,-1,-1,-1
69,8,969.55,246.84,32.86,90.86,0.66,-1,-1,-1
69,15,1097.77,242.31,80.79,111.23,0.80,-1,-1,-1
70,1,612.26,220.23,107.45,352.77,0.93,-1,-1,-1
70,2,265.78,262.83,179.60,550.33,0.92,-1,-1,-1
70,3,730.74,253.63,74.86,216.48,0.83,-1,-1,-1
70,4,768.02,225.02,62.19,200.52,0.83,-1,-1,-1
70,6,648.57,210.30,91.15,273.38,0.89,-1,-1,-1
70,7,1107.54,229.57,250.72,788.77,0.73,-1,-1,-1
70,9,817.37,252.87,76.72,182.74,0.88,-1,-1,-1
70,12,637.12,327.41,276.88,781.35,0.89,-1,-1,-1
70,17,702.34,257.57,48.77,150.25,0.75,-1,-1,-1
70,8,968.82,246.32,33.84,92.38,0.73,-1,-1,-1
70,15,1093.55,241.20,88.19,112.20,0.85,-1,-1,-1
71,1,609.64,219.70,109.92,355.59,0.93,-1,-1,-1
71,2,258.72,262.82,182.81,558.58,0.92,-1,-1,-1
71,3,730.70,256.53,72.59,213.08,0.84,-1,-1,-1
71,4,768.77,225.06,60.83,195.66,0.82,-1,-1,-1
71,6,645.84,211.20,92.90,276.48,0.89,-1,-1,-1
71,7,1113.87,232.54,256.43,792.78,0.73,-1,-1,-1
71,9,817.92,253.33,76.47,183.27,0.88,-1,-1,-1
71,12,641.38,330.11,277.83,769.39,0.88,-1,-1,-1
71,17,701.59,257.76,49.23,149.77,0.72,-1,-1,-1
71,8,969.16,247.85,33.01,94.45,0.75,-1,-1,-1
71,15,1091.54,241.26,89.78,112.68,0.82,-1,-1,-1
72,1,606.56,219.41,111.43,358.91,0.93,-1,-1,-1
72,2,251.74,263.46,186.99,567.33,0.92,-1,-1,-1
72,3,730.39,260.11,71.08,208.44,0.86,-1,-1,-1
72,4,768.33,225.11,60.94,194.64,0.83,-1,-1,-1
72,6,642.98,211.52,94.74,278.20,0.90,-1,-1,-1
72,7,1120.08,228.91,275.23,804.51,0.66,-1,-1,-1
72,9,816.50,253.37,78.21,184.32,0.88,-1,-1,-1
72,12,644.76,330.96,277.06,759.68,0.88,-1,-1,-1
72,17,700.34,257.71,49.40,150.13,0.81,-1,-1,-1
72,8,967.96,245.07,35.08,99.32,0.65,-1,-1,-1
72,15,1089.03,240.20,90.36,114.16,0.88,-1,-1,-1
73,1,603.79,218.98,113.73,362.30,0.93,-1,-1,-1
73,2,243.75,263.84,190.31,572.93,0.92,-1,-1,-1
73,3,730.50,257.31,70.51,212.92,0.85,-1,-1,-1
73,4,768.04,225.15,61.00,196.07,0.83,-1,-1,-1
73,6,639.39,211.95,98.38,280.15,0.89,-1,-1,-1
73,7,1127.32,224.68,266.04,823.41,0.75,-1,-1,-1
73,9,816.77,253.05,78.27,185.38,0.88,-1,-1,-1
73,12,646.51,331.66,276.21,748.75,0.88,-1,-1,-1
73,17,700.05,257.64,49.46,150.31,0.85,-1,-1,-1
73,8,970.13,247.47,32.32,86.97,0.62,-1,-1,-1
73,15,1086.77,239.82,90.55,113.90,0.88,-1,-1,-1
74,1,600.09,217.86,116.41,365.90,0.93,-1,-1,-1
74,2,235.53,262.48,193.12,581.44,0.92,-1,-1,-1
74,3,730.25,257.66,69.73,213.23,0.86,-1,-1,-1
74,4,767.58,224.69,61.67,197.86,0.84,-1,-1,-1
74,6,637.12,213.67,100.38,282.27,0.90,-1,-1,-1
74,7,1134.00,224.02,280.25,831.09,0.71,-1,-1,-1
74,9,815.62,252.65,79.53,186.04,0.88,-1,-1,-1
74,12,647.51,332.85,276.07,738.48,0.88,-1,-1,-1
74,17,699.32,257.35,50.12,150.94,0.84,-1,-1,-1
74,8,970.95,244.97,31.19,86.03,0.55,-1,-1,-1
74,15,1085.40,238.90,89.41,114.76,0.91,-1,-1,-1
74,19,1180.80,230.85,79.20,130.95,0.72,-1,-1,-1
75,1,596.98,217.11,116.73,369.16,0.93,-1,-1,-1
75,2,227.28,261.62,196.75,587.60,0.91,-1,-1,-1
75,3,729.57,255.89,69.40,216.19,0.86,-1,-1,-1
75,4,766.17,224.64,63.69,201.26,0.83,-1,-1,-1
75,6,635.41,213.34,101.06,284.27,0.89,-1,-1,-1
75,7,1142.13,220.93,286.43,845.25,0.67,-1,-1,-1
75,9,815.14,251.96,79.95,188.02,0.88,-1,-1,-1
75,12,649.47,330.54,275.28,741.21,0.87,-1,-1,-1
75,17,699.04,257.59,49.73,149.32,0.83,-1,-1,-1
75,8,971.78,246.30,30.76,83.89,0.56,-1,-1,-1
75,15,1083.13,238.97,87.69,114.20,0.91,-1,-1,-1
75,19,1181.21,230.43,80.77,120.71,0.81,-1,-1,-1
76,1,592.70,215.18,120.29,373.21,0.93,-1,-1,-1
76,2,218.95,259.67,200.25,595.44,0.92,-1,-1,-1
76,3,725.76,257.49,72.26,215.26,0.87,-1,-1,-1
76,4,764.74,224.60,65.60,203.53,0.83,-1,-1,-1
76,6,632.50,211.33,102.40,289.10,0.91,-1,-1,-1
76,7,1151.90,206.09,286.23,891.83,0.64,-1,-1,-1
76,9,814.04,251.88,81.26,187.75,0.88,-1,-1,-1
76,12,648.26,329.95,275.48,732.68,0.87,-1,-1,-1
76,17,697.49,257.39,50.76,150.11,0.82,-1,-1,-1
76,8,971.96,247.45,31.81,83.96,0.53,-1,-1,-1
76,15,1080.44,239.03,86.96,113.97,0.90,-1,-1,-1
76,19,1180.53,230.90,83.84,112.58,0.86,-1,-1,-1
77,1,587.97,212.90,123.28,376.92,0.93,-1,-1,-1
77,2,210.47,257.63,204.65,609.57,0.91,-1,-1,-1
77,3,723.20,258.76,72.68,214.81,0.87,-1,-1,-1
77,4,762.99,224.21,66.88,209.03,0.82,-1,-1,-1
77,6,628.53,210.13,105.19,291.83,0.90,-1,-1,-1
77,7,1159.94,206.21,275.18,899.66,0.61,-1,-1,-1
77,9,814.17,251.32,81.11,188.72,0.88,-1,-1,-1
77,12,647.96,329.13,278.76,731.25,0.87,-1,-1,-1
77,17,696.64,257.68,51.11,150.02,0.81,-1,-1,-1
77,8,973.09,249.76,30.98,81.84,0.64,-1,-1,-1
77,15,1076.37,239.28,86.63,110.23,0.91,-1,-1,-1
77,19,1179.99,230.93,86.18,109.61,0.89,-1,-1,-1
78,1,582.34,210.61,127.55,382.65,0.93,-1,-1,-1
78,2,199.49,258.39,210.77,619.76,0.91,-1,-1,-1
78,3,724.07,261.20,69.40,209.64,0.87,-1,-1,-1
78,4,764.42,224.36,62.77,205.84,0.84,-1,-1,-1
78,6,621.43,208.80,111.10,309.08,0.87,-1,-1,-1
78,7,1171.41,214.52,261.71,885.48,0.48,-1,-1,-1
78,9,816.09,251.38,78.79,189.44,0.89,-1,-1,-1
78,12,646.23,327.51,293.30,734.07,0.87,-1,-1,-1
78,17,695.75,257.95,51.93,151.24,0.83,-1,-1,-1
78,8,971.86,242.73,40.42,96.70,0.54,-1,-1,-1
78,15,1072.81,239.23,86.60,109.53,0.91,-1,-1,-1
78,19,1180.04,230.71,88.24,109.36,0.90,-1,-1,-1
79,1,576.91,209.59,132.03,387.31,0.94,-1,-1,-1
79,2,188.64,259.65,215.63,626.70,0.91,-1,-1,-1
79,3,723.20,261.52,68.09,208.69,0.85,-1,-1,-1
79,4,764.64,224.12,61.10,206.71,0.82,-1,-1,-1
79,6,616.89,207.07,114.48,319.18,0.88,-1,-1,-1
79,9,816.77,251.74,77.87,190.36,0.90,-1,-1,-1
79,12,644.19,326.18,286.95,723.59,0.87,-1,-1,-1
79,17,695.03,258.21,52.22,152.33,0.83,-1,-1,-1
79,8,971.97,239.10,38.24,102.72,0.48,-1,-1,-1
79,15,1070.42,239.60,85.37,110.58,0.90,-1,-1,-1
79,19,1181.35,230.55,86.29,109.79,0.93,-1,-1,-1
80,1,572.71,210.03,136.22,391.76,0.94,-1,-1,-1
80,2,177.83,262.00,221.80,637.29,0.90,-1,-1,-1
80,3,721.65,261.88,67.71,211.98,0.85,-1,-1,-1
80,4,762.87,224.27,64.23,212.23,0.83,-1,-1,-1
80,6,611.87,205.72,118.81,326.93,0.89,-1,-1,-1
80,9,817.03,252.87,77.63,190.79,0.90,-1,-1,-1
80,12,640.45,326.00,291.29,715.92,0.86,-1,-1,-1
80,17,693.24,258.73,53.58,152.23,0.84,-1,-1,-1
80,8,972.45,244.28,35.96,96.60,0.50,-1,-1,-1
80,15,1068.94,239.62,83.77,110.76,0.90,-1,-1,-1
80,19,1181.64,230.83,86.80,110.08,0.93,-1,-1,-1
81,1,567.89,210.02,139.23,400.17,0.93,-1,-1,-1
81,2,168.34,260.05,227.13,660.35,0.89,-1,-1,-1
81,3,720.46,262.50,66.22,210.78,0.88,-1,-1,-1
81,4,761.81,224.44,59.90,213.29,0.82,-1,-1,-1
81,6,609.55,205.12,119.60,328.70,0.90,-1,-1,-1
81,9,815.39,253.21,79.80,191.23,0.89,-1,-1,-1
81,12,637.85,327.23,282.76,703.33,0.87,-1,-1,-1
81,17,691.69,259.40,54.56,152.51,0.82,-1,-1,-1
81,8,972.13,247.03,34.95,92.55,0.51,-1,-1,-1
81,15,1065.46,240.06,83.02,108.87,0.90,-1,-1,-1
81,19,1180.33,230.93,86.78,110.41,0.93,-1,-1,-1
82,1,562.64,210.61,142.89,416.35,0.93,-1,-1,-1
82,2,156.19,260.99,233.19,684.46,0.89,-1,-1,-1
82,3,716.95,263.31,67.00,210.91,0.88,-1,-1,-1
82,4,760.77,225.07,57.04,211.23,0.82,-1,-1,-1
82,6,606.18,204.35,121.77,333.04,0.91,-1,-1,-1
82,9,814.52,253.48,80.72,192.18,0.89,-1,-1,-1
82,12,642.94,330.42,267.19,687.99,0.90,-1,-1,-1
82,17,688.93,259.96,56.78,153.39,0.81,-1,-1,-1
82,8,971.63,247.88,34.62,94.74,0.77,-1,-1,-1
82,15,1062.82,240.33,82.86,108.64,0.89,-1,-1,-1
82,19,1179.68,230.75,86.85,111.63,0.93,-1,-1,-1
83,1,558.06,211.71,145.86,424.92,0.93,-1,-1,-1
83,2,145.29,262.85,236.25,688.78,0.88,-1,-1,-1
83,3,714.43,263.27,66.65,212.71,0.88,-1,-1,-1
83,4,759.71,226.04,58.46,208.55,0.79,-1,-1,-1
83,6,603.47,204.72,122.44,333.78,0.90,-1,-1,-1
83,9,813.77,253.86,81.01,192.46,0.89,-1,-1,-1
83,12,648.10,332.59,258.69,685.07,0.90,-1,-1,-1
83,17,686.95,260.58,57.57,155.44,0.83,-1,-1,-1
83,8,971.87,247.62,33.26,99.35,0.77,-1,-1,-1
83,15,1061.16,240.76,80.34,108.25,0.90,-1,-1,-1
83,19,1179.20,231.04,86.79,112.39,0.93,-1,-1,-1
84,1,554.84,212.79,148.06,430.88,0.92,-1,-1,-1
84,2,132.83,262.00,242.15,713.32,0.88,-1,-1,-1
84,3,711.36,262.81,68.32,214.68,0.85,-1,-1,-1
84,4,759.89,226.29,64.38,212.40,0.80,-1,-1,-1
84,6,598.90,204.34,124.95,342.05,0.90,-1,-1,-1
84,9,811.06,253.88,83.49,194.11,0.89,-1,-1,-1
84,12,652.24,338.41,251.36,676.92,0.91,-1,-1,-1
84,17,685.55,260.67,57.25,156.84,0.82,-1,-1,-1
84,8,972.56,248.61,31.50,100.23,0.77,-1,-1,-1
84,15,1058.28,241.60,79.41,108.19,0.90,-1,-1,-1
84,19,1179.08,231.10,86.74,113.35,0.93,-1,-1,-1
85,1,553.57,213.47,147.64,435.46,0.91,-1,-1,-1
85,2,120.20,262.54,247.82,731.19,0.88,-1,-1,-1
85,3,708.54,262.06,70.15,217.10,0.86,-1,-1,-1
85,4,759.40,226.12,67.71,213.39,0.81,-1,-1,-1
85,6,595.00,203.35,126.43,346.11,0.90,-1,-1,-1
85,9,809.17,254.21,84.40,194.88,0.89,-1,-1,-1
85,12,654.37,342.67,246.97,677.81,0.90,-1,-1,-1
85,17,684.85,260.89,57.10,158.15,0.80,-1,-1,-1
85,8,970.90,248.10,33.31,101.66,0.76,-1,-1,-1
85,15,1055.40,242.05,77.85,105.71,0.91,-1,-1,-1
85,19,1178.26,231.09,86.67,113.64,0.93,-1,-1,-1
86,1,551.49,214.97,148.49,437.41,0.92,-1,-1,-1
86,2,107.27,262.59,252.49,743.52,0.88,-1,-1,-1
86,3,704.87,261.68,70.22,218.88,0.88,-1,-1,-1
86,4,758.35,225.82,70.16,214.60,0.81,-1,-1,-1
86,6,590.39,202.97,129.83,349.47,0.89,-1,-1,-1
86,9,807.57,254.25,85.30,196.33,0.89,-1,-1,-1
86,12,656.58,349.85,242.99,662.92,0.90,-1,-1,-1
86,17,682.25,260.86,57.59,160.10,0.76,-1,-1,-1
86,8,970.88,245.63,33.94,104.81,0.81,-1,-1,-1
86,15,1052.01,242.00,77.29,104.51,0.91,-1,-1,-1
86,19,1177.93,230.91,86.61,113.45,0.93,-1,-1,-1
87,1,550.87,214.31,149.16,440.09,0.92,-1,-1,-1
87,2,95.31,262.93,256.37,742.96,0.87,-1,-1,-1
87,3,703.24,260.68,69.57,220.53,0.88,-1,-1,-1
87,4,756.47,225.17,73.36,217.95,0.84,-1,-1,-1
87,6,588.46,202.28,130.35,353.88,0.88,-1,-1,-1
87,9,808.42,254.18,83.77,197.10,0.89,-1,-1,-1
87,12,658.48,355.19,239.02,654.64,0.89,-1,-1,-1
87,17,679.81,260.73,57.71,161.07,0.81,-1,-1,-1
87,8,969.58,241.71,35.33,110.05,0.79,-1,-1,-1
87,15,1048.94,242.26,75.85,104.70,0.91,-1,-1,-1
87,19,1175.85,231.00,88.94,113.07,0.93,-1,-1,-1
88,1,552.83,213.57,144.05,443.12,0.92,-1,-1,-1
88,2,80.46,265.13,264.08,752.48,0.88,-1,-1,-1
88,3,702.40,259.62,68.14,222.72,0.89,-1,-1,-1
88,4,753.39,224.69,76.91,215.85,0.83,-1,-1,-1
88,6,583.72,202.73,133.44,357.97,0.87,-1,-1,-1
88,9,808.15,253.91,83.77,197.91,0.88,-1,-1,-1
88,12,659.68,358.17,236.57,642.17,0.89,-1,-1,-1
88,17,678.03,260.59,56.56,163.43,0.81,-1,-1,-1
88,8,969.01,240.67,37.04,111.71,0.82,-1,-1,-1
88,15,1046.04,242.21,74.13,105.98,0.90,-1,-1,-1
88,19,1174.36,230.88,89.79,112.89,0.93,-1,-1,-1
89,1,553.11,213.27,139.54,446.55,0.91,-1,-1,-1
89,2,63.75,266.55,270.96,758.24,0.87,-1,-1,-1
89,3,700.67,259.03,67.59,223.16,0.89,-1,-1,-1
89,4,750.78,224.31,78.25,218.97,0.84,-1,-1,-1
89,6,576.40,202.75,139.24,357.22,0.87,-1,-1,-1
89,9,807.20,253.61,83.76,198.85,0.88,-1,-1,-1
89,12,659.98,360.19,236.44,637.13,0.87,-1,-1,-1
89,17,675.91,261.08,55.49,164.36,0.84,-1,-1,-1
89,8,968.30,238.81,37.68,113.79,0.84,-1,-1,-1
89,15,1042.79,242.63,73.55,104.13,0.89,-1,-1,-1
89,19,1173.99,230.71,90.10,113.19,0.94,-1,-1,-1
90,1,552.94,212.34,137.39,451.00,0.91,-1,-1,-1
90,2,46.36,264.28,278.95,788.04,0.87,-1,-1,-1
90,3,698.28,258.32,66.88,224.12,0.89,-1,-1,-1
90,4,748.62,223.35,79.99,222.26,0.86,-1,-1,-1
90,6,572.13,202.61,142.16,358.80,0.86,-1,-1,-1
90,9,805.40,253.28,84.44,199.85,0.89,-1,-1,-1
90,12,644.18,359.59,252.03,631.61,0.85,-1,-1,-1
90,17,674.56,261.08,54.55,166.22,0.81,-1,-1,-1
90,8,966.97,237.40,39.14,114.57,0.84,-1,-1,-1
90,15,1038.81,242.34,73.43,101.97,0.89,-1,-1,-1
90,19,1174.07,230.16,90.27,113.33,0.94,-1,-1,-1
91,1,554.02,210.32,136.41,456.11,0.92,-1,-1,-1
91,2,28.62,264.36,287.11,797.76,0.87,-1,-1,-1
91,3,695.75,258.95,68.37,224.11,0.88,-1,-1,-1
91,4,745.86,223.01,82.29,222.83,0.87,-1,-1,-1
91,6,569.30,202.18,142.47,359.54,0.85,-1,-1,-1
91,9,804.21,253.18,84.60,199.85,0.89,-1,-1,-1
91,12,656.27,353.61,238.51,628.07,0.89,-1,-1,-1
91,17,673.62,260.91,53.53,166.84,0.76,-1,-1,-1
91,8,966.48,236.52,39.64,115.66,0.87,-1,-1,-1
91,15,1035.64,242.47,72.16,102.41,0.87,-1,-1,-1
91,19,1174.08,230.24,89.05,113.07,0.94,-1,-1,-1
92,1,554.09,209.49,133.57,460.84,0.91,-1,-1,-1
92,2,10.57,262.52,294.33,805.14,0.87,-1,-1,-1
92,3,692.66,259.14,70.09,223.78,0.87,-1,-1,-1
92,4,743.25,222.17,84.27,227.23,0.89,-1,-1,-1
92,6,569.13,200.85,140.09,368.23,0.85,-1,-1,-1
92,9,801.88,252.80,85.23,200.42,0.89,-1,-1,-1
92,12,664.64,350.52,228.90,606.55,0.90,-1,-1,-1
92,17,669.57,260.49,53.75,167.93,0.74,-1,-1,-1
92,8,965.00,236.03,40.97,116.01,0.87,-1,-1,-1
92,15,1031.45,241.73,71.72,101.39,0.88,-1,-1,-1
92,19,1173.98,230.26,88.56,112.68,0.94,-1,-1,-1
93,1,553.66,207.49,131.38,467.93,0.91,-1,-1,-1
93,2,-8.97,256.64,303.98,833.10,0.86,-1,-1,-1
93,3,690.50,260.50,69.60,224.59,0.86,-1,-1,-1
93,4,742.13,221.18,84.46,232.03,0.89,-1,-1,-1
93,6,560.98,198.67,145.71,376.24,0.85,-1,-1,-1
93,9,802.98,252.57,83.72,201.26,0.91,-1,-1,-1
93,12,671.11,343.90,222.60,602.21,0.91,-1,-1,-1
93,17,666.45,259.96,54.47,168.95,0.78,-1,-1,-1
93,8,963.50,236.52,42.66,115.23,0.87,-1,-1,-1
93,15,1029.66,241.33,69.19,102.89,0.85,-1,-1,-1
93,19,1173.65,229.84,88.40,113.17,0.94,-1,-1,-1
94,1,549.74,203.86,133.10,477.04,0.92,-1,-1,-1
94,2,-30.49,256.49,312.83,847.50,0.85,-1,-1,-1
94,3,687.93,260.11,69.45,224.23,0.88,-1,-1,-1
94,4,740.85,221.22,84.54,233.63,0.88,-1,-1,-1
94,6,551.92,196.36,152.57,386.31,0.87,-1,-1,-1
94,9,803.21,252.04,83.19,202.97,0.89,-1,-1,-1
94,12,675.45,334.55,217.56,606.16,0.92,-1,-1,-1
94,17,664.36,259.00,55.98,170.37,0.78,-1,-1,-1
94,8,962.28,235.84,43.33,115.59,0.86,-1,-1,-1
94,15,1027.33,241.19,67.12,102.38,0.86,-1,-1,-1
94,19,1173.09,229.40,88.42,113.79,0.94,-1,-1,-1
95,1,546.59,200.37,134.42,483.99,0.92,-1,-1,-1
95,2,-43.59,254.16,313.59,854.39,0.85,-1,-1,-1
95,3,687.12,261.68,68.22,221.18,0.88,-1,-1,-1
95,4,739.59,221.17,86.33,232.78,0.88,-1,-1,-1
95,6,543.33,194.41,159.89,395.87,0.89,-1,-1,-1
95,9,802.18,251.30,84.83,202.96,0.85,-1,-1,-1
95,12,676.69,326.04,215.35,621.49,0.91,-1,-1,-1
95,17,661.62,258.57,55.98,171.45,0.78,-1,-1,-1
95,8,963.04,235.49,42.41,113.58,0.83,-1,-1,-1
95,15,1031.61,241.31,57.77,109.14,0.78,-1,-1,-1
95,19,1172.32,229.23,88.43,114.30,0.94,-1,-1,-1
96,1,542.30,199.45,135.64,489.27,0.92,-1,-1,-1
96,2,-60.71,252.09,317.06,863.36,0.82,-1,-1,-1
96,3,685.66,262.13,67.21,219.89,0.89,-1,-1,-1
96,4,738.23,220.68,87.05,231.39,0.87,-1,-1,-1
96,6,538.70,193.56,161.09,394.42,0.86,-1,-1,-1
96,9,799.46,251.17,86.11,199.20,0.85,-1,-1,-1
96,12,675.75,322.11,214.27,622.36,0.91,-1,-1,-1
96,17,659.69,258.26,55.41,172.57,0.79,-1,-1,-1
96,8,962.67,235.52,42.04,114.65,0.84,-1,-1,-1
96,15,1022.99,241.05,60.98,113.49,0.84,-1,-1,-1
96,19,1173.32,229.30,87.30,114.59,0.93,-1,-1,-1
97,1,533.65,194.66,142.45,497.57,0.93,-1,-1,-1
97,2,-65.83,248.65,309.64,880.73,0.83,-1,-1,-1
97,3,684.42,262.10,66.70,216.07,0.88,-1,-1,-1
97,4,738.11,220.26,87.10,230.29,0.88,-1,-1,-1
97,9,797.76,251.41,86.41,195.48,0.88,-1,-1,-1
97,12,674.19,319.50,213.61,623.22,0.90,-1,-1,-1
97,17,656.83,257.82,56.29,173.17,0.77,-1,-1,-1
97,8,963.90,235.71,40.60,114.48,0.85,-1,-1,-1
97,15,1019.07,240.79,61.83,109.63,0.83,-1,-1,-1
97,19,1172.83,229.34,86.68,114.45,0.93,-1,-1,-1
98,1,525.72,194.64,147.46,503.11,0.93,-1,-1,-1
98,2,-78.67,251.48,310.27,895.10,0.82,-1,-1,-1
98,3,682.54,262.24,67.80,215.19,0.88,-1,-1,-1
98,4,736.98,220.85,87.14,227.36,0.86,-1,-1,-1
98,9,795.12,251.80,88.38,196.00,0.86,-1,-1,-1
98,12,670.80,319.42,214.29,627.40,0.91,-1,-1,-1
98,17,657.03,257.97,57.86,174.33,0.82,-1,-1,-1
98,8,964.53,236.37,40.06,115.62,0.85,-1,-1,-1
98,15,1021.60,240.03,54.92,111.72,0.75,-1,-1,-1
98,19,1172.28,229.36,86.51,114.66,0.93,-1,-1,-1
98,6,531.03,189.72,165.77,417.21,0.86,-1,-1,-1
99,1,521.01,196.51,150.46,506.96,0.92,-1,-1,-1
99,2,-88.53,248.03,304.41,906.74,0.81,-1,-1,-1
99,3,679.44,262.42,69.98,218.42,0.87,-1,-1,-1
99,4,735.61,221.09,82.29,226.85,0.85,-1,-1,-1
99,9,791.67,252.10,90.25,197.00,0.85,-1,-1,-1
99,12,665.78,323.36,215.15,618.36,0.91,-1,-1,-1
99,17,656.84,258.32,57.22,175.53,0.80,-1,-1,-1
99,8,965.79,236.94,38.62,116.56,0.84,-1,-1,-1
99,15,1015.56,241.55,56.23,112.73,0.83,-1,-1,-1
99,19,1171.78,229.54,86.40,114.98,0.93,-1,-1,-1
100,1,510.82,196.58,157.55,513.99,0.92,-1,-1,-1
100,2,-105.46,252.78,306.29,902.44,0.81,-1,-1,-1
100,3,678.42,261.91,69.64,219.63,0.88,-1,-1,-1
100,4,734.03,221.67,83.44,225.29,0.86,-1,-1,-1
100,9,790.18,252.37,90.38,197.98,0.85,-1,-1,-1
100,12,658.82,328.16,217.48,608.87,0.92,-1,-1,-1
100,17,653.63,258.80,58.79,176.84,0.81,-1,-1,-1
100,8,965.14,236.12,39.31,118.08,0.85,-1,-1,-1
100,15,1010.62,243.31,56.68,111.00,0.73,-1,-1,-1
100,19,1170.51,229.35,87.60,115.17,0.93,-1,-1,-1
100,6,512.03,188.28,179.83,422.18,0.77,-1,-1,-1
101,1,504.06,195.61,160.85,522.06,0.91,-1,-1,-1
101,2,-122.11,257.95,306.24,907.82,0.80,-1,-1,-1
101,3,677.53,261.87,68.91,217.88,0.89,-1,-1,-1
101,4,732.90,222.19,83.87,227.75,0.87,-1,-1,-1
101,9,791.79,252.79,88.04,204.41,0.86,-1,-1,-1
101,12,651.09,330.93,220.89,610.82,0.91,-1,-1,-1
101,17,651.29,259.89,60.57,175.54,0.82,-1,-1,-1
101,8,964.97,237.45,40.77,117.46,0.83,-1,-1,-1
101,15,1005.34,243.83,58.15,109.44,0.73,-1,-1,-1
101,19,1170.77,229.12,86.87,115.56,0.93,-1,-1,-1
102,1,504.30,198.73,157.25,524.22,0.90,-1,-1,-1
102,2,-133.68,263.54,302.43,901.36,0.79,-1,-1,-1
102,3,676.26,261.49,68.59,214.59,0.89,-1,-1,-1
102,4,732.06,222.52,85.75,230.39,0.87,-1,-1,-1
102,9,791.65,252.44,88.25,208.98,0.86,-1,-1,-1
102,12,643.94,333.52,223.87,604.58,0.90,-1,-1,-1
102,17,650.38,259.20,61.19,175.72,0.84,-1,-1,-1
102,8,966.02,238.97,42.48,117.07,0.77,-1,-1,-1
102,15,1004.63,243.80,53.82,105.70,0.74,-1,-1,-1
102,19,1170.60,229.27,86.51,115.89,0.92,-1,-1,-1
102,6,497.50,187.17,188.14,447.00,0.89,-1,-1,-1
103,1,501.31,198.23,159.30,527.81,0.87,-1,-1,-1
103,2,-147.57,275.55,301.64,882.75,0.75,-1,-1,-1
103,3,675.58,261.29,67.86,207.99,0.90,-1,-1,-1
103,4,730.94,222.88,86.44,227.24,0.86,-1,-1,-1
103,9,787.78,252.26,91.94,211.66,0.85,-1,-1,-1
103,12,636.21,335.23,226.24,593.96,0.90,-1,-1,-1
103,17,648.05,259.33,62.60,177.32,0.87,-1,-1,-1
103,8,966.53,239.67,43.12,116.62,0.83,-1,-1,-1
103,15,1000.98,244.20,53.51,102.22,0.83,-1,-1,-1
103,19,1169.52,229.32,87.61,116.05,0.93,-1,-1,-1
104,1,499.88,199.64,152.86,531.95,0.89,-1,-1,-1
104,2,-165.02,279.95,301.50,869.76,0.66,-1,-1,-1
104,3,674.05,260.88,68.18,207.58,0.90,-1,-1,-1
104,4,729.83,223.29,87.26,228.00,0.86,-1,-1,-1
104,9,784.47,252.76,94.47,212.50,0.86,-1,-1,-1
104,12,630.25,334.47,228.90,590.27,0.90,-1,-1,-1
104,17,647.08,258.89,62.52,179.40,0.85,-1,-1,-1
104,8,968.99,245.48,36.23,94.17,0.68,-1,-1,-1
104,15,997.86,243.87,52.19,95.44,0.78,-1,-1,-1
104,19,1170.84,229.04,85.61,116.42,0.93,-1,-1,-1
104,6,490.77,185.58,187.02,471.62,0.86,-1,-1,-1
105,1,483.30,197.33,165.88,536.04,0.94,-1,-1,-1
105,2,-203.28,296.57,324.47,900.02,0.21,-1,-1,-1
105,3,672.70,260.74,67.64,209.57,0.90,-1,-1,-1
105,4,730.41,223.84,84.48,221.83,0.84,-1,-1,-1
105,9,786.83,252.98,93.57,213.62,0.83,-1,-1,-1
105,12,625.46,331.58,230.33,586.70,0.91,-1,-1,-1
105,17,646.86,259.03,61.80,181.60,0.85,-1,-1,-1
105,8,968.02,244.07,39.77,106.88,0.74,-1,-1,-1
105,15,999.97,243.97,46.78,92.99,0.82,-1,-1,-1
105,19,1170.07,229.21,86.02,116.54,0.93,-1,-1,-1
105,6,507.44,207.55,165.46,446.72,0.73,-1,-1,-1
106,1,473.03,201.67,174.81,535.42,0.92,-1,-1,-1
106,2,-231.71,311.45,333.27,917.66,0.25,-1,-1,-1
106,3,671.46,260.83,68.13,209.38,0.90,-1,-1,-1
106,4,729.00,223.17,87.13,226.20,0.85,-1,-1,-1
106,9,784.69,252.58,95.67,212.14,0.82,-1,-1,-1
106,12,623.29,327.67,231.73,579.59,0.91,-1,-1,-1
106,17,645.14,259.08,62.19,183.38,0.88,-1,-1,-1
106,8,968.00,240.51,42.10,115.26,0.79,-1,-1,-1
106,15,999.97,243.91,42.38,91.61,0.69,-1,-1,-1
106,19,1172.58,228.98,83.84,116.91,0.92,-1,-1,-1
106,6,494.59,192.07,175.99,476.20,0.87,-1,-1,-1
107,1,463.77,199.37,182.17,543.74,0.91,-1,-1,-1
107,2,-267.53,320.31,349.10,916.74,0.24,-1,-1,-1
107,3,670.80,261.99,68.26,208.37,0.90,-1,-1,-1
107,4,729.44,222.70,85.04,224.88,0.85,-1,-1,-1
107,9,784.23,252.80,98.15,205.76,0.82,-1,-1,-1
107,12,624.14,323.53,231.47,575.32,0.91,-1,-1,-1
107,17,643.71,259.00,62.26,184.25,0.89,-1,-1,-1
107,8,970.86,248.13,39.43,109.15,0.82,-1,-1,-1
107,15,997.42,244.31,40.99,93.64,0.73,-1,-1,-1
107,19,1174.62,228.89,81.75,117.02,0.93,-1,-1,-1
107,6,488.36,188.53,177.55,483.89,0.87,-1,-1,-1
108,1,453.25,201.46,190.25,543.78,0.92,-1,-1,-1
108,2,-310.26,248.53,372.74,1048.96,0.13,-1,-1,-1
108,3,669.47,261.44,68.93,210.03,0.90,-1,-1,-1
108,4,728.56,222.35,86.04,222.09,0.84,-1,-1,-1
108,9,783.97,252.98,102.66,203.78,0.81,-1,-1,-1
108,12,630.92,319.88,226.03,582.37,0.92,-1,-1,-1
108,17,641.48,258.29,62.29,185.59,0.89,-1,-1,-1
108,8,971.05,240.07,40.79,117.36,0.82,-1,-1,-1
108,15,995.04,243.81,39.34,89.93,0.77,-1,-1,-1
108,19,1175.83,228.86,81.05,117.17,0.93,-1,-1,-1
108,6,483.96,187.67,177.58,486.67,0.88,-1,-1,-1
109,1,444.13,197.83,193.82,555.66,0.93,-1,-1,-1
109,3,669.00,261.71,68.56,207.74,0.90,-1,-1,-1
109,4,726.73,221.42,86.98,223.78,0.84,-1,-1,-1
109,9,782.38,252.62,101.39,208.90,0.82,-1,-1,-1
109,12,641.79,316.61,216.61,578.76,0.92,-1,-1,-1
109,17,640.08,258.19,62.27,186.59,0.89,-1,-1,-1
109,8,971.03,240.30,41.26,117.32,0.85,-1,-1,-1
109,15,991.65,243.33,38.88,93.54,0.75,-1,-1,-1
109,19,1176.70,228.58,80.79,117.48,0.93,-1,-1,-1
109,6,476.78,188.57,178.12,490.62,0.81,-1,-1,-1
110,1,434.95,194.59,199.91,564.57,0.93,-1,-1,-1
110,3,667.74,261.80,67.83,209.83,0.89,-1,-1,-1
110,4,724.00,221.07,88.52,227.61,0.84,-1,-1,-1
110,9,785.37,252.30,99.61,213.51,0.82,-1,-1,-1
110,12,652.76,314.99,207.62,568.28,0.92,-1,-1,-1
110,17,638.19,257.86,62.85,187.42,0.88,-1,-1,-1
110,8,971.80,241.39,40.24,116.28,0.80,-1,-1,-1
110,15,987.71,242.33,38.80,91.76,0.18,-1,-1,-1
110,19,1175.91,228.23,80.71,117.52,0.93,-1,-1,-1
110,6,472.59,197.14,174.10,481.69,0.52,-1,-1,-1
111,1,427.25,188.51,205.95,590.58,0.92,-1,-1,-1
111,3,666.52,262.83,67.55,210.87,0.89,-1,-1,-1
111,4,724.04,220.74,86.11,230.20,0.84,-1,-1,-1
111,9,786.41,251.99,95.30,217.27,0.83,-1,-1,-1
111,12,658.06,315.97,204.46,568.47,0.91,-1,-1,-1
111,17,637.64,257.53,63.66,188.07,0.88,-1,-1,-1
111,8,972.30,242.54,43.48,115.29,0.82,-1,-1,-1
111,15,983.53,241.03,40.09,99.74,0.63,-1,-1,-1
111,19,1177.14,227.95,79.50,117.58,0.93,-1,-1,-1
111,6,480.70,209.32,159.20,466.83,0.13,-1,-1,-1
112,1,418.31,186.05,213.32,609.95,0.94,-1,-1,-1
112,3,664.55,262.90,67.38,209.51,0.88,-1,-1,-1
112,4,724.03,221.08,86.89,233.14,0.85,-1,-1,-1
112,9,785.79,251.44,97.81,218.55,0.81,-1,-1,-1
112,12,662.30,317.24,201.99,570.09,0.91,-1,-1,-1
112,17,634.75,257.10,67.47,189.06,0.82,-1,-1,-1
112,8,972.27,240.01,44.60,118.44,0.80,-1,-1,-1
112,19,1178.46,227.94,77.79,117.85,0.92,-1,-1,-1
112,6,460.24,189.17,171.67,498.98,0.47,-1,-1,-1
113,1,410.32,182.94,225.43,618.67,0.93,-1,-1,-1
113,3,664.59,263.42,64.94,206.96,0.90,-1,-1,-1
113,4,723.84,220.82,87.79,236.06,0.84,-1,-1,-1
113,9,784.46,251.25,97.53,220.67,0.81,-1,-1,-1
113,12,666.96,318.72,198.83,566.65,0.91,-1,-1,-1
113,17,632.68,256.85,68.91,189.92,0.83,-1,-1,-1
113,8,974.00,243.21,41.50,115.38,0.82,-1,-1,-1
113,19,1179.48,227.87,77.20,117.58,0.93,-1,-1,-1
113,6,451.19,181.40,181.78,515.01,0.54,-1,-1,-1
114,1,402.61,180.96,241.31,628.80,0.92,-1,-1,-1
114,3,662.11,263.60,64.74,205.97,0.91,-1,-1,-1
114,4,723.17,220.37,88.85,237.73,0.83,-1,-1,-1
114,9,786.42,250.56,104.75,221.69,0.82,-1,-1,-1
114,12,669.69,319.07,195.61,560.43,0.90,-1,-1,-1
114,17,628.53,256.45,71.31,191.33,0.83,-1,-1,-1
114,8,976.15,244.40,39.07,113.99,0.81,-1,-1,-1
114,19,1182.18,227.46,74.68,117.91,0.93,-1,-1,-1
114,6,418.82,220.20,182.26,504.84,0.57,-1,-1,-1
115,1,415.60,168.63,230.72,592.23,0.29,-1,-1,-1
115,3,660.20,261.92,66.46,207.26,0.89,-1,-1,-1
115,4,722.45,220.46,89.77,238.23,0.84,-1,-1,-1
115,9,786.62,250.23,110.25,222.25,0.83,-1,-1,-1
115,12,665.79,319.11,197.50,556.07,0.91,-1,-1,-1
115,17,622.50,255.65,76.85,192.83,0.83,-1,-1,-1
115,8,977.39,242.79,38.14,115.46,0.83,-1,-1,-1
115,19,1180.96,227.23,76.19,117.92,0.93,-1,-1,-1
115,6,399.28,192.33,238.67,607.16,0.92,-1,-1,-1
116,1,395.87,162.07,217.68,587.98,0.73,-1,-1,-1
116,3,657.69,260.71,67.78,209.11,0.90,-1,-1,-1
116,4,722.49,219.89,90.20,238.25,0.85,-1,-1,-1
116,9,784.13,250.12,118.31,215.38,0.83,-1,-1,-1
116,12,658.19,319.21,202.14,558.66,0.90,-1,-1,-1
116,17,619.86,255.23,79.04,194.69,0.84,-1,-1,-1
116,8,974.91,236.30,41.55,122.69,0.63,-1,-1,-1
116,19,1182.06,226.93,75.61,117.99,0.93,-1,-1,-1
116,6,386.85,184.51,269.12,644.51,0.91,-1,-1,-1
117,1,381.80,156.85,205.88,588.97,0.80,-1,-1,-1
117,3,655.51,259.22,70.63,211.15,0.90,-1,-1,-1
117,4,720.61,220.18,90.27,237.40,0.81,-1,-1,-1
117,9,784.12,249.80,112.68,221.16,0.82,-1,-1,-1
117,12,649.51,319.08,207.97,552.01,0.90,-1,-1,-1
117,17,623.79,254.96,74.55,196.37,0.85,-1,-1,-1
117,8,973.69,234.07,43.91,125.85,0.73,-1,-1,-1
117,19,1181.92,226.86,75.36,118.22,0.93,-1,-1,-1
117,6,374.60,179.57,291.43,686.17,0.91,-1,-1,-1
118,1,372.99,154.24,194.56,590.56,0.82,-1,-1,-1
118,3,653.54,257.82,75.32,213.95,0.90,-1,-1,-1
118,4,719.69,220.76,92.17,237.45,0.86,-1,-1,-1
118,9,783.97,249.88,109.71,223.63,0.81,-1,-1,-1
118,12,641.16,317.33,215.82,553.30,0.91,-1,-1,-1
118,17,624.89,255.07,72.72,198.36,0.87,-1,-1,-1
118,8,969.72,232.36,48.39,129.54,0.84,-1,-1,-1
118,19,1183.91,227.15,74.16,118.42,0.93,-1,-1,-1
118,6,363.95,174.04,308.58,726.38,0.91,-1,-1,-1
119,1,359.99,152.58,195.20,590.06,0.86,-1,-1,-1
119,3,652.48,258.10,76.51,215.51,0.89,-1,-1,-1
119,4,719.87,221.63,91.06,235.07,0.85,-1,-1,-1
119,9,783.52,250.41,109.71,225.04,0.81,-1,-1,-1
119,12,636.48,316.12,221.71,559.00,0.91,-1,-1,-1
119,17,625.61,254.86,70.78,200.48,0.87,-1,-1,-1
119,8,974.03,231.35,45.52,132.02,0.85,-1,-1,-1
119,19,1185.27,227.44,72.50,118.74,0.93,-1,-1,-1
119,6,355.33,173.40,318.80,756.38,0.90,-1,-1,-1
120,1,347.92,152.26,200.40,599.31,0.83,-1,-1,-1
120,3,651.15,257.33,78.69,218.14,0.90,-1,-1,-1
120,4,720.10,221.69,90.57,235.90,0.85,-1,-1,-1
120,9,784.03,250.46,101.84,229.19,0.85,-1,-1,-1
120,12,631.69,315.51,228.02,554.07,0.92,-1,-1,-1
120,17,625.84,255.42,70.61,201.95,0.86,-1,-1,-1
120,8,974.55,231.69,46.63,132.80,0.84,-1,-1,-1
120,19,1186.08,227.34,71.88,119.05,0.93,-1,-1,-1
120,6,345.55,168.92,328.17,788.97,0.90,-1,-1,-1
121,1,336.59,149.65,194.20,612.51,0.68,-1,-1,-1
121,3,649.98,256.64,80.67,221.33,0.90,-1,-1,-1
121,4,721.04,221.89,89.77,235.43,0.85,-1,-1,-1
121,9,784.19,251.28,99.35,229.66,0.83,-1,-1,-1
121,12,634.80,316.46,225.66,540.46,0.92,-1,-1,-1
121,17,625.54,255.06,70.53,204.05,0.86,-1,-1,-1
121,8,974.78,239.06,47.02,127.17,0.75,-1,-1,-1
121,19,1186.49,227.59,71.70,119.23,0.92,-1,-1,-1
121,6,334.54,166.53,333.91,826.22,0.90,-1,-1,-1
121,20,-136.91,189.22,473.06,695.47,0.70,-1,-1,-1
122,1,325.71,149.45,204.30,644.33,0.74,-1,-1,-1
122,3,648.67,258.17,81.33,221.87,0.91,-1,-1,-1
122,4,719.29,222.41,91.20,237.48,0.86,-1,-1,-1
122,9,784.55,251.91,96.56,232.15,0.86,-1,-1,-1
122,12,637.30,317.11,223.29,543.75,0.92,-1,-1,-1
122,17,614.29,255.17,81.30,206.30,0.86,-1,-1,-1
122,8,975.67,238.38,45.92,129.12,0.82,-1,-1,-1
122,19,1185.60,227.93,72.85,119.29,0.93,-1,-1,-1
122,6,325.65,159.27,333.83,858.02,0.90,-1,-1,-1
122,20,-152.21,196.61,467.81,694.92,0.69,-1,-1,-1
122,21,700.65,246.15,31.50,92.25,0.73,-1,-1,-1
123,1,312.04,149.81,208.35,671.95,0.73,-1,-1,-1
123,3,647.43,258.26,81.53,223.69,0.91,-1,-1,-1
123,4,719.05,222.62,91.11,241.78,0.86,-1,-1,-1
123,9,784.17,252.09,96.16,234.55,0.87,-1,-1,-1
123,12,636.29,319.12,225.33,537.20,0.92,-1,-1,-1
123,17,611.13,255.48,83.46,207.97,0.85,-1,-1,-1
123,8,969.48,234.03,52.69,135.21,0.85,-1,-1,-1
123,19,1185.35,227.87,73.29,119.61,0.93,-1,-1,-1
123,6,312.76,153.75,336.82,892.63,0.89,-1,-1,-1
123,20,-157.37,199.08,457.86,696.85,0.72,-1,-1,-1
123,21,699.99,245.80,30.87,92.83,0.71,-1,-1,-1
124,1,298.77,148.21,211.50,686.33,0.71,-1,-1,-1
124,3,647.45,258.71,81.46,224.25,0.90,-1,-1,-1
124,4,717.28,221.88,91.56,245.73,0.86,-1,-1,-1
124,9,783.18,252.30,97.16,235.59,0.86,-1,-1,-1
124,12,634.88,321.65,226.40,531.48,0.92,-1,-1,-1
124,17,613.06,254.81,80.65,210.53,0.84,-1,-1,-1
124,8,966.63,232.33,56.19,137.69,0.85,-1,-1,-1
124,19,1184.49,227.97,74.62,119.68,0.93,-1,-1,-1
124,6,301.17,144.94,339.52,930.00,0.90,-1,-1,-1
124,20,-168.62,203.11,458.52,711.21,0.73,-1,-1,-1
124,21,698.42,245.48,31.43,93.30,0.72,-1,-1,-1
124,22,1021.50,333.90,126.00,250.20,0.72,-1,-1,-1
125,1,283.25,150.39,222.97,713.83,0.64,-1,-1,-1
125,3,647.27,259.68,82.70,224.97,0.90,-1,-1,-1
125,4,716.66,221.36,93.04,251.41,0.83,-1,-1,-1
125,9,781.04,252.79,101.30,237.38,0.83,-1,-1,-1
125,12,632.07,326.42,232.42,519.07,0.92,-1,-1,-1
125,17,613.41,255.07,79.56,211.39,0.86,-1,-1,-1
125,8,968.13,233.94,55.37,136.78,0.76,-1,-1,-1
125,19,1184.48,227.92,75.19,119.97,0.93,-1,-1,-1
125,6,285.36,139.31,346.01,959.59,0.89,-1,-1,-1
125,20,-203.00,171.40,487.56,739.18,0.32,-1,-1,-1
125,21,698.79,245.07,30.91,91.93,0.64,-1,-1,-1
125,22,1029.69,334.92,122.01,265.10,0.73,-1,-1,-1
126,1,257.24,148.11,236.78,731.39,0.63,-1,-1,-1
126,3,647.74,260.72,81.31,225.79,0.90,-1,-1,-1
126,4,717.34,221.16,93.54,252.41,0.85,-1,-1,-1
126,9,779.69,252.82,106.99,238.29,0.81,-1,-1,-1
126,12,628.22,328.17,235.78,513.34,0.92,-1,-1,-1
126,17,607.77,256.41,83.26,210.73,0.84,-1,-1,-1
126,8,970.81,233.17,53.74,138.02,0.75,-1,-1,-1
126,19,1183.14,227.65,77.83,120.84,0.93,-1,-1,-1
126,6,269.52,141.47,350.93,984.70,0.89,-1,-1,-1
126,20,-220.59,146.91,498.18,780.79,0.36,-1,-1,-1
126,21,698.99,245.10,30.00,86.40,0.55,-1,-1,-1
126,22,1032.93,337.46,124.06,267.49,0.71,-1,-1,-1
127,1,239.10,149.07,239.46,734.41,0.68,-1,-1,-1
127,3,647.77,261.41,81.34,226.48,0.88,-1,-1,-1
127,4,717.07,220.87,90.71,251.54,0.85,-1,-1,-1
127,9,775.66,252.19,110.90,239.58,0.83,-1,-1,-1
127,12,624.55,327.96,238.17,507.52,0.93,-1,-1,-1
127,17,600.85,256.93,91.07,213.25,0.86,-1,-1,-1
127,8,974.41,234.47,50.66,134.45,0.75,-1,-1,-1
127,19,1182.05,227.42,78.79,121.05,0.93,-1,-1,-1
127,6,246.80,127.88,361.93,1041.74,0.86,-1,-1,-1
127,20,-174.44,133.07,447.57,772.57,0.20,-1,-1,-1
127,21,698.60,245.81,29.04,84.24,0.56,-1,-1,-1
127,22,1037.00,336.82,123.15,265.13,0.71,-1,-1,-1
128,1,222.73,155.40,242.80,730.34,0.56,-1,-1,-1
128,3,648.50,261.29,80.53,227.00,0.87,-1,-1,-1
128,4,716.55,220.27,90.62,254.90,0.82,-1,-1,-1
128,9,772.99,251.44,113.28,241.61,0.83,-1,-1,-1
128,12,622.18,327.15,240.20,502.36,0.93,-1,-1,-1
128,17,597.94,255.87,92.65,215.66,0.86,-1,-1,-1
128,8,978.05,235.28,46.89,130.23,0.79,-1,-1,-1
128,19,1178.51,227.24,81.34,121.03,0.93,-1,-1,-1
128,6,222.94,124.10,376.14,1089.55,0.87,-1,-1,-1
128,21,697.97,246.00,29.35,84.46,0.48,-1,-1,-1
128,22,1039.96,336.96,125.27,286.13,0.29,-1,-1,-1
129,1,214.66,153.18,237.99,745.52,0.52,-1,-1,-1
129,3,650.30,261.29,79.09,222.69,0.87,-1,-1,-1
129,4,713.47,220.63,94.31,256.46,0.83,-1,-1,-1
129,9,768.63,250.75,117.24,244.00,0.83,-1,-1,-1
129,12,619.82,324.68,239.42,505.23,0.93,-1,-1,-1
129,17,593.28,256.70,97.39,216.22,0.87,-1,-1,-1
129,8,979.54,233.95,46.78,132.48,0.79,-1,-1,-1
129,19,1176.44,226.99,83.57,121.26,0.93,-1,-1,-1
129,6,197.14,112.54,389.80,1137.43,0.88,-1,-1,-1
129,21,696.63,246.08,30.12,85.66,0.49,-1,-1,-1
129,22,1042.95,337.44,127.35,284.98,0.62,-1,-1,-1
130,3,652.33,263.14,77.30,215.73,0.86,-1,-1,-1
130,4,712.13,219.26,94.45,261.05,0.83,-1,-1,-1
130,9,769.38,250.22,115.73,246.15,0.83,-1,-1,-1
130,12,619.45,321.17,231.18,495.04,0.93,-1,-1,-1
130,17,590.00,256.47,100.86,217.70,0.88,-1,-1,-1
130,8,980.54,233.77,45.51,133.48,0.86,-1,-1,-1
130,19,1175.42,226.81,84.36,121.48,0.93,-1,-1,-1
130,6,170.95,100.24,405.05,1187.71,0.88,-1,-1,-1
130,21,695.64,245.82,31.02,84.83,0.46,-1,-1,-1
130,22,1046.89,336.88,126.70,271.91,0.79,-1,-1,-1
131,3,653.05,262.47,75.41,213.15,0.88,-1,-1,-1
131,4,713.48,217.92,93.88,265.83,0.82,-1,-1,-1
131,9,769.55,249.93,116.29,246.67,0.82,-1,-1,-1
131,12,620.50,316.44,220.76,488.26,0.93,-1,-1,-1
131,17,586.91,256.80,101.59,219.12,0.90,-1,-1,-1
131,8,981.57,234.00,45.03,134.93,0.88,-1,-1,-1
131,19,1175.40,226.50,84.68,122.04,0.93,-1,-1,-1
131,6,140.38,94.36,423.31,1223.79,0.87,-1,-1,-1
131,21,694.74,245.90,30.12,86.87,0.27,-1,-1,-1
131,22,1050.14,335.82,127.68,269.77,0.82,-1,-1,-1
132,3,654.97,263.34,74.06,209.31,0.87,-1,-1,-1
132,4,713.77,217.61,88.78,268.83,0.83,-1,-1,-1
132,9,769.63,248.98,113.96,247.57,0.81,-1,-1,-1
132,12,623.61,311.21,209.98,482.62,0.93,-1,-1,-1
132,17,584.34,256.42,101.10,220.11,0.91,-1,-1,-1
132,8,981.85,234.56,46.06,135.83,0.86,-1,-1,-1
132,19,1174.46,226.14,85.87,122.11,0.93,-1,-1,-1
132,6,104.95,84.35,445.83,1260.84,0.87,-1,-1,-1
132,21,694.81,246.00,29.14,86.26,0.44,-1,-1,-1
132,22,1051.03,334.49,130.34,288.32,0.52,-1,-1,-1
133,3,657.46,263.82,71.41,207.22,0.86,-1,-1,-1
133,4,710.02,216.35,85.95,273.82,0.82,-1,-1,-1
133,9,766.96,248.88,115.22,249.50,0.86,-1,-1,-1
133,12,624.40,307.21,201.90,483.74,0.92,-1,-1,-1
133,17,581.44,255.72,101.77,222.01,0.91,-1,-1,-1
133,8,977.61,232.35,51.40,140.37,0.87,-1,-1,-1
133,19,1175.12,225.59,86.57,122.71,0.94,-1,-1,-1
133,6,58.15,72.09,475.83,1300.33,0.86,-1,-1,-1
133,21,692.79,246.13,30.13,87.18,0.39,-1,-1,-1
133,22,1055.55,334.66,130.49,276.55,0.41,-1,-1,-1
134,3,657.37,262.82,71.46,202.30,0.85,-1,-1,-1
134,4,709.44,216.50,80.98,267.08,0.82,-1,-1,-1
134,9,766.62,248.82,114.73,250.26,0.84,-1,-1,-1
134,12,626.57,304.38,190.44,481.00,0.92,-1,-1,-1
134,17,579.98,255.94,100.46,222.52,0.91,-1,-1,-1
134,8,977.35,231.62,53.22,142.06,0.88,-1,-1,-1
134,19,1172.77,225.25,88.94,122.99,0.93,-1,-1,-1
134,6,20.53,65.31,495.73,1325.71,0.79,-1,-1,-1
134,21,692.88,245.98,29.19,83.11,0.11,-1,-1,-1
134,22,1057.71,335.23,132.52,280.26,0.67,-1,-1,-1
135,3,657.75,261.57,70.30,199.16,0.84,-1,-1,-1
135,4,709.42,216.98,81.12,263.57,0.84,-1,-1,-1
135,9,767.00,249.00,113.37,250.50,0.86,-1,-1,-1
135,12,627.47,303.63,182.86,476.10,0.93,-1,-1,-1
135,17,577.81,255.92,100.53,225.34,0.90,-1,-1,-1
135,8,976.65,231.10,55.11,143.63,0.88,-1,-1,-1
135,19,1171.43,225.19,91.04,123.17,0.93,-1,-1,-1
135,6,-46.96,62.47,534.30,1360.96,0.84,-1,-1,-1
135,21,691.56,245.02,30.07,85.67,0.12,-1,-1,-1
135,22,1059.63,336.89,135.70,303.89,0.10,-1,-1,-1
136,3,658.57,260.29,69.99,203.15,0.82,-1,-1,-1
136,4,707.74,216.70,83.73,265.36,0.84,-1,-1,-1
136,9,763.77,248.71,115.95,254.19,0.87,-1,-1,-1
136,12,623.81,304.34,181.22,478.69,0.93,-1,-1,-1
136,17,577.08,256.02,100.62,227.14,0.90,-1,-1,-1
136,8,976.45,230.52,57.05,144.91,0.89,-1,-1,-1
136,19,1170.60,225.19,91.91,123.63,0.93,-1,-1,-1
136,6,-70.79,56.95,533.65,1402.57,0.83,-1,-1,-1
136,21,687.93,245.21,32.22,86.66,0.29,-1,-1,-1
136,22,1062.78,338.94,137.00,303.02,0.76,-1,-1,-1
136,23,992.70,513.00,329.40,249.30,0.74,-1,-1,-1
137,3,658.59,260.39,69.29,200.14,0.77,-1,-1,-1
137,4,706.59,215.90,84.71,269.36,0.84,-1,-1,-1
137,9,763.53,248.72,115.71,255.09,0.89,-1,-1,-1
137,12,618.55,306.28,183.29,474.84,0.93,-1,-1,-1
137,17,575.16,256.32,99.41,228.07,0.91,-1,-1,-1
137,8,981.08,232.36,54.29,143.87,0.89,-1,-1,-1
137,19,1166.25,224.86,96.93,124.09,0.93,-1,-1,-1
137,6,-151.15,45.92,580.20,1446.46,0.77,-1,-1,-1
137,21,688.09,244.95,30.10,80.73,0.25,-1,-1,-1
137,22,1065.70,340.59,138.62,301.18,0.76,-1,-1,-1
138,3,660.08,262.23,66.65,188.73,0.79,-1,-1,-1
138,4,705.57,216.09,85.14,273.72,0.85,-1,-1,-1
138,9,761.39,249.28,119.21,255.81,0.86,-1,-1,-1
138,12,613.93,309.91,186.68,474.47,0.92,-1,-1,-1
138,17,571.83,256.56,100.12,229.54,0.91,-1,-1,-1
138,8,984.12,231.51,51.94,146.39,0.90,-1,-1,-1
138,19,1165.19,225.16,98.83,124.32,0.93,-1,-1,-1
138,6,-90.93,74.33,494.50,1210.97,0.69,-1,-1,-1
138,21,686.73,244.63,30.45,81.56,0.17,-1,-1,-1
138,22,1069.68,344.40,139.22,293.55,0.84,-1,-1,-1
138,24,643.50,258.75,46.80,151.65,0.72,-1,-1,-1
138,20,-123.27,85.54,492.37,1258.44,0.76,-1,-1,-1
139,3,660.64,261.18,66.97,191.46,0.80,-1,-1,-1
139,4,704.07,215.69,84.75,275.86,0.85,-1,-1,-1
139,9,760.98,249.48,120.55,258.49,0.85,-1,-1,-1
139,12,610.19,312.80,189.32,473.73,0.92,-1,-1,-1
139,17,569.47,257.52,99.20,230.12,0.92,-1,-1,-1
139,8,986.60,234.13,51.06,145.58,0.88,-1,-1,-1
139,19,1165.63,225.32,98.38,124.66,0.93,-1,-1,-1
139,6,-69.29,70.19,450.53,1238.59,0.78,-1,-1,-1
139,21,687.20,244.51,29.38,75.82,0.11,-1,-1,-1
139,22,1072.44,346.86,141.82,313.69,0.80,-1,-1,-1
139,24,640.81,259.44,50.51,162.74,0.77,-1,-1,-1
139,20,-171.12,73.39,542.92,1321.53,0.43,-1,-1,-1
140,3,660.59,259.31,67.69,198.17,0.79,-1,-1,-1
140,4,703.60,215.06,85.19,280.30,0.86,-1,-1,-1
140,9,760.02,250.16,120.98,259.95,0.87,-1,-1,-1
140,12,607.15,314.49,192.14,474.62,0.91,-1,-1,-1
140,17,569.40,258.20,96.97,231.08,0.92,-1,-1,-1
140,8,987.43,242.63,51.91,138.29,0.87,-1,-1,-1
140,19,1166.33,225.48,98.10,124.96,0.93,-1,-1,-1
140,6,-126.55,29.24,488.61,1339.74,0.78,-1,-1,-1
140,21,688.73,244.63,27.13,68.35,0.11,-1,-1,-1
140,22,1076.85,350.06,141.51,293.37,0.79,-1,-1,-1
140,24,638.16,258.10,53.96,170.68,0.76,-1,-1,-1
140,20,-266.67,23.27,620.50,1450.96,0.11,-1,-1,-1
140,25,891.00,244.80,33.30,82.80,0.72,-1,-1,-1
141,3,661.46,261.13,66.76,194.41,0.78,-1,-1,-1
141,4,702.57,215.02,85.34,282.89,0.86,-1,-1,-1
141,9,757.32,250.54,122.88,261.20,0.88,-1,-1,-1
141,12,603.99,314.78,195.03,472.38,0.92,-1,-1,-1
141,17,567.37,259.00,96.08,231.71,0.92,-1,-1,-1
141,8,988.93,247.54,51.01,134.23,0.88,-1,-1,-1
141,19,1166.66,225.62,97.94,125.14,0.93,-1,-1,-1
141,6,-157.28,26.27,500.50,1352.13,0.77,-1,-1,-1
141,21,688.11,244.15,27.55,69.33,0.12,-1,-1,-1
141,22,1080.80,352.16,143.69,293.97,0.66,-1,-1,-1
141,24,639.49,258.37,53.79,169.28,0.80,-1,-1,-1
141,20,-296.94,5.16,618.60,1482.72,0.12,-1,-1,-1
142,3,661.16,263.36,67.05,196.52,0.75,-1,-1,-1
142,4,701.33,215.02,92.02,288.26,0.86,-1,-1,-1
142,9,756.05,250.99,124.75,263.39,0.90,-1,-1,-1
142,12,600.20,314.28,199.15,472.24,0.92,-1,-1,-1
142,17,565.21,259.60,96.33,232.78,0.92,-1,-1,-1
142,8,989.45,242.25,51.87,140.39,0.88,-1,-1,-1
142,19,1167.41,225.90,97.83,125.42,0.94,-1,-1,-1
142,6,-167.31,42.15,487.70,1311.87,0.75,-1,-1,-1
142,22,1085.15,354.38,144.46,270.06,0.79,-1,-1,-1
142,24,641.51,258.33,54.24,170.46,0.80,-1,-1,-1
143,3,661.33,265.50,67.78,200.80,0.70,-1,-1,-1
143,4,700.88,215.66,94.47,289.56,0.85,-1,-1,-1
143,9,752.94,251.42,128.37,264.78,0.89,-1,-1,-1
143,12,588.11,314.34,212.04,464.79,0.92,-1,-1,-1
143,17,559.96,259.17,100.02,232.56,0.92,-1,-1,-1
143,8,992.60,237.64,49.78,145.58,0.89,-1,-1,-1
143,19,1166.55,225.91,98.94,125.90,0.93,-1,-1,-1
143,6,-203.48,60.93,507.99,1319.37,0.79,-1,-1,-1
143,22,1092.04,358.52,143.47,218.76,0.61,-1,-1,-1
143,24,642.56,258.28,54.98,170.76,0.79,-1,-1,-1
144,3,660.84,265.05,68.71,210.27,0.59,-1,-1,-1
144,4,700.25,215.71,96.63,289.91,0.86,-1,-1,-1
144,9,753.97,251.24,128.02,267.42,0.87,-1,-1,-1
144,12,582.22,311.92,218.72,460.44,0.93,-1,-1,-1
144,17,557.22,259.57,104.99,234.00,0.90,-1,-1,-1
144,8,994.55,240.53,48.99,143.17,0.89,-1,-1,-1
144,19,1167.70,225.99,98.18,126.11,0.93,-1,-1,-1
144,6,-238.48,80.23,513.79,1318.78,0.80,-1,-1,-1
144,22,1098.34,360.83,143.10,200.87,0.66,-1,-1,-1
144,24,643.63,256.81,55.23,173.99,0.74,-1,-1,-1
145,4,699.72,215.50,96.75,290.86,0.86,-1,-1,-1
145,9,752.59,251.73,129.48,268.78,0.86,-1,-1,-1
145,12,577.18,308.52,222.85,465.35,0.93,-1,-1,-1
145,17,555.74,259.36,103.84,234.64,0.91,-1,-1,-1
145,8,996.22,244.21,47.44,139.97,0.88,-1,-1,-1
145,19,1169.62,226.05,96.57,126.10,0.93,-1,-1,-1
145,6,-287.05,57.73,531.20,1388.82,0.77,-1,-1,-1
145,22,1103.24,369.11,146.39,193.79,0.17,-1,-1,-1
145,24,644.34,252.06,52.74,177.44,0.61,-1,-1,-1
146,4,698.09,215.34,103.28,291.05,0.84,-1,-1,-1
146,9,754.53,252.01,127.63,269.58,0.88,-1,-1,-1
146,12,572.93,302.42,224.41,464.57,0.93,-1,-1,-1
146,17,554.02,259.78,102.14,236.21,0.92,-1,-1,-1
146,8,998.19,245.88,48.10,138.55,0.89,-1,-1,-1
146,19,1172.48,225.80,94.76,126.79,0.94,-1,-1,-1
146,6,-329.55,41.05,539.06,1436.43,0.66,-1,-1,-1
146,22,1109.35,365.35,147.64,209.05,0.49,-1,-1,-1
146,24,643.29,252.87,54.28,186.40,0.63,-1,-1,-1
147,4,698.41,214.53,103.46,290.62,0.87,-1,-1,-1
147,9,754.79,251.28,127.55,271.85,0.88,-1,-1,-1
147,12,573.82,302.83,217.38,458.77,0.94,-1,-1,-1
147,17,552.86,259.57,100.92,238.03,0.92,-1,-1,-1
147,8,998.41,237.58,50.80,147.44,0.90,-1,-1,-1
147,19,1175.59,225.34,92.90,127.15,0.94,-1,-1,-1
147,22,1116.49,368.90,150.53,209.93,0.44,-1,-1,-1
147,24,644.48,256.57,58.52,190.02,0.34,-1,-1,-1
148,4,698.21,213.41,102.26,292.66,0.86,-1,-1,-1
148,9,754.53,251.12,128.65,273.97,0.88,-1,-1,-1
148,12,574.68,298.92,211.49,463.08,0.94,-1,-1,-1
148,17,549.53,258.89,103.43,241.07,0.93,-1,-1,-1
148,8,1000.61,234.34,50.61,151.19,0.90,-1,-1,-1
148,19,1177.62,225.17,90.95,127.41,0.94,-1,-1,-1
148,24,649.31,257.59,68.93,221.99,0.60,-1,-1,-1
149,4,699.13,213.28,96.90,293.30,0.87,-1,-1,-1
149,9,758.40,250.47,125.39,276.12,0.89,-1,-1,-1
149,12,575.78,302.16,204.31,458.86,0.94,-1,-1,-1
149,17,548.09,258.43,103.70,242.84,0.92,-1,-1,-1
149,8,1004.50,243.49,48.09,142.01,0.87,-1,-1,-1
149,19,1180.30,224.92,88.99,127.54,0.94,-1,-1,-1
149,3,653.82,259.50,73.59,238.09,0.72,-1,-1,-1
