0,1,672.30,373.50,121.50,312.30,0.92,-1,-1,-1
0,2,249.07,351.00,99.45,279.90,0.91,-1,-1,-1
0,3,312.97,310.05,241.42,524.70,0.89,-1,-1,-1
0,4,507.60,316.57,189.90,503.32,0.88,-1,-1,-1
0,5,761.40,295.20,243.00,629.10,0.87,-1,-1,-1
0,6,859.95,302.85,364.95,942.75,0.84,-1,-1,-1
0,7,342.22,385.65,70.65,225.00,0.82,-1,-1,-1
1,1,672.62,372.81,121.51,315.44,0.93,-1,-1,-1
1,2,246.06,350.90,99.46,280.11,0.90,-1,-1,-1
1,3,311.52,308.77,240.46,528.04,0.88,-1,-1,-1
1,4,499.32,316.27,186.79,502.96,0.88,-1,-1,-1
1,5,769.92,290.80,242.24,650.02,0.87,-1,-1,-1
1,6,871.60,295.13,402.46,978.72,0.83,-1,-1,-1
1,7,339.99,385.74,69.48,225.01,0.82,-1,-1,-1
2,1,672.17,373.30,126.39,317.61,0.92,-1,-1,-1
2,2,241.81,351.06,101.18,280.03,0.90,-1,-1,-1
2,3,308.62,309.96,238.49,534.34,0.89,-1,-1,-1
2,4,501.63,315.73,189.74,508.79,0.88,-1,-1,-1
2,5,779.00,288.57,239.21,672.63,0.88,-1,-1,-1
2,6,882.59,275.60,449.58,1073.85,0.81,-1,-1,-1
2,7,335.88,386.49,71.38,225.76,0.81,-1,-1,-1
2,8,426.82,358.65,116.32,352.80,0.71,-1,-1,-1
3,1,672.12,374.02,133.34,320.81,0.92,-1,-1,-1
3,2,238.91,352.20,100.04,280.69,0.90,-1,-1,-1
3,3,305.07,310.77,238.27,535.93,0.89,-1,-1,-1
3,4,499.15,316.14,190.04,513.89,0.89,-1,-1,-1
3,5,785.23,285.94,241.10,681.70,0.87,-1,-1,-1
3,6,900.41,278.69,446.66,1050.22,0.78,-1,-1,-1
3,7,332.34,387.12,72.34,226.00,0.81,-1,-1,-1
3,8,428.54,362.47,116.13,354.35,0.72,-1,-1,-1
3,9,616.50,390.60,76.50,235.80,0.72,-1,-1,-1
4,1,672.19,376.00,140.66,324.07,0.91,-1,-1,-1
4,2,226.77,354.22,109.57,282.72,0.89,-1,-1,-1
4,3,315.62,314.80,223.51,533.49,0.90,-1,-1,-1
4,4,496.53,317.75,194.67,517.91,0.89,-1,-1,-1
4,5,794.24,284.14,241.02,695.67,0.86,-1,-1,-1
4,6,927.83,262.26,458.49,1119.31,0.68,-1,-1,-1
4,7,326.80,388.59,73.90,225.93,0.61,-1,-1,-1
4,8,421.51,349.75,118.65,369.76,0.68,-1,-1,-1
5,1,673.35,378.24,137.67,326.79,0.92,-1,-1,-1
5,2,217.11,355.47,114.93,286.34,0.89,-1,-1,-1
5,3,304.11,317.37,235.96,539.53,0.89,-1,-1,-1
5,4,488.46,319.37,202.68,524.63,0.87,-1,-1,-1
5,5,802.14,284.49,242.44,710.48,0.87,-1,-1,-1
5,6,967.00,267.42,464.79,1186.79,0.73,-1,-1,-1
5,7,317.99,389.86,78.26,230.57,0.44,-1,-1,-1
5,8,419.69,351.94,118.54,370.43,0.67,-1,-1,-1
5,10,608.85,392.85,82.80,256.50,0.74,-1,-1,-1
6,1,674.56,380.75,136.35,329.24,0.92,-1,-1,-1
6,2,216.54,357.21,111.91,290.47,0.89,-1,-1,-1
6,3,297.92,321.69,236.62,543.76,0.88,-1,-1,-1
6,4,484.25,322.53,202.63,526.06,0.88,-1,-1,-1
6,5,810.96,281.61,247.02,733.60,0.85,-1,-1,-1
6,7,317.72,392.34,79.89,235.24,0.45,-1,-1,-1
6,8,420.53,366.27,114.86,358.58,0.63,-1,-1,-1
6,10,610.48,395.81,82.15,250.10,0.78,-1,-1,-1
7,1,673.86,382.58,137.50,332.60,0.92,-1,-1,-1
7,2,208.26,358.85,115.25,293.72,0.90,-1,-1,-1
7,3,293.87,326.10,240.01,545.14,0.88,-1,-1,-1
7,4,479.28,326.76,208.43,528.65,0.87,-1,-1,-1
7,5,816.38,280.52,260.82,757.26,0.82,-1,-1,-1
7,7,303.36,397.02,83.09,236.85,0.51,-1,-1,-1
7,8,415.98,370.05,113.69,356.95,0.48,-1,-1,-1
7,10,609.79,397.10,84.10,255.85,0.81,-1,-1,-1
8,1,674.49,385.21,138.38,335.59,0.90,-1,-1,-1
8,2,202.84,361.04,116.36,295.46,0.90,-1,-1,-1
8,3,291.14,330.35,239.48,551.83,0.88,-1,-1,-1
8,4,477.87,329.64,212.19,538.93,0.88,-1,-1,-1
8,5,828.34,279.94,265.70,787.28,0.85,-1,-1,-1
8,7,295.12,397.47,91.91,238.75,0.63,-1,-1,-1
8,8,417.93,376.19,109.90,338.56,0.23,-1,-1,-1
8,10,612.74,399.70,83.32,252.85,0.81,-1,-1,-1
9,1,674.87,387.54,141.05,338.37,0.88,-1,-1,-1
9,2,198.74,363.43,116.78,297.04,0.89,-1,-1,-1
9,3,288.15,333.88,241.90,557.47,0.86,-1,-1,-1
9,4,474.35,331.32,215.92,552.02,0.88,-1,-1,-1
9,5,839.90,280.55,278.55,824.91,0.87,-1,-1,-1
9,7,285.78,400.37,92.67,236.79,0.62,-1,-1,-1
9,8,413.67,372.66,108.82,348.77,0.21,-1,-1,-1
9,10,613.64,401.38,85.04,253.03,0.81,-1,-1,-1
10,1,676.92,389.70,158.69,340.56,0.88,-1,-1,-1
10,2,196.80,364.57,114.41,298.94,0.89,-1,-1,-1
10,3,287.52,338.84,242.53,555.62,0.87,-1,-1,-1
10,4,470.86,331.29,220.23,565.03,0.88,-1,-1,-1
10,5,853.00,279.20,299.78,849.20,0.85,-1,-1,-1
10,7,283.24,399.75,87.57,234.17,0.59,-1,-1,-1
10,8,412.66,380.52,110.40,343.10,0.31,-1,-1,-1
10,10,612.07,400.74,88.84,264.20,0.83,-1,-1,-1
11,1,681.12,390.61,161.16,341.15,0.88,-1,-1,-1
11,2,193.98,365.06,114.82,300.67,0.89,-1,-1,-1
11,3,285.02,339.66,246.94,556.84,0.87,-1,-1,-1
11,4,468.27,331.06,223.38,566.02,0.87,-1,-1,-1
11,5,867.60,270.62,317.45,887.77,0.87,-1,-1,-1
11,7,281.00,399.56,85.60,234.88,0.73,-1,-1,-1
11,8,417.25,383.80,109.86,329.84,0.36,-1,-1,-1
11,10,612.77,399.56,88.22,270.84,0.82,-1,-1,-1
12,1,685.22,390.81,164.22,343.70,0.90,-1,-1,-1
12,2,190.07,364.30,115.56,303.52,0.89,-1,-1,-1
12,3,283.47,337.33,252.83,560.27,0.86,-1,-1,-1
12,4,466.57,330.50,224.97,563.51,0.88,-1,-1,-1
12,5,882.39,261.05,318.97,909.03,0.84,-1,-1,-1
12,7,281.75,399.32,82.38,232.75,0.78,-1,-1,-1
12,8,427.48,387.23,104.00,310.26,0.32,-1,-1,-1
12,10,614.62,399.17,86.63,273.93,0.82,-1,-1,-1
13,1,683.00,390.80,172.79,346.97,0.89,-1,-1,-1
13,2,189.76,365.64,113.59,303.35,0.88,-1,-1,-1
13,3,281.66,335.51,252.70,557.16,0.87,-1,-1,-1
13,4,473.74,328.98,215.91,557.58,0.89,-1,-1,-1
13,5,898.08,247.49,336.22,975.65,0.84,-1,-1,-1
13,7,281.23,397.58,84.10,236.13,0.83,-1,-1,-1
13,8,438.48,387.31,98.73,302.22,0.23,-1,-1,-1
13,10,616.20,398.96,89.06,276.12,0.83,-1,-1,-1
14,1,686.41,389.87,173.76,348.17,0.87,-1,-1,-1
14,2,186.60,363.06,113.13,306.95,0.88,-1,-1,-1
14,3,280.98,331.95,256.85,560.86,0.86,-1,-1,-1
14,4,474.21,326.92,215.33,556.07,0.89,-1,-1,-1
14,5,903.63,233.18,381.52,1050.58,0.84,-1,-1,-1
14,7,280.34,396.97,84.14,237.40,0.85,-1,-1,-1
14,8,446.02,383.86,95.11,302.19,0.24,-1,-1,-1
14,10,616.43,397.85,91.75,279.99,0.86,-1,-1,-1
14,11,859.50,463.50,17.10,47.70,0.72,-1,-1,-1
15,1,689.75,388.00,175.03,350.92,0.89,-1,-1,-1
15,2,184.09,361.66,111.36,308.86,0.89,-1,-1,-1
15,3,281.40,327.80,258.24,558.64,0.86,-1,-1,-1
15,4,475.64,323.99,208.97,555.71,0.89,-1,-1,-1
15,5,922.72,219.12,394.60,1079.95,0.82,-1,-1,-1
15,7,280.32,397.53,80.79,237.27,0.70,-1,-1,-1
15,8,450.11,383.13,93.88,304.24,0.22,-1,-1,-1
15,10,618.26,395.91,92.68,284.60,0.87,-1,-1,-1
15,11,859.51,463.17,17.10,47.72,0.74,-1,-1,-1
16,1,698.32,386.99,170.20,354.21,0.90,-1,-1,-1
16,2,179.59,359.18,112.23,312.43,0.89,-1,-1,-1
16,3,283.60,323.63,256.29,564.20,0.86,-1,-1,-1
16,4,477.78,320.43,204.79,559.99,0.90,-1,-1,-1
16,5,933.63,188.18,434.91,1159.28,0.78,-1,-1,-1
16,7,278.89,397.26,78.91,235.97,0.75,-1,-1,-1
16,8,458.87,384.40,92.36,307.00,0.21,-1,-1,-1
16,10,619.56,393.89,94.23,289.30,0.87,-1,-1,-1
16,11,859.88,463.45,17.10,47.72,0.77,-1,-1,-1
16,12,953.10,439.87,50.40,139.73,0.75,-1,-1,-1
16,13,876.15,464.40,18.90,48.60,0.70,-1,-1,-1
17,1,705.69,385.89,165.69,357.70,0.91,-1,-1,-1
17,2,176.71,357.83,110.39,314.40,0.89,-1,-1,-1
17,3,286.33,320.93,257.61,564.17,0.85,-1,-1,-1
17,4,477.92,317.14,207.95,566.84,0.89,-1,-1,-1
17,5,960.71,149.40,465.96,1216.97,0.66,-1,-1,-1
17,7,277.00,396.18,77.85,236.70,0.80,-1,-1,-1
17,8,450.98,380.95,96.16,315.47,0.20,-1,-1,-1
17,10,621.43,393.15,95.90,295.77,0.86,-1,-1,-1
17,11,859.96,462.88,17.80,48.42,0.79,-1,-1,-1
17,12,952.42,440.49,47.50,132.42,0.82,-1,-1,-1
17,13,876.88,464.47,18.89,48.62,0.65,-1,-1,-1
17,14,327.15,396.22,65.25,206.78,0.76,-1,-1,-1
17,15,984.60,430.42,46.80,143.33,0.72,-1,-1,-1
17,16,905.85,463.95,18.45,50.40,0.71,-1,-1,-1
18,1,710.53,385.34,165.11,360.10,0.91,-1,-1,-1
18,2,173.75,357.34,111.52,316.56,0.88,-1,-1,-1
18,3,284.89,320.38,262.88,567.10,0.85,-1,-1,-1
18,4,479.60,313.94,211.56,577.69,0.88,-1,-1,-1
18,5,995.44,140.47,463.93,1224.34,0.62,-1,-1,-1
18,7,275.09,396.50,78.71,237.46,0.81,-1,-1,-1
18,8,445.11,371.64,100.14,329.94,0.24,-1,-1,-1
18,10,623.37,392.04,99.49,303.28,0.85,-1,-1,-1
18,11,860.34,462.97,18.02,48.62,0.81,-1,-1,-1
18,12,952.30,440.40,46.94,134.66,0.83,-1,-1,-1
18,13,877.39,464.80,18.90,48.62,0.73,-1,-1,-1
18,14,325.99,396.00,67.04,205.56,0.79,-1,-1,-1
18,15,982.49,429.75,49.67,153.44,0.80,-1,-1,-1
18,16,905.89,463.99,19.17,50.41,0.69,-1,-1,-1
18,17,893.25,462.60,18.90,51.30,0.70,-1,-1,-1
19,1,713.39,385.65,165.43,363.46,0.91,-1,-1,-1
19,2,170.91,357.38,111.34,317.47,0.87,-1,-1,-1
19,3,283.72,321.00,265.13,566.54,0.86,-1,-1,-1
19,4,484.65,312.37,205.80,577.48,0.89,-1,-1,-1
19,7,273.67,396.09,78.13,238.93,0.81,-1,-1,-1
19,8,443.66,369.36,99.01,328.40,0.12,-1,-1,-1
19,10,625.20,392.00,99.66,315.42,0.84,-1,-1,-1
19,11,860.76,463.06,18.08,49.33,0.82,-1,-1,-1
19,12,951.51,440.92,48.19,135.88,0.83,-1,-1,-1
19,13,877.53,464.94,18.90,48.61,0.75,-1,-1,-1
19,14,325.89,395.63,67.72,206.04,0.78,-1,-1,-1
19,15,982.78,429.84,48.85,154.52,0.80,-1,-1,-1
19,16,906.57,464.04,19.99,51.11,0.68,-1,-1,-1
19,17,893.63,462.31,18.90,52.75,0.75,-1,-1,-1
20,1,716.78,386.38,164.33,367.01,0.90,-1,-1,-1
20,2,168.05,357.91,114.13,318.77,0.89,-1,-1,-1
20,3,285.98,320.70,261.56,570.44,0.86,-1,-1,-1
20,4,489.64,313.04,201.19,571.31,0.90,-1,-1,-1
20,7,272.22,396.73,79.43,239.91,0.83,-1,-1,-1
20,10,628.56,392.03,98.50,316.49,0.83,-1,-1,-1
20,11,861.26,463.41,18.09,49.56,0.83,-1,-1,-1
20,12,951.32,441.41,47.25,134.18,0.84,-1,-1,-1
20,13,878.28,465.30,18.90,48.61,0.79,-1,-1,-1
20,14,323.16,396.08,70.75,210.20,0.78,-1,-1,-1
20,15,981.49,430.87,47.18,152.81,0.80,-1,-1,-1
20,16,906.84,464.38,20.96,51.34,0.79,-1,-1,-1
20,17,894.09,462.63,18.90,53.04,0.79,-1,-1,-1
20,18,1022.40,441.45,52.20,152.10,0.76,-1,-1,-1
21,1,718.89,387.74,166.84,366.28,0.88,-1,-1,-1
21,2,163.67,358.40,117.25,321.65,0.89,-1,-1,-1
21,3,285.05,321.17,262.67,573.36,0.86,-1,-1,-1
21,4,491.24,314.93,200.73,571.07,0.89,-1,-1,-1
21,7,270.39,397.37,80.53,241.71,0.84,-1,-1,-1
21,10,630.75,393.30,100.40,316.61,0.85,-1,-1,-1
21,11,861.78,464.17,18.09,49.62,0.84,-1,-1,-1
21,12,951.29,441.88,46.92,136.16,0.84,-1,-1,-1
21,13,878.54,465.73,18.91,48.60,0.80,-1,-1,-1
21,14,321.89,396.79,72.37,210.95,0.81,-1,-1,-1
21,15,981.09,432.20,46.69,156.24,0.84,-1,-1,-1
21,16,907.26,464.81,22.24,51.38,0.81,-1,-1,-1
21,17,894.60,463.39,18.90,52.42,0.81,-1,-1,-1
21,18,1023.23,442.25,52.21,155.73,0.75,-1,-1,-1
22,1,722.32,389.90,167.67,365.54,0.88,-1,-1,-1
22,2,160.02,360.29,119.38,321.69,0.89,-1,-1,-1
22,3,282.84,321.62,265.61,582.77,0.85,-1,-1,-1
22,4,491.21,318.39,202.25,574.80,0.89,-1,-1,-1
22,7,268.46,397.15,80.88,244.13,0.83,-1,-1,-1
22,10,633.32,395.12,101.00,320.78,0.87,-1,-1,-1
22,11,862.09,464.98,18.07,49.65,0.83,-1,-1,-1
22,12,950.54,442.91,48.06,138.14,0.84,-1,-1,-1
22,13,878.78,466.73,18.90,48.62,0.77,-1,-1,-1
22,14,319.73,397.67,73.77,209.27,0.82,-1,-1,-1
22,15,980.22,433.82,47.87,159.36,0.83,-1,-1,-1
22,16,907.87,465.82,21.42,51.41,0.78,-1,-1,-1
22,17,894.27,464.48,19.57,52.92,0.82,-1,-1,-1
22,18,1024.04,442.99,52.18,155.81,0.74,-1,-1,-1
23,1,723.62,393.75,171.08,371.09,0.89,-1,-1,-1
23,2,154.90,362.81,119.45,324.01,0.90,-1,-1,-1
23,3,283.49,324.11,268.46,589.52,0.84,-1,-1,-1
23,4,490.90,322.40,204.30,580.16,0.88,-1,-1,-1
23,7,265.76,397.93,82.02,247.41,0.86,-1,-1,-1
23,10,638.76,397.99,99.59,319.32,0.85,-1,-1,-1
23,11,862.65,466.19,18.08,49.05,0.83,-1,-1,-1
23,12,949.83,443.54,49.76,141.92,0.83,-1,-1,-1
23,13,879.63,467.69,18.29,48.63,0.76,-1,-1,-1
23,14,318.90,399.11,73.38,208.61,0.82,-1,-1,-1
23,15,978.21,435.25,49.61,164.81,0.83,-1,-1,-1
23,16,908.87,467.08,20.43,50.77,0.75,-1,-1,-1
23,17,894.94,465.45,19.17,53.08,0.76,-1,-1,-1
23,18,1024.40,443.77,55.03,166.27,0.78,-1,-1,-1
24,1,727.54,397.41,172.78,373.59,0.89,-1,-1,-1
24,2,149.91,363.82,121.10,325.90,0.90,-1,-1,-1
24,3,286.91,325.76,265.73,593.27,0.84,-1,-1,-1
24,4,490.25,326.89,205.49,583.82,0.89,-1,-1,-1
24,7,263.07,398.88,82.36,249.71,0.86,-1,-1,-1
24,10,642.89,399.82,96.50,324.96,0.85,-1,-1,-1
24,11,862.46,467.09,18.67,49.40,0.82,-1,-1,-1
24,12,949.47,444.08,49.12,147.02,0.83,-1,-1,-1
24,13,880.14,468.18,18.06,49.23,0.71,-1,-1,-1
24,14,317.29,399.86,74.31,216.24,0.82,-1,-1,-1
24,15,976.77,436.69,48.96,168.36,0.83,-1,-1,-1
24,16,908.79,468.00,20.36,50.52,0.71,-1,-1,-1
24,17,895.08,466.58,18.99,52.49,0.75,-1,-1,-1
24,18,1024.37,444.56,55.89,174.75,0.77,-1,-1,-1
25,1,729.20,400.23,175.71,376.21,0.89,-1,-1,-1
25,2,144.91,363.86,123.30,328.30,0.91,-1,-1,-1
25,3,293.01,326.50,264.00,596.77,0.84,-1,-1,-1
25,4,486.69,331.08,208.90,582.85,0.88,-1,-1,-1
25,7,260.07,400.68,83.95,251.12,0.87,-1,-1,-1
25,10,645.24,401.81,97.69,329.16,0.84,-1,-1,-1
25,11,862.65,467.67,18.88,49.52,0.81,-1,-1,-1
25,12,948.72,444.99,50.07,149.90,0.83,-1,-1,-1
25,13,879.97,468.92,18.59,49.45,0.73,-1,-1,-1
25,14,316.60,400.69,73.09,209.24,0.83,-1,-1,-1
25,15,974.41,438.82,49.94,169.73,0.83,-1,-1,-1
25,16,909.34,468.58,19.70,49.81,0.66,-1,-1,-1
25,17,895.41,467.54,19.56,52.27,0.77,-1,-1,-1
25,18,1024.94,444.80,56.11,179.42,0.81,-1,-1,-1
26,1,732.49,402.56,174.49,376.65,0.90,-1,-1,-1
26,2,140.57,366.59,125.78,327.95,0.90,-1,-1,-1
26,3,294.35,328.00,254.91,600.31,0.87,-1,-1,-1
26,4,482.76,335.33,213.23,580.26,0.88,-1,-1,-1
26,7,257.48,402.58,85.75,251.59,0.88,-1,-1,-1
26,10,643.77,402.70,105.88,334.86,0.84,-1,-1,-1
26,11,863.12,468.12,18.96,49.56,0.79,-1,-1,-1
26,12,947.96,445.55,50.43,147.34,0.82,-1,-1,-1
26,13,880.31,469.43,18.80,49.52,0.76,-1,-1,-1
26,14,315.44,401.92,73.22,211.68,0.84,-1,-1,-1
26,15,972.48,439.81,51.53,168.93,0.81,-1,-1,-1
26,16,909.62,469.02,19.47,49.55,0.64,-1,-1,-1
26,17,895.93,467.81,19.76,52.81,0.78,-1,-1,-1
26,18,1024.61,445.10,57.42,179.63,0.80,-1,-1,-1
26,19,193.50,415.35,88.65,250.20,0.74,-1,-1,-1
27,1,734.69,403.44,175.61,382.45,0.90,-1,-1,-1
27,2,136.79,366.22,125.95,330.07,0.90,-1,-1,-1
27,3,291.50,328.99,256.09,608.54,0.87,-1,-1,-1
27,4,480.91,337.95,214.11,582.08,0.88,-1,-1,-1
27,7,255.68,402.21,86.95,253.46,0.88,-1,-1,-1
27,10,645.40,403.48,104.23,336.29,0.84,-1,-1,-1
27,11,863.13,468.47,18.97,50.16,0.73,-1,-1,-1
27,12,945.73,445.97,50.51,141.41,0.81,-1,-1,-1
27,13,880.27,469.81,18.86,50.14,0.77,-1,-1,-1
27,14,312.46,401.72,75.90,212.96,0.82,-1,-1,-1
27,15,969.84,440.06,52.08,167.30,0.82,-1,-1,-1
27,16,909.86,469.08,19.06,49.46,0.59,-1,-1,-1
27,17,896.26,468.10,19.82,53.00,0.78,-1,-1,-1
27,18,1024.91,444.98,56.59,175.29,0.81,-1,-1,-1
27,19,189.53,420.40,91.16,245.96,0.60,-1,-1,-1
28,1,737.20,405.07,176.09,381.52,0.89,-1,-1,-1
28,2,132.62,367.36,124.65,330.26,0.91,-1,-1,-1
28,3,287.94,329.44,259.09,613.99,0.87,-1,-1,-1
28,4,478.37,339.82,214.58,582.49,0.89,-1,-1,-1
28,7,253.06,402.30,88.04,254.31,0.86,-1,-1,-1
28,10,641.78,404.39,109.48,344.37,0.84,-1,-1,-1
28,11,863.16,468.59,18.98,50.39,0.70,-1,-1,-1
28,12,944.36,446.08,50.57,140.94,0.84,-1,-1,-1
28,13,880.28,470.23,18.90,50.38,0.72,-1,-1,-1
28,14,310.41,401.71,75.75,212.85,0.84,-1,-1,-1
28,15,968.35,439.78,51.12,166.03,0.84,-1,-1,-1
28,16,909.97,469.68,18.93,48.22,0.59,-1,-1,-1
28,17,896.41,468.48,19.85,53.08,0.78,-1,-1,-1
28,18,1023.85,445.05,57.50,172.69,0.80,-1,-1,-1
28,19,188.99,429.13,89.27,236.80,0.61,-1,-1,-1
29,1,739.84,406.01,175.00,383.53,0.88,-1,-1,-1
29,2,126.47,366.36,126.23,333.05,0.92,-1,-1,-1
29,3,284.75,330.10,252.87,614.09,0.89,-1,-1,-1
29,4,478.37,340.10,211.11,582.80,0.88,-1,-1,-1
29,7,249.72,402.83,89.59,254.56,0.87,-1,-1,-1
29,10,641.59,404.20,109.08,350.36,0.85,-1,-1,-1
29,11,863.17,469.14,18.98,50.46,0.76,-1,-1,-1
29,12,942.68,446.34,50.57,141.34,0.85,-1,-1,-1
29,13,880.27,470.00,18.91,51.05,0.76,-1,-1,-1
29,14,307.98,402.05,75.03,206.59,0.84,-1,-1,-1
29,15,966.64,438.67,50.72,166.69,0.84,-1,-1,-1
29,16,910.00,469.82,18.88,48.38,0.61,-1,-1,-1
29,17,896.46,468.84,19.86,53.11,0.80,-1,-1,-1
29,18,1022.84,444.86,57.80,176.32,0.82,-1,-1,-1
29,19,187.43,435.11,88.25,230.14,0.58,-1,-1,-1
30,1,741.07,406.55,176.21,384.69,0.89,-1,-1,-1
30,2,121.08,364.51,127.53,335.28,0.91,-1,-1,-1
30,3,282.69,331.73,249.28,611.72,0.89,-1,-1,-1
30,4,475.55,340.22,210.21,586.10,0.88,-1,-1,-1
30,7,247.57,405.70,90.98,253.19,0.84,-1,-1,-1
30,10,637.40,403.17,115.82,360.88,0.84,-1,-1,-1
30,11,863.45,468.97,18.36,50.47,0.58,-1,-1,-1
30,12,938.46,446.23,54.10,149.66,0.88,-1,-1,-1
30,13,880.25,470.13,18.90,50.69,0.68,-1,-1,-1
30,14,303.87,401.60,76.47,208.54,0.80,-1,-1,-1
30,15,964.83,438.18,50.53,166.84,0.85,-1,-1,-1
30,16,909.97,470.09,18.85,47.82,0.48,-1,-1,-1
30,17,895.85,469.19,20.44,53.10,0.79,-1,-1,-1
30,18,1021.81,444.59,57.84,178.88,0.82,-1,-1,-1
30,19,185.54,449.14,87.87,215.08,0.57,-1,-1,-1
31,1,743.18,406.46,176.77,388.13,0.90,-1,-1,-1
31,2,116.08,364.23,127.80,336.17,0.91,-1,-1,-1
31,3,276.01,330.50,250.59,613.98,0.88,-1,-1,-1
31,4,473.48,336.58,207.07,589.40,0.88,-1,-1,-1
31,7,245.13,404.84,90.98,252.71,0.88,-1,-1,-1
31,10,634.30,401.93,123.05,366.94,0.85,-1,-1,-1
31,11,863.27,469.23,18.14,51.07,0.35,-1,-1,-1
31,12,932.90,446.34,60.09,152.33,0.86,-1,-1,-1
31,13,880.26,470.51,18.91,50.55,0.57,-1,-1,-1
31,14,300.55,400.49,77.06,211.57,0.80,-1,-1,-1
31,15,960.67,437.10,52.90,168.71,0.83,-1,-1,-1
31,16,910.29,470.22,17.96,47.04,0.38,-1,-1,-1
31,17,895.94,469.34,20.67,53.11,0.74,-1,-1,-1
31,18,1019.70,444.20,59.08,184.58,0.82,-1,-1,-1
31,19,185.35,453.25,86.79,210.18,0.60,-1,-1,-1
32,1,746.50,405.62,175.73,388.92,0.90,-1,-1,-1
32,2,111.64,362.29,126.97,337.63,0.92,-1,-1,-1
32,3,271.73,329.68,245.39,612.07,0.88,-1,-1,-1
32,4,470.00,332.45,205.24,584.96,0.87,-1,-1,-1
32,7,242.04,403.55,92.11,251.90,0.87,-1,-1,-1
32,10,632.72,400.39,127.54,373.06,0.86,-1,-1,-1
32,12,923.35,446.07,70.31,155.08,0.88,-1,-1,-1
32,13,879.90,470.33,18.91,51.10,0.56,-1,-1,-1
32,14,299.62,399.57,74.28,220.01,0.80,-1,-1,-1
32,15,957.35,435.77,54.94,170.56,0.84,-1,-1,-1
32,16,910.04,470.24,18.55,47.37,0.52,-1,-1,-1
32,17,895.62,468.77,20.75,53.71,0.69,-1,-1,-1
32,18,1017.68,443.74,57.15,184.31,0.83,-1,-1,-1
32,19,180.42,449.73,87.01,213.10,0.69,-1,-1,-1
33,1,749.18,403.75,174.97,392.96,0.91,-1,-1,-1
33,2,105.56,360.63,128.41,339.29,0.92,-1,-1,-1
33,3,265.73,327.69,246.13,614.61,0.88,-1,-1,-1
33,4,464.29,328.15,206.93,591.80,0.88,-1,-1,-1
33,7,238.50,404.50,93.68,250.37,0.86,-1,-1,-1
33,10,634.71,398.88,125.78,377.57,0.87,-1,-1,-1
33,12,918.21,445.93,75.19,156.07,0.89,-1,-1,-1
33,13,880.69,470.22,18.31,50.70,0.14,-1,-1,-1
33,14,297.78,399.04,71.05,213.31,0.78,-1,-1,-1
33,15,955.57,434.65,55.70,174.19,0.83,-1,-1,-1
33,16,910.27,470.21,18.45,47.50,0.41,-1,-1,-1
33,17,895.52,468.82,20.77,53.34,0.53,-1,-1,-1
33,18,1015.74,442.81,56.36,186.29,0.83,-1,-1,-1
33,19,177.34,450.54,85.93,213.03,0.61,-1,-1,-1
34,1,750.44,402.33,175.62,395.72,0.90,-1,-1,-1
34,2,99.73,360.01,130.65,340.58,0.92,-1,-1,-1
34,3,258.53,322.46,248.64,625.98,0.88,-1,-1,-1
34,4,455.12,323.07,211.83,599.02,0.88,-1,-1,-1
34,7,235.24,401.69,94.88,251.54,0.86,-1,-1,-1
34,10,635.26,397.19,126.19,380.26,0.87,-1,-1,-1
34,12,916.20,446.33,77.20,156.52,0.89,-1,-1,-1
34,14,294.34,398.21,71.09,216.44,0.73,-1,-1,-1
34,15,955.02,433.64,54.84,176.11,0.83,-1,-1,-1
34,16,910.10,470.21,18.13,47.55,0.46,-1,-1,-1
34,17,895.54,468.55,20.19,53.19,0.51,-1,-1,-1
34,18,1013.30,443.20,57.29,185.32,0.83,-1,-1,-1
34,19,171.87,449.80,88.26,214.48,0.59,-1,-1,-1
34,20,573.30,383.62,93.60,316.57,0.74,-1,-1,-1
35,1,752.51,400.03,175.90,402.20,0.91,-1,-1,-1
35,2,93.63,359.77,131.63,342.95,0.92,-1,-1,-1
35,3,252.02,318.84,251.18,632.11,0.88,-1,-1,-1
35,4,448.24,318.19,214.33,607.31,0.88,-1,-1,-1
35,7,231.68,399.31,94.46,253.73,0.79,-1,-1,-1
35,10,635.02,396.14,127.49,381.45,0.88,-1,-1,-1
35,12,915.75,446.55,75.98,156.71,0.89,-1,-1,-1
35,14,288.81,397.92,72.33,224.81,0.51,-1,-1,-1
35,15,953.71,433.33,54.49,175.70,0.83,-1,-1,-1
35,16,910.01,469.98,18.02,47.01,0.41,-1,-1,-1
35,17,895.52,468.52,20.57,53.75,0.53,-1,-1,-1
35,18,1010.67,443.29,55.26,182.71,0.83,-1,-1,-1
35,19,165.31,442.32,91.18,223.27,0.48,-1,-1,-1
35,20,571.32,382.03,95.10,323.41,0.76,-1,-1,-1
36,1,753.18,398.57,175.30,410.36,0.91,-1,-1,-1
36,2,87.34,358.94,133.63,345.91,0.93,-1,-1,-1
36,3,246.54,312.76,248.17,642.42,0.88,-1,-1,-1
36,4,438.69,314.91,218.12,616.99,0.89,-1,-1,-1
36,7,227.98,399.72,97.09,253.42,0.82,-1,-1,-1
36,10,632.59,395.31,130.78,387.34,0.86,-1,-1,-1
36,12,915.61,446.78,74.19,157.72,0.88,-1,-1,-1
36,14,287.38,396.92,69.48,218.49,0.55,-1,-1,-1
36,15,952.60,433.39,54.31,177.95,0.83,-1,-1,-1
36,16,909.30,469.89,18.58,46.19,0.35,-1,-1,-1
36,17,895.43,468.50,20.10,51.57,0.34,-1,-1,-1
36,18,1008.40,443.49,54.43,186.81,0.83,-1,-1,-1
36,19,158.10,431.22,93.81,235.95,0.52,-1,-1,-1
36,20,566.43,381.04,100.21,333.67,0.78,-1,-1,-1
37,1,753.91,396.29,178.03,419.31,0.91,-1,-1,-1
37,2,80.09,359.23,136.72,348.79,0.92,-1,-1,-1
37,3,240.64,311.67,243.74,643.95,0.88,-1,-1,-1
37,4,429.81,314.01,222.48,618.59,0.88,-1,-1,-1
37,7,224.67,398.87,95.43,254.06,0.84,-1,-1,-1
37,10,630.74,394.90,133.14,392.57,0.86,-1,-1,-1
37,12,914.78,446.62,71.95,159.26,0.88,-1,-1,-1
37,14,280.24,396.56,74.76,230.91,0.28,-1,-1,-1
37,15,947.50,434.06,56.61,181.73,0.88,-1,-1,-1
37,16,908.43,469.60,18.78,46.51,0.19,-1,-1,-1
37,18,1005.20,445.11,54.13,184.19,0.84,-1,-1,-1
37,19,156.15,434.00,92.41,234.99,0.44,-1,-1,-1
37,20,564.80,380.71,101.26,335.08,0.78,-1,-1,-1
38,1,755.09,394.02,180.02,425.57,0.91,-1,-1,-1
38,2,71.34,359.69,141.45,351.16,0.92,-1,-1,-1
38,3,232.90,309.09,244.94,644.37,0.88,-1,-1,-1
38,4,424.68,312.96,222.63,616.40,0.88,-1,-1,-1
38,7,222.31,398.86,93.97,254.73,0.82,-1,-1,-1
38,10,628.35,394.99,135.82,400.73,0.87,-1,-1,-1
38,12,915.25,446.60,66.92,159.80,0.86,-1,-1,-1
38,14,278.46,396.29,71.73,227.30,0.15,-1,-1,-1
38,15,943.99,435.09,57.49,183.57,0.90,-1,-1,-1
38,18,1001.78,445.75,55.26,183.69,0.84,-1,-1,-1
38,19,151.66,433.18,94.37,236.97,0.53,-1,-1,-1
38,20,566.49,380.70,100.82,329.83,0.78,-1,-1,-1
39,1,756.31,393.63,184.58,432.45,0.90,-1,-1,-1
39,2,62.03,360.29,146.32,354.85,0.92,-1,-1,-1
39,3,225.60,310.07,247.19,647.27,0.89,-1,-1,-1
39,4,416.33,312.61,226.44,620.26,0.89,-1,-1,-1
39,7,219.66,400.64,95.46,253.21,0.77,-1,-1,-1
39,10,619.81,395.79,146.10,416.49,0.85,-1,-1,-1
39,12,917.96,446.63,60.65,160.56,0.86,-1,-1,-1
39,14,266.74,397.37,87.05,248.96,0.11,-1,-1,-1
39,15,941.51,435.98,57.81,184.98,0.90,-1,-1,-1
39,18,996.98,446.49,56.86,184.52,0.83,-1,-1,-1
39,19,144.96,432.41,96.57,241.45,0.64,-1,-1,-1
39,20,564.88,380.55,103.79,345.74,0.79,-1,-1,-1
40,1,757.55,393.37,190.10,439.10,0.91,-1,-1,-1
40,2,53.67,361.48,150.69,357.87,0.91,-1,-1,-1
40,3,215.69,309.22,250.94,658.91,0.87,-1,-1,-1
40,4,409.78,312.87,229.01,628.29,0.88,-1,-1,-1
40,7,219.70,401.67,94.23,256.14,0.42,-1,-1,-1
40,10,620.52,396.58,147.15,424.18,0.87,-1,-1,-1
40,12,917.46,445.60,57.35,160.03,0.84,-1,-1,-1
40,15,940.57,436.47,56.73,186.45,0.90,-1,-1,-1
40,18,994.54,445.87,56.29,186.24,0.85,-1,-1,-1
40,19,142.61,437.95,95.46,239.35,0.59,-1,-1,-1
40,20,563.72,380.39,104.14,350.21,0.80,-1,-1,-1
41,1,759.52,392.96,193.03,446.81,0.90,-1,-1,-1
41,2,44.48,363.05,156.41,359.56,0.92,-1,-1,-1
41,3,206.71,310.35,254.56,665.89,0.88,-1,-1,-1
41,4,403.86,315.18,231.82,632.60,0.87,-1,-1,-1
41,7,219.40,403.18,93.19,261.99,0.37,-1,-1,-1
41,10,617.48,397.44,147.39,433.98,0.85,-1,-1,-1
41,12,916.19,445.34,57.42,163.51,0.76,-1,-1,-1
41,15,939.81,437.53,56.28,187.55,0.88,-1,-1,-1
41,18,992.01,446.07,57.24,186.12,0.85,-1,-1,-1
41,19,141.82,447.77,93.63,232.54,0.70,-1,-1,-1
41,20,564.36,379.99,104.79,347.96,0.82,-1,-1,-1
41,21,55.18,363.15,117.17,288.90,0.76,-1,-1,-1
42,1,762.01,391.77,195.77,461.41,0.90,-1,-1,-1
42,2,38.41,364.57,159.25,359.03,0.92,-1,-1,-1
42,3,197.12,309.87,258.77,676.85,0.88,-1,-1,-1
42,4,395.99,316.79,236.85,639.19,0.88,-1,-1,-1
42,7,218.48,403.35,92.58,263.55,0.13,-1,-1,-1
42,10,614.64,398.02,152.57,440.42,0.83,-1,-1,-1
42,12,917.00,445.07,53.78,171.68,0.69,-1,-1,-1
42,15,938.41,437.76,57.26,188.92,0.88,-1,-1,-1
42,18,989.94,445.67,57.56,188.53,0.84,-1,-1,-1
42,19,137.33,448.03,95.43,235.93,0.62,-1,-1,-1
42,20,560.13,380.72,111.02,359.11,0.82,-1,-1,-1
42,21,42.77,363.61,127.80,291.92,0.81,-1,-1,-1
43,1,764.66,391.92,200.97,468.66,0.89,-1,-1,-1
43,2,36.22,365.72,159.13,360.40,0.93,-1,-1,-1
43,3,189.96,309.37,266.03,687.27,0.88,-1,-1,-1
43,4,387.81,315.86,242.95,648.57,0.88,-1,-1,-1
43,7,216.50,404.70,95.09,264.14,0.21,-1,-1,-1
43,10,616.46,399.03,159.20,448.13,0.83,-1,-1,-1
43,12,915.55,445.12,52.47,177.24,0.67,-1,-1,-1
43,15,938.57,437.98,55.29,190.14,0.87,-1,-1,-1
43,18,988.09,445.66,57.71,188.69,0.86,-1,-1,-1
43,19,135.30,449.40,97.25,236.00,0.51,-1,-1,-1
43,20,557.38,381.04,115.71,366.11,0.83,-1,-1,-1
43,21,36.13,363.63,132.10,295.49,0.84,-1,-1,-1
44,1,766.04,391.37,203.23,474.06,0.89,-1,-1,-1
44,2,35.13,365.03,159.03,361.35,0.93,-1,-1,-1
44,3,185.52,307.81,271.97,696.49,0.86,-1,-1,-1
44,4,382.10,315.70,247.03,657.01,0.88,-1,-1,-1
44,7,213.90,405.53,97.89,263.06,0.17,-1,-1,-1
44,10,616.51,398.81,164.63,458.36,0.85,-1,-1,-1
44,12,914.55,444.92,52.06,180.04,0.69,-1,-1,-1
44,15,937.63,437.98,54.52,191.09,0.86,-1,-1,-1
44,18,986.97,445.86,57.77,186.87,0.86,-1,-1,-1
44,19,127.08,435.42,102.52,251.63,0.72,-1,-1,-1
44,20,557.70,382.21,116.90,371.33,0.83,-1,-1,-1
44,21,32.09,365.17,131.88,294.30,0.84,-1,-1,-1
45,1,769.35,388.88,204.88,479.29,0.87,-1,-1,-1
45,2,31.34,363.65,161.05,364.62,0.93,-1,-1,-1
45,3,182.68,301.68,268.18,716.11,0.87,-1,-1,-1
45,4,379.29,315.50,247.50,662.85,0.88,-1,-1,-1
45,7,209.65,400.96,108.78,284.60,0.13,-1,-1,-1
45,10,617.39,398.81,164.06,459.45,0.84,-1,-1,-1
45,12,910.12,439.11,57.06,191.96,0.68,-1,-1,-1
45,15,936.01,437.51,55.33,192.43,0.83,-1,-1,-1
45,18,985.29,446.39,58.86,185.98,0.86,-1,-1,-1
45,19,120.17,425.27,106.96,262.48,0.57,-1,-1,-1
45,20,559.35,382.00,117.61,374.44,0.83,-1,-1,-1
45,21,25.46,364.08,137.71,297.68,0.83,-1,-1,-1
45,22,1081.80,482.40,25.20,63.90,0.70,-1,-1,-1
46,1,775.83,385.59,199.62,485.26,0.90,-1,-1,-1
46,2,28.51,362.87,162.72,365.25,0.93,-1,-1,-1
46,3,178.91,299.69,266.56,721.46,0.87,-1,-1,-1
46,4,377.46,316.20,247.08,664.26,0.88,-1,-1,-1
46,10,618.32,397.95,167.83,461.69,0.86,-1,-1,-1
46,12,909.46,440.20,57.37,191.49,0.69,-1,-1,-1
46,15,935.48,436.58,55.64,194.24,0.83,-1,-1,-1
46,18,983.57,446.43,60.47,187.59,0.87,-1,-1,-1
46,19,115.61,423.98,106.23,263.21,0.40,-1,-1,-1
46,20,561.16,381.04,119.62,380.82,0.83,-1,-1,-1
46,21,21.15,363.11,138.92,301.38,0.85,-1,-1,-1
46,22,1082.65,482.52,25.21,64.65,0.70,-1,-1,-1
46,23,1103.40,471.15,32.40,86.40,0.71,-1,-1,-1
47,1,781.22,383.00,199.23,491.03,0.87,-1,-1,-1
47,2,26.00,361.87,162.89,365.44,0.93,-1,-1,-1
47,3,174.07,298.30,274.10,726.77,0.86,-1,-1,-1
47,4,373.88,314.94,249.57,672.02,0.87,-1,-1,-1
47,10,621.91,396.09,170.89,467.92,0.85,-1,-1,-1
47,12,909.29,440.20,57.48,191.56,0.50,-1,-1,-1
47,15,932.96,435.46,58.12,195.32,0.83,-1,-1,-1
47,18,983.58,445.82,59.88,189.37,0.87,-1,-1,-1
47,19,114.23,419.02,102.01,268.08,0.43,-1,-1,-1
47,20,560.41,379.00,124.40,390.62,0.83,-1,-1,-1
47,21,17.70,362.21,138.70,305.29,0.86,-1,-1,-1
47,22,1083.53,483.24,25.20,63.42,0.66,-1,-1,-1
47,23,1106.42,471.61,30.96,82.85,0.61,-1,-1,-1
48,1,785.87,378.61,198.10,498.68,0.87,-1,-1,-1
48,2,23.24,359.06,164.28,367.16,0.92,-1,-1,-1
48,3,169.69,297.04,272.48,720.92,0.87,-1,-1,-1
48,4,371.48,314.27,251.13,676.02,0.88,-1,-1,-1
48,10,626.31,394.14,170.18,475.30,0.85,-1,-1,-1
48,12,906.92,431.65,61.09,207.27,0.26,-1,-1,-1
48,15,929.15,433.64,61.37,200.52,0.77,-1,-1,-1
48,18,981.30,445.38,61.99,191.91,0.87,-1,-1,-1
48,19,111.37,416.23,100.90,268.63,0.74,-1,-1,-1
48,20,561.40,376.55,128.47,401.33,0.84,-1,-1,-1
48,21,14.44,360.30,138.18,310.25,0.86,-1,-1,-1
48,22,1084.45,481.96,25.20,65.81,0.68,-1,-1,-1
48,23,1107.03,470.97,32.08,85.66,0.72,-1,-1,-1
49,1,773.49,376.82,231.26,509.07,0.86,-1,-1,-1
49,2,22.87,357.66,163.15,365.37,0.92,-1,-1,-1
49,3,163.65,293.04,275.46,729.59,0.88,-1,-1,-1
49,4,371.05,312.07,251.62,681.61,0.87,-1,-1,-1
49,10,629.79,391.47,173.28,491.51,0.84,-1,-1,-1
49,12,907.51,429.11,59.79,198.18,0.21,-1,-1,-1
49,15,928.87,432.32,62.60,203.62,0.75,-1,-1,-1
49,18,979.30,445.33,63.94,193.87,0.87,-1,-1,-1
49,19,108.82,411.95,99.27,271.66,0.52,-1,-1,-1
49,20,564.42,372.94,132.28,409.93,0.83,-1,-1,-1
49,21,10.71,357.76,140.65,313.17,0.86,-1,-1,-1
49,22,1086.03,481.19,25.19,66.56,0.71,-1,-1,-1
49,23,1108.52,470.36,31.06,86.56,0.75,-1,-1,-1
50,1,773.33,375.38,229.50,515.11,0.88,-1,-1,-1
50,2,20.60,357.24,164.03,368.86,0.92,-1,-1,-1
50,3,157.55,290.76,282.25,742.53,0.88,-1,-1,-1
50,4,371.00,308.68,252.34,690.49,0.87,-1,-1,-1
50,10,637.82,390.25,170.88,487.20,0.85,-1,-1,-1
50,15,926.55,431.96,65.40,208.30,0.73,-1,-1,-1
50,18,976.31,445.00,67.01,199.19,0.86,-1,-1,-1
50,19,101.47,410.93,100.90,268.80,0.44,-1,-1,-1
50,20,570.23,371.07,130.78,411.98,0.84,-1,-1,-1
50,21,8.66,356.76,140.05,320.40,0.85,-1,-1,-1
50,22,1087.21,481.38,25.19,66.79,0.72,-1,-1,-1
50,23,1110.38,469.94,32.06,88.10,0.77,-1,-1,-1
51,1,790.02,374.07,214.27,517.81,0.87,-1,-1,-1
51,2,18.18,355.06,164.96,371.05,0.92,-1,-1,-1
51,3,151.68,286.94,288.48,754.66,0.88,-1,-1,-1
51,4,372.42,306.61,251.79,691.28,0.88,-1,-1,-1
51,10,647.72,388.41,173.27,492.49,0.85,-1,-1,-1
51,15,925.59,431.64,66.40,208.95,0.62,-1,-1,-1
51,18,971.60,444.84,71.60,205.80,0.85,-1,-1,-1
51,19,99.99,411.53,98.76,267.95,0.45,-1,-1,-1
51,20,572.54,369.17,131.75,418.84,0.83,-1,-1,-1
51,21,4.39,355.87,141.30,317.96,0.86,-1,-1,-1
51,22,1088.05,481.42,25.18,68.08,0.72,-1,-1,-1
51,23,1110.79,470.42,33.65,87.24,0.78,-1,-1,-1
52,1,803.17,374.19,206.42,516.46,0.88,-1,-1,-1
52,2,15.15,354.08,166.23,373.23,0.91,-1,-1,-1
52,3,145.68,284.73,292.49,762.60,0.88,-1,-1,-1
52,4,374.96,304.70,250.69,692.24,0.87,-1,-1,-1
52,10,655.83,386.87,174.24,497.49,0.84,-1,-1,-1
52,15,923.06,432.95,69.16,207.82,0.28,-1,-1,-1
52,18,968.81,444.56,74.56,211.54,0.84,-1,-1,-1
52,19,95.30,411.66,101.16,269.51,0.49,-1,-1,-1
52,20,575.46,368.33,130.40,419.61,0.84,-1,-1,-1
52,21,1.49,354.94,140.73,319.32,0.86,-1,-1,-1
52,22,1089.07,482.43,25.19,69.14,0.72,-1,-1,-1
52,23,1112.90,470.65,32.98,89.43,0.76,-1,-1,-1
53,1,795.98,372.76,222.12,530.59,0.87,-1,-1,-1
53,2,14.20,353.58,165.65,375.79,0.91,-1,-1,-1
53,3,139.76,282.64,300.58,774.05,0.89,-1,-1,-1
53,4,379.19,301.99,248.24,695.96,0.88,-1,-1,-1
53,10,661.61,388.51,180.40,498.19,0.85,-1,-1,-1
53,15,918.55,433.25,69.30,215.53,0.19,-1,-1,-1
53,18,966.24,445.70,76.83,214.23,0.86,-1,-1,-1
53,19,94.16,412.69,101.72,272.81,0.50,-1,-1,-1
53,20,580.17,368.16,129.76,426.31,0.85,-1,-1,-1
53,21,-2.86,354.48,141.21,317.32,0.87,-1,-1,-1
53,22,1090.21,482.74,26.43,71.35,0.77,-1,-1,-1
53,23,1115.69,471.89,33.92,90.81,0.81,-1,-1,-1
53,24,1072.80,479.70,30.60,77.40,0.72,-1,-1,-1
54,1,806.28,371.40,222.89,545.70,0.86,-1,-1,-1
54,2,8.06,354.23,171.30,376.50,0.90,-1,-1,-1
54,3,135.34,283.70,307.53,779.75,0.89,-1,-1,-1
54,4,382.01,298.89,248.00,701.48,0.87,-1,-1,-1
54,10,666.22,390.35,190.34,506.84,0.84,-1,-1,-1
54,15,915.18,432.51,74.90,224.25,0.18,-1,-1,-1
54,18,963.36,445.70,80.02,217.42,0.86,-1,-1,-1
54,19,94.99,412.25,101.53,275.80,0.55,-1,-1,-1
54,20,582.70,368.75,130.14,429.08,0.84,-1,-1,-1
54,21,-1.99,354.37,140.76,322.45,0.83,-1,-1,-1
54,22,1090.97,482.96,26.88,72.71,0.75,-1,-1,-1
54,23,1117.62,472.77,34.26,91.85,0.81,-1,-1,-1
54,24,1071.51,480.26,32.04,76.71,0.74,-1,-1,-1
55,1,813.53,370.96,225.08,558.22,0.88,-1,-1,-1
55,2,2.59,353.19,176.03,381.55,0.90,-1,-1,-1
55,3,130.39,284.53,315.97,790.64,0.89,-1,-1,-1
55,4,382.79,299.59,250.08,703.30,0.87,-1,-1,-1
55,10,669.42,393.45,198.11,520.45,0.84,-1,-1,-1
55,18,963.46,446.44,80.07,218.99,0.88,-1,-1,-1
55,19,95.55,415.40,102.81,276.23,0.57,-1,-1,-1
55,20,584.56,369.63,132.57,436.92,0.83,-1,-1,-1
55,21,-4.82,353.50,142.96,325.43,0.83,-1,-1,-1
55,22,1092.40,483.64,27.04,75.56,0.80,-1,-1,-1
55,23,1119.48,474.90,34.37,90.37,0.78,-1,-1,-1
55,24,1070.62,480.76,33.68,77.28,0.73,-1,-1,-1
55,25,677.70,389.70,129.60,411.30,0.73,-1,-1,-1
56,1,818.04,372.54,229.40,573.66,0.87,-1,-1,-1
56,2,0.55,354.49,175.25,383.69,0.91,-1,-1,-1
56,3,122.34,283.04,326.67,810.22,0.87,-1,-1,-1
56,4,384.41,301.59,251.63,703.02,0.86,-1,-1,-1
56,10,680.70,394.71,193.62,525.12,0.82,-1,-1,-1
56,18,964.32,448.45,80.03,223.83,0.84,-1,-1,-1
56,19,89.32,420.75,107.11,268.26,0.31,-1,-1,-1
56,20,588.18,371.39,134.06,449.41,0.84,-1,-1,-1
56,21,-6.50,354.14,141.60,328.96,0.84,-1,-1,-1
56,22,1094.87,484.33,27.09,77.81,0.82,-1,-1,-1
56,23,1123.90,477.33,33.19,88.57,0.75,-1,-1,-1
56,24,1072.39,480.91,32.90,78.87,0.70,-1,-1,-1
56,25,681.74,390.95,135.35,426.63,0.77,-1,-1,-1
57,1,826.84,375.01,230.58,583.76,0.89,-1,-1,-1
57,2,-2.36,355.95,175.38,388.34,0.91,-1,-1,-1
57,3,121.11,285.48,329.32,818.32,0.89,-1,-1,-1
57,4,384.01,305.31,254.01,707.92,0.86,-1,-1,-1
57,10,697.32,398.63,183.86,526.57,0.83,-1,-1,-1
57,18,965.74,449.73,81.10,228.47,0.78,-1,-1,-1
57,19,83.94,433.06,105.32,257.72,0.14,-1,-1,-1
57,20,591.50,372.31,133.92,458.90,0.87,-1,-1,-1
57,21,-7.81,354.60,140.76,329.54,0.82,-1,-1,-1
57,22,1096.16,485.10,27.09,78.62,0.81,-1,-1,-1
57,23,1125.88,478.45,32.71,90.88,0.77,-1,-1,-1
57,24,1075.51,483.52,31.21,78.00,0.67,-1,-1,-1
57,25,686.24,394.96,135.71,427.51,0.82,-1,-1,-1
58,1,831.53,378.47,234.85,591.28,0.90,-1,-1,-1
58,2,-2.10,358.65,171.51,389.43,0.91,-1,-1,-1
58,3,117.09,291.41,335.33,815.62,0.88,-1,-1,-1
58,4,385.63,311.80,254.39,706.36,0.86,-1,-1,-1
58,10,710.37,402.04,187.25,542.56,0.82,-1,-1,-1
58,18,966.32,450.74,78.00,222.58,0.78,-1,-1,-1
58,19,84.35,439.54,108.04,254.32,0.18,-1,-1,-1
58,20,593.86,375.02,135.06,462.92,0.87,-1,-1,-1
58,21,-9.41,356.06,137.25,331.43,0.80,-1,-1,-1
58,22,1097.19,485.61,27.09,79.46,0.84,-1,-1,-1
58,23,1127.14,479.36,33.75,92.30,0.80,-1,-1,-1
58,24,1075.16,483.99,33.33,78.95,0.77,-1,-1,-1
58,25,690.20,396.61,138.68,437.43,0.84,-1,-1,-1
59,1,838.53,379.67,235.27,602.81,0.90,-1,-1,-1
59,2,-5.79,358.57,171.52,399.81,0.91,-1,-1,-1
59,3,117.21,297.75,335.83,810.83,0.89,-1,-1,-1
59,4,384.99,314.91,256.78,707.40,0.87,-1,-1,-1
59,10,721.58,405.53,186.14,553.30,0.79,-1,-1,-1
59,18,967.32,451.39,77.93,224.28,0.74,-1,-1,-1
59,19,80.45,446.58,109.06,253.85,0.18,-1,-1,-1
59,20,595.35,377.85,136.08,467.74,0.87,-1,-1,-1
59,21,-11.88,357.13,136.46,333.69,0.80,-1,-1,-1
59,22,1098.81,486.95,27.09,79.73,0.84,-1,-1,-1
59,23,1128.24,480.25,34.13,94.01,0.81,-1,-1,-1
59,24,1076.36,485.05,32.78,79.27,0.80,-1,-1,-1
59,25,693.72,398.69,140.31,438.54,0.85,-1,-1,-1
59,26,1168.20,482.85,34.20,91.80,0.74,-1,-1,-1
60,1,845.33,382.03,236.26,615.01,0.87,-1,-1,-1
60,2,-10.30,358.00,173.98,406.61,0.91,-1,-1,-1
60,3,117.33,303.32,336.28,806.81,0.89,-1,-1,-1
60,4,384.00,318.61,259.48,705.18,0.87,-1,-1,-1
60,10,727.56,408.62,192.20,567.15,0.70,-1,-1,-1
60,18,965.24,452.21,77.89,227.23,0.73,-1,-1,-1
60,19,76.26,435.35,111.39,266.33,0.27,-1,-1,-1
60,20,598.63,379.23,135.28,467.94,0.86,-1,-1,-1
60,21,-15.15,357.74,135.90,329.29,0.82,-1,-1,-1
60,22,1099.87,487.43,28.29,80.38,0.82,-1,-1,-1
60,23,1127.87,481.13,35.47,95.22,0.83,-1,-1,-1
60,24,1078.52,486.31,31.31,79.36,0.77,-1,-1,-1
60,25,698.51,400.91,137.60,437.41,0.85,-1,-1,-1
60,26,1166.94,482.73,35.65,97.60,0.76,-1,-1,-1
61,1,849.29,383.04,239.12,621.03,0.86,-1,-1,-1
61,2,-11.05,358.49,172.38,410.30,0.91,-1,-1,-1
61,3,117.07,304.69,336.18,813.36,0.88,-1,-1,-1
61,4,387.28,319.42,258.01,702.89,0.87,-1,-1,-1
61,10,730.87,411.03,196.12,582.02,0.72,-1,-1,-1
61,18,961.58,451.88,83.74,239.45,0.61,-1,-1,-1
61,20,599.59,380.26,137.24,471.29,0.86,-1,-1,-1
61,21,-16.45,359.60,132.64,329.90,0.79,-1,-1,-1
61,22,1100.86,489.05,28.72,80.00,0.80,-1,-1,-1
61,23,1130.07,482.29,35.95,95.65,0.78,-1,-1,-1
61,24,1079.28,487.01,30.76,79.99,0.77,-1,-1,-1
61,25,702.31,401.36,133.96,434.15,0.87,-1,-1,-1
61,26,1170.88,488.20,34.55,91.23,0.82,-1,-1,-1
62,1,851.84,383.67,242.57,622.78,0.86,-1,-1,-1
62,2,-14.20,359.01,174.13,409.85,0.90,-1,-1,-1
62,3,116.62,305.63,336.26,822.94,0.87,-1,-1,-1
62,4,390.60,319.68,256.89,700.19,0.88,-1,-1,-1
62,10,743.05,413.03,194.71,575.94,0.59,-1,-1,-1
62,18,957.97,451.11,90.54,247.52,0.59,-1,-1,-1
62,20,599.00,381.21,139.77,471.82,0.87,-1,-1,-1
62,21,-15.75,359.73,129.66,332.48,0.78,-1,-1,-1
62,22,1101.84,489.88,28.88,80.40,0.81,-1,-1,-1
62,23,1131.51,483.23,36.14,94.61,0.80,-1,-1,-1
62,24,1080.80,486.57,30.58,81.42,0.75,-1,-1,-1
62,25,705.37,400.94,133.98,431.19,0.86,-1,-1,-1
62,26,1173.56,489.90,34.18,92.57,0.83,-1,-1,-1
63,1,853.68,384.78,257.76,622.58,0.84,-1,-1,-1
63,2,-16.01,358.80,174.32,402.90,0.91,-1,-1,-1
63,3,115.48,305.44,337.19,825.38,0.87,-1,-1,-1
63,4,390.27,320.90,259.07,700.66,0.88,-1,-1,-1
63,10,753.03,414.01,197.76,570.29,0.72,-1,-1,-1
63,18,958.11,450.18,88.58,236.60,0.42,-1,-1,-1
63,20,598.08,381.37,142.35,477.41,0.87,-1,-1,-1
63,21,-18.42,358.78,131.52,338.03,0.77,-1,-1,-1
63,22,1101.94,490.46,30.10,81.09,0.81,-1,-1,-1
63,23,1130.58,483.55,37.35,94.73,0.84,-1,-1,-1
63,24,1080.48,487.56,31.74,81.31,0.75,-1,-1,-1
63,25,708.72,399.45,137.63,439.82,0.86,-1,-1,-1
63,26,1175.41,491.63,34.08,91.01,0.81,-1,-1,-1
64,1,860.97,384.56,252.85,622.92,0.85,-1,-1,-1
64,2,-16.04,360.05,171.62,397.35,0.91,-1,-1,-1
64,3,111.48,305.33,339.95,826.19,0.87,-1,-1,-1
64,4,391.89,321.30,259.34,702.67,0.87,-1,-1,-1
64,10,760.43,413.28,209.78,584.33,0.70,-1,-1,-1
64,20,597.97,381.09,143.33,482.97,0.88,-1,-1,-1
64,21,-20.13,359.00,131.80,338.94,0.74,-1,-1,-1
64,22,1103.78,491.21,29.39,80.15,0.84,-1,-1,-1
64,23,1130.86,483.90,38.97,95.36,0.85,-1,-1,-1
64,24,1080.41,486.68,33.37,82.45,0.82,-1,-1,-1
64,25,711.96,398.70,142.62,448.27,0.87,-1,-1,-1
64,26,1178.60,492.68,32.76,87.29,0.80,-1,-1,-1
65,1,866.26,382.26,252.04,640.95,0.85,-1,-1,-1
65,2,-16.27,360.26,168.11,393.28,0.90,-1,-1,-1
65,3,105.75,304.42,344.49,823.51,0.87,-1,-1,-1
65,4,390.52,320.63,260.65,712.49,0.86,-1,-1,-1
65,10,764.19,412.09,222.30,609.09,0.76,-1,-1,-1
65,20,598.70,380.20,144.18,490.39,0.88,-1,-1,-1
65,21,-23.95,359.27,128.97,335.09,0.70,-1,-1,-1
65,22,1104.98,491.52,29.08,80.94,0.84,-1,-1,-1
65,23,1132.60,484.34,38.41,95.59,0.85,-1,-1,-1
65,24,1080.29,486.96,35.15,82.87,0.82,-1,-1,-1
65,25,715.38,397.18,147.39,465.78,0.88,-1,-1,-1
65,26,1180.80,493.92,32.33,88.08,0.76,-1,-1,-1
66,1,874.65,383.11,251.65,639.43,0.86,-1,-1,-1
66,2,-16.81,360.78,165.18,393.36,0.90,-1,-1,-1
66,3,97.58,302.42,352.39,834.64,0.86,-1,-1,-1
66,4,388.98,319.59,262.18,710.98,0.87,-1,-1,-1
66,10,771.81,410.86,229.43,602.92,0.78,-1,-1,-1
66,20,598.08,378.37,146.83,499.81,0.88,-1,-1,-1
66,21,-25.58,358.47,125.44,340.11,0.71,-1,-1,-1
66,22,1106.05,493.08,28.96,79.45,0.84,-1,-1,-1
66,23,1133.89,484.46,39.35,96.25,0.86,-1,-1,-1
66,24,1082.61,487.62,33.50,82.42,0.80,-1,-1,-1
66,25,719.26,397.46,150.37,474.35,0.88,-1,-1,-1
66,26,1182.75,494.57,33.48,91.55,0.78,-1,-1,-1
67,1,882.74,381.64,253.61,638.45,0.82,-1,-1,-1
67,2,-18.87,360.35,163.69,391.11,0.91,-1,-1,-1
67,3,89.91,300.42,357.23,842.34,0.87,-1,-1,-1
67,4,388.27,319.67,263.00,712.80,0.87,-1,-1,-1
67,10,781.55,409.27,236.28,614.01,0.78,-1,-1,-1
67,20,598.44,376.50,149.64,511.43,0.88,-1,-1,-1
67,21,-24.35,357.71,121.87,338.38,0.61,-1,-1,-1
67,22,1108.26,494.17,27.73,78.84,0.80,-1,-1,-1
67,23,1137.92,485.58,37.37,95.29,0.82,-1,-1,-1
67,24,1086.59,489.57,30.42,79.83,0.68,-1,-1,-1
67,25,722.73,396.23,152.72,484.40,0.88,-1,-1,-1
67,26,1185.89,494.97,32.68,89.76,0.80,-1,-1,-1
68,1,892.40,378.46,246.18,635.23,0.78,-1,-1,-1
68,2,-21.92,359.46,164.05,389.07,0.90,-1,-1,-1
68,3,79.45,300.00,365.26,847.08,0.87,-1,-1,-1
68,4,385.61,314.00,266.11,719.71,0.88,-1,-1,-1
68,10,791.18,405.61,241.87,627.58,0.79,-1,-1,-1
68,20,596.17,374.18,154.09,521.73,0.89,-1,-1,-1
68,21,-22.32,358.77,113.53,306.17,0.61,-1,-1,-1
68,22,1109.61,495.25,28.45,79.20,0.80,-1,-1,-1
68,23,1140.00,486.09,36.54,94.91,0.86,-1,-1,-1
68,24,1087.36,489.19,29.23,78.83,0.37,-1,-1,-1
68,25,727.15,395.62,157.59,492.05,0.89,-1,-1,-1
68,26,1188.73,495.44,32.38,87.26,0.78,-1,-1,-1
69,1,901.51,376.32,251.33,644.68,0.75,-1,-1,-1
69,2,-26.37,358.23,164.53,398.45,0.89,-1,-1,-1
69,3,66.72,300.57,374.90,851.45,0.86,-1,-1,-1
69,4,377.79,309.32,274.37,737.75,0.86,-1,-1,-1
69,10,802.78,392.45,247.40,654.71,0.71,-1,-1,-1
69,20,596.41,371.48,155.77,530.15,0.89,-1,-1,-1
69,21,-25.05,356.43,112.64,331.93,0.51,-1,-1,-1
69,22,1110.64,495.27,28.71,78.72,0.55,-1,-1,-1
69,23,1141.28,486.78,37.43,94.15,0.82,-1,-1,-1
69,24,1088.80,491.36,27.60,81.47,0.10,-1,-1,-1
69,25,730.75,393.58,163.51,502.98,0.88,-1,-1,-1
69,26,1191.46,495.17,34.75,88.84,0.79,-1,-1,-1
70,1,903.03,369.09,268.63,685.33,0.70,-1,-1,-1
70,2,-27.62,358.13,161.92,398.48,0.89,-1,-1,-1
70,3,51.27,297.60,383.95,854.60,0.85,-1,-1,-1
70,4,366.87,307.75,284.02,753.93,0.86,-1,-1,-1
70,10,811.74,387.44,265.70,703.25,0.71,-1,-1,-1
70,20,595.31,368.17,158.76,538.55,0.89,-1,-1,-1
70,21,-31.00,356.00,115.79,340.66,0.57,-1,-1,-1
70,22,1112.30,496.48,27.63,74.37,0.43,-1,-1,-1
70,23,1141.26,486.47,40.13,96.26,0.82,-1,-1,-1
70,25,732.93,391.82,166.38,509.59,0.89,-1,-1,-1
70,26,1194.92,494.77,34.43,88.85,0.77,-1,-1,-1
71,1,914.72,373.83,271.83,696.97,0.71,-1,-1,-1
71,2,-27.19,357.14,158.42,391.22,0.90,-1,-1,-1
71,3,41.30,291.08,387.14,876.72,0.85,-1,-1,-1
71,4,358.43,307.28,289.88,763.77,0.86,-1,-1,-1
71,10,823.87,381.77,269.43,737.99,0.74,-1,-1,-1
71,20,594.91,364.82,160.95,548.43,0.89,-1,-1,-1
71,21,-34.54,354.60,116.35,345.13,0.62,-1,-1,-1
71,22,1115.18,495.95,25.99,71.46,0.19,-1,-1,-1
71,23,1140.54,486.29,43.44,96.42,0.85,-1,-1,-1
71,25,735.69,390.23,166.16,517.66,0.89,-1,-1,-1
71,26,1197.80,495.45,33.08,88.26,0.76,-1,-1,-1
72,1,876.62,371.85,320.04,769.31,0.78,-1,-1,-1
72,2,-29.67,356.96,157.71,400.55,0.88,-1,-1,-1
72,3,27.31,286.76,392.07,893.87,0.85,-1,-1,-1
72,4,346.85,307.32,298.93,772.50,0.86,-1,-1,-1
72,20,588.83,362.74,168.75,561.62,0.89,-1,-1,-1
72,21,-37.34,354.25,116.93,346.34,0.29,-1,-1,-1
72,23,1140.74,485.63,44.72,98.25,0.86,-1,-1,-1
72,25,738.04,390.69,167.16,523.01,0.90,-1,-1,-1
72,26,1201.13,496.29,32.57,87.45,0.70,-1,-1,-1
72,27,1179.00,492.75,32.40,89.10,0.75,-1,-1,-1
73,1,867.93,368.79,337.72,817.73,0.77,-1,-1,-1
73,2,-32.98,357.12,158.57,410.97,0.87,-1,-1,-1
73,3,14.94,284.90,395.49,904.13,0.86,-1,-1,-1
73,4,335.92,299.17,306.60,801.01,0.86,-1,-1,-1
73,20,587.66,360.53,171.72,573.83,0.89,-1,-1,-1
73,21,-47.54,352.31,119.98,361.98,0.46,-1,-1,-1
73,23,1141.43,486.57,42.91,97.17,0.78,-1,-1,-1
73,25,740.02,390.05,168.68,532.81,0.90,-1,-1,-1
73,26,1204.14,496.60,36.04,87.17,0.70,-1,-1,-1
73,27,1182.77,493.99,30.96,88.42,0.77,-1,-1,-1
74,1,881.67,361.70,336.95,783.06,0.77,-1,-1,-1
74,2,-37.72,359.27,160.46,419.59,0.85,-1,-1,-1
74,3,5.43,285.56,395.55,915.84,0.87,-1,-1,-1
74,4,326.88,300.90,316.46,805.68,0.84,-1,-1,-1
74,20,581.43,357.41,180.37,585.83,0.87,-1,-1,-1
74,21,-54.52,353.05,122.49,353.82,0.19,-1,-1,-1
74,23,1145.22,486.89,39.76,99.12,0.63,-1,-1,-1
74,25,741.87,388.20,173.90,543.20,0.90,-1,-1,-1
74,26,1206.98,496.96,40.74,88.89,0.73,-1,-1,-1
74,27,1188.47,495.63,27.86,86.91,0.68,-1,-1,-1
75,1,889.47,368.78,347.75,785.84,0.82,-1,-1,-1
75,2,-38.57,359.29,158.97,408.71,0.85,-1,-1,-1
75,3,-12.02,285.67,403.56,922.04,0.86,-1,-1,-1
75,4,313.74,297.17,329.00,827.51,0.84,-1,-1,-1
75,20,582.13,356.43,181.92,594.13,0.88,-1,-1,-1
75,21,-55.07,353.44,120.14,349.20,0.33,-1,-1,-1
75,23,1148.95,487.05,37.31,100.42,0.58,-1,-1,-1
75,25,744.74,387.56,177.29,557.47,0.92,-1,-1,-1
75,26,1209.64,497.72,38.08,89.55,0.66,-1,-1,-1
75,27,1187.85,495.77,29.87,88.50,0.74,-1,-1,-1
75,15,901.65,442.47,64.89,237.60,0.72,-1,-1,-1
76,1,904.25,361.88,347.31,800.15,0.81,-1,-1,-1
76,2,-37.27,361.19,154.40,400.75,0.84,-1,-1,-1
76,3,-25.47,289.40,409.41,920.86,0.83,-1,-1,-1
76,4,305.54,293.59,336.93,849.89,0.83,-1,-1,-1
76,20,581.35,355.12,186.38,597.30,0.87,-1,-1,-1
76,21,-53.86,354.59,116.00,348.57,0.41,-1,-1,-1
76,25,747.25,387.54,181.07,569.43,0.91,-1,-1,-1
76,26,1212.93,498.53,45.21,90.98,0.47,-1,-1,-1
76,27,1191.00,494.70,30.40,97.08,0.43,-1,-1,-1
76,15,900.88,442.63,65.99,240.40,0.72,-1,-1,-1
76,18,943.21,455.06,74.14,238.65,0.64,-1,-1,-1
77,1,917.95,360.45,352.47,791.30,0.82,-1,-1,-1
77,2,-38.16,362.63,155.00,403.14,0.84,-1,-1,-1
77,3,-29.99,292.73,400.02,913.67,0.84,-1,-1,-1
77,4,292.54,294.51,343.04,852.63,0.83,-1,-1,-1
77,20,581.13,354.28,188.69,604.57,0.88,-1,-1,-1
77,21,-57.86,355.32,114.83,345.77,0.39,-1,-1,-1
77,25,750.24,387.87,184.57,581.71,0.91,-1,-1,-1
77,26,1216.55,499.09,42.21,89.77,0.12,-1,-1,-1
77,15,900.42,442.99,67.22,242.24,0.83,-1,-1,-1
77,18,942.98,456.07,77.68,238.59,0.75,-1,-1,-1
78,1,939.90,361.65,351.77,793.66,0.80,-1,-1,-1
78,2,-32.61,363.28,147.79,406.36,0.83,-1,-1,-1
78,3,-30.87,291.80,391.94,925.09,0.84,-1,-1,-1
78,4,284.94,296.29,342.61,861.09,0.82,-1,-1,-1
78,20,579.02,352.02,194.04,617.68,0.87,-1,-1,-1
78,21,-62.76,355.01,114.79,340.59,0.24,-1,-1,-1
78,25,753.00,388.09,188.08,592.96,0.91,-1,-1,-1
78,15,899.60,443.51,67.65,243.62,0.84,-1,-1,-1
78,18,945.21,456.33,77.32,240.35,0.83,-1,-1,-1
79,1,947.73,360.95,354.75,805.76,0.82,-1,-1,-1
79,2,-30.92,364.18,146.89,418.15,0.81,-1,-1,-1
79,3,-37.30,287.69,390.37,932.23,0.85,-1,-1,-1
79,4,277.69,296.02,346.35,866.58,0.85,-1,-1,-1
79,20,582.08,350.44,196.62,637.08,0.88,-1,-1,-1
79,21,-62.21,354.50,112.80,342.28,0.19,-1,-1,-1
79,25,756.36,388.30,192.29,606.06,0.90,-1,-1,-1
79,15,899.37,443.77,67.84,243.91,0.84,-1,-1,-1
79,18,947.95,456.64,76.00,247.51,0.86,-1,-1,-1
80,1,972.14,364.04,350.89,795.52,0.79,-1,-1,-1
80,2,-27.41,363.49,145.31,418.42,0.78,-1,-1,-1
80,3,-39.51,285.42,387.64,944.74,0.84,-1,-1,-1
80,4,266.68,290.00,357.15,882.39,0.86,-1,-1,-1
80,20,584.77,347.92,200.33,653.12,0.88,-1,-1,-1
80,21,-63.78,352.26,114.39,356.43,0.28,-1,-1,-1
80,25,759.59,388.65,196.37,610.52,0.90,-1,-1,-1
80,15,898.98,443.39,68.18,244.12,0.83,-1,-1,-1
80,18,948.96,457.01,76.73,253.13,0.88,-1,-1,-1
81,1,984.36,359.66,350.34,819.28,0.77,-1,-1,-1
81,2,-27.13,364.62,147.34,425.19,0.74,-1,-1,-1
81,3,-44.06,283.86,393.14,968.11,0.82,-1,-1,-1
81,4,262.65,286.04,361.16,896.18,0.86,-1,-1,-1
81,20,587.74,344.26,203.37,672.67,0.88,-1,-1,-1
81,21,-68.04,349.43,117.29,378.18,0.20,-1,-1,-1
81,25,761.86,383.19,202.49,630.83,0.90,-1,-1,-1
81,15,896.48,442.49,70.71,247.88,0.85,-1,-1,-1
81,18,949.98,456.86,77.00,257.60,0.90,-1,-1,-1
82,1,995.70,356.23,356.91,852.73,0.78,-1,-1,-1
82,2,-30.73,363.16,157.59,455.90,0.59,-1,-1,-1
82,3,-51.40,279.55,404.81,986.56,0.84,-1,-1,-1
82,4,261.57,286.20,362.40,893.23,0.87,-1,-1,-1
82,20,590.42,341.57,209.06,682.63,0.88,-1,-1,-1
82,25,765.53,379.45,208.18,645.46,0.90,-1,-1,-1
82,15,894.90,442.06,72.81,248.56,0.82,-1,-1,-1
82,18,947.86,456.41,79.52,261.18,0.90,-1,-1,-1
83,1,1010.93,349.07,348.58,880.98,0.78,-1,-1,-1
83,2,-27.56,362.24,156.89,446.76,0.45,-1,-1,-1
83,3,-51.29,274.76,399.64,997.35,0.81,-1,-1,-1
83,4,254.03,280.64,372.42,909.99,0.86,-1,-1,-1
83,20,594.26,338.37,212.20,697.32,0.89,-1,-1,-1
83,25,771.18,375.14,211.65,657.49,0.89,-1,-1,-1
83,15,890.48,443.93,77.40,245.72,0.66,-1,-1,-1
83,18,945.88,458.54,82.80,260.66,0.90,-1,-1,-1
84,1,1028.91,344.53,327.19,873.87,0.77,-1,-1,-1
84,2,-24.91,361.66,156.27,436.03,0.25,-1,-1,-1
84,3,-56.04,269.27,402.67,1012.73,0.80,-1,-1,-1
84,4,245.33,276.59,383.45,924.20,0.86,-1,-1,-1
84,20,599.09,335.45,216.20,706.42,0.88,-1,-1,-1
84,25,775.96,370.43,220.12,673.28,0.89,-1,-1,-1
84,18,945.14,460.74,84.03,255.55,0.91,-1,-1,-1
85,1,1049.97,338.98,316.74,876.63,0.73,-1,-1,-1
85,2,-16.26,373.28,167.73,499.78,0.41,-1,-1,-1
85,3,-54.98,267.42,398.97,1000.85,0.82,-1,-1,-1
85,4,241.26,276.40,389.61,927.12,0.85,-1,-1,-1
85,20,604.20,331.56,220.17,723.08,0.87,-1,-1,-1
85,25,781.88,365.07,229.84,686.86,0.90,-1,-1,-1
85,18,943.28,458.75,88.11,255.79,0.90,-1,-1,-1
85,28,462.60,372.60,182.70,566.10,0.73,-1,-1,-1
86,1,1070.50,338.68,302.10,861.69,0.71,-1,-1,-1
86,2,-16.21,373.01,170.61,504.96,0.27,-1,-1,-1
86,3,-56.06,262.86,407.97,1022.08,0.80,-1,-1,-1
86,4,234.51,272.73,401.18,940.18,0.84,-1,-1,-1
86,20,609.38,328.44,228.08,737.64,0.86,-1,-1,-1
86,25,791.57,360.86,229.59,703.07,0.89,-1,-1,-1
86,18,942.57,457.79,90.84,256.52,0.85,-1,-1,-1
86,28,472.37,374.55,183.41,541.22,0.76,-1,-1,-1
87,1,1090.93,329.57,310.27,893.02,0.76,-1,-1,-1
87,2,-21.96,375.93,178.78,523.32,0.28,-1,-1,-1
87,3,-60.70,261.44,414.04,1040.27,0.80,-1,-1,-1
87,4,241.09,268.34,399.47,961.49,0.86,-1,-1,-1
87,20,617.98,325.41,234.00,750.67,0.86,-1,-1,-1
87,25,801.65,357.23,235.17,713.39,0.90,-1,-1,-1
87,18,935.91,457.37,98.86,258.65,0.43,-1,-1,-1
87,28,477.05,371.15,182.19,525.41,0.74,-1,-1,-1
88,1,1111.18,330.27,312.08,881.94,0.69,-1,-1,-1
88,2,-24.69,375.83,175.92,514.77,0.28,-1,-1,-1
88,3,-57.75,258.84,416.94,1033.97,0.80,-1,-1,-1
88,4,247.38,264.62,398.28,967.50,0.85,-1,-1,-1
88,20,627.93,326.16,238.54,757.67,0.86,-1,-1,-1
88,25,811.81,351.21,245.35,734.60,0.90,-1,-1,-1
88,28,478.21,368.59,189.53,546.86,0.77,-1,-1,-1
88,24,1118.63,494.60,32.36,83.70,0.79,-1,-1,-1
88,22,1140.29,499.91,26.99,73.79,0.69,-1,-1,-1
89,1,1129.65,336.91,294.83,832.90,0.52,-1,-1,-1
89,2,-33.18,378.63,166.58,489.75,0.37,-1,-1,-1
89,3,-58.31,259.97,421.51,1032.48,0.81,-1,-1,-1
89,4,250.97,263.25,400.21,971.66,0.85,-1,-1,-1
89,20,639.92,319.65,243.62,777.85,0.86,-1,-1,-1
89,25,823.73,348.79,253.77,753.55,0.90,-1,-1,-1
89,28,485.16,370.38,189.83,550.30,0.75,-1,-1,-1
89,24,1120.59,494.56,31.33,84.35,0.82,-1,-1,-1
89,22,1142.79,500.25,28.25,78.19,0.78,-1,-1,-1
89,23,1161.17,490.09,30.70,94.67,0.75,-1,-1,-1
90,1,1149.86,395.91,255.39,663.83,0.34,-1,-1,-1
90,2,-35.37,381.98,154.16,464.33,0.50,-1,-1,-1
90,3,-53.63,258.11,420.76,1036.47,0.82,-1,-1,-1
90,4,250.88,264.51,405.85,977.71,0.85,-1,-1,-1
90,20,650.87,319.08,251.45,792.70,0.85,-1,-1,-1
90,25,838.04,346.12,260.57,780.26,0.89,-1,-1,-1
90,28,491.34,370.74,188.60,563.95,0.76,-1,-1,-1
90,24,1123.09,495.12,30.94,83.94,0.79,-1,-1,-1
90,22,1144.89,500.61,28.70,79.60,0.79,-1,-1,-1
90,23,1162.80,490.38,30.55,93.77,0.77,-1,-1,-1
90,29,1176.30,489.60,39.60,96.30,0.74,-1,-1,-1
91,1,1174.75,421.99,234.39,633.54,0.25,-1,-1,-1
91,2,-56.79,381.52,181.00,552.49,0.26,-1,-1,-1
91,3,-49.70,258.81,421.91,1052.94,0.82,-1,-1,-1
91,4,261.68,264.99,401.43,990.41,0.85,-1,-1,-1
91,20,660.26,315.72,256.58,818.22,0.82,-1,-1,-1
91,25,852.77,346.62,267.59,796.99,0.89,-1,-1,-1
91,28,496.20,372.90,197.53,570.90,0.71,-1,-1,-1
91,24,1123.44,495.09,33.15,85.00,0.78,-1,-1,-1
91,22,1146.87,501.12,28.86,80.73,0.81,-1,-1,-1
91,23,1165.24,491.14,30.49,94.11,0.81,-1,-1,-1
91,29,1179.53,490.78,39.62,99.92,0.77,-1,-1,-1
92,1,1199.53,434.35,205.97,577.06,0.16,-1,-1,-1
92,2,-52.13,383.15,164.86,505.43,0.22,-1,-1,-1
92,3,-46.95,263.81,419.62,1057.84,0.83,-1,-1,-1
92,4,269.44,277.85,400.03,984.71,0.86,-1,-1,-1
92,20,671.80,313.35,263.61,840.51,0.81,-1,-1,-1
92,25,868.64,347.37,275.91,822.35,0.89,-1,-1,-1
92,28,502.29,374.95,196.33,565.72,0.75,-1,-1,-1
92,24,1124.65,494.53,35.12,86.58,0.79,-1,-1,-1
92,22,1149.26,501.65,28.91,82.32,0.80,-1,-1,-1
92,23,1167.84,491.75,31.70,95.46,0.78,-1,-1,-1
92,29,1182.27,491.74,45.17,102.68,0.84,-1,-1,-1
92,15,888.28,443.60,74.01,229.13,0.68,-1,-1,-1
93,2,-60.85,383.88,165.94,507.14,0.32,-1,-1,-1
93,3,-41.52,267.49,416.40,1076.52,0.83,-1,-1,-1
93,4,277.48,283.41,397.56,979.74,0.85,-1,-1,-1
93,20,680.18,313.75,269.66,859.60,0.83,-1,-1,-1
93,25,884.12,349.70,291.94,851.12,0.86,-1,-1,-1
93,28,506.81,379.34,198.16,569.61,0.82,-1,-1,-1
93,24,1129.67,497.83,31.29,83.61,0.53,-1,-1,-1
93,22,1151.28,502.97,28.92,82.32,0.79,-1,-1,-1
93,23,1169.95,492.82,30.95,95.97,0.69,-1,-1,-1
93,29,1184.42,492.67,47.08,104.99,0.85,-1,-1,-1
93,15,885.80,444.38,77.63,232.92,0.65,-1,-1,-1
94,2,-13.82,377.20,142.37,422.18,0.70,-1,-1,-1
94,3,-41.88,277.65,416.96,1076.92,0.83,-1,-1,-1
94,4,286.67,284.02,395.08,980.84,0.86,-1,-1,-1
94,20,685.44,311.88,280.36,881.49,0.82,-1,-1,-1
94,25,898.94,352.06,303.58,877.31,0.87,-1,-1,-1
94,28,510.88,380.80,200.46,584.97,0.81,-1,-1,-1
94,24,1132.61,500.13,27.17,76.41,0.29,-1,-1,-1
94,22,1152.97,503.91,28.89,82.29,0.67,-1,-1,-1
94,23,1171.68,494.56,33.08,94.97,0.81,-1,-1,-1
94,29,1186.16,493.71,47.54,105.01,0.86,-1,-1,-1
94,15,883.71,444.42,76.91,231.62,0.73,-1,-1,-1
94,27,1240.18,500.06,32.39,87.39,0.65,-1,-1,-1
95,2,0.54,372.75,135.98,400.66,0.75,-1,-1,-1
95,3,-38.52,286.25,418.37,1062.60,0.82,-1,-1,-1
95,4,294.53,284.48,386.37,972.48,0.86,-1,-1,-1
95,20,694.76,313.47,287.30,905.80,0.82,-1,-1,-1
95,25,914.82,351.83,321.21,902.09,0.85,-1,-1,-1
95,28,517.29,385.00,198.28,577.84,0.83,-1,-1,-1
95,24,1134.19,501.21,25.68,68.74,0.27,-1,-1,-1
95,22,1154.73,505.38,27.70,73.97,0.50,-1,-1,-1
95,23,1174.06,494.82,33.86,97.61,0.72,-1,-1,-1
95,29,1187.96,494.27,46.30,104.92,0.85,-1,-1,-1
95,15,881.13,445.27,79.63,236.58,0.53,-1,-1,-1
95,27,1243.57,500.15,31.22,87.81,0.59,-1,-1,-1
96,2,-0.01,371.55,139.08,402.28,0.78,-1,-1,-1
96,3,-37.56,293.78,423.20,1069.19,0.81,-1,-1,-1
96,4,298.65,284.71,384.26,981.46,0.85,-1,-1,-1
96,20,706.31,309.56,292.25,928.59,0.84,-1,-1,-1
96,25,929.65,349.19,338.58,934.53,0.85,-1,-1,-1
96,28,524.35,387.50,196.21,575.04,0.82,-1,-1,-1
96,22,1156.53,505.87,27.24,71.89,0.41,-1,-1,-1
96,23,1176.11,495.46,32.98,95.03,0.46,-1,-1,-1
96,29,1189.15,495.34,44.49,106.09,0.73,-1,-1,-1
96,27,1247.72,502.00,29.61,86.66,0.51,-1,-1,-1
96,18,959.33,460.88,81.94,270.57,0.64,-1,-1,-1
97,2,-9.23,370.70,150.02,415.77,0.82,-1,-1,-1
97,3,-30.84,306.21,414.84,1037.81,0.83,-1,-1,-1
97,4,297.06,291.48,387.11,968.81,0.87,-1,-1,-1
97,20,713.81,304.49,303.49,947.19,0.81,-1,-1,-1
97,25,946.03,351.80,348.64,946.20,0.83,-1,-1,-1
97,28,528.05,388.25,197.75,576.73,0.83,-1,-1,-1
97,23,1177.34,494.92,32.63,94.00,0.41,-1,-1,-1
97,29,1191.29,495.86,43.77,103.36,0.65,-1,-1,-1
97,27,1250.25,501.90,29.01,87.48,0.49,-1,-1,-1
97,18,957.07,460.59,90.37,276.60,0.76,-1,-1,-1
98,2,-11.59,370.30,153.24,420.77,0.83,-1,-1,-1
98,3,-26.65,321.86,409.80,997.53,0.83,-1,-1,-1
98,4,301.59,296.07,384.26,957.41,0.87,-1,-1,-1
98,20,723.10,304.31,306.67,960.13,0.84,-1,-1,-1
98,25,962.42,346.52,362.47,973.71,0.83,-1,-1,-1
98,28,532.80,388.72,197.00,572.69,0.85,-1,-1,-1
98,29,1193.71,494.79,43.47,104.77,0.40,-1,-1,-1
98,27,1243.00,500.66,38.52,98.10,0.22,-1,-1,-1
98,18,953.56,460.48,93.56,273.29,0.77,-1,-1,-1
99,2,-16.83,369.96,160.40,430.58,0.83,-1,-1,-1
99,3,-22.15,309.15,408.65,1016.44,0.85,-1,-1,-1
99,4,305.59,296.99,380.02,962.65,0.88,-1,-1,-1
99,20,730.53,302.76,314.49,968.97,0.84,-1,-1,-1
99,25,979.38,344.72,365.22,992.26,0.83,-1,-1,-1
99,28,534.94,389.47,198.99,579.31,0.84,-1,-1,-1
99,18,952.70,460.51,93.58,270.94,0.71,-1,-1,-1
100,2,-19.10,368.44,163.96,436.10,0.83,-1,-1,-1
100,3,-22.77,306.32,413.21,1009.64,0.86,-1,-1,-1
100,4,308.19,294.67,378.46,969.61,0.88,-1,-1,-1
100,20,737.83,299.95,315.07,972.99,0.83,-1,-1,-1
100,25,1003.60,335.41,382.14,1041.08,0.81,-1,-1,-1
100,28,537.97,389.32,201.52,582.74,0.84,-1,-1,-1
100,18,950.57,460.11,94.78,280.00,0.61,-1,-1,-1
101,2,-20.49,366.42,166.84,443.57,0.83,-1,-1,-1
101,3,-20.89,298.87,417.60,1016.99,0.85,-1,-1,-1
101,4,313.57,288.11,376.77,987.33,0.87,-1,-1,-1
101,20,745.69,295.70,330.88,997.65,0.85,-1,-1,-1
101,25,1031.04,323.79,401.14,1079.59,0.80,-1,-1,-1
101,28,543.13,390.39,200.12,579.21,0.83,-1,-1,-1
102,2,-20.54,364.74,164.72,446.39,0.82,-1,-1,-1
102,3,-18.70,293.30,419.10,1030.79,0.86,-1,-1,-1
102,4,317.86,285.88,377.87,1001.90,0.87,-1,-1,-1
102,20,753.11,283.68,348.22,1032.24,0.85,-1,-1,-1
102,25,1060.27,318.70,398.06,1067.75,0.75,-1,-1,-1
102,28,546.67,388.67,201.88,594.14,0.83,-1,-1,-1
103,2,-19.19,364.21,162.95,443.29,0.83,-1,-1,-1
103,3,-18.80,285.33,425.97,1041.96,0.85,-1,-1,-1
103,4,325.80,277.41,378.54,999.69,0.87,-1,-1,-1
103,20,765.04,274.20,357.21,1050.72,0.86,-1,-1,-1
103,25,1101.67,302.53,384.81,1077.98,0.64,-1,-1,-1
103,28,553.83,387.89,201.37,601.00,0.83,-1,-1,-1
103,22,1166.31,507.46,28.71,66.84,0.64,-1,-1,-1
104,2,-19.13,363.74,164.04,441.42,0.82,-1,-1,-1
104,3,-20.29,281.12,430.10,1051.97,0.87,-1,-1,-1
104,4,334.44,277.42,375.11,993.50,0.88,-1,-1,-1
104,20,776.36,261.57,373.21,1084.21,0.86,-1,-1,-1
104,28,561.09,387.97,199.38,599.46,0.81,-1,-1,-1
104,22,1167.95,506.21,30.03,79.39,0.79,-1,-1,-1
104,24,1145.68,501.60,33.93,86.72,0.82,-1,-1,-1
105,2,-19.34,362.90,166.48,440.77,0.82,-1,-1,-1
105,3,-21.82,270.57,438.40,1071.86,0.85,-1,-1,-1
105,4,337.81,271.16,378.52,1000.39,0.87,-1,-1,-1
105,20,787.47,255.34,389.46,1111.02,0.86,-1,-1,-1
105,28,566.01,387.52,202.12,602.82,0.83,-1,-1,-1
105,22,1169.73,506.18,30.48,83.05,0.80,-1,-1,-1
105,24,1147.78,501.01,33.24,87.70,0.75,-1,-1,-1
105,23,1190.45,495.80,32.40,97.06,0.74,-1,-1,-1
105,29,1211.02,495.06,38.05,101.03,0.70,-1,-1,-1
106,2,-16.39,364.00,166.03,445.92,0.81,-1,-1,-1
106,3,-24.21,264.45,442.30,1072.68,0.86,-1,-1,-1
106,4,344.24,271.16,374.91,1005.38,0.87,-1,-1,-1
106,20,797.33,242.10,414.89,1148.18,0.85,-1,-1,-1
106,28,567.93,387.80,206.60,614.84,0.83,-1,-1,-1
106,22,1171.50,505.71,30.63,85.11,0.70,-1,-1,-1
106,24,1147.98,500.90,30.57,82.86,0.15,-1,-1,-1
106,23,1192.27,495.35,33.62,97.27,0.74,-1,-1,-1
106,29,1210.51,495.17,43.00,104.59,0.83,-1,-1,-1
107,2,-15.68,364.77,164.82,443.15,0.77,-1,-1,-1
107,3,-22.00,261.61,440.58,1071.70,0.85,-1,-1,-1
107,4,347.42,268.55,374.33,1005.74,0.88,-1,-1,-1
107,20,808.20,224.02,437.62,1185.56,0.85,-1,-1,-1
107,28,574.46,388.72,206.02,612.00,0.83,-1,-1,-1
107,22,1173.47,504.56,30.69,89.93,0.12,-1,-1,-1
107,23,1194.23,494.21,35.21,103.89,0.70,-1,-1,-1
107,29,1212.44,495.12,43.17,106.31,0.78,-1,-1,-1
108,2,-15.45,361.49,191.05,502.16,0.71,-1,-1,-1
108,3,-23.39,249.92,439.05,1090.94,0.85,-1,-1,-1
108,4,347.38,264.66,379.42,1015.99,0.87,-1,-1,-1
108,20,817.60,191.83,467.56,1247.02,0.83,-1,-1,-1
108,28,578.10,387.65,208.65,618.23,0.83,-1,-1,-1
108,23,1197.76,493.37,33.46,106.36,0.12,-1,-1,-1
108,29,1216.57,494.35,42.03,111.12,0.24,-1,-1,-1
108,15,876.82,445.85,74.35,226.15,0.74,-1,-1,-1
109,2,-16.94,361.37,201.22,512.94,0.75,-1,-1,-1
109,3,-28.76,235.96,444.29,1118.04,0.85,-1,-1,-1
109,4,344.42,261.85,385.44,1019.69,0.87,-1,-1,-1
109,20,827.50,158.03,512.01,1313.36,0.81,-1,-1,-1
109,28,587.65,387.90,205.54,599.99,0.85,-1,-1,-1
109,15,875.27,444.76,75.12,231.02,0.70,-1,-1,-1
110,2,-17.44,360.64,195.71,507.68,0.74,-1,-1,-1
110,3,-38.47,226.96,458.77,1144.72,0.84,-1,-1,-1
110,4,340.42,260.11,392.88,1031.46,0.86,-1,-1,-1
110,20,836.74,128.91,546.64,1365.22,0.80,-1,-1,-1
110,28,589.36,387.29,210.44,604.00,0.84,-1,-1,-1
110,15,868.14,443.00,82.61,252.01,0.76,-1,-1,-1
111,2,-20.06,359.97,191.81,509.98,0.74,-1,-1,-1
111,3,-44.07,224.99,457.03,1152.14,0.83,-1,-1,-1
111,4,333.53,257.99,400.20,1041.41,0.86,-1,-1,-1
111,20,849.29,86.26,579.13,1441.57,0.75,-1,-1,-1
111,28,592.51,387.35,213.32,603.38,0.84,-1,-1,-1
111,15,858.32,443.44,93.10,263.87,0.79,-1,-1,-1
111,30,836.55,457.20,90.45,245.70,0.76,-1,-1,-1
112,2,-19.82,358.54,179.79,519.09,0.74,-1,-1,-1
112,3,-52.10,228.08,451.17,1148.84,0.84,-1,-1,-1
112,4,325.22,257.03,420.19,1056.02,0.86,-1,-1,-1
112,20,865.67,70.01,608.69,1494.64,0.72,-1,-1,-1
112,28,597.71,389.19,215.67,603.72,0.85,-1,-1,-1
112,15,862.76,443.02,88.50,269.17,0.81,-1,-1,-1
112,30,834.13,459.26,90.83,248.89,0.84,-1,-1,-1
112,18,937.19,455.69,88.33,281.82,0.60,-1,-1,-1
113,2,-24.84,353.92,168.76,526.16,0.66,-1,-1,-1
113,3,-57.73,229.04,449.40,1149.76,0.82,-1,-1,-1
113,4,319.43,257.12,437.10,1070.21,0.86,-1,-1,-1
113,20,895.21,55.52,610.44,1494.23,0.65,-1,-1,-1
113,28,610.98,390.64,210.09,593.94,0.86,-1,-1,-1
113,15,856.15,443.14,95.00,282.10,0.83,-1,-1,-1
113,30,836.40,459.66,89.54,252.24,0.79,-1,-1,-1
113,18,935.45,454.57,92.02,291.20,0.73,-1,-1,-1
114,2,-41.59,351.86,161.23,528.63,0.58,-1,-1,-1
114,3,-64.87,238.13,447.73,1123.41,0.83,-1,-1,-1
114,4,316.38,262.47,439.06,1067.67,0.86,-1,-1,-1
114,20,927.51,159.21,545.24,1389.20,0.57,-1,-1,-1
114,28,622.54,393.36,208.50,583.09,0.85,-1,-1,-1
114,15,845.52,443.67,106.30,288.69,0.89,-1,-1,-1
114,18,940.32,453.52,97.91,305.43,0.83,-1,-1,-1
115,2,-65.78,349.48,166.49,520.90,0.38,-1,-1,-1
115,3,-78.45,240.87,456.32,1130.47,0.81,-1,-1,-1
115,4,311.73,262.81,434.31,1072.74,0.87,-1,-1,-1
115,28,628.16,394.16,210.27,588.73,0.85,-1,-1,-1
115,15,838.85,443.55,113.78,291.65,0.90,-1,-1,-1
115,18,942.14,453.07,101.30,318.29,0.89,-1,-1,-1
116,2,-73.48,347.85,154.39,484.52,0.32,-1,-1,-1
116,3,-82.37,249.76,454.57,1132.23,0.82,-1,-1,-1
116,4,308.89,262.27,435.37,1077.57,0.87,-1,-1,-1
116,28,635.34,395.75,209.57,581.83,0.85,-1,-1,-1
116,15,835.87,442.97,116.98,293.24,0.90,-1,-1,-1
116,18,942.23,452.96,106.03,325.58,0.91,-1,-1,-1
117,3,-85.75,252.11,455.03,1139.64,0.81,-1,-1,-1
117,4,307.89,254.74,435.75,1088.72,0.87,-1,-1,-1
117,28,641.11,396.00,212.91,580.62,0.85,-1,-1,-1
117,15,836.20,442.70,115.63,295.97,0.88,-1,-1,-1
117,18,942.24,451.69,107.86,328.81,0.91,-1,-1,-1
117,31,607.95,387.00,128.70,402.30,0.75,-1,-1,-1
117,24,1159.43,493.53,35.87,89.00,0.72,-1,-1,-1
117,30,837.15,457.38,92.59,256.44,0.78,-1,-1,-1
118,3,-88.19,250.00,454.55,1147.93,0.80,-1,-1,-1
118,4,305.30,250.12,438.85,1091.28,0.88,-1,-1,-1
118,28,645.75,397.01,213.56,578.27,0.85,-1,-1,-1
118,15,823.21,442.08,127.70,296.96,0.88,-1,-1,-1
118,18,941.17,451.00,110.86,332.93,0.91,-1,-1,-1
118,31,609.04,387.00,130.93,406.04,0.77,-1,-1,-1
118,24,1160.96,493.10,39.64,91.64,0.88,-1,-1,-1
118,30,834.60,457.56,90.97,254.10,0.77,-1,-1,-1
118,22,1191.73,499.88,32.37,89.24,0.84,-1,-1,-1
118,23,1211.70,490.26,39.43,102.83,0.87,-1,-1,-1
118,29,1239.43,489.87,44.93,104.71,0.79,-1,-1,-1
119,3,-91.54,248.77,456.41,1153.92,0.79,-1,-1,-1
119,4,295.12,246.53,449.31,1103.00,0.87,-1,-1,-1
119,28,647.54,396.04,216.05,585.69,0.86,-1,-1,-1
119,15,815.71,440.72,134.72,300.50,0.86,-1,-1,-1
119,18,940.64,450.06,113.08,336.65,0.90,-1,-1,-1
119,31,610.28,387.44,129.96,405.51,0.76,-1,-1,-1
119,24,1161.92,492.54,40.98,93.10,0.88,-1,-1,-1
119,30,832.42,456.57,89.76,252.66,0.72,-1,-1,-1
119,22,1192.72,499.10,32.43,89.09,0.85,-1,-1,-1
119,23,1213.13,489.60,39.69,101.29,0.88,-1,-1,-1
119,29,1240.60,488.18,45.05,109.48,0.89,-1,-1,-1
120,3,-97.67,241.11,458.77,1175.69,0.78,-1,-1,-1
120,4,291.29,240.47,451.26,1122.12,0.87,-1,-1,-1
120,28,650.65,395.23,215.11,584.84,0.87,-1,-1,-1
120,15,825.48,441.56,123.58,298.98,0.87,-1,-1,-1
120,18,940.43,450.36,115.01,340.91,0.90,-1,-1,-1
120,31,612.44,386.40,128.87,414.94,0.77,-1,-1,-1
120,24,1163.41,492.45,41.49,93.07,0.88,-1,-1,-1
120,30,833.18,455.35,86.82,254.62,0.67,-1,-1,-1
120,22,1194.25,498.63,32.43,89.04,0.87,-1,-1,-1
120,23,1214.80,488.87,39.77,100.82,0.88,-1,-1,-1
120,29,1241.59,487.44,45.08,110.89,0.88,-1,-1,-1
121,3,-103.10,241.41,460.75,1169.97,0.77,-1,-1,-1
121,4,290.06,242.31,450.47,1120.40,0.87,-1,-1,-1
121,28,652.80,394.59,212.90,578.89,0.86,-1,-1,-1
121,15,823.38,441.03,125.15,296.47,0.87,-1,-1,-1
121,18,935.13,450.22,121.51,344.18,0.89,-1,-1,-1
121,31,614.44,385.72,127.87,417.23,0.78,-1,-1,-1
121,24,1164.55,492.16,41.66,93.03,0.88,-1,-1,-1
121,30,832.27,455.22,85.74,248.08,0.69,-1,-1,-1
121,22,1195.38,498.19,32.43,88.44,0.87,-1,-1,-1
121,23,1216.59,487.73,38.61,101.87,0.87,-1,-1,-1
121,29,1243.70,487.20,45.07,111.43,0.87,-1,-1,-1
122,3,-99.30,237.79,451.54,1155.74,0.77,-1,-1,-1
122,4,275.06,248.19,462.32,1125.43,0.86,-1,-1,-1
122,28,654.58,393.44,212.66,576.28,0.86,-1,-1,-1
122,15,831.66,440.21,114.32,296.53,0.89,-1,-1,-1
122,18,935.93,450.13,121.67,345.84,0.90,-1,-1,-1
122,31,615.99,386.16,126.93,415.16,0.79,-1,-1,-1
122,24,1164.89,491.71,42.87,92.39,0.88,-1,-1,-1
122,30,831.01,452.41,83.54,254.14,0.73,-1,-1,-1
122,22,1196.27,498.28,32.43,87.60,0.86,-1,-1,-1
122,23,1217.73,487.26,39.33,101.66,0.88,-1,-1,-1
122,29,1245.53,486.77,43.88,110.43,0.87,-1,-1,-1
123,3,-102.33,229.16,452.62,1161.53,0.77,-1,-1,-1
123,4,276.24,231.53,460.20,1139.62,0.88,-1,-1,-1
123,28,659.34,392.48,206.89,568.37,0.87,-1,-1,-1
123,15,837.34,439.43,108.16,295.83,0.91,-1,-1,-1
123,18,936.28,449.68,122.62,347.44,0.90,-1,-1,-1
123,31,616.23,385.82,129.70,414.81,0.79,-1,-1,-1
123,24,1166.04,491.21,42.11,92.11,0.86,-1,-1,-1
123,30,833.06,452.72,78.96,252.11,0.65,-1,-1,-1
123,22,1197.63,497.98,32.38,87.29,0.86,-1,-1,-1
123,23,1218.59,486.47,40.72,100.97,0.87,-1,-1,-1
123,29,1247.22,485.41,43.36,111.21,0.86,-1,-1,-1
124,3,-114.90,223.67,460.01,1180.25,0.77,-1,-1,-1
124,4,267.71,233.37,465.91,1146.57,0.86,-1,-1,-1
124,28,662.87,390.34,202.22,569.06,0.87,-1,-1,-1
124,15,837.33,437.94,108.29,296.80,0.89,-1,-1,-1
124,18,935.95,448.85,125.57,349.30,0.90,-1,-1,-1
124,31,614.85,385.71,131.61,415.47,0.81,-1,-1,-1
124,24,1169.11,490.83,40.69,92.04,0.85,-1,-1,-1
124,30,831.05,450.44,81.27,253.27,0.66,-1,-1,-1
124,22,1199.01,496.45,32.44,88.43,0.86,-1,-1,-1
124,23,1220.39,486.25,40.17,100.78,0.86,-1,-1,-1
124,29,1249.33,485.25,40.88,110.96,0.85,-1,-1,-1
125,3,-116.08,223.95,461.16,1180.69,0.76,-1,-1,-1
125,4,273.68,215.00,461.54,1169.91,0.87,-1,-1,-1
125,28,666.47,388.74,199.65,568.64,0.87,-1,-1,-1
125,15,836.45,435.30,110.30,299.53,0.89,-1,-1,-1
125,18,935.78,448.10,127.66,350.97,0.90,-1,-1,-1
125,31,614.98,384.55,133.99,416.13,0.81,-1,-1,-1
125,24,1171.87,490.02,40.08,91.98,0.85,-1,-1,-1
125,30,830.34,450.03,81.40,253.04,0.71,-1,-1,-1
125,22,1199.91,495.81,32.42,88.24,0.87,-1,-1,-1
125,23,1222.03,485.50,39.89,100.10,0.86,-1,-1,-1
125,29,1251.67,483.65,38.66,110.84,0.82,-1,-1,-1
126,3,-117.40,205.15,464.44,1200.43,0.72,-1,-1,-1
126,4,271.21,205.46,465.04,1185.49,0.87,-1,-1,-1
126,28,670.83,389.09,196.92,562.97,0.87,-1,-1,-1
126,15,834.57,432.75,113.71,303.36,0.89,-1,-1,-1
126,18,936.24,447.89,128.40,351.56,0.91,-1,-1,-1
126,31,614.88,383.55,135.45,417.00,0.81,-1,-1,-1
126,24,1171.63,489.22,42.23,92.56,0.89,-1,-1,-1
126,30,828.49,449.97,80.88,251.80,0.57,-1,-1,-1
126,22,1201.35,495.38,32.41,88.19,0.88,-1,-1,-1
126,23,1223.16,484.74,39.77,101.07,0.88,-1,-1,-1
126,29,1253.02,481.98,37.88,109.01,0.82,-1,-1,-1
127,3,-111.97,198.72,457.99,1203.11,0.72,-1,-1,-1
127,4,268.32,200.48,470.17,1184.45,0.85,-1,-1,-1
127,28,673.22,389.41,195.98,563.18,0.87,-1,-1,-1
127,15,835.14,429.74,114.99,306.54,0.89,-1,-1,-1
127,18,937.09,446.36,129.80,357.60,0.91,-1,-1,-1
127,31,614.86,382.45,137.79,419.87,0.81,-1,-1,-1
127,24,1172.19,488.06,43.02,93.36,0.90,-1,-1,-1
127,30,828.80,448.78,80.12,256.74,0.61,-1,-1,-1
127,22,1202.53,494.64,32.41,88.18,0.88,-1,-1,-1
127,23,1224.22,482.98,40.91,102.05,0.89,-1,-1,-1
127,29,1255.35,480.47,35.18,107.13,0.74,-1,-1,-1
128,3,-111.07,195.06,455.48,1204.77,0.75,-1,-1,-1
128,4,264.75,189.66,480.33,1201.69,0.86,-1,-1,-1
128,28,674.92,389.94,195.06,561.42,0.87,-1,-1,-1
128,15,830.69,425.74,121.93,310.02,0.88,-1,-1,-1
128,18,937.41,443.92,131.43,360.22,0.91,-1,-1,-1
128,31,608.68,381.27,147.56,433.76,0.78,-1,-1,-1
128,24,1172.82,486.29,43.30,94.21,0.88,-1,-1,-1
128,30,827.15,449.15,81.67,259.05,0.42,-1,-1,-1
128,22,1203.38,493.62,33.60,88.14,0.87,-1,-1,-1
128,23,1225.61,481.29,41.32,102.97,0.89,-1,-1,-1
128,29,1258.45,479.48,32.97,103.97,0.50,-1,-1,-1
129,3,-108.67,194.19,454.75,1197.53,0.73,-1,-1,-1
129,4,272.24,181.72,478.33,1216.55,0.86,-1,-1,-1
129,28,676.59,389.50,194.63,566.83,0.86,-1,-1,-1
129,15,827.87,422.33,122.69,314.09,0.89,-1,-1,-1
129,18,937.52,440.36,133.07,364.06,0.91,-1,-1,-1
129,31,597.93,380.66,163.28,460.03,0.74,-1,-1,-1
129,24,1172.97,485.71,43.36,93.93,0.89,-1,-1,-1
129,30,826.54,448.55,79.81,258.30,0.52,-1,-1,-1
129,22,1204.80,492.73,32.84,88.14,0.87,-1,-1,-1
129,23,1226.64,480.45,42.62,103.32,0.87,-1,-1,-1
129,29,1260.04,480.76,29.70,97.98,0.27,-1,-1,-1
130,3,-103.95,190.06,454.74,1198.18,0.73,-1,-1,-1
130,4,280.65,181.20,478.02,1217.21,0.88,-1,-1,-1
130,28,682.22,391.45,190.72,559.43,0.86,-1,-1,-1
130,15,829.28,421.62,119.07,312.63,0.88,-1,-1,-1
130,18,938.91,435.98,135.08,374.85,0.91,-1,-1,-1
130,31,591.86,381.37,171.93,468.24,0.73,-1,-1,-1
130,24,1174.44,485.57,43.44,93.81,0.89,-1,-1,-1
130,30,825.88,447.27,77.49,257.26,0.49,-1,-1,-1
130,22,1206.16,491.86,32.60,86.95,0.84,-1,-1,-1
130,23,1227.86,479.29,44.35,105.83,0.85,-1,-1,-1
130,29,1261.99,479.74,32.55,98.26,0.29,-1,-1,-1
131,3,-103.38,185.15,452.47,1200.92,0.76,-1,-1,-1
131,4,284.22,178.04,483.66,1230.63,0.88,-1,-1,-1
131,28,687.14,392.00,185.11,549.89,0.85,-1,-1,-1
131,15,832.27,420.79,112.24,312.17,0.89,-1,-1,-1
131,18,939.46,433.59,137.00,384.21,0.92,-1,-1,-1
131,31,591.63,382.07,173.09,465.75,0.72,-1,-1,-1
131,24,1175.62,485.07,43.47,93.77,0.88,-1,-1,-1
131,30,825.34,446.48,76.07,252.28,0.48,-1,-1,-1
131,22,1207.88,491.68,31.33,81.72,0.81,-1,-1,-1
131,23,1230.69,479.00,43.86,106.21,0.86,-1,-1,-1
131,29,1263.95,480.72,32.25,95.38,0.14,-1,-1,-1
132,3,-104.65,178.93,452.75,1237.71,0.73,-1,-1,-1
132,4,286.87,182.66,489.00,1224.53,0.88,-1,-1,-1
132,28,689.54,392.67,183.63,555.95,0.85,-1,-1,-1
132,15,832.77,419.87,107.72,313.78,0.88,-1,-1,-1
132,18,940.23,430.95,139.98,395.12,0.92,-1,-1,-1
132,31,590.24,382.63,173.31,465.15,0.51,-1,-1,-1
132,24,1177.30,484.55,39.91,93.82,0.81,-1,-1,-1
132,30,824.16,446.60,73.11,246.06,0.33,-1,-1,-1
132,22,1209.17,491.56,32.04,82.88,0.80,-1,-1,-1
132,23,1233.04,479.46,43.63,108.19,0.85,-1,-1,-1
132,29,1262.87,484.11,28.51,90.15,0.21,-1,-1,-1
133,3,-96.70,177.42,445.87,1229.96,0.74,-1,-1,-1
133,4,285.18,194.73,498.05,1211.36,0.87,-1,-1,-1
133,28,694.90,394.12,180.73,553.57,0.84,-1,-1,-1
133,15,833.56,419.38,101.80,315.05,0.88,-1,-1,-1
133,18,940.39,429.45,142.23,402.74,0.92,-1,-1,-1
133,31,590.52,384.38,173.81,468.11,0.56,-1,-1,-1
133,24,1177.56,483.87,38.48,93.73,0.82,-1,-1,-1
133,30,822.21,446.75,71.45,246.08,0.41,-1,-1,-1
133,22,1210.47,491.94,31.11,79.63,0.76,-1,-1,-1
133,23,1234.70,479.16,42.33,107.65,0.84,-1,-1,-1
133,29,1261.89,485.15,25.87,86.98,0.19,-1,-1,-1
134,3,-97.49,183.30,445.51,1247.60,0.74,-1,-1,-1
134,4,294.62,202.76,494.25,1193.70,0.88,-1,-1,-1
134,28,694.85,395.36,181.57,550.15,0.85,-1,-1,-1
134,15,832.29,418.47,100.59,317.36,0.88,-1,-1,-1
134,18,939.80,428.00,144.22,414.22,0.91,-1,-1,-1
134,31,593.27,385.48,161.65,452.89,0.45,-1,-1,-1
134,24,1178.15,484.17,36.76,91.90,0.79,-1,-1,-1
134,30,819.65,446.63,72.13,253.75,0.40,-1,-1,-1
134,22,1209.61,492.04,31.96,76.59,0.78,-1,-1,-1
134,23,1235.18,479.29,41.82,106.81,0.85,-1,-1,-1
134,29,1260.78,485.45,26.33,86.55,0.38,-1,-1,-1
134,32,294.52,420.75,76.50,206.10,0.76,-1,-1,-1
135,3,-96.59,195.23,447.40,1217.53,0.77,-1,-1,-1
135,4,306.42,224.91,482.46,1150.77,0.88,-1,-1,-1
135,28,696.20,397.41,178.81,547.79,0.86,-1,-1,-1
135,15,830.91,417.84,98.59,319.30,0.87,-1,-1,-1
135,18,938.92,426.60,144.82,419.56,0.92,-1,-1,-1
135,31,597.82,388.82,158.30,447.97,0.45,-1,-1,-1
135,24,1178.21,484.32,36.12,91.18,0.77,-1,-1,-1
135,30,815.71,445.67,75.97,263.96,0.39,-1,-1,-1
135,22,1209.13,491.49,32.25,76.13,0.78,-1,-1,-1
135,23,1234.57,479.38,42.79,107.06,0.85,-1,-1,-1
135,29,1260.27,485.26,26.47,87.67,0.27,-1,-1,-1
135,32,291.54,421.17,79.41,209.72,0.62,-1,-1,-1
136,3,-104.50,192.07,459.17,1239.38,0.77,-1,-1,-1
136,4,309.18,241.26,482.76,1125.31,0.89,-1,-1,-1
136,28,695.04,398.31,177.98,545.00,0.86,-1,-1,-1
136,15,827.38,417.92,99.81,320.55,0.88,-1,-1,-1
136,18,938.00,425.34,146.26,422.69,0.92,-1,-1,-1
136,31,601.88,389.65,143.39,415.61,0.53,-1,-1,-1
136,24,1176.38,483.69,37.14,90.92,0.80,-1,-1,-1
136,30,812.52,444.00,78.06,267.66,0.36,-1,-1,-1
136,22,1208.94,491.81,31.20,73.56,0.79,-1,-1,-1
136,23,1233.73,479.31,43.17,107.13,0.85,-1,-1,-1
136,29,1259.47,484.47,26.59,91.15,0.24,-1,-1,-1
136,32,288.89,421.54,80.36,213.33,0.74,-1,-1,-1
137,3,-102.00,199.13,457.24,1227.78,0.78,-1,-1,-1
137,4,319.17,242.70,478.74,1137.48,0.88,-1,-1,-1
137,28,693.23,398.06,178.18,541.61,0.85,-1,-1,-1
137,15,825.77,416.75,100.49,321.01,0.88,-1,-1,-1
137,18,937.01,422.98,146.61,425.38,0.92,-1,-1,-1
137,31,597.55,390.21,152.95,427.21,0.36,-1,-1,-1
137,24,1175.06,483.53,37.50,92.03,0.81,-1,-1,-1
137,30,809.22,441.53,78.79,273.79,0.47,-1,-1,-1
137,22,1208.18,491.09,31.97,75.14,0.79,-1,-1,-1
137,23,1233.92,479.09,43.28,107.76,0.84,-1,-1,-1
137,29,1257.90,484.55,27.86,93.08,0.41,-1,-1,-1
137,32,286.75,422.30,81.64,216.48,0.75,-1,-1,-1
138,3,-96.92,185.92,455.06,1235.84,0.78,-1,-1,-1
138,4,322.99,226.59,482.35,1163.20,0.88,-1,-1,-1
138,28,690.24,397.15,180.57,550.11,0.85,-1,-1,-1
138,15,822.97,415.74,100.99,320.49,0.88,-1,-1,-1
138,18,935.89,421.41,147.73,430.72,0.92,-1,-1,-1
138,31,581.22,393.16,163.14,468.65,0.24,-1,-1,-1
138,24,1174.33,483.25,36.42,92.45,0.79,-1,-1,-1
138,30,806.41,437.95,81.96,279.57,0.56,-1,-1,-1
138,22,1207.07,490.31,32.23,75.73,0.73,-1,-1,-1
138,23,1232.55,478.79,44.46,109.17,0.81,-1,-1,-1
138,29,1255.30,484.66,29.50,93.24,0.18,-1,-1,-1
138,32,285.13,423.61,81.98,217.87,0.78,-1,-1,-1
139,3,-98.96,186.36,460.24,1239.32,0.78,-1,-1,-1
139,4,328.09,227.29,484.90,1160.15,0.88,-1,-1,-1
139,28,691.68,396.79,177.94,541.45,0.85,-1,-1,-1
139,15,819.52,414.80,102.42,322.01,0.88,-1,-1,-1
139,18,934.82,419.52,148.12,435.65,0.92,-1,-1,-1
139,31,590.30,392.67,142.65,424.76,0.14,-1,-1,-1
139,24,1172.80,482.54,37.24,92.60,0.79,-1,-1,-1
139,30,803.27,436.01,81.41,275.28,0.61,-1,-1,-1
139,22,1205.97,490.00,31.15,77.18,0.74,-1,-1,-1
139,23,1231.93,478.07,44.90,111.47,0.81,-1,-1,-1
139,32,282.04,424.06,84.98,221.12,0.79,-1,-1,-1
139,33,327.37,467.55,79.20,225.90,0.71,-1,-1,-1
140,3,-98.45,178.69,462.85,1256.31,0.77,-1,-1,-1
140,4,336.20,235.04,477.83,1152.18,0.87,-1,-1,-1
140,28,689.73,396.23,175.87,535.69,0.82,-1,-1,-1
140,15,815.58,412.74,104.79,323.16,0.87,-1,-1,-1
140,18,932.65,417.71,149.44,439.73,0.92,-1,-1,-1
140,31,598.40,391.06,120.94,370.96,0.14,-1,-1,-1
140,24,1171.65,481.99,36.36,91.48,0.78,-1,-1,-1
140,30,799.48,433.27,84.17,283.60,0.63,-1,-1,-1
140,22,1204.39,489.30,30.75,78.35,0.73,-1,-1,-1
140,23,1230.54,477.23,45.08,112.33,0.77,-1,-1,-1
140,32,280.04,426.16,82.60,214.96,0.81,-1,-1,-1
140,33,324.73,466.82,78.13,228.79,0.79,-1,-1,-1
141,3,-101.83,176.85,470.18,1262.81,0.77,-1,-1,-1
141,4,340.37,229.16,477.78,1165.81,0.88,-1,-1,-1
141,28,688.24,395.99,173.28,539.11,0.83,-1,-1,-1
141,15,814.04,411.10,103.88,321.81,0.87,-1,-1,-1
141,18,929.99,415.62,149.84,442.36,0.92,-1,-1,-1
141,24,1169.97,481.57,36.02,93.46,0.82,-1,-1,-1
141,30,795.65,430.22,85.16,288.46,0.58,-1,-1,-1
141,22,1202.53,488.53,31.79,86.53,0.74,-1,-1,-1
141,23,1229.92,476.99,41.57,112.07,0.70,-1,-1,-1
141,32,277.58,425.71,82.55,213.39,0.78,-1,-1,-1
141,33,317.94,465.24,82.09,228.68,0.78,-1,-1,-1
141,34,382.27,456.07,28.35,71.77,0.74,-1,-1,-1
142,3,-95.77,181.10,470.77,1251.96,0.77,-1,-1,-1
142,4,340.70,232.88,482.72,1153.00,0.88,-1,-1,-1
142,28,686.57,397.34,171.26,535.34,0.83,-1,-1,-1
142,15,812.50,410.47,104.19,324.78,0.88,-1,-1,-1
142,18,926.77,413.03,151.19,446.07,0.92,-1,-1,-1
142,24,1167.69,481.29,37.13,91.82,0.75,-1,-1,-1
142,30,792.35,428.16,87.92,293.74,0.58,-1,-1,-1
142,22,1202.56,488.11,31.01,87.25,0.47,-1,-1,-1
142,23,1228.63,475.89,41.43,110.16,0.67,-1,-1,-1
142,32,274.62,427.71,82.55,204.13,0.75,-1,-1,-1
142,33,318.00,464.06,80.36,223.71,0.77,-1,-1,-1
142,34,379.95,456.03,28.35,72.86,0.65,-1,-1,-1
142,35,407.47,444.15,37.35,99.00,0.72,-1,-1,-1
143,3,-91.63,182.20,471.82,1248.63,0.71,-1,-1,-1
143,4,333.15,229.91,498.96,1162.32,0.85,-1,-1,-1
143,28,680.92,397.09,174.88,536.96,0.81,-1,-1,-1
143,15,809.08,409.35,106.15,328.12,0.88,-1,-1,-1
143,18,924.44,411.15,151.75,446.56,0.92,-1,-1,-1
143,24,1165.67,481.07,36.37,90.55,0.44,-1,-1,-1
143,30,788.91,426.80,90.18,297.92,0.59,-1,-1,-1
143,23,1228.73,475.03,37.80,107.57,0.37,-1,-1,-1
143,32,272.32,428.52,82.56,195.05,0.71,-1,-1,-1
143,33,316.30,464.49,78.63,209.82,0.75,-1,-1,-1
143,34,377.12,455.71,29.40,74.78,0.74,-1,-1,-1
143,35,405.78,444.50,37.73,101.15,0.77,-1,-1,-1
144,3,-89.89,188.62,478.71,1252.69,0.69,-1,-1,-1
144,4,337.71,232.48,504.91,1167.61,0.86,-1,-1,-1
144,28,678.74,398.13,174.39,532.40,0.78,-1,-1,-1
144,15,807.80,408.35,106.25,331.19,0.88,-1,-1,-1
144,18,921.80,409.03,151.84,449.06,0.92,-1,-1,-1
144,24,1164.35,479.87,32.47,88.90,0.54,-1,-1,-1
144,30,787.60,425.58,88.66,299.35,0.64,-1,-1,-1
144,23,1228.22,474.21,36.40,107.82,0.41,-1,-1,-1
144,32,267.30,429.56,84.33,190.69,0.74,-1,-1,-1
144,33,311.10,463.56,82.63,220.49,0.75,-1,-1,-1
144,34,374.12,455.01,29.40,75.62,0.76,-1,-1,-1
144,35,404.61,446.73,33.99,85.89,0.71,-1,-1,-1
144,36,348.52,414.90,198.67,525.60,0.74,-1,-1,-1
145,3,-97.66,172.54,492.25,1270.18,0.72,-1,-1,-1
145,4,339.37,228.90,509.24,1162.23,0.85,-1,-1,-1
145,28,676.68,399.55,171.75,518.35,0.70,-1,-1,-1
145,15,808.23,407.42,103.84,331.73,0.88,-1,-1,-1
145,18,919.31,407.57,153.81,452.08,0.92,-1,-1,-1
145,24,1161.37,478.30,30.97,89.51,0.37,-1,-1,-1
145,30,783.62,423.84,88.55,301.71,0.65,-1,-1,-1
145,23,1229.21,474.29,33.45,106.14,0.21,-1,-1,-1
145,32,264.13,426.56,84.65,199.01,0.71,-1,-1,-1
145,33,308.75,462.26,83.60,227.64,0.78,-1,-1,-1
145,34,371.75,455.09,28.68,72.50,0.68,-1,-1,-1
145,35,403.89,448.06,30.16,77.64,0.27,-1,-1,-1
145,36,352.64,410.28,187.69,522.18,0.75,-1,-1,-1
146,3,-112.56,149.76,518.97,1320.87,0.73,-1,-1,-1
146,4,346.63,222.61,507.40,1176.11,0.86,-1,-1,-1
146,28,673.42,398.99,169.59,495.11,0.68,-1,-1,-1
146,15,807.53,406.52,103.51,329.04,0.88,-1,-1,-1
146,18,916.02,405.92,155.09,453.85,0.92,-1,-1,-1
146,30,780.36,422.78,85.52,295.44,0.71,-1,-1,-1
146,32,260.24,424.81,85.04,200.57,0.66,-1,-1,-1
146,33,306.72,461.77,83.30,231.60,0.71,-1,-1,-1
146,34,369.62,455.12,27.77,70.09,0.54,-1,-1,-1
146,36,343.36,408.97,192.23,545.63,0.80,-1,-1,-1
147,3,-110.36,147.46,520.58,1325.62,0.73,-1,-1,-1
147,4,340.66,222.24,519.04,1192.35,0.86,-1,-1,-1
147,28,659.89,397.84,177.94,501.00,0.56,-1,-1,-1
147,15,806.33,403.05,104.06,329.08,0.87,-1,-1,-1
147,18,912.91,404.08,157.70,459.39,0.92,-1,-1,-1
147,30,776.18,421.36,86.19,291.65,0.71,-1,-1,-1
147,32,258.32,422.63,84.02,203.94,0.58,-1,-1,-1
147,33,305.33,461.73,83.49,228.63,0.67,-1,-1,-1
147,34,366.67,454.74,28.13,69.11,0.64,-1,-1,-1
147,36,336.02,405.76,194.10,559.55,0.80,-1,-1,-1
148,3,-88.77,153.49,502.37,1298.03,0.73,-1,-1,-1
148,4,353.63,218.86,508.81,1193.14,0.87,-1,-1,-1
148,28,652.44,397.84,170.18,493.10,0.51,-1,-1,-1
148,15,804.63,401.67,103.51,326.08,0.87,-1,-1,-1
148,18,909.63,403.24,158.70,461.28,0.92,-1,-1,-1
148,30,771.90,420.46,85.10,286.27,0.72,-1,-1,-1
148,32,255.51,419.89,84.11,202.49,0.55,-1,-1,-1
148,33,301.31,460.30,85.85,240.37,0.62,-1,-1,-1
148,34,363.63,453.64,28.54,68.37,0.69,-1,-1,-1
148,36,326.40,400.92,202.42,593.07,0.81,-1,-1,-1
149,3,-95.97,168.68,507.67,1270.81,0.77,-1,-1,-1
149,4,356.69,207.87,507.69,1199.45,0.87,-1,-1,-1
149,28,657.36,397.03,150.92,448.24,0.49,-1,-1,-1
149,15,802.66,400.28,103.35,322.51,0.86,-1,-1,-1
149,18,905.31,401.77,161.16,463.60,0.92,-1,-1,-1
149,30,767.83,420.01,85.31,283.43,0.69,-1,-1,-1
149,32,251.22,418.77,84.76,200.59,0.63,-1,-1,-1
149,33,304.03,460.09,84.04,235.73,0.44,-1,-1,-1
149,34,360.58,452.66,28.39,69.39,0.64,-1,-1,-1
149,36,324.02,397.15,199.54,600.62,0.80,-1,-1,-1
