0,1,661.95,381.15,72.90,210.60,0.94,-1,-1,-1
0,2,739.80,388.35,75.60,244.80,0.93,-1,-1,-1
0,3,152.10,355.05,75.82,198.00,0.92,-1,-1,-1
0,4,61.26,368.32,80.04,209.02,0.92,-1,-1,-1
0,5,756.45,360.90,81.90,251.10,0.92,-1,-1,-1
0,6,636.30,400.95,45.00,135.00,0.89,-1,-1,-1
0,7,445.50,318.15,234.90,652.05,0.88,-1,-1,-1
0,8,20.63,388.35,39.05,90.45,0.86,-1,-1,-1
0,9,310.72,279.00,217.58,608.40,0.84,-1,-1,-1
0,10,40.13,395.55,32.99,79.65,0.82,-1,-1,-1
0,11,606.60,395.55,45.90,130.50,0.81,-1,-1,-1
0,12,715.95,400.50,48.60,156.60,0.72,-1,-1,-1
1,1,663.59,380.72,72.92,210.62,0.94,-1,-1,-1
1,2,739.88,389.29,77.18,241.12,0.92,-1,-1,-1
1,3,153.09,352.69,75.06,200.75,0.92,-1,-1,-1
1,4,61.01,368.32,80.31,209.05,0.92,-1,-1,-1
1,5,756.54,360.86,81.14,250.35,0.92,-1,-1,-1
1,6,638.71,401.11,43.45,132.87,0.88,-1,-1,-1
1,7,454.91,318.51,231.84,634.54,0.89,-1,-1,-1
1,8,21.19,387.96,38.60,90.46,0.85,-1,-1,-1
1,9,323.83,286.59,213.14,599.28,0.84,-1,-1,-1
1,10,39.57,395.16,33.85,80.05,0.82,-1,-1,-1
1,11,606.67,395.32,45.13,124.85,0.76,-1,-1,-1
1,12,716.81,399.88,49.39,155.25,0.79,-1,-1,-1
2,1,664.62,380.68,75.04,214.15,0.94,-1,-1,-1
2,2,740.65,388.94,77.47,241.02,0.93,-1,-1,-1
2,3,153.28,351.63,75.12,201.93,0.92,-1,-1,-1
2,4,61.16,368.19,80.54,209.58,0.92,-1,-1,-1
2,5,756.25,360.52,81.02,247.42,0.92,-1,-1,-1
2,6,638.81,400.99,44.62,137.28,0.81,-1,-1,-1
2,7,467.50,317.19,225.70,626.60,0.89,-1,-1,-1
2,8,21.46,387.94,38.45,90.46,0.84,-1,-1,-1
2,9,334.24,290.92,221.97,590.52,0.83,-1,-1,-1
2,10,39.80,394.96,33.96,79.94,0.81,-1,-1,-1
2,11,606.02,395.14,44.30,122.64,0.38,-1,-1,-1
2,12,718.76,403.32,50.24,151.50,0.78,-1,-1,-1
3,1,665.89,380.65,76.37,212.51,0.94,-1,-1,-1
3,2,740.50,389.49,78.88,238.29,0.92,-1,-1,-1
3,3,153.57,350.44,75.48,203.44,0.92,-1,-1,-1
3,4,61.73,368.10,80.76,209.74,0.92,-1,-1,-1
3,5,756.11,359.53,80.29,247.71,0.92,-1,-1,-1
3,6,639.80,400.76,45.67,139.51,0.72,-1,-1,-1
3,7,478.48,315.53,223.83,625.70,0.89,-1,-1,-1
3,8,22.31,387.89,38.20,90.12,0.82,-1,-1,-1
3,9,346.03,295.55,213.57,581.00,0.84,-1,-1,-1
3,10,40.01,394.51,34.27,80.24,0.80,-1,-1,-1
3,12,718.64,402.28,53.20,155.94,0.81,-1,-1,-1
3,13,354.82,324.45,144.23,416.70,0.75,-1,-1,-1
4,1,667.90,381.00,77.41,211.21,0.93,-1,-1,-1
4,2,740.09,388.51,80.62,239.96,0.92,-1,-1,-1
4,3,155.66,351.44,73.27,202.22,0.92,-1,-1,-1
4,4,62.43,367.76,80.57,209.77,0.93,-1,-1,-1
4,5,752.37,358.75,83.41,250.70,0.91,-1,-1,-1
4,6,642.38,400.05,44.68,137.86,0.52,-1,-1,-1
4,7,489.90,314.23,221.37,619.18,0.89,-1,-1,-1
4,8,23.48,388.05,37.60,89.83,0.82,-1,-1,-1
4,9,357.40,298.70,206.25,573.08,0.84,-1,-1,-1
4,10,40.18,393.89,34.61,80.50,0.82,-1,-1,-1
4,12,719.83,401.93,52.23,154.74,0.80,-1,-1,-1
4,13,363.00,324.80,128.26,403.06,0.75,-1,-1,-1
5,1,670.42,381.45,77.70,210.76,0.91,-1,-1,-1
5,2,740.22,388.20,81.81,240.56,0.92,-1,-1,-1
5,3,156.47,353.90,72.84,199.34,0.90,-1,-1,-1
5,4,63.26,367.94,80.01,209.77,0.93,-1,-1,-1
5,5,753.34,359.17,81.89,250.44,0.92,-1,-1,-1
5,6,642.22,399.33,45.59,140.57,0.61,-1,-1,-1
5,7,500.68,314.50,217.41,601.62,0.89,-1,-1,-1
5,8,24.01,387.76,37.94,90.07,0.83,-1,-1,-1
5,9,360.75,299.52,209.36,574.13,0.82,-1,-1,-1
5,10,40.64,393.67,34.23,80.26,0.82,-1,-1,-1
5,12,719.22,402.11,54.97,154.62,0.73,-1,-1,-1
5,13,362.47,323.10,134.76,391.31,0.85,-1,-1,-1
6,1,673.43,381.59,76.50,209.95,0.91,-1,-1,-1
6,2,740.87,388.40,83.42,240.45,0.91,-1,-1,-1
6,3,158.82,354.29,70.96,198.76,0.91,-1,-1,-1
6,4,63.98,367.69,79.72,209.74,0.93,-1,-1,-1
6,5,750.58,359.96,84.45,248.41,0.91,-1,-1,-1
6,6,642.74,398.92,46.52,145.66,0.39,-1,-1,-1
6,7,511.25,313.84,213.61,588.28,0.90,-1,-1,-1
6,8,24.58,387.97,39.12,89.52,0.83,-1,-1,-1
6,9,372.82,301.57,205.85,562.01,0.85,-1,-1,-1
6,10,40.95,393.92,34.02,79.85,0.81,-1,-1,-1
6,12,719.89,401.52,56.51,154.25,0.53,-1,-1,-1
6,13,356.39,319.34,139.86,408.91,0.85,-1,-1,-1
6,14,0.89,396.22,31.80,76.27,0.73,-1,-1,-1
7,1,676.02,381.68,75.41,210.94,0.90,-1,-1,-1
7,2,740.84,387.90,85.20,240.46,0.88,-1,-1,-1
7,3,160.67,353.85,69.95,199.54,0.92,-1,-1,-1
7,4,64.58,367.67,79.76,209.75,0.92,-1,-1,-1
7,5,749.67,360.31,85.37,252.08,0.90,-1,-1,-1
7,6,642.01,397.78,49.30,159.78,0.16,-1,-1,-1
7,7,521.09,313.52,209.96,576.38,0.90,-1,-1,-1
7,8,25.10,387.96,40.15,89.81,0.83,-1,-1,-1
7,9,379.36,303.44,207.39,556.82,0.85,-1,-1,-1
7,10,41.41,393.93,33.83,79.55,0.76,-1,-1,-1
7,12,724.68,402.13,54.64,152.74,0.78,-1,-1,-1
7,13,352.07,317.30,141.01,419.72,0.88,-1,-1,-1
7,14,2.66,396.26,29.97,76.29,0.70,-1,-1,-1
8,1,676.84,381.71,75.61,213.76,0.87,-1,-1,-1
8,2,741.08,387.12,85.21,241.07,0.86,-1,-1,-1
8,3,161.96,354.45,69.24,199.06,0.93,-1,-1,-1
8,4,65.08,367.97,80.08,209.74,0.91,-1,-1,-1
8,5,749.65,360.44,85.07,254.00,0.90,-1,-1,-1
8,6,648.22,397.96,41.98,131.72,0.11,-1,-1,-1
8,7,529.08,313.60,207.54,577.16,0.91,-1,-1,-1
8,8,25.40,387.95,42.73,89.91,0.83,-1,-1,-1
8,9,392.58,306.80,203.21,543.72,0.85,-1,-1,-1
8,10,42.01,393.79,33.32,79.59,0.66,-1,-1,-1
8,12,730.74,402.03,48.32,150.95,0.35,-1,-1,-1
8,13,350.09,315.42,136.63,423.80,0.89,-1,-1,-1
8,14,3.28,396.28,30.50,75.59,0.71,-1,-1,-1
9,1,676.21,381.58,77.49,219.79,0.86,-1,-1,-1
9,2,739.72,386.25,88.16,242.52,0.87,-1,-1,-1
9,3,162.58,355.12,69.32,198.43,0.93,-1,-1,-1
9,4,65.56,367.78,80.30,209.74,0.92,-1,-1,-1
9,5,750.35,361.42,84.31,252.87,0.90,-1,-1,-1
9,7,537.43,315.99,204.33,569.62,0.90,-1,-1,-1
9,8,25.64,387.95,43.89,89.96,0.84,-1,-1,-1
9,9,404.61,307.74,202.18,542.59,0.84,-1,-1,-1
9,10,42.62,394.05,33.05,79.31,0.61,-1,-1,-1
9,12,738.07,401.41,42.05,137.42,0.13,-1,-1,-1
9,13,343.87,314.41,137.45,430.12,0.88,-1,-1,-1
9,14,4.14,396.62,29.45,74.65,0.70,-1,-1,-1
9,15,174.26,346.05,61.99,192.15,0.71,-1,-1,-1
10,1,675.51,381.37,79.36,226.63,0.87,-1,-1,-1
10,3,162.70,355.48,69.52,198.65,0.93,-1,-1,-1
10,4,65.60,367.67,81.28,209.72,0.92,-1,-1,-1
10,5,750.84,362.69,83.37,252.40,0.91,-1,-1,-1
10,7,544.24,319.64,202.03,564.12,0.90,-1,-1,-1
10,8,25.81,388.05,44.67,90.12,0.85,-1,-1,-1
10,9,408.67,308.87,209.32,541.81,0.83,-1,-1,-1
10,10,43.79,393.65,32.20,80.57,0.54,-1,-1,-1
10,13,338.03,311.95,141.70,433.05,0.90,-1,-1,-1
10,14,4.65,396.68,29.04,74.38,0.64,-1,-1,-1
10,15,175.47,346.24,61.00,191.27,0.71,-1,-1,-1
11,1,674.61,380.99,80.65,231.55,0.87,-1,-1,-1
11,3,161.16,355.76,71.61,198.60,0.93,-1,-1,-1
11,4,65.34,367.65,81.87,209.72,0.92,-1,-1,-1
11,5,750.76,363.75,83.03,252.22,0.90,-1,-1,-1
11,7,552.14,324.02,197.68,552.68,0.91,-1,-1,-1
11,8,25.87,388.11,43.92,89.88,0.85,-1,-1,-1
11,9,411.82,309.04,217.80,540.44,0.84,-1,-1,-1
11,10,44.44,393.68,31.80,80.89,0.62,-1,-1,-1
11,13,332.55,310.52,146.99,433.88,0.92,-1,-1,-1
11,14,4.68,396.71,29.77,74.98,0.70,-1,-1,-1
11,15,176.40,346.46,60.47,189.89,0.69,-1,-1,-1
12,1,676.59,380.55,79.33,230.98,0.86,-1,-1,-1
12,3,159.48,355.70,73.95,198.72,0.93,-1,-1,-1
12,4,64.67,367.94,82.68,209.70,0.92,-1,-1,-1
12,7,558.29,327.59,193.76,546.81,0.91,-1,-1,-1
12,8,26.32,388.12,42.73,90.09,0.86,-1,-1,-1
12,9,420.27,307.80,214.92,531.64,0.82,-1,-1,-1
12,10,45.64,393.84,30.75,80.55,0.65,-1,-1,-1
12,13,326.49,309.92,154.26,431.67,0.93,-1,-1,-1
12,14,4.83,395.91,30.22,75.67,0.66,-1,-1,-1
12,15,176.26,346.17,60.72,189.76,0.69,-1,-1,-1
12,2,744.81,383.35,86.11,245.29,0.90,-1,-1,-1
13,1,679.41,379.43,76.38,235.36,0.83,-1,-1,-1
13,3,159.30,355.93,75.34,198.44,0.93,-1,-1,-1
13,4,64.46,368.01,83.56,209.65,0.93,-1,-1,-1
13,7,565.68,331.24,189.39,536.36,0.91,-1,-1,-1
13,8,26.94,388.09,42.82,89.85,0.86,-1,-1,-1
13,9,434.56,307.52,205.65,516.64,0.83,-1,-1,-1
13,10,46.40,393.86,30.35,80.70,0.70,-1,-1,-1
13,13,319.85,309.15,161.48,430.55,0.94,-1,-1,-1
13,14,4.93,395.59,30.35,75.91,0.63,-1,-1,-1
13,15,173.65,345.20,64.95,194.30,0.66,-1,-1,-1
13,5,750.71,366.33,81.43,249.23,0.90,-1,-1,-1
14,1,682.83,377.27,72.84,237.57,0.83,-1,-1,-1
14,3,159.70,355.88,76.04,198.52,0.92,-1,-1,-1
14,4,64.72,368.07,83.94,209.67,0.93,-1,-1,-1
14,7,571.94,333.90,184.93,526.41,0.91,-1,-1,-1
14,8,27.66,388.26,41.10,89.33,0.86,-1,-1,-1
14,9,436.57,306.29,211.75,515.61,0.84,-1,-1,-1
14,10,46.31,393.61,30.32,80.77,0.72,-1,-1,-1
14,13,313.41,308.64,167.27,438.48,0.94,-1,-1,-1
14,14,5.25,395.67,30.11,75.24,0.50,-1,-1,-1
14,16,429.97,376.87,59.62,195.07,0.72,-1,-1,-1
14,2,751.14,385.34,79.08,242.80,0.91,-1,-1,-1
15,1,686.22,375.58,70.32,242.48,0.82,-1,-1,-1
15,3,159.48,355.27,77.11,199.47,0.93,-1,-1,-1
15,4,65.97,368.56,82.93,209.24,0.93,-1,-1,-1
15,7,578.18,336.50,181.02,520.56,0.91,-1,-1,-1
15,8,28.56,388.34,39.63,89.14,0.85,-1,-1,-1
15,9,440.88,305.07,215.89,511.41,0.84,-1,-1,-1
15,10,46.71,393.24,30.18,81.09,0.73,-1,-1,-1
15,13,305.86,307.93,174.35,437.19,0.94,-1,-1,-1
15,14,5.70,395.88,30.10,74.85,0.44,-1,-1,-1
15,16,431.49,377.62,58.91,191.84,0.69,-1,-1,-1
15,2,753.34,386.78,76.43,237.33,0.92,-1,-1,-1
16,1,687.95,373.21,71.24,249.56,0.81,-1,-1,-1
16,3,158.97,355.18,78.16,199.68,0.93,-1,-1,-1
16,4,66.54,368.73,82.44,209.08,0.93,-1,-1,-1
16,7,584.04,339.36,176.06,510.41,0.91,-1,-1,-1
16,8,29.34,388.37,38.71,89.37,0.85,-1,-1,-1
16,9,448.98,304.74,213.59,506.94,0.82,-1,-1,-1
16,10,46.83,393.24,30.28,81.06,0.70,-1,-1,-1
16,13,298.69,307.27,181.31,446.25,0.94,-1,-1,-1
16,14,5.57,395.95,31.05,74.40,0.52,-1,-1,-1
16,16,431.23,377.77,64.17,193.31,0.76,-1,-1,-1
16,2,754.92,385.80,73.71,237.24,0.92,-1,-1,-1
17,1,691.81,372.91,70.38,249.27,0.82,-1,-1,-1
17,3,158.39,355.13,79.20,199.76,0.93,-1,-1,-1
17,4,66.73,369.08,82.10,209.02,0.93,-1,-1,-1
17,7,588.86,341.39,173.80,502.01,0.91,-1,-1,-1
17,8,30.18,388.81,38.93,89.02,0.84,-1,-1,-1
17,9,456.64,305.50,209.83,506.73,0.84,-1,-1,-1
17,10,46.92,392.94,30.26,81.35,0.65,-1,-1,-1
17,13,292.43,307.06,186.33,458.41,0.94,-1,-1,-1
17,14,5.72,396.57,32.02,73.94,0.54,-1,-1,-1
17,16,431.45,378.16,75.31,195.54,0.82,-1,-1,-1
17,2,755.41,388.45,70.92,234.23,0.92,-1,-1,-1
18,1,693.79,373.11,70.08,247.84,0.81,-1,-1,-1
18,3,158.10,355.12,79.96,199.78,0.93,-1,-1,-1
18,4,67.03,369.08,81.45,209.44,0.93,-1,-1,-1
18,7,595.21,342.66,171.93,501.09,0.91,-1,-1,-1
18,8,30.64,388.99,38.38,88.88,0.85,-1,-1,-1
18,9,464.30,307.71,210.82,502.78,0.82,-1,-1,-1
18,10,47.25,393.14,29.96,81.15,0.65,-1,-1,-1
18,13,286.70,307.62,190.19,464.08,0.94,-1,-1,-1
18,14,6.39,396.67,31.72,73.62,0.51,-1,-1,-1
18,16,431.38,378.44,79.34,196.36,0.87,-1,-1,-1
18,2,755.83,390.93,69.36,229.52,0.91,-1,-1,-1
19,1,696.57,372.62,70.62,246.61,0.82,-1,-1,-1
19,3,158.04,354.41,80.47,201.14,0.93,-1,-1,-1
19,4,67.02,369.12,81.45,209.61,0.94,-1,-1,-1
19,7,601.19,343.80,168.39,496.39,0.91,-1,-1,-1
19,8,30.98,389.55,38.45,88.99,0.85,-1,-1,-1
19,9,472.25,309.58,203.51,495.96,0.84,-1,-1,-1
19,10,47.07,393.72,29.94,80.63,0.59,-1,-1,-1
19,13,282.46,308.50,192.90,471.98,0.94,-1,-1,-1
19,14,6.34,397.05,31.98,74.42,0.56,-1,-1,-1
19,16,431.19,379.03,80.99,196.41,0.86,-1,-1,-1
19,2,756.57,391.53,68.88,227.82,0.91,-1,-1,-1
19,17,481.50,375.75,100.80,256.50,0.73,-1,-1,-1
20,1,699.34,373.73,69.63,244.72,0.80,-1,-1,-1
20,3,158.41,353.93,80.71,201.79,0.94,-1,-1,-1
20,4,67.53,369.06,81.03,209.67,0.94,-1,-1,-1
20,7,608.28,342.58,167.23,494.34,0.90,-1,-1,-1
20,8,31.80,389.69,38.71,89.03,0.85,-1,-1,-1
20,9,480.65,310.48,200.71,495.43,0.83,-1,-1,-1
20,10,47.13,393.58,30.39,81.02,0.56,-1,-1,-1
20,13,279.14,309.10,195.97,472.77,0.94,-1,-1,-1
20,14,6.25,397.28,32.55,74.57,0.62,-1,-1,-1
20,16,431.73,379.17,81.32,196.36,0.87,-1,-1,-1
20,2,757.11,391.68,68.15,227.24,0.90,-1,-1,-1
20,17,482.98,376.12,97.93,257.95,0.83,-1,-1,-1
21,1,704.24,374.48,67.46,241.84,0.78,-1,-1,-1
21,3,158.77,355.24,81.22,199.94,0.94,-1,-1,-1
21,4,68.34,369.05,80.69,209.68,0.93,-1,-1,-1
21,7,616.10,341.01,165.11,489.45,0.89,-1,-1,-1
21,8,32.38,389.60,39.97,89.19,0.86,-1,-1,-1
21,9,489.83,314.10,194.29,482.17,0.82,-1,-1,-1
21,10,47.93,393.53,30.26,80.57,0.53,-1,-1,-1
21,13,277.08,308.63,198.31,478.88,0.94,-1,-1,-1
21,14,7.99,397.36,30.37,74.33,0.56,-1,-1,-1
21,16,430.65,379.05,82.85,196.45,0.88,-1,-1,-1
21,2,758.21,392.32,69.15,227.67,0.89,-1,-1,-1
21,17,482.25,376.20,95.97,254.75,0.90,-1,-1,-1
22,1,706.33,373.15,72.76,247.74,0.75,-1,-1,-1
22,3,160.50,354.72,80.38,200.60,0.94,-1,-1,-1
22,4,69.34,369.06,80.28,209.71,0.93,-1,-1,-1
22,7,624.18,340.53,164.49,482.69,0.91,-1,-1,-1
22,8,32.96,389.73,38.81,88.82,0.86,-1,-1,-1
22,9,496.54,316.32,192.00,478.10,0.85,-1,-1,-1
22,10,48.67,393.10,29.91,81.45,0.60,-1,-1,-1
22,13,275.87,307.31,199.70,485.82,0.94,-1,-1,-1
22,14,9.48,397.72,31.33,73.36,0.43,-1,-1,-1
22,16,430.24,378.71,81.83,196.48,0.87,-1,-1,-1
22,2,758.35,392.25,68.96,227.92,0.87,-1,-1,-1
22,17,480.57,376.58,96.76,256.53,0.90,-1,-1,-1
22,12,750.30,367.50,72.50,222.81,0.83,-1,-1,-1
23,1,712.26,374.70,78.13,248.13,0.71,-1,-1,-1
23,3,161.80,354.33,79.95,200.69,0.94,-1,-1,-1
23,4,70.20,369.17,79.59,209.27,0.92,-1,-1,-1
23,7,631.98,339.83,163.75,474.54,0.91,-1,-1,-1
23,8,33.49,389.58,39.04,88.83,0.86,-1,-1,-1
23,9,502.60,318.42,188.78,473.63,0.83,-1,-1,-1
23,10,49.17,393.03,29.94,81.34,0.64,-1,-1,-1
23,13,276.00,305.76,199.05,489.32,0.94,-1,-1,-1
23,14,9.89,398.25,31.33,71.94,0.42,-1,-1,-1
23,16,431.39,378.24,80.49,197.07,0.87,-1,-1,-1
23,2,759.80,392.18,73.74,226.85,0.86,-1,-1,-1
23,17,479.03,376.33,102.45,259.84,0.89,-1,-1,-1
23,12,752.99,365.47,71.09,228.09,0.81,-1,-1,-1
24,1,716.51,376.05,80.79,253.08,0.78,-1,-1,-1
24,3,162.53,353.44,80.30,201.16,0.94,-1,-1,-1
24,4,70.91,368.47,79.49,209.54,0.92,-1,-1,-1
24,7,638.49,339.24,163.57,472.08,0.91,-1,-1,-1
24,8,33.75,389.53,39.52,88.83,0.86,-1,-1,-1
24,9,509.36,321.26,185.24,465.23,0.86,-1,-1,-1
24,10,49.81,393.61,30.04,80.69,0.54,-1,-1,-1
24,13,277.42,303.00,197.46,497.07,0.94,-1,-1,-1
24,14,10.55,398.15,32.27,72.32,0.41,-1,-1,-1
24,16,432.88,378.37,78.49,196.65,0.87,-1,-1,-1
24,2,763.54,392.44,73.73,224.68,0.87,-1,-1,-1
24,17,478.57,377.21,103.67,260.27,0.90,-1,-1,-1
24,12,755.02,364.74,70.15,227.81,0.75,-1,-1,-1
25,1,720.68,375.99,84.14,256.67,0.78,-1,-1,-1
25,3,163.51,354.01,79.97,200.74,0.94,-1,-1,-1
25,4,71.51,368.81,78.86,209.05,0.90,-1,-1,-1
25,7,644.22,339.00,163.00,468.40,0.91,-1,-1,-1
25,8,34.46,389.37,39.43,88.99,0.86,-1,-1,-1
25,9,515.16,323.77,185.24,460.24,0.86,-1,-1,-1
25,10,50.82,393.85,29.76,80.15,0.58,-1,-1,-1
25,13,279.43,300.07,195.11,495.03,0.94,-1,-1,-1
25,14,11.09,397.81,31.93,73.07,0.53,-1,-1,-1
25,16,433.13,378.43,78.22,196.47,0.86,-1,-1,-1
25,2,764.34,392.83,74.92,224.51,0.82,-1,-1,-1
25,17,477.82,377.21,104.64,262.28,0.91,-1,-1,-1
25,12,756.35,365.69,67.41,221.19,0.68,-1,-1,-1
26,1,725.14,376.11,80.23,257.23,0.72,-1,-1,-1
26,3,164.74,353.51,79.32,201.02,0.94,-1,-1,-1
26,4,72.00,368.36,79.09,209.45,0.91,-1,-1,-1
26,7,650.31,339.19,161.08,461.53,0.91,-1,-1,-1
26,8,34.92,389.32,39.69,89.04,0.87,-1,-1,-1
26,9,521.88,325.24,181.71,454.37,0.87,-1,-1,-1
26,10,52.12,394.25,29.01,79.64,0.61,-1,-1,-1
26,13,280.84,296.63,192.78,501.68,0.94,-1,-1,-1
26,14,11.45,397.85,31.53,73.50,0.55,-1,-1,-1
26,16,435.80,378.45,75.82,196.38,0.87,-1,-1,-1
26,2,764.65,392.65,70.66,230.46,0.82,-1,-1,-1
26,17,477.02,377.20,103.70,266.04,0.92,-1,-1,-1
26,12,756.87,366.31,62.19,204.54,0.31,-1,-1,-1
27,1,730.01,375.39,80.98,261.08,0.79,-1,-1,-1
27,3,165.89,352.41,78.93,202.03,0.94,-1,-1,-1
27,4,71.82,368.18,80.53,209.62,0.93,-1,-1,-1
27,7,654.40,339.82,161.08,458.05,0.91,-1,-1,-1
27,8,35.21,389.29,40.02,89.07,0.84,-1,-1,-1
27,9,544.64,326.45,161.12,447.16,0.83,-1,-1,-1
27,10,52.54,393.95,29.56,80.50,0.52,-1,-1,-1
27,13,281.45,293.44,190.94,506.59,0.94,-1,-1,-1
27,14,12.50,396.82,31.44,75.02,0.48,-1,-1,-1
27,16,438.29,378.30,69.41,195.60,0.86,-1,-1,-1
27,2,766.21,392.26,68.40,230.35,0.78,-1,-1,-1
27,17,475.83,377.78,105.75,268.00,0.93,-1,-1,-1
28,1,732.89,374.55,83.58,263.09,0.80,-1,-1,-1
28,3,166.33,349.88,79.28,204.50,0.93,-1,-1,-1
28,4,71.38,378.18,80.55,199.59,0.89,-1,-1,-1
28,7,658.64,343.36,161.11,453.11,0.91,-1,-1,-1
28,8,35.85,389.23,40.15,89.09,0.85,-1,-1,-1
28,9,542.50,325.60,169.30,444.79,0.83,-1,-1,-1
28,10,52.88,393.93,29.62,80.69,0.65,-1,-1,-1
28,13,280.86,290.62,190.44,513.49,0.93,-1,-1,-1
28,14,12.85,395.78,31.32,75.89,0.62,-1,-1,-1
28,16,438.85,378.52,66.89,195.31,0.86,-1,-1,-1
28,2,777.94,396.88,65.76,199.41,0.68,-1,-1,-1
28,17,471.18,376.77,113.06,270.50,0.92,-1,-1,-1
28,18,563.40,374.85,87.30,256.50,0.73,-1,-1,-1
28,12,766.29,386.65,72.85,209.96,0.68,-1,-1,-1
29,1,735.32,373.62,83.38,263.76,0.82,-1,-1,-1
29,3,167.44,348.20,79.05,206.15,0.93,-1,-1,-1
29,4,71.25,375.34,81.63,202.41,0.88,-1,-1,-1
29,7,662.64,345.54,159.99,449.36,0.91,-1,-1,-1
29,8,37.03,389.96,40.48,87.16,0.83,-1,-1,-1
29,9,545.45,324.62,170.74,442.28,0.84,-1,-1,-1
29,13,280.11,288.42,189.31,520.62,0.93,-1,-1,-1
29,14,13.49,395.10,30.32,75.62,0.58,-1,-1,-1
29,16,439.47,378.45,66.47,194.74,0.86,-1,-1,-1
29,2,783.37,398.18,66.05,186.47,0.77,-1,-1,-1
29,17,465.37,375.47,115.17,271.34,0.91,-1,-1,-1
29,18,563.10,373.22,87.31,257.78,0.80,-1,-1,-1
29,12,771.14,392.33,69.21,209.12,0.28,-1,-1,-1
30,1,740.87,373.12,86.20,264.40,0.84,-1,-1,-1
30,3,168.53,346.82,78.72,207.21,0.93,-1,-1,-1
30,4,72.02,370.83,82.55,206.59,0.89,-1,-1,-1
30,7,666.32,346.62,159.02,447.91,0.92,-1,-1,-1
30,8,37.85,389.91,39.49,87.03,0.86,-1,-1,-1
30,9,547.76,324.65,173.80,434.81,0.86,-1,-1,-1
30,13,279.20,287.18,188.97,526.28,0.93,-1,-1,-1
30,14,13.68,394.96,30.70,75.96,0.67,-1,-1,-1
30,16,439.85,378.11,65.86,194.52,0.85,-1,-1,-1
30,2,781.36,395.93,71.59,185.54,0.81,-1,-1,-1
30,17,460.96,374.22,116.63,272.65,0.92,-1,-1,-1
30,18,561.69,372.37,86.62,256.82,0.83,-1,-1,-1
30,19,-4.64,388.12,33.89,79.88,0.75,-1,-1,-1
31,1,743.15,371.91,89.58,265.88,0.87,-1,-1,-1
31,3,168.91,347.82,79.05,206.10,0.93,-1,-1,-1
31,4,72.86,366.94,83.60,210.38,0.93,-1,-1,-1
31,7,670.13,348.94,158.73,441.68,0.92,-1,-1,-1
31,8,38.73,390.06,41.13,86.84,0.82,-1,-1,-1
31,9,550.74,324.78,173.83,424.51,0.87,-1,-1,-1
31,13,277.87,285.32,189.26,532.35,0.93,-1,-1,-1
31,14,14.70,395.10,31.29,75.63,0.64,-1,-1,-1
31,16,440.55,377.70,66.26,194.43,0.85,-1,-1,-1
31,2,786.11,396.68,70.71,184.09,0.82,-1,-1,-1
31,17,457.12,373.03,118.15,273.21,0.92,-1,-1,-1
31,18,559.40,371.05,88.50,259.28,0.85,-1,-1,-1
31,19,-3.69,387.58,33.83,79.70,0.78,-1,-1,-1
32,1,745.94,371.01,89.10,267.40,0.86,-1,-1,-1
32,3,169.20,345.06,79.59,208.47,0.93,-1,-1,-1
32,4,73.86,365.10,83.60,211.82,0.94,-1,-1,-1
32,7,673.72,351.41,158.63,434.57,0.92,-1,-1,-1
32,8,40.29,390.66,39.08,86.17,0.75,-1,-1,-1
32,9,555.78,324.47,169.66,421.54,0.88,-1,-1,-1
32,13,274.78,284.34,190.78,534.47,0.92,-1,-1,-1
32,14,15.17,394.80,30.99,74.90,0.65,-1,-1,-1
32,16,441.98,377.52,66.40,194.39,0.85,-1,-1,-1
32,2,792.91,402.13,66.76,178.24,0.87,-1,-1,-1
32,17,467.19,370.77,106.29,275.14,0.89,-1,-1,-1
32,18,556.71,369.31,90.41,264.10,0.85,-1,-1,-1
32,19,-2.22,387.08,31.92,79.32,0.71,-1,-1,-1
33,1,749.22,369.21,90.05,270.29,0.87,-1,-1,-1
33,3,169.83,343.79,79.52,209.35,0.93,-1,-1,-1
33,4,75.21,364.47,83.17,212.36,0.93,-1,-1,-1
33,7,677.23,353.64,158.69,428.09,0.91,-1,-1,-1
33,8,42.80,388.54,38.05,87.43,0.68,-1,-1,-1
33,9,562.51,324.34,170.02,418.27,0.81,-1,-1,-1
33,13,263.26,283.03,200.86,540.55,0.90,-1,-1,-1
33,14,15.77,394.90,31.81,73.88,0.64,-1,-1,-1
33,16,442.32,377.62,63.03,193.94,0.86,-1,-1,-1
33,2,797.19,403.48,65.27,176.91,0.86,-1,-1,-1
33,17,456.90,368.76,116.84,277.01,0.91,-1,-1,-1
33,18,553.92,367.16,93.61,271.46,0.86,-1,-1,-1
33,19,-1.48,387.50,31.66,78.31,0.68,-1,-1,-1
34,1,751.86,367.52,93.88,272.04,0.86,-1,-1,-1
34,3,170.51,343.93,79.40,208.75,0.92,-1,-1,-1
34,4,76.21,364.25,82.94,212.53,0.94,-1,-1,-1
34,7,681.36,356.08,156.33,422.09,0.91,-1,-1,-1
34,8,44.59,388.48,36.23,86.27,0.64,-1,-1,-1
34,9,568.72,324.58,168.37,416.64,0.84,-1,-1,-1
34,13,254.70,282.45,208.36,544.26,0.90,-1,-1,-1
34,14,16.23,395.24,30.94,73.19,0.60,-1,-1,-1
34,16,442.76,377.37,61.75,194.65,0.87,-1,-1,-1
34,2,802.59,404.24,62.93,175.95,0.86,-1,-1,-1
34,17,457.93,366.85,114.19,279.42,0.90,-1,-1,-1
34,18,551.20,365.37,97.17,275.33,0.86,-1,-1,-1
34,19,-0.45,387.12,31.12,78.52,0.66,-1,-1,-1
35,1,756.25,366.45,101.68,277.78,0.86,-1,-1,-1
35,3,171.14,344.63,79.28,207.89,0.92,-1,-1,-1
35,4,76.97,363.77,83.08,213.30,0.93,-1,-1,-1
35,7,686.00,357.84,151.90,419.78,0.91,-1,-1,-1
35,8,47.63,388.94,33.35,82.08,0.44,-1,-1,-1
35,9,572.30,324.51,169.03,417.26,0.86,-1,-1,-1
35,13,250.33,281.57,210.94,547.66,0.90,-1,-1,-1
35,14,17.62,394.50,30.68,74.43,0.63,-1,-1,-1
35,16,443.51,376.84,60.09,195.05,0.88,-1,-1,-1
35,2,805.65,404.93,63.32,174.98,0.86,-1,-1,-1
35,17,455.97,365.42,115.24,282.18,0.91,-1,-1,-1
35,18,550.28,364.94,99.02,280.71,0.88,-1,-1,-1
35,19,0.22,386.53,31.01,80.40,0.72,-1,-1,-1
36,1,761.29,366.97,101.84,282.87,0.90,-1,-1,-1
36,3,171.99,345.38,78.80,207.13,0.92,-1,-1,-1
36,4,77.27,363.17,83.43,214.05,0.93,-1,-1,-1
36,7,690.20,358.74,148.50,412.86,0.91,-1,-1,-1
36,8,50.17,388.98,31.62,79.16,0.43,-1,-1,-1
36,9,598.20,325.53,144.82,413.67,0.85,-1,-1,-1
36,13,245.75,281.89,211.59,553.57,0.90,-1,-1,-1
36,14,17.89,393.80,32.33,75.94,0.78,-1,-1,-1
36,16,444.31,376.67,60.44,194.64,0.88,-1,-1,-1
36,2,810.55,404.86,60.48,175.39,0.83,-1,-1,-1
36,17,455.83,364.63,115.02,286.45,0.91,-1,-1,-1
36,18,549.68,363.65,100.24,285.62,0.90,-1,-1,-1
36,19,0.93,385.71,31.03,81.69,0.77,-1,-1,-1
37,1,765.81,367.78,102.96,285.93,0.90,-1,-1,-1
37,3,174.17,344.93,77.05,207.58,0.92,-1,-1,-1
37,4,77.56,362.08,83.52,215.51,0.93,-1,-1,-1
37,7,694.90,357.35,146.10,409.46,0.91,-1,-1,-1
37,8,52.94,388.69,30.06,75.68,0.38,-1,-1,-1
37,9,604.28,327.08,145.67,411.93,0.82,-1,-1,-1
37,13,248.98,282.64,204.70,555.67,0.90,-1,-1,-1
37,14,18.69,393.68,30.20,76.07,0.74,-1,-1,-1
37,16,442.94,376.60,62.55,194.48,0.89,-1,-1,-1
37,2,812.55,404.34,60.06,176.41,0.85,-1,-1,-1
37,17,454.98,365.10,114.89,291.71,0.92,-1,-1,-1
37,18,550.46,362.61,100.63,287.32,0.91,-1,-1,-1
37,19,1.91,386.81,30.21,80.44,0.77,-1,-1,-1
38,1,770.32,368.70,105.09,288.77,0.89,-1,-1,-1
38,3,175.39,344.04,76.39,208.78,0.92,-1,-1,-1
38,4,77.33,361.99,84.59,215.45,0.92,-1,-1,-1
38,7,699.44,357.08,142.27,399.96,0.91,-1,-1,-1
38,8,56.28,388.44,27.89,71.54,0.29,-1,-1,-1
38,9,604.07,328.24,148.39,412.03,0.84,-1,-1,-1
38,13,248.00,280.63,201.63,565.13,0.90,-1,-1,-1
38,14,19.97,393.80,29.38,75.08,0.68,-1,-1,-1
38,16,439.57,376.44,64.98,194.87,0.87,-1,-1,-1
38,2,815.55,404.42,59.33,177.48,0.81,-1,-1,-1
38,17,455.00,365.90,116.00,294.82,0.92,-1,-1,-1
38,18,550.50,361.82,102.49,288.84,0.91,-1,-1,-1
38,19,3.13,387.55,29.76,78.72,0.77,-1,-1,-1
39,1,776.80,369.99,105.30,289.79,0.90,-1,-1,-1
39,3,175.14,343.19,77.15,209.53,0.93,-1,-1,-1
39,4,78.02,363.97,84.12,213.49,0.92,-1,-1,-1
39,7,703.24,357.12,143.41,397.16,0.91,-1,-1,-1
39,8,58.92,388.26,27.18,71.05,0.20,-1,-1,-1
39,9,612.99,330.33,142.27,411.19,0.85,-1,-1,-1
39,13,244.47,279.06,200.48,572.44,0.90,-1,-1,-1
39,14,21.56,393.78,29.28,74.85,0.37,-1,-1,-1
39,16,433.75,376.72,70.33,193.55,0.85,-1,-1,-1
39,2,817.96,405.35,60.93,176.18,0.77,-1,-1,-1
39,17,455.83,366.15,114.63,298.15,0.91,-1,-1,-1
39,18,550.75,361.17,103.16,294.21,0.91,-1,-1,-1
39,19,3.78,388.04,29.52,76.40,0.76,-1,-1,-1
40,1,777.54,369.87,109.37,290.64,0.90,-1,-1,-1
40,3,175.36,343.56,77.56,209.04,0.92,-1,-1,-1
40,4,79.51,364.82,83.75,212.26,0.92,-1,-1,-1
40,7,706.99,355.10,143.84,395.84,0.91,-1,-1,-1
40,8,61.11,388.59,28.14,69.70,0.19,-1,-1,-1
40,9,614.86,332.10,141.91,410.22,0.86,-1,-1,-1
40,13,239.26,277.87,200.86,583.21,0.90,-1,-1,-1
40,16,436.58,376.65,68.60,193.47,0.86,-1,-1,-1
40,2,820.03,403.39,65.70,178.30,0.83,-1,-1,-1
40,17,458.74,365.92,112.25,299.01,0.91,-1,-1,-1
40,18,551.04,360.92,103.32,300.22,0.92,-1,-1,-1
40,19,4.55,386.91,29.83,78.02,0.75,-1,-1,-1
41,1,782.30,369.25,108.00,294.98,0.89,-1,-1,-1
41,3,175.69,343.44,78.02,208.53,0.92,-1,-1,-1
41,4,80.41,364.42,84.05,212.52,0.93,-1,-1,-1
41,7,709.96,354.33,141.06,394.93,0.91,-1,-1,-1
41,9,606.46,332.72,153.41,408.16,0.85,-1,-1,-1
41,13,233.53,277.61,202.16,588.15,0.91,-1,-1,-1
41,16,434.49,376.77,70.23,192.99,0.88,-1,-1,-1
41,2,824.76,402.50,66.31,180.17,0.85,-1,-1,-1
41,17,459.70,366.30,109.08,301.44,0.91,-1,-1,-1
41,18,551.45,361.46,102.13,304.14,0.93,-1,-1,-1
41,19,5.60,385.61,29.94,83.12,0.69,-1,-1,-1
42,1,784.09,369.31,109.12,297.16,0.88,-1,-1,-1
42,3,176.29,342.65,79.98,209.37,0.90,-1,-1,-1
42,4,81.45,363.96,83.86,212.92,0.93,-1,-1,-1
42,7,713.65,354.03,138.27,395.39,0.91,-1,-1,-1
42,9,600.25,335.76,165.15,400.78,0.88,-1,-1,-1
42,13,226.35,275.93,203.80,596.75,0.90,-1,-1,-1
42,16,433.33,376.97,72.14,192.07,0.86,-1,-1,-1
42,2,828.03,403.34,67.13,180.33,0.84,-1,-1,-1
42,17,460.16,367.04,109.08,305.23,0.91,-1,-1,-1
42,18,551.71,362.88,102.80,307.28,0.93,-1,-1,-1
42,19,6.36,384.82,31.21,86.77,0.37,-1,-1,-1
43,1,785.54,369.04,111.26,299.65,0.88,-1,-1,-1
43,3,177.27,343.87,77.62,208.19,0.91,-1,-1,-1
43,4,82.31,364.55,84.23,212.01,0.93,-1,-1,-1
43,7,716.96,353.90,137.92,394.50,0.92,-1,-1,-1
43,9,621.71,337.02,145.46,397.05,0.86,-1,-1,-1
43,13,218.68,272.41,207.89,616.81,0.91,-1,-1,-1
43,16,433.66,377.19,72.71,192.17,0.87,-1,-1,-1
43,2,829.18,406.91,71.56,179.23,0.79,-1,-1,-1
43,17,459.92,368.22,107.74,307.17,0.92,-1,-1,-1
43,18,550.67,363.60,108.35,310.82,0.92,-1,-1,-1
43,19,6.75,384.68,31.54,88.02,0.23,-1,-1,-1
43,20,546.75,395.55,31.50,86.85,0.72,-1,-1,-1
44,1,788.69,368.19,106.21,301.83,0.87,-1,-1,-1
44,3,179.10,343.61,75.28,208.17,0.89,-1,-1,-1
44,4,83.63,365.09,83.64,211.67,0.92,-1,-1,-1
44,7,720.80,354.12,136.06,390.12,0.93,-1,-1,-1
44,9,628.19,338.33,140.93,392.79,0.86,-1,-1,-1
44,13,211.49,268.19,211.86,630.69,0.91,-1,-1,-1
44,16,432.57,377.73,74.24,191.77,0.88,-1,-1,-1
44,2,831.94,408.23,76.69,180.04,0.77,-1,-1,-1
44,17,459.61,368.39,109.65,308.41,0.92,-1,-1,-1
44,18,550.66,364.47,112.75,313.22,0.93,-1,-1,-1
44,20,546.90,395.18,32.22,88.65,0.72,-1,-1,-1
45,1,792.36,367.73,106.49,301.82,0.87,-1,-1,-1
45,3,182.15,343.92,72.73,208.89,0.85,-1,-1,-1
45,4,85.11,366.74,82.23,210.33,0.89,-1,-1,-1
45,7,724.71,354.80,134.18,387.40,0.94,-1,-1,-1
45,9,629.36,339.36,143.63,390.73,0.85,-1,-1,-1
45,13,201.31,263.95,220.24,641.89,0.91,-1,-1,-1
45,16,432.42,377.61,75.36,192.22,0.88,-1,-1,-1
45,2,838.87,425.36,75.80,163.10,0.76,-1,-1,-1
45,17,456.81,368.44,112.71,309.36,0.92,-1,-1,-1
45,18,550.63,364.37,114.96,316.18,0.93,-1,-1,-1
45,20,547.28,395.09,33.05,87.95,0.72,-1,-1,-1
46,1,803.71,366.12,98.30,304.71,0.89,-1,-1,-1
46,3,186.74,347.21,71.29,204.29,0.79,-1,-1,-1
46,4,86.12,365.46,84.22,212.09,0.91,-1,-1,-1
46,7,727.81,358.37,132.98,384.18,0.93,-1,-1,-1
46,9,628.77,340.02,145.85,388.94,0.86,-1,-1,-1
46,13,190.53,260.79,229.55,651.13,0.92,-1,-1,-1
46,16,434.84,377.59,74.18,192.41,0.84,-1,-1,-1
46,2,842.12,412.60,78.32,175.99,0.63,-1,-1,-1
46,17,451.62,367.90,120.36,310.86,0.92,-1,-1,-1
46,18,549.47,364.67,118.11,317.22,0.92,-1,-1,-1
46,20,547.68,395.10,34.02,88.43,0.73,-1,-1,-1
46,21,641.70,375.52,60.30,201.37,0.72,-1,-1,-1
47,1,810.66,364.92,95.70,305.73,0.89,-1,-1,-1
47,3,184.24,348.95,72.39,205.97,0.80,-1,-1,-1
47,4,86.87,364.88,89.40,212.90,0.90,-1,-1,-1
47,7,730.33,359.84,132.03,382.96,0.93,-1,-1,-1
47,9,620.37,338.71,159.85,391.41,0.89,-1,-1,-1
47,13,179.23,256.32,239.00,663.01,0.91,-1,-1,-1
47,16,442.49,378.21,67.05,191.89,0.86,-1,-1,-1
47,2,841.60,394.55,83.04,196.42,0.60,-1,-1,-1
47,17,447.26,367.13,125.72,312.53,0.93,-1,-1,-1
47,18,548.21,363.77,121.03,318.81,0.92,-1,-1,-1
47,20,547.82,394.94,34.32,88.42,0.70,-1,-1,-1
47,21,643.65,376.25,60.31,193.09,0.76,-1,-1,-1
48,1,817.68,363.61,95.37,307.23,0.89,-1,-1,-1
48,3,183.34,346.00,74.22,222.07,0.78,-1,-1,-1
48,4,88.86,364.79,91.92,213.36,0.90,-1,-1,-1
48,7,732.43,362.01,130.51,377.40,0.93,-1,-1,-1
48,9,621.69,339.40,164.44,383.48,0.86,-1,-1,-1
48,13,167.99,255.37,249.42,667.77,0.92,-1,-1,-1
48,16,444.96,378.13,66.07,191.71,0.86,-1,-1,-1
48,2,838.88,376.73,88.54,216.30,0.45,-1,-1,-1
48,17,443.54,366.25,130.53,313.68,0.92,-1,-1,-1
48,18,546.99,362.85,123.25,319.30,0.92,-1,-1,-1
48,20,548.27,394.89,35.03,89.40,0.69,-1,-1,-1
48,21,647.27,376.04,58.93,193.59,0.75,-1,-1,-1
49,1,824.64,362.57,94.66,309.50,0.92,-1,-1,-1
49,3,185.64,344.35,72.85,233.23,0.72,-1,-1,-1
49,4,90.63,364.91,93.90,213.39,0.91,-1,-1,-1
49,7,734.89,364.33,128.80,369.45,0.93,-1,-1,-1
49,9,638.70,339.66,151.68,379.40,0.84,-1,-1,-1
49,13,156.75,253.20,258.41,679.98,0.92,-1,-1,-1
49,16,440.70,378.27,71.16,191.21,0.85,-1,-1,-1
49,17,438.97,365.94,133.51,314.06,0.92,-1,-1,-1
49,18,545.40,362.09,124.62,319.83,0.93,-1,-1,-1
49,20,549.36,394.90,35.25,89.11,0.69,-1,-1,-1
49,21,649.78,376.52,61.29,199.21,0.77,-1,-1,-1
50,1,830.01,361.54,95.63,310.86,0.92,-1,-1,-1
50,3,187.92,350.18,67.61,220.38,0.55,-1,-1,-1
50,4,92.32,364.96,92.03,213.37,0.92,-1,-1,-1
50,7,737.44,366.00,126.44,367.82,0.93,-1,-1,-1
50,9,644.97,339.52,148.92,378.13,0.83,-1,-1,-1
50,13,144.44,251.13,269.55,690.32,0.92,-1,-1,-1
50,16,438.60,378.43,74.75,191.46,0.86,-1,-1,-1
50,17,437.53,365.36,135.21,314.83,0.92,-1,-1,-1
50,18,544.80,360.60,123.93,322.26,0.92,-1,-1,-1
50,20,550.66,394.71,35.93,88.51,0.67,-1,-1,-1
50,21,652.45,377.64,60.72,190.91,0.83,-1,-1,-1
50,22,602.55,386.32,63.90,204.07,0.76,-1,-1,-1
51,1,834.82,361.19,101.38,311.91,0.93,-1,-1,-1
51,3,184.37,345.65,83.21,247.08,0.48,-1,-1,-1
51,4,94.08,365.12,88.58,213.52,0.91,-1,-1,-1
51,7,739.75,367.04,125.02,368.74,0.93,-1,-1,-1
51,9,658.24,339.91,138.92,377.64,0.86,-1,-1,-1
51,13,132.21,249.22,281.50,701.05,0.91,-1,-1,-1
51,16,440.96,378.20,74.98,192.16,0.81,-1,-1,-1
51,17,437.32,363.83,132.89,316.70,0.93,-1,-1,-1
51,18,543.42,358.28,124.74,325.46,0.93,-1,-1,-1
51,20,551.42,394.81,36.15,87.22,0.57,-1,-1,-1
51,21,654.52,376.85,59.83,185.79,0.82,-1,-1,-1
51,22,603.20,386.51,66.07,204.26,0.77,-1,-1,-1
52,1,838.29,361.35,115.19,313.44,0.94,-1,-1,-1
52,3,178.68,342.33,99.38,292.27,0.38,-1,-1,-1
52,4,96.28,364.72,85.89,215.20,0.89,-1,-1,-1
52,7,742.30,367.51,123.35,364.27,0.94,-1,-1,-1
52,9,664.52,340.00,135.80,376.98,0.87,-1,-1,-1
52,13,120.85,247.67,292.57,705.17,0.91,-1,-1,-1
52,16,441.61,378.09,76.80,192.43,0.81,-1,-1,-1
52,17,437.92,362.65,131.30,317.94,0.94,-1,-1,-1
52,18,542.35,356.51,123.24,327.77,0.93,-1,-1,-1
52,20,553.51,394.83,36.21,89.51,0.30,-1,-1,-1
52,21,656.40,375.75,61.43,190.15,0.82,-1,-1,-1
52,22,603.76,385.50,68.55,204.99,0.78,-1,-1,-1
53,1,840.68,362.75,135.06,313.77,0.94,-1,-1,-1
53,3,177.03,341.86,107.01,307.55,0.30,-1,-1,-1
53,4,98.69,365.17,84.99,215.81,0.87,-1,-1,-1
53,7,744.89,367.63,122.19,363.90,0.93,-1,-1,-1
53,9,664.12,339.85,139.00,377.85,0.87,-1,-1,-1
53,13,108.47,246.43,304.91,712.35,0.91,-1,-1,-1
53,16,441.41,378.04,76.74,191.92,0.83,-1,-1,-1
53,17,439.09,361.92,129.46,319.50,0.94,-1,-1,-1
53,18,541.36,354.68,122.58,329.70,0.93,-1,-1,-1
53,20,554.55,395.43,36.82,90.64,0.27,-1,-1,-1
53,21,659.13,375.37,61.98,186.05,0.84,-1,-1,-1
53,22,604.82,385.15,69.40,200.32,0.79,-1,-1,-1
54,1,842.09,363.78,152.86,316.37,0.94,-1,-1,-1
54,3,175.91,340.93,110.16,319.23,0.12,-1,-1,-1
54,4,99.90,366.78,84.53,214.27,0.89,-1,-1,-1
54,7,747.16,366.76,119.99,362.12,0.93,-1,-1,-1
54,9,663.18,340.23,140.76,376.66,0.89,-1,-1,-1
54,13,98.87,243.93,312.98,727.48,0.91,-1,-1,-1
54,16,442.11,378.01,77.85,192.35,0.83,-1,-1,-1
54,17,440.54,361.06,127.65,323.61,0.94,-1,-1,-1
54,18,540.34,352.83,122.85,331.56,0.93,-1,-1,-1
54,20,554.83,395.97,37.02,91.06,0.27,-1,-1,-1
54,21,661.50,374.94,62.16,185.22,0.84,-1,-1,-1
54,22,607.37,385.43,68.26,192.03,0.79,-1,-1,-1
55,1,843.61,363.56,169.01,321.98,0.94,-1,-1,-1
55,4,101.08,367.41,87.36,216.04,0.86,-1,-1,-1
55,7,749.35,364.87,118.65,362.73,0.93,-1,-1,-1
55,9,658.75,340.33,146.84,376.26,0.90,-1,-1,-1
55,13,90.21,246.13,321.13,736.86,0.90,-1,-1,-1
55,16,442.81,378.59,79.57,191.30,0.66,-1,-1,-1
55,17,441.28,361.04,126.79,328.62,0.94,-1,-1,-1
55,18,538.79,352.74,124.10,336.86,0.94,-1,-1,-1
55,20,556.98,395.71,35.89,88.66,0.10,-1,-1,-1
55,21,663.78,375.24,62.22,186.04,0.83,-1,-1,-1
55,22,610.46,386.03,67.17,192.33,0.78,-1,-1,-1
56,1,846.09,365.26,177.58,323.50,0.94,-1,-1,-1
56,4,102.56,367.19,90.60,225.47,0.81,-1,-1,-1
56,7,751.58,363.26,118.23,365.51,0.93,-1,-1,-1
56,9,659.96,340.97,146.20,376.24,0.89,-1,-1,-1
56,13,83.35,245.58,326.67,746.99,0.90,-1,-1,-1
56,16,444.23,379.72,83.72,198.69,0.21,-1,-1,-1
56,17,436.52,362.09,130.62,332.72,0.92,-1,-1,-1
56,18,537.35,352.75,125.14,345.30,0.93,-1,-1,-1
56,21,666.68,374.92,61.63,189.60,0.82,-1,-1,-1
56,22,612.42,386.73,67.42,194.99,0.79,-1,-1,-1
57,1,848.22,366.53,182.37,325.77,0.94,-1,-1,-1
57,4,105.75,367.59,87.34,216.88,0.78,-1,-1,-1
57,7,753.37,362.07,117.55,366.04,0.92,-1,-1,-1
57,9,661.03,342.85,145.37,374.66,0.91,-1,-1,-1
57,13,77.91,248.67,331.52,751.46,0.90,-1,-1,-1
57,16,445.77,379.13,84.72,196.88,0.17,-1,-1,-1
57,17,431.25,362.39,134.84,336.71,0.93,-1,-1,-1
57,18,535.51,352.51,126.11,352.54,0.93,-1,-1,-1
57,21,668.44,374.38,62.01,190.49,0.81,-1,-1,-1
57,22,613.85,387.30,67.51,196.63,0.79,-1,-1,-1
58,1,851.51,367.38,184.88,329.54,0.94,-1,-1,-1
58,4,115.60,368.20,77.71,205.03,0.77,-1,-1,-1
58,7,755.76,362.11,117.26,362.60,0.92,-1,-1,-1
58,9,672.70,345.21,134.22,372.21,0.87,-1,-1,-1
58,13,75.07,244.81,333.48,771.37,0.90,-1,-1,-1
58,17,426.97,363.65,137.79,338.76,0.93,-1,-1,-1
58,18,533.12,353.31,128.11,355.24,0.93,-1,-1,-1
58,21,670.55,374.05,64.49,193.70,0.75,-1,-1,-1
58,22,614.33,387.81,67.49,196.69,0.79,-1,-1,-1
59,1,856.89,367.04,183.79,332.59,0.94,-1,-1,-1
59,4,119.13,368.70,74.40,194.92,0.78,-1,-1,-1
59,7,757.99,361.77,117.88,361.02,0.92,-1,-1,-1
59,9,672.94,346.94,133.12,370.70,0.89,-1,-1,-1
59,13,75.01,244.09,331.93,782.66,0.89,-1,-1,-1
59,17,424.16,364.48,138.39,341.75,0.93,-1,-1,-1
59,18,531.61,354.54,130.09,357.26,0.91,-1,-1,-1
59,21,672.41,373.76,64.27,193.53,0.80,-1,-1,-1
59,22,615.31,388.28,67.53,196.72,0.77,-1,-1,-1
59,2,882.07,397.49,67.39,183.89,0.74,-1,-1,-1
60,1,863.54,365.69,179.71,336.03,0.94,-1,-1,-1
60,4,119.77,369.16,73.46,194.35,0.76,-1,-1,-1
60,7,759.97,362.66,118.17,358.55,0.93,-1,-1,-1
60,9,676.61,349.62,130.36,366.61,0.88,-1,-1,-1
60,13,76.12,243.26,330.60,789.58,0.90,-1,-1,-1
60,17,425.69,363.90,134.90,346.91,0.92,-1,-1,-1
60,18,530.24,354.57,132.58,363.04,0.91,-1,-1,-1
60,21,674.56,373.93,65.36,196.74,0.81,-1,-1,-1
60,22,615.66,389.02,68.15,197.98,0.78,-1,-1,-1
60,2,882.91,399.47,77.57,200.21,0.80,-1,-1,-1
60,23,636.30,391.05,50.40,171.90,0.70,-1,-1,-1
61,1,871.53,365.49,174.14,337.35,0.94,-1,-1,-1
61,4,122.18,368.39,72.56,193.96,0.76,-1,-1,-1
61,7,762.09,363.16,117.73,357.34,0.93,-1,-1,-1
61,9,680.53,351.20,126.98,364.64,0.88,-1,-1,-1
61,13,77.87,246.01,328.38,793.73,0.90,-1,-1,-1
61,17,427.02,363.38,132.16,352.42,0.92,-1,-1,-1
61,18,527.63,355.91,137.02,367.72,0.91,-1,-1,-1
61,21,676.15,373.72,66.35,200.35,0.81,-1,-1,-1
61,22,616.29,389.60,68.38,197.92,0.78,-1,-1,-1
61,2,887.40,400.12,73.62,195.88,0.88,-1,-1,-1
61,23,637.96,390.69,51.13,174.09,0.74,-1,-1,-1
62,1,884.13,364.54,163.90,338.96,0.94,-1,-1,-1
62,4,118.53,368.74,79.15,193.91,0.67,-1,-1,-1
62,7,764.23,363.66,117.02,357.28,0.92,-1,-1,-1
62,9,678.12,351.76,129.48,363.41,0.89,-1,-1,-1
62,13,78.22,242.90,329.48,808.67,0.90,-1,-1,-1
62,17,427.21,364.10,131.43,355.63,0.92,-1,-1,-1
62,18,525.72,356.48,139.29,371.18,0.92,-1,-1,-1
62,21,678.40,373.82,65.55,200.38,0.81,-1,-1,-1
62,22,617.92,389.53,68.48,196.12,0.83,-1,-1,-1
62,2,890.10,400.46,73.88,195.88,0.89,-1,-1,-1
62,23,641.05,390.99,51.98,175.21,0.76,-1,-1,-1
63,1,901.31,362.09,147.71,342.34,0.92,-1,-1,-1
63,4,118.18,368.52,80.61,198.70,0.30,-1,-1,-1
63,7,766.72,364.40,115.55,355.43,0.93,-1,-1,-1
63,9,678.07,351.89,129.78,358.73,0.89,-1,-1,-1
63,13,76.45,239.97,332.07,814.44,0.90,-1,-1,-1
63,17,427.26,362.87,128.56,358.41,0.92,-1,-1,-1
63,18,524.50,355.78,141.23,372.85,0.94,-1,-1,-1
63,21,680.67,374.42,64.60,198.52,0.82,-1,-1,-1
63,22,618.82,388.98,69.68,195.55,0.86,-1,-1,-1
63,2,892.42,401.25,78.52,198.72,0.88,-1,-1,-1
63,23,643.04,390.87,52.24,172.23,0.75,-1,-1,-1
64,1,919.76,361.18,130.35,342.98,0.91,-1,-1,-1
64,4,120.98,368.71,81.33,204.39,0.12,-1,-1,-1
64,7,768.71,365.74,114.42,353.18,0.93,-1,-1,-1
64,9,678.50,351.76,128.13,355.73,0.87,-1,-1,-1
64,13,73.22,233.12,335.54,834.41,0.90,-1,-1,-1
64,17,426.67,361.22,126.85,360.56,0.92,-1,-1,-1
64,18,522.85,354.93,140.74,374.55,0.93,-1,-1,-1
64,21,684.68,374.67,61.83,195.40,0.80,-1,-1,-1
64,22,619.95,389.23,69.52,195.23,0.86,-1,-1,-1
64,2,896.10,402.13,80.21,203.99,0.90,-1,-1,-1
64,23,643.85,391.01,52.97,172.46,0.74,-1,-1,-1
64,24,672.30,388.80,40.50,141.30,0.74,-1,-1,-1
65,1,936.07,358.88,119.07,345.55,0.91,-1,-1,-1
65,7,771.46,367.24,112.23,351.26,0.93,-1,-1,-1
65,9,681.00,350.30,127.55,354.15,0.90,-1,-1,-1
65,13,70.04,226.80,338.11,853.47,0.90,-1,-1,-1
65,17,424.03,359.40,127.86,362.35,0.92,-1,-1,-1
65,18,520.88,353.86,141.64,375.70,0.93,-1,-1,-1
65,21,687.33,375.33,60.77,192.96,0.81,-1,-1,-1
65,22,620.09,387.48,69.45,198.07,0.87,-1,-1,-1
65,2,898.26,402.37,81.15,205.92,0.90,-1,-1,-1
65,23,645.99,391.84,52.54,173.02,0.76,-1,-1,-1
65,24,672.48,389.49,40.51,141.29,0.70,-1,-1,-1
66,1,953.34,357.19,114.07,350.33,0.91,-1,-1,-1
66,7,773.60,368.88,111.45,349.31,0.94,-1,-1,-1
66,9,683.34,349.46,124.97,348.91,0.89,-1,-1,-1
66,13,65.96,227.17,340.13,867.16,0.90,-1,-1,-1
66,17,416.78,355.65,134.50,366.96,0.91,-1,-1,-1
66,18,518.08,351.58,143.10,378.87,0.95,-1,-1,-1
66,21,688.82,374.87,61.59,193.12,0.79,-1,-1,-1
66,22,619.78,386.12,70.01,205.27,0.87,-1,-1,-1
66,2,901.03,401.89,82.38,208.15,0.90,-1,-1,-1
66,23,646.32,392.15,52.37,175.48,0.73,-1,-1,-1
66,24,671.85,390.34,39.82,141.99,0.70,-1,-1,-1
67,1,962.53,356.10,120.10,357.52,0.89,-1,-1,-1
67,7,774.85,370.20,111.81,348.19,0.94,-1,-1,-1
67,9,685.28,348.81,124.66,347.03,0.90,-1,-1,-1
67,13,60.69,225.52,341.68,875.10,0.90,-1,-1,-1
67,17,408.08,353.94,142.09,368.31,0.92,-1,-1,-1
67,18,516.43,350.42,143.04,380.55,0.95,-1,-1,-1
67,21,688.95,374.24,64.28,193.93,0.80,-1,-1,-1
67,22,619.28,385.16,70.81,210.76,0.88,-1,-1,-1
67,2,905.46,402.10,80.48,209.42,0.90,-1,-1,-1
67,23,647.24,392.09,54.17,177.44,0.72,-1,-1,-1
67,24,670.79,390.62,40.29,139.43,0.65,-1,-1,-1
68,1,972.84,355.14,127.02,364.88,0.90,-1,-1,-1
68,7,775.89,370.83,113.17,347.70,0.94,-1,-1,-1
68,9,688.09,348.56,124.58,336.84,0.91,-1,-1,-1
68,13,52.92,224.77,346.02,875.01,0.89,-1,-1,-1
68,17,399.76,352.28,149.76,370.35,0.93,-1,-1,-1
68,18,514.45,348.52,144.12,382.86,0.94,-1,-1,-1
68,21,686.94,373.55,68.81,203.02,0.79,-1,-1,-1
68,22,617.35,384.06,72.87,216.23,0.89,-1,-1,-1
68,2,909.17,402.46,80.61,209.88,0.90,-1,-1,-1
68,23,647.58,392.06,53.59,182.43,0.78,-1,-1,-1
68,24,669.83,390.34,41.12,140.31,0.69,-1,-1,-1
69,1,979.84,355.11,135.57,369.91,0.91,-1,-1,-1
69,7,777.93,371.35,113.08,346.36,0.94,-1,-1,-1
69,9,690.50,348.47,124.57,330.69,0.90,-1,-1,-1
69,13,44.10,221.63,350.29,884.46,0.89,-1,-1,-1
69,17,392.97,350.95,155.43,371.73,0.93,-1,-1,-1
69,18,511.07,346.65,146.82,384.77,0.95,-1,-1,-1
69,21,687.24,373.03,71.10,206.97,0.76,-1,-1,-1
69,22,617.14,383.07,73.04,219.43,0.91,-1,-1,-1
69,2,912.75,401.99,81.23,210.60,0.91,-1,-1,-1
69,23,649.11,391.60,52.73,185.58,0.77,-1,-1,-1
69,24,669.16,390.57,40.74,138.99,0.53,-1,-1,-1
70,1,982.89,355.72,152.90,373.01,0.91,-1,-1,-1
70,7,779.56,371.24,113.72,344.21,0.94,-1,-1,-1
70,9,691.04,348.29,125.85,328.21,0.91,-1,-1,-1
70,13,34.19,217.57,355.54,907.32,0.89,-1,-1,-1
70,17,386.73,349.47,159.81,377.41,0.93,-1,-1,-1
70,18,508.05,344.21,148.44,386.68,0.94,-1,-1,-1
70,21,686.73,373.00,73.74,209.26,0.78,-1,-1,-1
70,22,617.93,382.44,72.53,220.38,0.92,-1,-1,-1
70,2,916.73,401.67,83.56,211.34,0.91,-1,-1,-1
70,23,650.55,391.44,54.25,186.76,0.79,-1,-1,-1
70,24,668.34,390.83,39.97,135.54,0.25,-1,-1,-1
71,1,984.39,357.42,175.31,374.56,0.91,-1,-1,-1
71,7,782.11,370.84,112.75,339.19,0.94,-1,-1,-1
71,9,691.42,347.43,126.32,327.21,0.91,-1,-1,-1
71,13,21.97,214.32,362.25,926.61,0.88,-1,-1,-1
71,17,382.56,348.33,160.97,384.68,0.93,-1,-1,-1
71,18,504.32,342.70,151.91,391.34,0.93,-1,-1,-1
71,21,687.03,371.79,75.30,211.80,0.78,-1,-1,-1
71,22,618.20,381.88,73.48,220.32,0.92,-1,-1,-1
71,2,920.09,401.05,81.18,211.69,0.92,-1,-1,-1
71,23,652.79,391.50,56.57,187.55,0.82,-1,-1,-1
72,1,986.55,359.86,180.94,372.66,0.92,-1,-1,-1
72,7,784.53,370.97,112.40,333.78,0.94,-1,-1,-1
72,9,693.02,346.81,126.51,324.57,0.90,-1,-1,-1
72,13,9.54,209.63,369.44,939.53,0.88,-1,-1,-1
72,17,379.22,347.63,162.05,386.77,0.93,-1,-1,-1
72,18,501.24,342.15,154.94,394.20,0.94,-1,-1,-1
72,21,689.17,371.77,74.71,212.57,0.80,-1,-1,-1
72,22,618.91,381.24,74.41,221.56,0.92,-1,-1,-1
72,2,923.35,400.79,81.12,211.80,0.93,-1,-1,-1
72,23,654.22,390.76,58.61,188.53,0.83,-1,-1,-1
73,1,987.02,360.67,185.37,375.79,0.93,-1,-1,-1
73,7,787.17,370.10,111.10,329.44,0.94,-1,-1,-1
73,9,707.27,347.95,114.10,323.56,0.88,-1,-1,-1
73,13,-6.03,207.03,377.84,961.32,0.88,-1,-1,-1
73,17,377.21,347.11,162.97,387.44,0.93,-1,-1,-1
73,18,497.82,341.99,158.38,395.77,0.94,-1,-1,-1
73,21,691.74,372.22,73.26,211.78,0.79,-1,-1,-1
73,22,619.20,381.61,75.34,223.74,0.92,-1,-1,-1
73,2,926.85,399.80,81.09,213.59,0.92,-1,-1,-1
73,23,655.32,390.05,58.79,189.29,0.83,-1,-1,-1
74,1,989.34,363.30,188.19,374.01,0.93,-1,-1,-1
74,7,789.63,369.45,110.07,323.18,0.94,-1,-1,-1
74,9,713.63,348.50,109.37,322.32,0.89,-1,-1,-1
74,13,-19.14,207.85,383.93,978.24,0.87,-1,-1,-1
74,17,376.83,347.85,162.71,394.14,0.92,-1,-1,-1
74,18,494.24,342.56,162.04,397.53,0.94,-1,-1,-1
74,21,693.91,372.40,77.43,235.12,0.76,-1,-1,-1
74,22,620.79,381.76,75.12,226.33,0.91,-1,-1,-1
74,2,930.52,398.52,81.10,214.88,0.92,-1,-1,-1
74,23,657.79,389.33,59.44,190.90,0.84,-1,-1,-1
75,1,994.50,363.87,190.26,373.29,0.92,-1,-1,-1
75,7,791.30,368.89,111.48,317.28,0.94,-1,-1,-1
75,9,713.22,349.30,111.46,320.72,0.88,-1,-1,-1
75,13,-28.44,207.39,384.47,974.55,0.86,-1,-1,-1
75,17,377.43,348.73,159.55,398.86,0.93,-1,-1,-1
75,18,490.31,343.39,165.09,405.10,0.92,-1,-1,-1
75,21,697.25,373.59,73.74,220.37,0.75,-1,-1,-1
75,22,622.24,382.12,74.99,228.99,0.92,-1,-1,-1
75,2,934.06,398.02,81.08,215.89,0.92,-1,-1,-1
75,23,659.52,388.76,59.65,191.14,0.84,-1,-1,-1
76,1,1003.85,364.76,189.82,373.03,0.92,-1,-1,-1
76,7,793.33,368.76,111.44,315.31,0.94,-1,-1,-1
76,9,703.64,350.86,123.70,319.12,0.90,-1,-1,-1
76,13,-42.72,203.81,388.18,979.87,0.86,-1,-1,-1
76,17,378.13,348.89,156.66,399.49,0.92,-1,-1,-1
76,18,489.08,343.81,165.66,408.59,0.89,-1,-1,-1
76,21,699.97,373.89,73.40,213.94,0.81,-1,-1,-1
76,22,622.13,382.94,76.13,229.42,0.92,-1,-1,-1
76,2,937.68,397.78,82.27,217.34,0.93,-1,-1,-1
76,23,659.80,388.34,60.89,192.41,0.84,-1,-1,-1
77,1,1016.47,363.88,184.77,379.27,0.92,-1,-1,-1
77,7,795.47,368.38,110.81,314.63,0.94,-1,-1,-1
77,9,708.51,353.52,121.18,316.73,0.90,-1,-1,-1
77,13,-54.13,201.34,390.19,989.44,0.85,-1,-1,-1
77,17,378.31,350.41,157.53,401.83,0.92,-1,-1,-1
77,18,486.13,344.55,167.49,413.22,0.90,-1,-1,-1
77,21,704.19,372.48,75.01,216.83,0.84,-1,-1,-1
77,22,623.56,383.23,75.93,232.98,0.93,-1,-1,-1
77,2,941.81,398.25,86.23,218.39,0.93,-1,-1,-1
77,23,662.49,388.15,59.57,191.61,0.83,-1,-1,-1
78,1,1032.89,361.13,173.22,383.34,0.93,-1,-1,-1
78,7,797.40,368.20,110.01,314.50,0.94,-1,-1,-1
78,9,709.82,354.46,125.52,316.55,0.90,-1,-1,-1
78,13,-69.29,198.11,390.05,986.87,0.84,-1,-1,-1
78,17,378.30,350.84,157.41,409.55,0.92,-1,-1,-1
78,18,490.06,344.53,163.46,417.23,0.88,-1,-1,-1
78,21,708.66,372.52,73.85,217.28,0.82,-1,-1,-1
78,22,624.69,383.90,75.85,233.11,0.93,-1,-1,-1
78,2,945.63,398.54,93.55,219.50,0.93,-1,-1,-1
78,23,663.78,388.35,61.41,192.45,0.83,-1,-1,-1
79,1,1054.97,358.26,152.94,385.91,0.92,-1,-1,-1
79,7,800.07,368.54,107.32,313.46,0.95,-1,-1,-1
79,9,706.98,356.54,131.23,314.12,0.91,-1,-1,-1
79,13,-100.75,183.70,407.64,1029.79,0.81,-1,-1,-1
79,17,377.65,351.58,158.94,412.89,0.91,-1,-1,-1
79,18,489.32,345.98,163.57,423.28,0.88,-1,-1,-1
79,21,711.45,372.80,76.93,217.37,0.84,-1,-1,-1
79,22,624.47,384.13,77.57,233.64,0.93,-1,-1,-1
79,2,949.22,399.34,100.91,220.88,0.94,-1,-1,-1
79,23,665.06,388.85,60.90,192.25,0.84,-1,-1,-1
80,1,1078.45,355.86,137.77,391.45,0.90,-1,-1,-1
80,7,802.59,368.70,105.76,313.24,0.95,-1,-1,-1
80,9,707.97,357.92,129.95,312.76,0.90,-1,-1,-1
80,13,-133.87,163.82,423.95,1083.66,0.79,-1,-1,-1
80,17,376.31,351.76,159.54,415.45,0.91,-1,-1,-1
80,18,492.09,347.17,159.48,427.31,0.87,-1,-1,-1
80,21,714.27,374.42,76.34,216.81,0.85,-1,-1,-1
80,22,625.01,384.25,79.41,235.01,0.93,-1,-1,-1
80,2,952.96,399.67,108.36,222.90,0.94,-1,-1,-1
80,23,666.16,389.07,62.47,192.18,0.83,-1,-1,-1
80,25,219.37,360.00,64.80,189.00,0.77,-1,-1,-1
81,1,1102.55,353.01,131.29,400.64,0.88,-1,-1,-1
81,7,804.66,369.32,105.21,313.21,0.95,-1,-1,-1
81,9,706.85,359.12,131.16,312.16,0.90,-1,-1,-1
81,13,-156.70,151.63,432.31,1115.59,0.78,-1,-1,-1
81,17,374.60,350.78,161.35,420.81,0.91,-1,-1,-1
81,18,489.71,344.95,162.03,433.97,0.87,-1,-1,-1
81,21,716.47,377.08,78.43,215.35,0.84,-1,-1,-1
81,22,624.95,383.67,81.27,237.81,0.93,-1,-1,-1
81,2,956.62,400.93,112.43,223.60,0.94,-1,-1,-1
81,23,667.44,389.43,63.63,192.10,0.82,-1,-1,-1
81,25,219.16,359.66,65.18,189.71,0.61,-1,-1,-1
82,1,1120.35,352.30,132.91,395.34,0.90,-1,-1,-1
82,7,807.45,370.64,103.21,313.17,0.94,-1,-1,-1
82,9,708.14,359.27,131.58,310.55,0.89,-1,-1,-1
82,13,-171.86,133.93,429.75,1158.63,0.77,-1,-1,-1
82,17,372.65,349.97,163.30,424.11,0.90,-1,-1,-1
82,18,490.90,344.71,158.19,432.92,0.86,-1,-1,-1
82,21,718.70,378.26,76.85,214.94,0.83,-1,-1,-1
82,22,625.18,382.89,83.11,239.43,0.93,-1,-1,-1
82,2,959.69,401.62,112.83,225.48,0.94,-1,-1,-1
82,23,669.63,389.89,63.46,193.25,0.83,-1,-1,-1
82,25,218.77,357.86,66.28,192.98,0.85,-1,-1,-1
82,26,618.30,397.80,41.40,109.80,0.70,-1,-1,-1
83,1,1127.97,352.68,144.55,400.83,0.87,-1,-1,-1
83,7,809.56,372.05,101.88,311.45,0.94,-1,-1,-1
83,9,725.66,361.26,115.77,305.70,0.86,-1,-1,-1
83,13,-195.04,115.07,435.11,1208.89,0.72,-1,-1,-1
83,17,371.18,349.07,162.67,433.49,0.90,-1,-1,-1
83,18,488.99,342.85,162.04,439.46,0.86,-1,-1,-1
83,21,722.08,377.97,73.21,215.22,0.81,-1,-1,-1
83,22,624.62,382.16,84.95,241.04,0.92,-1,-1,-1
83,2,961.88,399.83,114.03,230.89,0.94,-1,-1,-1
83,23,672.43,390.68,60.40,192.48,0.84,-1,-1,-1
83,25,219.57,355.15,66.30,196.16,0.87,-1,-1,-1
83,26,617.68,397.81,41.40,111.25,0.71,-1,-1,-1
83,27,715.05,368.10,56.70,198.90,0.77,-1,-1,-1
84,1,1131.72,352.44,158.20,408.68,0.87,-1,-1,-1
84,7,811.48,373.10,100.86,310.24,0.94,-1,-1,-1
84,9,725.99,362.22,117.59,302.13,0.86,-1,-1,-1
84,13,-212.14,114.88,435.45,1173.93,0.69,-1,-1,-1
84,17,369.11,347.29,163.47,439.83,0.90,-1,-1,-1
84,18,483.33,339.07,164.10,450.14,0.86,-1,-1,-1
84,21,723.57,376.01,73.04,218.85,0.84,-1,-1,-1
84,22,624.13,380.38,86.84,242.45,0.93,-1,-1,-1
84,2,963.79,398.77,113.30,232.87,0.94,-1,-1,-1
84,23,674.37,390.79,62.23,196.16,0.82,-1,-1,-1
84,25,220.37,356.03,65.95,195.07,0.87,-1,-1,-1
84,26,617.25,397.79,43.49,110.83,0.76,-1,-1,-1
84,27,715.17,368.44,56.72,196.74,0.81,-1,-1,-1
84,28,190.46,389.47,35.55,84.83,0.80,-1,-1,-1
85,1,1132.81,353.88,179.57,413.92,0.85,-1,-1,-1
85,7,813.89,374.41,99.30,308.65,0.94,-1,-1,-1
85,9,732.37,362.56,114.58,299.69,0.87,-1,-1,-1
85,13,-208.55,134.66,411.47,1087.33,0.23,-1,-1,-1
85,17,368.09,343.98,161.94,440.95,0.91,-1,-1,-1
85,18,475.02,336.76,169.54,457.32,0.89,-1,-1,-1
85,21,726.13,374.10,72.96,223.15,0.86,-1,-1,-1
85,22,623.63,379.28,89.26,243.37,0.93,-1,-1,-1
85,2,969.06,398.10,108.24,234.16,0.93,-1,-1,-1
85,23,675.91,390.84,64.05,198.11,0.83,-1,-1,-1
85,25,218.82,356.72,67.76,194.59,0.89,-1,-1,-1
85,26,617.38,397.97,40.10,109.81,0.72,-1,-1,-1
85,27,715.90,368.51,54.64,192.84,0.81,-1,-1,-1
85,28,190.75,389.31,36.27,85.36,0.82,-1,-1,-1
86,1,1133.63,354.46,196.89,408.77,0.84,-1,-1,-1
86,7,815.90,375.18,98.15,306.34,0.93,-1,-1,-1
86,9,741.93,362.35,106.82,295.88,0.88,-1,-1,-1
86,13,-204.96,141.80,388.29,1120.23,0.29,-1,-1,-1
86,17,365.98,340.95,162.80,444.75,0.90,-1,-1,-1
86,18,469.57,332.67,175.09,463.16,0.90,-1,-1,-1
86,21,729.38,372.79,71.74,224.18,0.86,-1,-1,-1
86,22,623.42,378.88,91.32,243.66,0.93,-1,-1,-1
86,2,973.33,396.97,104.97,235.19,0.94,-1,-1,-1
86,23,677.91,390.41,63.56,199.56,0.83,-1,-1,-1
86,25,218.02,356.99,68.45,194.05,0.89,-1,-1,-1
86,26,617.41,398.20,39.56,108.32,0.75,-1,-1,-1
86,27,714.28,368.18,55.36,192.27,0.81,-1,-1,-1
86,28,193.40,389.11,34.69,85.29,0.82,-1,-1,-1
86,4,140.01,394.93,60.46,177.48,0.85,-1,-1,-1
87,1,1133.69,355.31,212.86,407.83,0.83,-1,-1,-1
87,7,817.82,375.45,97.78,302.56,0.93,-1,-1,-1
87,9,746.29,361.34,104.61,293.38,0.89,-1,-1,-1
87,13,-219.43,204.84,410.10,1036.85,0.10,-1,-1,-1
87,17,364.68,339.53,168.15,446.68,0.87,-1,-1,-1
87,18,464.37,330.26,179.52,466.15,0.88,-1,-1,-1
87,21,732.06,372.00,70.08,222.76,0.84,-1,-1,-1
87,22,624.24,377.86,92.67,244.91,0.93,-1,-1,-1
87,2,979.64,396.55,100.13,236.72,0.93,-1,-1,-1
87,23,680.14,389.97,65.12,201.27,0.84,-1,-1,-1
87,25,217.36,358.05,69.52,192.59,0.89,-1,-1,-1
87,26,616.79,398.60,39.42,106.56,0.67,-1,-1,-1
87,27,714.48,368.78,52.93,186.77,0.81,-1,-1,-1
87,28,194.33,388.16,35.23,86.15,0.68,-1,-1,-1
87,4,132.11,383.72,69.02,188.04,0.86,-1,-1,-1
88,1,1137.81,355.63,214.74,405.56,0.82,-1,-1,-1
88,7,819.59,374.92,96.47,293.99,0.95,-1,-1,-1
88,9,750.71,360.02,102.66,290.12,0.89,-1,-1,-1
88,13,-183.24,241.36,340.31,930.03,0.23,-1,-1,-1
88,17,363.49,337.99,166.18,455.32,0.86,-1,-1,-1
88,18,460.09,328.20,184.66,470.59,0.89,-1,-1,-1
88,21,734.71,371.84,68.86,220.23,0.84,-1,-1,-1
88,22,625.39,376.89,93.14,245.90,0.94,-1,-1,-1
88,2,986.61,396.68,95.84,236.63,0.92,-1,-1,-1
88,23,681.47,389.19,68.63,202.46,0.84,-1,-1,-1
88,25,217.50,358.14,69.36,192.33,0.89,-1,-1,-1
88,26,616.54,398.56,39.40,106.48,0.68,-1,-1,-1
88,27,713.19,368.63,53.48,187.72,0.80,-1,-1,-1
88,28,195.63,387.36,35.84,86.58,0.66,-1,-1,-1
88,4,130.29,374.50,71.93,197.65,0.87,-1,-1,-1
89,1,1139.70,359.22,216.37,402.13,0.80,-1,-1,-1
89,7,821.40,375.33,96.61,290.90,0.94,-1,-1,-1
89,9,754.63,359.83,100.79,288.44,0.89,-1,-1,-1
89,13,-146.25,272.79,274.66,815.55,0.21,-1,-1,-1
89,17,362.08,337.72,165.48,463.50,0.88,-1,-1,-1
89,18,452.74,326.43,192.36,477.60,0.89,-1,-1,-1
89,21,735.92,371.37,69.61,221.79,0.84,-1,-1,-1
89,22,627.60,376.70,92.68,244.63,0.94,-1,-1,-1
89,2,993.91,395.31,95.45,237.75,0.92,-1,-1,-1
89,23,684.56,388.77,66.47,203.33,0.86,-1,-1,-1
89,25,215.66,357.54,71.00,192.55,0.89,-1,-1,-1
89,26,615.84,398.24,41.30,109.02,0.77,-1,-1,-1
89,27,711.52,368.28,54.96,195.18,0.78,-1,-1,-1
89,28,196.71,386.78,38.71,88.01,0.22,-1,-1,-1
89,4,128.68,368.93,75.45,203.66,0.89,-1,-1,-1
90,1,1144.20,359.84,221.44,399.74,0.64,-1,-1,-1
90,7,824.09,375.01,94.90,286.12,0.94,-1,-1,-1
90,9,746.72,360.04,111.81,286.74,0.87,-1,-1,-1
90,13,-144.23,274.75,252.45,777.79,0.28,-1,-1,-1
90,17,357.73,337.94,171.13,466.82,0.86,-1,-1,-1
90,18,449.10,324.91,195.29,484.84,0.90,-1,-1,-1
90,21,737.78,371.20,69.31,220.00,0.82,-1,-1,-1
90,22,628.73,376.50,93.64,245.14,0.95,-1,-1,-1
90,2,1000.65,394.05,92.92,239.17,0.92,-1,-1,-1
90,23,685.09,388.01,67.34,204.51,0.86,-1,-1,-1
90,25,216.15,357.32,70.70,192.03,0.91,-1,-1,-1
90,26,614.99,398.11,42.59,112.41,0.76,-1,-1,-1
90,27,710.64,368.15,55.49,194.75,0.76,-1,-1,-1
90,28,197.56,384.87,39.78,89.59,0.25,-1,-1,-1
90,4,129.00,366.96,75.60,205.51,0.88,-1,-1,-1
91,1,1150.26,366.46,222.12,398.93,0.49,-1,-1,-1
91,7,826.16,374.41,94.91,285.81,0.94,-1,-1,-1
91,9,753.76,358.90,106.39,287.39,0.87,-1,-1,-1
91,13,-153.23,286.32,237.91,750.53,0.10,-1,-1,-1
91,17,348.19,338.35,176.15,465.26,0.86,-1,-1,-1
91,18,442.09,324.67,207.80,488.03,0.88,-1,-1,-1
91,21,739.23,370.99,69.81,220.32,0.84,-1,-1,-1
91,22,629.97,376.29,94.56,247.51,0.94,-1,-1,-1
91,2,1005.32,392.68,93.20,239.95,0.92,-1,-1,-1
91,23,684.90,387.28,70.00,204.77,0.86,-1,-1,-1
91,25,215.42,349.83,71.45,199.54,0.88,-1,-1,-1
91,26,612.22,397.91,43.67,113.81,0.78,-1,-1,-1
91,27,709.07,368.09,56.92,192.11,0.75,-1,-1,-1
91,4,128.83,366.44,76.50,205.98,0.88,-1,-1,-1
92,7,828.56,373.73,94.90,284.07,0.95,-1,-1,-1
92,9,759.12,358.62,103.53,286.89,0.86,-1,-1,-1
92,17,341.87,338.83,178.68,472.31,0.87,-1,-1,-1
92,18,438.07,324.19,209.58,499.63,0.89,-1,-1,-1
92,21,739.92,371.06,70.56,219.33,0.84,-1,-1,-1
92,22,631.28,376.06,94.82,251.98,0.94,-1,-1,-1
92,2,1009.72,391.45,94.48,242.34,0.92,-1,-1,-1
92,23,682.40,386.55,73.28,205.21,0.86,-1,-1,-1
92,25,212.73,348.84,73.46,200.16,0.87,-1,-1,-1
92,26,610.87,398.11,45.84,116.08,0.80,-1,-1,-1
92,27,707.56,368.69,56.21,183.10,0.77,-1,-1,-1
92,4,127.88,365.69,78.10,206.61,0.89,-1,-1,-1
93,7,830.07,372.41,95.58,283.47,0.95,-1,-1,-1
93,9,759.83,359.55,103.19,285.23,0.83,-1,-1,-1
93,17,337.85,339.49,178.10,479.84,0.84,-1,-1,-1
93,18,435.01,324.78,209.80,507.41,0.89,-1,-1,-1
93,21,739.29,370.81,72.08,221.39,0.85,-1,-1,-1
93,22,631.20,376.15,96.12,254.75,0.94,-1,-1,-1
93,2,1013.74,390.98,96.21,246.23,0.93,-1,-1,-1
93,23,682.90,386.15,76.30,205.55,0.85,-1,-1,-1
93,25,209.77,350.18,76.38,198.48,0.91,-1,-1,-1
93,26,611.87,398.06,44.91,110.56,0.81,-1,-1,-1
93,27,705.28,369.69,57.18,180.33,0.79,-1,-1,-1
93,4,129.31,365.97,76.81,205.81,0.89,-1,-1,-1
94,7,831.98,372.06,95.55,282.57,0.95,-1,-1,-1
94,9,762.33,361.25,101.88,283.31,0.88,-1,-1,-1
94,17,333.89,339.47,176.76,484.31,0.84,-1,-1,-1
94,18,428.53,325.06,212.80,511.36,0.89,-1,-1,-1
94,21,742.17,372.49,69.70,220.36,0.86,-1,-1,-1
94,22,629.93,376.34,98.34,257.07,0.94,-1,-1,-1
94,2,1017.98,390.82,94.49,250.59,0.91,-1,-1,-1
94,23,685.30,385.71,74.00,206.23,0.88,-1,-1,-1
94,25,207.54,353.43,78.56,194.50,0.92,-1,-1,-1
94,26,613.16,398.65,43.32,103.19,0.86,-1,-1,-1
94,27,704.72,370.19,56.33,177.71,0.82,-1,-1,-1
94,4,129.57,365.84,75.66,205.73,0.91,-1,-1,-1
95,7,833.53,370.87,95.27,283.66,0.95,-1,-1,-1
95,9,756.83,361.11,109.28,283.41,0.85,-1,-1,-1
95,17,328.40,339.49,173.53,492.87,0.87,-1,-1,-1
95,18,423.42,327.84,216.04,517.90,0.90,-1,-1,-1
95,21,742.91,371.35,68.78,226.49,0.86,-1,-1,-1
95,22,628.56,376.42,100.33,259.64,0.95,-1,-1,-1
95,2,1022.98,392.23,92.64,251.01,0.89,-1,-1,-1
95,23,687.71,385.25,70.05,208.80,0.88,-1,-1,-1
95,25,206.67,354.39,79.15,192.66,0.93,-1,-1,-1
95,26,612.79,397.61,42.69,101.10,0.87,-1,-1,-1
95,27,705.79,370.05,54.19,175.90,0.82,-1,-1,-1
95,4,131.08,367.48,73.70,203.99,0.89,-1,-1,-1
96,7,835.23,371.03,95.19,283.56,0.96,-1,-1,-1
96,9,760.06,361.49,107.29,282.48,0.84,-1,-1,-1
96,17,318.84,339.94,174.50,493.54,0.87,-1,-1,-1
96,18,429.87,328.21,205.68,523.03,0.87,-1,-1,-1
96,21,743.73,370.92,68.44,228.78,0.87,-1,-1,-1
96,22,628.02,376.76,101.64,262.34,0.96,-1,-1,-1
96,2,1025.87,393.09,97.97,252.87,0.93,-1,-1,-1
96,23,690.38,385.38,67.90,210.35,0.89,-1,-1,-1
96,25,206.06,353.85,79.78,192.59,0.92,-1,-1,-1
96,26,612.67,397.25,42.46,103.76,0.88,-1,-1,-1
96,27,705.94,369.99,52.78,178.98,0.79,-1,-1,-1
96,4,130.43,368.15,74.15,203.30,0.91,-1,-1,-1
97,7,837.59,372.76,94.57,281.06,0.95,-1,-1,-1
97,9,764.52,362.69,104.71,281.45,0.87,-1,-1,-1
97,17,303.82,337.92,181.63,497.87,0.86,-1,-1,-1
97,18,419.07,328.96,213.79,533.60,0.88,-1,-1,-1
97,21,745.46,370.19,66.53,230.21,0.89,-1,-1,-1
97,22,628.68,377.20,101.52,263.90,0.95,-1,-1,-1
97,2,1028.61,394.92,103.42,253.53,0.92,-1,-1,-1
97,23,691.91,385.45,67.69,212.08,0.88,-1,-1,-1
97,25,204.98,351.27,80.71,195.26,0.92,-1,-1,-1
97,26,612.63,396.68,41.77,105.19,0.89,-1,-1,-1
97,27,705.72,370.13,52.88,182.12,0.76,-1,-1,-1
97,4,130.63,367.54,74.00,203.61,0.92,-1,-1,-1
97,24,642.15,389.67,42.29,111.22,0.70,-1,-1,-1
98,7,839.54,374.15,94.36,279.12,0.95,-1,-1,-1
98,9,769.97,361.92,101.34,281.11,0.89,-1,-1,-1
98,17,299.28,335.25,180.06,514.47,0.87,-1,-1,-1
98,18,412.21,326.91,218.47,545.62,0.87,-1,-1,-1
98,21,744.79,369.90,67.03,231.30,0.90,-1,-1,-1
98,22,630.36,376.78,100.24,266.77,0.96,-1,-1,-1
98,2,1034.69,395.02,104.35,256.64,0.93,-1,-1,-1
98,23,692.98,386.81,67.60,212.55,0.86,-1,-1,-1
98,25,204.28,351.64,81.47,194.91,0.92,-1,-1,-1
98,26,612.59,396.61,40.91,104.40,0.90,-1,-1,-1
98,27,705.92,369.71,50.52,175.71,0.71,-1,-1,-1
98,4,130.84,367.63,74.23,203.09,0.90,-1,-1,-1
98,24,642.60,389.84,40.48,108.42,0.75,-1,-1,-1
98,29,583.20,402.75,36.00,95.40,0.72,-1,-1,-1
99,7,841.73,375.75,93.99,277.71,0.95,-1,-1,-1
99,9,772.55,363.59,100.10,278.79,0.90,-1,-1,-1
99,17,294.28,332.67,179.06,524.29,0.88,-1,-1,-1
99,18,418.94,322.96,209.53,556.74,0.87,-1,-1,-1
99,21,743.94,369.24,69.01,233.45,0.90,-1,-1,-1
99,22,631.63,375.62,99.11,269.12,0.96,-1,-1,-1
99,2,1038.69,394.51,104.67,262.48,0.93,-1,-1,-1
99,23,693.38,386.62,67.56,210.46,0.87,-1,-1,-1
99,25,203.23,351.38,82.45,194.92,0.92,-1,-1,-1
99,26,613.24,396.46,39.98,104.27,0.89,-1,-1,-1
99,27,706.08,369.58,48.42,166.32,0.67,-1,-1,-1
99,4,130.54,367.57,74.75,202.43,0.91,-1,-1,-1
99,24,642.21,389.59,41.07,109.81,0.80,-1,-1,-1
99,29,583.22,401.67,35.28,94.68,0.65,-1,-1,-1
100,7,843.64,376.64,94.47,276.96,0.95,-1,-1,-1
100,9,775.78,364.66,98.47,278.44,0.89,-1,-1,-1
100,17,284.09,329.07,182.05,530.82,0.88,-1,-1,-1
100,18,417.92,320.57,209.43,561.11,0.88,-1,-1,-1
100,21,743.55,368.71,69.76,233.64,0.91,-1,-1,-1
100,22,632.37,374.74,98.65,270.39,0.96,-1,-1,-1
100,2,1041.81,394.47,105.94,263.91,0.94,-1,-1,-1
100,23,694.64,387.01,66.35,209.77,0.87,-1,-1,-1
100,25,202.59,351.89,82.72,194.33,0.93,-1,-1,-1
100,26,613.46,396.27,39.04,104.69,0.90,-1,-1,-1
100,27,706.14,369.37,47.68,164.94,0.68,-1,-1,-1
100,4,130.75,368.17,74.35,201.56,0.90,-1,-1,-1
100,24,642.06,389.20,40.68,110.04,0.80,-1,-1,-1
100,29,582.85,400.94,35.14,94.72,0.64,-1,-1,-1
100,28,203.00,345.96,60.79,191.08,0.77,-1,-1,-1
101,7,846.07,377.99,94.07,274.79,0.94,-1,-1,-1
101,9,787.14,365.32,88.24,276.56,0.88,-1,-1,-1
101,17,270.43,327.11,191.09,541.29,0.88,-1,-1,-1
101,18,415.13,319.08,211.86,571.30,0.88,-1,-1,-1
101,21,743.07,368.50,70.64,233.66,0.90,-1,-1,-1
101,22,632.64,373.52,99.04,271.98,0.95,-1,-1,-1
101,2,1044.60,393.99,106.39,265.69,0.93,-1,-1,-1
101,23,695.37,387.88,65.29,209.92,0.87,-1,-1,-1
101,25,202.26,352.08,82.79,194.09,0.93,-1,-1,-1
101,26,613.26,396.04,38.70,104.40,0.89,-1,-1,-1
101,27,705.26,369.43,48.06,165.27,0.68,-1,-1,-1
101,4,130.49,369.14,74.63,200.47,0.89,-1,-1,-1
101,24,641.76,388.89,41.14,111.23,0.78,-1,-1,-1
101,29,582.38,399.99,35.09,95.08,0.50,-1,-1,-1
101,28,202.19,343.61,62.12,196.69,0.79,-1,-1,-1
102,7,848.13,379.69,93.93,272.85,0.95,-1,-1,-1
102,9,792.53,365.41,83.18,274.86,0.89,-1,-1,-1
102,17,254.67,324.22,203.48,554.90,0.90,-1,-1,-1
102,18,399.14,314.47,227.49,583.75,0.87,-1,-1,-1
102,21,742.29,368.15,73.34,234.81,0.91,-1,-1,-1
102,22,632.45,372.19,99.77,273.11,0.96,-1,-1,-1
102,2,1048.49,393.53,105.36,266.30,0.92,-1,-1,-1
102,23,694.11,387.78,66.70,211.89,0.87,-1,-1,-1
102,25,201.81,351.88,82.85,194.30,0.92,-1,-1,-1
102,26,612.91,396.27,38.59,104.01,0.90,-1,-1,-1
102,27,704.07,369.32,49.42,168.64,0.69,-1,-1,-1
102,4,130.47,368.20,75.48,201.40,0.91,-1,-1,-1
102,24,641.40,388.79,40.71,112.30,0.83,-1,-1,-1
102,29,583.61,401.92,33.73,93.00,0.57,-1,-1,-1
102,28,198.41,341.97,66.27,198.36,0.83,-1,-1,-1
103,7,850.01,380.14,94.49,272.03,0.95,-1,-1,-1
103,9,794.23,365.57,82.16,273.53,0.89,-1,-1,-1
103,17,237.83,322.12,215.40,568.21,0.90,-1,-1,-1
103,18,391.46,309.94,234.47,594.86,0.88,-1,-1,-1
103,21,741.97,367.13,74.93,235.80,0.91,-1,-1,-1
103,22,632.66,371.40,100.62,273.46,0.95,-1,-1,-1
103,2,1052.76,393.05,107.30,266.45,0.92,-1,-1,-1
103,23,695.09,387.87,65.44,214.24,0.86,-1,-1,-1
103,25,201.09,351.81,83.58,194.08,0.89,-1,-1,-1
103,26,612.48,396.20,38.56,104.32,0.90,-1,-1,-1
103,27,702.75,369.11,50.54,170.38,0.69,-1,-1,-1
103,4,130.33,367.55,75.64,202.63,0.91,-1,-1,-1
103,24,640.40,388.90,40.55,111.65,0.85,-1,-1,-1
103,29,583.68,402.08,33.29,91.81,0.57,-1,-1,-1
103,28,192.78,342.10,74.80,197.77,0.82,-1,-1,-1
104,7,850.66,379.98,94.71,271.49,0.95,-1,-1,-1
104,9,795.02,365.60,81.89,273.09,0.89,-1,-1,-1
104,17,231.40,321.07,220.04,572.54,0.90,-1,-1,-1
104,18,388.88,308.25,236.56,598.88,0.88,-1,-1,-1
104,21,741.84,367.05,75.55,235.55,0.91,-1,-1,-1
104,22,632.74,370.82,100.93,274.12,0.95,-1,-1,-1
104,2,1054.27,392.72,108.02,266.88,0.92,-1,-1,-1
104,23,695.44,387.91,64.97,215.10,0.86,-1,-1,-1
104,25,200.93,351.80,83.62,193.99,0.90,-1,-1,-1
104,26,612.34,396.18,38.56,104.15,0.90,-1,-1,-1
104,27,702.87,368.74,50.39,171.68,0.70,-1,-1,-1
104,4,130.29,367.48,75.55,202.64,0.91,-1,-1,-1
104,24,640.06,388.95,40.50,111.41,0.85,-1,-1,-1
104,29,583.38,402.13,33.17,91.44,0.60,-1,-1,-1
104,28,190.68,343.24,77.91,196.02,0.81,-1,-1,-1
105,7,851.70,380.65,95.69,270.59,0.95,-1,-1,-1
105,9,796.38,365.90,81.26,272.37,0.90,-1,-1,-1
105,17,220.69,321.01,226.33,574.48,0.90,-1,-1,-1
105,18,385.45,303.41,238.96,605.82,0.87,-1,-1,-1
105,21,741.17,367.03,79.28,236.00,0.91,-1,-1,-1
105,22,632.75,370.33,101.61,274.30,0.95,-1,-1,-1
105,2,1057.02,391.57,110.61,267.70,0.91,-1,-1,-1
105,23,695.53,387.63,64.79,215.98,0.86,-1,-1,-1
105,25,202.39,351.20,81.83,194.55,0.87,-1,-1,-1
105,26,611.99,395.88,37.97,104.98,0.90,-1,-1,-1
105,27,702.34,368.90,50.93,173.99,0.65,-1,-1,-1
105,4,130.22,367.76,75.79,202.63,0.90,-1,-1,-1
105,24,639.66,388.67,40.47,112.82,0.87,-1,-1,-1
105,29,582.95,402.29,33.14,91.19,0.50,-1,-1,-1
105,28,185.61,340.21,82.34,199.24,0.86,-1,-1,-1
106,7,852.93,380.87,96.37,269.13,0.95,-1,-1,-1
106,9,797.35,366.30,81.73,268.59,0.90,-1,-1,-1
106,17,206.63,319.86,237.04,574.41,0.90,-1,-1,-1
106,18,386.59,298.40,235.71,615.58,0.87,-1,-1,-1
106,21,739.46,366.74,82.42,234.97,0.90,-1,-1,-1
106,22,633.03,368.97,101.85,274.32,0.95,-1,-1,-1
106,2,1060.90,390.55,105.73,268.56,0.88,-1,-1,-1
106,23,696.12,387.81,62.94,216.89,0.84,-1,-1,-1
106,25,202.95,352.62,80.82,187.79,0.87,-1,-1,-1
106,26,612.47,396.51,37.16,105.16,0.89,-1,-1,-1
106,27,700.97,368.51,51.14,177.40,0.70,-1,-1,-1
106,4,130.08,369.22,75.29,201.29,0.89,-1,-1,-1
106,24,638.04,388.42,41.07,120.67,0.87,-1,-1,-1
106,29,583.09,403.59,32.53,89.27,0.68,-1,-1,-1
106,28,180.74,338.66,84.63,199.35,0.86,-1,-1,-1
107,7,854.82,381.24,96.92,267.44,0.95,-1,-1,-1
107,9,798.22,366.43,81.95,264.81,0.90,-1,-1,-1
107,17,194.75,316.97,245.03,578.66,0.89,-1,-1,-1
107,18,380.31,295.51,240.04,620.67,0.85,-1,-1,-1
107,21,738.79,366.35,83.62,234.54,0.90,-1,-1,-1
107,22,633.44,368.48,102.51,274.87,0.94,-1,-1,-1
107,2,1067.01,388.10,102.55,271.19,0.91,-1,-1,-1
107,23,694.82,386.55,65.27,219.12,0.85,-1,-1,-1
107,25,200.30,352.72,84.38,190.18,0.83,-1,-1,-1
107,26,612.36,397.05,36.27,103.74,0.89,-1,-1,-1
107,27,698.71,368.66,53.00,182.24,0.63,-1,-1,-1
107,4,129.91,368.73,74.94,201.51,0.90,-1,-1,-1
107,24,635.39,388.62,42.48,122.13,0.88,-1,-1,-1
107,29,582.53,403.73,32.33,88.29,0.73,-1,-1,-1
107,28,177.96,339.58,92.69,197.73,0.84,-1,-1,-1
108,7,856.35,380.91,98.01,265.82,0.95,-1,-1,-1
108,9,798.12,366.31,83.30,262.42,0.90,-1,-1,-1
108,17,184.58,314.58,251.48,592.57,0.90,-1,-1,-1
108,18,379.65,293.15,238.24,633.64,0.86,-1,-1,-1
108,21,738.22,365.91,87.53,234.95,0.90,-1,-1,-1
108,22,633.57,366.83,105.11,279.77,0.94,-1,-1,-1
108,2,1073.34,387.19,100.16,272.74,0.92,-1,-1,-1
108,23,694.61,385.63,66.12,220.38,0.85,-1,-1,-1
108,25,199.67,352.45,83.56,194.05,0.84,-1,-1,-1
108,26,612.02,397.41,35.95,103.66,0.89,-1,-1,-1
108,27,696.40,368.72,54.28,186.42,0.62,-1,-1,-1
108,4,129.46,367.95,75.25,202.20,0.91,-1,-1,-1
108,24,631.76,389.00,45.94,121.78,0.89,-1,-1,-1
108,29,582.01,404.08,31.65,87.66,0.73,-1,-1,-1
108,28,176.85,340.31,94.71,196.59,0.85,-1,-1,-1
108,30,77.51,392.40,29.92,73.80,0.73,-1,-1,-1
109,7,858.37,379.56,99.32,263.46,0.95,-1,-1,-1
109,9,797.73,366.41,85.64,260.24,0.90,-1,-1,-1
109,17,172.94,316.65,257.97,594.74,0.89,-1,-1,-1
109,18,376.35,292.93,238.62,644.75,0.85,-1,-1,-1
109,21,737.74,365.76,86.72,235.08,0.89,-1,-1,-1
109,22,633.06,368.01,107.84,283.93,0.95,-1,-1,-1
109,2,1079.15,385.53,100.49,274.58,0.91,-1,-1,-1
109,23,694.25,384.40,69.41,222.00,0.84,-1,-1,-1
109,25,198.46,350.60,82.92,206.14,0.86,-1,-1,-1
109,26,611.62,397.54,35.85,103.04,0.88,-1,-1,-1
109,27,694.10,369.48,55.36,186.10,0.48,-1,-1,-1
109,4,129.41,367.24,75.37,202.89,0.92,-1,-1,-1
109,24,628.42,389.75,48.40,121.30,0.90,-1,-1,-1
109,29,580.01,404.05,33.27,93.11,0.81,-1,-1,-1
109,28,177.61,341.58,86.09,195.07,0.82,-1,-1,-1
109,30,77.28,392.40,30.29,73.80,0.71,-1,-1,-1
110,7,859.95,378.89,100.68,260.70,0.95,-1,-1,-1
110,9,796.03,366.28,88.90,258.46,0.90,-1,-1,-1
110,17,161.54,317.80,269.90,605.58,0.90,-1,-1,-1
110,18,374.34,294.22,238.07,648.05,0.86,-1,-1,-1
110,21,736.96,365.12,85.15,235.71,0.89,-1,-1,-1
110,22,633.72,368.03,110.02,290.02,0.93,-1,-1,-1
110,2,1085.33,386.10,104.20,275.82,0.91,-1,-1,-1
110,23,694.96,382.75,71.81,217.26,0.85,-1,-1,-1
110,25,199.44,349.74,79.91,200.98,0.85,-1,-1,-1
110,26,611.17,397.44,35.23,103.26,0.86,-1,-1,-1
110,4,129.01,367.11,75.26,202.70,0.91,-1,-1,-1
110,24,626.83,390.47,48.79,120.35,0.90,-1,-1,-1
110,29,578.99,404.02,33.85,94.79,0.81,-1,-1,-1
110,28,177.39,341.98,83.66,195.05,0.83,-1,-1,-1
110,30,77.61,392.56,30.09,73.97,0.69,-1,-1,-1
111,7,861.72,377.13,102.38,260.33,0.95,-1,-1,-1
111,9,800.37,366.37,85.46,257.12,0.91,-1,-1,-1
111,17,152.80,318.58,274.73,616.25,0.89,-1,-1,-1
111,18,368.14,297.89,241.35,654.13,0.87,-1,-1,-1
111,21,737.59,364.89,80.37,235.93,0.91,-1,-1,-1
111,22,632.85,368.21,114.35,291.85,0.93,-1,-1,-1
111,2,1091.68,387.08,113.83,277.86,0.92,-1,-1,-1
111,23,695.28,381.54,73.89,213.60,0.85,-1,-1,-1
111,25,199.36,349.57,79.73,197.79,0.84,-1,-1,-1
111,26,611.06,397.99,34.41,103.05,0.85,-1,-1,-1
111,4,128.83,367.38,75.66,202.03,0.90,-1,-1,-1
111,24,627.19,391.04,47.17,119.07,0.88,-1,-1,-1
111,29,577.17,403.71,34.67,95.44,0.85,-1,-1,-1
111,28,179.06,343.23,78.67,192.99,0.63,-1,-1,-1
111,30,77.89,392.46,30.12,73.86,0.62,-1,-1,-1
112,7,863.83,377.07,102.72,259.05,0.95,-1,-1,-1
112,9,799.89,367.29,88.35,256.09,0.90,-1,-1,-1
112,17,136.05,312.50,288.69,637.62,0.88,-1,-1,-1
112,18,365.06,299.09,242.56,659.97,0.87,-1,-1,-1
112,21,738.47,364.81,78.50,237.17,0.90,-1,-1,-1
112,22,633.11,368.88,119.46,293.63,0.94,-1,-1,-1
112,2,1095.75,386.86,132.36,282.70,0.91,-1,-1,-1
112,23,696.29,381.10,74.11,211.61,0.84,-1,-1,-1
112,25,198.78,349.99,81.46,198.49,0.83,-1,-1,-1
112,26,611.05,398.65,32.91,100.74,0.83,-1,-1,-1
112,4,128.66,367.07,76.26,201.91,0.91,-1,-1,-1
112,24,626.55,391.55,47.09,118.26,0.89,-1,-1,-1
112,29,576.82,403.43,34.39,95.52,0.86,-1,-1,-1
112,28,179.48,342.32,77.15,192.92,0.76,-1,-1,-1
112,30,77.66,392.27,30.72,74.32,0.69,-1,-1,-1
112,31,555.75,393.97,33.30,100.58,0.73,-1,-1,-1
113,7,865.75,377.35,103.42,258.03,0.95,-1,-1,-1
113,9,803.52,367.18,87.63,254.73,0.92,-1,-1,-1
113,17,131.46,311.06,288.55,647.66,0.89,-1,-1,-1
113,18,354.29,298.11,252.36,682.19,0.87,-1,-1,-1
113,21,739.09,364.65,76.60,239.85,0.92,-1,-1,-1
113,22,633.78,369.74,126.59,295.41,0.93,-1,-1,-1
113,2,1099.53,387.98,146.21,284.48,0.91,-1,-1,-1
113,23,693.73,379.76,76.50,227.62,0.83,-1,-1,-1
113,25,197.09,350.29,84.47,204.23,0.85,-1,-1,-1
113,26,610.75,398.14,32.38,101.24,0.84,-1,-1,-1
113,4,128.52,367.55,76.18,201.27,0.89,-1,-1,-1
113,24,626.04,391.88,47.05,118.09,0.90,-1,-1,-1
113,29,576.71,403.32,34.28,95.54,0.87,-1,-1,-1
113,28,181.95,342.30,71.55,193.37,0.75,-1,-1,-1
113,30,77.76,392.52,30.44,73.50,0.68,-1,-1,-1
113,31,556.13,394.51,31.86,97.87,0.77,-1,-1,-1
113,32,594.90,395.55,26.10,96.75,0.73,-1,-1,-1
114,7,868.18,377.45,102.49,257.11,0.95,-1,-1,-1
114,9,806.33,367.42,88.55,253.99,0.92,-1,-1,-1
114,17,126.25,308.80,290.03,661.15,0.89,-1,-1,-1
114,18,348.13,297.05,257.93,696.40,0.86,-1,-1,-1
114,21,740.22,364.74,74.69,241.58,0.92,-1,-1,-1
114,22,635.76,370.67,128.20,296.01,0.92,-1,-1,-1
114,2,1102.06,388.41,160.79,288.04,0.91,-1,-1,-1
114,23,692.75,379.28,76.82,231.15,0.81,-1,-1,-1
114,25,196.03,351.74,81.22,207.10,0.83,-1,-1,-1
114,26,610.95,398.10,31.61,100.09,0.85,-1,-1,-1
114,4,128.91,367.00,75.86,202.07,0.90,-1,-1,-1
114,24,625.60,392.00,47.02,117.43,0.90,-1,-1,-1
114,29,576.09,403.42,34.24,95.09,0.85,-1,-1,-1
114,28,182.30,341.76,64.02,193.44,0.76,-1,-1,-1
114,30,78.58,392.78,29.46,73.04,0.71,-1,-1,-1
114,31,556.21,394.27,31.58,99.45,0.75,-1,-1,-1
114,32,594.56,394.47,26.10,96.03,0.73,-1,-1,-1
115,7,869.94,377.51,101.22,256.24,0.95,-1,-1,-1
115,9,808.52,367.66,91.26,252.74,0.93,-1,-1,-1
115,17,123.82,302.58,290.38,684.87,0.88,-1,-1,-1
115,18,344.00,293.03,262.17,715.76,0.85,-1,-1,-1
115,21,740.64,364.50,75.19,243.41,0.92,-1,-1,-1
115,22,637.41,370.89,130.47,299.56,0.92,-1,-1,-1
115,2,1103.55,387.43,169.99,292.28,0.91,-1,-1,-1
115,23,694.12,379.71,74.56,230.14,0.77,-1,-1,-1
115,25,195.18,349.95,77.80,212.00,0.83,-1,-1,-1
115,26,611.03,398.08,32.57,97.58,0.84,-1,-1,-1
115,4,129.05,366.19,75.42,202.97,0.92,-1,-1,-1
115,24,624.89,391.90,47.58,116.73,0.91,-1,-1,-1
115,29,575.58,402.87,34.82,95.81,0.84,-1,-1,-1
115,28,179.82,343.35,61.35,192.79,0.78,-1,-1,-1
115,30,79.05,392.54,29.34,72.89,0.62,-1,-1,-1
115,31,556.22,394.37,32.20,100.84,0.74,-1,-1,-1
115,32,594.85,394.26,26.80,95.89,0.78,-1,-1,-1
116,7,871.71,377.53,99.52,257.17,0.95,-1,-1,-1
116,9,810.16,367.89,91.10,252.49,0.93,-1,-1,-1
116,17,123.93,302.49,288.83,688.58,0.88,-1,-1,-1
116,18,330.58,289.74,275.93,731.09,0.86,-1,-1,-1
116,21,741.37,364.27,75.97,243.63,0.92,-1,-1,-1
116,22,638.90,370.23,132.43,303.94,0.93,-1,-1,-1
116,2,1105.67,389.13,172.50,292.66,0.91,-1,-1,-1
116,23,693.44,380.48,74.23,230.26,0.77,-1,-1,-1
116,25,193.90,348.20,76.75,217.50,0.85,-1,-1,-1
116,26,610.75,398.21,33.52,96.21,0.82,-1,-1,-1
116,4,128.79,366.15,75.40,203.32,0.91,-1,-1,-1
116,24,624.05,391.69,47.19,119.30,0.92,-1,-1,-1
116,29,572.14,403.09,37.98,94.44,0.87,-1,-1,-1
116,28,179.36,343.52,60.39,193.79,0.78,-1,-1,-1
116,30,79.38,392.26,29.46,73.31,0.65,-1,-1,-1
116,31,556.88,395.06,31.04,96.21,0.74,-1,-1,-1
116,32,595.27,394.19,27.72,95.50,0.79,-1,-1,-1
117,7,873.52,378.85,97.69,255.32,0.95,-1,-1,-1
117,9,811.62,368.68,91.04,251.70,0.92,-1,-1,-1
117,17,125.52,298.90,285.13,700.79,0.87,-1,-1,-1
117,18,321.56,288.21,285.75,752.06,0.86,-1,-1,-1
117,21,740.77,364.31,78.07,245.30,0.92,-1,-1,-1
117,22,644.72,370.25,127.90,306.11,0.90,-1,-1,-1
117,2,1107.52,388.57,172.20,296.83,0.92,-1,-1,-1
117,23,690.85,379.59,76.47,230.25,0.68,-1,-1,-1
117,25,192.14,347.84,76.23,219.55,0.83,-1,-1,-1
117,26,609.79,397.94,32.70,96.02,0.85,-1,-1,-1
117,4,128.37,374.62,75.39,193.78,0.90,-1,-1,-1
117,24,622.32,391.29,48.81,120.55,0.92,-1,-1,-1
117,29,571.76,403.45,38.02,93.01,0.88,-1,-1,-1
117,28,180.09,344.36,55.56,193.65,0.68,-1,-1,-1
117,30,79.30,392.33,30.20,73.32,0.66,-1,-1,-1
117,31,556.80,395.12,31.32,94.76,0.78,-1,-1,-1
117,32,595.10,394.16,28.00,96.05,0.82,-1,-1,-1
117,33,50.62,384.97,32.51,73.35,0.72,-1,-1,-1
118,7,874.68,381.30,95.20,252.72,0.95,-1,-1,-1
118,9,811.47,370.17,90.41,249.66,0.93,-1,-1,-1
118,17,130.38,294.53,280.29,726.86,0.86,-1,-1,-1
118,18,312.96,287.09,293.23,775.49,0.87,-1,-1,-1
118,21,741.08,364.34,79.45,244.72,0.92,-1,-1,-1
118,22,647.52,369.68,126.60,307.45,0.91,-1,-1,-1
118,2,1109.21,388.95,174.21,298.34,0.91,-1,-1,-1
118,23,691.29,377.79,76.71,231.37,0.41,-1,-1,-1
118,25,191.54,349.62,73.43,215.73,0.83,-1,-1,-1
118,26,609.08,396.04,32.40,98.68,0.83,-1,-1,-1
118,4,127.72,367.73,76.14,200.57,0.93,-1,-1,-1
118,24,621.36,390.70,48.24,119.39,0.92,-1,-1,-1
118,29,571.89,403.44,37.43,92.62,0.86,-1,-1,-1
118,28,178.84,343.22,54.27,194.41,0.72,-1,-1,-1
118,30,79.30,392.51,30.55,72.87,0.74,-1,-1,-1
118,31,556.08,395.62,32.69,97.06,0.80,-1,-1,-1
118,32,595.30,393.83,28.71,95.92,0.83,-1,-1,-1
118,33,51.35,384.43,31.88,74.43,0.78,-1,-1,-1
118,27,686.23,371.33,46.30,153.04,0.67,-1,-1,-1
119,7,876.23,382.54,93.06,251.20,0.95,-1,-1,-1
119,9,811.63,371.04,90.16,248.95,0.93,-1,-1,-1
119,17,137.71,292.02,270.25,732.28,0.87,-1,-1,-1
119,18,304.43,281.22,299.86,796.66,0.88,-1,-1,-1
119,21,742.07,364.09,80.56,245.64,0.92,-1,-1,-1
119,22,649.42,367.13,124.86,310.23,0.93,-1,-1,-1
119,2,1112.61,388.55,172.54,300.60,0.92,-1,-1,-1
119,25,189.54,350.47,71.77,210.75,0.85,-1,-1,-1
119,26,608.52,396.84,31.70,96.43,0.81,-1,-1,-1
119,4,127.26,365.10,76.55,202.87,0.93,-1,-1,-1
119,24,619.25,390.19,47.99,118.93,0.93,-1,-1,-1
119,29,571.67,403.60,37.17,92.33,0.85,-1,-1,-1
119,28,177.80,344.88,52.63,190.20,0.60,-1,-1,-1
119,30,79.02,392.57,31.05,72.70,0.75,-1,-1,-1
119,31,555.82,395.96,33.17,96.78,0.82,-1,-1,-1
119,32,595.05,394.06,28.31,95.23,0.83,-1,-1,-1
119,33,52.39,383.63,31.48,75.67,0.77,-1,-1,-1
119,27,682.67,371.02,50.50,157.43,0.76,-1,-1,-1
120,7,877.35,383.89,91.09,249.50,0.95,-1,-1,-1
120,9,811.65,371.36,90.66,248.15,0.93,-1,-1,-1
120,17,146.38,286.90,255.58,741.11,0.86,-1,-1,-1
120,18,297.40,273.19,304.47,817.84,0.87,-1,-1,-1
120,21,742.75,364.00,81.56,246.57,0.92,-1,-1,-1
120,22,652.18,365.13,125.35,312.55,0.93,-1,-1,-1
120,2,1120.23,386.05,167.07,303.75,0.92,-1,-1,-1
120,25,186.86,350.80,70.90,201.36,0.79,-1,-1,-1
120,26,607.72,395.80,32.66,98.13,0.80,-1,-1,-1
120,4,126.41,364.25,77.60,203.32,0.92,-1,-1,-1
120,24,616.43,388.96,49.07,119.79,0.92,-1,-1,-1
120,29,574.29,401.87,34.11,93.73,0.83,-1,-1,-1
120,28,179.93,346.44,42.63,147.00,0.55,-1,-1,-1
120,30,79.19,393.05,30.20,72.20,0.79,-1,-1,-1
120,31,555.13,394.99,34.56,101.17,0.82,-1,-1,-1
120,32,595.58,394.15,27.52,94.68,0.84,-1,-1,-1
120,33,54.11,383.71,30.04,75.41,0.82,-1,-1,-1
120,27,681.37,370.66,51.57,157.84,0.84,-1,-1,-1
121,7,878.30,383.90,89.19,249.35,0.95,-1,-1,-1
121,9,812.20,371.14,91.45,248.50,0.93,-1,-1,-1
121,17,148.47,281.65,248.39,748.05,0.85,-1,-1,-1
121,18,287.91,266.22,309.61,838.21,0.88,-1,-1,-1
121,21,743.29,364.70,82.53,247.62,0.91,-1,-1,-1
121,22,655.84,363.93,125.51,313.78,0.92,-1,-1,-1
121,2,1130.69,385.95,157.70,304.28,0.92,-1,-1,-1
121,25,188.05,350.48,63.35,191.58,0.78,-1,-1,-1
121,26,607.45,394.97,34.20,99.21,0.77,-1,-1,-1
121,4,126.03,364.11,77.70,203.32,0.92,-1,-1,-1
121,24,615.12,388.79,48.89,119.52,0.91,-1,-1,-1
121,29,576.57,401.66,32.30,93.80,0.83,-1,-1,-1
121,28,181.29,346.62,37.96,132.01,0.45,-1,-1,-1
121,30,79.07,392.94,30.17,72.31,0.78,-1,-1,-1
121,31,554.58,394.03,36.26,107.55,0.85,-1,-1,-1
121,32,595.46,394.02,27.21,94.64,0.81,-1,-1,-1
121,33,54.94,383.77,29.71,74.94,0.84,-1,-1,-1
121,27,680.62,370.35,50.80,152.16,0.85,-1,-1,-1
122,7,878.87,384.05,88.21,248.30,0.95,-1,-1,-1
122,9,812.34,371.35,92.92,246.87,0.92,-1,-1,-1
122,17,141.97,278.25,249.20,760.56,0.80,-1,-1,-1
122,18,271.08,262.99,321.27,847.99,0.83,-1,-1,-1
122,21,744.36,364.84,83.46,249.61,0.92,-1,-1,-1
122,22,660.42,362.62,124.93,315.34,0.94,-1,-1,-1
122,2,1142.27,386.54,147.95,304.97,0.93,-1,-1,-1
122,25,189.15,351.28,57.32,177.01,0.75,-1,-1,-1
122,26,605.88,394.37,37.13,100.22,0.78,-1,-1,-1
122,4,125.45,364.06,79.21,203.31,0.91,-1,-1,-1
122,24,613.18,388.29,49.98,120.14,0.90,-1,-1,-1
122,29,577.39,400.85,31.04,94.27,0.83,-1,-1,-1
122,28,181.54,346.84,35.68,122.24,0.19,-1,-1,-1
122,30,79.11,392.59,29.78,72.36,0.77,-1,-1,-1
122,31,554.37,393.67,37.47,112.29,0.87,-1,-1,-1
122,32,594.79,393.98,28.32,95.25,0.81,-1,-1,-1
122,33,55.24,383.96,30.05,74.45,0.83,-1,-1,-1
122,27,679.78,370.08,51.70,149.95,0.86,-1,-1,-1
123,7,879.62,384.38,86.68,246.77,0.94,-1,-1,-1
123,9,813.24,372.00,93.47,245.12,0.92,-1,-1,-1
123,17,132.58,275.83,249.83,765.06,0.83,-1,-1,-1
123,18,258.11,259.78,329.08,856.25,0.84,-1,-1,-1
123,21,746.51,366.36,83.21,249.17,0.92,-1,-1,-1
123,22,663.57,361.10,126.46,316.61,0.94,-1,-1,-1
123,2,1157.31,386.48,134.50,305.77,0.92,-1,-1,-1
123,25,188.51,352.48,53.98,164.31,0.71,-1,-1,-1
123,26,604.41,394.15,38.82,100.02,0.77,-1,-1,-1
123,4,124.33,363.74,78.73,204.49,0.91,-1,-1,-1
123,24,610.72,388.24,52.14,120.23,0.90,-1,-1,-1
123,29,577.06,399.79,31.22,95.49,0.81,-1,-1,-1
123,28,180.26,348.19,31.64,108.95,0.26,-1,-1,-1
123,30,78.93,392.13,29.41,72.69,0.77,-1,-1,-1
123,31,554.87,393.08,37.33,114.52,0.88,-1,-1,-1
123,32,594.54,393.35,29.31,95.18,0.80,-1,-1,-1
123,33,55.17,383.69,30.84,74.60,0.83,-1,-1,-1
123,27,679.20,369.36,54.42,159.61,0.85,-1,-1,-1
124,7,880.40,384.46,84.94,245.06,0.94,-1,-1,-1
124,9,815.86,371.91,91.89,243.92,0.90,-1,-1,-1
124,17,120.60,264.13,268.37,822.92,0.74,-1,-1,-1
124,18,227.64,254.09,354.92,884.45,0.81,-1,-1,-1
124,21,747.57,365.14,84.27,251.33,0.91,-1,-1,-1
124,22,668.19,358.30,125.23,319.24,0.95,-1,-1,-1
124,2,1174.94,385.27,119.55,306.59,0.90,-1,-1,-1
124,25,186.52,350.83,52.80,161.09,0.76,-1,-1,-1
124,26,603.80,393.75,38.32,100.25,0.77,-1,-1,-1
124,4,123.71,363.15,77.35,204.49,0.89,-1,-1,-1
124,24,610.34,387.91,52.38,120.26,0.89,-1,-1,-1
124,29,576.89,395.97,31.29,98.17,0.78,-1,-1,-1
124,28,180.90,350.27,28.37,97.34,0.18,-1,-1,-1
124,30,77.90,392.22,30.02,72.22,0.76,-1,-1,-1
124,31,554.43,392.83,37.25,115.03,0.87,-1,-1,-1
124,32,594.09,393.39,29.09,94.56,0.76,-1,-1,-1
124,33,54.79,383.40,32.25,74.35,0.83,-1,-1,-1
124,27,678.96,369.07,53.09,161.33,0.85,-1,-1,-1
124,34,486.00,372.37,57.60,173.48,0.70,-1,-1,-1
125,7,881.24,384.02,83.12,243.12,0.94,-1,-1,-1
125,9,814.73,372.01,92.46,242.17,0.91,-1,-1,-1
125,17,105.85,257.31,304.48,846.46,0.75,-1,-1,-1
125,18,207.46,245.75,368.53,908.65,0.84,-1,-1,-1
125,21,747.66,363.64,86.42,253.75,0.90,-1,-1,-1
125,22,672.84,357.26,123.54,321.34,0.94,-1,-1,-1
125,2,1190.34,382.74,107.95,310.98,0.85,-1,-1,-1
125,25,184.08,351.80,53.04,155.17,0.54,-1,-1,-1
125,26,602.71,394.35,38.69,99.59,0.77,-1,-1,-1
125,4,122.83,362.79,79.50,204.92,0.86,-1,-1,-1
125,24,608.80,387.79,53.61,120.86,0.89,-1,-1,-1
125,29,575.93,394.24,32.54,99.76,0.79,-1,-1,-1
125,30,77.86,391.66,29.66,72.64,0.69,-1,-1,-1
125,31,554.87,392.14,36.60,116.04,0.88,-1,-1,-1
125,32,592.74,393.41,30.78,95.53,0.69,-1,-1,-1
125,33,54.28,383.30,33.01,74.26,0.81,-1,-1,-1
125,27,678.04,369.11,51.95,162.16,0.86,-1,-1,-1
125,34,483.08,371.62,79.92,190.76,0.79,-1,-1,-1
125,23,684.43,389.21,57.88,156.07,0.80,-1,-1,-1
126,7,882.10,383.55,81.28,239.76,0.94,-1,-1,-1
126,9,819.30,371.29,87.92,240.53,0.90,-1,-1,-1
126,17,92.18,257.73,320.39,859.82,0.77,-1,-1,-1
126,18,181.82,238.24,388.41,946.85,0.85,-1,-1,-1
126,21,747.95,362.04,87.80,255.97,0.88,-1,-1,-1
126,22,675.98,356.61,123.47,327.98,0.94,-1,-1,-1
126,2,1200.26,381.98,102.90,315.39,0.85,-1,-1,-1
126,26,602.00,395.04,37.06,98.30,0.76,-1,-1,-1
126,4,124.46,362.80,76.31,201.08,0.55,-1,-1,-1
126,24,608.24,387.75,53.48,121.08,0.88,-1,-1,-1
126,29,574.96,393.46,33.00,100.80,0.78,-1,-1,-1
126,30,77.48,391.13,29.22,72.51,0.60,-1,-1,-1
126,31,554.43,392.04,36.32,115.93,0.87,-1,-1,-1
126,32,592.51,392.97,32.56,97.25,0.69,-1,-1,-1
126,33,53.55,382.34,33.74,75.46,0.83,-1,-1,-1
126,27,675.02,368.99,52.71,158.78,0.84,-1,-1,-1
126,34,481.59,371.96,86.25,193.50,0.85,-1,-1,-1
126,23,681.86,389.06,55.92,150.96,0.73,-1,-1,-1
127,7,882.04,382.91,79.76,236.60,0.94,-1,-1,-1
127,9,822.50,370.11,84.96,238.77,0.91,-1,-1,-1
127,17,74.22,256.76,352.98,879.69,0.72,-1,-1,-1
127,18,159.87,236.01,401.04,968.74,0.86,-1,-1,-1
127,21,748.32,360.86,88.32,257.37,0.89,-1,-1,-1
127,22,678.53,357.14,123.44,334.10,0.94,-1,-1,-1
127,2,1204.45,380.22,102.69,320.81,0.83,-1,-1,-1
127,26,600.55,394.41,36.41,98.12,0.77,-1,-1,-1
127,4,132.04,363.29,61.22,168.05,0.27,-1,-1,-1
127,24,606.30,388.05,54.00,120.86,0.88,-1,-1,-1
127,29,573.99,393.49,33.18,100.30,0.74,-1,-1,-1
127,30,77.02,390.67,29.36,72.76,0.62,-1,-1,-1
127,31,553.95,392.02,36.21,115.23,0.87,-1,-1,-1
127,32,593.27,392.52,34.97,98.78,0.66,-1,-1,-1
127,33,52.42,381.71,35.20,75.29,0.83,-1,-1,-1
127,27,673.32,369.09,53.00,157.94,0.85,-1,-1,-1
127,34,484.16,371.94,87.03,195.00,0.89,-1,-1,-1
127,23,678.95,389.10,57.25,150.06,0.85,-1,-1,-1
128,7,882.25,382.66,78.97,233.73,0.95,-1,-1,-1
128,9,823.88,369.66,84.52,238.80,0.90,-1,-1,-1
128,17,53.55,256.61,346.25,900.87,0.68,-1,-1,-1
128,18,135.27,242.18,414.51,971.14,0.77,-1,-1,-1
128,21,747.21,359.52,91.44,258.49,0.88,-1,-1,-1
128,22,681.41,357.80,123.44,342.13,0.94,-1,-1,-1
128,2,1211.84,380.88,95.28,316.86,0.83,-1,-1,-1
128,26,597.27,393.44,38.56,99.41,0.82,-1,-1,-1
128,24,604.65,388.91,54.19,119.75,0.90,-1,-1,-1
128,29,572.65,393.67,33.85,98.77,0.76,-1,-1,-1
128,30,76.57,390.64,29.04,72.42,0.57,-1,-1,-1
128,31,553.40,391.71,36.16,115.52,0.87,-1,-1,-1
128,33,50.85,381.33,36.04,75.54,0.85,-1,-1,-1
128,27,671.18,368.98,53.71,155.43,0.87,-1,-1,-1
128,34,484.15,371.43,86.50,195.60,0.91,-1,-1,-1
128,23,676.39,389.55,56.52,140.38,0.84,-1,-1,-1
129,7,882.01,382.27,78.44,233.93,0.94,-1,-1,-1
129,9,825.26,367.86,83.79,240.20,0.90,-1,-1,-1
129,17,31.35,258.89,329.01,898.33,0.77,-1,-1,-1
129,18,113.31,232.87,424.25,1008.30,0.82,-1,-1,-1
129,21,748.83,357.72,92.05,261.37,0.90,-1,-1,-1
129,22,684.21,358.40,123.45,344.53,0.95,-1,-1,-1
129,2,1217.78,382.64,99.26,314.60,0.78,-1,-1,-1
129,26,594.64,392.66,38.19,100.35,0.85,-1,-1,-1
129,24,603.80,388.97,53.66,119.31,0.91,-1,-1,-1
129,29,572.19,392.76,34.11,98.90,0.78,-1,-1,-1
129,30,74.61,389.96,29.23,72.14,0.60,-1,-1,-1
129,31,552.63,391.79,36.74,115.73,0.88,-1,-1,-1
129,33,49.14,381.26,36.94,75.63,0.84,-1,-1,-1
129,27,670.43,369.11,53.98,156.76,0.88,-1,-1,-1
129,34,481.95,370.96,87.47,195.73,0.92,-1,-1,-1
129,23,674.92,391.13,56.93,143.21,0.59,-1,-1,-1
130,7,881.54,381.15,78.58,233.47,0.94,-1,-1,-1
130,9,826.57,366.66,81.73,240.61,0.90,-1,-1,-1
130,17,1.21,252.82,326.36,931.08,0.77,-1,-1,-1
130,18,87.39,212.85,441.95,1072.56,0.81,-1,-1,-1
130,21,750.58,356.67,91.64,262.71,0.89,-1,-1,-1
130,22,686.91,358.57,123.44,352.35,0.94,-1,-1,-1
130,2,1225.10,383.25,99.37,314.85,0.77,-1,-1,-1
130,26,592.74,391.70,38.02,101.29,0.85,-1,-1,-1
130,24,602.91,388.46,53.44,119.59,0.91,-1,-1,-1
130,29,572.28,391.47,33.02,100.42,0.75,-1,-1,-1
130,30,74.51,389.61,27.66,68.75,0.24,-1,-1,-1
130,31,551.43,390.85,37.53,116.35,0.88,-1,-1,-1
130,33,47.80,380.71,37.25,76.26,0.81,-1,-1,-1
130,27,668.68,368.63,54.07,157.42,0.88,-1,-1,-1
130,34,478.35,370.25,90.22,196.19,0.91,-1,-1,-1
130,23,672.57,389.86,57.73,141.94,0.87,-1,-1,-1
131,7,880.71,380.77,78.67,233.35,0.94,-1,-1,-1
131,9,826.06,365.51,80.98,240.34,0.90,-1,-1,-1
131,17,-13.93,254.34,314.24,925.58,0.76,-1,-1,-1
131,18,54.70,204.31,460.38,1097.42,0.79,-1,-1,-1
131,21,752.99,355.01,89.67,264.49,0.88,-1,-1,-1
131,22,688.70,359.57,124.01,354.64,0.94,-1,-1,-1
131,2,1230.46,385.02,102.00,313.69,0.66,-1,-1,-1
131,26,592.34,393.15,37.95,99.57,0.86,-1,-1,-1
131,24,602.01,388.75,52.74,118.65,0.92,-1,-1,-1
131,29,570.24,396.64,31.40,95.08,0.72,-1,-1,-1
131,31,550.38,390.68,37.82,116.40,0.89,-1,-1,-1
131,33,45.39,379.19,38.07,82.89,0.28,-1,-1,-1
131,27,667.16,368.19,54.09,157.68,0.87,-1,-1,-1
131,34,474.91,369.42,92.39,196.31,0.91,-1,-1,-1
131,23,670.23,389.08,59.25,142.32,0.87,-1,-1,-1
132,7,879.75,380.03,78.75,233.94,0.94,-1,-1,-1
132,9,826.39,364.95,78.33,240.70,0.91,-1,-1,-1
132,17,-43.21,243.40,319.98,942.47,0.72,-1,-1,-1
132,18,88.69,193.63,407.51,1083.35,0.76,-1,-1,-1
132,21,755.95,354.26,87.10,263.47,0.87,-1,-1,-1
132,22,691.04,359.98,123.63,357.70,0.93,-1,-1,-1
132,2,1232.70,388.22,104.23,312.43,0.38,-1,-1,-1
132,26,591.34,393.14,36.73,98.30,0.85,-1,-1,-1
132,24,601.42,388.13,51.87,118.73,0.92,-1,-1,-1
132,29,568.27,397.65,31.40,94.33,0.67,-1,-1,-1
132,31,549.39,389.90,37.93,117.41,0.89,-1,-1,-1
132,27,666.02,368.19,53.50,157.63,0.86,-1,-1,-1
132,34,470.05,368.84,95.53,195.99,0.91,-1,-1,-1
132,23,669.10,388.34,58.05,144.88,0.87,-1,-1,-1
133,7,879.04,379.45,78.52,233.63,0.94,-1,-1,-1
133,9,825.82,364.44,77.39,241.46,0.91,-1,-1,-1
133,17,-70.06,231.16,316.54,964.87,0.73,-1,-1,-1
133,18,37.97,164.82,440.91,1161.19,0.78,-1,-1,-1
133,21,756.09,353.56,86.73,264.66,0.86,-1,-1,-1
133,22,692.37,360.15,124.10,362.86,0.93,-1,-1,-1
133,2,1233.85,386.56,111.12,314.46,0.28,-1,-1,-1
133,26,590.07,392.85,35.66,98.13,0.85,-1,-1,-1
133,24,600.60,386.86,50.94,119.82,0.91,-1,-1,-1
133,29,566.02,398.47,31.42,92.72,0.75,-1,-1,-1
133,31,548.09,389.18,37.37,118.21,0.89,-1,-1,-1
133,27,664.71,368.04,52.69,157.78,0.86,-1,-1,-1
133,34,465.53,368.04,97.87,195.86,0.92,-1,-1,-1
133,23,667.50,387.75,57.61,147.14,0.86,-1,-1,-1
134,7,877.84,379.82,77.55,232.94,0.94,-1,-1,-1
134,9,823.73,364.40,78.29,241.60,0.90,-1,-1,-1
134,17,-91.64,227.07,314.51,964.26,0.67,-1,-1,-1
134,18,-2.25,152.88,463.35,1190.18,0.78,-1,-1,-1
134,21,758.48,352.41,85.37,264.46,0.82,-1,-1,-1
134,22,693.66,359.17,124.83,371.87,0.92,-1,-1,-1
134,2,1235.24,396.02,116.01,306.86,0.20,-1,-1,-1
134,26,587.84,391.37,35.86,99.40,0.86,-1,-1,-1
134,24,600.05,386.21,49.98,119.47,0.91,-1,-1,-1
134,29,564.02,396.04,30.82,95.74,0.63,-1,-1,-1
134,31,546.43,389.03,37.73,118.32,0.89,-1,-1,-1
134,27,663.67,367.97,52.36,155.74,0.86,-1,-1,-1
134,34,462.97,367.27,99.27,196.23,0.94,-1,-1,-1
135,7,876.17,379.96,77.82,232.74,0.94,-1,-1,-1
135,9,820.82,363.79,79.84,241.69,0.90,-1,-1,-1
135,17,-138.53,209.19,338.75,1020.91,0.67,-1,-1,-1
135,18,2.06,139.68,437.24,1203.80,0.81,-1,-1,-1
135,21,758.43,351.39,88.45,269.69,0.84,-1,-1,-1
135,22,694.04,357.46,125.69,378.01,0.92,-1,-1,-1
135,26,586.13,390.50,35.33,99.30,0.85,-1,-1,-1
135,24,599.27,386.09,49.02,118.01,0.91,-1,-1,-1
135,29,562.38,396.15,30.60,94.34,0.69,-1,-1,-1
135,31,544.91,388.66,38.45,118.34,0.88,-1,-1,-1
135,34,459.96,366.67,100.32,196.37,0.92,-1,-1,-1
135,23,664.22,385.11,53.27,147.15,0.88,-1,-1,-1
136,7,875.02,380.02,77.97,232.69,0.94,-1,-1,-1
136,9,817.10,363.89,82.27,241.43,0.90,-1,-1,-1
136,17,-153.31,184.80,334.29,1059.88,0.51,-1,-1,-1
136,18,-21.07,126.25,440.87,1220.28,0.81,-1,-1,-1
136,21,758.43,351.94,90.21,271.03,0.83,-1,-1,-1
136,22,694.75,355.68,126.65,380.21,0.93,-1,-1,-1
136,26,585.00,389.20,35.15,99.11,0.84,-1,-1,-1
136,24,598.48,385.51,49.29,117.15,0.91,-1,-1,-1
136,29,559.46,397.01,31.75,93.95,0.73,-1,-1,-1
136,31,542.94,388.30,38.73,118.61,0.88,-1,-1,-1
136,34,457.91,365.93,100.54,196.99,0.90,-1,-1,-1
136,23,662.24,384.46,51.15,146.34,0.87,-1,-1,-1
136,35,697.95,368.10,85.50,257.40,0.71,-1,-1,-1
137,7,873.71,380.38,77.74,232.11,0.94,-1,-1,-1
137,9,813.34,363.68,84.37,242.24,0.89,-1,-1,-1
137,18,-74.29,105.37,468.58,1259.81,0.81,-1,-1,-1
137,21,759.00,350.74,90.87,274.44,0.85,-1,-1,-1
137,22,695.26,353.71,129.36,384.26,0.92,-1,-1,-1
137,26,583.76,388.60,33.89,99.18,0.87,-1,-1,-1
137,24,597.35,384.28,48.79,117.28,0.91,-1,-1,-1
137,29,557.25,397.51,32.76,91.57,0.76,-1,-1,-1
137,31,541.06,388.05,38.82,118.83,0.88,-1,-1,-1
137,34,456.05,365.40,99.96,197.80,0.89,-1,-1,-1
137,23,659.76,384.43,49.84,145.90,0.88,-1,-1,-1
137,35,697.71,367.13,85.53,261.23,0.71,-1,-1,-1
138,7,872.24,380.57,77.91,231.32,0.94,-1,-1,-1
138,9,811.24,364.98,83.92,241.51,0.87,-1,-1,-1
138,18,-115.75,75.76,479.66,1326.64,0.78,-1,-1,-1
138,21,759.71,350.18,92.19,280.83,0.83,-1,-1,-1
138,22,695.31,351.08,135.56,386.97,0.91,-1,-1,-1
138,26,581.79,388.21,34.60,101.44,0.84,-1,-1,-1
138,24,595.71,383.66,47.97,117.19,0.91,-1,-1,-1
138,29,555.80,397.50,32.53,91.73,0.82,-1,-1,-1
138,31,538.84,388.36,38.81,118.74,0.88,-1,-1,-1
138,34,453.01,364.55,101.08,198.70,0.89,-1,-1,-1
138,23,657.66,384.29,49.96,145.57,0.88,-1,-1,-1
138,35,698.25,366.92,84.79,262.66,0.72,-1,-1,-1
139,7,870.98,380.36,78.33,231.07,0.93,-1,-1,-1
139,9,809.14,365.66,83.79,241.40,0.88,-1,-1,-1
139,18,-194.32,40.02,532.05,1419.03,0.72,-1,-1,-1
139,21,760.10,350.17,93.91,283.96,0.83,-1,-1,-1
139,22,695.14,347.78,143.77,388.48,0.92,-1,-1,-1
139,26,579.73,387.99,36.08,103.03,0.86,-1,-1,-1
139,24,594.07,383.65,48.91,117.02,0.91,-1,-1,-1
139,29,555.44,397.27,30.68,91.22,0.77,-1,-1,-1
139,31,537.28,388.27,39.41,119.28,0.88,-1,-1,-1
139,34,450.72,364.33,101.36,199.03,0.91,-1,-1,-1
139,23,655.27,383.42,51.27,146.06,0.88,-1,-1,-1
139,35,696.92,367.44,85.99,264.35,0.77,-1,-1,-1
140,7,868.97,380.28,79.41,231.00,0.93,-1,-1,-1
140,9,807.43,366.36,83.17,240.62,0.88,-1,-1,-1
140,18,-213.94,56.27,524.87,1385.08,0.79,-1,-1,-1
140,21,757.80,349.31,98.09,291.54,0.87,-1,-1,-1
140,22,695.25,344.05,146.95,393.16,0.90,-1,-1,-1
140,26,578.06,387.64,34.29,102.16,0.85,-1,-1,-1
140,24,592.54,383.07,48.07,117.86,0.91,-1,-1,-1
140,29,552.90,397.34,30.58,90.59,0.75,-1,-1,-1
140,31,535.48,387.96,39.64,120.05,0.88,-1,-1,-1
140,34,450.45,364.29,99.07,199.72,0.91,-1,-1,-1
140,23,652.30,383.44,51.18,145.93,0.87,-1,-1,-1
140,35,694.44,368.13,89.75,274.74,0.83,-1,-1,-1
141,7,867.17,380.27,81.02,231.03,0.93,-1,-1,-1
141,9,801.86,365.61,86.51,239.91,0.87,-1,-1,-1
141,18,-207.93,71.07,479.75,1339.68,0.77,-1,-1,-1
141,21,758.17,346.98,100.83,296.16,0.87,-1,-1,-1
141,22,696.20,341.51,147.57,394.87,0.89,-1,-1,-1
141,26,576.98,387.54,33.58,102.11,0.85,-1,-1,-1
141,24,590.30,382.89,47.16,117.89,0.91,-1,-1,-1
141,29,551.20,397.69,30.55,89.77,0.78,-1,-1,-1
141,31,533.45,388.17,39.72,120.34,0.87,-1,-1,-1
141,34,447.24,364.31,100.52,199.99,0.92,-1,-1,-1
141,23,649.85,383.04,51.16,146.65,0.88,-1,-1,-1
141,35,693.09,368.05,87.80,283.57,0.83,-1,-1,-1
142,7,864.73,380.57,82.78,229.24,0.94,-1,-1,-1
142,9,796.59,364.88,91.23,240.67,0.86,-1,-1,-1
142,18,-214.31,96.45,449.97,1257.74,0.59,-1,-1,-1
142,21,758.31,345.80,104.14,294.29,0.82,-1,-1,-1
142,22,696.83,340.87,150.59,399.16,0.89,-1,-1,-1
142,26,574.26,387.35,33.92,102.82,0.84,-1,-1,-1
142,24,587.13,382.51,47.42,118.19,0.91,-1,-1,-1
142,29,549.15,396.14,31.13,90.53,0.70,-1,-1,-1
142,31,531.87,387.48,42.09,121.15,0.86,-1,-1,-1
142,34,443.35,364.00,102.93,200.64,0.92,-1,-1,-1
142,35,692.36,367.53,88.87,285.74,0.82,-1,-1,-1
142,36,567.45,388.12,25.20,76.27,0.71,-1,-1,-1
142,27,644.93,364.92,58.24,163.05,0.89,-1,-1,-1
143,7,862.36,380.67,84.91,225.57,0.94,-1,-1,-1
143,9,794.05,362.96,91.86,241.38,0.62,-1,-1,-1
143,18,-228.89,126.90,423.84,1215.75,0.31,-1,-1,-1
143,21,761.84,345.08,113.50,284.53,0.82,-1,-1,-1
143,22,698.52,339.95,152.26,403.10,0.91,-1,-1,-1
143,26,573.05,387.59,34.05,104.24,0.84,-1,-1,-1
143,24,583.96,382.68,48.12,117.69,0.91,-1,-1,-1
143,29,547.60,395.41,31.35,91.56,0.71,-1,-1,-1
143,31,530.19,386.79,42.96,121.87,0.86,-1,-1,-1
143,34,442.59,363.75,102.04,201.29,0.92,-1,-1,-1
143,35,691.55,366.41,94.79,285.62,0.84,-1,-1,-1
143,36,566.13,388.08,25.20,75.57,0.72,-1,-1,-1
143,23,641.02,384.09,56.15,144.65,0.88,-1,-1,-1
144,7,859.13,380.45,86.90,221.84,0.94,-1,-1,-1
144,21,769.96,348.77,111.97,268.73,0.84,-1,-1,-1
144,22,699.97,342.47,155.75,410.54,0.89,-1,-1,-1
144,26,571.42,387.13,34.10,105.08,0.84,-1,-1,-1
144,24,582.49,382.19,47.20,118.11,0.90,-1,-1,-1
144,29,546.13,394.72,31.43,91.22,0.73,-1,-1,-1
144,31,527.79,386.27,43.29,122.72,0.87,-1,-1,-1
144,34,441.16,363.40,101.65,201.83,0.91,-1,-1,-1
144,35,690.95,365.11,96.31,291.49,0.82,-1,-1,-1
144,36,565.46,388.43,24.51,73.35,0.69,-1,-1,-1
144,23,638.07,384.44,55.54,144.18,0.90,-1,-1,-1
144,4,69.03,352.54,66.21,182.11,0.82,-1,-1,-1
144,27,642.21,364.16,57.14,158.86,0.86,-1,-1,-1
145,7,856.16,379.42,88.81,220.50,0.94,-1,-1,-1
145,21,778.22,346.96,103.62,261.69,0.84,-1,-1,-1
145,22,700.77,343.00,163.44,416.05,0.87,-1,-1,-1
145,26,569.65,386.48,35.32,105.83,0.83,-1,-1,-1
145,24,579.59,382.57,46.85,117.38,0.91,-1,-1,-1
145,29,544.43,394.28,32.06,92.44,0.79,-1,-1,-1
145,31,526.02,385.30,42.81,123.47,0.88,-1,-1,-1
145,34,439.05,362.94,102.51,202.91,0.92,-1,-1,-1
145,35,689.85,363.99,101.00,303.13,0.85,-1,-1,-1
145,36,563.96,388.72,24.28,71.72,0.64,-1,-1,-1
145,23,636.15,383.93,54.69,145.52,0.91,-1,-1,-1
145,4,44.51,347.13,82.83,207.45,0.84,-1,-1,-1
145,27,644.29,363.26,51.30,154.00,0.85,-1,-1,-1
145,37,15.38,317.92,70.68,204.08,0.75,-1,-1,-1
146,7,852.20,378.30,90.70,220.83,0.93,-1,-1,-1
146,22,701.09,341.33,175.56,426.98,0.89,-1,-1,-1
146,26,568.19,385.51,35.19,105.96,0.81,-1,-1,-1
146,24,577.42,382.29,46.74,116.96,0.92,-1,-1,-1
146,29,543.29,392.94,31.71,92.02,0.75,-1,-1,-1
146,31,524.85,384.65,42.61,123.45,0.87,-1,-1,-1
146,34,437.77,362.78,102.22,203.32,0.93,-1,-1,-1
146,35,689.21,362.40,97.44,316.27,0.84,-1,-1,-1
146,36,563.25,388.46,24.22,71.30,0.60,-1,-1,-1
146,23,634.68,383.75,53.75,145.43,0.92,-1,-1,-1
146,4,22.12,336.09,98.54,226.39,0.90,-1,-1,-1
146,27,643.30,362.81,49.84,155.51,0.87,-1,-1,-1
146,37,8.40,316.91,74.44,214.39,0.81,-1,-1,-1
147,7,850.78,377.26,90.83,220.98,0.93,-1,-1,-1
147,22,702.95,340.85,182.53,430.86,0.89,-1,-1,-1
147,26,567.47,385.89,35.73,104.94,0.78,-1,-1,-1
147,24,575.25,382.48,45.51,116.21,0.91,-1,-1,-1
147,29,541.20,392.74,32.17,91.56,0.60,-1,-1,-1
147,31,523.34,383.82,44.30,124.59,0.87,-1,-1,-1
147,34,435.65,362.30,102.10,203.58,0.92,-1,-1,-1
147,35,689.08,360.19,96.52,316.31,0.84,-1,-1,-1
147,36,561.82,387.88,24.88,73.03,0.36,-1,-1,-1
147,23,633.40,383.84,52.80,144.64,0.92,-1,-1,-1
147,4,9.02,335.18,106.31,230.20,0.89,-1,-1,-1
147,27,643.35,362.34,48.14,153.37,0.87,-1,-1,-1
147,37,-4.27,316.55,77.20,216.52,0.80,-1,-1,-1
147,9,778.66,343.02,103.77,301.09,0.81,-1,-1,-1
148,7,851.21,376.18,88.79,222.12,0.92,-1,-1,-1
148,22,708.27,338.11,186.91,439.79,0.88,-1,-1,-1
148,26,566.39,386.39,35.35,103.94,0.79,-1,-1,-1
148,24,573.34,383.06,45.06,115.48,0.90,-1,-1,-1
148,29,539.61,391.67,32.93,92.43,0.67,-1,-1,-1
148,31,521.97,383.57,46.09,124.41,0.89,-1,-1,-1
148,34,433.92,361.87,101.87,204.25,0.93,-1,-1,-1
148,35,689.08,358.65,94.93,312.62,0.88,-1,-1,-1
148,36,560.13,387.25,25.74,79.19,0.56,-1,-1,-1
148,23,631.56,383.18,52.43,145.09,0.92,-1,-1,-1
148,4,1.62,333.65,108.65,232.55,0.89,-1,-1,-1
148,27,642.83,361.92,47.55,151.38,0.84,-1,-1,-1
148,37,-17.36,315.64,83.02,216.37,0.74,-1,-1,-1
148,9,779.54,342.72,108.06,304.11,0.80,-1,-1,-1
149,7,851.19,376.52,86.49,222.16,0.92,-1,-1,-1
149,22,713.53,336.77,189.11,444.85,0.87,-1,-1,-1
149,26,565.16,385.54,34.60,106.10,0.69,-1,-1,-1
149,24,572.12,382.97,44.30,115.22,0.89,-1,-1,-1
149,29,539.65,392.61,32.05,91.13,0.69,-1,-1,-1
149,31,519.76,383.33,47.35,124.77,0.89,-1,-1,-1
149,34,431.56,360.97,102.97,205.23,0.93,-1,-1,-1
149,35,689.74,356.89,94.90,313.95,0.89,-1,-1,-1
149,36,559.58,387.02,25.43,78.06,0.34,-1,-1,-1
149,23,629.48,382.64,52.89,144.67,0.91,-1,-1,-1
149,4,-3.52,338.61,109.50,228.41,0.87,-1,-1,-1
149,27,641.48,361.61,47.38,145.72,0.86,-1,-1,-1
149,37,-15.99,313.50,74.70,218.12,0.70,-1,-1,-1
149,9,796.08,354.20,93.50,257.81,0.63,-1,-1,-1
