0,1,756.90,340.65,69.30,202.95,0.93,-1,-1,-1
0,2,821.70,333.00,72.90,229.95,0.93,-1,-1,-1
0,3,923.40,354.37,70.20,191.02,0.92,-1,-1,-1
0,4,1027.80,356.62,75.60,177.07,0.91,-1,-1,-1
0,5,977.40,342.00,72.00,203.85,0.91,-1,-1,-1
0,6,699.30,341.10,72.90,176.85,0.90,-1,-1,-1
0,7,371.25,235.35,229.50,612.00,0.89,-1,-1,-1
0,8,883.35,366.52,43.65,101.47,0.87,-1,-1,-1
0,9,912.15,357.07,47.25,115.42,0.84,-1,-1,-1
0,10,1075.50,362.25,54.00,150.30,0.84,-1,-1,-1
0,11,807.75,356.17,45.90,122.62,0.83,-1,-1,-1
1,1,753.04,340.03,70.13,204.48,0.93,-1,-1,-1
1,2,816.72,331.01,76.07,234.04,0.93,-1,-1,-1
1,3,922.40,355.14,70.25,192.74,0.93,-1,-1,-1
1,4,1027.67,357.20,74.09,176.25,0.91,-1,-1,-1
1,5,976.45,342.17,70.48,204.21,0.91,-1,-1,-1
1,6,696.56,341.26,69.82,176.41,0.90,-1,-1,-1
1,7,357.32,233.07,233.56,625.19,0.89,-1,-1,-1
1,8,880.76,367.89,44.46,101.36,0.88,-1,-1,-1
1,9,909.58,357.45,48.06,115.91,0.84,-1,-1,-1
1,10,1073.06,362.06,55.60,150.62,0.84,-1,-1,-1
1,11,805.10,356.35,45.15,123.70,0.81,-1,-1,-1
2,1,749.11,339.47,70.99,205.98,0.93,-1,-1,-1
2,2,814.00,330.03,75.96,236.86,0.94,-1,-1,-1
2,3,921.44,356.38,68.87,191.30,0.93,-1,-1,-1
2,4,1026.86,358.41,73.84,174.69,0.92,-1,-1,-1
2,5,972.66,342.79,73.08,203.40,0.91,-1,-1,-1
2,6,691.73,340.83,67.88,176.51,0.90,-1,-1,-1
2,7,341.85,228.05,237.46,631.52,0.89,-1,-1,-1
2,8,879.16,365.89,42.87,103.63,0.85,-1,-1,-1
2,9,905.20,357.75,48.56,115.82,0.84,-1,-1,-1
2,10,1072.55,363.12,55.89,149.98,0.83,-1,-1,-1
2,11,803.85,356.27,42.91,124.42,0.71,-1,-1,-1
3,1,742.62,338.96,73.97,209.85,0.93,-1,-1,-1
3,2,810.64,330.45,76.52,237.68,0.93,-1,-1,-1
3,3,920.61,357.46,68.42,191.49,0.94,-1,-1,-1
3,4,1026.06,359.31,73.79,173.70,0.92,-1,-1,-1
3,5,970.27,343.16,73.89,203.65,0.92,-1,-1,-1
3,6,687.69,340.01,70.17,178.96,0.91,-1,-1,-1
3,7,328.45,225.63,239.63,647.12,0.87,-1,-1,-1
3,8,877.83,364.91,40.23,105.03,0.83,-1,-1,-1
3,9,900.91,358.19,49.73,115.44,0.87,-1,-1,-1
3,10,1074.63,364.34,54.58,148.90,0.86,-1,-1,-1
3,11,800.86,356.08,42.94,125.82,0.76,-1,-1,-1
4,1,736.74,339.26,76.25,214.99,0.93,-1,-1,-1
4,2,806.74,330.39,78.03,239.80,0.93,-1,-1,-1
4,3,919.09,358.52,68.33,192.54,0.94,-1,-1,-1
4,4,1025.20,360.63,75.14,173.74,0.91,-1,-1,-1
4,5,968.98,344.34,74.13,203.72,0.92,-1,-1,-1
4,6,682.62,340.03,70.93,179.89,0.88,-1,-1,-1
4,7,308.28,223.98,248.04,663.55,0.87,-1,-1,-1
4,8,875.83,364.56,36.71,105.91,0.78,-1,-1,-1
4,9,898.37,358.91,49.45,115.46,0.88,-1,-1,-1
4,10,1076.05,365.76,54.14,148.55,0.86,-1,-1,-1
4,11,798.71,356.45,41.66,126.24,0.75,-1,-1,-1
5,1,733.56,340.70,75.70,219.48,0.93,-1,-1,-1
5,2,803.24,329.47,79.13,242.97,0.93,-1,-1,-1
5,3,917.91,360.33,68.31,192.06,0.93,-1,-1,-1
5,4,1024.20,362.22,75.58,173.93,0.92,-1,-1,-1
5,5,967.92,346.22,72.85,204.19,0.92,-1,-1,-1
5,6,679.75,340.27,70.52,185.44,0.89,-1,-1,-1
5,7,289.86,224.70,254.54,672.03,0.88,-1,-1,-1
5,8,872.51,365.16,35.72,106.14,0.79,-1,-1,-1
5,9,895.02,359.83,49.30,115.78,0.89,-1,-1,-1
5,10,1075.75,366.25,53.99,149.08,0.86,-1,-1,-1
5,11,797.09,356.62,40.60,127.28,0.75,-1,-1,-1
6,1,730.92,342.98,75.36,221.68,0.93,-1,-1,-1
6,2,799.12,329.53,81.94,246.14,0.93,-1,-1,-1
6,3,916.03,361.77,68.60,192.63,0.93,-1,-1,-1
6,4,1023.93,362.95,75.68,175.72,0.93,-1,-1,-1
6,5,967.08,348.81,73.60,203.68,0.92,-1,-1,-1
6,6,675.60,341.49,69.69,188.70,0.87,-1,-1,-1
6,7,267.98,224.00,265.84,682.96,0.87,-1,-1,-1
6,8,869.98,365.76,35.47,106.46,0.86,-1,-1,-1
6,9,892.18,360.02,50.47,117.29,0.88,-1,-1,-1
6,10,1077.56,367.56,51.37,148.14,0.85,-1,-1,-1
6,11,794.80,357.04,40.27,128.84,0.47,-1,-1,-1
7,1,726.45,345.13,76.44,225.00,0.93,-1,-1,-1
7,2,795.93,329.20,84.16,249.41,0.93,-1,-1,-1
7,3,914.21,362.64,69.35,193.65,0.93,-1,-1,-1
7,4,1023.32,364.04,75.72,176.41,0.92,-1,-1,-1
7,5,966.28,351.04,72.62,203.69,0.91,-1,-1,-1
7,6,672.10,342.50,71.29,190.45,0.88,-1,-1,-1
7,7,250.54,223.27,271.25,704.28,0.86,-1,-1,-1
7,8,867.01,366.25,35.46,107.49,0.85,-1,-1,-1
7,9,888.86,360.32,50.88,118.16,0.88,-1,-1,-1
7,10,1077.62,368.40,51.76,148.00,0.86,-1,-1,-1
7,11,791.58,357.44,41.48,130.01,0.53,-1,-1,-1
8,1,722.00,347.36,77.44,226.72,0.93,-1,-1,-1
8,2,792.84,330.24,84.98,251.75,0.93,-1,-1,-1
8,3,913.39,363.14,68.74,192.47,0.93,-1,-1,-1
8,4,1021.99,364.15,76.98,177.13,0.92,-1,-1,-1
8,5,965.54,352.79,73.51,203.24,0.91,-1,-1,-1
8,6,668.29,344.49,72.50,189.34,0.88,-1,-1,-1
8,7,230.52,220.33,279.76,715.14,0.85,-1,-1,-1
8,8,863.32,366.83,36.16,108.29,0.85,-1,-1,-1
8,9,885.41,360.34,49.20,119.69,0.87,-1,-1,-1
8,10,1076.47,369.02,53.17,147.20,0.87,-1,-1,-1
8,11,791.21,358.43,38.85,129.79,0.41,-1,-1,-1
8,12,331.20,244.57,196.65,557.32,0.70,-1,-1,-1
9,1,718.58,348.31,78.36,228.96,0.93,-1,-1,-1
9,2,790.18,330.50,85.81,255.76,0.93,-1,-1,-1
9,3,912.35,363.11,69.41,190.74,0.93,-1,-1,-1
9,4,1022.23,363.68,77.41,178.85,0.92,-1,-1,-1
9,5,966.05,353.98,72.59,203.47,0.91,-1,-1,-1
9,6,664.81,345.08,72.31,189.97,0.87,-1,-1,-1
9,7,212.14,219.93,285.83,726.12,0.86,-1,-1,-1
9,8,862.56,367.19,35.20,108.22,0.75,-1,-1,-1
9,9,882.27,360.17,50.69,120.50,0.88,-1,-1,-1
9,10,1076.73,368.90,52.47,147.95,0.86,-1,-1,-1
9,11,788.54,357.72,40.43,131.76,0.47,-1,-1,-1
9,12,323.71,242.99,197.11,564.24,0.78,-1,-1,-1
10,1,715.91,349.44,78.68,231.49,0.94,-1,-1,-1
10,2,787.76,330.51,86.68,260.77,0.93,-1,-1,-1
10,3,911.06,362.97,69.97,188.26,0.93,-1,-1,-1
10,4,1023.52,363.38,76.36,180.99,0.92,-1,-1,-1
10,5,966.86,354.11,72.24,203.40,0.92,-1,-1,-1
10,6,662.11,345.80,67.38,191.94,0.88,-1,-1,-1
10,7,194.12,214.25,292.40,743.09,0.85,-1,-1,-1
10,8,861.12,367.23,35.52,109.37,0.72,-1,-1,-1
10,9,879.68,360.01,50.93,121.08,0.88,-1,-1,-1
10,10,1077.99,369.48,52.22,147.79,0.87,-1,-1,-1
10,11,786.71,357.36,42.19,135.17,0.19,-1,-1,-1
10,12,314.96,241.26,199.53,573.32,0.74,-1,-1,-1
11,1,712.97,350.10,79.28,234.10,0.94,-1,-1,-1
11,2,785.16,330.07,88.66,267.45,0.93,-1,-1,-1
11,3,910.59,363.06,70.12,186.58,0.94,-1,-1,-1
11,4,1023.96,364.06,77.09,181.30,0.92,-1,-1,-1
11,5,967.14,354.14,72.04,203.97,0.92,-1,-1,-1
11,6,658.21,345.41,68.54,195.31,0.90,-1,-1,-1
11,7,173.29,209.93,302.90,765.93,0.84,-1,-1,-1
11,8,860.04,369.97,31.32,95.47,0.38,-1,-1,-1
11,9,873.67,360.86,54.27,120.66,0.89,-1,-1,-1
11,10,1077.14,369.60,53.31,148.18,0.88,-1,-1,-1
11,11,782.49,358.11,43.41,135.50,0.59,-1,-1,-1
11,12,294.23,237.28,210.71,599.84,0.73,-1,-1,-1
12,1,710.20,350.23,80.08,236.19,0.94,-1,-1,-1
12,2,781.32,329.67,91.75,273.90,0.93,-1,-1,-1
12,3,909.55,362.68,71.08,186.31,0.94,-1,-1,-1
12,4,1024.75,365.41,77.36,177.49,0.93,-1,-1,-1
12,5,967.28,353.72,71.98,204.50,0.92,-1,-1,-1
12,6,654.19,345.45,71.38,198.92,0.90,-1,-1,-1
12,7,150.07,203.38,313.99,792.09,0.81,-1,-1,-1
12,8,857.55,370.98,33.68,102.55,0.68,-1,-1,-1
12,9,868.88,361.09,55.80,121.39,0.92,-1,-1,-1
12,10,1078.03,369.38,52.51,148.19,0.88,-1,-1,-1
12,11,778.57,358.31,44.48,136.77,0.65,-1,-1,-1
12,12,283.79,234.50,212.72,614.52,0.76,-1,-1,-1
13,1,707.27,349.96,81.59,238.11,0.93,-1,-1,-1
13,2,779.15,330.41,91.18,276.88,0.93,-1,-1,-1
13,3,909.92,362.36,71.48,185.80,0.93,-1,-1,-1
13,4,1026.98,365.57,76.29,175.14,0.93,-1,-1,-1
13,5,968.08,353.51,72.00,202.91,0.92,-1,-1,-1
13,6,650.48,345.04,73.67,201.29,0.89,-1,-1,-1
13,7,128.96,197.64,323.88,812.23,0.80,-1,-1,-1
13,8,853.53,371.58,34.43,103.94,0.71,-1,-1,-1
13,9,865.49,361.61,54.93,121.51,0.91,-1,-1,-1
13,10,1079.71,368.94,52.25,149.13,0.88,-1,-1,-1
13,11,775.47,358.54,45.50,136.19,0.76,-1,-1,-1
13,12,273.47,233.38,216.10,621.48,0.75,-1,-1,-1
14,1,704.86,348.60,82.09,241.09,0.93,-1,-1,-1
14,2,777.31,330.98,90.83,279.63,0.94,-1,-1,-1
14,3,909.83,362.23,71.88,186.54,0.94,-1,-1,-1
14,4,1029.05,366.08,75.84,172.89,0.93,-1,-1,-1
14,5,968.42,352.95,73.17,201.55,0.92,-1,-1,-1
14,6,648.08,344.23,75.68,203.59,0.89,-1,-1,-1
14,7,112.33,191.00,329.50,841.41,0.79,-1,-1,-1
14,8,850.01,371.49,35.32,103.87,0.63,-1,-1,-1
14,9,862.28,361.94,55.11,121.38,0.90,-1,-1,-1
14,10,1080.92,369.54,50.92,148.72,0.87,-1,-1,-1
14,11,773.54,359.20,45.27,136.50,0.78,-1,-1,-1
14,12,259.36,226.91,219.32,629.32,0.74,-1,-1,-1
15,1,702.63,346.62,82.26,243.90,0.93,-1,-1,-1
15,2,775.27,331.54,92.45,281.12,0.94,-1,-1,-1
15,3,909.86,362.19,73.24,186.83,0.94,-1,-1,-1
15,4,1029.83,366.57,76.89,172.06,0.93,-1,-1,-1
15,5,968.59,352.28,74.83,201.79,0.92,-1,-1,-1
15,6,645.27,343.23,77.04,206.01,0.89,-1,-1,-1
15,7,93.21,181.80,337.40,874.12,0.80,-1,-1,-1
15,8,846.73,372.52,36.28,106.39,0.76,-1,-1,-1
15,9,860.35,362.69,54.58,121.30,0.91,-1,-1,-1
15,10,1081.37,371.11,51.67,147.51,0.82,-1,-1,-1
15,11,772.05,359.48,45.17,137.17,0.84,-1,-1,-1
15,12,254.01,224.43,217.74,647.27,0.78,-1,-1,-1
16,1,700.66,345.26,82.28,246.63,0.93,-1,-1,-1
16,2,773.34,329.98,95.96,286.27,0.93,-1,-1,-1
16,3,909.82,362.48,73.72,186.94,0.94,-1,-1,-1
16,4,1030.62,366.44,77.26,172.37,0.93,-1,-1,-1
16,5,968.57,351.73,75.43,202.79,0.93,-1,-1,-1
16,6,641.30,342.98,78.70,207.88,0.87,-1,-1,-1
16,7,84.93,173.37,333.73,888.33,0.78,-1,-1,-1
16,8,841.93,372.00,36.64,107.32,0.66,-1,-1,-1
16,9,859.08,363.41,53.14,121.40,0.92,-1,-1,-1
16,10,1082.63,372.31,51.94,146.74,0.79,-1,-1,-1
16,11,770.01,359.14,45.72,138.43,0.80,-1,-1,-1
16,12,241.25,221.18,224.26,661.28,0.76,-1,-1,-1
17,1,696.80,343.67,84.02,249.26,0.93,-1,-1,-1
17,2,770.66,329.80,99.00,288.60,0.93,-1,-1,-1
17,3,908.90,363.28,74.17,187.24,0.94,-1,-1,-1
17,4,1030.82,366.77,77.38,173.35,0.93,-1,-1,-1
17,5,968.52,351.61,75.62,203.39,0.93,-1,-1,-1
17,6,636.73,343.01,79.29,209.02,0.88,-1,-1,-1
17,7,55.52,161.96,350.73,906.51,0.77,-1,-1,-1
17,8,839.61,372.18,36.18,105.23,0.46,-1,-1,-1
17,9,857.84,363.93,51.96,121.53,0.91,-1,-1,-1
17,10,1082.99,373.13,53.24,147.32,0.80,-1,-1,-1
17,11,768.45,359.41,45.31,139.71,0.75,-1,-1,-1
17,12,226.91,220.98,227.69,671.04,0.74,-1,-1,-1
18,1,694.89,342.77,84.09,250.79,0.93,-1,-1,-1
18,2,767.71,328.56,100.16,292.94,0.94,-1,-1,-1
18,3,907.46,364.46,75.54,187.08,0.94,-1,-1,-1
18,4,1031.56,367.31,77.44,174.50,0.93,-1,-1,-1
18,5,968.58,351.99,75.71,203.80,0.92,-1,-1,-1
18,6,633.95,342.59,79.51,210.15,0.89,-1,-1,-1
18,7,33.92,156.25,362.41,933.75,0.75,-1,-1,-1
18,8,833.20,371.18,39.02,113.90,0.42,-1,-1,-1
18,9,856.96,364.25,50.92,122.33,0.91,-1,-1,-1
18,10,1083.79,374.00,54.93,146.96,0.82,-1,-1,-1
18,11,766.81,360.10,45.75,139.59,0.81,-1,-1,-1
18,12,208.58,216.86,237.30,695.80,0.69,-1,-1,-1
19,1,692.18,341.83,84.63,254.69,0.92,-1,-1,-1
19,2,765.17,328.68,101.67,296.70,0.94,-1,-1,-1
19,3,906.60,366.11,76.90,186.89,0.94,-1,-1,-1
19,4,1033.57,368.74,76.23,176.00,0.92,-1,-1,-1
19,5,969.17,352.91,75.70,204.86,0.92,-1,-1,-1
19,6,629.44,342.26,81.90,212.29,0.88,-1,-1,-1
19,7,9.93,158.89,372.73,958.88,0.72,-1,-1,-1
19,8,832.04,371.13,37.71,113.13,0.42,-1,-1,-1
19,9,855.50,364.37,49.91,123.67,0.91,-1,-1,-1
19,10,1085.22,376.30,54.36,145.94,0.80,-1,-1,-1
19,11,765.04,360.36,47.08,134.89,0.70,-1,-1,-1
19,12,197.82,216.61,240.03,703.05,0.78,-1,-1,-1
20,1,685.96,342.29,88.35,257.92,0.92,-1,-1,-1
20,2,761.95,327.78,103.33,301.01,0.94,-1,-1,-1
20,3,905.09,367.97,78.56,186.78,0.95,-1,-1,-1
20,4,1034.24,369.91,76.95,176.52,0.93,-1,-1,-1
20,5,969.95,354.20,75.66,205.20,0.93,-1,-1,-1
20,6,625.25,342.21,83.34,214.45,0.91,-1,-1,-1
20,7,-18.49,154.41,388.05,985.15,0.67,-1,-1,-1
20,8,829.36,370.70,38.96,116.72,0.55,-1,-1,-1
20,9,854.15,364.76,48.92,124.13,0.90,-1,-1,-1
20,10,1086.25,377.94,56.51,145.68,0.86,-1,-1,-1
20,11,762.99,361.26,46.97,129.84,0.62,-1,-1,-1
20,12,186.39,212.88,239.93,724.85,0.77,-1,-1,-1
21,1,675.96,344.01,95.00,260.93,0.92,-1,-1,-1
21,2,758.95,327.79,105.10,305.03,0.94,-1,-1,-1
21,3,903.61,369.17,79.47,188.18,0.94,-1,-1,-1
21,4,1035.07,371.62,77.22,177.09,0.92,-1,-1,-1
21,5,969.63,355.50,76.83,205.86,0.92,-1,-1,-1
21,6,623.32,342.52,82.10,216.78,0.91,-1,-1,-1
21,7,-33.56,150.06,389.90,1004.79,0.67,-1,-1,-1
21,8,827.49,371.19,37.65,117.22,0.52,-1,-1,-1
21,9,852.18,365.26,49.18,125.23,0.90,-1,-1,-1
21,10,1086.64,378.76,60.84,147.30,0.85,-1,-1,-1
21,11,760.10,361.64,46.92,128.02,0.70,-1,-1,-1
21,12,167.78,215.28,245.52,726.92,0.78,-1,-1,-1
22,1,666.20,344.89,102.15,264.31,0.93,-1,-1,-1
22,2,756.46,327.71,105.75,308.75,0.94,-1,-1,-1
22,3,902.81,370.53,80.70,188.24,0.94,-1,-1,-1
22,4,1035.37,372.86,78.54,177.72,0.93,-1,-1,-1
22,5,970.11,357.20,77.29,205.63,0.92,-1,-1,-1
22,6,620.70,342.28,82.19,218.75,0.91,-1,-1,-1
22,7,-47.09,146.81,391.73,1015.07,0.63,-1,-1,-1
22,8,824.55,371.14,37.74,116.60,0.45,-1,-1,-1
22,9,850.66,365.19,49.30,126.36,0.91,-1,-1,-1
22,10,1087.37,380.56,61.33,146.56,0.83,-1,-1,-1
22,11,757.34,361.53,48.10,127.81,0.68,-1,-1,-1
22,12,156.50,217.35,246.99,740.71,0.76,-1,-1,-1
23,1,658.11,346.07,106.66,268.46,0.93,-1,-1,-1
23,2,752.89,327.65,108.32,312.40,0.92,-1,-1,-1
23,3,901.89,371.70,82.34,188.12,0.93,-1,-1,-1
23,4,1035.41,374.13,79.04,177.95,0.93,-1,-1,-1
23,5,969.65,359.56,76.27,205.24,0.92,-1,-1,-1
23,6,617.41,342.45,82.22,221.50,0.92,-1,-1,-1
23,7,-57.40,138.70,386.79,1037.00,0.67,-1,-1,-1
23,9,848.33,365.54,49.36,126.92,0.90,-1,-1,-1
23,10,1086.40,381.43,61.51,146.59,0.78,-1,-1,-1
23,11,754.54,362.18,48.54,127.91,0.62,-1,-1,-1
23,12,141.14,213.64,249.74,749.52,0.78,-1,-1,-1
24,1,651.52,349.18,110.14,270.52,0.93,-1,-1,-1
24,2,750.07,327.94,105.77,316.01,0.94,-1,-1,-1
24,3,901.20,372.11,82.07,188.06,0.94,-1,-1,-1
24,4,1035.32,375.46,79.23,177.42,0.93,-1,-1,-1
24,5,969.99,361.90,75.89,203.87,0.92,-1,-1,-1
24,6,612.65,342.24,82.81,223.64,0.91,-1,-1,-1
24,7,-52.50,143.66,362.77,982.70,0.63,-1,-1,-1
24,9,845.67,365.81,50.00,127.84,0.91,-1,-1,-1
24,10,1088.27,381.69,60.38,146.59,0.85,-1,-1,-1
24,11,751.12,363.03,50.48,131.27,0.76,-1,-1,-1
24,12,133.68,213.35,244.15,743.70,0.77,-1,-1,-1
25,1,647.42,349.69,110.20,274.64,0.93,-1,-1,-1
25,2,746.47,326.52,106.39,320.66,0.94,-1,-1,-1
25,3,901.82,372.46,81.57,186.77,0.94,-1,-1,-1
25,4,1034.56,376.02,80.43,177.30,0.93,-1,-1,-1
25,5,970.05,363.44,75.68,203.43,0.92,-1,-1,-1
25,6,605.71,343.27,87.11,224.87,0.92,-1,-1,-1
25,7,-52.87,140.44,345.69,973.32,0.58,-1,-1,-1
25,9,842.65,366.28,52.60,129.75,0.90,-1,-1,-1
25,10,1089.44,381.70,59.87,145.35,0.76,-1,-1,-1
25,11,747.57,363.71,52.33,139.77,0.82,-1,-1,-1
25,12,114.27,212.50,250.45,750.21,0.72,-1,-1,-1
26,1,641.92,349.49,111.89,280.81,0.93,-1,-1,-1
26,2,740.17,326.48,110.16,323.48,0.94,-1,-1,-1
26,3,902.38,372.75,81.08,183.90,0.94,-1,-1,-1
26,4,1031.89,376.99,83.26,177.24,0.92,-1,-1,-1
26,5,970.07,364.17,73.22,203.87,0.92,-1,-1,-1
26,6,598.23,344.17,91.63,225.86,0.92,-1,-1,-1
26,7,-58.02,143.52,341.08,958.13,0.54,-1,-1,-1
26,9,839.81,366.94,54.75,131.04,0.91,-1,-1,-1
26,10,1091.64,380.80,57.29,144.74,0.75,-1,-1,-1
26,11,742.77,364.15,55.37,144.11,0.83,-1,-1,-1
26,12,101.47,210.11,251.59,762.07,0.71,-1,-1,-1
27,1,638.37,349.70,110.76,287.30,0.93,-1,-1,-1
27,2,731.63,326.05,115.10,333.24,0.94,-1,-1,-1
27,3,903.19,372.86,79.11,182.91,0.94,-1,-1,-1
27,4,1031.48,377.34,84.35,178.49,0.92,-1,-1,-1
27,5,968.26,364.58,73.53,204.27,0.92,-1,-1,-1
27,6,590.08,345.71,96.87,225.66,0.91,-1,-1,-1
27,7,-74.17,151.06,338.74,966.42,0.60,-1,-1,-1
27,9,836.71,367.79,56.76,132.74,0.90,-1,-1,-1
27,10,1097.34,379.86,51.47,144.29,0.46,-1,-1,-1
27,11,738.30,364.63,57.70,146.42,0.73,-1,-1,-1
27,12,81.81,203.31,256.28,794.81,0.70,-1,-1,-1
27,13,1017.90,386.32,37.80,104.17,0.76,-1,-1,-1
28,1,635.18,348.55,108.46,291.97,0.93,-1,-1,-1
28,2,724.68,326.58,118.71,335.76,0.93,-1,-1,-1
28,3,904.73,373.11,77.13,183.12,0.94,-1,-1,-1
28,4,1031.30,378.27,85.92,178.92,0.93,-1,-1,-1
28,5,967.59,364.48,72.45,204.23,0.92,-1,-1,-1
28,6,584.47,345.66,97.15,227.54,0.91,-1,-1,-1
28,7,-72.00,158.16,315.32,937.58,0.69,-1,-1,-1
28,9,833.55,368.79,58.69,132.59,0.91,-1,-1,-1
28,10,1101.27,379.27,48.03,144.25,0.54,-1,-1,-1
28,11,733.77,365.33,58.02,144.30,0.78,-1,-1,-1
28,12,69.23,193.79,254.66,815.02,0.76,-1,-1,-1
28,13,1015.63,387.30,39.27,104.80,0.72,-1,-1,-1
29,1,631.83,348.36,106.95,294.27,0.93,-1,-1,-1
29,2,716.91,326.76,123.60,341.92,0.93,-1,-1,-1
29,3,908.12,373.14,73.70,184.46,0.94,-1,-1,-1
29,4,1031.93,378.54,86.53,178.51,0.93,-1,-1,-1
29,5,966.84,364.05,72.08,204.85,0.91,-1,-1,-1
29,6,579.55,345.90,99.56,229.42,0.91,-1,-1,-1
29,7,-86.10,154.35,311.46,958.25,0.54,-1,-1,-1
29,9,831.03,369.86,60.02,132.67,0.90,-1,-1,-1
29,10,1107.07,378.83,44.37,145.02,0.14,-1,-1,-1
29,11,734.49,365.85,54.62,142.55,0.56,-1,-1,-1
29,12,52.15,186.05,257.58,833.08,0.63,-1,-1,-1
29,13,1014.56,387.46,39.56,106.33,0.75,-1,-1,-1
30,1,629.27,346.91,105.08,296.92,0.92,-1,-1,-1
30,2,711.42,326.80,124.80,349.99,0.93,-1,-1,-1
30,3,909.99,373.27,71.17,185.42,0.93,-1,-1,-1
30,4,1032.15,378.61,87.88,177.74,0.93,-1,-1,-1
30,5,965.95,363.86,71.92,204.48,0.91,-1,-1,-1
30,6,577.53,346.23,97.48,231.25,0.90,-1,-1,-1
30,9,828.67,370.82,60.49,132.97,0.90,-1,-1,-1
30,11,734.97,366.74,50.19,129.17,0.35,-1,-1,-1
30,12,-36.56,154.84,322.48,922.65,0.64,-1,-1,-1
30,13,1012.81,387.66,39.63,107.32,0.81,-1,-1,-1
31,1,626.37,343.47,103.21,302.51,0.91,-1,-1,-1
31,2,708.24,326.87,124.12,355.29,0.93,-1,-1,-1
31,3,910.66,373.60,70.32,186.38,0.93,-1,-1,-1
31,4,1034.01,377.98,87.25,176.24,0.92,-1,-1,-1
31,5,965.03,363.60,73.13,203.59,0.91,-1,-1,-1
31,6,573.68,347.32,97.24,234.25,0.89,-1,-1,-1
31,9,826.38,371.19,61.85,133.34,0.90,-1,-1,-1
31,11,733.44,366.50,47.93,121.16,0.13,-1,-1,-1
31,12,-69.97,141.45,338.83,965.12,0.68,-1,-1,-1
31,13,1010.95,388.53,39.67,107.74,0.77,-1,-1,-1
31,14,899.55,381.37,46.35,126.68,0.83,-1,-1,-1
32,1,622.73,341.11,101.88,306.79,0.92,-1,-1,-1
32,2,705.71,326.29,123.19,362.51,0.92,-1,-1,-1
32,3,910.91,374.30,70.05,186.79,0.92,-1,-1,-1
32,4,1038.92,376.82,83.42,176.92,0.92,-1,-1,-1
32,5,964.73,362.88,73.59,206.30,0.91,-1,-1,-1
32,6,569.96,347.40,97.71,237.15,0.90,-1,-1,-1
32,9,825.01,371.30,61.19,134.08,0.90,-1,-1,-1
32,12,-102.26,118.71,353.60,1008.38,0.63,-1,-1,-1
32,13,1007.83,389.77,40.97,107.20,0.73,-1,-1,-1
32,14,898.67,381.56,47.13,129.14,0.80,-1,-1,-1
33,1,618.20,338.12,100.75,312.33,0.93,-1,-1,-1
33,2,701.93,325.46,121.57,370.33,0.92,-1,-1,-1
33,3,910.38,375.43,69.97,187.13,0.92,-1,-1,-1
33,4,1042.63,376.82,81.91,177.21,0.92,-1,-1,-1
33,5,963.45,363.03,74.96,203.18,0.91,-1,-1,-1
33,6,565.70,346.65,97.25,240.60,0.90,-1,-1,-1
33,9,822.51,371.45,61.48,135.56,0.90,-1,-1,-1
33,12,-63.40,141.25,297.97,916.51,0.75,-1,-1,-1
33,13,1004.31,389.67,42.67,108.90,0.58,-1,-1,-1
33,14,898.13,382.72,45.56,130.00,0.85,-1,-1,-1
34,1,612.43,336.43,101.51,317.79,0.93,-1,-1,-1
34,2,697.34,323.71,120.87,378.08,0.92,-1,-1,-1
34,3,910.08,377.04,69.96,186.03,0.93,-1,-1,-1
34,4,1046.87,377.10,78.93,178.48,0.92,-1,-1,-1
34,5,962.89,363.82,74.28,202.09,0.91,-1,-1,-1
34,6,560.67,346.81,97.62,242.24,0.90,-1,-1,-1
34,9,819.80,371.20,59.80,136.66,0.91,-1,-1,-1
34,12,-58.94,144.26,271.99,878.36,0.75,-1,-1,-1
34,13,1001.78,390.22,45.70,109.14,0.60,-1,-1,-1
34,14,896.21,383.77,45.35,129.85,0.85,-1,-1,-1
35,1,606.21,335.89,102.40,323.90,0.93,-1,-1,-1
35,2,691.88,321.80,121.78,384.88,0.92,-1,-1,-1
35,3,909.66,378.75,69.69,186.07,0.92,-1,-1,-1
35,4,1049.64,376.97,79.05,180.77,0.91,-1,-1,-1
35,5,961.51,364.78,75.23,204.12,0.91,-1,-1,-1
35,6,555.62,346.22,97.14,246.51,0.90,-1,-1,-1
35,9,817.37,370.87,58.52,138.54,0.90,-1,-1,-1
35,12,-88.13,139.70,278.21,880.25,0.74,-1,-1,-1
35,13,997.36,390.92,45.64,112.13,0.31,-1,-1,-1
35,14,897.39,384.79,43.62,130.78,0.83,-1,-1,-1
36,1,599.55,335.77,103.90,333.73,0.92,-1,-1,-1
36,2,686.09,320.41,122.04,392.44,0.92,-1,-1,-1
36,3,908.57,380.64,69.89,186.10,0.92,-1,-1,-1
36,4,1052.38,379.38,76.67,181.03,0.91,-1,-1,-1
36,5,961.59,366.41,74.37,204.88,0.90,-1,-1,-1
36,6,551.49,346.33,93.32,248.07,0.91,-1,-1,-1
36,9,815.35,371.55,57.41,140.27,0.90,-1,-1,-1
36,12,-131.06,138.14,298.18,896.79,0.59,-1,-1,-1
36,13,993.92,392.15,45.54,114.71,0.26,-1,-1,-1
36,14,892.46,385.46,47.79,131.40,0.86,-1,-1,-1
37,1,592.65,336.62,105.66,347.04,0.92,-1,-1,-1
37,2,680.42,319.15,122.13,399.43,0.92,-1,-1,-1
37,3,907.80,381.60,69.70,186.42,0.92,-1,-1,-1
37,4,1053.29,380.86,74.58,181.13,0.91,-1,-1,-1
37,5,961.59,367.73,72.85,209.22,0.90,-1,-1,-1
37,6,546.75,346.36,91.84,251.55,0.91,-1,-1,-1
37,9,812.22,372.52,56.40,140.46,0.90,-1,-1,-1
37,12,-167.78,134.91,309.90,912.10,0.35,-1,-1,-1
37,14,889.90,386.11,50.05,132.39,0.83,-1,-1,-1
37,8,758.46,365.55,60.89,162.77,0.74,-1,-1,-1
38,1,586.37,337.88,106.86,358.58,0.92,-1,-1,-1
38,2,673.95,317.26,124.44,405.87,0.92,-1,-1,-1
38,3,907.38,382.99,69.91,186.93,0.92,-1,-1,-1
38,4,1054.27,383.36,73.81,179.44,0.91,-1,-1,-1
38,5,961.77,369.57,73.45,206.16,0.91,-1,-1,-1
38,6,541.86,345.51,91.85,255.06,0.91,-1,-1,-1
38,9,810.16,373.05,56.60,141.19,0.91,-1,-1,-1
38,12,-161.03,153.34,278.64,809.77,0.35,-1,-1,-1
38,14,887.97,386.47,50.86,133.14,0.79,-1,-1,-1
38,8,755.93,366.11,62.78,168.21,0.77,-1,-1,-1
38,15,1079.10,383.85,57.60,152.55,0.74,-1,-1,-1
39,1,579.06,339.64,108.48,367.15,0.93,-1,-1,-1
39,2,667.76,315.91,127.07,411.71,0.92,-1,-1,-1
39,3,906.60,383.73,70.01,187.74,0.92,-1,-1,-1
39,4,1055.76,385.58,73.56,179.27,0.93,-1,-1,-1
39,5,961.83,371.54,72.48,203.34,0.92,-1,-1,-1
39,6,535.33,344.23,92.46,259.30,0.91,-1,-1,-1
39,9,807.64,374.07,56.67,141.44,0.91,-1,-1,-1
39,14,886.38,387.14,50.83,134.32,0.86,-1,-1,-1
39,8,757.02,369.31,58.46,151.27,0.80,-1,-1,-1
39,15,1079.81,385.65,59.11,151.81,0.86,-1,-1,-1
40,1,572.54,340.02,107.89,374.85,0.92,-1,-1,-1
40,2,661.09,314.36,131.58,417.93,0.93,-1,-1,-1
40,3,905.68,383.81,70.06,188.07,0.92,-1,-1,-1
40,4,1057.46,386.98,72.29,178.78,0.93,-1,-1,-1
40,5,961.85,373.29,72.12,202.01,0.92,-1,-1,-1
40,6,531.18,343.13,92.09,262.80,0.91,-1,-1,-1
40,9,805.26,374.73,56.71,141.68,0.91,-1,-1,-1
40,14,885.23,387.36,50.78,135.20,0.84,-1,-1,-1
40,8,755.39,370.61,57.73,146.93,0.80,-1,-1,-1
40,15,1080.64,385.25,59.42,153.80,0.84,-1,-1,-1
41,1,566.63,340.52,109.43,382.38,0.90,-1,-1,-1
41,2,654.50,312.23,136.79,426.51,0.92,-1,-1,-1
41,3,905.52,383.55,70.09,186.82,0.93,-1,-1,-1
41,4,1058.78,387.50,71.85,179.02,0.94,-1,-1,-1
41,5,962.64,373.80,72.00,201.50,0.92,-1,-1,-1
41,6,527.34,342.77,91.35,267.98,0.90,-1,-1,-1
41,9,801.35,375.15,58.52,142.32,0.91,-1,-1,-1
41,14,884.14,387.46,51.04,135.94,0.84,-1,-1,-1
41,8,752.41,370.08,59.79,162.14,0.82,-1,-1,-1
41,15,1082.42,384.80,58.09,155.58,0.84,-1,-1,-1
42,1,560.16,340.34,112.91,389.04,0.90,-1,-1,-1
42,2,648.63,309.91,141.61,435.33,0.93,-1,-1,-1
42,3,905.39,383.18,70.09,184.04,0.93,-1,-1,-1
42,4,1060.29,388.17,70.48,178.46,0.93,-1,-1,-1
42,5,962.85,374.47,73.13,200.66,0.92,-1,-1,-1
42,6,522.82,342.85,91.64,270.97,0.90,-1,-1,-1
42,9,797.54,375.20,60.36,143.08,0.91,-1,-1,-1
42,14,882.81,387.55,50.19,135.99,0.85,-1,-1,-1
42,8,751.90,370.49,57.63,161.66,0.82,-1,-1,-1
42,15,1084.21,383.59,57.63,157.38,0.83,-1,-1,-1
43,1,553.99,339.65,114.81,397.41,0.90,-1,-1,-1
43,2,643.00,307.97,146.36,446.77,0.92,-1,-1,-1
43,3,905.42,382.72,70.11,181.88,0.93,-1,-1,-1
43,4,1062.13,387.06,70.03,179.68,0.93,-1,-1,-1
43,5,962.43,374.24,74.77,200.61,0.92,-1,-1,-1
43,6,519.42,341.37,91.16,279.20,0.89,-1,-1,-1
43,9,794.45,375.35,60.48,143.56,0.92,-1,-1,-1
43,14,880.64,387.27,51.07,136.95,0.89,-1,-1,-1
43,8,752.53,372.43,55.53,150.23,0.83,-1,-1,-1
43,15,1086.83,382.74,60.15,158.12,0.78,-1,-1,-1
44,1,547.23,338.76,118.40,401.45,0.90,-1,-1,-1
44,2,635.84,304.89,152.72,453.15,0.92,-1,-1,-1
44,3,905.43,381.57,71.30,181.63,0.93,-1,-1,-1
44,4,1062.67,384.62,71.08,182.32,0.91,-1,-1,-1
44,5,962.84,373.77,75.36,200.54,0.93,-1,-1,-1
44,6,517.86,341.35,88.54,282.74,0.86,-1,-1,-1
44,9,791.02,375.19,61.07,145.00,0.91,-1,-1,-1
44,14,878.38,386.65,51.66,137.99,0.88,-1,-1,-1
44,8,747.24,370.71,59.48,164.39,0.83,-1,-1,-1
44,15,1090.12,382.89,53.44,158.09,0.56,-1,-1,-1
45,1,539.83,335.72,122.73,410.51,0.89,-1,-1,-1
45,2,629.76,303.38,157.52,466.93,0.93,-1,-1,-1
45,3,905.84,380.47,71.48,182.22,0.93,-1,-1,-1
45,4,1064.19,384.50,71.52,182.77,0.93,-1,-1,-1
45,5,964.32,372.00,75.62,201.79,0.93,-1,-1,-1
45,6,510.18,340.71,93.68,285.83,0.88,-1,-1,-1
45,9,790.78,375.21,58.95,146.31,0.92,-1,-1,-1
45,14,876.79,386.64,51.59,138.09,0.89,-1,-1,-1
45,8,743.38,368.57,62.10,176.05,0.84,-1,-1,-1
45,15,1093.29,381.66,52.24,158.38,0.43,-1,-1,-1
45,13,958.10,388.09,34.71,117.79,0.78,-1,-1,-1
46,1,528.72,332.80,127.19,415.46,0.88,-1,-1,-1
46,2,623.23,300.22,162.69,475.74,0.92,-1,-1,-1
46,3,906.54,379.93,71.51,182.88,0.93,-1,-1,-1
46,4,1065.80,384.50,72.88,181.70,0.93,-1,-1,-1
46,5,966.00,370.76,75.66,199.84,0.92,-1,-1,-1
46,6,508.96,339.58,90.17,290.37,0.84,-1,-1,-1
46,9,790.20,374.77,56.86,147.20,0.92,-1,-1,-1
46,14,873.21,386.52,53.91,138.53,0.89,-1,-1,-1
46,8,742.82,368.16,61.32,166.36,0.83,-1,-1,-1
46,15,1096.09,380.98,54.41,158.41,0.60,-1,-1,-1
46,13,955.60,386.58,34.12,116.57,0.70,-1,-1,-1
47,1,520.26,326.87,131.25,421.99,0.88,-1,-1,-1
47,2,616.82,297.16,166.98,486.07,0.92,-1,-1,-1
47,3,907.76,379.58,71.85,183.31,0.93,-1,-1,-1
47,4,1068.21,384.03,73.42,182.34,0.93,-1,-1,-1
47,5,968.48,368.77,75.70,199.73,0.92,-1,-1,-1
47,6,501.83,337.72,96.68,294.95,0.85,-1,-1,-1
47,9,788.92,373.72,55.50,148.40,0.92,-1,-1,-1
47,14,870.80,386.31,55.37,139.13,0.90,-1,-1,-1
47,8,737.78,366.56,63.34,172.60,0.85,-1,-1,-1
47,15,1100.15,380.42,53.96,157.47,0.61,-1,-1,-1
47,13,952.96,386.05,33.93,117.41,0.63,-1,-1,-1
48,1,509.64,321.35,137.39,425.31,0.88,-1,-1,-1
48,2,610.47,293.66,169.69,490.56,0.92,-1,-1,-1
48,3,908.83,379.56,71.96,184.08,0.93,-1,-1,-1
48,4,1069.08,383.22,76.01,182.13,0.93,-1,-1,-1
48,5,970.02,367.69,75.69,200.76,0.92,-1,-1,-1
48,6,500.77,339.92,93.16,297.33,0.25,-1,-1,-1
48,9,787.35,372.53,55.61,149.73,0.92,-1,-1,-1
48,14,869.07,386.05,56.79,139.34,0.91,-1,-1,-1
48,8,734.81,365.04,63.49,175.30,0.84,-1,-1,-1
48,15,1102.78,380.06,52.58,157.40,0.18,-1,-1,-1
48,13,951.57,386.13,35.14,118.76,0.76,-1,-1,-1
49,1,499.69,316.24,142.01,431.03,0.89,-1,-1,-1
49,2,603.85,290.53,172.94,498.70,0.93,-1,-1,-1
49,3,910.95,379.43,70.80,184.17,0.94,-1,-1,-1
49,4,1069.83,382.63,78.16,181.98,0.93,-1,-1,-1
49,5,970.49,366.87,76.87,201.84,0.91,-1,-1,-1
49,6,495.89,338.35,86.27,246.24,0.49,-1,-1,-1
49,9,785.91,371.22,55.65,151.63,0.92,-1,-1,-1
49,14,867.24,385.97,57.30,139.64,0.91,-1,-1,-1
49,8,732.30,363.63,63.50,175.31,0.87,-1,-1,-1
49,13,950.48,386.79,35.59,119.22,0.72,-1,-1,-1
50,1,489.48,312.56,146.62,441.69,0.89,-1,-1,-1
50,2,592.57,287.92,181.64,511.69,0.93,-1,-1,-1
50,3,911.85,380.13,71.56,184.21,0.92,-1,-1,-1
50,4,1070.19,381.81,81.32,183.87,0.93,-1,-1,-1
50,5,975.52,366.71,76.11,202.86,0.93,-1,-1,-1
50,6,489.46,335.34,92.32,236.94,0.41,-1,-1,-1
50,9,784.37,370.57,56.27,153.21,0.92,-1,-1,-1
50,14,865.54,385.78,58.06,140.64,0.91,-1,-1,-1
50,8,730.69,362.50,62.87,179.80,0.87,-1,-1,-1
50,13,950.33,388.54,36.99,119.83,0.75,-1,-1,-1
51,1,478.16,308.94,152.92,446.77,0.89,-1,-1,-1
51,2,583.43,284.43,188.32,526.12,0.92,-1,-1,-1
51,3,912.73,380.65,71.82,184.39,0.93,-1,-1,-1
51,4,1069.68,381.63,86.01,185.47,0.92,-1,-1,-1
51,5,976.17,366.78,76.99,203.85,0.92,-1,-1,-1
51,6,485.14,336.91,89.06,221.86,0.45,-1,-1,-1
51,9,782.03,369.98,57.69,154.23,0.92,-1,-1,-1
51,14,863.45,386.71,59.78,140.70,0.91,-1,-1,-1
51,8,728.38,361.60,63.76,186.14,0.87,-1,-1,-1
51,13,947.94,389.16,37.50,120.50,0.66,-1,-1,-1
52,1,466.18,306.92,160.51,460.71,0.88,-1,-1,-1
52,2,574.28,281.57,194.32,537.47,0.91,-1,-1,-1
52,3,914.02,382.06,70.74,183.89,0.92,-1,-1,-1
52,4,1069.24,380.25,87.81,187.43,0.92,-1,-1,-1
52,5,976.76,366.99,79.71,204.40,0.93,-1,-1,-1
52,6,476.50,320.25,105.96,300.65,0.43,-1,-1,-1
52,9,779.80,369.95,58.83,155.92,0.92,-1,-1,-1
52,14,862.77,387.68,59.54,140.42,0.91,-1,-1,-1
52,8,721.75,361.31,67.64,193.48,0.88,-1,-1,-1
52,13,945.71,389.57,37.70,119.40,0.72,-1,-1,-1
52,16,970.20,393.75,36.00,117.45,0.74,-1,-1,-1
53,1,454.72,304.99,166.97,476.92,0.87,-1,-1,-1
53,2,565.72,279.17,197.69,546.02,0.91,-1,-1,-1
53,3,915.28,382.60,69.42,184.23,0.93,-1,-1,-1
53,4,1069.43,380.91,88.47,187.48,0.91,-1,-1,-1
53,5,975.65,367.68,81.89,203.92,0.92,-1,-1,-1
53,6,470.28,315.92,110.72,327.76,0.34,-1,-1,-1
53,9,777.79,369.38,59.26,158.84,0.93,-1,-1,-1
53,14,860.15,388.06,59.70,141.44,0.91,-1,-1,-1
53,8,718.97,361.83,67.92,198.21,0.89,-1,-1,-1
53,13,944.26,393.47,37.78,112.47,0.62,-1,-1,-1
53,16,969.40,394.22,38.91,118.29,0.79,-1,-1,-1
54,1,436.56,303.99,176.17,485.22,0.87,-1,-1,-1
54,2,556.24,275.35,202.34,561.79,0.91,-1,-1,-1
54,3,915.42,383.17,69.84,184.19,0.93,-1,-1,-1
54,4,1069.45,381.99,89.85,187.45,0.91,-1,-1,-1
54,5,975.17,368.77,83.89,204.01,0.92,-1,-1,-1
54,9,774.14,369.41,61.79,160.18,0.92,-1,-1,-1
54,14,861.58,388.87,57.96,141.93,0.91,-1,-1,-1
54,8,714.81,362.58,69.16,200.49,0.88,-1,-1,-1
54,13,943.21,394.55,37.81,107.36,0.16,-1,-1,-1
54,16,967.85,394.12,40.83,119.68,0.77,-1,-1,-1
54,17,806.40,385.20,32.40,98.10,0.72,-1,-1,-1
55,1,422.28,305.03,183.01,493.13,0.87,-1,-1,-1
55,2,544.04,271.94,209.86,582.91,0.91,-1,-1,-1
55,3,916.41,383.43,69.12,184.53,0.93,-1,-1,-1
55,4,1070.12,382.61,90.37,188.82,0.91,-1,-1,-1
55,5,974.46,370.28,85.83,204.25,0.92,-1,-1,-1
55,9,771.97,370.22,63.34,160.84,0.92,-1,-1,-1
55,14,861.98,389.52,56.67,142.45,0.92,-1,-1,-1
55,8,711.58,363.53,69.62,200.72,0.88,-1,-1,-1
55,16,967.39,394.26,41.50,120.64,0.78,-1,-1,-1
55,17,806.15,386.02,31.71,97.13,0.65,-1,-1,-1
56,1,407.43,305.62,188.52,506.10,0.87,-1,-1,-1
56,2,531.21,268.49,215.45,601.19,0.90,-1,-1,-1
56,3,916.10,383.61,69.43,185.05,0.93,-1,-1,-1
56,4,1070.25,383.55,90.49,189.11,0.91,-1,-1,-1
56,5,974.09,372.00,86.51,203.67,0.92,-1,-1,-1
56,9,769.74,371.08,64.48,161.88,0.92,-1,-1,-1
56,14,861.26,389.55,54.94,143.02,0.92,-1,-1,-1
56,8,712.55,364.44,66.19,200.62,0.87,-1,-1,-1
56,16,966.58,393.92,40.33,121.52,0.75,-1,-1,-1
56,17,805.36,385.99,32.28,97.47,0.76,-1,-1,-1
57,1,396.01,306.64,189.26,514.65,0.86,-1,-1,-1
57,2,518.34,263.76,220.40,617.67,0.89,-1,-1,-1
57,3,915.59,383.91,69.86,184.01,0.93,-1,-1,-1
57,4,1070.16,384.72,91.67,188.55,0.91,-1,-1,-1
57,5,975.01,373.18,85.56,203.41,0.93,-1,-1,-1
57,9,766.57,371.81,66.66,163.22,0.93,-1,-1,-1
57,14,860.69,389.19,54.90,143.78,0.93,-1,-1,-1
57,8,706.76,365.66,68.42,200.99,0.88,-1,-1,-1
57,16,963.66,394.08,38.56,121.08,0.74,-1,-1,-1
57,17,804.49,385.57,33.15,99.26,0.76,-1,-1,-1
58,1,382.24,307.73,192.36,529.64,0.85,-1,-1,-1
58,2,503.53,258.29,227.91,635.94,0.87,-1,-1,-1
58,3,915.57,384.17,69.11,181.43,0.94,-1,-1,-1
58,4,1070.03,385.65,90.90,188.53,0.92,-1,-1,-1
58,5,976.45,374.07,82.76,203.52,0.93,-1,-1,-1
58,9,762.36,372.52,69.80,163.88,0.93,-1,-1,-1
58,14,849.27,389.22,65.11,144.23,0.92,-1,-1,-1
58,8,699.54,365.81,71.56,207.60,0.90,-1,-1,-1
58,16,960.05,394.49,39.24,121.24,0.80,-1,-1,-1
58,17,804.17,385.93,32.73,98.99,0.79,-1,-1,-1
58,13,915.90,387.10,46.25,119.67,0.63,-1,-1,-1
59,1,369.87,308.42,192.50,530.98,0.85,-1,-1,-1
59,2,489.38,253.12,233.11,657.48,0.88,-1,-1,-1
59,3,916.46,384.08,68.57,179.83,0.93,-1,-1,-1
59,4,1069.35,385.93,90.59,188.92,0.92,-1,-1,-1
59,5,976.98,374.20,81.70,203.53,0.93,-1,-1,-1
59,9,760.22,372.35,70.44,165.54,0.93,-1,-1,-1
59,14,847.93,388.89,64.28,144.81,0.89,-1,-1,-1
59,8,694.26,365.14,72.78,212.92,0.90,-1,-1,-1
59,16,958.86,394.46,38.24,121.56,0.81,-1,-1,-1
59,17,802.84,386.10,33.22,98.66,0.85,-1,-1,-1
59,13,911.93,385.79,45.81,121.05,0.64,-1,-1,-1
59,18,1060.20,390.15,39.60,122.40,0.71,-1,-1,-1
60,1,352.33,305.29,197.66,544.61,0.85,-1,-1,-1
60,2,474.06,247.79,239.63,670.45,0.89,-1,-1,-1
60,3,917.52,383.28,68.37,180.96,0.93,-1,-1,-1
60,4,1071.05,386.02,89.26,189.70,0.92,-1,-1,-1
60,5,976.12,373.92,81.30,204.78,0.94,-1,-1,-1
60,9,756.99,371.81,72.40,167.21,0.93,-1,-1,-1
60,14,844.80,388.44,65.58,145.65,0.91,-1,-1,-1
60,8,689.53,364.99,72.63,215.08,0.92,-1,-1,-1
60,16,955.55,394.46,39.13,121.68,0.80,-1,-1,-1
60,17,801.89,386.15,32.75,99.18,0.86,-1,-1,-1
60,13,907.78,384.87,47.93,123.17,0.80,-1,-1,-1
60,18,1056.52,389.75,41.08,121.09,0.82,-1,-1,-1
60,19,720.90,379.80,50.40,143.55,0.77,-1,-1,-1
60,6,440.59,321.82,119.45,356.88,0.68,-1,-1,-1
61,1,334.13,299.41,202.31,567.00,0.84,-1,-1,-1
61,2,459.11,239.82,244.35,686.41,0.89,-1,-1,-1
61,3,918.45,382.27,68.32,181.97,0.93,-1,-1,-1
61,4,1071.60,385.93,88.73,189.36,0.91,-1,-1,-1
61,5,975.72,372.95,79.95,205.67,0.93,-1,-1,-1
61,9,754.60,371.66,72.55,167.63,0.93,-1,-1,-1
61,14,841.28,388.03,66.05,146.37,0.91,-1,-1,-1
61,8,686.35,364.12,72.54,216.79,0.93,-1,-1,-1
61,16,954.36,394.21,38.23,121.54,0.71,-1,-1,-1
61,17,800.92,385.94,32.56,99.18,0.87,-1,-1,-1
61,13,905.63,384.31,46.42,123.76,0.80,-1,-1,-1
61,18,1051.61,389.23,45.49,119.45,0.76,-1,-1,-1
61,19,718.64,379.14,49.73,143.51,0.74,-1,-1,-1
61,6,433.46,321.37,122.96,362.21,0.65,-1,-1,-1
62,1,315.63,293.42,206.86,577.41,0.83,-1,-1,-1
62,2,445.16,233.08,249.90,700.60,0.88,-1,-1,-1
62,3,918.26,381.49,68.30,182.51,0.93,-1,-1,-1
62,4,1070.68,385.34,89.70,189.81,0.91,-1,-1,-1
62,5,976.24,372.62,77.02,206.01,0.93,-1,-1,-1
62,9,752.41,370.75,72.55,168.93,0.93,-1,-1,-1
62,14,838.63,387.17,66.19,147.37,0.92,-1,-1,-1
62,8,682.42,363.24,73.05,218.51,0.93,-1,-1,-1
62,16,950.42,393.86,39.12,122.38,0.35,-1,-1,-1
62,17,799.14,386.21,33.10,98.85,0.87,-1,-1,-1
62,13,904.23,383.73,45.46,124.36,0.82,-1,-1,-1
62,18,1046.03,390.38,47.02,117.60,0.80,-1,-1,-1
62,19,717.13,379.00,48.91,143.18,0.62,-1,-1,-1
62,6,429.46,321.22,117.83,358.14,0.68,-1,-1,-1
63,1,302.33,279.27,206.23,615.06,0.84,-1,-1,-1
63,2,427.56,225.71,255.45,718.97,0.88,-1,-1,-1
63,3,917.78,381.08,68.62,183.27,0.93,-1,-1,-1
63,4,1068.52,384.26,92.46,191.26,0.91,-1,-1,-1
63,5,975.76,371.47,75.94,205.48,0.92,-1,-1,-1
63,9,749.14,369.98,71.95,170.21,0.94,-1,-1,-1
63,14,836.99,386.57,64.46,148.99,0.91,-1,-1,-1
63,8,679.38,360.99,73.24,221.39,0.93,-1,-1,-1
63,17,797.77,386.18,33.30,99.22,0.88,-1,-1,-1
63,13,901.97,383.58,43.89,124.59,0.81,-1,-1,-1
63,18,1042.23,390.61,46.11,117.28,0.75,-1,-1,-1
63,19,712.14,378.14,51.46,149.19,0.76,-1,-1,-1
63,6,415.67,318.88,118.06,356.81,0.64,-1,-1,-1
63,11,617.88,351.62,71.06,205.27,0.61,-1,-1,-1
64,1,284.66,268.68,209.24,646.84,0.86,-1,-1,-1
64,2,408.14,216.27,263.47,754.98,0.85,-1,-1,-1
64,3,917.23,381.24,69.66,183.51,0.93,-1,-1,-1
64,4,1065.84,383.24,94.68,192.34,0.91,-1,-1,-1
64,5,976.12,370.58,74.37,201.19,0.93,-1,-1,-1
64,9,746.19,368.84,71.70,171.79,0.94,-1,-1,-1
64,14,833.46,385.93,64.35,150.29,0.93,-1,-1,-1
64,8,675.40,359.16,74.49,224.25,0.93,-1,-1,-1
64,17,796.06,385.74,33.98,100.39,0.87,-1,-1,-1
64,13,901.23,383.73,42.08,123.85,0.76,-1,-1,-1
64,18,1037.18,390.81,48.24,117.70,0.81,-1,-1,-1
64,19,708.35,376.74,52.25,153.84,0.77,-1,-1,-1
64,6,410.00,316.26,119.21,364.49,0.28,-1,-1,-1
64,11,619.15,357.41,65.67,200.24,0.77,-1,-1,-1
64,20,1070.10,397.35,43.20,118.80,0.71,-1,-1,-1
65,1,265.11,264.39,215.47,658.80,0.85,-1,-1,-1
65,2,382.97,210.10,277.36,783.44,0.85,-1,-1,-1
65,3,916.39,381.92,71.22,184.06,0.94,-1,-1,-1
65,4,1065.37,382.74,94.31,192.74,0.89,-1,-1,-1
65,5,975.62,369.82,73.79,200.17,0.92,-1,-1,-1
65,9,743.07,367.52,69.77,173.69,0.93,-1,-1,-1
65,14,831.02,386.14,64.87,152.25,0.92,-1,-1,-1
65,8,670.45,357.74,78.46,226.43,0.94,-1,-1,-1
65,17,794.53,386.17,34.22,100.97,0.82,-1,-1,-1
65,13,902.64,385.92,44.10,122.76,0.68,-1,-1,-1
65,18,1033.66,390.21,46.46,119.96,0.81,-1,-1,-1
65,19,702.38,375.60,55.04,157.39,0.86,-1,-1,-1
65,6,402.99,315.67,114.53,342.23,0.35,-1,-1,-1
65,11,609.11,360.46,70.05,203.87,0.89,-1,-1,-1
65,20,1066.32,397.17,44.69,120.20,0.79,-1,-1,-1
66,1,244.05,258.64,221.71,672.36,0.84,-1,-1,-1
66,2,370.63,209.13,272.44,792.82,0.81,-1,-1,-1
66,3,915.84,382.84,72.70,184.22,0.93,-1,-1,-1
66,4,1072.97,382.91,85.81,190.44,0.89,-1,-1,-1
66,5,976.09,369.30,72.39,199.77,0.93,-1,-1,-1
66,9,740.02,367.12,68.40,175.22,0.94,-1,-1,-1
66,14,827.60,386.60,66.23,154.11,0.91,-1,-1,-1
66,8,664.70,357.01,82.85,228.29,0.93,-1,-1,-1
66,17,793.50,386.56,33.70,100.70,0.84,-1,-1,-1
66,13,889.68,384.76,50.72,120.19,0.82,-1,-1,-1
66,18,1029.54,389.72,49.45,121.68,0.79,-1,-1,-1
66,19,700.18,375.60,53.52,158.17,0.87,-1,-1,-1
66,6,400.64,314.47,104.99,302.03,0.39,-1,-1,-1
66,11,600.68,361.30,73.94,207.63,0.92,-1,-1,-1
66,20,1064.19,395.97,46.36,122.04,0.73,-1,-1,-1
67,1,220.60,256.17,223.09,683.56,0.81,-1,-1,-1
67,2,355.73,201.04,269.89,824.92,0.78,-1,-1,-1
67,3,915.12,383.79,73.84,184.47,0.93,-1,-1,-1
67,4,1076.69,383.15,81.20,188.39,0.90,-1,-1,-1
67,5,975.75,369.58,71.89,200.27,0.93,-1,-1,-1
67,9,737.25,367.42,67.27,175.79,0.94,-1,-1,-1
67,14,828.82,386.78,60.82,156.16,0.90,-1,-1,-1
67,8,660.88,356.30,84.53,233.67,0.94,-1,-1,-1
67,17,792.62,387.14,32.88,100.90,0.86,-1,-1,-1
67,13,878.96,384.20,56.30,121.30,0.83,-1,-1,-1
67,18,1027.63,389.38,50.48,123.24,0.78,-1,-1,-1
67,19,697.80,376.37,52.84,159.25,0.87,-1,-1,-1
67,11,595.83,361.61,74.27,210.06,0.91,-1,-1,-1
67,20,1062.24,396.18,46.91,122.44,0.66,-1,-1,-1
67,21,902.25,389.70,47.25,126.00,0.79,-1,-1,-1
68,1,195.07,251.02,222.41,712.79,0.77,-1,-1,-1
68,2,326.82,197.04,278.91,850.71,0.72,-1,-1,-1
68,3,914.86,385.31,74.89,183.98,0.93,-1,-1,-1
68,4,1078.64,383.49,79.61,187.03,0.90,-1,-1,-1
68,5,975.64,370.54,71.77,200.50,0.93,-1,-1,-1
68,9,733.91,367.38,67.47,177.01,0.94,-1,-1,-1
68,14,823.39,387.57,64.19,155.88,0.91,-1,-1,-1
68,8,656.03,356.19,86.92,239.33,0.93,-1,-1,-1
68,17,791.74,387.48,32.59,101.42,0.85,-1,-1,-1
68,13,869.36,384.73,62.23,122.45,0.87,-1,-1,-1
68,18,1027.11,388.89,47.27,124.12,0.79,-1,-1,-1
68,19,694.29,377.27,53.21,158.93,0.85,-1,-1,-1
68,11,587.64,361.44,78.50,212.68,0.90,-1,-1,-1
68,20,1060.36,396.57,47.05,122.83,0.78,-1,-1,-1
68,21,900.85,389.47,48.40,127.24,0.75,-1,-1,-1
69,1,157.21,246.45,237.91,732.74,0.79,-1,-1,-1
69,2,294.61,188.76,292.56,882.10,0.75,-1,-1,-1
69,3,914.81,386.93,74.68,185.42,0.93,-1,-1,-1
69,4,1080.55,384.23,77.85,187.10,0.91,-1,-1,-1
69,5,975.63,371.67,71.75,201.02,0.92,-1,-1,-1
69,9,729.84,367.40,68.15,179.18,0.93,-1,-1,-1
69,14,817.71,388.19,67.72,156.89,0.91,-1,-1,-1
69,8,652.03,356.65,88.39,245.33,0.93,-1,-1,-1
69,17,790.30,388.07,33.08,101.74,0.85,-1,-1,-1
69,13,864.20,385.86,64.90,124.33,0.88,-1,-1,-1
69,18,1025.96,388.26,47.15,126.07,0.70,-1,-1,-1
69,19,688.33,377.49,55.76,160.35,0.79,-1,-1,-1
69,11,578.05,361.84,84.14,214.88,0.93,-1,-1,-1
69,20,1057.24,395.57,48.35,125.34,0.81,-1,-1,-1
69,21,898.13,389.82,48.98,128.20,0.83,-1,-1,-1
70,1,133.77,242.91,243.35,752.43,0.80,-1,-1,-1
70,2,258.54,184.67,306.75,915.15,0.78,-1,-1,-1
70,3,915.07,387.83,75.46,186.01,0.93,-1,-1,-1
70,4,1082.45,384.68,76.00,188.55,0.92,-1,-1,-1
70,5,975.63,373.45,71.75,200.24,0.93,-1,-1,-1
70,9,725.37,368.13,69.58,180.46,0.93,-1,-1,-1
70,14,814.40,389.31,69.05,157.28,0.93,-1,-1,-1
70,8,647.35,357.68,90.63,249.37,0.93,-1,-1,-1
70,17,789.46,388.71,32.66,101.73,0.85,-1,-1,-1
70,13,860.27,387.04,66.77,124.91,0.89,-1,-1,-1
70,18,1025.05,388.50,51.93,128.76,0.77,-1,-1,-1
70,19,683.17,378.60,57.27,160.99,0.78,-1,-1,-1
70,11,572.32,361.79,85.16,216.72,0.93,-1,-1,-1
70,20,1054.98,396.22,47.51,125.58,0.83,-1,-1,-1
70,21,896.30,390.40,49.48,128.99,0.86,-1,-1,-1
71,1,103.93,234.21,255.05,786.08,0.78,-1,-1,-1
71,2,222.65,173.93,321.75,955.73,0.77,-1,-1,-1
71,3,915.45,388.16,75.46,185.76,0.93,-1,-1,-1
71,4,1084.29,384.85,74.16,189.53,0.91,-1,-1,-1
71,5,975.60,375.18,72.99,199.93,0.93,-1,-1,-1
71,9,720.21,368.75,71.32,182.21,0.92,-1,-1,-1
71,14,810.27,390.04,72.50,158.42,0.92,-1,-1,-1
71,8,643.60,357.98,91.48,256.07,0.92,-1,-1,-1
71,17,787.97,388.67,34.31,103.05,0.83,-1,-1,-1
71,13,857.98,387.82,65.47,123.74,0.88,-1,-1,-1
71,18,1022.95,388.45,50.20,129.74,0.77,-1,-1,-1
71,19,678.94,381.31,56.65,159.33,0.59,-1,-1,-1
71,11,568.52,361.80,84.92,218.94,0.91,-1,-1,-1
71,20,1051.73,396.64,48.42,126.53,0.84,-1,-1,-1
71,21,894.83,390.79,47.94,128.49,0.87,-1,-1,-1
71,16,919.97,395.33,41.39,125.02,0.71,-1,-1,-1
72,1,75.33,232.25,260.69,795.48,0.74,-1,-1,-1
72,2,157.29,160.74,367.55,994.78,0.65,-1,-1,-1
72,3,915.86,388.46,74.77,185.48,0.93,-1,-1,-1
72,4,1084.99,385.26,73.47,190.46,0.91,-1,-1,-1
72,5,976.40,376.62,73.39,199.04,0.94,-1,-1,-1
72,9,717.06,369.63,71.30,182.80,0.94,-1,-1,-1
72,14,808.01,390.50,73.71,159.26,0.91,-1,-1,-1
72,8,636.73,358.90,96.32,259.44,0.92,-1,-1,-1
72,17,787.85,388.38,34.29,103.59,0.84,-1,-1,-1
72,13,856.20,388.01,65.07,123.44,0.88,-1,-1,-1
72,18,1019.45,387.28,46.94,131.88,0.75,-1,-1,-1
72,19,674.71,381.32,58.10,159.68,0.72,-1,-1,-1
72,11,564.69,362.30,84.65,219.76,0.92,-1,-1,-1
72,20,1048.32,397.63,51.13,125.79,0.84,-1,-1,-1
72,21,892.05,390.83,48.69,128.52,0.86,-1,-1,-1
72,16,917.19,395.04,42.71,127.20,0.75,-1,-1,-1
73,1,44.32,245.07,268.33,794.10,0.70,-1,-1,-1
73,2,77.61,139.43,425.73,1070.36,0.64,-1,-1,-1
73,3,917.55,388.14,74.25,184.87,0.92,-1,-1,-1
73,4,1086.55,385.42,72.10,190.76,0.91,-1,-1,-1
73,5,976.76,377.16,74.82,198.67,0.94,-1,-1,-1
73,9,713.24,369.42,71.93,184.40,0.93,-1,-1,-1
73,14,805.17,390.56,74.80,159.62,0.92,-1,-1,-1
73,8,627.73,359.16,103.42,261.92,0.93,-1,-1,-1
73,17,787.21,388.17,34.31,103.53,0.83,-1,-1,-1
73,13,855.68,388.12,61.99,122.02,0.88,-1,-1,-1
73,18,1012.22,387.76,44.49,131.38,0.28,-1,-1,-1
73,19,665.45,379.72,64.00,163.45,0.44,-1,-1,-1
73,11,557.95,361.65,88.69,223.50,0.91,-1,-1,-1
73,20,1040.11,397.89,58.10,126.16,0.87,-1,-1,-1
73,21,890.26,390.58,46.75,127.77,0.85,-1,-1,-1
73,16,915.69,394.69,42.00,128.10,0.79,-1,-1,-1
74,1,12.77,238.60,280.18,806.29,0.43,-1,-1,-1
74,2,17.71,123.44,465.12,1131.50,0.71,-1,-1,-1
74,3,919.10,387.06,74.29,183.30,0.92,-1,-1,-1
74,4,1088.18,385.74,71.60,191.32,0.91,-1,-1,-1
74,5,976.88,377.76,75.30,197.95,0.94,-1,-1,-1
74,9,711.51,369.31,70.91,186.60,0.93,-1,-1,-1
74,14,802.84,390.23,75.11,160.20,0.92,-1,-1,-1
74,8,622.88,359.84,104.93,264.87,0.94,-1,-1,-1
74,17,786.83,388.34,34.28,102.82,0.86,-1,-1,-1
74,13,854.00,387.83,60.65,121.98,0.88,-1,-1,-1
74,19,658.81,377.88,66.16,165.89,0.29,-1,-1,-1
74,11,553.80,360.49,90.12,228.21,0.90,-1,-1,-1
74,20,1036.97,398.25,60.69,126.17,0.88,-1,-1,-1
74,21,888.17,390.62,45.06,126.94,0.85,-1,-1,-1
74,16,914.38,394.06,42.57,129.67,0.84,-1,-1,-1
75,1,-8.10,242.65,261.19,768.62,0.49,-1,-1,-1
75,2,-20.81,78.59,484.34,1181.80,0.53,-1,-1,-1
75,3,920.92,385.80,73.13,182.08,0.92,-1,-1,-1
75,4,1089.48,385.78,71.49,190.46,0.92,-1,-1,-1
75,5,977.00,375.47,76.70,199.03,0.93,-1,-1,-1
75,9,707.93,368.40,71.73,189.73,0.93,-1,-1,-1
75,14,800.86,389.99,74.63,160.50,0.92,-1,-1,-1
75,8,621.29,358.93,104.31,266.78,0.93,-1,-1,-1
75,17,784.00,387.84,37.26,102.75,0.87,-1,-1,-1
75,13,852.94,387.02,58.35,124.43,0.88,-1,-1,-1
75,19,644.63,367.85,76.26,175.48,0.42,-1,-1,-1
75,11,548.43,359.31,92.99,233.60,0.91,-1,-1,-1
75,20,1035.39,398.32,60.54,126.23,0.89,-1,-1,-1
75,21,886.30,390.70,44.51,126.26,0.84,-1,-1,-1
75,16,911.37,393.58,44.27,130.47,0.86,-1,-1,-1
76,2,-51.52,50.58,483.90,1208.57,0.46,-1,-1,-1
76,3,923.00,384.06,72.36,181.59,0.92,-1,-1,-1
76,4,1091.60,385.89,70.26,190.52,0.91,-1,-1,-1
76,5,977.54,375.59,77.20,198.05,0.92,-1,-1,-1
76,9,706.68,367.26,69.62,190.97,0.93,-1,-1,-1
76,14,798.98,388.65,72.61,161.72,0.92,-1,-1,-1
76,8,614.43,358.09,109.20,268.92,0.93,-1,-1,-1
76,17,782.65,387.14,38.34,103.14,0.87,-1,-1,-1
76,13,851.75,385.47,57.42,129.17,0.89,-1,-1,-1
76,19,639.49,361.53,75.10,180.90,0.59,-1,-1,-1
76,11,542.76,358.06,95.76,238.59,0.93,-1,-1,-1
76,20,1035.38,397.39,59.19,126.81,0.89,-1,-1,-1
76,21,885.35,389.76,44.02,124.44,0.85,-1,-1,-1
76,16,909.05,392.75,46.07,131.31,0.88,-1,-1,-1
76,6,259.45,258.76,184.68,507.29,0.62,-1,-1,-1
77,2,-120.75,18.86,525.24,1340.77,0.48,-1,-1,-1
77,3,925.19,382.50,73.31,182.33,0.92,-1,-1,-1
77,4,1094.40,385.88,69.89,190.56,0.90,-1,-1,-1
77,5,979.17,373.35,78.62,199.06,0.93,-1,-1,-1
77,9,705.66,365.95,68.24,192.58,0.94,-1,-1,-1
77,14,797.42,387.84,71.23,162.17,0.91,-1,-1,-1
77,8,610.40,356.91,111.66,270.82,0.93,-1,-1,-1
77,17,782.98,386.29,37.61,103.89,0.86,-1,-1,-1
77,13,851.68,383.99,51.06,126.83,0.89,-1,-1,-1
77,19,637.31,358.83,74.47,183.23,0.50,-1,-1,-1
77,11,539.47,357.47,96.25,240.87,0.93,-1,-1,-1
77,20,1036.38,397.01,57.44,126.41,0.88,-1,-1,-1
77,21,884.69,389.10,43.90,126.57,0.86,-1,-1,-1
77,16,907.92,392.13,46.77,131.31,0.88,-1,-1,-1
77,6,255.56,282.35,182.27,475.79,0.80,-1,-1,-1
78,2,-134.24,-20.60,544.27,1417.46,0.23,-1,-1,-1
78,3,927.15,381.03,74.88,184.14,0.92,-1,-1,-1
78,4,1097.18,385.43,71.03,190.14,0.89,-1,-1,-1
78,5,982.13,370.72,87.44,200.08,0.92,-1,-1,-1
78,9,703.83,363.86,68.34,194.78,0.94,-1,-1,-1
78,14,795.39,387.10,70.11,163.06,0.91,-1,-1,-1
78,8,608.05,354.43,111.41,273.80,0.94,-1,-1,-1
78,17,782.20,385.83,37.31,104.02,0.85,-1,-1,-1
78,13,850.90,383.01,46.08,125.43,0.89,-1,-1,-1
78,19,636.01,356.56,73.58,187.12,0.54,-1,-1,-1
78,11,538.03,356.56,94.64,243.25,0.91,-1,-1,-1
78,20,1037.45,396.43,55.53,127.00,0.88,-1,-1,-1
78,21,883.58,387.67,44.81,127.98,0.87,-1,-1,-1
78,16,904.92,391.32,49.68,131.30,0.89,-1,-1,-1
78,6,247.47,287.80,183.27,458.70,0.90,-1,-1,-1
78,22,980.10,394.87,36.00,118.13,0.73,-1,-1,-1
79,3,929.63,380.48,75.45,184.37,0.93,-1,-1,-1
79,4,1099.33,385.41,72.65,189.98,0.89,-1,-1,-1
79,5,986.68,368.24,87.28,202.10,0.94,-1,-1,-1
79,9,702.06,361.86,68.97,196.89,0.94,-1,-1,-1
79,14,794.13,386.22,69.65,163.23,0.93,-1,-1,-1
79,8,605.58,352.43,112.35,277.18,0.94,-1,-1,-1
79,17,781.35,385.35,36.57,103.91,0.86,-1,-1,-1
79,13,850.12,382.19,43.73,126.09,0.90,-1,-1,-1
79,19,639.84,365.25,69.61,180.62,0.41,-1,-1,-1
79,11,531.20,355.44,99.23,247.30,0.91,-1,-1,-1
79,20,1037.93,395.77,54.75,127.21,0.89,-1,-1,-1
79,21,882.01,387.27,45.14,128.50,0.87,-1,-1,-1
79,16,903.25,389.97,50.76,133.35,0.88,-1,-1,-1
79,6,229.05,287.49,193.90,450.99,0.89,-1,-1,-1
79,22,977.41,393.46,36.05,118.79,0.72,-1,-1,-1
80,3,933.46,380.87,74.41,184.34,0.94,-1,-1,-1
80,4,1100.64,385.28,74.43,189.94,0.88,-1,-1,-1
80,5,991.97,366.57,83.56,203.79,0.93,-1,-1,-1
80,9,699.96,359.71,69.15,199.14,0.94,-1,-1,-1
80,14,791.31,384.79,70.03,165.07,0.92,-1,-1,-1
80,8,604.45,349.65,109.62,280.77,0.94,-1,-1,-1
80,17,781.00,384.81,36.24,104.02,0.84,-1,-1,-1
80,13,848.65,381.11,42.95,127.53,0.87,-1,-1,-1
80,19,639.43,361.63,67.93,187.20,0.29,-1,-1,-1
80,11,529.86,354.30,97.37,250.99,0.91,-1,-1,-1
80,20,1037.54,395.09,54.40,127.89,0.86,-1,-1,-1
80,21,881.15,386.95,44.94,129.01,0.87,-1,-1,-1
80,16,901.19,389.60,50.82,134.13,0.88,-1,-1,-1
80,6,209.95,282.57,205.51,490.35,0.89,-1,-1,-1
80,22,974.83,391.16,36.05,118.60,0.62,-1,-1,-1
80,18,992.85,381.12,39.90,131.24,0.62,-1,-1,-1
81,3,937.78,380.82,72.81,184.90,0.93,-1,-1,-1
81,4,1102.77,385.30,75.11,190.51,0.87,-1,-1,-1
81,5,996.28,366.04,80.85,204.39,0.93,-1,-1,-1
81,9,697.72,358.56,70.42,200.66,0.94,-1,-1,-1
81,14,790.29,384.35,69.57,165.72,0.93,-1,-1,-1
81,8,602.98,348.42,106.68,283.16,0.94,-1,-1,-1
81,17,780.85,384.56,35.52,104.49,0.84,-1,-1,-1
81,13,845.99,380.96,43.98,128.49,0.89,-1,-1,-1
81,19,638.47,362.91,66.68,187.96,0.17,-1,-1,-1
81,11,521.25,353.40,101.87,254.61,0.91,-1,-1,-1
81,20,1037.38,394.61,53.05,128.72,0.86,-1,-1,-1
81,21,880.84,386.32,45.49,130.08,0.87,-1,-1,-1
81,16,899.83,389.11,51.99,134.82,0.87,-1,-1,-1
81,6,195.98,280.42,211.15,498.33,0.91,-1,-1,-1
81,22,973.84,388.73,36.03,118.46,0.60,-1,-1,-1
81,18,990.12,383.85,39.58,129.85,0.63,-1,-1,-1
82,3,941.67,381.50,72.23,185.13,0.93,-1,-1,-1
82,4,1104.64,384.94,71.83,191.78,0.88,-1,-1,-1
82,5,999.55,366.10,78.64,206.26,0.92,-1,-1,-1
82,9,694.79,357.38,72.70,203.25,0.94,-1,-1,-1
82,14,788.71,383.85,69.41,167.29,0.93,-1,-1,-1
82,8,601.27,346.62,105.54,287.52,0.94,-1,-1,-1
82,17,779.83,384.57,35.85,104.67,0.83,-1,-1,-1
82,13,842.60,381.02,46.84,128.55,0.89,-1,-1,-1
82,11,513.06,352.02,107.04,258.25,0.93,-1,-1,-1
82,20,1036.11,394.23,52.53,129.62,0.75,-1,-1,-1
82,21,880.69,386.19,45.71,131.08,0.85,-1,-1,-1
82,16,898.14,389.63,53.59,135.36,0.89,-1,-1,-1
82,6,182.54,279.55,215.89,510.82,0.91,-1,-1,-1
82,22,969.49,389.98,41.45,121.96,0.10,-1,-1,-1
82,18,984.91,383.61,43.18,133.65,0.66,-1,-1,-1
83,3,943.71,382.96,73.22,185.43,0.93,-1,-1,-1
83,4,1106.58,384.37,71.79,193.23,0.89,-1,-1,-1
83,5,1001.99,366.30,80.23,207.63,0.93,-1,-1,-1
83,9,692.29,356.76,74.73,207.51,0.94,-1,-1,-1
83,14,786.74,383.50,69.95,168.51,0.93,-1,-1,-1
83,8,600.15,345.46,103.86,291.55,0.94,-1,-1,-1
83,17,780.10,385.15,35.38,104.62,0.76,-1,-1,-1
83,13,838.80,381.19,46.70,128.89,0.91,-1,-1,-1
83,11,507.07,350.55,108.43,262.73,0.94,-1,-1,-1
83,21,879.26,386.14,47.90,131.64,0.86,-1,-1,-1
83,16,895.59,390.13,54.48,135.74,0.90,-1,-1,-1
83,6,168.19,279.45,220.65,522.33,0.91,-1,-1,-1
83,18,982.62,383.82,43.26,124.56,0.75,-1,-1,-1
84,3,944.91,384.34,75.99,185.50,0.93,-1,-1,-1
84,4,1109.53,384.51,72.99,194.17,0.88,-1,-1,-1
84,5,1005.13,367.66,80.81,207.94,0.93,-1,-1,-1
84,9,688.42,356.95,78.44,211.54,0.94,-1,-1,-1
84,14,784.52,384.06,70.75,169.35,0.92,-1,-1,-1
84,8,596.22,344.57,105.01,296.01,0.94,-1,-1,-1
84,17,781.07,385.32,35.80,104.87,0.82,-1,-1,-1
84,13,833.46,381.66,50.89,129.42,0.91,-1,-1,-1
84,11,500.81,350.12,112.40,264.73,0.94,-1,-1,-1
84,21,877.80,386.36,49.01,132.11,0.87,-1,-1,-1
84,16,894.59,390.85,54.79,135.54,0.92,-1,-1,-1
84,6,152.51,277.49,229.74,546.86,0.91,-1,-1,-1
84,18,979.99,383.35,43.29,122.92,0.72,-1,-1,-1
85,3,944.64,385.35,77.01,185.34,0.94,-1,-1,-1
85,4,1112.26,384.46,74.63,196.72,0.86,-1,-1,-1
85,5,1007.34,368.54,82.20,208.88,0.93,-1,-1,-1
85,9,685.54,357.70,81.58,215.32,0.94,-1,-1,-1
85,14,781.34,384.78,72.82,170.64,0.94,-1,-1,-1
85,8,588.29,344.77,109.58,300.92,0.93,-1,-1,-1
85,17,781.11,384.98,35.35,105.98,0.82,-1,-1,-1
85,13,828.88,382.04,52.41,129.73,0.92,-1,-1,-1
85,11,496.25,349.15,113.27,268.26,0.93,-1,-1,-1
85,21,876.93,386.34,49.72,132.40,0.88,-1,-1,-1
85,16,893.63,391.47,55.46,136.00,0.92,-1,-1,-1
85,6,138.05,276.14,235.53,563.90,0.90,-1,-1,-1
85,18,976.06,382.94,45.68,130.85,0.77,-1,-1,-1
86,3,944.81,386.44,78.54,185.37,0.93,-1,-1,-1
86,4,1115.31,384.43,75.22,196.12,0.88,-1,-1,-1
86,5,1009.04,370.20,82.68,208.41,0.93,-1,-1,-1
86,9,681.15,358.28,85.64,218.98,0.93,-1,-1,-1
86,14,778.85,385.48,73.56,171.19,0.94,-1,-1,-1
86,8,579.71,344.27,114.75,307.88,0.94,-1,-1,-1
86,17,780.67,385.27,33.95,107.40,0.80,-1,-1,-1
86,13,826.43,382.75,51.80,129.79,0.91,-1,-1,-1
86,11,490.79,348.77,112.30,270.59,0.94,-1,-1,-1
86,21,875.85,386.46,49.36,132.30,0.88,-1,-1,-1
86,16,892.54,391.67,55.07,137.60,0.93,-1,-1,-1
86,6,119.62,274.10,242.61,571.88,0.90,-1,-1,-1
86,18,969.73,382.49,51.23,129.54,0.52,-1,-1,-1
87,3,944.88,387.97,80.29,184.16,0.93,-1,-1,-1
87,4,1120.01,384.48,70.68,195.10,0.87,-1,-1,-1
87,5,1012.03,371.21,81.65,208.34,0.93,-1,-1,-1
87,9,678.76,358.60,87.75,222.18,0.93,-1,-1,-1
87,14,773.63,385.68,77.39,172.53,0.94,-1,-1,-1
87,8,570.80,343.90,119.61,314.93,0.94,-1,-1,-1
87,17,779.38,385.76,33.43,105.99,0.79,-1,-1,-1
87,13,824.53,382.96,51.54,130.08,0.90,-1,-1,-1
87,11,487.25,349.18,110.05,271.32,0.92,-1,-1,-1
87,21,874.97,386.44,48.02,133.43,0.88,-1,-1,-1
87,16,891.39,392.13,54.58,138.62,0.93,-1,-1,-1
87,6,102.25,274.35,253.29,579.48,0.89,-1,-1,-1
87,18,970.81,383.28,48.79,122.26,0.27,-1,-1,-1
87,22,939.23,394.03,55.07,117.46,0.81,-1,-1,-1
88,3,946.12,385.78,79.78,186.74,0.94,-1,-1,-1
88,4,1124.25,384.46,70.18,195.32,0.87,-1,-1,-1
88,5,1013.17,373.48,82.47,206.98,0.92,-1,-1,-1
88,9,675.93,359.59,89.73,223.94,0.93,-1,-1,-1
88,14,768.57,386.47,81.17,172.59,0.95,-1,-1,-1
88,8,564.59,344.48,122.08,320.06,0.93,-1,-1,-1
88,17,777.47,386.07,35.69,105.89,0.80,-1,-1,-1
88,13,822.50,382.71,49.66,131.69,0.91,-1,-1,-1
88,11,481.07,347.86,110.35,275.07,0.93,-1,-1,-1
88,21,872.66,386.55,49.62,133.71,0.87,-1,-1,-1
88,16,891.10,391.82,53.80,140.04,0.92,-1,-1,-1
88,6,83.04,272.04,259.04,588.33,0.87,-1,-1,-1
88,22,934.40,395.26,56.11,118.62,0.86,-1,-1,-1
89,3,948.20,385.32,78.37,186.30,0.94,-1,-1,-1
89,4,1128.56,384.06,66.38,195.94,0.86,-1,-1,-1
89,5,1013.98,374.55,83.95,206.39,0.93,-1,-1,-1
89,9,672.55,359.20,91.60,227.85,0.93,-1,-1,-1
89,14,765.74,385.95,81.44,174.16,0.94,-1,-1,-1
89,8,557.36,344.70,124.71,327.07,0.93,-1,-1,-1
89,17,774.95,386.12,37.68,106.12,0.80,-1,-1,-1
89,13,820.90,382.54,48.93,132.24,0.90,-1,-1,-1
89,11,474.47,347.05,110.40,278.67,0.93,-1,-1,-1
89,21,870.27,386.52,51.68,134.36,0.87,-1,-1,-1
89,16,889.78,391.47,53.47,140.96,0.91,-1,-1,-1
89,6,65.35,268.32,263.93,601.63,0.85,-1,-1,-1
89,22,931.38,395.27,57.61,119.85,0.87,-1,-1,-1
89,19,620.69,372.21,62.40,187.70,0.64,-1,-1,-1
90,3,951.20,385.25,75.45,185.51,0.93,-1,-1,-1
90,4,1131.14,383.98,67.49,194.95,0.86,-1,-1,-1
90,5,1016.46,374.58,82.18,207.19,0.92,-1,-1,-1
90,9,667.72,358.63,93.49,230.40,0.94,-1,-1,-1
90,14,763.77,386.50,80.95,175.30,0.93,-1,-1,-1
90,8,554.61,344.11,122.24,334.26,0.93,-1,-1,-1
90,17,771.84,385.83,39.63,104.84,0.64,-1,-1,-1
90,13,819.10,382.03,46.89,133.60,0.89,-1,-1,-1
90,11,467.91,346.23,111.03,282.41,0.94,-1,-1,-1
90,21,864.89,386.04,57.45,134.88,0.87,-1,-1,-1
90,16,888.04,391.31,52.76,141.41,0.91,-1,-1,-1
90,6,42.52,265.07,270.87,610.50,0.88,-1,-1,-1
90,22,929.63,394.62,55.87,121.64,0.89,-1,-1,-1
90,19,619.76,372.92,60.18,186.06,0.60,-1,-1,-1
91,3,956.71,385.32,71.87,184.67,0.92,-1,-1,-1
91,4,1134.04,383.96,66.65,195.37,0.86,-1,-1,-1
91,5,1019.35,375.00,80.22,207.55,0.93,-1,-1,-1
91,9,664.07,358.14,94.12,232.53,0.93,-1,-1,-1
91,14,762.13,386.75,79.50,176.35,0.94,-1,-1,-1
91,8,549.50,343.88,123.45,340.49,0.94,-1,-1,-1
91,17,773.45,385.92,35.71,99.74,0.39,-1,-1,-1
91,13,817.54,381.46,44.87,133.99,0.89,-1,-1,-1
91,11,455.66,344.72,117.09,288.52,0.94,-1,-1,-1
91,21,860.79,386.10,61.89,134.65,0.87,-1,-1,-1
91,16,887.05,390.00,52.45,142.93,0.90,-1,-1,-1
91,6,18.74,260.05,278.66,626.09,0.87,-1,-1,-1
91,22,928.80,394.17,52.70,122.36,0.89,-1,-1,-1
91,19,616.79,371.94,60.70,188.01,0.54,-1,-1,-1
91,18,957.53,383.65,53.53,154.88,0.62,-1,-1,-1
92,3,961.15,384.26,70.59,185.75,0.93,-1,-1,-1
92,4,1136.29,383.46,66.40,197.21,0.85,-1,-1,-1
92,5,1021.01,374.19,78.32,208.33,0.93,-1,-1,-1
92,9,660.68,356.76,94.35,234.49,0.94,-1,-1,-1
92,14,759.82,386.37,78.94,177.79,0.93,-1,-1,-1
92,8,544.41,341.88,124.52,347.93,0.93,-1,-1,-1
92,17,771.44,385.17,39.00,104.40,0.14,-1,-1,-1
92,13,814.34,380.62,46.02,135.33,0.88,-1,-1,-1
92,11,442.51,343.12,123.62,295.97,0.93,-1,-1,-1
92,21,856.37,389.08,64.25,130.69,0.85,-1,-1,-1
92,16,886.47,387.84,52.65,145.74,0.90,-1,-1,-1
92,6,-9.80,255.85,292.02,640.03,0.84,-1,-1,-1
92,22,928.13,393.20,49.03,122.80,0.90,-1,-1,-1
92,19,610.30,370.64,65.77,199.53,0.78,-1,-1,-1
92,18,955.94,384.43,54.03,161.32,0.70,-1,-1,-1
93,3,966.15,383.17,67.71,186.73,0.93,-1,-1,-1
93,4,1137.41,383.01,68.76,204.57,0.84,-1,-1,-1
93,5,1021.34,372.73,78.83,209.34,0.93,-1,-1,-1
93,9,656.98,354.69,93.21,236.88,0.94,-1,-1,-1
93,14,757.10,385.41,78.12,179.02,0.94,-1,-1,-1
93,8,539.25,340.33,123.70,353.08,0.93,-1,-1,-1
93,13,811.28,379.18,45.84,137.14,0.89,-1,-1,-1
93,11,430.04,342.18,128.87,301.02,0.93,-1,-1,-1
93,21,852.47,387.41,68.02,131.88,0.85,-1,-1,-1
93,16,885.54,386.79,52.12,146.31,0.91,-1,-1,-1
93,6,-37.36,247.16,303.47,652.36,0.83,-1,-1,-1
93,22,927.29,391.55,46.40,124.74,0.89,-1,-1,-1
93,19,604.00,369.92,69.97,204.81,0.81,-1,-1,-1
93,18,951.09,384.53,53.03,148.76,0.85,-1,-1,-1
94,3,969.79,382.16,66.72,187.72,0.93,-1,-1,-1
94,4,1137.27,382.95,72.06,210.15,0.83,-1,-1,-1
94,5,1022.68,371.70,77.87,209.28,0.93,-1,-1,-1
94,9,654.81,352.34,90.40,239.64,0.95,-1,-1,-1
94,14,756.52,383.58,75.44,181.25,0.92,-1,-1,-1
94,8,533.62,337.47,123.40,359.02,0.92,-1,-1,-1
94,13,807.89,377.93,46.42,138.56,0.88,-1,-1,-1
94,11,421.58,341.04,130.37,303.45,0.92,-1,-1,-1
94,21,849.05,386.81,68.94,132.93,0.85,-1,-1,-1
94,16,884.11,385.67,52.55,147.55,0.90,-1,-1,-1
94,6,-47.91,239.64,296.80,675.43,0.83,-1,-1,-1
94,22,926.59,390.34,43.01,127.25,0.89,-1,-1,-1
94,19,598.75,368.36,70.49,209.34,0.84,-1,-1,-1
94,18,946.46,384.02,53.85,142.99,0.86,-1,-1,-1
95,3,970.94,381.22,67.60,189.26,0.92,-1,-1,-1
95,4,1136.45,383.72,74.47,210.02,0.83,-1,-1,-1
95,5,1024.23,370.91,76.28,206.08,0.92,-1,-1,-1
95,9,651.43,350.29,89.23,241.76,0.95,-1,-1,-1
95,14,756.71,382.03,71.35,183.22,0.93,-1,-1,-1
95,8,528.71,335.53,120.81,364.01,0.92,-1,-1,-1
95,13,806.09,377.64,45.43,138.31,0.89,-1,-1,-1
95,11,415.08,340.34,129.64,311.26,0.93,-1,-1,-1
95,21,847.15,390.04,68.07,130.47,0.86,-1,-1,-1
95,16,882.09,384.26,52.39,148.70,0.91,-1,-1,-1
95,6,-53.77,227.97,281.55,693.32,0.82,-1,-1,-1
95,22,924.60,389.63,40.51,127.28,0.86,-1,-1,-1
95,19,594.77,367.18,71.80,211.58,0.86,-1,-1,-1
95,18,943.58,384.04,54.13,140.01,0.88,-1,-1,-1
96,3,971.08,380.92,67.90,190.55,0.93,-1,-1,-1
96,4,1135.25,384.25,76.52,209.87,0.82,-1,-1,-1
96,5,1024.55,370.21,75.66,205.44,0.92,-1,-1,-1
96,9,648.07,348.36,88.12,245.84,0.94,-1,-1,-1
96,14,754.63,380.42,70.40,186.87,0.92,-1,-1,-1
96,8,520.98,332.31,122.70,370.39,0.92,-1,-1,-1
96,13,802.98,377.87,46.25,138.61,0.89,-1,-1,-1
96,11,406.32,338.61,130.36,320.09,0.93,-1,-1,-1
96,21,844.30,389.33,68.20,130.73,0.84,-1,-1,-1
96,16,878.82,384.51,53.49,149.08,0.90,-1,-1,-1
96,6,-74.62,219.66,293.87,734.47,0.65,-1,-1,-1
96,22,922.00,389.40,39.63,128.00,0.84,-1,-1,-1
96,19,591.78,366.86,71.64,212.92,0.86,-1,-1,-1
96,18,940.06,383.64,55.37,140.62,0.88,-1,-1,-1
97,3,971.23,381.90,69.21,190.79,0.93,-1,-1,-1
97,4,1134.38,384.85,80.77,215.03,0.83,-1,-1,-1
97,5,1025.42,369.70,75.40,206.34,0.92,-1,-1,-1
97,9,643.47,347.28,89.43,248.73,0.94,-1,-1,-1
97,14,750.45,379.05,71.87,190.64,0.91,-1,-1,-1
97,8,512.42,330.10,126.85,375.58,0.92,-1,-1,-1
97,13,801.19,377.19,45.32,139.64,0.87,-1,-1,-1
97,11,398.60,337.20,129.31,325.69,0.92,-1,-1,-1
97,21,842.59,387.70,68.18,132.68,0.85,-1,-1,-1
97,16,875.45,384.34,55.05,149.69,0.90,-1,-1,-1
97,6,-101.60,213.74,292.22,759.87,0.67,-1,-1,-1
97,22,917.65,389.65,40.57,128.73,0.85,-1,-1,-1
97,19,584.38,365.91,74.45,215.19,0.85,-1,-1,-1
97,18,938.44,383.37,52.26,140.57,0.89,-1,-1,-1
97,20,1016.03,393.52,45.15,144.61,0.61,-1,-1,-1
98,3,971.31,383.20,71.00,189.84,0.93,-1,-1,-1
98,4,1134.17,385.76,83.65,215.20,0.82,-1,-1,-1
98,5,1026.40,371.01,76.63,205.05,0.92,-1,-1,-1
98,9,638.88,346.17,89.43,251.98,0.94,-1,-1,-1
98,14,747.53,378.51,71.91,192.06,0.93,-1,-1,-1
98,8,503.73,328.03,130.94,381.11,0.93,-1,-1,-1
98,13,794.65,377.95,49.28,139.57,0.89,-1,-1,-1
98,11,389.67,335.64,129.29,330.05,0.92,-1,-1,-1
98,21,841.21,387.01,68.79,133.12,0.81,-1,-1,-1
98,16,869.60,383.61,59.24,151.68,0.92,-1,-1,-1
98,6,-132.39,197.02,292.81,793.50,0.40,-1,-1,-1
98,22,911.10,389.65,42.50,127.81,0.87,-1,-1,-1
98,19,582.84,366.46,72.10,216.02,0.83,-1,-1,-1
98,18,936.30,382.73,49.87,141.84,0.89,-1,-1,-1
98,20,1013.67,392.75,43.60,145.19,0.61,-1,-1,-1
99,3,971.73,384.17,71.69,189.60,0.92,-1,-1,-1
99,4,1133.88,386.28,87.07,220.07,0.79,-1,-1,-1
99,5,1028.96,370.64,75.91,206.35,0.93,-1,-1,-1
99,9,632.68,346.12,91.81,256.06,0.95,-1,-1,-1
99,14,744.31,378.07,71.34,193.11,0.93,-1,-1,-1
99,8,495.76,325.57,134.24,389.48,0.93,-1,-1,-1
99,13,792.46,377.84,48.39,140.55,0.86,-1,-1,-1
99,11,378.45,333.67,131.90,336.82,0.93,-1,-1,-1
99,21,840.34,387.54,67.81,132.82,0.77,-1,-1,-1
99,16,863.80,383.98,63.72,152.39,0.93,-1,-1,-1
99,6,-120.64,225.73,247.23,681.50,0.27,-1,-1,-1
99,22,902.37,390.14,48.90,129.37,0.87,-1,-1,-1
99,19,581.77,368.22,68.12,216.23,0.84,-1,-1,-1
99,18,932.48,381.49,48.99,144.79,0.87,-1,-1,-1
99,20,1011.61,392.96,43.18,145.24,0.75,-1,-1,-1
100,3,972.38,385.33,73.12,189.32,0.93,-1,-1,-1
100,4,1134.25,387.25,89.51,226.39,0.74,-1,-1,-1
100,5,1030.44,371.30,75.63,207.26,0.93,-1,-1,-1
100,9,626.06,347.07,94.44,259.83,0.94,-1,-1,-1
100,14,740.21,377.67,72.32,194.60,0.92,-1,-1,-1
100,8,483.00,323.55,144.22,396.54,0.92,-1,-1,-1
100,13,783.73,378.74,53.97,140.57,0.89,-1,-1,-1
100,11,366.43,331.52,135.32,342.71,0.92,-1,-1,-1
100,21,841.01,386.42,69.74,136.13,0.80,-1,-1,-1
100,16,855.85,385.22,69.46,152.15,0.92,-1,-1,-1
100,22,895.69,390.83,53.54,130.36,0.82,-1,-1,-1
100,19,575.24,368.18,69.00,218.42,0.82,-1,-1,-1
100,18,926.93,380.78,51.09,146.44,0.88,-1,-1,-1
100,20,1007.82,392.65,45.52,148.92,0.72,-1,-1,-1
101,3,972.75,386.33,74.87,189.19,0.93,-1,-1,-1
101,4,1133.97,386.99,95.09,231.09,0.79,-1,-1,-1
101,5,1031.70,372.12,75.56,207.59,0.93,-1,-1,-1
101,9,620.31,347.92,96.63,262.78,0.94,-1,-1,-1
101,14,735.66,377.53,75.10,196.28,0.93,-1,-1,-1
101,8,476.68,321.09,146.33,406.67,0.92,-1,-1,-1
101,13,779.28,379.54,56.02,141.00,0.89,-1,-1,-1
101,11,352.89,329.89,141.89,348.32,0.92,-1,-1,-1
101,16,850.95,385.70,72.58,152.90,0.92,-1,-1,-1
101,22,891.03,391.37,55.99,130.70,0.82,-1,-1,-1
101,19,569.84,368.18,71.72,220.66,0.85,-1,-1,-1
101,18,923.37,380.66,51.88,147.15,0.88,-1,-1,-1
101,20,1005.47,392.37,46.38,152.20,0.73,-1,-1,-1
101,23,695.70,394.20,32.40,94.05,0.78,-1,-1,-1
102,3,973.31,386.83,75.52,190.49,0.92,-1,-1,-1
102,4,1135.42,387.16,94.91,237.51,0.82,-1,-1,-1
102,5,1033.19,372.70,76.73,208.61,0.93,-1,-1,-1
102,9,614.30,348.09,98.01,268.67,0.94,-1,-1,-1
102,14,732.15,377.77,75.55,200.41,0.92,-1,-1,-1
102,8,460.97,320.14,159.26,411.56,0.90,-1,-1,-1
102,13,775.79,379.66,56.81,141.88,0.90,-1,-1,-1
102,11,341.27,328.08,147.10,353.81,0.92,-1,-1,-1
102,16,846.39,386.61,74.63,152.70,0.94,-1,-1,-1
102,22,882.60,391.41,63.53,134.24,0.83,-1,-1,-1
102,19,558.38,367.98,76.26,224.85,0.82,-1,-1,-1
102,18,922.63,380.61,48.59,147.96,0.87,-1,-1,-1
102,20,1002.14,391.06,49.12,160.21,0.65,-1,-1,-1
102,23,693.13,394.11,33.89,94.71,0.82,-1,-1,-1
103,3,974.73,387.11,75.72,191.41,0.92,-1,-1,-1
103,4,1137.21,387.48,94.71,238.13,0.79,-1,-1,-1
103,5,1034.96,374.08,79.54,208.68,0.93,-1,-1,-1
103,9,610.21,348.39,97.29,273.74,0.94,-1,-1,-1
103,14,729.54,378.40,75.68,203.69,0.93,-1,-1,-1
103,8,454.45,319.17,160.28,413.18,0.91,-1,-1,-1
103,13,774.38,380.39,55.90,142.03,0.91,-1,-1,-1
103,11,329.48,326.44,148.59,359.26,0.91,-1,-1,-1
103,16,843.92,386.60,74.80,153.19,0.95,-1,-1,-1
103,22,878.58,391.07,66.72,136.42,0.86,-1,-1,-1
103,19,553.04,368.12,76.79,225.78,0.85,-1,-1,-1
103,18,917.46,380.26,50.67,149.10,0.86,-1,-1,-1
103,23,689.52,393.37,36.23,95.20,0.81,-1,-1,-1
104,3,977.55,386.50,75.79,192.29,0.91,-1,-1,-1
104,4,1140.14,387.18,93.40,238.77,0.78,-1,-1,-1
104,5,1036.11,374.48,82.96,208.65,0.93,-1,-1,-1
104,9,605.89,351.25,97.57,277.71,0.94,-1,-1,-1
104,14,727.49,378.28,75.14,208.36,0.93,-1,-1,-1
104,8,443.26,317.05,170.39,422.89,0.88,-1,-1,-1
104,13,772.22,379.69,56.10,143.52,0.90,-1,-1,-1
104,11,318.31,324.96,151.41,364.59,0.92,-1,-1,-1
104,16,842.78,387.11,74.79,153.30,0.94,-1,-1,-1
104,22,875.97,390.56,63.45,137.19,0.84,-1,-1,-1
104,19,543.27,367.82,81.68,229.54,0.85,-1,-1,-1
104,18,910.00,379.75,55.27,149.46,0.86,-1,-1,-1
104,23,687.09,393.22,37.71,95.81,0.83,-1,-1,-1
105,3,980.92,385.97,74.58,190.82,0.91,-1,-1,-1
105,4,1143.56,386.20,90.42,238.32,0.71,-1,-1,-1
105,5,1036.48,374.94,85.40,208.33,0.94,-1,-1,-1
105,9,600.27,349.54,100.57,284.55,0.92,-1,-1,-1
105,14,728.34,378.52,73.08,210.66,0.92,-1,-1,-1
105,8,422.25,315.06,189.58,436.95,0.91,-1,-1,-1
105,13,769.45,379.56,55.54,144.21,0.90,-1,-1,-1
105,11,306.62,323.03,155.42,373.65,0.93,-1,-1,-1
105,16,842.45,386.55,73.52,154.66,0.94,-1,-1,-1
105,22,875.50,390.65,59.29,137.14,0.83,-1,-1,-1
105,19,534.47,366.47,84.62,240.93,0.85,-1,-1,-1
105,18,903.18,378.98,59.28,151.32,0.85,-1,-1,-1
105,23,687.73,392.67,36.17,96.14,0.84,-1,-1,-1
106,3,982.21,386.07,75.30,188.54,0.91,-1,-1,-1
106,4,1148.55,386.01,83.21,225.56,0.59,-1,-1,-1
106,5,1036.66,375.42,87.49,208.60,0.94,-1,-1,-1
106,9,594.09,348.21,102.83,288.94,0.93,-1,-1,-1
106,14,723.63,378.14,76.53,213.17,0.94,-1,-1,-1
106,8,405.12,313.77,201.40,449.24,0.91,-1,-1,-1
106,13,767.33,379.03,54.10,145.56,0.90,-1,-1,-1
106,11,291.74,320.87,161.83,384.60,0.91,-1,-1,-1
106,16,842.78,387.21,70.60,154.63,0.93,-1,-1,-1
106,22,876.48,389.94,53.71,137.60,0.79,-1,-1,-1
106,19,529.64,363.83,84.56,246.48,0.82,-1,-1,-1
106,18,898.93,378.70,60.84,151.75,0.88,-1,-1,-1
106,23,685.17,392.14,37.48,96.91,0.84,-1,-1,-1
107,3,985.62,384.47,75.59,187.63,0.90,-1,-1,-1
107,4,1153.41,383.95,79.23,228.33,0.72,-1,-1,-1
107,5,1037.86,374.40,88.30,209.40,0.94,-1,-1,-1
107,9,584.89,346.49,107.83,292.19,0.93,-1,-1,-1
107,14,720.24,377.78,78.40,214.74,0.93,-1,-1,-1
107,8,389.04,312.16,209.68,463.58,0.92,-1,-1,-1
107,13,764.93,378.00,52.35,146.45,0.91,-1,-1,-1
107,11,278.84,318.21,167.48,400.66,0.92,-1,-1,-1
107,16,853.58,386.32,58.65,147.23,0.70,-1,-1,-1
107,22,874.05,388.37,50.36,140.38,0.76,-1,-1,-1
107,19,523.09,361.61,85.10,254.31,0.84,-1,-1,-1
107,18,893.37,378.50,64.94,151.24,0.88,-1,-1,-1
107,23,684.41,391.61,37.30,97.45,0.85,-1,-1,-1
107,21,842.37,388.58,68.70,153.22,0.92,-1,-1,-1
107,20,975.18,402.90,60.30,141.17,0.66,-1,-1,-1
108,3,989.27,383.41,74.49,188.68,0.91,-1,-1,-1
108,4,1158.21,382.16,75.34,227.71,0.72,-1,-1,-1
108,5,1040.08,373.40,88.57,210.33,0.93,-1,-1,-1
108,9,576.54,344.02,112.60,295.70,0.93,-1,-1,-1
108,14,721.11,377.60,76.14,215.89,0.93,-1,-1,-1
108,8,374.72,310.04,215.50,473.94,0.92,-1,-1,-1
108,13,763.27,376.54,51.07,146.93,0.91,-1,-1,-1
108,11,269.74,316.38,167.83,402.87,0.91,-1,-1,-1
108,16,860.02,384.90,53.89,145.46,0.71,-1,-1,-1
108,22,873.05,386.88,47.28,139.35,0.68,-1,-1,-1
108,19,517.52,360.54,84.65,256.26,0.83,-1,-1,-1
108,18,887.04,378.72,70.79,150.72,0.88,-1,-1,-1
108,23,683.92,391.24,36.57,97.47,0.84,-1,-1,-1
108,21,841.91,387.49,68.49,156.30,0.93,-1,-1,-1
108,20,972.37,395.74,63.65,146.88,0.80,-1,-1,-1
109,3,991.65,382.66,74.11,188.77,0.90,-1,-1,-1
109,4,1161.58,380.50,75.26,231.02,0.72,-1,-1,-1
109,5,1041.95,371.75,89.87,211.25,0.93,-1,-1,-1
109,9,568.37,340.62,117.39,300.28,0.93,-1,-1,-1
109,14,715.47,377.11,81.31,219.04,0.93,-1,-1,-1
109,8,361.58,307.76,219.92,484.51,0.92,-1,-1,-1
109,13,760.24,375.24,51.23,147.82,0.90,-1,-1,-1
109,11,258.85,314.69,170.86,401.03,0.91,-1,-1,-1
109,16,846.45,385.41,63.21,153.45,0.93,-1,-1,-1
109,22,865.91,385.24,48.71,141.73,0.71,-1,-1,-1
109,19,511.92,357.42,85.09,261.98,0.87,-1,-1,-1
109,18,885.90,378.49,71.14,151.67,0.89,-1,-1,-1
109,23,683.39,390.53,35.68,98.07,0.85,-1,-1,-1
109,20,969.51,393.09,63.81,150.23,0.85,-1,-1,-1
110,3,995.72,383.11,72.68,188.38,0.91,-1,-1,-1
110,4,1166.00,380.39,72.72,225.86,0.72,-1,-1,-1
110,5,1045.83,370.83,90.25,211.62,0.93,-1,-1,-1
110,9,559.84,338.42,123.71,303.85,0.93,-1,-1,-1
110,14,716.91,376.65,79.59,221.52,0.92,-1,-1,-1
110,8,347.97,305.35,223.40,490.61,0.91,-1,-1,-1
110,13,756.48,373.91,52.44,149.79,0.89,-1,-1,-1
110,11,247.41,312.60,172.62,415.46,0.92,-1,-1,-1
110,16,842.01,385.23,64.96,156.97,0.93,-1,-1,-1
110,22,858.59,383.69,50.37,144.69,0.73,-1,-1,-1
110,19,505.24,355.59,86.29,263.66,0.79,-1,-1,-1
110,18,885.11,377.75,70.83,152.03,0.89,-1,-1,-1
110,23,682.59,389.20,35.30,99.50,0.84,-1,-1,-1
110,20,968.80,392.35,63.75,152.12,0.86,-1,-1,-1
111,3,998.13,383.02,72.16,188.33,0.92,-1,-1,-1
111,4,1169.70,379.77,78.03,244.12,0.70,-1,-1,-1
111,5,1049.97,369.16,89.19,212.89,0.94,-1,-1,-1
111,9,550.49,335.50,130.17,307.94,0.94,-1,-1,-1
111,14,709.70,375.84,84.27,224.09,0.94,-1,-1,-1
111,8,340.72,302.27,220.98,499.09,0.90,-1,-1,-1
111,13,752.02,372.60,54.69,152.39,0.88,-1,-1,-1
111,11,233.03,310.40,178.21,418.32,0.91,-1,-1,-1
111,16,838.94,385.36,64.49,158.26,0.92,-1,-1,-1
111,22,854.00,382.71,51.60,145.74,0.78,-1,-1,-1
111,19,497.16,351.79,89.68,272.75,0.84,-1,-1,-1
111,18,884.75,377.53,68.32,151.94,0.89,-1,-1,-1
111,23,680.35,388.21,36.39,100.74,0.86,-1,-1,-1
111,20,967.84,391.35,63.68,153.39,0.87,-1,-1,-1
112,3,999.60,382.71,73.18,189.38,0.92,-1,-1,-1
112,4,1172.84,380.01,71.59,229.83,0.73,-1,-1,-1
112,5,1055.74,368.41,86.36,213.96,0.93,-1,-1,-1
112,9,542.43,332.80,136.66,314.69,0.94,-1,-1,-1
112,14,706.26,375.39,85.39,226.19,0.94,-1,-1,-1
112,8,332.68,299.52,219.91,502.11,0.90,-1,-1,-1
112,13,748.42,372.27,56.71,155.14,0.88,-1,-1,-1
112,11,219.26,308.57,182.59,426.24,0.91,-1,-1,-1
112,16,836.75,384.39,63.66,159.92,0.91,-1,-1,-1
112,22,848.93,382.23,54.45,148.18,0.72,-1,-1,-1
112,19,488.16,348.76,94.44,282.55,0.86,-1,-1,-1
112,18,883.99,377.02,65.18,153.38,0.89,-1,-1,-1
112,23,679.03,387.85,36.19,101.34,0.88,-1,-1,-1
112,20,965.90,390.85,63.62,155.07,0.84,-1,-1,-1
113,3,1001.22,382.86,74.76,190.20,0.92,-1,-1,-1
113,4,1175.61,382.67,69.04,220.12,0.70,-1,-1,-1
113,5,1060.79,368.55,85.26,214.92,0.93,-1,-1,-1
113,9,535.13,331.81,143.15,325.47,0.94,-1,-1,-1
113,14,704.14,375.36,85.21,227.47,0.94,-1,-1,-1
113,8,322.81,296.05,220.93,519.93,0.89,-1,-1,-1
113,13,743.90,372.30,58.07,156.72,0.86,-1,-1,-1
113,11,201.50,306.93,187.98,441.91,0.89,-1,-1,-1
113,16,834.50,384.74,62.13,161.09,0.91,-1,-1,-1
113,22,847.68,382.04,54.34,148.31,0.76,-1,-1,-1
113,19,481.38,348.93,94.51,285.03,0.85,-1,-1,-1
113,18,882.33,377.41,63.05,152.53,0.89,-1,-1,-1
113,23,676.15,387.87,37.31,101.82,0.85,-1,-1,-1
113,20,963.46,390.63,65.91,154.92,0.88,-1,-1,-1
114,3,1001.60,383.14,76.53,191.21,0.92,-1,-1,-1
114,4,1177.53,384.48,68.18,218.77,0.69,-1,-1,-1
114,5,1064.81,368.10,83.62,217.00,0.93,-1,-1,-1
114,9,527.81,332.31,149.60,335.67,0.94,-1,-1,-1
114,14,701.29,375.15,86.27,228.99,0.94,-1,-1,-1
114,8,312.35,292.72,222.88,533.22,0.89,-1,-1,-1
114,13,740.13,372.86,58.56,158.27,0.87,-1,-1,-1
114,11,184.33,305.45,192.32,455.63,0.90,-1,-1,-1
114,16,831.24,385.40,60.93,161.90,0.91,-1,-1,-1
114,22,844.94,383.26,55.46,145.89,0.77,-1,-1,-1
114,19,469.27,350.78,100.91,295.54,0.87,-1,-1,-1
114,18,879.92,377.65,60.40,151.54,0.90,-1,-1,-1
114,23,674.46,387.83,37.12,102.10,0.85,-1,-1,-1
114,20,960.71,390.48,67.91,156.16,0.89,-1,-1,-1
115,3,1002.95,384.98,78.43,191.65,0.93,-1,-1,-1
115,4,1180.73,387.93,65.50,213.70,0.60,-1,-1,-1
115,5,1067.53,368.46,84.27,218.43,0.92,-1,-1,-1
115,9,517.01,331.62,159.59,346.01,0.93,-1,-1,-1
115,14,698.22,375.33,88.47,230.76,0.94,-1,-1,-1
115,8,300.89,289.12,222.74,546.45,0.88,-1,-1,-1
115,13,735.86,373.04,59.95,159.47,0.85,-1,-1,-1
115,11,165.52,302.57,198.60,467.29,0.89,-1,-1,-1
115,16,827.16,384.71,62.94,164.30,0.90,-1,-1,-1
115,22,844.07,383.39,54.12,148.26,0.78,-1,-1,-1
115,19,458.34,352.79,104.52,303.77,0.84,-1,-1,-1
115,18,877.41,377.69,55.78,152.40,0.88,-1,-1,-1
115,23,673.27,388.23,36.46,102.07,0.85,-1,-1,-1
115,20,956.92,390.52,71.03,158.00,0.90,-1,-1,-1
116,3,1002.02,386.64,81.46,191.76,0.93,-1,-1,-1
116,4,1182.76,388.38,64.55,214.23,0.56,-1,-1,-1
116,5,1070.04,369.29,85.66,219.49,0.93,-1,-1,-1
116,9,507.43,332.44,167.90,356.03,0.93,-1,-1,-1
116,14,695.27,375.74,89.22,232.48,0.92,-1,-1,-1
116,8,289.10,285.18,223.41,558.43,0.86,-1,-1,-1
116,13,734.23,373.90,57.48,157.03,0.85,-1,-1,-1
116,11,145.52,301.21,206.25,473.49,0.90,-1,-1,-1
116,16,822.60,385.24,64.82,165.58,0.90,-1,-1,-1
116,22,842.01,384.40,51.74,149.38,0.72,-1,-1,-1
116,19,448.44,354.21,108.12,306.73,0.85,-1,-1,-1
116,18,874.06,377.17,49.66,153.87,0.88,-1,-1,-1
116,23,668.86,388.73,38.59,102.01,0.80,-1,-1,-1
116,20,954.19,390.75,68.69,159.69,0.91,-1,-1,-1
117,3,1000.99,388.65,83.79,191.18,0.93,-1,-1,-1
117,4,1185.19,393.84,61.82,207.79,0.52,-1,-1,-1
117,5,1070.84,369.95,87.40,220.89,0.93,-1,-1,-1
117,9,499.80,333.20,173.42,362.75,0.93,-1,-1,-1
117,14,692.46,375.55,89.50,234.82,0.94,-1,-1,-1
117,8,269.90,280.53,230.40,576.98,0.87,-1,-1,-1
117,13,731.39,374.77,56.49,156.01,0.86,-1,-1,-1
117,11,125.46,299.00,211.26,488.98,0.88,-1,-1,-1
117,16,817.40,386.55,66.14,166.01,0.92,-1,-1,-1
117,22,838.99,383.97,52.06,151.09,0.82,-1,-1,-1
117,19,439.14,355.20,109.94,316.28,0.86,-1,-1,-1
117,18,870.84,377.05,48.51,154.83,0.86,-1,-1,-1
117,23,667.25,389.16,38.20,102.26,0.82,-1,-1,-1
117,20,950.90,391.05,67.68,160.89,0.92,-1,-1,-1
118,3,1001.19,390.24,84.63,190.85,0.94,-1,-1,-1
118,4,1187.89,399.04,59.61,203.64,0.61,-1,-1,-1
118,5,1072.31,371.51,88.01,220.83,0.93,-1,-1,-1
118,9,489.02,334.66,181.11,371.06,0.93,-1,-1,-1
118,14,689.77,375.79,89.52,236.87,0.94,-1,-1,-1
118,8,250.92,276.37,237.52,589.79,0.86,-1,-1,-1
118,13,728.10,375.72,56.08,156.23,0.84,-1,-1,-1
118,11,103.19,297.04,217.25,496.42,0.88,-1,-1,-1
118,16,812.91,387.10,68.37,167.94,0.88,-1,-1,-1
118,22,832.92,383.87,55.15,154.69,0.78,-1,-1,-1
118,19,432.31,354.51,110.19,322.34,0.87,-1,-1,-1
118,18,866.45,376.77,51.27,157.87,0.87,-1,-1,-1
118,23,665.27,389.19,38.01,103.10,0.84,-1,-1,-1
118,20,948.64,391.84,68.42,161.94,0.92,-1,-1,-1
119,3,1000.55,390.61,86.12,190.64,0.93,-1,-1,-1
119,4,1189.86,399.26,58.94,204.11,0.59,-1,-1,-1
119,5,1073.86,373.23,88.26,220.24,0.93,-1,-1,-1
119,9,484.45,334.34,180.65,379.74,0.94,-1,-1,-1
119,14,686.20,375.94,90.72,238.80,0.93,-1,-1,-1
119,8,224.91,272.14,251.85,605.94,0.85,-1,-1,-1
119,13,724.91,376.27,55.94,156.22,0.83,-1,-1,-1
119,11,58.55,294.85,248.60,510.28,0.85,-1,-1,-1
119,16,806.89,387.31,72.75,170.20,0.89,-1,-1,-1
119,22,826.32,384.43,59.24,158.76,0.80,-1,-1,-1
119,19,425.36,354.23,109.68,327.28,0.88,-1,-1,-1
119,18,860.10,376.67,56.49,158.79,0.87,-1,-1,-1
119,23,663.74,389.70,37.94,103.06,0.84,-1,-1,-1
119,20,946.65,391.96,66.34,165.22,0.93,-1,-1,-1
120,3,1001.34,390.65,86.59,190.72,0.94,-1,-1,-1
120,4,1190.84,406.33,58.71,196.78,0.33,-1,-1,-1
120,5,1075.99,374.55,87.07,219.38,0.93,-1,-1,-1
120,9,478.67,334.02,181.80,384.77,0.94,-1,-1,-1
120,14,680.96,375.77,92.84,240.91,0.93,-1,-1,-1
120,8,203.40,268.68,258.56,619.36,0.86,-1,-1,-1
120,13,721.57,376.39,55.84,155.48,0.82,-1,-1,-1
120,11,43.19,292.97,249.56,506.38,0.82,-1,-1,-1
120,16,803.55,387.14,73.77,172.22,0.89,-1,-1,-1
120,22,824.48,384.86,58.45,157.81,0.82,-1,-1,-1
120,19,419.82,353.62,109.01,330.05,0.87,-1,-1,-1
120,18,854.31,376.86,60.14,158.99,0.87,-1,-1,-1
120,23,661.90,389.36,38.48,103.70,0.85,-1,-1,-1
120,20,944.21,392.07,66.63,167.04,0.92,-1,-1,-1
121,3,1002.82,389.54,86.81,191.29,0.93,-1,-1,-1
121,4,1191.23,401.30,62.43,200.23,0.20,-1,-1,-1
121,5,1077.37,375.27,86.69,219.43,0.93,-1,-1,-1
121,9,473.20,331.73,180.52,391.47,0.94,-1,-1,-1
121,14,677.44,375.85,93.12,243.08,0.93,-1,-1,-1
121,8,182.37,265.55,265.62,642.09,0.84,-1,-1,-1
121,13,718.23,375.38,55.25,156.90,0.82,-1,-1,-1
121,11,31.03,288.25,242.19,517.03,0.86,-1,-1,-1
121,16,798.23,387.35,74.19,173.02,0.91,-1,-1,-1
121,22,822.75,384.26,57.55,158.77,0.81,-1,-1,-1
121,19,409.57,351.22,111.89,335.61,0.88,-1,-1,-1
121,18,847.76,376.76,63.37,160.15,0.88,-1,-1,-1
121,23,659.03,389.84,39.89,103.68,0.84,-1,-1,-1
121,20,938.03,392.22,70.36,168.22,0.88,-1,-1,-1
122,3,1006.51,388.69,84.51,192.20,0.93,-1,-1,-1
122,5,1078.63,375.70,86.56,219.25,0.93,-1,-1,-1
122,9,468.40,329.35,176.37,395.06,0.94,-1,-1,-1
122,14,674.51,374.99,93.21,245.58,0.93,-1,-1,-1
122,8,165.12,258.82,269.21,684.61,0.83,-1,-1,-1
122,13,714.49,375.29,55.64,157.65,0.77,-1,-1,-1
122,11,8.87,283.62,243.61,533.41,0.85,-1,-1,-1
122,16,795.25,387.59,72.57,173.36,0.92,-1,-1,-1
122,22,821.50,383.90,57.19,161.25,0.87,-1,-1,-1
122,19,395.58,348.95,118.24,341.24,0.91,-1,-1,-1
122,18,843.43,376.59,64.64,161.53,0.88,-1,-1,-1
122,23,656.87,389.57,39.84,104.00,0.86,-1,-1,-1
122,20,937.11,392.16,69.43,169.30,0.92,-1,-1,-1
123,3,1010.23,388.97,82.27,191.14,0.93,-1,-1,-1
123,5,1079.50,375.90,85.19,219.53,0.93,-1,-1,-1
123,9,464.49,324.22,170.18,404.71,0.94,-1,-1,-1
123,14,669.70,374.07,94.85,249.74,0.92,-1,-1,-1
123,8,180.71,259.44,236.66,681.52,0.78,-1,-1,-1
123,13,709.91,374.37,55.70,156.55,0.70,-1,-1,-1
123,11,-10.30,279.44,254.12,537.85,0.79,-1,-1,-1
123,16,792.99,387.37,71.20,173.85,0.91,-1,-1,-1
123,22,819.24,383.33,57.54,162.70,0.85,-1,-1,-1
123,19,381.82,346.04,124.50,345.77,0.91,-1,-1,-1
123,18,836.80,377.14,67.34,161.85,0.88,-1,-1,-1
123,23,656.17,390.05,38.56,103.70,0.84,-1,-1,-1
123,20,923.88,392.30,80.82,170.51,0.91,-1,-1,-1
124,3,1015.32,388.10,79.13,192.12,0.92,-1,-1,-1
124,5,1080.54,375.40,84.80,220.29,0.92,-1,-1,-1
124,9,458.83,320.49,166.61,410.93,0.94,-1,-1,-1
124,14,665.70,372.96,96.17,254.30,0.93,-1,-1,-1
124,8,173.88,253.44,221.00,690.62,0.80,-1,-1,-1
124,13,704.26,372.94,57.61,160.30,0.73,-1,-1,-1
124,11,-37.20,270.29,271.77,577.25,0.78,-1,-1,-1
124,16,790.11,386.80,73.15,175.79,0.91,-1,-1,-1
124,22,816.07,383.22,58.35,164.10,0.83,-1,-1,-1
124,19,364.78,342.44,133.84,351.63,0.90,-1,-1,-1
124,18,830.85,377.15,69.62,163.14,0.89,-1,-1,-1
124,23,654.87,389.33,38.72,104.57,0.84,-1,-1,-1
124,20,921.89,392.43,80.58,171.85,0.93,-1,-1,-1
125,3,1020.67,387.34,74.25,193.13,0.90,-1,-1,-1
125,5,1081.90,374.19,84.61,220.89,0.92,-1,-1,-1
125,9,456.85,316.07,160.29,419.46,0.93,-1,-1,-1
125,14,662.30,372.13,96.01,258.91,0.94,-1,-1,-1
125,8,138.75,249.55,234.46,705.56,0.77,-1,-1,-1
125,13,699.64,371.10,58.28,162.94,0.74,-1,-1,-1
125,11,-38.89,267.07,250.54,588.17,0.74,-1,-1,-1
125,16,787.36,386.01,72.64,176.69,0.91,-1,-1,-1
125,22,811.72,382.92,60.97,165.09,0.82,-1,-1,-1
125,19,350.84,338.35,139.10,357.75,0.91,-1,-1,-1
125,18,827.77,377.34,68.12,161.88,0.87,-1,-1,-1
125,23,653.02,388.78,38.15,105.13,0.82,-1,-1,-1
125,20,918.08,391.91,83.48,172.22,0.91,-1,-1,-1
126,3,1025.16,384.79,72.50,195.28,0.91,-1,-1,-1
126,5,1083.72,373.68,83.39,219.46,0.91,-1,-1,-1
126,9,451.39,311.85,158.24,425.58,0.94,-1,-1,-1
126,14,657.80,371.92,96.55,262.08,0.94,-1,-1,-1
126,8,94.68,244.09,256.31,731.59,0.76,-1,-1,-1
126,13,696.49,369.63,57.97,163.58,0.76,-1,-1,-1
126,11,-48.93,258.98,234.35,636.97,0.75,-1,-1,-1
126,16,786.17,385.08,70.67,177.99,0.92,-1,-1,-1
126,22,809.59,382.33,64.91,163.59,0.77,-1,-1,-1
126,19,330.84,336.00,149.34,366.46,0.91,-1,-1,-1
126,18,823.59,377.98,67.50,161.46,0.85,-1,-1,-1
126,23,651.41,388.39,38.56,106.14,0.84,-1,-1,-1
126,20,914.49,391.54,85.77,173.47,0.91,-1,-1,-1
127,3,1027.60,381.11,70.66,199.17,0.92,-1,-1,-1
127,5,1084.02,373.01,82.92,220.66,0.91,-1,-1,-1
127,9,442.60,308.04,157.88,434.66,0.93,-1,-1,-1
127,14,652.42,370.79,98.48,265.51,0.94,-1,-1,-1
127,8,54.28,235.83,270.39,761.42,0.78,-1,-1,-1
127,13,690.43,369.49,60.21,170.89,0.80,-1,-1,-1
127,11,-68.31,252.03,229.60,674.82,0.73,-1,-1,-1
127,16,783.83,385.43,68.67,178.41,0.91,-1,-1,-1
127,22,808.28,383.13,64.09,162.93,0.79,-1,-1,-1
127,19,304.12,334.82,165.59,376.73,0.90,-1,-1,-1
127,18,818.04,378.03,67.21,162.45,0.87,-1,-1,-1
127,23,650.63,388.80,36.91,105.75,0.82,-1,-1,-1
127,20,911.18,390.77,86.59,174.61,0.91,-1,-1,-1
128,3,1029.16,379.65,70.03,201.65,0.92,-1,-1,-1
128,5,1085.43,372.22,82.76,219.31,0.92,-1,-1,-1
128,9,431.93,305.57,159.56,444.35,0.92,-1,-1,-1
128,14,648.02,370.60,99.19,270.11,0.93,-1,-1,-1
128,8,18.75,231.66,275.97,787.63,0.73,-1,-1,-1
128,13,686.38,368.95,60.46,174.19,0.80,-1,-1,-1
128,11,-93.41,249.75,220.91,687.55,0.45,-1,-1,-1
128,16,781.46,385.50,67.31,179.26,0.91,-1,-1,-1
128,22,806.08,383.66,63.11,163.08,0.73,-1,-1,-1
128,19,273.06,335.09,183.86,387.50,0.91,-1,-1,-1
128,18,814.20,377.53,65.30,163.10,0.82,-1,-1,-1
128,23,649.11,388.15,37.49,107.37,0.76,-1,-1,-1
128,20,907.89,390.26,87.43,176.19,0.93,-1,-1,-1
129,3,1030.18,378.68,69.81,203.71,0.92,-1,-1,-1
129,5,1085.84,371.93,82.67,219.49,0.92,-1,-1,-1
129,9,410.04,304.65,173.26,455.78,0.90,-1,-1,-1
129,14,643.29,370.94,100.55,275.23,0.94,-1,-1,-1
129,8,-22.89,224.04,283.89,799.95,0.77,-1,-1,-1
129,13,682.38,368.58,60.50,177.13,0.82,-1,-1,-1
129,16,777.11,385.06,68.59,180.70,0.90,-1,-1,-1
129,22,805.69,382.65,63.26,163.82,0.80,-1,-1,-1
129,19,245.83,335.19,200.27,397.64,0.90,-1,-1,-1
129,23,645.95,388.45,39.47,107.49,0.12,-1,-1,-1
129,20,907.62,389.61,85.02,177.90,0.92,-1,-1,-1
130,3,1030.96,378.40,69.74,205.09,0.92,-1,-1,-1
130,5,1085.82,371.75,82.62,219.75,0.92,-1,-1,-1
130,9,392.70,304.02,178.97,462.69,0.90,-1,-1,-1
130,14,636.43,370.50,103.37,281.26,0.94,-1,-1,-1
130,8,-77.40,198.11,302.38,824.92,0.25,-1,-1,-1
130,13,678.77,369.04,59.28,177.65,0.80,-1,-1,-1
130,16,774.55,384.91,67.24,181.83,0.87,-1,-1,-1
130,22,800.15,381.70,63.87,166.48,0.77,-1,-1,-1
130,19,238.59,335.31,193.24,401.62,0.90,-1,-1,-1
130,20,905.80,389.70,83.97,179.14,0.93,-1,-1,-1
131,3,1030.59,381.50,71.06,202.90,0.91,-1,-1,-1
131,5,1085.85,371.87,82.72,220.44,0.92,-1,-1,-1
131,9,373.76,304.30,185.78,472.13,0.90,-1,-1,-1
131,14,631.04,370.63,105.14,285.57,0.95,-1,-1,-1
131,8,-54.13,193.07,252.75,710.40,0.62,-1,-1,-1
131,13,671.68,369.52,63.08,178.93,0.75,-1,-1,-1
131,16,769.99,385.43,66.21,183.38,0.87,-1,-1,-1
131,19,227.13,334.62,188.60,406.21,0.89,-1,-1,-1
131,20,904.89,390.00,83.34,180.42,0.92,-1,-1,-1
132,3,1030.43,381.64,72.70,204.10,0.91,-1,-1,-1
132,5,1087.01,372.66,81.49,221.88,0.92,-1,-1,-1
132,9,360.42,304.89,186.58,483.52,0.89,-1,-1,-1
132,14,626.23,371.68,107.44,289.10,0.94,-1,-1,-1
132,8,-47.27,175.36,232.23,659.71,0.11,-1,-1,-1
132,13,666.50,371.01,63.83,179.07,0.74,-1,-1,-1
132,16,761.69,386.03,71.84,183.94,0.85,-1,-1,-1
132,19,217.43,334.77,186.98,416.11,0.87,-1,-1,-1
132,20,904.53,389.78,80.90,182.22,0.92,-1,-1,-1
132,18,789.16,381.89,65.02,169.11,0.81,-1,-1,-1
133,3,1030.87,388.80,73.38,198.58,0.92,-1,-1,-1
133,5,1087.97,373.79,79.87,221.23,0.93,-1,-1,-1
133,9,348.49,303.49,185.11,494.67,0.88,-1,-1,-1
133,14,620.35,371.52,110.11,293.27,0.94,-1,-1,-1
133,13,662.24,371.30,62.37,180.85,0.75,-1,-1,-1
133,16,759.81,386.40,70.40,185.16,0.88,-1,-1,-1
133,19,207.31,333.50,182.79,431.38,0.88,-1,-1,-1
133,20,904.81,389.97,77.86,183.45,0.92,-1,-1,-1
133,18,786.42,383.33,63.69,170.63,0.85,-1,-1,-1
134,3,1031.53,390.74,72.42,198.12,0.92,-1,-1,-1
134,5,1088.26,374.93,82.91,220.85,0.92,-1,-1,-1
134,9,329.76,302.42,191.18,509.73,0.88,-1,-1,-1
134,14,614.06,371.37,113.40,297.14,0.94,-1,-1,-1
134,13,657.77,372.21,60.55,180.90,0.75,-1,-1,-1
134,16,758.69,386.90,67.97,185.75,0.89,-1,-1,-1
134,19,191.33,331.28,185.05,449.20,0.85,-1,-1,-1
134,20,902.88,390.73,73.94,184.05,0.91,-1,-1,-1
134,18,782.12,384.51,64.45,168.94,0.85,-1,-1,-1
135,3,1033.03,392.75,72.06,196.86,0.92,-1,-1,-1
135,5,1090.21,375.91,81.63,220.67,0.92,-1,-1,-1
135,9,307.53,299.42,200.56,525.97,0.88,-1,-1,-1
135,14,607.58,370.25,117.53,301.53,0.94,-1,-1,-1
135,13,650.13,372.38,63.47,182.76,0.61,-1,-1,-1
135,16,755.27,386.76,67.04,187.10,0.90,-1,-1,-1
135,19,163.81,328.40,193.79,457.29,0.85,-1,-1,-1
135,20,900.28,390.83,72.80,185.24,0.92,-1,-1,-1
135,18,779.33,384.45,63.52,170.77,0.84,-1,-1,-1
136,3,1034.80,393.05,71.89,197.44,0.92,-1,-1,-1
136,5,1090.97,377.21,82.30,219.39,0.93,-1,-1,-1
136,9,286.40,296.32,209.49,542.28,0.88,-1,-1,-1
136,14,603.01,369.64,120.17,305.28,0.94,-1,-1,-1
136,13,642.81,371.96,68.01,184.43,0.63,-1,-1,-1
136,16,749.39,386.68,69.68,188.15,0.91,-1,-1,-1
136,19,147.28,324.26,187.20,468.28,0.85,-1,-1,-1
136,20,892.48,391.04,78.17,185.78,0.91,-1,-1,-1
136,18,776.19,385.29,63.73,172.91,0.85,-1,-1,-1
137,3,1036.75,392.28,70.68,198.46,0.91,-1,-1,-1
137,5,1091.97,378.17,84.99,218.97,0.93,-1,-1,-1
137,9,262.65,286.81,221.23,569.25,0.89,-1,-1,-1
137,14,598.19,368.74,121.78,307.86,0.94,-1,-1,-1
137,13,639.83,372.16,65.72,184.05,0.46,-1,-1,-1
137,16,741.44,386.27,74.83,189.75,0.91,-1,-1,-1
137,19,123.21,318.71,192.22,480.40,0.87,-1,-1,-1
137,20,886.28,391.31,81.30,187.19,0.93,-1,-1,-1
137,18,774.04,385.20,62.04,174.03,0.88,-1,-1,-1
137,24,738.00,388.80,50.40,157.50,0.72,-1,-1,-1
138,3,1040.42,390.91,69.00,195.73,0.92,-1,-1,-1
138,5,1092.27,377.91,85.97,218.83,0.93,-1,-1,-1
138,9,237.83,281.25,234.25,585.57,0.90,-1,-1,-1
138,14,593.54,367.12,123.46,311.45,0.95,-1,-1,-1
138,13,632.34,371.69,67.10,184.17,0.22,-1,-1,-1
138,16,733.45,385.39,80.81,190.80,0.93,-1,-1,-1
138,19,97.52,313.08,198.93,494.97,0.87,-1,-1,-1
138,20,879.36,391.27,84.84,188.16,0.93,-1,-1,-1
138,18,772.39,383.99,61.39,175.35,0.88,-1,-1,-1
138,24,731.79,388.55,50.44,152.08,0.75,-1,-1,-1
139,3,1043.64,389.20,67.26,195.53,0.92,-1,-1,-1
139,5,1093.07,377.37,86.43,219.78,0.93,-1,-1,-1
139,9,207.90,272.92,253.74,603.85,0.90,-1,-1,-1
139,14,589.75,365.02,123.59,315.18,0.95,-1,-1,-1
139,16,725.82,385.15,84.93,191.38,0.93,-1,-1,-1
139,19,75.99,306.07,203.06,501.71,0.86,-1,-1,-1
139,20,875.98,390.58,83.64,189.15,0.93,-1,-1,-1
139,18,769.50,382.86,61.83,175.88,0.88,-1,-1,-1
139,24,727.37,388.09,51.19,151.07,0.62,-1,-1,-1
139,25,937.80,423.22,61.20,96.08,0.85,-1,-1,-1
139,26,699.30,385.20,54.00,152.10,0.84,-1,-1,-1
140,3,1046.53,387.60,66.60,197.46,0.92,-1,-1,-1
140,5,1092.66,376.35,88.91,220.76,0.93,-1,-1,-1
140,9,180.82,264.55,270.31,624.11,0.90,-1,-1,-1
140,14,586.35,362.71,122.89,319.24,0.95,-1,-1,-1
140,16,718.77,383.97,88.78,193.08,0.94,-1,-1,-1
140,19,48.01,300.03,214.07,511.40,0.86,-1,-1,-1
140,20,873.71,389.67,82.46,189.97,0.93,-1,-1,-1
140,18,766.28,381.33,62.56,177.57,0.87,-1,-1,-1
140,24,703.91,385.46,50.69,152.72,0.81,-1,-1,-1
140,25,935.46,423.26,62.71,95.62,0.86,-1,-1,-1
141,3,1048.68,386.17,69.96,198.38,0.91,-1,-1,-1
141,5,1094.22,375.46,88.57,220.74,0.94,-1,-1,-1
141,9,151.00,255.88,288.92,645.23,0.90,-1,-1,-1
141,14,581.02,360.69,124.79,328.41,0.95,-1,-1,-1
141,16,712.33,382.57,91.90,195.08,0.94,-1,-1,-1
141,19,25.81,291.01,216.63,532.91,0.84,-1,-1,-1
141,20,870.87,389.18,82.21,192.08,0.93,-1,-1,-1
141,18,763.36,380.99,63.37,178.37,0.88,-1,-1,-1
141,24,695.30,383.39,47.73,153.94,0.76,-1,-1,-1
141,25,932.86,423.16,64.37,95.05,0.87,-1,-1,-1
142,3,1051.39,385.25,68.89,198.75,0.92,-1,-1,-1
142,5,1094.97,373.67,89.70,222.39,0.93,-1,-1,-1
142,9,118.50,246.57,314.09,681.24,0.90,-1,-1,-1
142,14,576.88,358.54,125.01,337.08,0.95,-1,-1,-1
142,16,708.36,382.66,93.16,195.80,0.94,-1,-1,-1
142,19,-4.42,289.86,232.03,535.76,0.83,-1,-1,-1
142,20,869.19,388.67,81.28,193.44,0.93,-1,-1,-1
142,18,760.44,379.54,64.34,180.86,0.89,-1,-1,-1
142,24,687.32,381.32,65.04,158.07,0.85,-1,-1,-1
142,25,930.83,422.77,64.94,94.79,0.87,-1,-1,-1
143,3,1054.16,385.09,70.90,198.96,0.91,-1,-1,-1
143,5,1097.66,372.28,91.30,224.87,0.93,-1,-1,-1
143,9,81.55,238.79,343.61,708.69,0.89,-1,-1,-1
143,14,573.00,357.29,126.22,346.27,0.94,-1,-1,-1
143,16,705.47,382.57,93.02,197.59,0.94,-1,-1,-1
143,19,-27.71,287.88,237.01,559.43,0.83,-1,-1,-1
143,20,868.39,387.91,79.42,195.32,0.93,-1,-1,-1
143,18,757.35,378.41,65.31,183.77,0.90,-1,-1,-1
143,24,680.67,383.16,71.43,159.97,0.81,-1,-1,-1
143,25,930.96,422.97,63.73,95.25,0.87,-1,-1,-1
144,3,1055.99,386.03,71.54,198.21,0.92,-1,-1,-1
144,5,1100.62,371.86,91.76,224.95,0.93,-1,-1,-1
144,9,41.80,233.00,378.18,721.81,0.88,-1,-1,-1
144,14,568.39,357.05,127.62,357.87,0.94,-1,-1,-1
144,16,703.74,382.74,91.58,198.75,0.94,-1,-1,-1
144,19,-46.82,287.57,234.71,569.92,0.77,-1,-1,-1
144,20,867.53,387.24,77.39,196.80,0.93,-1,-1,-1
144,18,754.54,378.04,66.17,185.21,0.90,-1,-1,-1
144,24,674.35,384.54,77.32,162.26,0.84,-1,-1,-1
144,25,929.64,423.21,64.52,95.81,0.87,-1,-1,-1
145,3,1058.41,387.36,74.22,199.19,0.92,-1,-1,-1
145,5,1102.35,372.08,94.35,226.84,0.93,-1,-1,-1
145,9,-1.12,232.06,416.14,751.01,0.85,-1,-1,-1
145,14,562.19,357.28,130.57,368.27,0.94,-1,-1,-1
145,16,701.09,382.20,89.84,201.14,0.94,-1,-1,-1
145,19,-49.03,288.06,216.59,585.44,0.71,-1,-1,-1
145,20,865.77,386.81,76.39,198.58,0.93,-1,-1,-1
145,18,751.14,377.88,67.13,186.21,0.90,-1,-1,-1
145,24,671.13,385.80,76.81,163.09,0.86,-1,-1,-1
145,25,927.98,423.37,64.81,96.66,0.88,-1,-1,-1
146,3,1060.29,388.79,76.39,198.96,0.91,-1,-1,-1
146,5,1106.35,372.50,94.12,227.52,0.93,-1,-1,-1
146,9,-40.09,232.13,446.39,797.81,0.80,-1,-1,-1
146,14,556.63,358.87,132.81,371.53,0.94,-1,-1,-1
146,16,698.96,382.46,88.51,203.03,0.94,-1,-1,-1
146,19,-81.80,283.28,222.59,605.44,0.25,-1,-1,-1
146,20,862.69,386.83,77.24,200.53,0.93,-1,-1,-1
146,18,744.82,378.01,71.03,187.28,0.91,-1,-1,-1
146,24,666.17,385.38,79.20,165.44,0.86,-1,-1,-1
146,25,926.72,423.91,64.89,97.11,0.87,-1,-1,-1
147,3,1061.08,390.35,80.77,199.60,0.93,-1,-1,-1
147,5,1111.57,372.79,92.86,229.11,0.91,-1,-1,-1
147,9,-47.70,234.07,438.64,814.51,0.80,-1,-1,-1
147,14,550.65,360.21,134.85,378.08,0.94,-1,-1,-1
147,16,696.14,383.57,87.42,205.02,0.93,-1,-1,-1
147,20,856.86,387.41,79.39,202.39,0.93,-1,-1,-1
147,18,740.41,379.36,72.52,187.76,0.90,-1,-1,-1
147,24,662.33,385.03,77.76,167.56,0.88,-1,-1,-1
147,25,925.16,424.39,66.17,97.78,0.87,-1,-1,-1
148,3,1061.81,391.95,83.58,199.11,0.92,-1,-1,-1
148,5,1118.73,373.64,88.75,229.53,0.92,-1,-1,-1
148,9,-51.97,238.92,426.97,845.39,0.83,-1,-1,-1
148,14,544.91,361.70,137.91,378.55,0.93,-1,-1,-1
148,16,693.87,382.41,84.57,209.15,0.92,-1,-1,-1
148,20,854.51,387.36,79.30,204.55,0.92,-1,-1,-1
148,18,736.88,379.77,73.65,189.55,0.91,-1,-1,-1
148,24,657.85,385.25,76.96,169.23,0.88,-1,-1,-1
148,25,923.43,424.85,66.61,98.10,0.86,-1,-1,-1
149,3,1061.33,393.45,88.12,198.92,0.93,-1,-1,-1
149,5,1123.06,376.35,88.37,228.47,0.92,-1,-1,-1
149,9,-63.37,233.15,410.55,901.36,0.83,-1,-1,-1
149,14,538.69,363.02,140.77,380.68,0.94,-1,-1,-1
149,16,691.00,382.86,83.45,210.66,0.93,-1,-1,-1
149,20,852.16,387.65,77.16,207.08,0.93,-1,-1,-1
149,18,732.04,380.82,75.81,190.18,0.91,-1,-1,-1
149,24,655.15,384.58,77.10,171.72,0.88,-1,-1,-1
149,25,922.75,425.61,65.54,98.20,0.87,-1,-1,-1
