0,1,833.40,295.42,122.40,266.17,0.93,-1,-1,-1
0,2,158.40,263.02,198.00,470.47,0.93,-1,-1,-1
0,3,650.25,280.35,102.60,310.50,0.92,-1,-1,-1
0,4,492.30,294.30,93.60,245.70,0.92,-1,-1,-1
0,5,5.51,296.32,160.99,290.48,0.92,-1,-1,-1
0,6,449.32,325.80,48.82,126.90,0.91,-1,-1,-1
0,7,538.20,292.05,135.00,428.40,0.88,-1,-1,-1
0,8,354.82,332.32,61.65,186.07,0.88,-1,-1,-1
0,9,272.70,324.45,102.60,240.30,0.86,-1,-1,-1
0,10,1218.60,303.07,27.00,62.55,0.85,-1,-1,-1
0,11,631.35,297.90,82.80,236.25,0.85,-1,-1,-1
0,12,526.50,419.40,123.30,348.30,0.84,-1,-1,-1
0,13,758.70,313.65,36.00,101.25,0.81,-1,-1,-1
0,14,467.55,321.75,40.50,108.45,0.78,-1,-1,-1
0,15,739.35,316.80,28.80,82.80,0.75,-1,-1,-1
0,16,843.30,318.15,38.70,93.60,0.74,-1,-1,-1
0,17,1248.30,309.82,25.20,57.15,0.71,-1,-1,-1
1,1,831.69,293.74,123.23,269.19,0.93,-1,-1,-1
1,2,153.83,263.10,204.62,466.72,0.91,-1,-1,-1
1,3,645.36,281.98,101.08,312.16,0.93,-1,-1,-1
1,4,488.14,294.18,94.42,249.10,0.92,-1,-1,-1
1,5,-1.54,297.01,161.54,293.10,0.91,-1,-1,-1
1,6,447.30,324.91,48.65,127.72,0.90,-1,-1,-1
1,7,532.10,292.52,144.43,428.54,0.87,-1,-1,-1
1,8,352.38,336.13,60.50,182.81,0.90,-1,-1,-1
1,9,268.66,323.96,102.64,242.91,0.82,-1,-1,-1
1,10,1217.80,303.72,27.01,62.57,0.84,-1,-1,-1
1,11,632.70,298.17,79.71,239.64,0.85,-1,-1,-1
1,12,524.69,421.08,131.94,346.07,0.84,-1,-1,-1
1,13,757.36,315.29,34.45,99.72,0.81,-1,-1,-1
1,14,466.89,321.84,39.74,110.05,0.75,-1,-1,-1
1,15,738.39,317.27,28.81,82.44,0.81,-1,-1,-1
1,16,838.08,319.01,37.93,88.16,0.72,-1,-1,-1
1,17,1246.73,309.89,25.21,57.17,0.40,-1,-1,-1
1,18,429.75,324.22,39.60,104.40,0.84,-1,-1,-1
2,1,829.10,293.55,121.97,270.85,0.93,-1,-1,-1
2,2,146.47,264.18,206.20,465.18,0.92,-1,-1,-1
2,3,630.85,282.70,110.71,310.45,0.92,-1,-1,-1
2,4,482.22,294.40,95.26,250.99,0.92,-1,-1,-1
2,5,-8.20,297.47,160.76,292.62,0.90,-1,-1,-1
2,6,444.36,325.35,48.44,127.91,0.92,-1,-1,-1
2,7,529.34,293.01,150.15,429.41,0.85,-1,-1,-1
2,8,349.16,337.01,60.66,183.20,0.90,-1,-1,-1
2,9,257.60,323.04,106.16,245.37,0.79,-1,-1,-1
2,10,1215.48,305.04,27.01,61.89,0.83,-1,-1,-1
2,11,629.14,297.43,82.03,246.77,0.79,-1,-1,-1
2,12,523.69,421.82,136.85,343.69,0.82,-1,-1,-1
2,13,755.51,315.67,34.90,99.84,0.84,-1,-1,-1
2,14,463.67,316.86,39.60,114.20,0.72,-1,-1,-1
2,15,735.90,318.33,28.81,82.40,0.82,-1,-1,-1
2,16,834.88,319.79,34.97,91.94,0.77,-1,-1,-1
2,17,1244.28,310.24,26.62,57.54,0.14,-1,-1,-1
2,18,427.16,324.57,39.08,105.19,0.86,-1,-1,-1
2,19,318.82,317.02,36.90,114.75,0.81,-1,-1,-1
3,1,827.08,294.14,117.39,271.57,0.93,-1,-1,-1
3,2,146.08,263.13,201.44,465.29,0.91,-1,-1,-1
3,3,626.50,283.00,111.10,313.73,0.90,-1,-1,-1
3,4,477.26,292.89,94.81,254.35,0.92,-1,-1,-1
3,5,-15.67,296.23,153.84,293.33,0.91,-1,-1,-1
3,6,440.13,326.49,49.93,127.21,0.92,-1,-1,-1
3,7,540.43,292.42,145.91,433.65,0.85,-1,-1,-1
3,8,344.89,337.35,62.10,180.03,0.91,-1,-1,-1
3,9,230.47,310.43,119.42,263.10,0.40,-1,-1,-1
3,10,1212.71,305.68,27.01,64.08,0.84,-1,-1,-1
3,11,628.90,297.98,80.72,249.42,0.12,-1,-1,-1
3,12,523.64,414.32,140.34,364.99,0.83,-1,-1,-1
3,13,753.74,316.72,35.05,99.18,0.83,-1,-1,-1
3,14,459.83,313.03,40.26,119.17,0.72,-1,-1,-1
3,15,734.28,318.24,27.43,82.37,0.77,-1,-1,-1
3,16,835.29,320.63,30.49,89.01,0.74,-1,-1,-1
3,17,1240.84,310.75,28.40,57.98,0.37,-1,-1,-1
3,18,424.54,325.01,40.37,107.42,0.85,-1,-1,-1
3,19,316.06,317.54,35.83,113.73,0.81,-1,-1,-1
3,20,826.20,321.75,27.90,87.30,0.79,-1,-1,-1
4,1,825.25,293.81,109.90,273.19,0.93,-1,-1,-1
4,2,137.10,259.17,203.86,463.01,0.92,-1,-1,-1
4,3,620.05,284.23,114.89,314.61,0.89,-1,-1,-1
4,4,469.26,291.26,97.33,257.82,0.93,-1,-1,-1
4,5,-16.74,294.91,135.56,296.83,0.90,-1,-1,-1
4,6,436.62,325.54,49.77,130.30,0.92,-1,-1,-1
4,7,532.56,292.56,165.46,434.30,0.88,-1,-1,-1
4,8,340.39,337.09,62.92,177.35,0.91,-1,-1,-1
4,9,214.08,306.40,122.65,270.73,0.30,-1,-1,-1
4,10,1210.61,305.76,27.02,64.45,0.81,-1,-1,-1
4,12,525.06,420.03,147.22,360.13,0.83,-1,-1,-1
4,13,751.31,316.84,35.12,99.64,0.80,-1,-1,-1
4,14,455.95,312.19,40.33,121.06,0.78,-1,-1,-1
4,15,732.57,318.98,27.00,82.02,0.78,-1,-1,-1
4,16,828.03,320.32,33.00,96.75,0.72,-1,-1,-1
4,17,1239.77,310.64,26.45,58.44,0.25,-1,-1,-1
4,18,421.02,327.37,40.64,106.41,0.85,-1,-1,-1
4,19,311.77,318.24,37.05,113.20,0.77,-1,-1,-1
4,20,823.01,320.84,30.80,93.83,0.70,-1,-1,-1
4,21,571.05,318.60,45.90,120.15,0.72,-1,-1,-1
5,1,821.57,294.38,100.14,274.97,0.93,-1,-1,-1
5,2,131.77,257.38,201.29,458.06,0.93,-1,-1,-1
5,3,617.58,283.46,114.71,316.93,0.89,-1,-1,-1
5,4,462.46,288.75,99.99,261.44,0.91,-1,-1,-1
5,5,-26.65,296.52,120.08,292.85,0.86,-1,-1,-1
5,6,433.33,326.08,49.16,130.05,0.92,-1,-1,-1
5,7,531.90,293.37,184.40,432.93,0.86,-1,-1,-1
5,8,336.13,336.86,63.43,176.20,0.92,-1,-1,-1
5,10,1207.14,306.38,28.29,64.54,0.76,-1,-1,-1
5,12,524.44,421.03,141.92,366.73,0.78,-1,-1,-1
5,13,748.75,317.18,35.10,101.10,0.78,-1,-1,-1
5,14,453.81,311.80,38.53,121.88,0.69,-1,-1,-1
5,15,730.26,319.87,26.86,82.87,0.77,-1,-1,-1
5,16,820.03,319.80,35.53,101.08,0.80,-1,-1,-1
5,17,1238.67,312.02,25.60,58.26,0.31,-1,-1,-1
5,18,416.20,328.01,41.32,106.33,0.85,-1,-1,-1
5,19,309.13,318.99,35.67,111.57,0.79,-1,-1,-1
5,20,818.74,321.43,27.29,89.99,0.13,-1,-1,-1
5,21,567.94,317.69,48.07,125.97,0.81,-1,-1,-1
5,22,680.85,317.70,46.80,108.45,0.82,-1,-1,-1
5,23,700.20,315.45,37.80,103.05,0.80,-1,-1,-1
6,1,815.08,294.91,92.57,277.72,0.93,-1,-1,-1
6,2,126.13,256.03,201.96,441.60,0.93,-1,-1,-1
6,3,611.66,286.64,116.96,314.24,0.86,-1,-1,-1
6,4,455.22,286.66,105.23,265.40,0.90,-1,-1,-1
6,5,-39.47,296.65,108.36,290.89,0.84,-1,-1,-1
6,6,429.73,325.34,48.93,133.06,0.91,-1,-1,-1
6,7,529.51,294.76,204.94,441.37,0.84,-1,-1,-1
6,8,330.49,337.09,65.15,174.61,0.91,-1,-1,-1
6,10,1203.41,307.53,27.49,64.23,0.70,-1,-1,-1
6,12,525.74,421.23,144.63,367.15,0.60,-1,-1,-1
6,13,744.70,318.71,35.73,100.34,0.74,-1,-1,-1
6,14,450.30,312.24,37.89,122.03,0.68,-1,-1,-1
6,15,726.60,320.64,26.83,84.11,0.61,-1,-1,-1
6,16,813.84,320.96,37.69,99.54,0.66,-1,-1,-1
6,17,1234.43,313.46,26.59,58.49,0.45,-1,-1,-1
6,18,411.28,328.82,41.19,106.62,0.79,-1,-1,-1
6,19,304.77,319.37,35.52,112.79,0.80,-1,-1,-1
6,20,812.04,322.23,26.04,83.99,0.34,-1,-1,-1
6,21,565.73,318.77,48.48,127.78,0.81,-1,-1,-1
6,22,679.14,320.78,46.09,114.63,0.83,-1,-1,-1
6,23,697.42,316.37,39.24,106.34,0.77,-1,-1,-1
6,24,355.72,326.47,43.20,120.15,0.74,-1,-1,-1
7,1,807.68,297.38,89.19,276.92,0.93,-1,-1,-1
7,2,137.62,256.66,185.49,435.88,0.92,-1,-1,-1
7,3,602.93,290.72,120.17,316.75,0.75,-1,-1,-1
7,4,448.14,284.75,108.34,268.54,0.92,-1,-1,-1
7,5,-51.02,296.49,91.07,289.86,0.47,-1,-1,-1
7,6,425.53,325.71,49.64,135.62,0.92,-1,-1,-1
7,7,528.80,294.65,216.96,470.17,0.82,-1,-1,-1
7,8,324.38,337.05,66.08,175.84,0.91,-1,-1,-1
7,10,1201.75,308.12,25.93,62.54,0.58,-1,-1,-1
7,13,744.47,319.98,33.49,99.43,0.72,-1,-1,-1
7,14,447.68,313.59,35.34,112.76,0.45,-1,-1,-1
7,15,725.29,321.03,27.48,88.55,0.70,-1,-1,-1
7,16,806.50,319.67,43.33,110.78,0.61,-1,-1,-1
7,17,1230.73,313.07,26.93,60.73,0.30,-1,-1,-1
7,18,408.05,330.51,41.77,106.69,0.82,-1,-1,-1
7,19,302.24,319.67,35.17,117.43,0.80,-1,-1,-1
7,21,563.74,320.43,47.94,128.02,0.85,-1,-1,-1
7,22,673.59,319.88,48.75,120.24,0.86,-1,-1,-1
7,23,695.15,316.76,38.84,106.98,0.80,-1,-1,-1
7,24,353.25,327.20,42.49,121.28,0.82,-1,-1,-1
8,1,797.85,298.03,89.00,279.32,0.92,-1,-1,-1
8,2,140.35,257.92,176.86,435.36,0.95,-1,-1,-1
8,3,591.02,297.73,113.49,332.98,0.41,-1,-1,-1
8,4,436.88,282.79,115.42,273.68,0.93,-1,-1,-1
8,5,-67.88,302.19,89.07,284.41,0.35,-1,-1,-1
8,6,421.08,326.36,49.13,137.90,0.91,-1,-1,-1
8,7,526.09,292.58,227.15,480.60,0.83,-1,-1,-1
8,8,318.33,337.54,65.48,176.19,0.91,-1,-1,-1
8,10,1199.31,309.45,24.10,61.29,0.58,-1,-1,-1
8,13,742.85,320.78,31.38,100.03,0.77,-1,-1,-1
8,14,443.77,314.25,33.02,108.82,0.34,-1,-1,-1
8,15,723.21,321.06,27.11,88.67,0.61,-1,-1,-1
8,16,800.74,320.87,42.58,106.68,0.18,-1,-1,-1
8,17,1226.28,315.24,27.05,58.51,0.59,-1,-1,-1
8,18,403.95,331.12,41.34,107.97,0.82,-1,-1,-1
8,19,298.67,320.90,35.06,116.52,0.79,-1,-1,-1
8,21,560.09,321.46,49.77,130.72,0.87,-1,-1,-1
8,22,670.14,319.68,46.22,122.87,0.85,-1,-1,-1
8,23,692.46,317.69,40.10,107.17,0.82,-1,-1,-1
8,24,347.83,328.81,43.75,120.48,0.85,-1,-1,-1
9,1,788.14,298.77,91.03,281.39,0.92,-1,-1,-1
9,2,130.57,259.87,181.54,436.65,0.91,-1,-1,-1
9,3,583.21,291.22,103.95,328.18,0.75,-1,-1,-1
9,4,428.10,283.39,122.72,283.46,0.92,-1,-1,-1
9,5,-75.56,316.83,87.33,263.66,0.10,-1,-1,-1
9,6,416.40,327.58,49.40,138.57,0.90,-1,-1,-1
9,7,524.20,295.69,233.76,467.55,0.80,-1,-1,-1
9,8,311.57,338.24,66.14,177.00,0.91,-1,-1,-1
9,13,738.97,321.42,32.57,100.56,0.76,-1,-1,-1
9,14,441.02,315.68,30.34,107.15,0.28,-1,-1,-1
9,15,720.15,322.02,26.37,88.36,0.44,-1,-1,-1
9,17,1223.03,316.27,27.09,57.94,0.23,-1,-1,-1
9,18,399.88,331.99,40.24,107.20,0.82,-1,-1,-1
9,19,294.28,321.87,35.66,115.83,0.75,-1,-1,-1
9,21,559.00,321.35,47.82,126.77,0.86,-1,-1,-1
9,22,669.11,321.18,46.63,122.60,0.83,-1,-1,-1
9,23,690.45,319.23,39.84,107.89,0.70,-1,-1,-1
9,24,344.16,329.53,44.17,121.59,0.85,-1,-1,-1
9,25,550.80,318.38,36.90,113.85,0.73,-1,-1,-1
9,20,788.95,326.32,31.03,83.51,0.72,-1,-1,-1
10,1,772.96,299.02,98.69,282.09,0.93,-1,-1,-1
10,2,132.51,263.35,173.02,436.66,0.93,-1,-1,-1
10,3,575.25,286.12,96.62,319.76,0.74,-1,-1,-1
10,4,419.80,284.09,126.65,292.20,0.93,-1,-1,-1
10,6,411.61,329.52,49.50,139.35,0.89,-1,-1,-1
10,7,522.45,297.64,230.85,476.71,0.86,-1,-1,-1
10,8,303.36,340.16,68.46,175.65,0.92,-1,-1,-1
10,13,735.64,321.76,34.19,101.66,0.72,-1,-1,-1
10,14,436.97,315.90,32.91,113.98,0.27,-1,-1,-1
10,15,717.70,322.50,27.95,91.51,0.56,-1,-1,-1
10,17,1219.00,317.20,28.30,58.03,0.32,-1,-1,-1
10,18,395.76,331.94,40.44,104.44,0.81,-1,-1,-1
10,19,289.41,322.18,36.81,116.15,0.70,-1,-1,-1
10,21,557.29,322.20,48.36,131.37,0.85,-1,-1,-1
10,22,665.39,321.53,50.02,125.56,0.80,-1,-1,-1
10,23,688.06,318.72,39.08,108.42,0.72,-1,-1,-1
10,24,339.33,330.52,44.60,121.94,0.87,-1,-1,-1
10,25,546.91,320.19,36.91,113.19,0.77,-1,-1,-1
10,20,782.05,326.93,34.75,85.77,0.58,-1,-1,-1
11,1,750.65,299.96,113.34,281.37,0.93,-1,-1,-1
11,2,117.65,266.37,183.56,438.62,0.92,-1,-1,-1
11,3,566.20,286.23,87.73,297.67,0.79,-1,-1,-1
11,4,410.84,285.36,129.05,295.56,0.93,-1,-1,-1
11,6,406.96,329.86,48.61,141.38,0.89,-1,-1,-1
11,7,544.24,299.44,194.15,456.77,0.76,-1,-1,-1
11,8,294.36,341.82,71.36,175.32,0.90,-1,-1,-1
11,13,732.96,322.86,34.19,102.36,0.76,-1,-1,-1
11,14,433.06,316.35,33.55,116.42,0.29,-1,-1,-1
11,15,714.75,326.30,35.05,91.76,0.34,-1,-1,-1
11,18,391.82,332.56,40.80,107.41,0.81,-1,-1,-1
11,19,285.33,322.94,36.61,116.26,0.77,-1,-1,-1
11,21,554.89,321.79,46.04,132.64,0.84,-1,-1,-1
11,22,663.55,324.39,50.54,124.34,0.72,-1,-1,-1
11,23,687.01,321.93,38.79,107.01,0.50,-1,-1,-1
11,24,334.36,330.73,45.67,123.01,0.87,-1,-1,-1
11,25,543.24,320.70,36.22,114.46,0.68,-1,-1,-1
11,20,770.93,328.31,39.59,85.60,0.47,-1,-1,-1
11,26,74.42,304.42,51.02,113.40,0.75,-1,-1,-1
11,27,261.67,328.50,42.75,124.65,0.72,-1,-1,-1
11,28,491.85,317.47,39.60,123.30,0.70,-1,-1,-1
12,1,730.36,301.05,127.42,280.88,0.94,-1,-1,-1
12,2,116.08,269.09,179.71,439.42,0.92,-1,-1,-1
12,3,559.33,284.13,90.55,316.98,0.76,-1,-1,-1
12,4,403.82,288.48,130.20,293.53,0.90,-1,-1,-1
12,6,402.39,332.72,47.38,139.41,0.89,-1,-1,-1
12,7,543.95,300.04,190.15,457.62,0.73,-1,-1,-1
12,8,287.45,343.87,72.17,174.76,0.91,-1,-1,-1
12,13,727.55,323.58,36.61,104.11,0.74,-1,-1,-1
12,14,432.35,317.51,29.91,101.55,0.33,-1,-1,-1
12,15,710.29,327.19,36.00,94.19,0.12,-1,-1,-1
12,18,388.41,326.09,40.95,117.78,0.77,-1,-1,-1
12,19,281.26,323.60,37.45,116.26,0.71,-1,-1,-1
12,21,552.58,322.73,43.94,128.46,0.79,-1,-1,-1
12,22,663.34,326.86,43.96,117.25,0.62,-1,-1,-1
12,23,684.55,325.59,35.57,104.59,0.32,-1,-1,-1
12,24,328.59,332.42,46.97,123.04,0.83,-1,-1,-1
12,25,539.58,322.40,35.28,111.01,0.70,-1,-1,-1
12,20,764.04,330.06,39.87,80.91,0.29,-1,-1,-1
12,28,488.99,318.38,38.90,123.72,0.84,-1,-1,-1
13,1,715.32,303.19,138.13,282.30,0.93,-1,-1,-1
13,2,101.58,274.99,190.69,438.60,0.91,-1,-1,-1
13,3,548.78,284.41,101.29,332.17,0.80,-1,-1,-1
13,4,399.11,290.86,130.35,299.52,0.91,-1,-1,-1
13,6,395.49,334.49,49.05,140.09,0.88,-1,-1,-1
13,7,531.98,300.34,209.32,488.46,0.84,-1,-1,-1
13,8,278.61,346.95,75.08,173.22,0.91,-1,-1,-1
13,13,724.64,324.08,36.33,104.45,0.63,-1,-1,-1
13,14,427.90,319.02,31.41,100.00,0.33,-1,-1,-1
13,15,706.44,327.91,40.92,96.55,0.12,-1,-1,-1
13,18,385.13,332.05,40.69,112.63,0.76,-1,-1,-1
13,19,275.78,323.60,37.46,116.56,0.64,-1,-1,-1
13,21,548.98,324.38,44.48,124.99,0.45,-1,-1,-1
13,22,664.16,327.66,38.74,111.41,0.43,-1,-1,-1
13,23,680.86,328.20,33.11,104.03,0.29,-1,-1,-1
13,24,324.47,334.01,47.11,121.16,0.87,-1,-1,-1
13,25,535.56,323.97,35.70,107.12,0.60,-1,-1,-1
13,28,484.78,318.83,38.76,123.46,0.80,-1,-1,-1
13,9,99.15,330.07,126.47,274.94,0.75,-1,-1,-1
14,1,703.76,305.41,146.99,283.41,0.94,-1,-1,-1
14,2,110.89,279.84,178.86,437.79,0.92,-1,-1,-1
14,3,539.91,286.53,105.18,329.48,0.84,-1,-1,-1
14,4,388.32,291.73,135.89,309.61,0.91,-1,-1,-1
14,6,389.93,335.10,49.38,139.72,0.88,-1,-1,-1
14,7,531.82,300.25,213.39,484.77,0.84,-1,-1,-1
14,8,271.45,347.89,75.02,174.34,0.90,-1,-1,-1
14,13,724.10,324.48,33.83,104.57,0.61,-1,-1,-1
14,14,424.87,319.65,31.00,101.35,0.14,-1,-1,-1
14,15,710.89,329.12,35.65,95.66,0.26,-1,-1,-1
14,18,382.38,334.31,39.40,113.11,0.79,-1,-1,-1
14,19,266.35,324.46,46.14,131.39,0.76,-1,-1,-1
14,23,680.81,326.86,36.19,105.69,0.35,-1,-1,-1
14,24,319.32,335.44,48.05,119.84,0.88,-1,-1,-1
14,25,531.27,323.19,37.17,109.64,0.81,-1,-1,-1
14,28,479.66,320.06,39.42,123.69,0.84,-1,-1,-1
14,9,70.33,333.65,140.23,308.72,0.84,-1,-1,-1
15,1,697.45,308.16,149.90,283.58,0.94,-1,-1,-1
15,2,114.55,282.82,173.15,427.85,0.92,-1,-1,-1
15,3,530.63,289.03,101.43,313.17,0.91,-1,-1,-1
15,4,383.12,292.10,134.02,315.90,0.91,-1,-1,-1
15,6,384.93,335.61,49.20,139.51,0.87,-1,-1,-1
15,7,541.78,299.16,204.78,505.30,0.82,-1,-1,-1
15,8,264.30,348.38,75.22,176.09,0.89,-1,-1,-1
15,13,723.16,326.41,31.01,102.19,0.48,-1,-1,-1
15,14,419.53,320.65,33.61,107.01,0.13,-1,-1,-1
15,15,710.79,330.00,31.93,95.52,0.30,-1,-1,-1
15,18,380.07,327.85,35.86,115.02,0.35,-1,-1,-1
15,19,261.97,325.82,44.57,123.59,0.62,-1,-1,-1
15,23,681.07,327.38,37.78,105.68,0.52,-1,-1,-1
15,24,317.04,336.55,46.86,118.10,0.88,-1,-1,-1
15,25,527.76,324.36,36.42,110.48,0.72,-1,-1,-1
15,28,474.94,320.24,40.29,123.07,0.85,-1,-1,-1
15,9,57.75,336.39,142.04,286.47,0.84,-1,-1,-1
15,11,572.19,307.47,67.64,210.67,0.70,-1,-1,-1
16,1,695.02,309.52,149.20,283.31,0.93,-1,-1,-1
16,2,116.48,284.02,169.98,430.42,0.93,-1,-1,-1
16,3,521.72,291.98,99.27,308.82,0.90,-1,-1,-1
16,4,384.48,292.58,125.30,320.52,0.92,-1,-1,-1
16,6,379.74,336.85,48.82,136.87,0.86,-1,-1,-1
16,7,546.04,298.65,203.38,525.30,0.85,-1,-1,-1
16,8,258.51,348.25,73.77,177.66,0.88,-1,-1,-1
16,13,721.05,327.76,28.74,98.26,0.39,-1,-1,-1
16,15,708.66,332.14,30.53,91.59,0.12,-1,-1,-1
16,18,378.16,324.12,31.10,96.79,0.35,-1,-1,-1
16,19,259.53,327.41,43.14,124.93,0.37,-1,-1,-1
16,23,679.11,329.24,41.38,105.08,0.13,-1,-1,-1
16,24,313.64,337.70,46.36,118.41,0.87,-1,-1,-1
16,25,524.46,327.28,34.25,103.31,0.36,-1,-1,-1
16,28,470.30,320.95,41.21,128.43,0.87,-1,-1,-1
16,9,44.28,338.38,133.04,273.77,0.85,-1,-1,-1
16,11,569.47,309.94,74.05,218.81,0.79,-1,-1,-1
17,1,696.03,309.64,142.98,287.26,0.93,-1,-1,-1
17,2,116.03,283.12,168.00,432.57,0.94,-1,-1,-1
17,3,512.45,295.26,97.86,313.95,0.89,-1,-1,-1
17,4,382.76,292.69,119.02,323.79,0.93,-1,-1,-1
17,6,373.80,337.24,49.87,139.32,0.87,-1,-1,-1
17,7,560.76,298.37,193.81,491.55,0.77,-1,-1,-1
17,8,253.89,348.26,71.38,177.41,0.89,-1,-1,-1
17,13,720.18,327.29,32.36,98.94,0.11,-1,-1,-1
17,18,374.35,320.98,28.15,84.59,0.19,-1,-1,-1
17,19,255.09,328.36,45.51,134.61,0.69,-1,-1,-1
17,23,674.13,328.65,49.68,129.82,0.17,-1,-1,-1
17,24,309.69,338.19,47.98,117.95,0.91,-1,-1,-1
17,25,520.38,327.79,35.37,101.37,0.21,-1,-1,-1
17,28,465.46,321.62,42.76,132.13,0.87,-1,-1,-1
17,9,34.31,338.19,123.44,282.56,0.86,-1,-1,-1
17,11,569.30,312.63,68.51,213.75,0.76,-1,-1,-1
18,1,693.55,309.43,138.56,289.18,0.91,-1,-1,-1
18,2,115.76,281.53,166.78,418.35,0.94,-1,-1,-1
18,3,502.90,298.00,102.14,321.06,0.91,-1,-1,-1
18,4,378.49,291.59,114.64,326.79,0.93,-1,-1,-1
18,6,368.65,337.10,49.95,139.48,0.86,-1,-1,-1
18,7,551.67,298.18,205.67,490.69,0.80,-1,-1,-1
18,8,249.62,347.51,68.02,175.52,0.89,-1,-1,-1
18,18,370.56,320.36,27.90,79.94,0.24,-1,-1,-1
18,19,250.33,328.43,46.94,140.08,0.36,-1,-1,-1
18,23,670.12,325.49,59.46,178.69,0.10,-1,-1,-1
18,24,305.10,338.06,49.43,117.80,0.90,-1,-1,-1
18,25,514.96,326.91,36.35,107.03,0.21,-1,-1,-1
18,28,461.92,321.75,42.68,134.65,0.88,-1,-1,-1
18,9,26.67,338.53,111.52,278.60,0.87,-1,-1,-1
18,11,569.50,315.64,68.17,206.12,0.84,-1,-1,-1
19,1,689.73,308.62,132.06,295.28,0.91,-1,-1,-1
19,2,115.94,280.66,166.05,403.54,0.94,-1,-1,-1
19,3,494.04,299.21,101.94,325.01,0.91,-1,-1,-1
19,4,361.28,289.79,124.76,330.63,0.91,-1,-1,-1
19,6,363.86,337.99,50.28,137.99,0.85,-1,-1,-1
19,7,558.10,298.90,199.97,483.19,0.80,-1,-1,-1
19,8,244.19,347.44,67.66,174.93,0.89,-1,-1,-1
19,18,366.19,320.42,27.85,79.15,0.18,-1,-1,-1
19,19,247.29,328.82,45.74,134.77,0.39,-1,-1,-1
19,24,301.54,338.21,49.39,118.03,0.91,-1,-1,-1
19,28,459.70,322.61,41.40,135.79,0.89,-1,-1,-1
19,9,19.12,339.59,101.95,274.58,0.90,-1,-1,-1
19,11,565.15,318.13,71.75,210.99,0.86,-1,-1,-1
20,1,687.04,308.24,122.34,297.61,0.91,-1,-1,-1
20,2,115.08,278.45,167.22,394.68,0.94,-1,-1,-1
20,3,487.25,301.67,99.52,324.19,0.90,-1,-1,-1
20,4,342.60,288.05,138.43,334.22,0.94,-1,-1,-1
20,6,359.19,339.04,50.13,137.30,0.85,-1,-1,-1
20,7,577.48,300.33,180.85,481.53,0.81,-1,-1,-1
20,8,240.34,348.74,63.95,171.31,0.88,-1,-1,-1
20,18,362.99,321.08,29.44,87.12,0.32,-1,-1,-1
20,19,242.67,329.08,46.12,137.28,0.29,-1,-1,-1
20,24,297.30,338.83,51.44,119.06,0.90,-1,-1,-1
20,28,456.43,323.35,42.13,135.56,0.89,-1,-1,-1
20,9,10.87,339.93,96.97,274.35,0.91,-1,-1,-1
20,11,562.27,321.06,71.89,212.23,0.87,-1,-1,-1
20,12,540.73,442.59,216.91,429.79,0.66,-1,-1,-1
21,1,680.94,307.32,113.72,300.25,0.87,-1,-1,-1
21,2,113.18,276.73,168.10,391.83,0.92,-1,-1,-1
21,3,481.81,302.56,99.78,326.69,0.91,-1,-1,-1
21,4,333.70,286.38,141.29,336.94,0.93,-1,-1,-1
21,6,354.86,340.45,49.76,137.13,0.86,-1,-1,-1
21,7,586.35,300.26,173.33,481.28,0.83,-1,-1,-1
21,8,235.50,348.46,62.85,171.57,0.83,-1,-1,-1
21,18,360.66,321.90,27.91,86.29,0.21,-1,-1,-1
21,19,238.96,329.62,46.83,135.05,0.41,-1,-1,-1
21,24,294.00,339.34,53.36,119.71,0.91,-1,-1,-1
21,28,452.70,324.51,42.98,136.26,0.89,-1,-1,-1
21,9,-1.43,339.72,101.41,275.40,0.91,-1,-1,-1
21,11,559.54,322.83,73.15,212.56,0.87,-1,-1,-1
21,12,540.55,443.00,221.44,418.87,0.61,-1,-1,-1
22,1,671.49,305.05,103.81,303.64,0.85,-1,-1,-1
22,2,110.73,275.93,168.95,391.07,0.93,-1,-1,-1
22,3,477.77,301.82,96.91,329.46,0.92,-1,-1,-1
22,4,326.94,285.60,142.77,339.96,0.94,-1,-1,-1
22,6,350.64,340.82,49.32,134.71,0.79,-1,-1,-1
22,7,595.59,300.68,165.20,491.41,0.80,-1,-1,-1
22,8,225.85,334.87,67.58,188.36,0.52,-1,-1,-1
22,18,357.73,321.97,27.37,86.35,0.19,-1,-1,-1
22,19,234.65,328.91,54.69,145.58,0.49,-1,-1,-1
22,24,291.01,339.22,54.09,120.89,0.89,-1,-1,-1
22,28,450.04,325.09,42.70,136.19,0.89,-1,-1,-1
22,9,-13.51,339.89,99.32,276.93,0.88,-1,-1,-1
22,11,556.37,323.89,75.41,209.48,0.89,-1,-1,-1
22,12,545.04,447.92,217.49,409.39,0.72,-1,-1,-1
22,21,518.58,329.37,49.36,139.97,0.72,-1,-1,-1
23,1,658.12,303.19,103.53,307.35,0.77,-1,-1,-1
23,2,108.55,276.91,169.62,391.55,0.92,-1,-1,-1
23,3,471.52,299.79,94.61,331.62,0.92,-1,-1,-1
23,4,318.97,284.96,146.89,346.38,0.94,-1,-1,-1
23,6,347.18,340.85,48.26,132.42,0.79,-1,-1,-1
23,7,598.08,299.99,169.15,495.72,0.85,-1,-1,-1
23,8,221.24,329.69,65.54,193.88,0.62,-1,-1,-1
23,18,353.30,323.29,30.60,95.47,0.18,-1,-1,-1
23,19,230.41,328.71,55.96,147.70,0.31,-1,-1,-1
23,24,287.55,339.08,54.34,121.62,0.90,-1,-1,-1
23,28,448.01,325.80,41.97,135.20,0.89,-1,-1,-1
23,9,-23.55,339.84,95.55,277.64,0.87,-1,-1,-1
23,11,555.58,324.12,76.26,211.54,0.91,-1,-1,-1
23,12,547.10,454.54,220.90,407.49,0.73,-1,-1,-1
23,21,516.64,331.20,47.82,134.68,0.65,-1,-1,-1
23,29,546.75,324.45,43.20,135.45,0.72,-1,-1,-1
24,1,651.54,308.41,113.94,294.78,0.51,-1,-1,-1
24,2,108.08,277.75,170.35,393.76,0.94,-1,-1,-1
24,3,465.54,300.78,95.57,326.40,0.91,-1,-1,-1
24,4,313.51,285.20,149.24,357.85,0.94,-1,-1,-1
24,6,343.50,341.15,47.24,128.54,0.78,-1,-1,-1
24,7,601.19,303.15,174.17,494.35,0.86,-1,-1,-1
24,8,218.23,328.57,62.37,196.27,0.68,-1,-1,-1
24,18,349.69,323.48,30.25,98.43,0.25,-1,-1,-1
24,19,228.28,329.65,52.97,142.43,0.26,-1,-1,-1
24,24,284.58,339.31,53.81,121.86,0.90,-1,-1,-1
24,28,446.01,326.21,41.82,135.64,0.86,-1,-1,-1
24,9,-34.52,340.09,98.10,280.24,0.87,-1,-1,-1
24,11,554.44,323.11,77.15,215.14,0.90,-1,-1,-1
24,12,548.36,457.82,226.10,403.07,0.69,-1,-1,-1
24,21,513.27,330.36,48.44,132.40,0.83,-1,-1,-1
24,29,543.63,324.89,43.94,132.24,0.80,-1,-1,-1
24,22,635.43,325.45,47.55,146.48,0.69,-1,-1,-1
25,2,107.97,280.09,170.34,392.93,0.94,-1,-1,-1
25,3,457.46,300.48,92.78,319.57,0.92,-1,-1,-1
25,4,307.49,286.71,148.87,366.19,0.94,-1,-1,-1
25,6,340.52,341.18,45.66,124.39,0.67,-1,-1,-1
25,7,605.78,302.23,178.45,513.65,0.85,-1,-1,-1
25,8,207.86,329.30,66.92,196.85,0.62,-1,-1,-1
25,18,346.83,323.08,28.62,94.64,0.24,-1,-1,-1
25,19,225.91,329.65,51.94,139.04,0.45,-1,-1,-1
25,24,281.84,339.18,54.45,121.80,0.91,-1,-1,-1
25,28,443.46,324.66,43.40,138.62,0.83,-1,-1,-1
25,9,-47.68,341.56,106.68,281.23,0.86,-1,-1,-1
25,11,552.65,322.49,76.88,215.19,0.92,-1,-1,-1
25,12,552.57,459.68,229.14,404.52,0.73,-1,-1,-1
25,21,511.82,329.70,46.29,136.92,0.89,-1,-1,-1
25,29,541.89,325.13,42.71,132.31,0.80,-1,-1,-1
25,22,633.38,327.80,47.36,138.97,0.79,-1,-1,-1
26,2,108.62,282.15,170.03,392.86,0.95,-1,-1,-1
26,3,448.91,297.32,91.19,320.39,0.92,-1,-1,-1
26,4,303.43,287.60,147.82,378.11,0.93,-1,-1,-1
26,6,337.35,340.12,46.63,131.03,0.57,-1,-1,-1
26,7,608.80,301.40,181.96,518.19,0.83,-1,-1,-1
26,8,207.08,329.23,66.13,196.62,0.73,-1,-1,-1
26,18,345.33,322.94,26.81,90.44,0.28,-1,-1,-1
26,19,222.55,330.09,51.04,139.11,0.15,-1,-1,-1
26,24,279.89,339.27,53.82,121.66,0.90,-1,-1,-1
26,28,441.48,322.43,48.27,141.38,0.77,-1,-1,-1
26,9,-57.55,344.80,112.78,280.50,0.85,-1,-1,-1
26,11,551.14,321.00,76.79,214.70,0.92,-1,-1,-1
26,12,557.62,461.37,232.04,403.24,0.68,-1,-1,-1
26,21,510.14,329.58,46.07,137.59,0.88,-1,-1,-1
26,29,539.34,325.51,42.29,133.05,0.82,-1,-1,-1
26,22,631.51,329.53,49.61,140.60,0.81,-1,-1,-1
27,2,110.27,285.61,167.78,389.86,0.93,-1,-1,-1
27,3,439.94,296.76,92.41,322.43,0.92,-1,-1,-1
27,4,298.90,288.56,148.44,385.38,0.94,-1,-1,-1
27,6,334.18,339.73,46.07,129.24,0.43,-1,-1,-1
27,7,605.23,301.38,192.10,527.93,0.79,-1,-1,-1
27,8,203.82,329.55,65.04,194.95,0.73,-1,-1,-1
27,18,341.96,323.21,28.63,93.39,0.35,-1,-1,-1
27,19,217.69,330.25,52.28,148.88,0.11,-1,-1,-1
27,24,277.63,339.60,54.12,121.58,0.89,-1,-1,-1
27,28,438.86,320.40,50.52,147.08,0.63,-1,-1,-1
27,9,-73.66,344.48,124.09,283.13,0.68,-1,-1,-1
27,11,547.90,320.43,79.09,218.38,0.92,-1,-1,-1
27,12,562.33,463.40,232.95,405.64,0.74,-1,-1,-1
27,21,507.14,329.85,46.57,137.49,0.91,-1,-1,-1
27,29,536.92,324.96,44.23,134.61,0.83,-1,-1,-1
27,22,630.45,330.05,51.58,140.99,0.59,-1,-1,-1
28,2,109.90,289.65,167.04,384.64,0.93,-1,-1,-1
28,3,431.01,297.06,93.63,322.75,0.93,-1,-1,-1
28,4,294.44,289.31,149.79,394.98,0.94,-1,-1,-1
28,6,332.67,338.30,41.96,123.90,0.15,-1,-1,-1
28,7,617.42,303.23,188.94,522.10,0.85,-1,-1,-1
28,8,198.50,329.95,64.55,197.96,0.54,-1,-1,-1
28,18,338.41,324.11,30.44,95.34,0.34,-1,-1,-1
28,19,217.17,330.68,49.57,141.78,0.11,-1,-1,-1
28,24,274.77,339.79,55.69,123.03,0.89,-1,-1,-1
28,28,436.73,320.44,49.67,146.72,0.52,-1,-1,-1
28,9,-89.35,338.47,134.63,301.91,0.14,-1,-1,-1
28,11,545.24,321.16,79.36,216.79,0.91,-1,-1,-1
28,12,567.83,466.83,234.92,387.48,0.72,-1,-1,-1
28,21,502.50,329.12,49.13,139.50,0.91,-1,-1,-1
28,29,533.95,326.11,42.94,133.47,0.77,-1,-1,-1
28,22,631.50,331.35,48.31,134.48,0.33,-1,-1,-1
28,10,1122.35,320.80,28.78,58.08,0.66,-1,-1,-1
28,1,627.20,310.30,99.16,309.70,0.74,-1,-1,-1
29,2,111.56,290.56,164.11,377.01,0.93,-1,-1,-1
29,3,424.73,299.50,94.09,319.95,0.93,-1,-1,-1
29,4,289.65,287.77,151.10,401.49,0.94,-1,-1,-1
29,7,626.61,303.44,186.97,517.82,0.83,-1,-1,-1
29,8,196.67,330.48,63.09,188.93,0.49,-1,-1,-1
29,18,334.87,324.53,32.30,96.39,0.38,-1,-1,-1
29,24,273.25,339.77,55.39,123.30,0.89,-1,-1,-1
29,28,433.45,325.12,44.57,134.87,0.26,-1,-1,-1
29,9,-108.75,324.79,150.35,377.36,0.20,-1,-1,-1
29,11,543.22,321.66,80.02,218.92,0.92,-1,-1,-1
29,12,575.50,469.83,234.38,387.27,0.65,-1,-1,-1
29,21,499.75,328.79,50.08,140.26,0.90,-1,-1,-1
29,29,531.53,328.20,41.16,131.46,0.54,-1,-1,-1
29,22,629.78,334.51,45.12,132.77,0.10,-1,-1,-1
29,10,1119.50,320.68,28.88,58.02,0.69,-1,-1,-1
29,1,623.41,312.34,92.11,291.06,0.69,-1,-1,-1
30,2,114.10,291.02,160.59,376.47,0.94,-1,-1,-1
30,3,411.77,297.56,102.63,322.26,0.94,-1,-1,-1
30,4,285.59,285.15,153.00,406.60,0.95,-1,-1,-1
30,7,637.13,304.69,187.38,526.63,0.82,-1,-1,-1
30,8,199.64,330.48,58.70,178.65,0.19,-1,-1,-1
30,18,331.88,323.81,33.60,101.48,0.23,-1,-1,-1
30,24,272.08,339.91,55.24,123.21,0.88,-1,-1,-1
30,11,542.06,322.41,80.25,219.06,0.92,-1,-1,-1
30,12,580.24,469.59,244.60,399.74,0.71,-1,-1,-1
30,21,496.27,329.10,51.61,139.74,0.91,-1,-1,-1
30,29,529.66,327.17,41.20,130.71,0.78,-1,-1,-1
30,10,1117.92,321.34,27.74,57.67,0.80,-1,-1,-1
30,1,616.68,311.82,90.65,292.49,0.81,-1,-1,-1
30,25,481.79,333.28,37.79,122.57,0.63,-1,-1,-1
31,2,115.13,289.84,158.30,374.74,0.94,-1,-1,-1
31,3,396.66,296.26,115.58,324.34,0.94,-1,-1,-1
31,4,281.56,282.01,155.45,412.58,0.95,-1,-1,-1
31,7,646.50,304.87,180.43,528.36,0.78,-1,-1,-1
31,8,205.05,330.57,50.83,145.51,0.27,-1,-1,-1
31,18,329.46,323.44,34.40,105.42,0.15,-1,-1,-1
31,24,270.95,339.85,54.29,123.62,0.84,-1,-1,-1
31,11,541.37,323.74,79.16,218.07,0.92,-1,-1,-1
31,12,582.51,464.00,251.91,435.58,0.57,-1,-1,-1
31,21,493.23,329.69,52.78,139.95,0.92,-1,-1,-1
31,29,527.51,327.11,41.23,132.63,0.79,-1,-1,-1
31,10,1115.67,320.67,28.49,58.16,0.78,-1,-1,-1
31,1,589.83,311.89,110.62,302.02,0.89,-1,-1,-1
31,25,479.73,334.06,37.84,114.49,0.74,-1,-1,-1
31,16,665.16,332.61,41.43,117.43,0.62,-1,-1,-1
32,2,112.48,289.77,160.00,366.28,0.90,-1,-1,-1
32,3,376.79,295.28,134.12,327.38,0.94,-1,-1,-1
32,4,277.23,280.62,158.68,415.14,0.95,-1,-1,-1
32,7,656.06,304.00,173.51,524.49,0.82,-1,-1,-1
32,8,202.39,330.48,53.66,142.79,0.34,-1,-1,-1
32,18,320.87,323.09,44.01,130.74,0.23,-1,-1,-1
32,24,269.52,339.63,53.01,123.32,0.83,-1,-1,-1
32,11,540.85,324.64,78.72,217.27,0.92,-1,-1,-1
32,12,598.01,467.17,237.85,425.00,0.62,-1,-1,-1
32,21,490.94,328.70,53.22,142.39,0.92,-1,-1,-1
32,29,525.25,326.12,43.11,135.63,0.84,-1,-1,-1
32,10,1113.15,320.23,28.76,58.05,0.75,-1,-1,-1
32,1,579.32,310.73,113.98,306.13,0.90,-1,-1,-1
32,25,475.43,332.49,39.65,124.74,0.78,-1,-1,-1
32,16,665.64,332.25,40.09,113.85,0.67,-1,-1,-1
33,2,114.54,288.39,156.70,357.29,0.94,-1,-1,-1
33,3,362.95,295.39,147.29,327.70,0.93,-1,-1,-1
33,4,273.04,276.92,163.79,420.26,0.94,-1,-1,-1
33,7,666.95,303.33,169.28,530.31,0.83,-1,-1,-1
33,24,267.95,339.89,51.36,122.49,0.79,-1,-1,-1
33,11,541.03,325.70,79.20,216.73,0.90,-1,-1,-1
33,12,612.11,469.76,227.91,437.14,0.76,-1,-1,-1
33,21,488.39,328.03,53.99,143.47,0.92,-1,-1,-1
33,29,522.72,325.59,43.83,136.77,0.83,-1,-1,-1
33,10,1111.91,320.11,27.70,58.03,0.75,-1,-1,-1
33,1,575.24,308.81,111.94,309.65,0.89,-1,-1,-1
33,25,471.84,331.81,42.11,129.54,0.85,-1,-1,-1
33,16,665.45,330.89,43.42,121.44,0.77,-1,-1,-1
34,2,116.76,286.83,153.63,355.87,0.94,-1,-1,-1
34,3,356.88,296.21,152.86,327.24,0.94,-1,-1,-1
34,4,269.99,272.41,171.48,425.85,0.94,-1,-1,-1
34,7,678.13,303.09,155.22,512.89,0.84,-1,-1,-1
34,24,267.21,339.02,51.24,123.04,0.83,-1,-1,-1
34,11,541.99,325.57,79.21,215.57,0.89,-1,-1,-1
34,12,623.91,470.16,200.80,432.74,0.37,-1,-1,-1
34,21,487.47,327.99,54.16,143.08,0.92,-1,-1,-1
34,29,520.89,325.32,44.00,136.98,0.83,-1,-1,-1
34,10,1110.93,320.05,28.43,58.01,0.73,-1,-1,-1
34,1,574.41,308.62,106.04,309.54,0.91,-1,-1,-1
34,25,469.65,330.99,42.95,132.20,0.87,-1,-1,-1
34,16,665.61,331.13,44.50,124.42,0.83,-1,-1,-1
34,28,433.03,323.92,41.73,132.57,0.77,-1,-1,-1
34,22,639.91,327.98,58.24,146.44,0.81,-1,-1,-1
35,2,117.31,285.87,152.85,353.66,0.92,-1,-1,-1
35,3,348.49,296.68,161.34,327.01,0.92,-1,-1,-1
35,4,275.94,271.36,169.36,430.83,0.93,-1,-1,-1
35,7,684.24,303.34,153.42,512.94,0.84,-1,-1,-1
35,24,266.65,339.78,48.85,119.95,0.78,-1,-1,-1
35,11,543.54,325.14,77.50,214.97,0.89,-1,-1,-1
35,12,637.31,469.14,176.88,456.26,0.80,-1,-1,-1
35,21,487.17,328.69,53.08,141.69,0.92,-1,-1,-1
35,29,519.95,325.32,44.11,135.53,0.84,-1,-1,-1
35,10,1109.45,319.91,28.72,58.00,0.72,-1,-1,-1
35,1,573.90,308.94,102.66,309.99,0.91,-1,-1,-1
35,25,467.68,331.22,43.90,133.04,0.88,-1,-1,-1
35,16,666.72,331.73,44.96,124.95,0.80,-1,-1,-1
35,28,429.94,323.93,44.96,137.36,0.76,-1,-1,-1
35,22,640.85,326.41,58.88,150.03,0.85,-1,-1,-1
35,15,682.65,331.50,39.54,107.88,0.62,-1,-1,-1
36,2,117.12,287.27,153.03,350.58,0.94,-1,-1,-1
36,3,341.92,297.13,165.71,327.50,0.91,-1,-1,-1
36,4,266.45,268.16,183.31,437.09,0.94,-1,-1,-1
36,7,693.72,304.17,150.38,526.21,0.85,-1,-1,-1
36,24,265.38,339.72,48.55,120.28,0.73,-1,-1,-1
36,11,544.69,324.79,76.22,214.91,0.88,-1,-1,-1
36,12,645.94,469.29,149.43,462.63,0.73,-1,-1,-1
36,21,486.16,328.79,52.62,140.09,0.91,-1,-1,-1
36,29,519.00,325.44,43.54,135.71,0.85,-1,-1,-1
36,10,1107.09,319.73,28.82,58.30,0.80,-1,-1,-1
36,1,572.72,309.04,103.80,309.53,0.90,-1,-1,-1
36,25,465.46,331.44,44.23,133.73,0.89,-1,-1,-1
36,16,667.20,331.80,50.47,127.48,0.83,-1,-1,-1
36,28,427.17,324.35,46.21,140.82,0.85,-1,-1,-1
36,22,641.41,326.12,58.49,149.26,0.86,-1,-1,-1
36,15,681.40,331.20,40.89,106.74,0.33,-1,-1,-1
37,2,115.27,289.65,154.30,348.38,0.91,-1,-1,-1
37,3,339.73,297.06,162.24,327.64,0.90,-1,-1,-1
37,4,264.81,271.29,189.94,447.33,0.93,-1,-1,-1
37,7,698.17,303.60,160.46,534.70,0.83,-1,-1,-1
37,24,264.95,339.75,47.56,119.81,0.69,-1,-1,-1
37,11,547.37,323.63,75.16,213.25,0.87,-1,-1,-1
37,12,653.02,469.33,149.90,440.99,0.73,-1,-1,-1
37,21,484.80,329.16,53.04,137.98,0.91,-1,-1,-1
37,29,518.55,325.08,43.33,134.11,0.85,-1,-1,-1
37,10,1106.41,319.22,30.04,58.71,0.81,-1,-1,-1
37,1,570.22,307.04,97.67,311.66,0.90,-1,-1,-1
37,25,463.06,332.00,45.52,133.20,0.87,-1,-1,-1
37,16,667.81,332.59,53.07,128.98,0.84,-1,-1,-1
37,28,425.56,325.44,45.66,136.66,0.86,-1,-1,-1
37,22,640.58,325.76,58.88,148.89,0.87,-1,-1,-1
37,15,681.08,332.00,40.26,101.86,0.24,-1,-1,-1
38,2,115.35,290.06,154.28,349.39,0.92,-1,-1,-1
38,3,338.83,295.85,156.26,330.08,0.90,-1,-1,-1
38,4,262.02,271.95,195.04,456.35,0.92,-1,-1,-1
38,7,703.97,304.29,165.22,537.30,0.83,-1,-1,-1
38,24,264.06,340.06,47.20,118.75,0.41,-1,-1,-1
38,11,550.62,322.00,69.95,206.37,0.84,-1,-1,-1
38,12,659.70,471.12,146.25,423.22,0.29,-1,-1,-1
38,21,483.01,328.87,54.37,144.22,0.91,-1,-1,-1
38,29,517.99,324.36,44.44,136.22,0.86,-1,-1,-1
38,10,1105.81,319.23,30.49,58.57,0.79,-1,-1,-1
38,1,567.05,305.71,93.46,313.64,0.91,-1,-1,-1
38,25,461.49,332.97,46.57,133.67,0.89,-1,-1,-1
38,16,668.04,332.32,55.23,131.29,0.85,-1,-1,-1
38,28,422.29,326.02,47.67,140.72,0.90,-1,-1,-1
38,22,639.53,326.39,60.15,150.34,0.88,-1,-1,-1
39,2,115.74,290.19,154.97,349.98,0.93,-1,-1,-1
39,3,336.76,297.76,147.20,328.10,0.89,-1,-1,-1
39,4,252.38,272.23,207.95,462.68,0.93,-1,-1,-1
39,7,707.90,303.34,176.04,538.36,0.84,-1,-1,-1
39,24,263.16,340.18,45.29,119.00,0.53,-1,-1,-1
39,11,552.66,325.15,64.32,179.19,0.80,-1,-1,-1
39,12,666.31,472.98,144.73,399.14,0.72,-1,-1,-1
39,21,482.57,328.76,53.71,147.14,0.91,-1,-1,-1
39,29,517.13,323.93,45.46,139.26,0.88,-1,-1,-1
39,10,1105.14,318.76,30.67,58.84,0.82,-1,-1,-1
39,1,561.15,306.22,93.24,313.40,0.92,-1,-1,-1
39,25,460.25,333.48,46.98,134.29,0.90,-1,-1,-1
39,16,669.57,333.09,55.50,130.69,0.86,-1,-1,-1
39,28,420.41,326.07,48.43,141.20,0.91,-1,-1,-1
39,22,639.63,327.07,60.64,151.04,0.87,-1,-1,-1
40,2,112.51,295.90,158.77,344.54,0.91,-1,-1,-1
40,3,331.83,298.02,137.86,328.88,0.87,-1,-1,-1
40,4,243.61,272.07,221.09,471.50,0.92,-1,-1,-1
40,7,706.51,302.35,185.34,550.96,0.83,-1,-1,-1
40,24,261.34,339.75,47.35,122.21,0.72,-1,-1,-1
40,11,552.97,318.68,67.36,199.82,0.41,-1,-1,-1
40,12,675.39,479.07,148.80,400.52,0.51,-1,-1,-1
40,21,481.23,328.24,54.01,149.82,0.92,-1,-1,-1
40,29,516.21,323.15,45.84,142.73,0.88,-1,-1,-1
40,10,1104.74,318.40,30.72,58.92,0.84,-1,-1,-1
40,1,555.21,306.86,92.57,313.03,0.91,-1,-1,-1
40,25,458.78,333.34,47.25,135.62,0.90,-1,-1,-1
40,16,671.03,334.09,55.54,129.93,0.86,-1,-1,-1
40,28,416.91,325.32,50.60,143.26,0.90,-1,-1,-1
40,22,637.23,327.01,61.94,151.52,0.90,-1,-1,-1
41,2,116.32,299.95,155.75,340.67,0.92,-1,-1,-1
41,3,328.04,313.10,129.88,317.44,0.82,-1,-1,-1
41,4,240.35,272.59,221.69,475.28,0.92,-1,-1,-1
41,7,707.78,301.05,190.70,568.60,0.84,-1,-1,-1
41,24,260.12,339.40,47.79,120.91,0.80,-1,-1,-1
41,11,551.60,315.86,69.59,211.65,0.39,-1,-1,-1
41,12,683.27,480.57,148.56,434.18,0.72,-1,-1,-1
41,21,480.48,327.72,54.12,151.71,0.92,-1,-1,-1
41,29,515.61,323.27,45.98,143.30,0.88,-1,-1,-1
41,10,1104.11,318.08,30.73,58.65,0.82,-1,-1,-1
41,1,538.12,307.48,104.48,312.18,0.93,-1,-1,-1
41,25,457.26,333.10,47.77,137.12,0.89,-1,-1,-1
41,16,672.25,335.31,56.10,129.30,0.88,-1,-1,-1
41,28,413.59,325.73,51.43,145.64,0.91,-1,-1,-1
41,22,634.57,326.66,64.17,153.16,0.89,-1,-1,-1
42,2,119.68,303.89,154.58,336.75,0.92,-1,-1,-1
42,3,318.37,310.34,124.09,324.50,0.57,-1,-1,-1
42,4,234.66,272.90,231.92,480.39,0.91,-1,-1,-1
42,7,707.22,300.15,196.66,576.16,0.84,-1,-1,-1
42,24,259.10,338.61,47.94,123.07,0.81,-1,-1,-1
42,12,693.17,482.53,149.78,437.96,0.71,-1,-1,-1
42,21,479.76,327.06,54.12,152.52,0.93,-1,-1,-1
42,29,515.23,323.16,45.99,143.32,0.87,-1,-1,-1
42,10,1103.91,318.06,30.71,58.25,0.82,-1,-1,-1
42,1,518.32,304.75,119.55,315.32,0.94,-1,-1,-1
42,25,456.56,331.94,47.92,138.96,0.89,-1,-1,-1
42,16,673.69,333.55,56.24,130.94,0.87,-1,-1,-1
42,28,409.98,324.82,53.59,148.42,0.91,-1,-1,-1
42,22,634.19,326.98,66.11,154.75,0.88,-1,-1,-1
42,17,1137.56,323.31,25.22,56.71,0.60,-1,-1,-1
43,2,121.41,306.38,154.58,330.17,0.90,-1,-1,-1
43,3,315.31,312.87,122.67,325.91,0.27,-1,-1,-1
43,4,227.41,268.23,240.40,488.74,0.92,-1,-1,-1
43,7,710.63,299.35,198.98,568.52,0.85,-1,-1,-1
43,24,257.86,337.89,48.32,126.40,0.83,-1,-1,-1
43,12,702.59,487.65,152.22,453.82,0.74,-1,-1,-1
43,21,478.66,326.96,54.71,152.64,0.92,-1,-1,-1
43,29,514.85,322.82,45.41,143.59,0.86,-1,-1,-1
43,10,1103.95,317.85,30.70,58.10,0.83,-1,-1,-1
43,1,500.88,306.83,133.91,313.10,0.94,-1,-1,-1
43,25,455.78,330.62,47.97,140.50,0.90,-1,-1,-1
43,16,674.89,332.86,56.28,131.54,0.88,-1,-1,-1
43,28,409.10,324.19,53.40,149.45,0.90,-1,-1,-1
43,22,633.49,327.10,68.59,157.09,0.89,-1,-1,-1
43,17,1137.38,322.58,25.17,57.32,0.65,-1,-1,-1
44,2,113.77,306.87,164.26,329.68,0.89,-1,-1,-1
44,3,311.34,314.63,125.22,321.11,0.15,-1,-1,-1
44,4,222.61,263.49,243.86,499.92,0.90,-1,-1,-1
44,7,712.26,297.39,202.10,578.51,0.86,-1,-1,-1
44,24,256.61,337.13,48.76,133.08,0.79,-1,-1,-1
44,12,710.80,491.25,148.38,440.48,0.42,-1,-1,-1
44,21,477.03,326.59,55.52,152.35,0.92,-1,-1,-1
44,29,514.37,322.96,45.77,143.66,0.87,-1,-1,-1
44,10,1103.92,317.30,30.69,58.64,0.80,-1,-1,-1
44,1,489.42,308.95,144.19,311.75,0.94,-1,-1,-1
44,25,455.17,329.19,47.96,141.34,0.90,-1,-1,-1
44,16,675.00,331.66,56.84,132.62,0.89,-1,-1,-1
44,28,408.61,324.34,53.14,149.95,0.91,-1,-1,-1
44,22,635.16,325.35,68.94,159.71,0.92,-1,-1,-1
44,17,1137.24,322.48,25.14,57.20,0.61,-1,-1,-1
45,2,114.63,306.35,166.10,325.34,0.88,-1,-1,-1
45,3,284.66,295.41,123.22,351.85,0.67,-1,-1,-1
45,4,212.39,258.58,250.29,510.26,0.91,-1,-1,-1
45,7,716.24,295.88,200.96,577.29,0.85,-1,-1,-1
45,24,255.19,336.67,47.46,134.78,0.75,-1,-1,-1
45,12,719.56,491.22,145.28,424.38,0.53,-1,-1,-1
45,21,474.93,326.42,57.01,153.57,0.92,-1,-1,-1
45,29,513.59,322.83,45.32,147.85,0.84,-1,-1,-1
45,10,1104.08,317.19,30.69,58.86,0.79,-1,-1,-1
45,1,481.03,310.90,151.74,309.96,0.95,-1,-1,-1
45,25,454.34,328.76,48.55,141.06,0.89,-1,-1,-1
45,16,676.23,330.57,54.70,133.77,0.90,-1,-1,-1
45,28,407.39,323.92,52.45,150.14,0.89,-1,-1,-1
45,22,636.68,325.82,70.21,159.98,0.92,-1,-1,-1
45,17,1137.37,322.53,23.91,56.56,0.70,-1,-1,-1
45,11,558.09,320.21,72.51,192.22,0.83,-1,-1,-1
46,2,124.59,305.05,154.19,316.24,0.91,-1,-1,-1
46,3,267.59,290.19,124.52,347.24,0.75,-1,-1,-1
46,4,205.00,253.69,251.91,520.33,0.91,-1,-1,-1
46,7,720.86,293.93,200.87,577.23,0.85,-1,-1,-1
46,24,254.86,336.08,46.64,138.00,0.59,-1,-1,-1
46,12,727.60,488.58,150.85,430.78,0.41,-1,-1,-1
46,21,474.57,326.11,56.95,154.12,0.92,-1,-1,-1
46,29,513.12,321.07,48.10,154.51,0.74,-1,-1,-1
46,10,1103.50,316.99,30.67,58.63,0.72,-1,-1,-1
46,1,475.79,310.49,155.73,310.53,0.95,-1,-1,-1
46,25,453.60,327.76,49.31,142.79,0.89,-1,-1,-1
46,16,677.67,329.94,52.59,133.71,0.90,-1,-1,-1
46,28,406.37,322.92,54.79,152.65,0.88,-1,-1,-1
46,22,637.62,324.16,70.62,161.75,0.92,-1,-1,-1
46,17,1138.02,322.24,23.45,56.62,0.52,-1,-1,-1
46,11,561.51,322.03,70.45,183.15,0.87,-1,-1,-1
47,2,128.21,302.90,148.54,311.36,0.90,-1,-1,-1
47,3,255.77,289.08,120.86,346.38,0.78,-1,-1,-1
47,4,227.50,249.30,222.80,524.28,0.93,-1,-1,-1
47,7,725.57,292.34,199.06,577.69,0.85,-1,-1,-1
47,24,253.56,334.46,46.96,139.78,0.43,-1,-1,-1
47,12,734.99,488.79,163.63,426.61,0.53,-1,-1,-1
47,21,474.05,323.97,56.92,157.25,0.92,-1,-1,-1
47,29,512.54,322.76,45.65,148.03,0.30,-1,-1,-1
47,10,1103.23,316.17,30.66,59.15,0.71,-1,-1,-1
47,1,472.99,309.62,156.10,312.39,0.94,-1,-1,-1
47,25,452.64,326.85,49.60,144.89,0.89,-1,-1,-1
47,16,678.68,329.14,52.40,134.54,0.91,-1,-1,-1
47,28,404.86,321.70,55.09,154.46,0.89,-1,-1,-1
47,22,638.14,323.85,71.33,160.63,0.92,-1,-1,-1
47,17,1138.83,321.83,23.31,57.25,0.51,-1,-1,-1
47,11,563.18,321.53,67.93,183.90,0.87,-1,-1,-1
48,2,118.26,299.73,152.44,313.37,0.89,-1,-1,-1
48,3,248.92,287.31,116.18,341.22,0.73,-1,-1,-1
48,4,230.14,243.22,211.55,532.39,0.91,-1,-1,-1
48,7,730.74,288.86,193.59,590.74,0.85,-1,-1,-1
48,24,251.93,330.12,50.08,158.56,0.27,-1,-1,-1
48,21,473.90,324.27,55.72,156.20,0.92,-1,-1,-1
48,10,1102.57,315.59,30.66,59.63,0.69,-1,-1,-1
48,1,471.08,308.75,154.38,312.48,0.94,-1,-1,-1
48,25,451.73,326.43,50.29,146.97,0.89,-1,-1,-1
48,16,679.06,328.89,53.53,135.12,0.90,-1,-1,-1
48,28,403.61,321.46,53.13,154.37,0.90,-1,-1,-1
48,22,638.91,321.59,72.17,162.95,0.91,-1,-1,-1
48,17,1139.15,321.40,23.28,57.49,0.49,-1,-1,-1
48,11,563.76,320.80,67.00,191.47,0.87,-1,-1,-1
49,2,114.51,298.09,150.79,311.59,0.90,-1,-1,-1
49,3,241.65,288.33,119.34,346.98,0.64,-1,-1,-1
49,4,233.27,238.31,201.63,540.78,0.91,-1,-1,-1
49,7,734.59,287.38,193.42,586.12,0.85,-1,-1,-1
49,21,473.27,324.45,54.62,154.14,0.92,-1,-1,-1
49,10,1102.99,315.13,30.64,59.23,0.66,-1,-1,-1
49,1,469.19,306.54,148.26,314.94,0.93,-1,-1,-1
49,25,450.38,325.75,50.96,147.01,0.90,-1,-1,-1
49,16,680.09,328.17,53.33,136.23,0.90,-1,-1,-1
49,28,403.03,320.83,51.71,153.58,0.90,-1,-1,-1
49,22,639.49,321.13,72.42,162.20,0.92,-1,-1,-1
49,17,1139.33,320.69,23.27,58.19,0.38,-1,-1,-1
49,11,562.12,319.57,68.44,196.40,0.90,-1,-1,-1
50,2,117.11,297.14,143.15,312.56,0.92,-1,-1,-1
50,3,235.78,287.81,116.01,341.13,0.66,-1,-1,-1
50,4,226.21,235.59,202.62,548.71,0.88,-1,-1,-1
50,7,737.33,285.61,194.26,587.09,0.86,-1,-1,-1
50,21,472.15,324.18,54.21,153.91,0.90,-1,-1,-1
50,10,1103.74,314.12,29.45,59.67,0.57,-1,-1,-1
50,1,467.32,303.86,139.23,316.44,0.92,-1,-1,-1
50,25,448.99,325.45,50.90,148.74,0.89,-1,-1,-1
50,16,681.63,328.72,53.84,135.73,0.90,-1,-1,-1
50,28,401.49,319.21,51.78,154.27,0.90,-1,-1,-1
50,22,639.08,320.91,74.25,163.93,0.92,-1,-1,-1
50,17,1139.99,319.74,23.28,58.45,0.20,-1,-1,-1
50,11,562.65,317.85,67.79,196.53,0.92,-1,-1,-1
50,30,616.05,326.25,39.60,119.70,0.71,-1,-1,-1
51,2,115.07,298.31,140.43,311.91,0.92,-1,-1,-1
51,4,213.95,234.95,209.01,566.16,0.88,-1,-1,-1
51,7,739.41,283.26,198.20,590.78,0.86,-1,-1,-1
51,21,470.65,324.79,52.28,153.78,0.89,-1,-1,-1
51,10,1103.44,314.18,28.99,58.93,0.61,-1,-1,-1
51,1,464.93,301.19,130.29,318.69,0.92,-1,-1,-1
51,25,448.29,325.45,51.18,149.62,0.89,-1,-1,-1
51,16,682.25,329.31,54.04,136.07,0.90,-1,-1,-1
51,28,398.96,317.99,53.01,158.46,0.90,-1,-1,-1
51,22,639.26,320.76,75.52,164.96,0.92,-1,-1,-1
51,17,1140.83,319.52,22.09,58.23,0.26,-1,-1,-1
51,11,561.98,316.24,68.78,195.81,0.92,-1,-1,-1
51,30,617.10,325.83,36.74,119.73,0.77,-1,-1,-1
51,15,674.00,326.03,40.52,128.73,0.73,-1,-1,-1
52,2,112.67,301.87,137.75,307.76,0.92,-1,-1,-1
52,4,193.75,232.43,221.55,583.75,0.87,-1,-1,-1
52,7,740.33,281.68,202.30,592.87,0.87,-1,-1,-1
52,21,468.86,324.13,49.74,152.24,0.85,-1,-1,-1
52,10,1103.35,313.65,30.04,58.95,0.59,-1,-1,-1
52,1,463.11,300.18,117.75,323.10,0.91,-1,-1,-1
52,25,446.98,325.32,50.83,148.89,0.89,-1,-1,-1
52,16,683.03,329.84,53.52,136.78,0.89,-1,-1,-1
52,28,396.37,316.95,54.65,158.86,0.91,-1,-1,-1
52,22,639.57,321.03,75.39,165.92,0.92,-1,-1,-1
52,11,560.48,314.90,72.70,193.33,0.92,-1,-1,-1
52,30,616.93,325.04,35.46,120.79,0.81,-1,-1,-1
52,15,674.31,325.37,39.88,128.76,0.66,-1,-1,-1
52,3,216.65,287.82,124.44,363.19,0.67,-1,-1,-1
53,2,109.11,305.41,134.36,304.36,0.92,-1,-1,-1
53,4,195.46,235.11,211.30,596.24,0.88,-1,-1,-1
53,7,740.83,280.40,206.99,599.59,0.86,-1,-1,-1
53,21,467.36,326.40,49.40,147.00,0.75,-1,-1,-1
53,10,1103.32,313.21,30.41,59.25,0.73,-1,-1,-1
53,1,460.05,298.03,104.94,327.70,0.92,-1,-1,-1
53,25,446.11,324.67,51.69,149.15,0.88,-1,-1,-1
53,16,683.31,329.75,54.48,137.62,0.89,-1,-1,-1
53,28,395.03,316.39,54.65,159.11,0.92,-1,-1,-1
53,22,639.98,320.40,75.27,166.69,0.92,-1,-1,-1
53,11,559.93,313.35,74.73,190.45,0.92,-1,-1,-1
53,30,617.64,324.10,34.32,121.12,0.79,-1,-1,-1
53,15,673.22,324.69,40.26,130.15,0.61,-1,-1,-1
53,3,208.67,288.94,130.61,402.84,0.74,-1,-1,-1
53,31,-180.56,229.27,281.47,775.12,0.70,-1,-1,-1
54,2,106.28,308.07,132.89,302.21,0.91,-1,-1,-1
54,4,168.34,234.50,229.87,615.45,0.87,-1,-1,-1
54,7,740.38,279.61,211.78,597.75,0.84,-1,-1,-1
54,21,466.25,324.24,48.72,147.16,0.33,-1,-1,-1
54,10,1104.08,312.82,28.20,59.68,0.61,-1,-1,-1
54,1,456.61,296.63,98.19,331.24,0.92,-1,-1,-1
54,25,445.36,323.38,51.59,150.28,0.84,-1,-1,-1
54,16,682.58,328.79,57.23,138.83,0.89,-1,-1,-1
54,28,393.96,316.19,54.67,158.02,0.92,-1,-1,-1
54,22,639.58,319.99,76.40,170.67,0.92,-1,-1,-1
54,11,559.14,312.47,74.37,188.83,0.92,-1,-1,-1
54,30,617.53,323.14,33.35,120.87,0.78,-1,-1,-1
54,15,672.88,323.96,40.43,128.93,0.56,-1,-1,-1
54,3,199.17,290.89,122.00,386.26,0.38,-1,-1,-1
54,31,-190.63,213.13,290.06,800.11,0.66,-1,-1,-1
54,29,505.11,316.64,53.57,168.56,0.69,-1,-1,-1
55,2,103.71,309.84,129.63,299.79,0.89,-1,-1,-1
55,4,156.51,229.63,234.32,644.30,0.86,-1,-1,-1
55,7,740.87,278.37,216.76,609.95,0.84,-1,-1,-1
55,10,1103.60,312.12,31.00,61.01,0.60,-1,-1,-1
55,1,450.09,295.29,97.79,333.63,0.92,-1,-1,-1
55,25,444.66,321.48,51.98,155.67,0.81,-1,-1,-1
55,16,683.38,327.58,58.83,139.82,0.90,-1,-1,-1
55,28,392.87,316.19,54.65,157.51,0.93,-1,-1,-1
55,22,638.76,321.65,77.97,173.28,0.92,-1,-1,-1
55,11,557.30,312.36,73.61,188.06,0.91,-1,-1,-1
55,30,616.10,323.22,32.42,114.54,0.75,-1,-1,-1
55,15,672.40,323.89,41.68,128.94,0.66,-1,-1,-1
55,3,183.17,286.19,127.06,393.57,0.55,-1,-1,-1
55,31,-179.49,224.85,278.65,766.70,0.67,-1,-1,-1
55,29,507.04,316.55,50.58,159.45,0.80,-1,-1,-1
56,2,101.92,311.40,123.62,285.59,0.88,-1,-1,-1
56,4,142.29,229.25,239.80,664.27,0.87,-1,-1,-1
56,7,739.77,277.27,225.58,627.98,0.87,-1,-1,-1
56,10,1102.83,311.65,29.65,61.21,0.34,-1,-1,-1
56,1,434.66,294.42,108.93,336.83,0.93,-1,-1,-1
56,25,443.25,320.38,53.28,156.50,0.81,-1,-1,-1
56,16,686.59,326.89,58.26,140.02,0.91,-1,-1,-1
56,28,391.78,315.66,54.92,159.52,0.93,-1,-1,-1
56,22,638.43,322.66,79.11,174.08,0.93,-1,-1,-1
56,11,556.59,312.40,72.68,186.76,0.92,-1,-1,-1
56,30,614.65,322.57,34.79,112.35,0.79,-1,-1,-1
56,15,671.63,323.64,42.14,125.37,0.54,-1,-1,-1
56,3,175.56,283.31,118.36,374.12,0.44,-1,-1,-1
56,31,-179.33,226.31,276.85,751.96,0.73,-1,-1,-1
56,29,507.22,316.44,49.39,153.89,0.87,-1,-1,-1
57,2,99.90,310.81,120.53,281.98,0.87,-1,-1,-1
57,4,136.35,225.25,237.88,690.84,0.86,-1,-1,-1
57,7,739.66,276.42,231.12,635.55,0.84,-1,-1,-1
57,1,415.25,294.59,122.86,337.32,0.93,-1,-1,-1
57,25,441.33,320.02,52.64,146.18,0.74,-1,-1,-1
57,16,690.57,326.04,57.46,140.09,0.92,-1,-1,-1
57,28,391.00,315.09,54.76,160.42,0.93,-1,-1,-1
57,22,637.80,322.31,81.92,177.15,0.93,-1,-1,-1
57,11,556.38,312.91,71.19,187.07,0.93,-1,-1,-1
57,30,613.95,322.22,35.60,107.87,0.84,-1,-1,-1
57,15,671.15,322.52,42.35,119.78,0.41,-1,-1,-1
57,31,-168.35,236.02,263.54,709.56,0.73,-1,-1,-1
57,29,506.46,316.13,48.98,153.66,0.89,-1,-1,-1
57,18,309.71,334.00,70.04,192.70,0.80,-1,-1,-1
58,2,96.01,308.23,125.02,289.60,0.82,-1,-1,-1
58,4,114.90,212.21,251.55,729.94,0.84,-1,-1,-1
58,7,738.88,275.01,221.81,629.39,0.85,-1,-1,-1
58,1,398.74,293.59,134.40,338.69,0.93,-1,-1,-1
58,25,439.88,320.01,48.87,138.40,0.55,-1,-1,-1
58,16,692.29,323.81,59.44,142.00,0.91,-1,-1,-1
58,28,390.33,313.45,54.31,161.46,0.93,-1,-1,-1
58,22,637.50,321.14,84.04,178.70,0.93,-1,-1,-1
58,11,555.38,313.98,70.52,184.81,0.92,-1,-1,-1
58,30,612.14,321.31,37.70,107.33,0.86,-1,-1,-1
58,15,673.89,322.12,38.80,114.31,0.40,-1,-1,-1
58,31,-166.47,235.02,262.32,687.87,0.58,-1,-1,-1
58,29,505.28,314.77,48.75,152.65,0.89,-1,-1,-1
58,18,308.82,333.93,70.54,182.14,0.83,-1,-1,-1
59,2,96.97,306.40,119.38,289.28,0.73,-1,-1,-1
59,4,99.63,204.90,260.47,744.38,0.84,-1,-1,-1
59,7,738.15,276.16,227.95,633.03,0.84,-1,-1,-1
59,1,387.03,294.23,140.80,339.09,0.93,-1,-1,-1
59,25,438.67,316.30,50.04,152.05,0.39,-1,-1,-1
59,16,693.52,321.07,61.38,145.48,0.90,-1,-1,-1
59,28,389.72,312.21,54.48,164.01,0.92,-1,-1,-1
59,22,636.83,320.14,86.61,179.79,0.93,-1,-1,-1
59,11,554.74,313.40,70.32,183.52,0.93,-1,-1,-1
59,30,609.15,320.58,40.87,107.84,0.81,-1,-1,-1
59,15,675.31,322.03,37.44,112.88,0.45,-1,-1,-1
59,31,-150.66,265.77,244.54,616.72,0.49,-1,-1,-1
59,29,504.30,312.55,48.11,152.25,0.88,-1,-1,-1
59,18,308.50,333.73,71.30,186.75,0.84,-1,-1,-1
60,2,100.39,304.22,109.62,285.00,0.23,-1,-1,-1
60,4,82.85,190.58,276.42,785.06,0.85,-1,-1,-1
60,7,739.40,277.60,222.46,629.72,0.84,-1,-1,-1
60,1,379.88,294.20,142.70,340.91,0.93,-1,-1,-1
60,25,436.15,311.65,49.01,157.70,0.17,-1,-1,-1
60,16,693.74,319.42,64.48,146.68,0.90,-1,-1,-1
60,28,388.15,311.31,55.17,165.60,0.92,-1,-1,-1
60,22,636.03,319.88,88.79,179.91,0.93,-1,-1,-1
60,11,554.52,313.32,70.29,183.73,0.93,-1,-1,-1
60,30,606.92,319.68,42.68,106.28,0.84,-1,-1,-1
60,31,-160.02,253.33,252.46,654.46,0.62,-1,-1,-1
60,29,503.65,310.52,48.50,158.58,0.89,-1,-1,-1
60,18,305.99,333.52,74.51,204.50,0.85,-1,-1,-1
60,32,626.40,314.77,30.60,85.05,0.74,-1,-1,-1
60,12,776.91,505.69,236.56,562.70,0.60,-1,-1,-1
61,4,68.30,180.96,293.53,815.32,0.86,-1,-1,-1
61,7,740.84,278.54,227.78,651.02,0.83,-1,-1,-1
61,1,374.78,292.75,143.55,346.50,0.93,-1,-1,-1
61,16,693.08,318.86,67.36,150.31,0.90,-1,-1,-1
61,28,386.37,310.41,55.98,166.43,0.92,-1,-1,-1
61,22,635.31,318.50,90.13,181.49,0.93,-1,-1,-1
61,11,554.96,314.07,69.05,181.56,0.93,-1,-1,-1
61,30,604.80,319.09,41.02,106.67,0.75,-1,-1,-1
61,31,-168.22,249.74,259.90,670.42,0.71,-1,-1,-1
61,29,503.06,308.48,48.61,161.33,0.90,-1,-1,-1
61,18,302.27,334.28,78.83,216.85,0.86,-1,-1,-1
61,32,625.30,313.61,31.34,86.87,0.76,-1,-1,-1
61,12,796.63,507.38,228.70,558.48,0.48,-1,-1,-1
62,4,46.22,168.11,317.39,851.82,0.85,-1,-1,-1
62,7,742.12,279.16,231.92,650.74,0.81,-1,-1,-1
62,1,371.36,293.01,143.96,347.71,0.93,-1,-1,-1
62,16,693.26,318.14,68.92,151.46,0.91,-1,-1,-1
62,28,384.48,308.97,57.35,169.59,0.91,-1,-1,-1
62,22,632.34,317.12,93.37,182.42,0.93,-1,-1,-1
62,11,554.51,311.80,69.06,182.22,0.94,-1,-1,-1
62,30,602.79,317.86,43.81,107.13,0.80,-1,-1,-1
62,31,-172.32,244.85,262.72,690.84,0.61,-1,-1,-1
62,29,501.98,306.51,49.14,163.04,0.91,-1,-1,-1
62,18,299.51,335.84,81.77,214.95,0.91,-1,-1,-1
62,32,625.05,312.77,31.44,88.59,0.79,-1,-1,-1
62,12,797.65,508.42,241.88,579.33,0.28,-1,-1,-1
62,21,458.25,313.80,54.44,161.84,0.82,-1,-1,-1
63,4,31.97,160.60,332.19,887.71,0.86,-1,-1,-1
63,7,744.16,278.26,241.79,658.90,0.82,-1,-1,-1
63,1,368.83,292.17,144.87,349.97,0.93,-1,-1,-1
63,16,694.32,318.10,69.61,150.87,0.90,-1,-1,-1
63,28,382.90,308.07,57.98,169.64,0.90,-1,-1,-1
63,22,632.48,315.08,92.98,184.40,0.92,-1,-1,-1
63,11,555.01,309.29,68.60,183.16,0.93,-1,-1,-1
63,30,602.16,317.83,39.71,106.48,0.73,-1,-1,-1
63,31,-181.22,233.37,268.15,739.22,0.59,-1,-1,-1
63,29,500.15,305.65,51.22,164.02,0.90,-1,-1,-1
63,18,294.09,337.03,88.18,219.86,0.92,-1,-1,-1
63,32,624.71,311.93,32.22,91.26,0.80,-1,-1,-1
63,12,806.82,512.34,246.65,613.77,0.21,-1,-1,-1
63,21,457.50,313.20,54.35,163.73,0.85,-1,-1,-1
64,4,4.78,157.71,360.10,918.41,0.87,-1,-1,-1
64,7,747.58,277.49,262.28,669.04,0.83,-1,-1,-1
64,1,366.73,291.52,144.84,351.61,0.94,-1,-1,-1
64,16,696.20,318.74,69.32,147.38,0.90,-1,-1,-1
64,28,381.81,307.83,57.96,166.42,0.89,-1,-1,-1
64,22,634.32,314.21,89.91,185.61,0.94,-1,-1,-1
64,11,556.09,307.22,67.89,181.52,0.92,-1,-1,-1
64,30,601.42,317.43,40.40,106.92,0.70,-1,-1,-1
64,29,498.27,305.11,53.81,165.02,0.91,-1,-1,-1
64,18,291.15,336.72,91.61,228.38,0.93,-1,-1,-1
64,32,624.28,310.72,32.49,93.09,0.80,-1,-1,-1
64,12,812.75,512.78,249.79,611.28,0.15,-1,-1,-1
64,21,456.75,312.33,54.52,165.19,0.87,-1,-1,-1
64,33,649.80,318.38,27.90,82.80,0.70,-1,-1,-1
64,24,264.23,326.34,53.08,162.50,0.72,-1,-1,-1
65,4,-33.90,153.93,397.57,967.44,0.88,-1,-1,-1
65,7,751.63,272.76,276.56,698.53,0.82,-1,-1,-1
65,1,365.66,291.09,143.18,352.01,0.93,-1,-1,-1
65,16,697.41,318.93,69.64,151.02,0.89,-1,-1,-1
65,28,380.83,307.58,55.76,157.14,0.88,-1,-1,-1
65,22,635.32,312.61,87.31,187.71,0.94,-1,-1,-1
65,11,556.82,305.29,66.32,179.79,0.93,-1,-1,-1
65,30,601.16,316.74,37.61,105.27,0.71,-1,-1,-1
65,29,497.91,303.47,54.12,165.72,0.91,-1,-1,-1
65,18,289.47,336.34,94.19,233.20,0.93,-1,-1,-1
65,32,624.45,309.61,32.50,92.64,0.82,-1,-1,-1
65,12,832.01,515.64,237.72,614.65,0.20,-1,-1,-1
65,21,455.69,311.12,54.76,165.76,0.88,-1,-1,-1
65,33,650.53,316.78,27.91,82.46,0.73,-1,-1,-1
65,24,263.23,325.52,52.82,154.00,0.82,-1,-1,-1
66,4,-74.61,147.74,434.46,1037.95,0.85,-1,-1,-1
66,7,757.88,271.38,285.73,735.53,0.82,-1,-1,-1
66,1,364.49,288.15,140.93,355.60,0.93,-1,-1,-1
66,16,698.83,319.60,69.77,155.63,0.90,-1,-1,-1
66,28,378.86,306.94,55.24,155.31,0.86,-1,-1,-1
66,22,631.89,311.88,88.15,193.09,0.92,-1,-1,-1
66,11,557.44,303.70,65.78,179.53,0.93,-1,-1,-1
66,30,600.91,315.60,35.92,106.23,0.76,-1,-1,-1
66,29,496.97,303.33,56.01,165.56,0.91,-1,-1,-1
66,18,288.80,335.06,95.50,232.43,0.93,-1,-1,-1
66,32,624.90,309.11,31.88,92.73,0.84,-1,-1,-1
66,12,830.32,516.73,255.69,647.89,0.26,-1,-1,-1
66,21,455.79,310.70,54.43,167.17,0.90,-1,-1,-1
66,33,650.73,315.74,27.92,83.45,0.75,-1,-1,-1
66,24,258.53,322.67,57.25,152.96,0.83,-1,-1,-1
67,4,-106.05,144.61,461.54,1078.46,0.81,-1,-1,-1
67,7,763.38,269.99,307.85,749.86,0.80,-1,-1,-1
67,1,363.54,285.89,136.30,358.02,0.93,-1,-1,-1
67,16,699.56,319.11,70.37,157.48,0.90,-1,-1,-1
67,28,377.85,305.83,54.75,154.95,0.82,-1,-1,-1
67,22,631.75,311.01,86.07,197.11,0.92,-1,-1,-1
67,11,557.62,302.23,65.61,177.64,0.93,-1,-1,-1
67,30,600.50,314.13,34.08,105.99,0.78,-1,-1,-1
67,29,496.88,302.87,56.14,166.77,0.91,-1,-1,-1
67,18,288.42,331.33,98.54,235.41,0.93,-1,-1,-1
67,32,625.33,308.49,31.65,90.53,0.83,-1,-1,-1
67,21,454.94,310.72,54.88,168.37,0.91,-1,-1,-1
67,33,649.68,314.59,29.32,85.16,0.75,-1,-1,-1
67,24,255.50,320.15,58.87,155.31,0.84,-1,-1,-1
68,4,-140.71,138.92,490.26,1132.32,0.76,-1,-1,-1
68,7,770.51,264.21,318.53,778.20,0.77,-1,-1,-1
68,1,363.64,284.99,127.67,358.82,0.92,-1,-1,-1
68,16,699.16,317.42,71.73,160.77,0.89,-1,-1,-1
68,28,376.32,301.32,55.14,162.17,0.75,-1,-1,-1
68,22,632.27,310.66,84.61,198.86,0.91,-1,-1,-1
68,11,557.04,300.77,66.13,176.95,0.93,-1,-1,-1
68,30,598.51,312.65,34.03,108.92,0.80,-1,-1,-1
68,29,495.68,302.37,57.31,167.18,0.91,-1,-1,-1
68,18,290.04,327.48,96.47,238.44,0.93,-1,-1,-1
68,32,625.45,307.33,30.93,91.21,0.85,-1,-1,-1
68,21,453.46,310.40,56.20,168.76,0.91,-1,-1,-1
68,33,648.33,313.57,31.06,88.00,0.76,-1,-1,-1
68,24,254.02,319.00,60.05,156.03,0.87,-1,-1,-1
68,2,124.84,306.48,96.30,276.46,0.80,-1,-1,-1
69,4,-156.55,144.74,493.44,1135.29,0.79,-1,-1,-1
69,7,777.00,263.03,325.03,785.28,0.78,-1,-1,-1
69,1,363.46,282.80,121.09,361.12,0.92,-1,-1,-1
69,16,698.34,315.95,74.60,162.05,0.89,-1,-1,-1
69,28,376.20,299.57,56.21,164.17,0.72,-1,-1,-1
69,22,634.18,311.03,82.30,197.92,0.92,-1,-1,-1
69,11,557.29,299.41,63.99,178.29,0.92,-1,-1,-1
69,30,599.24,311.28,33.44,108.88,0.78,-1,-1,-1
69,29,495.70,301.66,57.19,167.66,0.91,-1,-1,-1
69,18,291.98,323.44,93.83,241.33,0.94,-1,-1,-1
69,32,626.30,306.21,30.07,91.17,0.84,-1,-1,-1
69,21,452.91,308.73,56.87,169.97,0.90,-1,-1,-1
69,33,649.01,313.14,31.03,87.98,0.75,-1,-1,-1
69,24,251.75,318.22,61.39,155.93,0.89,-1,-1,-1
69,2,126.03,304.95,101.68,275.08,0.87,-1,-1,-1
69,3,39.98,272.80,115.94,352.53,0.76,-1,-1,-1
70,4,-163.65,162.78,465.84,1085.81,0.81,-1,-1,-1
70,7,785.38,263.57,313.38,788.08,0.76,-1,-1,-1
70,1,363.69,281.45,116.68,361.70,0.92,-1,-1,-1
70,16,700.79,313.70,71.57,162.59,0.89,-1,-1,-1
70,28,376.29,296.91,58.66,171.25,0.62,-1,-1,-1
70,22,635.07,310.08,81.99,200.83,0.93,-1,-1,-1
70,11,558.78,298.69,61.94,175.65,0.91,-1,-1,-1
70,30,598.81,309.95,33.82,107.06,0.73,-1,-1,-1
70,29,496.54,300.44,57.08,168.08,0.91,-1,-1,-1
70,18,293.32,317.67,93.88,246.07,0.94,-1,-1,-1
70,32,626.76,304.69,30.36,92.03,0.83,-1,-1,-1
70,21,453.26,306.99,57.66,171.67,0.91,-1,-1,-1
70,33,650.07,311.70,30.95,89.44,0.72,-1,-1,-1
70,24,253.21,317.08,59.81,156.01,0.89,-1,-1,-1
70,2,122.42,303.10,107.77,269.17,0.88,-1,-1,-1
70,3,24.72,268.15,121.34,358.48,0.75,-1,-1,-1
71,4,-211.03,168.28,469.64,1130.27,0.80,-1,-1,-1
71,7,791.34,266.83,328.42,795.09,0.79,-1,-1,-1
71,1,362.60,279.91,114.57,363.00,0.92,-1,-1,-1
71,16,701.87,311.60,71.51,162.58,0.91,-1,-1,-1
71,28,375.95,297.50,58.13,167.76,0.64,-1,-1,-1
71,22,636.18,309.08,81.30,202.89,0.93,-1,-1,-1
71,11,559.80,298.86,63.66,174.97,0.92,-1,-1,-1
71,30,598.87,308.82,33.39,107.87,0.76,-1,-1,-1
71,29,497.65,299.51,56.45,168.78,0.91,-1,-1,-1
71,18,292.71,313.71,95.94,249.37,0.93,-1,-1,-1
71,32,626.80,303.78,31.70,92.33,0.83,-1,-1,-1
71,21,454.04,306.16,58.41,172.27,0.92,-1,-1,-1
71,33,651.27,310.51,30.27,88.67,0.77,-1,-1,-1
71,24,253.69,316.06,58.57,157.09,0.89,-1,-1,-1
71,2,120.06,299.85,111.11,262.75,0.90,-1,-1,-1
71,3,13.84,266.84,132.27,360.81,0.81,-1,-1,-1
71,25,431.36,305.14,46.01,163.52,0.60,-1,-1,-1
72,4,-246.55,161.91,457.29,1169.35,0.74,-1,-1,-1
72,7,800.33,264.25,306.14,777.98,0.82,-1,-1,-1
72,1,361.37,276.90,113.97,366.24,0.92,-1,-1,-1
72,16,703.07,308.53,71.43,164.07,0.91,-1,-1,-1
72,28,374.61,296.38,58.46,172.64,0.57,-1,-1,-1
72,22,636.25,306.86,82.81,207.06,0.93,-1,-1,-1
72,11,561.06,298.58,64.26,173.48,0.92,-1,-1,-1
72,30,599.51,307.29,32.00,96.51,0.54,-1,-1,-1
72,29,499.01,297.90,55.55,170.73,0.91,-1,-1,-1
72,18,290.71,311.22,99.85,250.69,0.92,-1,-1,-1
72,32,626.79,302.93,32.77,92.38,0.84,-1,-1,-1
72,21,455.88,304.89,58.06,172.96,0.92,-1,-1,-1
72,33,651.67,308.81,30.60,87.68,0.75,-1,-1,-1
72,24,254.31,314.39,57.45,158.93,0.89,-1,-1,-1
72,2,119.97,296.46,111.44,259.10,0.93,-1,-1,-1
72,3,10.07,268.84,130.56,352.40,0.82,-1,-1,-1
72,25,430.61,304.08,46.51,162.53,0.75,-1,-1,-1
73,4,-259.69,116.09,415.60,1237.44,0.12,-1,-1,-1
73,7,807.56,265.01,312.43,803.37,0.78,-1,-1,-1
73,1,359.60,275.39,114.55,368.08,0.92,-1,-1,-1
73,16,705.54,306.59,70.77,165.08,0.91,-1,-1,-1
73,28,372.87,292.05,58.57,185.91,0.51,-1,-1,-1
73,22,636.83,306.11,85.14,209.07,0.93,-1,-1,-1
73,11,562.37,298.56,64.49,173.14,0.92,-1,-1,-1
73,30,601.27,306.22,28.43,84.97,0.28,-1,-1,-1
73,29,499.47,296.94,55.19,171.78,0.91,-1,-1,-1
73,18,290.00,309.48,103.33,252.74,0.92,-1,-1,-1
73,32,627.63,301.82,32.58,92.71,0.82,-1,-1,-1
73,21,457.87,303.90,57.74,173.97,0.92,-1,-1,-1
73,33,652.69,307.97,30.70,87.30,0.76,-1,-1,-1
73,24,254.74,314.41,56.10,158.91,0.89,-1,-1,-1
73,2,117.33,293.58,112.84,257.59,0.93,-1,-1,-1
73,3,-4.19,262.66,140.32,374.31,0.64,-1,-1,-1
73,25,430.65,303.28,46.65,163.73,0.81,-1,-1,-1
73,34,211.16,311.85,47.81,127.80,0.75,-1,-1,-1
73,31,-72.93,246.25,204.66,581.27,0.65,-1,-1,-1
74,7,815.04,253.58,322.31,836.13,0.80,-1,-1,-1
74,1,353.83,272.59,119.96,371.08,0.92,-1,-1,-1
74,16,709.62,305.24,68.72,167.92,0.92,-1,-1,-1
74,28,372.90,294.55,54.45,169.25,0.35,-1,-1,-1
74,22,638.73,304.63,86.62,209.91,0.93,-1,-1,-1
74,11,563.94,297.78,64.00,171.56,0.91,-1,-1,-1
74,30,604.02,305.34,25.88,71.40,0.15,-1,-1,-1
74,29,501.05,295.66,54.45,174.36,0.91,-1,-1,-1
74,18,291.71,308.53,105.51,255.60,0.94,-1,-1,-1
74,32,627.85,301.07,34.29,93.41,0.81,-1,-1,-1
74,21,459.89,303.21,58.35,175.93,0.92,-1,-1,-1
74,33,654.18,307.48,30.72,88.95,0.75,-1,-1,-1
74,24,256.16,313.66,55.00,160.09,0.87,-1,-1,-1
74,2,116.31,291.47,113.80,256.50,0.93,-1,-1,-1
74,3,-14.11,262.00,153.51,389.57,0.80,-1,-1,-1
74,25,430.59,302.21,48.20,167.44,0.81,-1,-1,-1
74,34,209.77,310.09,46.02,127.11,0.63,-1,-1,-1
74,31,-90.98,238.86,202.49,639.10,0.70,-1,-1,-1
75,7,821.71,257.98,362.22,838.91,0.77,-1,-1,-1
75,1,348.48,270.94,124.10,373.51,0.93,-1,-1,-1
75,16,713.32,304.60,67.36,169.48,0.92,-1,-1,-1
75,28,372.15,293.10,53.48,167.66,0.25,-1,-1,-1
75,22,639.52,301.26,91.35,211.59,0.92,-1,-1,-1
75,11,564.85,296.88,63.85,170.18,0.91,-1,-1,-1
75,30,608.27,304.26,22.51,61.74,0.35,-1,-1,-1
75,29,501.66,294.44,55.98,175.25,0.91,-1,-1,-1
75,18,293.59,307.02,108.96,258.47,0.92,-1,-1,-1
75,32,629.47,300.05,33.18,92.52,0.84,-1,-1,-1
75,21,461.52,301.92,59.77,177.76,0.92,-1,-1,-1
75,33,656.02,305.95,30.13,88.39,0.76,-1,-1,-1
75,24,256.74,311.89,54.91,164.17,0.89,-1,-1,-1
75,2,113.30,290.40,114.91,257.80,0.93,-1,-1,-1
75,3,-17.42,263.49,156.65,384.81,0.76,-1,-1,-1
75,25,430.27,300.76,49.40,170.23,0.82,-1,-1,-1
75,34,215.87,308.31,37.17,120.07,0.16,-1,-1,-1
75,31,-102.07,227.53,215.20,690.32,0.78,-1,-1,-1
75,35,299.02,315.00,53.55,164.70,0.80,-1,-1,-1
76,7,832.51,265.28,364.26,823.63,0.72,-1,-1,-1
76,1,344.18,269.65,128.40,375.69,0.92,-1,-1,-1
76,16,715.98,304.31,67.47,171.86,0.92,-1,-1,-1
76,28,372.02,293.36,52.55,160.43,0.24,-1,-1,-1
76,22,641.73,299.20,94.89,212.65,0.92,-1,-1,-1
76,11,566.25,296.82,64.43,168.88,0.92,-1,-1,-1
76,30,610.48,302.87,22.12,63.39,0.40,-1,-1,-1
76,29,503.58,293.54,55.40,175.76,0.91,-1,-1,-1
76,18,297.82,306.68,108.25,257.57,0.90,-1,-1,-1
76,32,631.16,299.03,32.74,92.72,0.83,-1,-1,-1
76,21,461.79,300.55,62.67,179.96,0.92,-1,-1,-1
76,33,657.16,305.48,29.91,88.41,0.77,-1,-1,-1
76,24,257.41,311.29,55.80,166.37,0.89,-1,-1,-1
76,2,112.82,290.58,115.05,257.33,0.93,-1,-1,-1
76,3,-17.31,262.65,147.52,389.39,0.61,-1,-1,-1
76,25,430.70,300.08,50.76,172.09,0.83,-1,-1,-1
76,34,214.76,306.31,37.93,123.47,0.13,-1,-1,-1
76,31,-93.15,229.57,212.37,691.24,0.81,-1,-1,-1
76,35,298.53,313.86,56.47,165.82,0.86,-1,-1,-1
77,7,841.29,271.84,387.49,826.66,0.76,-1,-1,-1
77,1,339.63,269.25,133.91,376.70,0.92,-1,-1,-1
77,16,719.89,305.37,66.28,172.56,0.91,-1,-1,-1
77,28,371.12,293.54,51.89,161.62,0.19,-1,-1,-1
77,22,646.06,297.23,95.04,215.18,0.93,-1,-1,-1
77,11,567.35,295.70,65.21,167.22,0.92,-1,-1,-1
77,30,611.80,302.54,22.65,66.39,0.36,-1,-1,-1
77,29,505.81,293.59,54.52,175.02,0.91,-1,-1,-1
77,18,303.93,305.90,107.23,257.52,0.90,-1,-1,-1
77,32,633.27,298.92,32.54,92.48,0.82,-1,-1,-1
77,21,461.34,300.42,66.05,176.91,0.91,-1,-1,-1
77,33,658.15,304.38,30.40,89.89,0.78,-1,-1,-1
77,24,258.59,311.69,57.59,167.17,0.89,-1,-1,-1
77,2,113.08,290.85,115.14,257.05,0.94,-1,-1,-1
77,3,-12.91,268.10,146.06,431.05,0.55,-1,-1,-1
77,25,431.06,299.60,51.68,172.45,0.83,-1,-1,-1
77,34,213.81,305.62,38.67,124.54,0.34,-1,-1,-1
77,31,-78.09,229.81,205.72,693.10,0.82,-1,-1,-1
77,35,301.45,314.18,55.64,166.21,0.84,-1,-1,-1
78,7,851.53,270.67,349.85,818.78,0.81,-1,-1,-1
78,1,335.21,269.04,138.41,379.57,0.92,-1,-1,-1
78,16,722.81,306.90,65.86,174.63,0.91,-1,-1,-1
78,22,646.26,296.71,100.96,218.55,0.93,-1,-1,-1
78,11,568.29,296.09,62.57,164.02,0.91,-1,-1,-1
78,30,612.83,303.10,23.49,69.10,0.45,-1,-1,-1
78,29,506.86,292.20,56.01,177.61,0.90,-1,-1,-1
78,18,311.68,306.45,102.11,259.01,0.88,-1,-1,-1
78,32,634.63,299.09,33.08,93.62,0.85,-1,-1,-1
78,21,462.50,300.30,67.95,178.74,0.92,-1,-1,-1
78,33,660.00,305.38,30.60,89.59,0.77,-1,-1,-1
78,24,258.98,311.04,58.29,169.75,0.90,-1,-1,-1
78,2,114.77,292.83,113.43,256.07,0.94,-1,-1,-1
78,25,431.39,300.23,52.63,173.83,0.85,-1,-1,-1
78,34,195.49,313.26,50.18,142.57,0.71,-1,-1,-1
78,31,-75.01,226.66,215.63,704.02,0.81,-1,-1,-1
78,35,299.40,316.72,57.11,165.15,0.87,-1,-1,-1
78,36,589.50,307.35,44.10,131.40,0.73,-1,-1,-1
79,7,862.35,261.20,371.72,813.99,0.77,-1,-1,-1
79,1,332.81,269.51,141.24,381.06,0.93,-1,-1,-1
79,16,726.45,307.71,66.29,176.78,0.91,-1,-1,-1
79,22,648.88,297.63,104.30,219.99,0.92,-1,-1,-1
79,11,569.48,295.71,60.93,163.73,0.92,-1,-1,-1
79,30,614.35,303.24,22.60,64.71,0.48,-1,-1,-1
79,29,508.42,291.76,56.54,176.88,0.90,-1,-1,-1
79,18,319.04,307.63,97.31,260.14,0.89,-1,-1,-1
79,32,635.67,298.94,33.27,93.42,0.85,-1,-1,-1
79,21,464.13,300.04,69.22,178.60,0.91,-1,-1,-1
79,33,662.12,305.84,30.65,89.42,0.74,-1,-1,-1
79,24,259.19,310.72,58.23,170.35,0.90,-1,-1,-1
79,2,119.65,294.11,109.42,255.98,0.95,-1,-1,-1
79,25,432.72,300.40,52.38,174.85,0.85,-1,-1,-1
79,34,191.50,315.49,53.42,149.51,0.78,-1,-1,-1
79,31,-66.49,232.68,219.70,689.27,0.82,-1,-1,-1
79,35,297.42,316.91,59.23,167.97,0.88,-1,-1,-1
79,36,591.64,308.29,42.68,130.72,0.66,-1,-1,-1
80,7,874.45,262.84,358.99,838.36,0.78,-1,-1,-1
80,1,331.00,269.39,143.33,383.78,0.93,-1,-1,-1
80,16,729.71,308.50,67.07,176.02,0.92,-1,-1,-1
80,22,648.07,298.95,109.03,220.82,0.93,-1,-1,-1
80,11,570.12,294.45,62.17,165.12,0.92,-1,-1,-1
80,30,615.08,303.06,23.55,74.75,0.18,-1,-1,-1
80,29,509.83,291.40,57.34,177.24,0.90,-1,-1,-1
80,18,326.85,308.67,91.87,260.38,0.88,-1,-1,-1
80,32,636.84,298.50,33.34,94.19,0.85,-1,-1,-1
80,21,465.30,299.45,70.85,180.67,0.91,-1,-1,-1
80,33,663.69,305.78,31.27,89.90,0.75,-1,-1,-1
80,24,259.59,310.27,58.51,171.07,0.90,-1,-1,-1
80,2,126.84,295.20,103.21,252.89,0.95,-1,-1,-1
80,25,432.92,300.55,54.04,175.88,0.85,-1,-1,-1
80,34,192.97,315.71,53.50,151.37,0.83,-1,-1,-1
80,31,-63.56,227.87,228.41,697.56,0.82,-1,-1,-1
80,35,296.61,317.06,61.21,170.63,0.89,-1,-1,-1
80,36,592.78,308.26,44.51,129.88,0.63,-1,-1,-1
81,7,886.36,258.72,368.57,857.07,0.78,-1,-1,-1
81,1,330.10,269.43,141.45,386.00,0.93,-1,-1,-1
81,16,732.37,309.05,69.14,177.92,0.92,-1,-1,-1
81,22,648.32,300.90,113.13,223.92,0.93,-1,-1,-1
81,11,570.94,293.92,62.04,166.01,0.93,-1,-1,-1
81,30,614.45,302.08,25.70,84.37,0.11,-1,-1,-1
81,29,511.81,291.65,56.45,177.38,0.90,-1,-1,-1
81,18,331.41,309.73,91.39,262.23,0.85,-1,-1,-1
81,32,638.76,298.44,33.36,94.79,0.86,-1,-1,-1
81,21,467.47,300.50,71.44,183.23,0.93,-1,-1,-1
81,33,664.57,305.40,31.50,90.98,0.75,-1,-1,-1
81,24,259.37,310.03,59.49,172.97,0.90,-1,-1,-1
81,2,134.22,295.96,96.92,251.84,0.94,-1,-1,-1
81,25,433.13,301.43,55.10,175.83,0.87,-1,-1,-1
81,34,197.41,316.08,52.55,150.98,0.83,-1,-1,-1
81,31,-54.22,227.61,232.90,691.49,0.87,-1,-1,-1
81,35,296.77,316.99,60.95,172.02,0.87,-1,-1,-1
81,36,593.71,306.20,45.79,132.42,0.66,-1,-1,-1
82,7,896.93,262.25,377.79,857.97,0.79,-1,-1,-1
82,1,327.64,269.81,142.68,387.41,0.93,-1,-1,-1
82,16,736.08,309.52,69.91,180.53,0.92,-1,-1,-1
82,22,650.22,302.04,114.67,227.71,0.93,-1,-1,-1
82,11,571.33,294.11,63.78,166.85,0.92,-1,-1,-1
82,30,616.94,302.52,23.57,71.77,0.12,-1,-1,-1
82,29,512.35,292.87,56.07,178.47,0.89,-1,-1,-1
82,18,336.24,302.96,92.72,272.20,0.76,-1,-1,-1
82,32,639.58,299.10,33.35,93.83,0.84,-1,-1,-1
82,21,468.39,300.98,71.61,183.31,0.92,-1,-1,-1
82,33,666.18,305.81,30.38,91.09,0.76,-1,-1,-1
82,24,258.05,309.98,60.13,173.09,0.90,-1,-1,-1
82,2,137.17,296.11,93.80,250.48,0.93,-1,-1,-1
82,25,432.29,301.68,57.07,177.12,0.85,-1,-1,-1
82,34,200.63,317.08,52.94,149.45,0.83,-1,-1,-1
82,31,-42.75,229.60,235.95,678.69,0.87,-1,-1,-1
82,35,296.22,316.82,60.16,172.95,0.87,-1,-1,-1
82,36,595.13,308.97,46.14,124.52,0.35,-1,-1,-1
83,7,909.98,265.49,370.69,861.68,0.81,-1,-1,-1
83,1,324.49,271.01,143.70,388.51,0.92,-1,-1,-1
83,16,739.42,309.48,71.97,182.16,0.91,-1,-1,-1
83,22,650.32,303.60,119.24,232.55,0.93,-1,-1,-1
83,11,571.44,295.19,63.25,166.70,0.92,-1,-1,-1
83,30,617.25,302.81,24.57,76.42,0.13,-1,-1,-1
83,29,512.52,293.17,57.72,182.52,0.89,-1,-1,-1
83,18,341.55,303.03,90.84,269.41,0.56,-1,-1,-1
83,32,640.42,299.91,32.76,93.72,0.82,-1,-1,-1
83,21,470.78,302.48,70.47,185.46,0.93,-1,-1,-1
83,33,667.61,306.35,30.55,91.39,0.81,-1,-1,-1
83,24,257.44,310.41,60.07,172.61,0.90,-1,-1,-1
83,2,139.60,296.92,91.69,246.51,0.91,-1,-1,-1
83,25,431.98,301.90,58.12,179.46,0.86,-1,-1,-1
83,34,203.35,318.31,55.10,147.76,0.70,-1,-1,-1
83,31,-31.59,228.92,240.20,676.92,0.88,-1,-1,-1
83,35,294.88,317.03,60.75,174.11,0.88,-1,-1,-1
83,36,597.49,309.57,44.92,122.45,0.19,-1,-1,-1
84,7,920.69,270.64,368.97,868.52,0.83,-1,-1,-1
84,1,321.38,271.60,144.86,391.18,0.93,-1,-1,-1
84,16,742.39,308.83,76.29,183.67,0.90,-1,-1,-1
84,22,651.19,304.17,122.17,237.03,0.93,-1,-1,-1
84,11,569.92,295.88,64.28,167.91,0.92,-1,-1,-1
84,30,618.83,303.33,23.14,68.27,0.19,-1,-1,-1
84,29,513.10,293.70,58.37,185.40,0.91,-1,-1,-1
84,18,346.01,301.90,88.37,276.54,0.50,-1,-1,-1
84,32,641.28,300.18,34.34,94.01,0.84,-1,-1,-1
84,21,472.49,301.99,71.21,190.57,0.93,-1,-1,-1
84,33,668.71,306.53,30.03,90.92,0.80,-1,-1,-1
84,24,256.18,310.58,60.37,174.81,0.89,-1,-1,-1
84,2,138.76,296.15,93.57,246.52,0.89,-1,-1,-1
84,25,432.81,302.11,57.51,179.92,0.89,-1,-1,-1
84,34,204.66,319.34,59.17,146.44,0.75,-1,-1,-1
84,31,-15.22,233.32,237.63,666.11,0.89,-1,-1,-1
84,35,293.40,316.49,61.28,175.75,0.89,-1,-1,-1
84,36,602.08,310.71,42.54,118.97,0.76,-1,-1,-1
85,7,932.78,275.43,368.01,872.17,0.83,-1,-1,-1
85,1,317.76,272.23,146.08,393.45,0.92,-1,-1,-1
85,16,744.69,307.99,79.64,188.02,0.89,-1,-1,-1
85,22,653.60,305.55,125.51,240.42,0.92,-1,-1,-1
85,11,567.64,297.76,66.41,166.44,0.93,-1,-1,-1
85,29,514.55,294.77,57.98,185.86,0.91,-1,-1,-1
85,18,344.40,301.44,85.61,278.86,0.22,-1,-1,-1
85,32,642.54,300.28,34.91,94.70,0.85,-1,-1,-1
85,21,474.08,301.92,71.43,193.79,0.93,-1,-1,-1
85,33,670.64,307.18,29.81,90.12,0.81,-1,-1,-1
85,24,255.51,309.85,60.73,179.30,0.88,-1,-1,-1
85,2,138.51,292.04,95.46,255.41,0.79,-1,-1,-1
85,25,432.78,302.44,58.24,180.05,0.90,-1,-1,-1
85,34,206.68,321.85,60.91,144.18,0.61,-1,-1,-1
85,31,-3.18,230.22,239.05,672.41,0.90,-1,-1,-1
85,35,292.22,315.32,62.93,177.82,0.89,-1,-1,-1
85,36,606.55,312.03,41.03,116.60,0.68,-1,-1,-1
86,7,944.07,272.98,367.38,877.94,0.82,-1,-1,-1
86,1,313.52,272.38,147.76,396.54,0.93,-1,-1,-1
86,16,745.68,307.53,81.48,191.42,0.90,-1,-1,-1
86,22,659.87,306.49,123.82,244.63,0.92,-1,-1,-1
86,11,566.04,299.62,67.78,164.89,0.93,-1,-1,-1
86,29,515.23,295.87,57.20,187.22,0.92,-1,-1,-1
86,32,643.75,300.88,33.93,93.49,0.86,-1,-1,-1
86,21,475.10,304.48,70.86,189.88,0.92,-1,-1,-1
86,33,671.50,308.01,29.72,90.43,0.83,-1,-1,-1
86,24,254.49,311.98,62.31,181.01,0.87,-1,-1,-1
86,2,144.46,289.96,89.27,246.98,0.81,-1,-1,-1
86,25,431.88,302.94,59.20,181.58,0.90,-1,-1,-1
86,34,208.37,323.69,62.08,142.67,0.68,-1,-1,-1
86,31,4.81,235.30,242.62,659.73,0.90,-1,-1,-1
86,35,290.90,315.38,64.09,178.73,0.86,-1,-1,-1
86,36,610.74,312.72,39.87,116.55,0.72,-1,-1,-1
86,15,698.41,308.88,33.32,94.59,0.60,-1,-1,-1
87,7,953.95,275.44,361.26,869.66,0.82,-1,-1,-1
87,1,310.03,273.07,148.15,399.35,0.93,-1,-1,-1
87,16,747.74,307.28,83.36,194.68,0.91,-1,-1,-1
87,22,660.60,305.77,127.78,248.88,0.92,-1,-1,-1
87,11,565.47,301.33,68.92,163.84,0.92,-1,-1,-1
87,29,515.21,297.15,56.93,186.77,0.92,-1,-1,-1
87,32,645.11,301.21,33.56,93.30,0.86,-1,-1,-1
87,21,475.80,306.95,70.66,179.32,0.93,-1,-1,-1
87,33,672.72,308.56,29.70,90.52,0.83,-1,-1,-1
87,24,253.45,314.47,62.35,180.86,0.89,-1,-1,-1
87,2,149.05,290.75,83.77,240.94,0.73,-1,-1,-1
87,25,431.60,303.73,59.59,176.48,0.90,-1,-1,-1
87,34,209.31,324.38,63.66,142.62,0.84,-1,-1,-1
87,31,13.03,240.65,245.17,646.08,0.90,-1,-1,-1
87,35,289.03,316.49,65.14,178.84,0.90,-1,-1,-1
87,36,609.93,311.81,42.65,118.77,0.77,-1,-1,-1
87,15,699.05,309.59,33.27,93.67,0.53,-1,-1,-1
87,18,362.29,308.62,97.68,295.46,0.61,-1,-1,-1
88,7,963.18,269.09,365.93,883.99,0.80,-1,-1,-1
88,1,307.59,273.65,148.23,400.17,0.93,-1,-1,-1
88,16,749.84,307.64,81.72,196.44,0.91,-1,-1,-1
88,22,662.50,304.77,129.80,250.40,0.93,-1,-1,-1
88,11,565.19,302.73,68.75,162.87,0.93,-1,-1,-1
88,29,514.22,296.62,58.61,189.21,0.92,-1,-1,-1
88,32,646.11,301.95,33.41,92.62,0.86,-1,-1,-1
88,21,475.97,307.59,71.73,185.99,0.93,-1,-1,-1
88,33,673.67,309.08,29.69,87.87,0.82,-1,-1,-1
88,24,251.99,316.47,64.11,181.03,0.89,-1,-1,-1
88,2,151.96,292.45,80.93,234.52,0.62,-1,-1,-1
88,25,431.74,303.73,59.70,174.60,0.89,-1,-1,-1
88,34,212.48,324.61,56.63,143.28,0.68,-1,-1,-1
88,31,19.46,237.81,246.87,650.56,0.89,-1,-1,-1
88,35,289.64,317.38,64.03,179.41,0.87,-1,-1,-1
88,36,609.26,311.66,46.01,122.37,0.78,-1,-1,-1
88,15,699.82,310.18,32.63,92.77,0.64,-1,-1,-1
88,18,363.60,301.99,102.37,317.32,0.78,-1,-1,-1
89,7,972.42,268.76,374.88,889.62,0.79,-1,-1,-1
89,1,306.84,273.22,145.93,405.32,0.93,-1,-1,-1
89,16,752.74,308.13,81.65,198.82,0.90,-1,-1,-1
89,22,666.22,303.40,129.98,253.39,0.93,-1,-1,-1
89,11,567.25,303.15,66.33,162.69,0.92,-1,-1,-1
89,29,513.92,297.22,59.26,189.38,0.91,-1,-1,-1
89,32,647.46,302.43,33.37,92.98,0.86,-1,-1,-1
89,21,476.68,307.60,72.16,191.05,0.93,-1,-1,-1
89,33,674.99,309.02,29.71,87.46,0.83,-1,-1,-1
89,24,250.61,317.33,65.09,184.62,0.85,-1,-1,-1
89,2,154.85,293.80,77.65,230.73,0.66,-1,-1,-1
89,25,430.54,303.66,61.96,185.15,0.88,-1,-1,-1
89,34,214.12,324.76,55.21,144.11,0.73,-1,-1,-1
89,31,26.05,240.14,245.66,648.78,0.90,-1,-1,-1
89,35,287.90,317.81,65.38,182.89,0.86,-1,-1,-1
89,36,610.23,313.16,46.72,122.55,0.78,-1,-1,-1
89,15,700.78,310.27,32.41,90.63,0.74,-1,-1,-1
89,18,367.66,304.42,102.63,314.81,0.85,-1,-1,-1
90,7,981.40,261.75,374.47,922.28,0.79,-1,-1,-1
90,1,303.55,272.65,146.99,409.65,0.93,-1,-1,-1
90,16,755.39,309.65,81.54,201.03,0.90,-1,-1,-1
90,22,664.54,303.00,133.41,255.23,0.94,-1,-1,-1
90,11,570.91,303.24,62.94,163.58,0.93,-1,-1,-1
90,29,513.63,296.50,58.87,192.10,0.91,-1,-1,-1
90,32,648.68,302.88,33.33,93.13,0.86,-1,-1,-1
90,21,476.75,307.82,72.26,194.76,0.93,-1,-1,-1
90,33,675.60,308.68,30.29,91.53,0.83,-1,-1,-1
90,24,249.03,317.37,68.05,189.07,0.88,-1,-1,-1
90,2,154.52,295.38,76.99,228.87,0.67,-1,-1,-1
90,25,429.64,303.71,62.47,181.32,0.88,-1,-1,-1
90,34,217.91,325.40,54.58,144.57,0.73,-1,-1,-1
90,31,33.33,239.61,242.82,647.73,0.89,-1,-1,-1
90,35,287.54,318.15,64.65,186.26,0.80,-1,-1,-1
90,36,609.18,313.69,50.50,125.67,0.76,-1,-1,-1
90,15,701.56,310.60,31.10,92.08,0.77,-1,-1,-1
90,18,369.51,305.87,101.67,317.19,0.85,-1,-1,-1
91,7,991.47,252.87,370.68,950.86,0.80,-1,-1,-1
91,1,301.73,272.88,146.50,412.72,0.94,-1,-1,-1
91,16,758.35,311.78,80.30,207.76,0.91,-1,-1,-1
91,22,665.58,302.94,132.93,257.37,0.94,-1,-1,-1
91,11,573.19,302.02,60.46,162.40,0.91,-1,-1,-1
91,29,513.52,296.34,59.31,192.59,0.90,-1,-1,-1
91,32,649.68,303.14,32.73,92.26,0.84,-1,-1,-1
91,21,477.66,308.01,71.69,198.30,0.93,-1,-1,-1
91,33,676.07,309.38,31.11,93.89,0.83,-1,-1,-1
91,24,247.65,317.67,66.86,190.96,0.88,-1,-1,-1
91,2,155.41,297.34,75.08,223.83,0.52,-1,-1,-1
91,25,428.60,303.84,63.39,182.21,0.88,-1,-1,-1
91,34,223.22,326.35,48.11,140.04,0.72,-1,-1,-1
91,31,40.21,236.14,238.60,649.64,0.90,-1,-1,-1
91,35,285.29,318.72,66.13,189.66,0.86,-1,-1,-1
91,36,611.64,313.69,50.19,123.23,0.78,-1,-1,-1
91,15,702.09,310.80,30.01,93.22,0.79,-1,-1,-1
91,18,371.46,306.54,106.70,325.68,0.86,-1,-1,-1
92,7,1007.47,259.11,367.98,948.56,0.78,-1,-1,-1
92,1,297.31,274.78,149.58,413.82,0.94,-1,-1,-1
92,16,760.60,313.05,80.99,211.01,0.90,-1,-1,-1
92,22,665.96,302.36,132.08,260.16,0.94,-1,-1,-1
92,11,574.63,301.88,59.58,161.98,0.91,-1,-1,-1
92,29,513.78,296.45,60.07,193.78,0.90,-1,-1,-1
92,32,650.65,303.56,32.50,92.84,0.84,-1,-1,-1
92,21,477.70,308.40,72.06,199.91,0.93,-1,-1,-1
92,33,676.54,310.56,31.42,94.21,0.83,-1,-1,-1
92,24,245.22,318.98,65.75,190.17,0.87,-1,-1,-1
92,2,156.40,300.53,73.42,219.96,0.59,-1,-1,-1
92,25,428.51,304.23,63.72,182.53,0.90,-1,-1,-1
92,34,228.10,325.95,44.29,138.13,0.73,-1,-1,-1
92,31,47.75,242.48,232.47,632.08,0.89,-1,-1,-1
92,35,282.71,320.89,66.39,190.18,0.88,-1,-1,-1
92,36,612.89,315.35,51.20,122.31,0.69,-1,-1,-1
92,15,703.51,311.50,29.02,92.16,0.76,-1,-1,-1
92,18,375.32,308.13,109.45,329.00,0.88,-1,-1,-1
92,37,477.00,318.60,50.40,163.80,0.70,-1,-1,-1
93,7,1015.73,251.37,371.81,983.29,0.72,-1,-1,-1
93,1,293.54,274.82,150.77,417.45,0.94,-1,-1,-1
93,16,760.87,314.80,81.86,212.87,0.92,-1,-1,-1
93,22,668.47,303.70,128.77,261.85,0.94,-1,-1,-1
93,11,575.75,301.73,58.70,159.82,0.92,-1,-1,-1
93,29,513.85,296.42,60.97,195.92,0.91,-1,-1,-1
93,32,651.01,303.94,33.03,91.61,0.86,-1,-1,-1
93,21,477.65,308.61,72.21,201.74,0.93,-1,-1,-1
93,33,676.44,311.53,32.14,94.35,0.85,-1,-1,-1
93,24,242.25,319.84,65.03,191.07,0.88,-1,-1,-1
93,2,151.64,299.45,78.18,235.03,0.45,-1,-1,-1
93,25,427.26,304.44,65.02,187.76,0.88,-1,-1,-1
93,34,229.92,325.99,43.32,136.43,0.58,-1,-1,-1
93,31,45.75,246.70,233.45,630.05,0.89,-1,-1,-1
93,35,279.56,321.64,69.15,194.69,0.89,-1,-1,-1
93,36,613.93,314.09,52.75,123.23,0.89,-1,-1,-1
93,15,704.35,312.29,29.95,93.65,0.79,-1,-1,-1
93,18,375.75,309.23,115.72,336.62,0.90,-1,-1,-1
93,37,477.08,318.80,51.89,171.12,0.69,-1,-1,-1
94,7,1023.41,240.10,382.27,1047.66,0.73,-1,-1,-1
94,1,290.70,274.19,150.42,423.19,0.94,-1,-1,-1
94,16,762.40,316.78,83.25,214.07,0.91,-1,-1,-1
94,22,669.50,304.65,126.09,263.55,0.94,-1,-1,-1
94,11,576.32,302.40,58.94,159.53,0.92,-1,-1,-1
94,29,513.80,296.38,61.22,197.43,0.90,-1,-1,-1
94,32,651.54,304.65,32.60,92.89,0.85,-1,-1,-1
94,21,479.05,308.93,71.57,203.13,0.92,-1,-1,-1
94,33,678.25,312.47,30.60,92.84,0.85,-1,-1,-1
94,24,242.49,321.39,61.68,191.08,0.87,-1,-1,-1
94,2,148.86,299.28,81.12,247.94,0.39,-1,-1,-1
94,25,425.17,305.35,65.86,186.63,0.88,-1,-1,-1
94,34,232.17,327.24,39.86,122.74,0.31,-1,-1,-1
94,31,56.80,248.17,221.20,629.01,0.89,-1,-1,-1
94,35,277.33,322.86,69.51,196.95,0.87,-1,-1,-1
94,36,614.43,312.83,53.27,125.30,0.88,-1,-1,-1
94,15,704.72,312.86,30.86,95.35,0.82,-1,-1,-1
94,18,377.88,310.46,118.25,342.69,0.89,-1,-1,-1
94,37,477.07,318.69,51.46,171.28,0.69,-1,-1,-1
95,7,1030.75,241.48,387.50,1080.31,0.69,-1,-1,-1
95,1,286.12,276.03,152.10,426.50,0.93,-1,-1,-1
95,16,763.22,318.36,87.33,213.58,0.91,-1,-1,-1
95,22,671.03,306.02,126.29,268.11,0.94,-1,-1,-1
95,11,576.49,303.22,59.07,157.97,0.93,-1,-1,-1
95,29,514.04,296.65,61.92,198.87,0.90,-1,-1,-1
95,32,651.71,305.34,32.45,93.67,0.85,-1,-1,-1
95,21,480.42,309.93,71.35,204.50,0.93,-1,-1,-1
95,33,678.91,313.24,30.61,93.15,0.85,-1,-1,-1
95,24,239.56,321.69,61.95,192.54,0.87,-1,-1,-1
95,2,157.31,304.78,73.29,224.68,0.54,-1,-1,-1
95,25,424.50,306.89,64.86,190.92,0.86,-1,-1,-1
95,34,231.56,324.38,46.32,152.99,0.12,-1,-1,-1
95,31,63.32,250.36,212.20,619.06,0.89,-1,-1,-1
95,35,275.59,325.69,68.18,197.18,0.82,-1,-1,-1
95,36,616.03,312.34,53.46,126.69,0.89,-1,-1,-1
95,15,704.83,313.49,31.82,98.69,0.82,-1,-1,-1
95,18,379.13,311.06,120.66,348.30,0.89,-1,-1,-1
95,37,478.06,319.60,49.21,171.31,0.44,-1,-1,-1
96,7,1043.24,244.99,385.94,1074.57,0.65,-1,-1,-1
96,1,281.94,277.66,153.92,429.96,0.93,-1,-1,-1
96,16,764.40,319.53,88.29,214.45,0.91,-1,-1,-1
96,22,672.21,308.31,124.57,271.19,0.94,-1,-1,-1
96,11,576.90,304.13,59.75,157.39,0.93,-1,-1,-1
96,29,514.79,298.69,63.37,199.20,0.91,-1,-1,-1
96,32,652.40,305.60,32.40,94.25,0.86,-1,-1,-1
96,21,480.70,310.47,71.87,205.08,0.93,-1,-1,-1
96,33,679.49,313.67,30.62,93.84,0.85,-1,-1,-1
96,24,237.58,321.09,61.75,194.35,0.86,-1,-1,-1
96,2,165.89,307.94,65.73,207.73,0.56,-1,-1,-1
96,25,425.40,308.38,61.93,187.17,0.86,-1,-1,-1
96,31,73.19,250.89,200.89,617.79,0.88,-1,-1,-1
96,35,273.91,327.10,66.15,195.09,0.77,-1,-1,-1
96,36,618.14,312.31,52.92,128.08,0.88,-1,-1,-1
96,15,705.20,314.46,32.79,100.52,0.80,-1,-1,-1
96,18,383.81,311.45,118.22,349.83,0.91,-1,-1,-1
96,37,478.76,321.40,48.53,164.72,0.62,-1,-1,-1
96,28,369.52,300.80,64.71,184.13,0.76,-1,-1,-1
97,7,1050.00,242.89,394.56,1109.88,0.56,-1,-1,-1
97,1,275.45,278.15,158.06,434.64,0.93,-1,-1,-1
97,16,766.00,319.70,86.83,215.39,0.91,-1,-1,-1
97,22,674.17,310.25,125.04,278.40,0.92,-1,-1,-1
97,11,577.70,304.81,60.00,157.93,0.94,-1,-1,-1
97,29,515.17,300.40,65.06,200.28,0.91,-1,-1,-1
97,32,652.69,306.32,31.77,94.15,0.87,-1,-1,-1
97,21,480.58,310.39,73.21,207.13,0.93,-1,-1,-1
97,33,680.04,314.30,30.01,93.18,0.85,-1,-1,-1
97,24,236.14,319.97,62.56,198.06,0.88,-1,-1,-1
97,2,170.80,308.73,62.10,193.21,0.12,-1,-1,-1
97,25,423.93,309.11,62.11,193.68,0.82,-1,-1,-1
97,31,81.16,250.01,195.83,614.97,0.88,-1,-1,-1
97,35,271.84,328.95,63.83,190.91,0.72,-1,-1,-1
97,36,618.68,311.90,53.84,129.47,0.89,-1,-1,-1
97,15,705.67,315.15,33.74,105.02,0.79,-1,-1,-1
97,18,386.83,310.56,122.38,352.54,0.92,-1,-1,-1
97,37,478.69,322.03,49.01,167.67,0.52,-1,-1,-1
97,28,369.20,300.84,64.42,182.04,0.80,-1,-1,-1
97,38,38.05,315.67,65.22,149.62,0.79,-1,-1,-1
98,7,1061.77,220.03,417.65,1169.77,0.29,-1,-1,-1
98,1,268.18,278.68,160.16,439.46,0.94,-1,-1,-1
98,16,767.09,319.48,86.21,216.82,0.92,-1,-1,-1
98,22,674.19,310.11,128.77,285.73,0.93,-1,-1,-1
98,11,578.48,306.53,60.10,157.48,0.93,-1,-1,-1
98,29,516.06,302.04,65.09,199.84,0.91,-1,-1,-1
98,32,653.01,307.04,31.53,94.15,0.85,-1,-1,-1
98,21,480.67,311.21,73.70,208.10,0.93,-1,-1,-1
98,33,680.45,314.55,30.38,93.85,0.84,-1,-1,-1
98,24,234.22,319.75,62.25,200.84,0.87,-1,-1,-1
98,2,165.74,302.94,71.46,210.75,0.15,-1,-1,-1
98,25,422.21,309.48,62.60,193.22,0.76,-1,-1,-1
98,31,86.02,251.01,194.49,612.98,0.86,-1,-1,-1
98,35,269.11,319.54,71.12,207.31,0.48,-1,-1,-1
98,36,620.82,311.45,52.40,130.05,0.90,-1,-1,-1
98,15,706.06,315.43,34.09,107.64,0.80,-1,-1,-1
98,18,386.13,310.30,126.05,354.19,0.93,-1,-1,-1
98,37,477.88,321.92,48.55,163.83,0.60,-1,-1,-1
98,28,367.15,300.80,66.03,182.99,0.81,-1,-1,-1
98,38,28.00,316.24,76.36,156.00,0.71,-1,-1,-1
99,7,1067.78,263.50,413.85,1113.66,0.14,-1,-1,-1
99,1,261.24,279.13,160.72,443.44,0.94,-1,-1,-1
99,16,768.10,319.93,86.58,219.16,0.91,-1,-1,-1
99,22,673.94,310.33,133.75,289.99,0.93,-1,-1,-1
99,11,579.73,308.24,60.17,157.29,0.93,-1,-1,-1
99,29,517.67,303.14,64.53,201.36,0.92,-1,-1,-1
99,32,653.17,307.90,32.07,94.72,0.85,-1,-1,-1
99,21,481.37,310.97,73.91,209.69,0.93,-1,-1,-1
99,33,681.24,315.06,30.53,94.37,0.85,-1,-1,-1
99,24,232.20,323.59,61.27,198.71,0.88,-1,-1,-1
99,25,421.25,310.70,61.48,185.83,0.69,-1,-1,-1
99,31,92.55,254.50,197.44,613.60,0.87,-1,-1,-1
99,35,266.53,318.38,72.59,211.22,0.47,-1,-1,-1
99,36,622.87,311.74,51.84,130.51,0.89,-1,-1,-1
99,15,706.56,315.51,36.01,112.39,0.79,-1,-1,-1
99,18,385.88,311.86,131.54,359.90,0.93,-1,-1,-1
99,37,476.08,322.17,49.71,170.53,0.69,-1,-1,-1
99,28,364.60,302.63,67.84,179.57,0.86,-1,-1,-1
99,38,19.87,317.76,88.87,157.39,0.79,-1,-1,-1
100,7,1072.65,288.84,388.76,1070.04,0.36,-1,-1,-1
100,1,253.77,281.79,161.29,445.47,0.94,-1,-1,-1
100,16,769.60,320.14,87.94,221.48,0.92,-1,-1,-1
100,22,674.37,309.74,139.79,295.19,0.94,-1,-1,-1
100,11,580.73,310.74,60.85,156.37,0.92,-1,-1,-1
100,29,518.23,304.38,64.34,203.55,0.91,-1,-1,-1
100,32,654.08,308.58,32.30,94.05,0.83,-1,-1,-1
100,21,480.68,312.89,75.22,209.52,0.93,-1,-1,-1
100,33,681.50,315.61,31.21,94.57,0.85,-1,-1,-1
100,24,230.81,325.23,61.25,201.40,0.88,-1,-1,-1
100,25,420.40,314.12,60.04,180.69,0.48,-1,-1,-1
100,31,99.39,262.67,197.70,604.89,0.88,-1,-1,-1
100,35,263.73,316.91,77.27,228.46,0.30,-1,-1,-1
100,36,625.64,311.95,49.26,131.27,0.88,-1,-1,-1
100,15,707.29,316.63,35.60,112.17,0.79,-1,-1,-1
100,18,387.79,314.05,135.59,369.62,0.94,-1,-1,-1
100,37,474.77,323.73,51.40,174.29,0.64,-1,-1,-1
100,28,362.54,303.89,70.01,186.18,0.88,-1,-1,-1
100,38,9.49,320.04,82.06,166.16,0.74,-1,-1,-1
101,1,245.99,283.18,159.62,447.90,0.93,-1,-1,-1
101,16,770.76,320.80,90.17,224.52,0.92,-1,-1,-1
101,22,675.15,307.89,143.80,302.04,0.94,-1,-1,-1
101,11,582.63,311.64,61.08,155.60,0.94,-1,-1,-1
101,29,518.49,305.70,65.41,206.57,0.91,-1,-1,-1
101,32,654.46,308.82,33.56,94.99,0.83,-1,-1,-1
101,21,481.05,313.88,76.26,211.92,0.93,-1,-1,-1
101,33,681.93,316.10,31.45,94.64,0.85,-1,-1,-1
101,24,230.41,327.39,60.32,199.13,0.86,-1,-1,-1
101,25,418.99,315.64,60.67,188.00,0.55,-1,-1,-1
101,31,105.53,265.91,201.87,600.71,0.87,-1,-1,-1
101,36,627.59,312.61,48.24,130.96,0.88,-1,-1,-1
101,15,707.91,317.92,35.40,105.26,0.79,-1,-1,-1
101,18,389.54,318.47,141.23,379.08,0.93,-1,-1,-1
101,37,471.04,325.32,55.02,182.03,0.74,-1,-1,-1
101,28,361.25,304.17,71.39,198.02,0.90,-1,-1,-1
101,38,2.33,322.33,95.65,163.57,0.76,-1,-1,-1
102,1,240.65,285.46,152.94,453.22,0.91,-1,-1,-1
102,16,772.94,320.89,90.98,229.40,0.91,-1,-1,-1
102,22,675.47,306.29,149.34,307.00,0.95,-1,-1,-1
102,11,584.28,311.66,61.16,156.06,0.94,-1,-1,-1
102,29,519.24,305.44,65.78,210.01,0.90,-1,-1,-1
102,32,655.52,308.61,33.44,97.10,0.82,-1,-1,-1
102,21,480.97,314.54,77.80,216.45,0.93,-1,-1,-1
102,33,682.41,315.99,31.53,94.94,0.85,-1,-1,-1
102,24,233.00,332.80,55.44,174.94,0.50,-1,-1,-1
102,25,415.29,315.28,65.37,194.92,0.58,-1,-1,-1
102,31,111.25,266.57,204.06,604.64,0.85,-1,-1,-1
102,36,627.70,313.02,49.06,130.51,0.90,-1,-1,-1
102,15,708.76,318.73,34.70,97.03,0.80,-1,-1,-1
102,18,391.12,321.90,144.18,378.88,0.94,-1,-1,-1
102,37,471.20,326.06,54.00,180.71,0.59,-1,-1,-1
102,28,359.57,304.25,73.33,202.63,0.90,-1,-1,-1
102,38,-9.42,321.77,101.60,168.34,0.46,-1,-1,-1
103,1,236.01,285.46,148.24,465.98,0.88,-1,-1,-1
103,16,775.42,322.10,91.85,230.59,0.91,-1,-1,-1
103,22,675.80,304.52,153.74,311.65,0.95,-1,-1,-1
103,11,586.61,312.40,59.40,151.60,0.93,-1,-1,-1
103,29,519.76,306.37,68.27,211.69,0.90,-1,-1,-1
103,32,655.85,308.68,33.98,97.88,0.82,-1,-1,-1
103,21,480.89,317.00,78.96,216.19,0.92,-1,-1,-1
103,33,682.81,316.25,31.55,95.92,0.86,-1,-1,-1
103,25,412.46,312.36,68.85,201.77,0.78,-1,-1,-1
103,31,121.94,268.89,197.03,603.13,0.86,-1,-1,-1
103,36,629.74,313.50,48.77,130.60,0.89,-1,-1,-1
103,15,709.59,319.18,33.83,93.63,0.77,-1,-1,-1
103,18,393.08,324.99,145.23,383.83,0.93,-1,-1,-1
103,37,469.78,327.09,53.56,176.63,0.69,-1,-1,-1
103,28,357.48,305.46,73.18,209.28,0.92,-1,-1,-1
103,38,-16.07,322.82,80.03,165.51,0.69,-1,-1,-1
103,2,149.65,305.91,78.58,197.85,0.75,-1,-1,-1
104,1,231.48,287.51,149.79,464.60,0.86,-1,-1,-1
104,16,777.18,324.68,90.94,233.60,0.93,-1,-1,-1
104,22,676.47,302.44,156.51,316.52,0.94,-1,-1,-1
104,11,588.64,312.85,58.72,149.19,0.92,-1,-1,-1
104,29,521.11,306.91,69.18,212.71,0.90,-1,-1,-1
104,32,656.54,308.91,34.17,96.69,0.80,-1,-1,-1
104,21,482.01,320.05,78.77,219.26,0.92,-1,-1,-1
104,33,683.82,316.99,30.96,95.39,0.85,-1,-1,-1
104,25,413.12,311.98,68.73,200.42,0.80,-1,-1,-1
104,31,131.63,274.04,186.24,596.53,0.86,-1,-1,-1
104,36,631.63,315.37,48.04,130.03,0.87,-1,-1,-1
104,15,710.17,319.22,33.49,94.59,0.76,-1,-1,-1
104,18,395.21,327.92,144.32,392.03,0.92,-1,-1,-1
104,37,469.57,328.55,50.95,166.42,0.67,-1,-1,-1
104,28,356.26,306.68,73.64,212.79,0.92,-1,-1,-1
104,2,143.12,306.95,85.73,201.70,0.84,-1,-1,-1
105,1,229.91,290.68,141.76,467.45,0.84,-1,-1,-1
105,16,778.11,327.25,91.78,238.38,0.92,-1,-1,-1
105,22,677.59,301.06,158.14,320.62,0.94,-1,-1,-1
105,11,590.55,312.69,57.89,148.66,0.92,-1,-1,-1
105,29,522.49,307.10,70.12,212.78,0.89,-1,-1,-1
105,32,657.68,309.28,33.66,95.03,0.82,-1,-1,-1
105,21,483.60,321.78,79.29,217.75,0.91,-1,-1,-1
105,33,685.38,317.55,30.14,95.19,0.85,-1,-1,-1
105,25,410.49,311.39,70.73,203.83,0.80,-1,-1,-1
105,31,141.75,277.12,193.74,602.12,0.85,-1,-1,-1
105,36,632.29,315.93,49.60,130.12,0.88,-1,-1,-1
105,15,710.38,319.22,33.97,99.78,0.75,-1,-1,-1
105,18,398.86,329.46,143.32,396.39,0.93,-1,-1,-1
105,37,469.20,330.00,50.58,165.65,0.69,-1,-1,-1
105,28,355.65,309.35,72.93,212.77,0.93,-1,-1,-1
105,2,135.96,308.64,95.28,204.25,0.86,-1,-1,-1
106,1,219.57,290.79,145.11,473.43,0.70,-1,-1,-1
106,16,780.79,330.72,91.48,241.59,0.92,-1,-1,-1
106,22,678.89,299.67,158.66,323.36,0.94,-1,-1,-1
106,11,591.84,311.87,56.99,148.80,0.93,-1,-1,-1
106,29,524.20,307.31,69.86,213.62,0.90,-1,-1,-1
106,32,659.00,308.98,32.86,94.69,0.81,-1,-1,-1
106,21,484.81,320.49,80.05,223.03,0.90,-1,-1,-1
106,33,685.97,317.77,30.43,93.91,0.85,-1,-1,-1
106,25,410.28,312.49,71.89,203.30,0.83,-1,-1,-1
106,31,155.68,280.73,192.79,599.17,0.85,-1,-1,-1
106,36,632.82,316.14,50.17,129.25,0.87,-1,-1,-1
106,15,711.65,319.23,33.56,94.63,0.73,-1,-1,-1
106,18,402.71,329.26,141.80,398.46,0.92,-1,-1,-1
106,37,465.80,330.65,53.47,176.01,0.77,-1,-1,-1
106,28,355.20,310.67,72.02,211.01,0.93,-1,-1,-1
106,2,135.59,309.45,98.04,209.67,0.87,-1,-1,-1
106,39,575.10,319.27,37.80,123.30,0.71,-1,-1,-1
107,1,219.06,292.58,140.58,469.02,0.77,-1,-1,-1
107,16,780.86,332.47,96.64,244.62,0.91,-1,-1,-1
107,22,680.56,298.44,159.31,328.18,0.94,-1,-1,-1
107,11,594.11,310.96,55.45,149.78,0.92,-1,-1,-1
107,29,526.35,306.34,69.71,216.38,0.90,-1,-1,-1
107,32,659.49,309.47,33.14,92.17,0.76,-1,-1,-1
107,21,486.77,320.56,79.71,222.88,0.90,-1,-1,-1
107,33,687.07,318.00,30.53,93.41,0.85,-1,-1,-1
107,25,410.31,312.61,72.59,208.02,0.84,-1,-1,-1
107,31,170.31,284.82,183.72,591.31,0.86,-1,-1,-1
107,36,634.17,316.22,52.74,128.60,0.87,-1,-1,-1
107,15,712.71,319.08,33.98,95.01,0.73,-1,-1,-1
107,18,404.89,330.00,147.44,398.45,0.93,-1,-1,-1
107,37,467.27,331.61,52.15,169.01,0.65,-1,-1,-1
107,28,354.69,310.69,72.51,214.78,0.94,-1,-1,-1
107,2,137.49,311.06,96.91,204.43,0.87,-1,-1,-1
107,39,573.85,319.28,38.55,122.63,0.76,-1,-1,-1
108,1,216.08,294.69,141.97,457.85,0.14,-1,-1,-1
108,16,782.90,332.40,99.74,248.84,0.91,-1,-1,-1
108,22,682.66,297.59,158.92,330.37,0.95,-1,-1,-1
108,11,595.53,310.37,54.90,150.58,0.92,-1,-1,-1
108,29,528.09,306.17,70.24,215.55,0.90,-1,-1,-1
108,32,660.28,308.65,33.26,92.70,0.80,-1,-1,-1
108,21,488.75,321.23,79.57,217.51,0.90,-1,-1,-1
108,33,688.08,316.78,31.17,94.70,0.85,-1,-1,-1
108,25,410.45,313.03,74.89,208.39,0.83,-1,-1,-1
108,31,183.94,285.48,181.90,589.39,0.87,-1,-1,-1
108,36,635.85,315.86,54.29,128.02,0.88,-1,-1,-1
108,15,714.00,318.46,34.15,99.03,0.77,-1,-1,-1
108,18,406.92,329.57,147.81,400.51,0.93,-1,-1,-1
108,37,477.87,314.36,44.41,134.77,0.73,-1,-1,-1
108,28,354.04,310.92,72.40,217.84,0.93,-1,-1,-1
108,2,135.72,311.67,101.16,212.84,0.91,-1,-1,-1
108,39,573.35,319.39,41.46,122.14,0.76,-1,-1,-1
109,1,191.54,286.26,177.86,550.77,0.88,-1,-1,-1
109,16,787.63,332.43,99.13,251.54,0.91,-1,-1,-1
109,22,684.83,296.94,158.62,333.85,0.95,-1,-1,-1
109,11,597.15,309.61,53.49,151.51,0.92,-1,-1,-1
109,29,530.13,305.71,70.39,216.51,0.89,-1,-1,-1
109,32,661.37,307.97,32.69,93.50,0.78,-1,-1,-1
109,21,491.78,320.46,78.87,216.73,0.91,-1,-1,-1
109,33,688.95,316.39,31.99,95.17,0.86,-1,-1,-1
109,25,411.64,313.82,74.25,206.08,0.83,-1,-1,-1
109,31,182.94,294.13,157.63,528.90,0.73,-1,-1,-1
109,36,636.97,314.74,54.28,129.00,0.89,-1,-1,-1
109,15,715.28,318.75,35.38,96.98,0.79,-1,-1,-1
109,18,408.11,328.81,148.96,406.47,0.93,-1,-1,-1
109,37,482.62,307.94,40.73,118.24,0.77,-1,-1,-1
109,28,352.88,311.31,73.78,220.98,0.93,-1,-1,-1
109,2,136.62,311.75,99.55,209.58,0.85,-1,-1,-1
109,39,571.35,319.13,43.78,123.71,0.82,-1,-1,-1
110,1,174.38,294.22,170.53,548.21,0.47,-1,-1,-1
110,16,792.00,332.81,102.40,252.88,0.90,-1,-1,-1
110,22,686.99,297.25,159.69,337.68,0.95,-1,-1,-1
110,11,599.04,309.27,52.41,152.09,0.91,-1,-1,-1
110,29,531.29,305.33,71.64,217.51,0.88,-1,-1,-1
110,32,662.23,307.81,33.69,96.53,0.76,-1,-1,-1
110,21,493.30,319.66,81.00,222.47,0.90,-1,-1,-1
110,33,690.34,316.64,31.73,94.50,0.84,-1,-1,-1
110,25,413.70,315.26,73.10,201.80,0.83,-1,-1,-1
110,31,177.26,284.97,194.20,579.71,0.86,-1,-1,-1
110,36,638.40,314.57,53.09,129.42,0.88,-1,-1,-1
110,15,717.12,318.51,35.86,97.72,0.79,-1,-1,-1
110,18,410.92,328.30,148.21,413.47,0.93,-1,-1,-1
110,37,484.88,306.10,39.57,112.40,0.79,-1,-1,-1
110,28,351.50,310.22,75.79,223.81,0.93,-1,-1,-1
110,2,137.30,309.77,97.24,205.36,0.83,-1,-1,-1
110,39,571.09,318.95,41.28,120.54,0.83,-1,-1,-1
111,1,157.50,299.14,162.50,531.70,0.85,-1,-1,-1
111,16,793.42,332.48,106.69,254.66,0.90,-1,-1,-1
111,22,690.45,297.32,160.86,342.72,0.95,-1,-1,-1
111,11,600.89,309.70,51.52,152.50,0.90,-1,-1,-1
111,29,531.68,304.57,76.93,219.55,0.89,-1,-1,-1
111,32,662.86,307.97,35.29,97.69,0.79,-1,-1,-1
111,21,496.75,317.75,81.34,224.92,0.91,-1,-1,-1
111,33,691.47,316.05,31.68,95.44,0.85,-1,-1,-1
111,25,414.75,315.99,74.53,203.46,0.83,-1,-1,-1
111,31,189.23,281.07,196.17,585.06,0.89,-1,-1,-1
111,36,640.39,315.04,52.70,126.62,0.90,-1,-1,-1
111,15,719.32,318.17,36.69,101.88,0.80,-1,-1,-1
111,18,414.50,328.29,149.90,430.18,0.93,-1,-1,-1
111,37,485.88,304.90,41.15,116.26,0.78,-1,-1,-1
111,28,350.76,309.58,76.69,225.29,0.93,-1,-1,-1
111,2,140.53,305.91,95.09,209.33,0.82,-1,-1,-1
111,39,570.69,318.14,40.93,120.46,0.85,-1,-1,-1
112,1,145.54,300.69,155.26,523.87,0.85,-1,-1,-1
112,16,796.70,330.61,112.17,258.22,0.90,-1,-1,-1
112,22,693.49,297.37,163.34,349.52,0.95,-1,-1,-1
112,11,604.58,310.42,48.68,150.95,0.91,-1,-1,-1
112,29,533.34,304.21,77.05,218.81,0.89,-1,-1,-1
112,32,664.54,307.59,34.67,98.07,0.81,-1,-1,-1
112,21,499.32,316.16,83.06,225.72,0.90,-1,-1,-1
112,33,693.03,315.53,31.58,95.16,0.86,-1,-1,-1
112,25,415.76,316.27,76.82,207.53,0.84,-1,-1,-1
112,31,222.26,280.45,170.28,576.92,0.83,-1,-1,-1
112,36,641.70,315.50,51.85,124.30,0.89,-1,-1,-1
112,15,720.68,317.02,37.51,102.51,0.80,-1,-1,-1
112,18,417.41,330.87,149.58,436.24,0.93,-1,-1,-1
112,37,486.93,304.64,41.65,112.61,0.70,-1,-1,-1
112,28,351.60,309.01,76.25,226.82,0.92,-1,-1,-1
112,2,143.79,306.01,87.20,202.54,0.74,-1,-1,-1
112,39,569.68,316.89,41.99,122.65,0.85,-1,-1,-1
113,1,136.31,298.70,163.36,526.11,0.85,-1,-1,-1
113,16,805.19,328.55,108.52,262.45,0.90,-1,-1,-1
113,22,696.12,298.71,167.18,353.80,0.95,-1,-1,-1
113,11,607.74,310.82,47.68,150.40,0.91,-1,-1,-1
113,29,534.86,304.50,77.04,217.92,0.89,-1,-1,-1
113,32,666.39,308.32,33.81,96.44,0.79,-1,-1,-1
113,21,502.34,318.05,83.69,213.56,0.89,-1,-1,-1
113,33,694.53,315.92,31.55,94.76,0.85,-1,-1,-1
113,25,416.03,316.33,77.81,208.03,0.84,-1,-1,-1
113,31,244.47,279.04,152.89,570.38,0.85,-1,-1,-1
113,36,643.67,315.50,50.32,124.67,0.86,-1,-1,-1
113,15,722.40,317.46,37.23,95.95,0.85,-1,-1,-1
113,18,419.18,335.78,154.57,441.97,0.92,-1,-1,-1
113,37,488.19,305.41,41.27,107.80,0.63,-1,-1,-1
113,28,351.83,308.01,76.34,228.24,0.90,-1,-1,-1
113,39,569.07,316.58,42.35,127.49,0.82,-1,-1,-1
114,1,125.05,297.51,182.44,530.68,0.88,-1,-1,-1
114,16,810.24,326.90,112.23,268.92,0.89,-1,-1,-1
114,22,699.75,299.59,171.49,359.32,0.96,-1,-1,-1
114,11,610.06,311.31,47.36,150.18,0.91,-1,-1,-1
114,29,537.52,305.70,75.22,218.53,0.88,-1,-1,-1
114,32,668.58,308.34,33.48,95.48,0.77,-1,-1,-1
114,21,504.69,318.97,85.08,219.22,0.90,-1,-1,-1
114,33,696.57,316.26,31.53,94.59,0.86,-1,-1,-1
114,25,417.69,317.28,77.56,208.13,0.85,-1,-1,-1
114,31,258.83,279.41,144.48,567.64,0.86,-1,-1,-1
114,36,645.28,315.39,50.94,125.70,0.88,-1,-1,-1
114,15,724.21,317.36,37.70,105.22,0.85,-1,-1,-1
114,18,421.63,343.10,155.81,455.15,0.92,-1,-1,-1
114,37,489.57,304.70,40.54,112.92,0.70,-1,-1,-1
114,28,352.33,308.85,76.64,228.35,0.86,-1,-1,-1
114,39,569.24,316.98,43.07,125.57,0.80,-1,-1,-1
115,1,114.00,296.72,204.90,535.48,0.89,-1,-1,-1
115,16,817.60,325.91,112.16,271.31,0.90,-1,-1,-1
115,22,703.41,300.91,177.21,368.77,0.96,-1,-1,-1
115,11,612.94,311.73,46.68,150.12,0.92,-1,-1,-1
115,29,539.65,307.89,74.50,215.77,0.89,-1,-1,-1
115,32,670.24,308.15,35.16,96.33,0.81,-1,-1,-1
115,21,506.09,318.81,87.38,229.69,0.90,-1,-1,-1
115,33,699.08,316.78,30.93,94.22,0.86,-1,-1,-1
115,25,419.19,318.33,76.57,209.46,0.86,-1,-1,-1
115,31,268.71,281.57,141.20,564.05,0.87,-1,-1,-1
115,36,648.21,315.45,49.99,125.20,0.89,-1,-1,-1
115,15,726.62,317.71,37.88,117.98,0.86,-1,-1,-1
115,18,423.18,347.58,157.58,463.53,0.91,-1,-1,-1
115,37,491.21,305.81,39.70,110.16,0.70,-1,-1,-1
115,28,355.03,311.66,74.39,225.20,0.85,-1,-1,-1
115,39,570.21,317.41,41.52,125.39,0.78,-1,-1,-1
116,1,103.69,299.03,204.31,536.73,0.87,-1,-1,-1
116,16,822.96,325.49,114.12,290.32,0.89,-1,-1,-1
116,22,707.34,300.81,182.85,377.52,0.95,-1,-1,-1
116,11,615.99,311.56,45.86,150.11,0.91,-1,-1,-1
116,29,541.25,309.28,74.21,217.08,0.88,-1,-1,-1
116,32,671.98,308.79,34.61,94.55,0.75,-1,-1,-1
116,21,507.12,319.01,89.99,235.39,0.91,-1,-1,-1
116,33,700.83,316.35,32.50,95.29,0.88,-1,-1,-1
116,25,421.04,317.65,75.41,209.79,0.86,-1,-1,-1
116,31,278.80,282.32,139.31,562.25,0.86,-1,-1,-1
116,36,650.10,315.74,49.63,124.73,0.90,-1,-1,-1
116,15,728.94,317.96,38.53,120.68,0.90,-1,-1,-1
116,18,424.38,351.27,159.23,466.28,0.90,-1,-1,-1
116,37,492.02,307.03,41.25,108.38,0.72,-1,-1,-1
116,28,359.03,314.34,71.09,215.43,0.79,-1,-1,-1
116,39,571.18,318.01,42.12,128.96,0.76,-1,-1,-1
116,35,249.74,339.22,84.59,243.83,0.77,-1,-1,-1
116,24,223.66,334.36,66.91,234.07,0.67,-1,-1,-1
116,2,183.10,305.40,64.92,192.49,0.65,-1,-1,-1
117,1,95.01,299.96,203.98,537.64,0.87,-1,-1,-1
117,16,827.01,327.30,113.35,297.04,0.88,-1,-1,-1
117,22,712.63,300.73,188.43,384.41,0.95,-1,-1,-1
117,11,618.59,310.68,46.21,150.74,0.91,-1,-1,-1
117,29,542.74,310.91,74.67,215.35,0.88,-1,-1,-1
117,32,674.73,308.83,34.37,94.49,0.80,-1,-1,-1
117,21,508.96,322.97,91.54,234.64,0.89,-1,-1,-1
117,33,702.70,317.02,33.08,95.10,0.88,-1,-1,-1
117,25,422.96,317.59,74.94,209.16,0.86,-1,-1,-1
117,31,288.72,285.03,137.55,558.73,0.86,-1,-1,-1
117,36,652.89,316.24,48.30,124.87,0.90,-1,-1,-1
117,15,731.89,319.32,38.17,119.11,0.90,-1,-1,-1
117,18,424.78,354.16,162.13,474.47,0.90,-1,-1,-1
117,37,492.33,306.66,42.41,110.63,0.65,-1,-1,-1
117,28,360.24,312.67,70.75,220.44,0.70,-1,-1,-1
117,39,570.69,317.57,44.13,136.24,0.73,-1,-1,-1
117,35,248.91,341.67,88.43,242.24,0.85,-1,-1,-1
117,24,223.85,337.00,67.81,232.39,0.73,-1,-1,-1
117,2,188.92,305.72,63.49,193.62,0.76,-1,-1,-1
118,1,85.21,300.79,198.70,551.85,0.89,-1,-1,-1
118,16,833.14,330.40,115.80,303.07,0.88,-1,-1,-1
118,22,717.73,301.63,195.98,389.35,0.95,-1,-1,-1
118,11,621.09,310.86,47.03,149.60,0.91,-1,-1,-1
118,29,544.21,311.45,76.13,219.60,0.88,-1,-1,-1
118,32,678.26,309.20,33.74,95.12,0.80,-1,-1,-1
118,21,513.17,323.45,91.08,239.87,0.91,-1,-1,-1
118,33,706.20,318.24,32.17,95.38,0.87,-1,-1,-1
118,25,425.58,318.44,75.01,207.83,0.85,-1,-1,-1
118,31,298.46,287.93,136.69,556.56,0.86,-1,-1,-1
118,36,655.81,316.64,46.66,125.61,0.89,-1,-1,-1
118,15,735.25,320.22,37.49,119.04,0.89,-1,-1,-1
118,18,424.42,356.23,168.85,498.07,0.90,-1,-1,-1
118,37,493.93,307.85,42.33,112.17,0.65,-1,-1,-1
118,28,364.07,318.59,68.93,212.31,0.38,-1,-1,-1
118,39,571.80,319.71,44.94,132.03,0.64,-1,-1,-1
118,35,248.83,343.60,92.75,240.53,0.87,-1,-1,-1
118,24,225.89,339.32,65.98,225.85,0.80,-1,-1,-1
118,2,189.75,310.79,66.67,190.66,0.78,-1,-1,-1
119,1,76.99,301.80,195.65,568.46,0.91,-1,-1,-1
119,16,836.56,332.61,118.03,312.09,0.85,-1,-1,-1
119,22,722.03,301.96,204.70,395.14,0.94,-1,-1,-1
119,11,623.89,310.14,46.70,145.81,0.91,-1,-1,-1
119,29,546.09,310.99,75.98,222.41,0.87,-1,-1,-1
119,32,680.85,309.90,32.85,96.21,0.82,-1,-1,-1
119,21,516.39,324.85,91.91,246.69,0.89,-1,-1,-1
119,33,708.47,318.21,31.76,95.44,0.86,-1,-1,-1
119,25,428.28,318.65,74.33,207.65,0.84,-1,-1,-1
119,31,308.13,292.62,136.02,559.19,0.87,-1,-1,-1
119,36,658.76,318.10,45.40,125.25,0.88,-1,-1,-1
119,15,737.73,321.12,37.16,118.62,0.89,-1,-1,-1
119,18,422.57,355.85,177.72,527.54,0.90,-1,-1,-1
119,37,486.03,325.80,49.44,141.65,0.63,-1,-1,-1
119,39,573.29,320.79,45.17,132.87,0.43,-1,-1,-1
119,35,250.75,348.31,94.28,237.51,0.88,-1,-1,-1
119,24,221.41,340.45,71.66,229.55,0.82,-1,-1,-1
119,2,191.42,313.76,68.46,188.12,0.82,-1,-1,-1
120,1,66.85,301.73,196.69,580.66,0.90,-1,-1,-1
120,16,836.54,334.59,126.45,317.20,0.83,-1,-1,-1
120,22,726.77,301.19,216.93,402.45,0.94,-1,-1,-1
120,11,626.60,309.55,46.60,144.70,0.91,-1,-1,-1
120,29,546.10,312.69,78.88,222.43,0.84,-1,-1,-1
120,32,683.21,310.15,33.13,96.93,0.82,-1,-1,-1
120,21,520.46,326.97,91.03,242.66,0.89,-1,-1,-1
120,33,711.31,318.93,32.20,95.47,0.85,-1,-1,-1
120,25,429.97,318.55,77.51,220.84,0.80,-1,-1,-1
120,31,316.65,295.35,136.84,558.04,0.86,-1,-1,-1
120,36,661.24,321.01,44.96,123.33,0.88,-1,-1,-1
120,15,740.34,321.73,37.04,118.69,0.88,-1,-1,-1
120,18,419.46,354.33,190.34,551.34,0.89,-1,-1,-1
120,37,492.20,318.43,44.69,124.22,0.65,-1,-1,-1
120,39,575.02,321.48,46.43,137.03,0.36,-1,-1,-1
120,35,252.80,351.35,94.27,240.12,0.90,-1,-1,-1
120,24,220.12,342.78,72.67,226.34,0.85,-1,-1,-1
120,2,195.70,316.07,67.44,186.30,0.82,-1,-1,-1
121,1,55.40,301.37,200.22,597.08,0.90,-1,-1,-1
121,16,841.20,336.97,124.13,318.27,0.80,-1,-1,-1
121,22,740.98,300.78,213.56,406.68,0.92,-1,-1,-1
121,11,628.04,308.90,47.77,143.98,0.91,-1,-1,-1
121,29,549.25,317.36,78.16,220.53,0.83,-1,-1,-1
121,32,686.02,309.96,33.81,97.46,0.85,-1,-1,-1
121,21,523.37,327.18,91.20,243.98,0.89,-1,-1,-1
121,33,714.29,319.81,31.17,95.44,0.87,-1,-1,-1
121,25,438.19,320.28,70.13,202.20,0.33,-1,-1,-1
121,31,324.69,296.63,140.52,556.17,0.87,-1,-1,-1
121,36,662.88,320.91,45.41,123.78,0.87,-1,-1,-1
121,15,743.22,321.83,36.97,118.33,0.90,-1,-1,-1
121,18,415.50,349.92,201.26,570.72,0.89,-1,-1,-1
121,37,496.02,314.43,41.90,114.86,0.71,-1,-1,-1
121,39,577.96,321.45,46.88,137.93,0.26,-1,-1,-1
121,35,255.57,354.21,94.46,236.09,0.90,-1,-1,-1
121,24,217.71,342.46,75.83,232.13,0.86,-1,-1,-1
121,2,199.48,317.06,68.14,188.94,0.81,-1,-1,-1
122,1,42.71,302.87,204.00,603.24,0.90,-1,-1,-1
122,16,845.80,340.60,125.40,316.63,0.77,-1,-1,-1
122,22,740.42,300.25,226.83,411.11,0.93,-1,-1,-1
122,11,630.26,308.31,48.21,144.05,0.91,-1,-1,-1
122,29,552.44,314.87,77.85,226.37,0.86,-1,-1,-1
122,32,688.47,310.42,33.48,96.18,0.86,-1,-1,-1
122,21,526.41,325.84,90.65,246.08,0.90,-1,-1,-1
122,33,715.90,319.77,31.97,94.55,0.86,-1,-1,-1
122,25,438.54,319.80,73.61,207.22,0.40,-1,-1,-1
122,31,332.19,299.21,139.67,545.26,0.85,-1,-1,-1
122,36,664.90,321.70,44.99,123.08,0.87,-1,-1,-1
122,15,745.99,321.80,36.94,119.04,0.90,-1,-1,-1
122,18,411.11,346.89,210.76,586.70,0.90,-1,-1,-1
122,37,498.85,311.21,40.28,112.75,0.68,-1,-1,-1
122,39,582.88,320.04,44.66,135.86,0.14,-1,-1,-1
122,35,257.89,355.42,94.51,250.24,0.91,-1,-1,-1
122,24,207.50,342.07,88.27,243.82,0.87,-1,-1,-1
122,2,202.93,317.02,70.23,192.36,0.74,-1,-1,-1
123,1,29.41,303.03,208.97,613.65,0.89,-1,-1,-1
123,16,851.81,343.63,129.05,312.42,0.84,-1,-1,-1
123,22,741.58,299.21,239.51,415.54,0.94,-1,-1,-1
123,11,631.59,307.68,50.77,144.41,0.91,-1,-1,-1
123,29,554.46,313.06,78.30,231.47,0.86,-1,-1,-1
123,32,690.50,310.18,33.35,96.58,0.84,-1,-1,-1
123,21,529.84,325.79,89.82,251.96,0.89,-1,-1,-1
123,33,718.22,318.74,32.86,96.00,0.86,-1,-1,-1
123,25,438.22,319.51,77.32,217.15,0.67,-1,-1,-1
123,31,339.96,301.96,139.43,537.02,0.84,-1,-1,-1
123,36,666.74,322.01,44.25,122.82,0.87,-1,-1,-1
123,15,749.03,321.52,36.33,119.27,0.90,-1,-1,-1
123,18,400.63,344.53,226.81,606.99,0.90,-1,-1,-1
123,37,500.73,310.40,39.70,110.50,0.70,-1,-1,-1
123,39,584.75,324.44,44.97,129.64,0.10,-1,-1,-1
123,35,260.97,355.72,95.38,258.76,0.91,-1,-1,-1
123,24,204.59,342.40,93.28,247.48,0.91,-1,-1,-1
123,2,204.77,316.42,72.73,193.36,0.77,-1,-1,-1
123,40,485.55,338.62,64.80,186.07,0.74,-1,-1,-1
124,1,13.90,305.31,214.17,617.53,0.90,-1,-1,-1
124,16,856.23,344.50,133.28,317.22,0.78,-1,-1,-1
124,22,743.84,298.00,247.47,427.65,0.94,-1,-1,-1
124,11,633.45,306.92,51.72,145.13,0.91,-1,-1,-1
124,29,556.32,312.85,79.03,235.39,0.85,-1,-1,-1
124,32,692.90,309.70,33.89,97.30,0.85,-1,-1,-1
124,21,532.79,325.95,89.45,245.58,0.90,-1,-1,-1
124,33,721.02,319.15,32.01,95.63,0.87,-1,-1,-1
124,25,440.97,320.47,74.61,207.34,0.44,-1,-1,-1
124,31,346.83,299.95,144.03,527.51,0.84,-1,-1,-1
124,36,668.19,320.97,44.59,123.61,0.87,-1,-1,-1
124,15,750.90,321.01,36.69,119.88,0.90,-1,-1,-1
124,18,396.50,344.64,238.06,625.91,0.91,-1,-1,-1
124,37,501.35,310.16,40.71,111.21,0.71,-1,-1,-1
124,35,263.48,356.68,97.72,260.94,0.92,-1,-1,-1
124,24,204.46,341.70,94.14,249.73,0.91,-1,-1,-1
124,2,208.49,315.19,74.40,195.20,0.80,-1,-1,-1
124,40,489.22,338.45,62.68,178.74,0.77,-1,-1,-1
124,41,528.75,311.17,35.10,103.95,0.72,-1,-1,-1
