0,1,289.12,264.60,99.45,249.30,0.93,-1,-1,-1
0,2,387.67,263.92,100.57,239.17,0.92,-1,-1,-1
0,3,867.15,282.15,67.95,205.20,0.92,-1,-1,-1
0,4,613.80,271.35,31.50,85.95,0.89,-1,-1,-1
0,5,1098.00,283.72,45.00,70.65,0.88,-1,-1,-1
0,6,240.07,280.57,33.75,102.15,0.87,-1,-1,-1
0,7,1251.90,290.02,21.60,56.25,0.82,-1,-1,-1
0,8,556.20,282.15,26.10,69.75,0.78,-1,-1,-1
0,9,288.22,268.65,23.40,62.55,0.75,-1,-1,-1
0,10,978.30,271.57,18.00,46.80,0.72,-1,-1,-1
0,11,1221.30,287.10,27.00,62.10,0.70,-1,-1,-1
1,1,287.73,260.68,101.01,251.25,0.94,-1,-1,-1
1,2,387.45,260.98,97.26,238.20,0.93,-1,-1,-1
1,3,867.13,281.74,67.95,205.59,0.92,-1,-1,-1
1,4,611.82,270.95,32.28,87.51,0.90,-1,-1,-1
1,5,1104.23,283.32,45.00,70.65,0.84,-1,-1,-1
1,6,239.46,280.37,34.53,102.54,0.87,-1,-1,-1
1,7,1251.10,289.62,21.60,56.64,0.82,-1,-1,-1
1,8,554.61,281.16,27.66,70.14,0.72,-1,-1,-1
1,9,287.42,268.25,23.79,62.94,0.72,-1,-1,-1
1,10,976.72,271.56,18.00,45.24,0.73,-1,-1,-1
1,11,1220.50,288.06,28.56,60.93,0.70,-1,-1,-1
2,1,286.97,260.34,101.97,250.19,0.93,-1,-1,-1
2,2,387.06,259.76,95.26,234.17,0.93,-1,-1,-1
2,3,866.76,281.33,68.29,206.01,0.91,-1,-1,-1
2,4,611.47,270.87,31.72,87.43,0.90,-1,-1,-1
2,5,1110.19,283.78,42.19,70.65,0.84,-1,-1,-1
2,6,239.35,280.31,34.31,101.91,0.87,-1,-1,-1
2,7,1250.94,289.56,21.60,56.36,0.82,-1,-1,-1
2,8,554.67,280.28,27.93,71.26,0.76,-1,-1,-1
2,9,287.10,268.33,23.86,61.96,0.70,-1,-1,-1
2,10,975.03,271.38,19.40,46.04,0.72,-1,-1,-1
2,11,1220.34,288.59,28.83,60.73,0.67,-1,-1,-1
3,1,286.06,260.16,102.61,249.31,0.93,-1,-1,-1
3,2,386.77,258.41,94.91,232.94,0.93,-1,-1,-1
3,3,866.67,281.19,68.42,205.79,0.92,-1,-1,-1
3,4,610.38,270.51,32.22,87.72,0.90,-1,-1,-1
3,5,1118.31,283.91,28.55,69.96,0.74,-1,-1,-1
3,6,238.98,279.98,34.92,102.74,0.87,-1,-1,-1
3,7,1250.95,289.18,21.60,56.26,0.83,-1,-1,-1
3,8,555.07,280.87,27.32,69.56,0.59,-1,-1,-1
3,9,286.67,268.04,24.22,62.68,0.61,-1,-1,-1
3,10,973.22,270.97,19.85,47.67,0.76,-1,-1,-1
3,11,1222.37,286.98,27.54,61.72,0.65,-1,-1,-1
3,12,512.10,279.00,21.60,59.40,0.71,-1,-1,-1
4,1,285.29,261.30,102.77,246.20,0.92,-1,-1,-1
4,2,385.84,258.37,95.37,229.97,0.94,-1,-1,-1
4,3,866.29,280.99,68.11,205.54,0.92,-1,-1,-1
4,4,609.04,270.73,31.72,86.48,0.89,-1,-1,-1
4,5,1125.60,284.28,40.90,69.74,0.72,-1,-1,-1
4,6,238.86,280.03,34.79,102.68,0.88,-1,-1,-1
4,7,1250.92,288.90,21.60,56.23,0.82,-1,-1,-1
4,8,555.20,281.77,27.09,66.96,0.42,-1,-1,-1
4,9,286.04,267.45,24.65,63.91,0.62,-1,-1,-1
4,10,971.96,270.35,19.97,49.83,0.75,-1,-1,-1
4,11,1222.35,285.96,28.43,62.71,0.65,-1,-1,-1
4,12,512.40,278.79,20.88,59.40,0.73,-1,-1,-1
5,1,284.61,262.35,102.47,244.87,0.92,-1,-1,-1
5,2,385.41,257.77,95.73,230.71,0.94,-1,-1,-1
5,3,865.88,280.94,67.68,205.13,0.92,-1,-1,-1
5,4,607.69,270.33,31.54,86.05,0.89,-1,-1,-1
5,5,1133.08,282.95,43.80,72.59,0.88,-1,-1,-1
5,6,238.54,279.90,35.05,101.68,0.89,-1,-1,-1
5,7,1250.31,288.17,21.60,56.87,0.80,-1,-1,-1
5,8,554.95,282.41,26.37,66.13,0.36,-1,-1,-1
5,9,285.87,266.94,24.80,64.33,0.65,-1,-1,-1
5,10,969.72,269.52,21.24,50.86,0.74,-1,-1,-1
5,11,1219.81,285.64,28.72,62.72,0.63,-1,-1,-1
5,12,511.77,278.57,21.44,61.83,0.75,-1,-1,-1
6,1,284.27,263.82,102.02,243.35,0.93,-1,-1,-1
6,2,384.67,257.91,96.18,231.35,0.94,-1,-1,-1
6,3,865.75,281.10,67.52,204.20,0.91,-1,-1,-1
6,4,606.33,269.88,31.48,85.91,0.89,-1,-1,-1
6,5,1141.16,283.89,46.23,71.71,0.79,-1,-1,-1
6,6,238.30,279.69,35.76,101.33,0.88,-1,-1,-1
6,7,1249.46,287.94,22.86,57.10,0.79,-1,-1,-1
6,8,554.24,281.01,26.76,67.81,0.62,-1,-1,-1
6,9,286.00,265.83,24.52,64.77,0.69,-1,-1,-1
6,10,967.76,269.24,22.89,53.96,0.73,-1,-1,-1
6,11,1218.26,286.66,25.07,60.19,0.46,-1,-1,-1
6,12,511.25,278.16,21.62,61.62,0.74,-1,-1,-1
7,1,284.56,265.69,100.60,241.47,0.93,-1,-1,-1
7,2,383.88,259.82,96.20,230.71,0.93,-1,-1,-1
7,3,865.00,280.82,67.47,203.87,0.92,-1,-1,-1
7,4,604.87,269.54,31.46,85.56,0.90,-1,-1,-1
7,5,1148.06,284.23,47.12,71.67,0.85,-1,-1,-1
7,6,237.84,279.58,36.61,100.90,0.90,-1,-1,-1
7,7,1248.46,287.40,23.30,57.79,0.78,-1,-1,-1
7,8,553.29,279.71,28.13,69.65,0.66,-1,-1,-1
7,9,285.52,265.86,24.41,63.06,0.73,-1,-1,-1
7,10,966.95,269.42,22.32,51.79,0.70,-1,-1,-1
7,11,1224.19,286.10,23.69,61.14,0.64,-1,-1,-1
7,12,511.03,278.18,20.99,59.45,0.70,-1,-1,-1
8,1,286.25,265.68,97.96,240.38,0.90,-1,-1,-1
8,2,382.86,261.85,94.26,227.74,0.91,-1,-1,-1
8,3,864.78,280.74,67.49,203.15,0.91,-1,-1,-1
8,4,603.80,269.17,31.48,85.44,0.90,-1,-1,-1
8,5,1155.83,284.62,48.59,71.95,0.80,-1,-1,-1
8,6,237.53,279.51,36.64,100.75,0.89,-1,-1,-1
8,7,1247.56,286.85,23.47,58.03,0.79,-1,-1,-1
8,8,553.27,278.85,27.45,70.94,0.67,-1,-1,-1
8,9,285.22,266.16,24.07,62.72,0.74,-1,-1,-1
8,10,966.19,269.36,22.04,50.21,0.72,-1,-1,-1
8,11,1226.15,285.24,23.28,62.09,0.60,-1,-1,-1
8,12,510.69,278.10,20.78,59.35,0.73,-1,-1,-1
9,1,285.24,265.39,98.19,239.60,0.94,-1,-1,-1
9,2,381.48,262.53,96.12,225.80,0.92,-1,-1,-1
9,3,864.45,280.74,67.76,202.60,0.91,-1,-1,-1
9,4,602.89,268.71,31.47,85.72,0.89,-1,-1,-1
9,5,1163.90,283.78,49.09,72.05,0.78,-1,-1,-1
9,6,237.17,279.38,36.91,100.41,0.90,-1,-1,-1
9,7,1247.27,286.77,23.51,57.82,0.79,-1,-1,-1
9,8,553.02,278.19,27.15,70.83,0.70,-1,-1,-1
9,9,284.86,266.19,24.23,61.68,0.75,-1,-1,-1
9,10,965.40,269.56,20.70,49.60,0.73,-1,-1,-1
9,11,1225.55,284.74,24.42,62.45,0.50,-1,-1,-1
9,12,510.30,277.71,20.70,60.93,0.73,-1,-1,-1
10,1,285.35,264.96,97.68,238.76,0.93,-1,-1,-1
10,2,379.96,262.16,97.25,225.13,0.93,-1,-1,-1
10,3,864.03,280.28,67.57,202.87,0.91,-1,-1,-1
10,4,602.00,269.16,31.47,84.92,0.88,-1,-1,-1
10,5,1172.03,284.20,48.05,71.47,0.85,-1,-1,-1
10,6,237.06,279.19,37.00,100.29,0.90,-1,-1,-1
10,7,1246.57,286.58,23.51,58.03,0.76,-1,-1,-1
10,8,552.34,278.26,27.65,71.07,0.74,-1,-1,-1
10,9,284.30,265.91,24.89,64.05,0.74,-1,-1,-1
10,10,964.57,268.87,20.16,49.65,0.73,-1,-1,-1
10,11,1225.91,284.70,23.61,62.57,0.58,-1,-1,-1
10,12,509.88,277.58,20.67,61.17,0.72,-1,-1,-1
11,1,286.04,264.83,96.32,233.95,0.93,-1,-1,-1
11,2,378.41,261.89,96.35,222.97,0.92,-1,-1,-1
11,3,863.34,280.12,68.11,202.98,0.92,-1,-1,-1
11,4,600.85,269.51,31.48,84.02,0.88,-1,-1,-1
11,5,1180.26,283.13,41.63,73.66,0.85,-1,-1,-1
11,6,236.76,278.87,37.03,100.26,0.89,-1,-1,-1
11,7,1246.40,285.91,23.51,58.40,0.75,-1,-1,-1
11,8,552.44,278.18,27.84,71.15,0.76,-1,-1,-1
11,9,283.98,265.56,25.14,67.59,0.78,-1,-1,-1
11,10,963.76,268.62,19.96,49.96,0.72,-1,-1,-1
11,11,1218.65,285.88,25.81,67.12,0.70,-1,-1,-1
11,12,509.78,276.96,20.67,61.87,0.73,-1,-1,-1
12,1,287.35,264.43,94.29,232.79,0.93,-1,-1,-1
12,2,377.37,261.62,95.83,220.52,0.93,-1,-1,-1
12,3,862.96,279.91,67.70,202.85,0.91,-1,-1,-1
12,4,599.18,269.79,32.67,83.38,0.88,-1,-1,-1
12,5,1188.96,282.30,33.99,74.16,0.78,-1,-1,-1
12,6,236.66,278.73,36.72,100.24,0.89,-1,-1,-1
12,7,1246.14,285.68,23.49,57.92,0.63,-1,-1,-1
12,8,551.83,277.70,27.90,71.76,0.74,-1,-1,-1
12,9,282.97,264.82,25.82,69.78,0.81,-1,-1,-1
12,10,962.76,268.54,19.88,48.86,0.68,-1,-1,-1
12,11,1216.51,285.60,24.21,62.95,0.12,-1,-1,-1
12,12,509.70,276.57,20.05,62.41,0.76,-1,-1,-1
13,1,288.71,263.68,92.07,231.28,0.92,-1,-1,-1
13,2,376.41,260.45,94.16,218.37,0.93,-1,-1,-1
13,3,862.65,279.52,67.26,203.16,0.91,-1,-1,-1
13,4,598.63,269.58,32.54,83.18,0.89,-1,-1,-1
13,5,1197.52,281.07,29.97,76.13,0.82,-1,-1,-1
13,6,236.27,278.84,36.60,99.96,0.89,-1,-1,-1
13,7,1245.68,285.43,23.48,58.05,0.71,-1,-1,-1
13,8,551.63,277.68,27.33,70.22,0.80,-1,-1,-1
13,9,282.55,264.98,25.49,69.76,0.78,-1,-1,-1
13,10,961.36,268.05,19.85,46.63,0.64,-1,-1,-1
13,11,1216.51,285.02,24.81,64.56,0.40,-1,-1,-1
13,12,509.09,275.38,20.45,64.42,0.75,-1,-1,-1
13,13,566.55,272.25,20.70,67.05,0.76,-1,-1,-1
14,1,289.25,262.14,89.74,228.06,0.90,-1,-1,-1
14,2,374.77,258.61,92.77,216.87,0.93,-1,-1,-1
14,3,862.55,279.08,67.08,203.27,0.91,-1,-1,-1
14,4,597.31,269.19,33.07,83.12,0.89,-1,-1,-1
14,5,1206.44,281.97,35.35,75.39,0.81,-1,-1,-1
14,6,235.44,278.08,37.14,100.46,0.89,-1,-1,-1
14,7,1245.50,284.93,23.47,59.58,0.74,-1,-1,-1
14,8,551.30,277.66,27.11,69.91,0.79,-1,-1,-1
14,9,282.31,264.72,25.64,70.30,0.74,-1,-1,-1
14,10,960.29,267.43,19.83,49.45,0.68,-1,-1,-1
14,12,508.91,273.73,20.59,66.34,0.74,-1,-1,-1
14,13,565.79,272.00,21.42,66.69,0.71,-1,-1,-1
15,1,289.25,261.20,87.44,223.45,0.90,-1,-1,-1
15,2,372.51,257.27,91.54,214.41,0.92,-1,-1,-1
15,3,862.21,278.79,67.35,203.17,0.91,-1,-1,-1
15,4,596.23,269.09,32.68,83.10,0.89,-1,-1,-1
15,5,1214.17,281.24,38.08,75.07,0.80,-1,-1,-1
15,6,234.96,277.91,37.06,100.95,0.88,-1,-1,-1
15,7,1239.49,283.97,29.42,65.76,0.61,-1,-1,-1
15,8,550.56,277.57,27.63,69.80,0.79,-1,-1,-1
15,9,281.91,264.28,25.70,70.47,0.70,-1,-1,-1
15,10,958.71,267.50,19.83,46.62,0.70,-1,-1,-1
15,12,508.53,273.47,20.66,65.87,0.70,-1,-1,-1
15,13,566.65,271.80,21.56,67.66,0.77,-1,-1,-1
15,14,1133.10,276.30,23.40,59.40,0.75,-1,-1,-1
16,1,288.62,260.44,85.74,221.97,0.91,-1,-1,-1
16,2,372.17,256.06,87.34,212.80,0.93,-1,-1,-1
16,3,861.79,278.71,67.75,203.13,0.91,-1,-1,-1
16,4,594.67,268.34,32.53,83.41,0.89,-1,-1,-1
16,5,1222.12,281.15,40.36,74.34,0.72,-1,-1,-1
16,6,234.49,277.88,36.42,101.13,0.88,-1,-1,-1
16,7,1241.68,282.92,31.54,69.21,0.56,-1,-1,-1
16,8,550.00,276.98,27.83,70.05,0.84,-1,-1,-1
16,9,281.03,264.30,25.72,69.63,0.66,-1,-1,-1
16,10,956.96,268.04,19.83,44.87,0.72,-1,-1,-1
16,12,508.39,273.57,20.68,65.06,0.69,-1,-1,-1
16,13,568.36,273.51,21.61,65.90,0.78,-1,-1,-1
16,14,1133.77,276.07,21.96,59.40,0.76,-1,-1,-1
17,1,288.24,260.50,85.14,220.46,0.92,-1,-1,-1
17,2,371.19,255.07,85.46,211.84,0.94,-1,-1,-1
17,3,860.75,278.21,68.17,203.28,0.91,-1,-1,-1
17,4,593.54,267.54,32.46,83.83,0.89,-1,-1,-1
17,5,1233.08,278.75,45.88,76.74,0.79,-1,-1,-1
17,6,234.04,277.31,35.86,101.51,0.88,-1,-1,-1
17,8,549.50,276.68,28.49,70.45,0.84,-1,-1,-1
17,9,280.87,263.46,25.42,67.80,0.64,-1,-1,-1
17,10,956.36,268.53,18.62,42.72,0.73,-1,-1,-1
17,12,508.06,273.39,20.69,64.73,0.67,-1,-1,-1
17,13,568.56,274.53,22.96,64.97,0.80,-1,-1,-1
17,14,1133.90,275.50,21.68,59.75,0.73,-1,-1,-1
17,11,1211.68,281.41,29.95,64.01,0.69,-1,-1,-1
18,1,287.52,260.38,84.95,220.14,0.92,-1,-1,-1
18,2,370.76,254.72,84.19,210.94,0.94,-1,-1,-1
18,3,860.39,277.91,68.31,203.49,0.92,-1,-1,-1
18,4,592.88,266.96,31.83,84.90,0.88,-1,-1,-1
18,5,1246.23,279.69,39.02,73.52,0.50,-1,-1,-1
18,6,234.21,276.93,34.44,100.46,0.88,-1,-1,-1
18,8,549.06,276.29,28.72,70.01,0.82,-1,-1,-1
18,9,280.10,262.84,25.29,64.09,0.63,-1,-1,-1
18,10,956.22,268.75,18.16,41.95,0.72,-1,-1,-1
18,12,507.97,273.35,20.68,64.30,0.60,-1,-1,-1
18,13,569.25,273.51,25.28,65.68,0.81,-1,-1,-1
18,14,1133.98,275.02,21.58,60.21,0.63,-1,-1,-1
18,11,1211.19,280.61,31.70,64.85,0.76,-1,-1,-1
19,1,288.32,260.92,83.46,219.61,0.88,-1,-1,-1
19,2,370.34,255.17,83.81,209.89,0.94,-1,-1,-1
19,3,859.94,277.96,68.10,202.79,0.91,-1,-1,-1
19,4,591.77,266.67,31.60,82.91,0.88,-1,-1,-1
19,5,1251.55,280.77,35.84,74.62,0.37,-1,-1,-1
19,6,233.40,275.89,34.83,102.14,0.88,-1,-1,-1
19,8,548.60,276.53,28.23,68.33,0.82,-1,-1,-1
19,9,279.26,262.30,25.25,64.49,0.54,-1,-1,-1
19,10,955.57,268.67,18.00,41.08,0.65,-1,-1,-1
19,12,507.35,273.28,20.69,64.11,0.64,-1,-1,-1
19,13,570.08,273.05,24.93,66.25,0.85,-1,-1,-1
19,14,1133.28,274.51,21.57,60.34,0.53,-1,-1,-1
19,11,1210.95,280.44,31.24,65.11,0.71,-1,-1,-1
20,1,295.55,261.08,76.00,219.51,0.85,-1,-1,-1
20,2,369.89,256.06,83.73,208.54,0.94,-1,-1,-1
20,3,859.84,277.49,68.63,203.31,0.91,-1,-1,-1
20,4,591.10,266.52,31.52,81.57,0.88,-1,-1,-1
20,5,1262.47,281.69,27.32,64.65,0.34,-1,-1,-1
20,6,232.77,275.32,35.29,102.48,0.88,-1,-1,-1
20,8,548.44,276.28,28.04,68.32,0.84,-1,-1,-1
20,9,278.61,261.77,24.94,63.76,0.59,-1,-1,-1
20,10,955.43,269.20,16.75,39.26,0.47,-1,-1,-1
20,12,507.12,273.07,20.70,63.74,0.64,-1,-1,-1
20,13,570.35,272.67,25.33,66.78,0.85,-1,-1,-1
20,14,1133.13,274.15,21.58,60.05,0.54,-1,-1,-1
20,11,1213.91,280.02,28.70,64.62,0.64,-1,-1,-1
20,7,1241.73,283.59,24.62,57.65,0.77,-1,-1,-1
21,1,290.91,261.40,80.15,218.33,0.86,-1,-1,-1
21,2,369.63,256.82,83.41,207.63,0.94,-1,-1,-1
21,3,859.48,277.18,68.50,203.35,0.91,-1,-1,-1
21,4,590.59,265.26,30.89,82.57,0.87,-1,-1,-1
21,6,232.42,274.91,35.45,101.42,0.88,-1,-1,-1
21,8,548.40,276.17,27.36,68.01,0.83,-1,-1,-1
21,9,278.41,262.13,24.81,63.18,0.49,-1,-1,-1
21,10,954.78,270.35,16.28,37.40,0.41,-1,-1,-1
21,12,507.05,272.83,20.70,63.29,0.66,-1,-1,-1
21,13,570.43,272.66,25.45,66.67,0.85,-1,-1,-1
21,14,1131.76,273.78,22.85,59.94,0.49,-1,-1,-1
21,11,1211.46,280.09,30.06,63.84,0.56,-1,-1,-1
21,7,1241.88,283.72,23.56,56.01,0.72,-1,-1,-1
22,1,289.51,261.23,80.93,217.67,0.86,-1,-1,-1
22,2,369.57,257.73,83.32,206.47,0.94,-1,-1,-1
22,3,859.12,276.96,68.75,203.54,0.92,-1,-1,-1
22,4,590.17,264.68,30.05,81.48,0.87,-1,-1,-1
22,6,232.30,274.48,35.51,100.72,0.88,-1,-1,-1
22,8,548.72,276.02,26.51,67.62,0.77,-1,-1,-1
22,9,278.20,261.85,24.77,60.28,0.64,-1,-1,-1
22,10,954.03,270.64,16.12,37.39,0.18,-1,-1,-1
22,12,506.75,272.02,20.69,63.72,0.62,-1,-1,-1
22,13,571.05,272.38,24.87,67.24,0.83,-1,-1,-1
22,14,1131.98,274.18,22.07,59.28,0.46,-1,-1,-1
22,11,1210.09,281.67,28.22,61.76,0.56,-1,-1,-1
22,7,1241.99,283.33,23.26,55.52,0.73,-1,-1,-1
23,1,286.90,261.35,82.48,215.80,0.92,-1,-1,-1
23,2,369.74,257.95,82.73,206.81,0.93,-1,-1,-1
23,3,858.67,276.42,68.55,203.43,0.91,-1,-1,-1
23,4,589.75,264.03,29.75,81.66,0.88,-1,-1,-1
23,6,232.15,274.37,35.83,100.45,0.89,-1,-1,-1
23,8,548.55,275.68,26.80,68.06,0.82,-1,-1,-1
23,9,278.17,261.79,24.45,57.36,0.60,-1,-1,-1
23,12,506.36,271.45,20.70,63.58,0.62,-1,-1,-1
23,13,571.86,271.98,24.62,66.54,0.80,-1,-1,-1
23,14,1131.41,274.14,21.76,58.72,0.43,-1,-1,-1
23,11,1209.52,282.68,25.05,58.55,0.43,-1,-1,-1
23,7,1241.96,282.53,23.17,55.68,0.76,-1,-1,-1
24,1,286.48,261.40,81.62,213.97,0.89,-1,-1,-1
24,2,369.81,257.88,82.55,205.95,0.94,-1,-1,-1
24,3,858.22,276.22,68.78,203.11,0.92,-1,-1,-1
24,4,588.71,263.50,29.65,81.74,0.88,-1,-1,-1
24,6,231.62,273.60,36.26,100.95,0.89,-1,-1,-1
24,8,548.18,275.26,26.91,67.94,0.79,-1,-1,-1
24,9,277.99,261.78,24.34,55.71,0.68,-1,-1,-1
24,12,505.60,270.20,21.30,65.90,0.68,-1,-1,-1
24,13,572.73,271.83,23.92,65.97,0.80,-1,-1,-1
24,14,1131.24,273.36,21.65,59.14,0.51,-1,-1,-1
24,11,1208.76,282.90,23.85,57.08,0.42,-1,-1,-1
24,7,1241.99,281.93,23.17,55.78,0.78,-1,-1,-1
25,1,285.42,260.80,81.01,211.85,0.93,-1,-1,-1
25,2,369.98,256.94,82.51,205.08,0.93,-1,-1,-1
25,3,857.45,275.85,69.45,202.69,0.91,-1,-1,-1
25,4,587.43,263.01,30.22,82.67,0.90,-1,-1,-1
25,6,230.97,273.01,37.01,101.44,0.89,-1,-1,-1
25,8,547.73,274.35,26.95,69.10,0.83,-1,-1,-1
25,9,277.62,261.16,24.60,56.70,0.66,-1,-1,-1
25,12,504.72,268.55,22.11,67.65,0.66,-1,-1,-1
25,13,573.61,271.15,23.63,65.16,0.78,-1,-1,-1
25,14,1130.57,272.32,22.83,60.21,0.64,-1,-1,-1
25,11,1211.59,280.08,25.92,60.24,0.68,-1,-1,-1
25,7,1241.38,281.25,23.18,56.15,0.79,-1,-1,-1
26,1,284.61,259.15,80.48,211.27,0.93,-1,-1,-1
26,2,370.09,255.92,82.79,203.01,0.93,-1,-1,-1
26,3,856.59,275.41,69.68,202.24,0.91,-1,-1,-1
26,4,586.71,262.94,29.83,82.14,0.89,-1,-1,-1
26,6,230.62,272.12,36.98,101.62,0.90,-1,-1,-1
26,8,547.29,273.96,26.96,68.35,0.62,-1,-1,-1
26,9,277.97,261.31,23.79,57.37,0.65,-1,-1,-1
26,12,504.71,267.59,21.82,67.72,0.68,-1,-1,-1
26,13,574.23,270.26,22.91,65.46,0.76,-1,-1,-1
26,14,1130.92,271.97,22.07,60.00,0.74,-1,-1,-1
26,11,1210.21,278.50,28.97,61.96,0.75,-1,-1,-1
26,7,1240.54,281.03,23.20,56.02,0.82,-1,-1,-1
27,1,284.20,257.56,80.32,210.34,0.93,-1,-1,-1
27,2,369.86,255.00,84.12,200.76,0.92,-1,-1,-1
27,3,855.97,275.11,70.66,201.31,0.91,-1,-1,-1
27,4,584.98,262.82,30.29,81.64,0.89,-1,-1,-1
27,6,230.22,271.71,37.27,101.68,0.90,-1,-1,-1
27,8,546.84,273.12,26.97,69.55,0.79,-1,-1,-1
27,9,277.53,259.80,24.70,60.94,0.72,-1,-1,-1
27,12,504.73,267.43,21.71,67.73,0.70,-1,-1,-1
27,13,575.34,269.97,23.25,66.18,0.74,-1,-1,-1
27,14,1131.06,271.08,21.76,60.52,0.76,-1,-1,-1
27,11,1209.09,277.44,30.14,63.22,0.74,-1,-1,-1
27,7,1240.21,280.32,23.23,56.29,0.81,-1,-1,-1
28,1,283.81,254.84,80.28,209.46,0.93,-1,-1,-1
28,2,369.39,254.03,83.45,198.48,0.93,-1,-1,-1
28,3,855.37,274.55,70.73,200.83,0.91,-1,-1,-1
28,4,583.09,262.47,31.66,81.46,0.88,-1,-1,-1
28,6,229.76,271.10,37.15,101.71,0.90,-1,-1,-1
28,8,546.00,272.50,27.57,68.82,0.72,-1,-1,-1
28,9,277.13,259.06,25.03,62.56,0.76,-1,-1,-1
28,12,504.35,266.63,21.66,68.01,0.71,-1,-1,-1
28,13,576.23,269.25,22.77,65.56,0.67,-1,-1,-1
28,14,1131.66,270.02,21.65,60.71,0.78,-1,-1,-1
28,11,1213.20,277.20,25.98,62.23,0.63,-1,-1,-1
28,7,1239.43,279.32,23.25,57.01,0.82,-1,-1,-1
29,1,282.98,253.73,81.50,206.21,0.94,-1,-1,-1
29,2,369.29,252.97,82.33,197.10,0.93,-1,-1,-1
29,3,854.99,274.21,71.06,200.83,0.91,-1,-1,-1
29,4,581.91,262.22,32.18,81.40,0.87,-1,-1,-1
29,6,229.35,270.78,37.55,101.73,0.90,-1,-1,-1
29,8,545.48,272.01,27.81,68.54,0.77,-1,-1,-1
29,9,276.74,258.83,25.16,63.79,0.75,-1,-1,-1
29,12,504.01,266.38,21.65,67.81,0.67,-1,-1,-1
29,13,577.23,268.41,22.59,64.13,0.44,-1,-1,-1
29,14,1132.04,269.18,21.61,60.78,0.77,-1,-1,-1
29,11,1213.88,276.97,25.45,61.85,0.62,-1,-1,-1
29,7,1239.31,278.79,23.27,57.00,0.82,-1,-1,-1
30,1,282.99,253.04,81.66,204.13,0.93,-1,-1,-1
30,2,369.26,252.43,81.00,194.53,0.94,-1,-1,-1
30,3,854.82,273.83,70.57,201.12,0.92,-1,-1,-1
30,4,581.18,262.75,31.78,80.79,0.86,-1,-1,-1
30,6,229.14,270.36,37.47,101.73,0.90,-1,-1,-1
30,8,545.28,271.40,27.29,68.43,0.82,-1,-1,-1
30,9,276.76,257.86,25.50,64.84,0.69,-1,-1,-1
30,12,502.98,264.68,22.23,68.91,0.71,-1,-1,-1
30,13,577.55,267.37,23.72,65.71,0.46,-1,-1,-1
30,14,1131.52,269.23,21.59,60.21,0.74,-1,-1,-1
30,11,1209.21,276.06,27.69,62.60,0.70,-1,-1,-1
30,7,1239.21,278.66,23.28,56.71,0.81,-1,-1,-1
31,1,282.12,252.52,82.92,202.81,0.93,-1,-1,-1
31,2,368.97,251.96,80.23,192.42,0.93,-1,-1,-1
31,3,854.75,273.38,70.38,200.93,0.92,-1,-1,-1
31,4,579.45,262.21,32.21,81.16,0.87,-1,-1,-1
31,6,228.86,269.79,37.21,101.42,0.89,-1,-1,-1
31,8,545.21,270.74,27.10,68.39,0.82,-1,-1,-1
31,9,276.49,255.90,25.92,67.57,0.69,-1,-1,-1
31,12,502.31,263.17,22.44,70.77,0.72,-1,-1,-1
31,14,1130.69,267.75,22.79,61.18,0.79,-1,-1,-1
31,11,1207.49,275.12,28.48,62.28,0.75,-1,-1,-1
31,7,1237.94,277.84,24.49,56.91,0.81,-1,-1,-1
32,1,281.95,251.89,83.40,201.79,0.93,-1,-1,-1
32,2,368.57,251.48,78.16,191.71,0.92,-1,-1,-1
32,3,854.47,272.77,70.60,201.02,0.92,-1,-1,-1
32,4,578.84,262.16,31.79,80.11,0.88,-1,-1,-1
32,6,228.39,269.87,37.03,101.01,0.89,-1,-1,-1
32,8,544.61,269.89,27.02,68.38,0.70,-1,-1,-1
32,9,276.39,255.14,25.79,67.16,0.74,-1,-1,-1
32,12,501.77,262.75,22.52,70.89,0.74,-1,-1,-1
32,14,1130.42,267.21,23.23,61.24,0.81,-1,-1,-1
32,11,1206.29,274.48,29.96,62.17,0.77,-1,-1,-1
32,7,1237.52,277.10,23.77,57.29,0.81,-1,-1,-1
32,15,805.50,265.95,16.20,41.85,0.72,-1,-1,-1
33,1,281.71,251.20,83.31,202.08,0.93,-1,-1,-1
33,2,368.09,251.00,80.45,192.11,0.93,-1,-1,-1
33,3,854.07,272.36,70.39,200.93,0.92,-1,-1,-1
33,4,578.63,261.52,31.03,79.43,0.88,-1,-1,-1
33,6,227.58,269.15,36.67,100.86,0.89,-1,-1,-1
33,8,544.07,269.11,27.60,68.38,0.82,-1,-1,-1
33,9,276.02,254.85,26.03,68.15,0.71,-1,-1,-1
33,12,501.55,261.85,22.55,71.21,0.71,-1,-1,-1
33,14,1129.75,268.16,22.22,59.48,0.80,-1,-1,-1
33,11,1205.28,273.75,30.52,61.83,0.77,-1,-1,-1
33,7,1236.79,276.48,24.69,56.55,0.79,-1,-1,-1
33,15,804.72,265.11,16.20,41.13,0.69,-1,-1,-1
34,1,281.57,250.73,83.27,202.52,0.92,-1,-1,-1
34,2,367.40,251.19,81.88,191.40,0.92,-1,-1,-1
34,3,853.97,271.53,70.30,201.03,0.92,-1,-1,-1
34,4,578.66,261.04,30.14,77.98,0.87,-1,-1,-1
34,6,226.63,268.21,36.53,101.40,0.89,-1,-1,-1
34,8,544.23,268.75,27.22,66.89,0.81,-1,-1,-1
34,9,275.97,254.82,25.82,65.86,0.64,-1,-1,-1
34,12,500.96,260.86,23.15,71.60,0.64,-1,-1,-1
34,14,1129.51,268.00,21.82,59.70,0.79,-1,-1,-1
34,11,1204.34,273.85,31.89,61.69,0.75,-1,-1,-1
34,7,1236.54,276.02,23.85,56.58,0.80,-1,-1,-1
34,15,804.23,265.13,15.51,40.29,0.63,-1,-1,-1
35,1,281.81,252.48,83.00,200.15,0.92,-1,-1,-1
35,2,366.29,251.38,83.37,190.99,0.93,-1,-1,-1
35,3,853.78,270.89,70.60,201.17,0.92,-1,-1,-1
35,4,577.79,260.38,30.43,77.79,0.89,-1,-1,-1
35,6,225.58,267.09,36.13,101.95,0.88,-1,-1,-1
35,8,543.98,268.59,27.09,66.66,0.76,-1,-1,-1
35,9,275.64,253.75,25.45,66.77,0.59,-1,-1,-1
35,12,500.69,260.61,22.80,71.48,0.68,-1,-1,-1
35,14,1129.10,267.46,21.68,59.22,0.76,-1,-1,-1
35,11,1204.33,275.35,30.12,59.59,0.68,-1,-1,-1
35,7,1236.78,275.51,23.54,56.02,0.78,-1,-1,-1
35,15,803.45,264.98,16.00,39.32,0.69,-1,-1,-1
36,1,281.98,252.75,82.79,198.86,0.93,-1,-1,-1
36,2,365.73,251.07,83.53,190.14,0.93,-1,-1,-1
36,3,853.16,269.77,70.31,201.68,0.92,-1,-1,-1
36,4,576.57,260.85,31.09,75.88,0.88,-1,-1,-1
36,6,225.23,266.39,36.89,101.78,0.89,-1,-1,-1
36,8,543.89,268.03,26.40,66.84,0.83,-1,-1,-1
36,9,275.45,252.65,25.28,64.10,0.60,-1,-1,-1
36,12,500.05,259.73,22.62,71.65,0.66,-1,-1,-1
36,14,1128.47,267.04,21.60,58.70,0.77,-1,-1,-1
36,11,1204.99,272.71,30.52,61.47,0.68,-1,-1,-1
36,7,1235.72,274.98,23.39,55.78,0.78,-1,-1,-1
36,15,802.39,264.27,16.14,39.38,0.69,-1,-1,-1
37,1,283.10,252.55,81.56,198.44,0.93,-1,-1,-1
37,2,364.21,251.10,83.93,188.68,0.93,-1,-1,-1
37,3,853.01,268.83,70.23,201.88,0.92,-1,-1,-1
37,4,575.29,259.93,31.35,76.10,0.86,-1,-1,-1
37,6,224.22,266.01,36.90,103.21,0.88,-1,-1,-1
37,8,543.01,267.35,26.76,67.51,0.83,-1,-1,-1
37,9,275.09,252.11,25.22,62.76,0.65,-1,-1,-1
37,12,499.55,259.09,23.15,71.71,0.63,-1,-1,-1
37,14,1128.35,266.77,20.39,58.21,0.75,-1,-1,-1
37,11,1204.75,271.47,30.67,62.45,0.71,-1,-1,-1
37,7,1234.85,274.05,24.55,56.30,0.77,-1,-1,-1
37,15,801.48,263.61,16.19,39.09,0.55,-1,-1,-1
38,1,284.22,252.37,80.22,197.17,0.93,-1,-1,-1
38,2,362.87,250.40,83.51,188.21,0.92,-1,-1,-1
38,3,852.72,268.06,69.93,201.85,0.92,-1,-1,-1
38,4,574.25,259.02,31.46,76.50,0.86,-1,-1,-1
38,6,223.50,265.77,38.70,102.58,0.89,-1,-1,-1
38,8,542.38,267.43,26.91,66.59,0.83,-1,-1,-1
38,9,274.31,251.81,25.80,70.09,0.75,-1,-1,-1
38,12,499.65,258.89,22.77,71.43,0.72,-1,-1,-1
38,14,1128.43,266.68,19.93,57.44,0.71,-1,-1,-1
38,11,1207.16,270.56,28.38,62.55,0.66,-1,-1,-1
38,7,1234.66,273.12,23.81,56.81,0.75,-1,-1,-1
38,15,801.24,262.76,15.58,39.03,0.44,-1,-1,-1
39,1,284.77,252.03,79.46,195.24,0.93,-1,-1,-1
39,2,361.17,249.11,82.78,187.19,0.92,-1,-1,-1
39,3,852.64,267.31,69.84,201.99,0.92,-1,-1,-1
39,4,573.29,257.49,31.51,77.57,0.87,-1,-1,-1
39,6,222.77,265.43,40.54,102.04,0.89,-1,-1,-1
39,8,541.86,267.03,26.97,66.55,0.83,-1,-1,-1
39,9,273.11,251.15,26.62,72.71,0.80,-1,-1,-1
39,12,499.71,258.55,22.63,71.61,0.67,-1,-1,-1
39,14,1127.90,266.00,19.78,57.47,0.72,-1,-1,-1
39,11,1208.18,269.88,27.46,62.28,0.61,-1,-1,-1
39,7,1234.66,272.57,23.53,56.42,0.75,-1,-1,-1
39,15,800.58,261.68,16.00,39.65,0.50,-1,-1,-1
40,1,285.02,251.59,79.11,193.03,0.92,-1,-1,-1
40,2,358.95,247.74,82.43,185.02,0.93,-1,-1,-1
40,3,851.91,267.01,70.33,201.85,0.92,-1,-1,-1
40,4,572.04,255.93,31.50,80.64,0.85,-1,-1,-1
40,6,221.92,264.82,40.85,102.11,0.87,-1,-1,-1
40,8,541.35,266.33,26.97,66.82,0.82,-1,-1,-1
40,9,272.58,251.02,26.90,73.44,0.82,-1,-1,-1
40,12,500.02,258.17,21.95,71.36,0.69,-1,-1,-1
40,14,1126.91,264.30,19.72,58.67,0.72,-1,-1,-1
40,11,1210.15,269.55,24.68,61.87,0.61,-1,-1,-1
40,7,1233.84,272.29,23.40,55.96,0.79,-1,-1,-1
40,15,799.96,261.09,15.51,39.57,0.48,-1,-1,-1
40,16,831.60,263.92,25.20,49.50,0.71,-1,-1,-1
40,10,926.19,254.78,19.76,46.71,0.61,-1,-1,-1
41,1,285.55,250.87,78.46,191.69,0.93,-1,-1,-1
41,2,357.41,246.21,81.46,183.68,0.93,-1,-1,-1
41,3,852.07,266.10,69.68,202.28,0.92,-1,-1,-1
41,4,571.07,255.49,32.11,81.23,0.86,-1,-1,-1
41,6,221.44,264.22,41.28,101.85,0.87,-1,-1,-1
41,8,541.23,266.07,26.39,66.94,0.77,-1,-1,-1
41,9,271.93,250.30,27.02,74.28,0.82,-1,-1,-1
41,12,499.30,258.20,22.31,70.37,0.60,-1,-1,-1
41,14,1126.75,263.10,19.71,59.13,0.75,-1,-1,-1
41,11,1210.48,268.42,23.67,62.32,0.50,-1,-1,-1
41,7,1233.77,271.61,23.38,55.80,0.76,-1,-1,-1
41,15,799.27,260.23,15.96,40.16,0.39,-1,-1,-1
41,16,833.72,263.29,24.48,50.94,0.75,-1,-1,-1
41,10,925.03,253.82,19.86,48.11,0.62,-1,-1,-1
42,1,285.01,250.22,77.63,189.44,0.93,-1,-1,-1
42,2,356.28,244.81,79.31,182.62,0.93,-1,-1,-1
42,3,852.15,265.53,69.43,202.14,0.92,-1,-1,-1
42,4,570.15,256.13,31.75,80.56,0.82,-1,-1,-1
42,6,221.08,263.77,40.91,102.05,0.86,-1,-1,-1
42,8,541.21,265.60,25.58,66.69,0.73,-1,-1,-1
42,9,271.42,249.96,27.07,74.87,0.79,-1,-1,-1
42,12,498.46,257.84,23.04,70.29,0.52,-1,-1,-1
42,14,1127.30,263.31,19.72,59.01,0.78,-1,-1,-1
42,11,1205.00,267.91,27.06,62.19,0.73,-1,-1,-1
42,7,1233.76,270.98,23.37,56.05,0.76,-1,-1,-1
42,15,798.74,259.83,16.13,39.78,0.42,-1,-1,-1
42,16,835.18,262.49,25.04,48.81,0.63,-1,-1,-1
42,10,924.05,253.24,19.90,48.35,0.58,-1,-1,-1
42,13,586.78,258.99,24.29,72.30,0.79,-1,-1,-1
43,1,285.09,249.55,76.14,186.55,0.93,-1,-1,-1
43,2,355.14,243.42,77.62,181.67,0.93,-1,-1,-1
43,3,851.89,264.73,69.35,202.38,0.92,-1,-1,-1
43,4,569.54,255.21,31.02,81.48,0.81,-1,-1,-1
43,6,220.51,263.63,38.99,101.82,0.87,-1,-1,-1
43,8,540.91,265.13,25.28,66.60,0.72,-1,-1,-1
43,9,270.79,249.27,27.38,75.35,0.80,-1,-1,-1
43,12,498.44,256.68,22.73,71.15,0.71,-1,-1,-1
43,14,1126.92,263.97,20.93,58.08,0.79,-1,-1,-1
43,11,1202.57,267.41,29.36,62.44,0.74,-1,-1,-1
43,7,1231.98,270.12,24.57,56.44,0.76,-1,-1,-1
43,15,798.56,259.24,15.59,39.94,0.40,-1,-1,-1
43,16,837.07,261.54,25.92,49.15,0.30,-1,-1,-1
43,10,923.14,252.87,19.90,47.84,0.63,-1,-1,-1
43,13,586.75,258.97,24.31,72.24,0.72,-1,-1,-1
44,1,285.05,249.01,75.01,184.35,0.92,-1,-1,-1
44,2,354.55,242.78,76.10,180.48,0.93,-1,-1,-1
44,3,851.79,263.87,69.32,202.79,0.92,-1,-1,-1
44,4,569.91,254.74,29.54,80.94,0.82,-1,-1,-1
44,6,220.10,263.30,38.84,101.75,0.88,-1,-1,-1
44,8,540.77,264.24,24.57,65.68,0.63,-1,-1,-1
44,9,270.50,248.58,27.20,76.10,0.80,-1,-1,-1
44,12,497.51,256.71,23.20,70.88,0.71,-1,-1,-1
44,14,1127.38,263.07,21.38,58.03,0.78,-1,-1,-1
44,11,1202.22,267.12,29.13,62.83,0.73,-1,-1,-1
44,7,1231.35,269.69,25.01,56.30,0.76,-1,-1,-1
44,15,797.90,258.30,15.38,40.60,0.27,-1,-1,-1
44,16,839.95,261.13,26.19,50.32,0.51,-1,-1,-1
44,10,923.42,253.07,18.73,46.16,0.57,-1,-1,-1
44,13,585.82,257.79,27.30,73.11,0.78,-1,-1,-1
45,1,285.26,248.30,73.37,182.69,0.90,-1,-1,-1
45,2,354.28,242.22,75.23,179.77,0.93,-1,-1,-1
45,3,851.45,263.57,69.28,202.33,0.92,-1,-1,-1
45,4,569.83,254.10,28.97,80.13,0.81,-1,-1,-1
45,6,219.45,262.81,39.36,101.71,0.89,-1,-1,-1
45,8,540.77,264.32,24.31,64.13,0.66,-1,-1,-1
45,9,270.18,248.12,27.40,75.77,0.76,-1,-1,-1
45,12,496.33,255.96,23.95,72.25,0.65,-1,-1,-1
45,14,1126.94,262.64,22.72,58.31,0.79,-1,-1,-1
45,11,1201.48,266.79,30.18,62.97,0.75,-1,-1,-1
45,7,1231.07,269.46,25.17,56.55,0.78,-1,-1,-1
45,15,797.99,257.67,14.70,40.85,0.34,-1,-1,-1
45,16,843.12,261.19,26.25,50.39,0.56,-1,-1,-1
45,10,923.60,253.94,17.04,43.10,0.45,-1,-1,-1
45,13,586.36,256.16,28.37,74.60,0.75,-1,-1,-1
46,1,285.37,248.48,71.91,181.53,0.92,-1,-1,-1
46,2,354.41,242.74,74.65,178.65,0.93,-1,-1,-1
46,3,851.09,262.94,69.88,202.75,0.91,-1,-1,-1
46,4,569.56,253.38,27.57,80.71,0.83,-1,-1,-1
46,6,219.26,262.47,39.56,101.70,0.89,-1,-1,-1
46,8,540.52,263.87,24.23,63.86,0.65,-1,-1,-1
46,9,269.82,248.08,27.48,75.90,0.77,-1,-1,-1
46,12,495.94,255.79,24.24,71.88,0.73,-1,-1,-1
46,14,1126.84,261.33,24.38,59.30,0.80,-1,-1,-1
46,11,1201.86,266.56,29.42,62.43,0.73,-1,-1,-1
46,7,1230.45,269.41,25.23,56.34,0.78,-1,-1,-1
46,15,797.79,257.37,15.06,41.24,0.33,-1,-1,-1
46,16,845.77,260.67,26.25,52.31,0.30,-1,-1,-1
46,10,921.93,253.60,17.66,43.15,0.24,-1,-1,-1
46,13,586.61,255.65,29.95,74.85,0.84,-1,-1,-1
47,1,286.31,249.43,70.48,179.66,0.90,-1,-1,-1
47,2,354.48,245.19,74.46,175.58,0.93,-1,-1,-1
47,3,850.95,262.41,70.10,202.90,0.91,-1,-1,-1
47,4,568.88,253.10,27.06,80.04,0.84,-1,-1,-1
47,6,219.06,262.03,39.63,101.69,0.89,-1,-1,-1
47,8,539.53,263.99,24.81,63.48,0.68,-1,-1,-1
47,9,269.55,248.50,27.51,75.63,0.78,-1,-1,-1
47,12,496.09,255.87,23.76,71.13,0.76,-1,-1,-1
47,14,1126.21,260.70,26.17,59.68,0.80,-1,-1,-1
47,11,1202.03,266.48,29.09,62.22,0.70,-1,-1,-1
47,7,1230.80,269.25,24.07,56.26,0.77,-1,-1,-1
47,15,797.72,257.41,14.60,40.79,0.42,-1,-1,-1
47,16,848.17,260.33,26.85,52.37,0.35,-1,-1,-1
47,10,920.17,251.98,17.87,44.96,0.35,-1,-1,-1
47,13,586.68,256.34,28.84,74.05,0.82,-1,-1,-1
47,17,254.47,255.15,18.90,48.15,0.70,-1,-1,-1
48,1,290.56,250.56,65.46,179.03,0.87,-1,-1,-1
48,2,354.80,246.13,74.13,174.47,0.93,-1,-1,-1
48,3,850.88,262.05,69.61,203.10,0.91,-1,-1,-1
48,4,568.62,252.55,26.90,78.88,0.83,-1,-1,-1
48,6,218.45,261.89,39.29,101.99,0.88,-1,-1,-1
48,8,538.84,262.99,25.03,63.94,0.67,-1,-1,-1
48,9,268.98,248.69,27.81,74.32,0.76,-1,-1,-1
48,12,495.84,255.61,23.57,71.43,0.75,-1,-1,-1
48,14,1125.95,260.42,26.87,59.82,0.80,-1,-1,-1
48,11,1202.68,266.26,27.78,61.84,0.69,-1,-1,-1
48,7,1230.94,269.00,23.62,55.94,0.79,-1,-1,-1
48,15,797.38,257.27,14.43,40.61,0.18,-1,-1,-1
48,16,851.36,260.50,26.46,51.76,0.60,-1,-1,-1
48,10,919.22,251.50,17.65,44.75,0.45,-1,-1,-1
48,13,586.94,256.32,30.72,74.01,0.82,-1,-1,-1
49,1,292.46,250.34,63.00,178.86,0.86,-1,-1,-1
49,2,355.28,246.75,73.71,175.02,0.93,-1,-1,-1
49,3,850.87,261.67,69.39,203.18,0.91,-1,-1,-1
49,4,567.97,252.21,27.45,78.45,0.85,-1,-1,-1
49,6,218.04,261.50,38.32,102.40,0.88,-1,-1,-1
49,8,538.31,262.17,25.11,64.43,0.69,-1,-1,-1
49,9,268.81,248.42,27.62,73.20,0.72,-1,-1,-1
49,12,496.08,254.77,23.48,71.84,0.76,-1,-1,-1
49,14,1125.84,260.84,27.13,58.98,0.81,-1,-1,-1
49,11,1204.16,266.13,26.06,62.00,0.67,-1,-1,-1
49,7,1231.00,268.85,23.45,55.82,0.80,-1,-1,-1
49,15,796.98,257.40,14.36,39.95,0.18,-1,-1,-1
49,16,853.67,258.93,25.67,53.96,0.42,-1,-1,-1
49,10,918.02,251.83,16.67,44.36,0.44,-1,-1,-1
49,13,587.05,256.32,31.40,73.69,0.86,-1,-1,-1
50,1,292.36,249.69,62.50,178.86,0.86,-1,-1,-1
50,2,355.35,247.16,74.17,174.67,0.93,-1,-1,-1
50,3,850.91,261.73,69.31,203.06,0.91,-1,-1,-1
50,4,567.78,251.54,27.06,80.09,0.83,-1,-1,-1
50,6,217.64,260.66,37.95,103.15,0.87,-1,-1,-1
50,8,537.57,262.06,25.14,64.62,0.72,-1,-1,-1
50,9,268.35,248.22,27.84,73.66,0.73,-1,-1,-1
50,12,496.51,254.50,22.85,71.99,0.75,-1,-1,-1
50,14,1126.44,260.92,27.21,58.96,0.80,-1,-1,-1
50,11,1202.94,265.54,26.64,62.65,0.70,-1,-1,-1
50,7,1230.48,268.56,23.39,56.37,0.80,-1,-1,-1
50,15,796.89,257.66,14.34,39.70,0.14,-1,-1,-1
50,16,856.59,259.46,25.98,55.94,0.52,-1,-1,-1
50,10,917.37,252.17,17.22,45.40,0.47,-1,-1,-1
50,13,587.69,256.08,31.07,73.85,0.85,-1,-1,-1
51,1,288.56,250.33,65.44,177.71,0.89,-1,-1,-1
51,2,355.63,246.55,73.77,174.88,0.93,-1,-1,-1
51,3,850.58,261.45,69.28,202.71,0.91,-1,-1,-1
51,4,567.37,251.28,26.33,81.59,0.85,-1,-1,-1
51,6,217.14,260.04,37.22,103.13,0.86,-1,-1,-1
51,8,537.24,261.87,24.57,65.00,0.67,-1,-1,-1
51,9,267.97,247.84,27.92,74.72,0.73,-1,-1,-1
51,12,496.63,254.54,22.61,71.45,0.72,-1,-1,-1
51,14,1126.04,260.78,28.39,59.25,0.73,-1,-1,-1
51,11,1203.06,265.15,26.85,62.60,0.72,-1,-1,-1
51,7,1230.24,268.42,23.37,56.58,0.82,-1,-1,-1
51,16,859.92,260.09,24.29,54.32,0.79,-1,-1,-1
51,10,915.91,252.28,17.41,42.84,0.20,-1,-1,-1
51,13,588.73,256.43,30.34,73.61,0.80,-1,-1,-1
52,1,286.12,250.87,66.83,175.84,0.92,-1,-1,-1
52,2,355.43,246.01,73.65,174.41,0.93,-1,-1,-1
52,3,849.88,261.03,69.88,202.89,0.91,-1,-1,-1
52,4,566.94,251.48,26.07,81.28,0.84,-1,-1,-1
52,6,216.87,259.08,36.73,104.01,0.86,-1,-1,-1
52,8,536.83,261.94,24.95,65.14,0.73,-1,-1,-1
52,9,267.66,247.56,27.65,75.71,0.77,-1,-1,-1
52,12,496.66,254.41,22.53,70.95,0.73,-1,-1,-1
52,14,1125.92,260.24,28.84,59.66,0.77,-1,-1,-1
52,11,1202.55,264.81,26.94,62.88,0.73,-1,-1,-1
52,7,1230.20,268.18,23.37,56.67,0.80,-1,-1,-1
52,16,862.59,260.32,23.02,52.45,0.79,-1,-1,-1
52,10,914.82,252.15,16.90,41.83,0.18,-1,-1,-1
52,13,589.41,257.29,29.45,72.62,0.76,-1,-1,-1
53,1,285.28,252.91,67.08,171.88,0.90,-1,-1,-1
53,2,355.45,245.70,73.61,173.36,0.93,-1,-1,-1
53,3,849.96,260.50,69.51,203.38,0.91,-1,-1,-1
53,4,566.87,252.21,25.38,80.55,0.85,-1,-1,-1
53,6,216.29,258.47,36.85,104.93,0.85,-1,-1,-1
53,8,536.76,261.73,24.50,65.20,0.70,-1,-1,-1
53,9,267.66,248.08,27.24,75.18,0.77,-1,-1,-1
53,12,497.36,254.41,21.90,70.45,0.75,-1,-1,-1
53,14,1125.90,260.26,28.99,59.51,0.78,-1,-1,-1
53,11,1202.39,264.77,26.97,62.98,0.74,-1,-1,-1
53,7,1230.21,268.17,23.37,56.69,0.80,-1,-1,-1
53,16,866.57,260.78,20.09,50.82,0.64,-1,-1,-1
53,10,913.60,251.42,17.61,43.58,0.21,-1,-1,-1
53,13,590.61,258.72,27.90,70.74,0.82,-1,-1,-1
54,1,284.98,250.19,66.60,173.78,0.93,-1,-1,-1
54,2,355.62,245.73,72.41,170.90,0.93,-1,-1,-1
54,3,850.30,261.21,68.76,201.79,0.91,-1,-1,-1
54,4,565.95,254.88,25.75,76.69,0.87,-1,-1,-1
54,6,216.91,260.03,35.63,102.31,0.89,-1,-1,-1
54,8,536.46,260.62,24.93,64.63,0.84,-1,-1,-1
54,9,268.28,247.70,27.68,76.15,0.85,-1,-1,-1
54,12,497.93,255.18,21.66,69.07,0.75,-1,-1,-1
54,14,1126.48,260.29,27.87,58.86,0.79,-1,-1,-1
54,11,1203.54,265.07,25.79,62.13,0.74,-1,-1,-1
54,7,1230.23,268.03,23.37,57.59,0.81,-1,-1,-1
54,16,869.74,260.35,20.99,55.06,0.72,-1,-1,-1
54,10,912.60,251.61,17.27,41.86,0.46,-1,-1,-1
54,13,590.73,256.71,27.91,73.64,0.87,-1,-1,-1
54,18,329.40,253.57,21.60,54.00,0.73,-1,-1,-1
55,1,284.85,247.84,66.15,175.12,0.93,-1,-1,-1
55,2,355.38,244.54,72.28,169.42,0.94,-1,-1,-1
55,3,850.43,261.02,68.49,201.63,0.91,-1,-1,-1
55,4,565.62,255.75,25.29,74.62,0.87,-1,-1,-1
55,6,216.85,260.49,35.48,101.59,0.89,-1,-1,-1
55,8,536.34,260.20,25.09,64.41,0.85,-1,-1,-1
55,9,268.50,247.71,27.85,76.50,0.85,-1,-1,-1
55,12,498.13,255.46,21.58,68.86,0.75,-1,-1,-1
55,14,1126.70,260.14,27.40,58.91,0.81,-1,-1,-1
55,11,1203.37,265.17,26.56,61.80,0.74,-1,-1,-1
55,7,1230.24,267.97,23.37,57.93,0.81,-1,-1,-1
55,16,872.59,260.33,20.66,53.96,0.46,-1,-1,-1
55,10,910.46,251.23,18.34,43.91,0.48,-1,-1,-1
55,13,591.04,255.68,27.91,74.69,0.86,-1,-1,-1
55,18,329.04,253.22,21.96,54.36,0.72,-1,-1,-1
56,1,284.67,246.53,66.30,174.47,0.93,-1,-1,-1
56,2,355.45,243.06,71.96,168.90,0.94,-1,-1,-1
56,3,850.17,260.82,68.39,201.71,0.92,-1,-1,-1
56,4,565.22,255.91,25.13,74.18,0.85,-1,-1,-1
56,6,216.46,260.69,35.97,101.33,0.89,-1,-1,-1
56,8,536.01,260.06,25.75,64.33,0.86,-1,-1,-1
56,9,268.30,247.73,28.21,75.74,0.85,-1,-1,-1
56,12,498.20,255.58,21.55,68.18,0.74,-1,-1,-1
56,14,1126.78,259.78,27.22,59.22,0.82,-1,-1,-1
56,11,1203.89,265.21,25.65,61.68,0.74,-1,-1,-1
56,7,1230.23,267.94,23.38,58.05,0.82,-1,-1,-1
56,10,908.81,251.09,19.61,44.94,0.56,-1,-1,-1
56,13,592.03,256.17,27.32,73.91,0.87,-1,-1,-1
56,18,329.49,253.33,21.34,53.39,0.59,-1,-1,-1
57,1,283.44,244.68,67.56,174.86,0.93,-1,-1,-1
57,2,355.50,242.35,71.84,167.86,0.94,-1,-1,-1
57,3,850.41,261.20,68.36,201.31,0.92,-1,-1,-1
57,4,564.81,256.26,25.09,72.54,0.85,-1,-1,-1
57,6,215.53,260.29,37.12,102.13,0.88,-1,-1,-1
57,8,536.22,259.87,25.41,64.31,0.83,-1,-1,-1
57,9,268.39,247.42,28.63,76.32,0.85,-1,-1,-1
57,12,498.85,256.51,20.95,67.34,0.72,-1,-1,-1
57,14,1128.63,259.23,25.95,59.64,0.80,-1,-1,-1
57,11,1202.93,265.25,26.51,61.93,0.74,-1,-1,-1
57,7,1230.28,267.96,23.38,58.39,0.81,-1,-1,-1
57,10,907.38,250.77,20.38,45.33,0.51,-1,-1,-1
57,13,592.40,256.37,27.09,73.90,0.87,-1,-1,-1
57,18,329.48,253.01,21.84,55.18,0.55,-1,-1,-1
58,1,282.29,243.71,69.50,174.43,0.93,-1,-1,-1
58,2,355.71,242.11,71.80,166.90,0.94,-1,-1,-1
58,3,850.50,261.24,68.33,201.60,0.92,-1,-1,-1
58,4,564.70,255.94,25.67,72.55,0.86,-1,-1,-1
58,6,215.01,260.30,37.92,102.72,0.89,-1,-1,-1
58,8,536.33,260.42,25.27,64.30,0.82,-1,-1,-1
58,9,268.77,247.61,28.49,75.64,0.84,-1,-1,-1
58,12,498.50,256.58,21.32,67.64,0.72,-1,-1,-1
58,14,1129.91,259.98,25.45,59.50,0.78,-1,-1,-1
58,11,1202.55,266.08,28.00,61.14,0.62,-1,-1,-1
58,7,1230.27,268.33,23.37,57.92,0.81,-1,-1,-1
58,10,906.86,250.99,20.10,43.71,0.64,-1,-1,-1
58,13,593.14,256.62,27.60,73.88,0.88,-1,-1,-1
58,18,329.16,252.24,22.00,60.07,0.47,-1,-1,-1
59,1,282.41,243.98,69.96,173.41,0.91,-1,-1,-1
59,2,355.90,243.24,72.41,164.80,0.94,-1,-1,-1
59,3,850.53,261.55,68.33,201.42,0.92,-1,-1,-1
59,4,564.35,256.42,25.90,71.68,0.88,-1,-1,-1
59,6,214.71,260.47,38.45,102.95,0.88,-1,-1,-1
59,8,536.36,260.94,25.22,64.01,0.84,-1,-1,-1
59,9,269.03,247.85,28.14,74.78,0.82,-1,-1,-1
59,12,498.95,256.91,20.87,67.76,0.74,-1,-1,-1
59,14,1131.59,261.28,24.07,58.55,0.74,-1,-1,-1
59,11,1203.60,266.36,27.40,60.84,0.63,-1,-1,-1
59,7,1230.89,268.74,23.38,57.74,0.81,-1,-1,-1
59,10,906.41,251.22,19.68,43.37,0.60,-1,-1,-1
59,13,593.66,257.16,27.20,73.88,0.89,-1,-1,-1
59,18,329.18,252.01,23.02,62.65,0.67,-1,-1,-1
60,1,282.63,243.93,69.85,173.06,0.92,-1,-1,-1
60,2,355.24,244.70,73.55,163.45,0.94,-1,-1,-1
60,3,850.85,261.48,68.35,202.10,0.91,-1,-1,-1
60,4,564.24,257.47,26.00,70.48,0.83,-1,-1,-1
60,6,213.59,260.67,39.83,102.74,0.87,-1,-1,-1
60,8,536.39,261.11,25.20,64.20,0.78,-1,-1,-1
60,9,269.14,247.33,28.30,76.24,0.81,-1,-1,-1
60,12,499.42,257.15,20.71,68.41,0.73,-1,-1,-1
60,14,1132.82,262.18,23.56,57.89,0.67,-1,-1,-1
60,11,1205.81,266.86,25.97,60.13,0.56,-1,-1,-1
60,7,1231.13,268.85,23.38,57.37,0.81,-1,-1,-1
60,10,906.60,251.56,19.22,42.65,0.64,-1,-1,-1
60,13,594.15,257.64,26.45,73.87,0.88,-1,-1,-1
60,18,329.82,251.15,23.38,61.99,0.56,-1,-1,-1
61,1,283.14,244.82,69.51,172.37,0.92,-1,-1,-1
61,2,354.97,245.99,73.99,162.11,0.93,-1,-1,-1
61,3,851.00,261.45,68.36,202.38,0.91,-1,-1,-1
61,4,564.21,257.54,26.04,70.07,0.84,-1,-1,-1
61,6,212.69,260.74,40.94,102.97,0.87,-1,-1,-1
61,8,536.40,261.62,25.20,64.28,0.78,-1,-1,-1
61,9,269.29,246.98,28.36,76.49,0.84,-1,-1,-1
61,12,499.88,257.37,20.66,68.67,0.71,-1,-1,-1
61,14,1135.13,262.51,23.38,57.36,0.63,-1,-1,-1
61,11,1207.94,266.60,25.42,60.48,0.49,-1,-1,-1
61,7,1231.29,269.18,23.39,57.23,0.77,-1,-1,-1
61,10,906.15,252.30,19.64,44.19,0.71,-1,-1,-1
61,13,594.30,257.51,26.78,75.05,0.89,-1,-1,-1
61,18,330.80,250.38,23.49,62.55,0.69,-1,-1,-1
61,19,252.90,256.27,18.90,49.50,0.70,-1,-1,-1
62,1,283.56,245.34,69.36,172.13,0.93,-1,-1,-1
62,2,354.20,246.80,75.03,163.44,0.93,-1,-1,-1
62,3,851.36,261.50,68.35,202.76,0.91,-1,-1,-1
62,4,564.25,257.59,25.46,70.54,0.86,-1,-1,-1
62,6,212.88,261.23,40.77,103.04,0.88,-1,-1,-1
62,8,536.75,262.15,25.19,64.01,0.81,-1,-1,-1
62,9,269.72,246.87,29.26,76.87,0.82,-1,-1,-1
62,12,500.39,258.08,20.64,68.47,0.72,-1,-1,-1
62,14,1137.73,262.54,22.11,57.16,0.69,-1,-1,-1
62,11,1209.26,267.31,25.22,59.72,0.61,-1,-1,-1
62,7,1232.50,269.97,22.20,56.58,0.79,-1,-1,-1
62,10,905.42,252.03,20.96,47.39,0.63,-1,-1,-1
62,13,594.97,258.10,26.90,75.19,0.89,-1,-1,-1
62,18,331.38,249.53,23.82,65.40,0.66,-1,-1,-1
62,19,253.51,256.48,18.54,48.78,0.60,-1,-1,-1
63,1,284.16,247.09,69.03,169.97,0.93,-1,-1,-1
63,2,353.16,247.58,76.33,163.37,0.92,-1,-1,-1
63,3,851.49,261.81,68.37,202.90,0.91,-1,-1,-1
63,4,564.58,258.52,25.24,69.83,0.85,-1,-1,-1
63,6,212.60,261.32,41.06,103.06,0.88,-1,-1,-1
63,8,537.47,262.52,24.60,63.61,0.80,-1,-1,-1
63,9,270.17,247.03,29.90,78.19,0.82,-1,-1,-1
63,12,500.86,258.82,20.64,67.50,0.70,-1,-1,-1
63,14,1139.89,263.27,20.42,56.49,0.68,-1,-1,-1
63,11,1209.14,267.40,25.16,59.73,0.70,-1,-1,-1
63,7,1233.57,270.39,21.75,56.34,0.82,-1,-1,-1
63,10,904.59,252.07,22.61,52.93,0.53,-1,-1,-1
63,13,595.79,258.34,26.95,75.83,0.88,-1,-1,-1
63,18,332.02,249.57,24.24,67.31,0.61,-1,-1,-1
63,19,253.99,256.55,18.82,47.94,0.51,-1,-1,-1
64,1,284.67,248.91,68.59,168.58,0.93,-1,-1,-1
64,2,352.02,247.68,77.10,163.08,0.93,-1,-1,-1
64,3,851.50,262.22,68.36,202.95,0.91,-1,-1,-1
64,4,564.38,259.13,25.77,69.59,0.87,-1,-1,-1
64,6,212.41,261.17,41.67,103.37,0.88,-1,-1,-1
64,8,537.42,262.64,24.97,63.46,0.78,-1,-1,-1
64,9,270.90,247.21,30.13,80.15,0.83,-1,-1,-1
64,12,501.00,258.91,20.64,67.73,0.75,-1,-1,-1
64,14,1140.55,263.39,21.08,56.85,0.64,-1,-1,-1
64,11,1209.62,267.44,25.14,59.75,0.73,-1,-1,-1
64,7,1233.90,270.55,21.58,56.24,0.82,-1,-1,-1
64,10,904.53,258.42,26.95,54.51,0.64,-1,-1,-1
64,13,596.64,258.55,27.56,76.06,0.88,-1,-1,-1
64,18,332.68,250.30,23.78,68.87,0.55,-1,-1,-1
64,19,253.06,257.41,19.61,47.67,0.50,-1,-1,-1
65,1,285.15,249.75,68.74,167.50,0.93,-1,-1,-1
65,2,351.14,247.72,76.81,162.41,0.92,-1,-1,-1
65,3,851.82,262.66,68.97,202.98,0.92,-1,-1,-1
65,4,564.02,259.65,26.56,69.53,0.88,-1,-1,-1
65,6,213.22,261.72,41.02,102.89,0.88,-1,-1,-1
65,8,537.70,262.53,25.12,63.71,0.82,-1,-1,-1
65,9,271.61,247.59,30.22,80.89,0.85,-1,-1,-1
65,12,501.05,258.65,21.25,68.13,0.76,-1,-1,-1
65,14,1141.42,263.85,22.52,56.10,0.68,-1,-1,-1
65,11,1207.44,267.72,27.53,60.36,0.74,-1,-1,-1
65,7,1234.67,270.87,21.54,56.22,0.81,-1,-1,-1
65,10,907.00,262.18,29.46,53.69,0.33,-1,-1,-1
65,13,597.84,259.07,27.21,75.85,0.88,-1,-1,-1
65,18,333.81,251.50,23.60,68.24,0.58,-1,-1,-1
65,19,253.23,257.69,20.18,48.29,0.49,-1,-1,-1
66,1,285.95,250.17,68.48,166.54,0.93,-1,-1,-1
66,2,350.24,247.54,73.70,161.60,0.90,-1,-1,-1
66,3,851.64,263.44,69.77,202.39,0.91,-1,-1,-1
66,4,563.90,260.27,26.26,69.82,0.88,-1,-1,-1
66,6,213.57,262.03,41.34,102.41,0.88,-1,-1,-1
66,8,538.11,262.92,25.16,63.81,0.83,-1,-1,-1
66,9,271.75,248.58,30.83,80.27,0.82,-1,-1,-1
66,12,501.07,258.22,21.47,68.88,0.77,-1,-1,-1
66,14,1142.88,264.52,23.05,55.52,0.33,-1,-1,-1
66,11,1206.05,268.03,29.55,60.59,0.77,-1,-1,-1
66,7,1235.52,271.20,21.52,56.21,0.80,-1,-1,-1
66,13,598.87,259.56,27.06,75.46,0.88,-1,-1,-1
66,18,334.24,251.65,24.11,69.99,0.53,-1,-1,-1
66,19,253.48,258.05,20.04,47.53,0.30,-1,-1,-1
66,16,904.94,254.06,17.61,43.49,0.74,-1,-1,-1
67,1,288.17,250.37,67.21,165.59,0.93,-1,-1,-1
67,2,349.61,247.36,74.03,160.40,0.91,-1,-1,-1
67,3,851.53,264.01,70.10,202.44,0.91,-1,-1,-1
67,4,563.84,260.36,25.56,69.34,0.87,-1,-1,-1
67,6,214.07,262.36,40.94,102.51,0.89,-1,-1,-1
67,8,538.54,263.54,24.60,63.54,0.82,-1,-1,-1
67,9,272.08,249.61,30.76,79.41,0.87,-1,-1,-1
67,12,501.05,257.94,22.15,69.75,0.77,-1,-1,-1
67,14,1142.15,265.15,25.63,56.21,0.68,-1,-1,-1
67,11,1205.43,268.22,30.35,60.97,0.80,-1,-1,-1
67,7,1235.75,271.54,21.52,55.91,0.81,-1,-1,-1
67,13,599.21,259.75,27.61,75.00,0.87,-1,-1,-1
67,18,334.97,251.91,24.31,69.44,0.49,-1,-1,-1
67,19,256.56,257.41,19.02,48.54,0.46,-1,-1,-1
67,16,905.73,253.63,16.86,44.10,0.67,-1,-1,-1
68,1,290.02,250.11,65.84,165.28,0.93,-1,-1,-1
68,2,349.06,246.96,74.15,159.99,0.92,-1,-1,-1
68,3,851.76,264.19,70.51,202.46,0.91,-1,-1,-1
68,4,563.50,260.65,25.30,68.28,0.87,-1,-1,-1
68,6,214.69,262.60,40.64,102.55,0.89,-1,-1,-1
68,8,538.38,264.33,24.38,62.85,0.82,-1,-1,-1
68,9,272.47,249.97,30.73,79.96,0.86,-1,-1,-1
68,12,501.01,257.95,22.41,69.78,0.79,-1,-1,-1
68,14,1141.86,266.09,27.73,55.58,0.74,-1,-1,-1
68,11,1205.17,268.41,30.66,61.12,0.80,-1,-1,-1
68,7,1236.42,271.78,21.53,56.09,0.80,-1,-1,-1
68,13,599.59,260.38,27.82,74.52,0.88,-1,-1,-1
68,18,335.50,251.99,25.56,72.41,0.46,-1,-1,-1
68,19,257.65,257.93,18.32,47.66,0.36,-1,-1,-1
68,16,905.70,253.49,16.95,44.22,0.62,-1,-1,-1
69,1,291.45,250.03,64.43,164.92,0.92,-1,-1,-1
69,2,349.48,246.39,72.12,159.89,0.92,-1,-1,-1
69,3,852.51,264.47,70.66,202.95,0.91,-1,-1,-1
69,4,563.42,260.49,25.20,68.21,0.87,-1,-1,-1
69,6,215.06,263.01,40.81,102.29,0.89,-1,-1,-1
69,8,538.64,264.97,24.30,62.31,0.84,-1,-1,-1
69,9,273.34,250.27,30.12,80.46,0.86,-1,-1,-1
69,12,501.02,258.59,22.50,69.21,0.78,-1,-1,-1
69,14,1142.97,266.67,27.43,55.36,0.75,-1,-1,-1
69,11,1205.20,269.17,30.76,60.89,0.80,-1,-1,-1
69,7,1236.78,272.26,21.54,56.48,0.81,-1,-1,-1
69,13,599.75,260.37,28.48,74.95,0.89,-1,-1,-1
69,18,337.00,252.93,24.86,71.48,0.47,-1,-1,-1
69,19,258.94,257.99,17.44,48.27,0.48,-1,-1,-1
69,16,905.40,253.52,16.99,44.59,0.60,-1,-1,-1
70,1,292.44,249.96,63.31,163.61,0.92,-1,-1,-1
70,2,350.14,246.29,70.43,158.37,0.93,-1,-1,-1
70,3,852.77,264.86,70.69,203.41,0.91,-1,-1,-1
70,4,563.40,260.25,25.16,69.39,0.88,-1,-1,-1
70,6,215.76,263.42,40.34,102.18,0.90,-1,-1,-1
70,8,539.05,265.63,24.27,62.10,0.82,-1,-1,-1
70,9,273.99,250.80,29.87,80.93,0.86,-1,-1,-1
70,12,501.03,258.95,22.53,68.98,0.75,-1,-1,-1
70,14,1144.49,267.18,27.28,56.77,0.69,-1,-1,-1
70,11,1205.73,269.90,30.78,60.50,0.72,-1,-1,-1
70,7,1237.43,272.89,21.54,56.62,0.80,-1,-1,-1
70,13,599.49,260.04,29.90,75.99,0.89,-1,-1,-1
70,18,337.60,253.42,25.15,70.44,0.50,-1,-1,-1
70,19,259.87,258.59,16.82,47.88,0.51,-1,-1,-1
70,16,905.16,253.54,17.00,45.35,0.50,-1,-1,-1
71,1,293.20,249.92,62.01,161.65,0.93,-1,-1,-1
71,2,350.97,246.84,67.41,156.92,0.93,-1,-1,-1
71,3,852.81,265.11,70.71,203.42,0.91,-1,-1,-1
71,4,563.07,259.68,25.15,70.43,0.87,-1,-1,-1
71,6,215.48,263.72,41.28,101.84,0.90,-1,-1,-1
71,8,540.05,266.29,23.67,62.03,0.84,-1,-1,-1
71,9,274.35,251.13,30.37,80.80,0.84,-1,-1,-1
71,12,501.28,259.81,22.54,68.59,0.74,-1,-1,-1
71,14,1145.56,267.15,27.21,57.30,0.65,-1,-1,-1
71,11,1206.46,270.55,29.60,59.75,0.72,-1,-1,-1
71,7,1237.59,273.65,21.55,56.07,0.83,-1,-1,-1
71,13,599.06,259.88,31.02,77.26,0.89,-1,-1,-1
71,18,337.33,253.15,25.26,70.29,0.67,-1,-1,-1
71,19,260.61,258.79,17.24,48.65,0.55,-1,-1,-1
71,16,904.64,253.82,17.62,46.54,0.55,-1,-1,-1
72,1,294.17,249.75,60.65,160.65,0.93,-1,-1,-1
72,2,351.25,247.65,65.71,156.42,0.93,-1,-1,-1
72,3,853.10,265.48,71.01,203.13,0.91,-1,-1,-1
72,4,562.62,260.05,25.16,70.54,0.87,-1,-1,-1
72,6,215.70,264.12,41.41,101.71,0.90,-1,-1,-1
72,8,540.39,266.68,23.44,62.01,0.85,-1,-1,-1
72,9,274.43,251.40,30.86,81.62,0.83,-1,-1,-1
72,12,501.64,260.42,22.54,68.45,0.77,-1,-1,-1
72,14,1146.52,267.12,27.17,57.80,0.71,-1,-1,-1
72,11,1207.33,270.62,29.13,60.07,0.76,-1,-1,-1
72,7,1238.22,273.91,21.56,55.87,0.83,-1,-1,-1
72,13,598.84,260.11,32.03,78.04,0.89,-1,-1,-1
72,18,337.02,253.20,25.59,70.50,0.75,-1,-1,-1
72,19,260.81,259.32,17.09,48.93,0.58,-1,-1,-1
72,16,903.50,254.07,17.86,48.19,0.52,-1,-1,-1
73,1,295.02,250.54,59.87,159.12,0.93,-1,-1,-1
73,2,351.28,248.66,64.81,155.97,0.93,-1,-1,-1
73,3,853.57,265.91,71.41,203.02,0.91,-1,-1,-1
73,4,562.83,260.60,24.56,69.99,0.87,-1,-1,-1
73,6,216.44,264.22,41.15,101.67,0.90,-1,-1,-1
73,8,540.58,266.93,23.36,61.72,0.82,-1,-1,-1
73,9,274.96,251.30,31.62,82.81,0.83,-1,-1,-1
73,12,501.84,261.06,22.54,68.10,0.76,-1,-1,-1
73,14,1148.10,267.69,27.14,57.40,0.75,-1,-1,-1
73,11,1207.73,270.81,30.14,60.79,0.76,-1,-1,-1
73,7,1238.52,274.02,21.56,56.39,0.83,-1,-1,-1
73,13,599.39,260.17,32.41,78.62,0.90,-1,-1,-1
73,18,337.70,254.21,24.52,69.67,0.43,-1,-1,-1
73,19,261.06,259.76,17.34,49.34,0.51,-1,-1,-1
73,16,903.67,254.32,17.35,49.10,0.42,-1,-1,-1
73,20,943.20,267.07,36.00,55.80,0.70,-1,-1,-1
74,1,295.77,250.99,59.00,158.29,0.93,-1,-1,-1
74,2,351.75,249.63,63.60,156.13,0.93,-1,-1,-1
74,3,854.34,266.06,71.55,202.98,0.92,-1,-1,-1
74,4,562.93,260.52,24.94,71.58,0.87,-1,-1,-1
74,6,217.33,264.41,41.05,101.96,0.90,-1,-1,-1
74,8,540.95,267.17,23.34,62.21,0.78,-1,-1,-1
74,9,275.75,251.26,31.03,82.96,0.85,-1,-1,-1
74,12,502.21,261.45,22.53,67.67,0.70,-1,-1,-1
74,14,1151.04,268.19,25.95,57.54,0.76,-1,-1,-1
74,11,1209.64,271.16,29.34,61.95,0.74,-1,-1,-1
74,7,1239.22,274.78,21.56,55.70,0.81,-1,-1,-1
74,13,599.90,260.64,32.54,78.83,0.90,-1,-1,-1
74,18,339.00,255.64,23.80,68.72,0.37,-1,-1,-1
74,19,261.45,260.38,17.14,47.70,0.48,-1,-1,-1
74,16,903.99,256.49,16.55,45.92,0.13,-1,-1,-1
74,20,949.76,266.25,37.44,56.16,0.60,-1,-1,-1
75,1,296.75,251.18,58.12,158.32,0.93,-1,-1,-1
75,2,351.91,251.06,63.81,155.62,0.92,-1,-1,-1
75,3,855.21,266.41,71.02,203.26,0.92,-1,-1,-1
75,4,563.25,260.64,25.09,72.46,0.87,-1,-1,-1
75,6,218.45,264.65,40.49,102.37,0.91,-1,-1,-1
75,8,541.36,267.26,23.34,62.40,0.72,-1,-1,-1
75,9,276.46,250.97,31.38,83.58,0.84,-1,-1,-1
75,12,502.63,262.35,22.53,66.32,0.68,-1,-1,-1
75,14,1152.72,268.36,25.47,58.19,0.79,-1,-1,-1
75,11,1210.97,271.71,29.02,62.98,0.72,-1,-1,-1
75,7,1240.06,275.50,21.57,55.44,0.80,-1,-1,-1
75,13,600.35,261.27,32.00,78.60,0.90,-1,-1,-1
75,18,339.89,257.10,23.53,68.34,0.38,-1,-1,-1
75,19,261.84,261.08,17.07,47.06,0.52,-1,-1,-1
75,20,952.39,266.10,40.45,56.23,0.67,-1,-1,-1
76,1,297.42,253.02,57.82,156.55,0.93,-1,-1,-1
76,2,352.31,251.87,64.22,155.73,0.93,-1,-1,-1
76,3,855.51,266.50,70.81,203.93,0.92,-1,-1,-1
76,4,563.09,261.40,25.15,72.20,0.86,-1,-1,-1
76,6,219.07,265.02,40.58,102.81,0.90,-1,-1,-1
76,8,541.82,267.71,23.34,62.17,0.75,-1,-1,-1
76,9,277.21,250.70,31.81,84.39,0.82,-1,-1,-1
76,12,502.80,263.10,22.53,66.11,0.63,-1,-1,-1
76,14,1154.44,268.81,25.30,57.83,0.78,-1,-1,-1
76,11,1211.39,273.19,28.89,61.30,0.74,-1,-1,-1
76,7,1240.89,276.00,21.57,55.34,0.81,-1,-1,-1
76,13,600.52,263.55,32.36,76.71,0.89,-1,-1,-1
76,18,341.44,257.77,23.13,68.18,0.57,-1,-1,-1
76,19,262.02,261.92,17.05,46.23,0.38,-1,-1,-1
76,20,956.60,266.86,37.50,56.94,0.67,-1,-1,-1
77,1,298.18,254.95,57.46,154.75,0.92,-1,-1,-1
77,2,353.44,252.49,63.82,155.22,0.93,-1,-1,-1
77,3,856.23,267.14,70.75,204.21,0.92,-1,-1,-1
77,4,563.31,263.20,24.58,70.62,0.87,-1,-1,-1
77,6,219.65,265.35,40.32,102.98,0.90,-1,-1,-1
77,8,542.55,268.35,22.76,61.20,0.70,-1,-1,-1
77,9,278.14,251.52,32.27,84.10,0.82,-1,-1,-1
77,12,503.41,264.45,22.53,63.06,0.54,-1,-1,-1
77,14,1157.49,269.12,24.04,58.29,0.81,-1,-1,-1
77,11,1211.01,273.45,30.04,62.44,0.78,-1,-1,-1
77,7,1241.86,276.48,21.58,55.61,0.83,-1,-1,-1
77,13,600.85,264.74,31.91,75.69,0.89,-1,-1,-1
77,18,341.48,256.86,23.59,69.30,0.65,-1,-1,-1
77,19,262.59,262.72,16.75,45.33,0.41,-1,-1,-1
77,20,960.01,267.45,36.31,58.85,0.75,-1,-1,-1
78,1,298.57,255.91,57.02,153.82,0.92,-1,-1,-1
78,2,354.45,252.98,63.06,154.45,0.92,-1,-1,-1
78,3,856.72,268.16,70.98,204.16,0.92,-1,-1,-1
78,4,563.36,264.17,24.36,69.42,0.86,-1,-1,-1
78,6,219.92,265.71,40.73,103.05,0.88,-1,-1,-1
78,8,542.47,268.72,23.13,61.73,0.81,-1,-1,-1
78,9,278.76,252.82,32.42,83.38,0.80,-1,-1,-1
78,12,503.61,265.23,22.52,63.74,0.60,-1,-1,-1
78,14,1159.11,269.48,23.56,58.46,0.83,-1,-1,-1
78,11,1210.78,273.80,30.46,62.27,0.79,-1,-1,-1
78,7,1242.12,276.90,21.58,56.01,0.81,-1,-1,-1
78,13,601.22,266.08,30.52,74.71,0.89,-1,-1,-1
78,18,343.24,257.65,22.27,67.65,0.51,-1,-1,-1
78,19,263.22,262.95,16.34,46.21,0.35,-1,-1,-1
78,20,964.22,268.33,35.94,59.47,0.77,-1,-1,-1
79,1,299.27,256.64,56.02,153.52,0.92,-1,-1,-1
79,2,354.96,253.37,63.14,153.59,0.93,-1,-1,-1
79,3,857.54,268.82,70.52,203.85,0.92,-1,-1,-1
79,4,563.40,265.01,24.29,68.38,0.88,-1,-1,-1
79,6,220.14,266.40,41.20,102.78,0.88,-1,-1,-1
79,8,542.45,269.20,23.29,61.94,0.83,-1,-1,-1
79,9,279.70,254.45,31.02,81.90,0.82,-1,-1,-1
79,12,503.68,266.15,22.53,64.60,0.65,-1,-1,-1
79,14,1161.54,269.67,22.19,58.52,0.84,-1,-1,-1
79,11,1210.18,273.82,31.80,63.98,0.83,-1,-1,-1
79,7,1242.89,276.80,21.59,56.46,0.82,-1,-1,-1
79,13,602.26,266.74,30.00,74.65,0.90,-1,-1,-1
79,18,344.63,257.28,22.08,68.19,0.47,-1,-1,-1
79,19,263.87,262.39,16.50,47.74,0.36,-1,-1,-1
79,20,968.76,269.36,35.86,59.65,0.82,-1,-1,-1
79,15,798.29,267.73,16.19,40.94,0.69,-1,-1,-1
80,1,299.68,257.37,55.93,152.84,0.92,-1,-1,-1
80,2,354.86,253.99,63.15,152.39,0.91,-1,-1,-1
80,3,858.08,269.35,70.59,204.01,0.93,-1,-1,-1
80,4,563.10,265.39,24.26,68.29,0.87,-1,-1,-1
80,6,220.69,267.11,41.64,102.66,0.88,-1,-1,-1
80,8,542.72,269.00,23.33,62.61,0.82,-1,-1,-1
80,9,280.06,255.23,30.14,81.93,0.83,-1,-1,-1
80,12,504.29,267.15,21.92,60.77,0.57,-1,-1,-1
80,14,1163.49,270.38,21.67,58.24,0.85,-1,-1,-1
80,11,1210.41,274.19,32.29,64.90,0.86,-1,-1,-1
80,7,1243.04,277.72,21.58,56.33,0.82,-1,-1,-1
80,13,602.61,266.46,30.39,75.82,0.90,-1,-1,-1
80,18,344.98,257.62,22.60,68.09,0.52,-1,-1,-1
80,19,264.87,263.07,16.85,48.31,0.40,-1,-1,-1
80,20,973.27,269.27,34.57,59.98,0.73,-1,-1,-1
80,15,797.75,268.25,16.22,40.96,0.52,-1,-1,-1
81,1,300.67,258.24,54.44,149.63,0.92,-1,-1,-1
81,2,354.93,253.77,63.49,151.37,0.92,-1,-1,-1
81,3,858.57,269.65,70.34,203.93,0.92,-1,-1,-1
81,4,562.98,265.96,24.85,67.98,0.88,-1,-1,-1
81,6,221.51,267.83,41.31,102.63,0.89,-1,-1,-1
81,8,542.80,269.20,23.96,63.46,0.85,-1,-1,-1
81,9,281.04,256.42,28.92,81.64,0.85,-1,-1,-1
81,12,505.09,267.79,21.09,57.17,0.55,-1,-1,-1
81,14,1164.78,271.03,21.51,58.43,0.85,-1,-1,-1
81,11,1209.96,274.55,33.65,65.84,0.88,-1,-1,-1
81,7,1243.72,278.14,21.59,56.58,0.82,-1,-1,-1
81,13,602.72,266.63,30.54,76.86,0.89,-1,-1,-1
81,18,345.80,258.05,22.51,68.05,0.67,-1,-1,-1
81,19,265.64,263.78,16.40,48.24,0.43,-1,-1,-1
81,20,976.60,270.85,36.67,58.86,0.68,-1,-1,-1
81,15,797.26,268.56,16.23,41.27,0.61,-1,-1,-1
82,1,300.53,258.95,54.21,150.29,0.92,-1,-1,-1
82,2,355.07,253.93,61.54,150.12,0.91,-1,-1,-1
82,3,859.01,270.20,69.93,204.05,0.92,-1,-1,-1
82,4,563.21,266.13,24.48,67.57,0.88,-1,-1,-1
82,6,222.08,268.50,41.01,102.61,0.90,-1,-1,-1
82,8,543.09,269.99,23.60,62.90,0.84,-1,-1,-1
82,9,282.12,256.21,28.77,82.72,0.86,-1,-1,-1
82,12,505.35,268.13,20.78,57.45,0.52,-1,-1,-1
82,14,1165.76,271.58,22.68,59.10,0.83,-1,-1,-1
82,11,1210.32,275.44,32.99,65.60,0.86,-1,-1,-1
82,7,1243.92,278.91,21.58,56.68,0.82,-1,-1,-1
82,13,602.72,266.95,30.59,77.26,0.90,-1,-1,-1
82,18,346.20,258.61,22.77,68.32,0.51,-1,-1,-1
82,19,266.18,264.74,16.23,47.32,0.42,-1,-1,-1
82,20,981.88,270.36,37.39,61.47,0.80,-1,-1,-1
82,15,796.74,268.80,16.23,41.38,0.23,-1,-1,-1
83,1,300.82,259.87,53.83,149.66,0.91,-1,-1,-1
83,2,355.02,253.92,61.11,149.38,0.91,-1,-1,-1
83,3,859.48,270.66,70.06,203.78,0.92,-1,-1,-1
83,4,563.04,265.98,24.93,67.42,0.88,-1,-1,-1
83,6,222.94,269.40,40.30,102.31,0.90,-1,-1,-1
83,8,543.23,270.67,23.45,62.98,0.83,-1,-1,-1
83,9,282.70,256.20,29.02,84.01,0.85,-1,-1,-1
83,12,505.78,268.49,20.67,58.78,0.39,-1,-1,-1
83,14,1166.67,272.07,24.28,59.34,0.83,-1,-1,-1
83,11,1209.87,275.76,33.89,65.78,0.87,-1,-1,-1
83,7,1244.57,279.18,21.58,57.30,0.83,-1,-1,-1
83,13,603.04,266.87,30.01,77.70,0.90,-1,-1,-1
83,18,347.43,259.94,22.27,67.53,0.26,-1,-1,-1
83,19,266.26,265.32,16.16,46.06,0.41,-1,-1,-1
83,20,989.14,270.30,35.26,63.00,0.81,-1,-1,-1
83,15,796.57,269.14,16.22,41.72,0.22,-1,-1,-1
84,1,300.81,259.43,53.77,149.49,0.92,-1,-1,-1
84,2,355.06,254.32,59.52,148.56,0.91,-1,-1,-1
84,3,860.30,271.26,69.59,203.87,0.92,-1,-1,-1
84,4,563.26,266.13,24.53,67.39,0.87,-1,-1,-1
84,6,223.44,270.04,40.36,102.21,0.91,-1,-1,-1
84,8,543.26,271.14,23.42,62.72,0.83,-1,-1,-1
84,9,283.10,256.47,29.14,85.09,0.85,-1,-1,-1
84,12,505.90,268.83,21.26,60.20,0.50,-1,-1,-1
84,14,1167.72,272.59,26.07,59.44,0.83,-1,-1,-1
84,11,1209.86,276.35,34.24,65.26,0.87,-1,-1,-1
84,7,1244.96,279.60,21.60,57.25,0.84,-1,-1,-1
84,13,603.74,267.47,29.21,77.28,0.91,-1,-1,-1
84,18,348.53,260.71,23.00,66.94,0.32,-1,-1,-1
84,19,266.48,266.27,16.16,45.60,0.48,-1,-1,-1
84,20,994.85,270.66,33.23,62.68,0.82,-1,-1,-1
84,15,796.85,270.01,15.64,41.25,0.26,-1,-1,-1
85,1,300.83,258.64,53.77,148.88,0.92,-1,-1,-1
85,2,355.12,254.90,59.86,147.69,0.91,-1,-1,-1
85,3,860.82,271.92,69.71,203.77,0.92,-1,-1,-1
85,4,562.96,266.17,24.98,67.70,0.86,-1,-1,-1
85,6,223.79,270.71,39.95,101.88,0.91,-1,-1,-1
85,8,543.17,271.46,24.01,62.62,0.81,-1,-1,-1
85,9,283.86,257.44,28.60,83.74,0.86,-1,-1,-1
85,12,505.84,269.09,21.48,62.84,0.34,-1,-1,-1
85,14,1168.04,273.22,27.92,59.18,0.81,-1,-1,-1
85,11,1209.82,277.01,34.37,65.35,0.86,-1,-1,-1
85,7,1245.65,280.20,21.61,56.64,0.84,-1,-1,-1
85,13,604.50,267.53,28.32,77.41,0.90,-1,-1,-1
85,18,348.66,260.38,23.57,68.21,0.52,-1,-1,-1
85,19,266.88,266.30,15.86,45.44,0.52,-1,-1,-1
85,20,1000.36,271.53,32.52,61.03,0.82,-1,-1,-1
85,15,796.89,271.07,15.41,40.47,0.31,-1,-1,-1
86,1,301.04,257.66,53.42,148.95,0.93,-1,-1,-1
86,2,355.19,255.66,57.53,146.48,0.90,-1,-1,-1
86,3,861.17,272.30,69.36,203.54,0.92,-1,-1,-1
86,4,562.82,266.51,25.11,68.10,0.87,-1,-1,-1
86,6,223.77,270.69,40.26,101.74,0.90,-1,-1,-1
86,8,543.40,272.03,23.60,61.98,0.83,-1,-1,-1
86,9,284.20,256.37,28.96,85.56,0.86,-1,-1,-1
86,12,505.50,269.33,22.12,64.70,0.64,-1,-1,-1
86,14,1167.88,274.02,30.90,59.06,0.81,-1,-1,-1
86,11,1209.54,277.40,34.36,65.66,0.87,-1,-1,-1
86,7,1245.63,280.57,21.58,56.98,0.84,-1,-1,-1
86,13,604.74,267.59,27.95,77.45,0.90,-1,-1,-1
86,19,267.09,265.76,15.73,46.28,0.50,-1,-1,-1
86,20,1005.05,271.60,33.48,57.66,0.69,-1,-1,-1
86,15,795.90,271.73,15.91,40.17,0.30,-1,-1,-1
87,1,300.81,257.56,54.26,149.01,0.93,-1,-1,-1
87,2,355.37,257.40,56.73,144.55,0.89,-1,-1,-1
87,3,861.36,272.39,69.30,203.45,0.91,-1,-1,-1
87,4,562.82,266.97,24.59,67.97,0.86,-1,-1,-1
87,6,223.60,271.12,40.71,101.39,0.90,-1,-1,-1
87,8,543.82,272.59,22.87,61.44,0.83,-1,-1,-1
87,9,284.60,256.25,29.12,86.24,0.86,-1,-1,-1
87,12,505.11,269.48,22.98,66.01,0.72,-1,-1,-1
87,14,1168.48,274.47,33.20,59.02,0.84,-1,-1,-1
87,11,1209.56,277.53,34.37,66.07,0.87,-1,-1,-1
87,7,1245.73,280.83,21.59,56.82,0.84,-1,-1,-1
87,13,604.85,267.94,28.45,77.75,0.90,-1,-1,-1
87,19,266.85,265.55,16.01,46.90,0.41,-1,-1,-1
87,20,1010.31,272.75,33.86,60.96,0.78,-1,-1,-1
87,15,795.31,272.69,16.11,39.76,0.29,-1,-1,-1
88,1,300.01,257.85,55.48,148.75,0.92,-1,-1,-1
88,2,355.33,259.26,55.57,142.65,0.89,-1,-1,-1
88,3,861.14,272.40,69.59,204.00,0.91,-1,-1,-1
88,4,562.56,267.59,24.39,67.32,0.86,-1,-1,-1
88,6,223.73,271.45,40.89,101.26,0.90,-1,-1,-1
88,8,544.32,273.10,22.00,61.53,0.84,-1,-1,-1
88,9,284.64,256.67,29.49,85.59,0.86,-1,-1,-1
88,12,504.99,269.53,23.31,66.50,0.73,-1,-1,-1
88,14,1169.25,275.32,33.00,58.69,0.82,-1,-1,-1
88,11,1209.56,277.66,34.36,66.20,0.86,-1,-1,-1
88,7,1245.16,280.72,22.79,57.05,0.82,-1,-1,-1
88,13,604.91,268.36,28.65,77.26,0.90,-1,-1,-1
88,19,266.95,265.93,16.71,48.02,0.36,-1,-1,-1
88,20,1015.70,273.12,35.21,63.29,0.85,-1,-1,-1
88,15,792.45,270.61,17.37,42.02,0.48,-1,-1,-1
89,1,298.95,258.66,57.41,148.08,0.92,-1,-1,-1
89,2,355.29,260.05,54.85,144.40,0.90,-1,-1,-1
89,3,861.59,273.17,69.67,203.76,0.91,-1,-1,-1
89,4,562.13,267.82,24.31,67.38,0.86,-1,-1,-1
89,6,223.97,272.12,40.72,100.91,0.89,-1,-1,-1
89,8,544.77,273.72,21.06,61.28,0.84,-1,-1,-1
89,9,284.91,257.09,29.92,85.62,0.86,-1,-1,-1
89,12,505.21,269.82,23.42,66.68,0.75,-1,-1,-1
89,14,1169.45,276.15,32.86,59.46,0.81,-1,-1,-1
89,11,1208.91,277.94,34.34,66.54,0.86,-1,-1,-1
89,7,1244.87,280.90,23.23,57.43,0.82,-1,-1,-1
89,13,604.89,268.37,29.31,77.97,0.90,-1,-1,-1
89,19,267.25,267.06,16.38,47.26,0.41,-1,-1,-1
89,20,1019.89,273.60,35.71,63.89,0.79,-1,-1,-1
89,15,792.20,271.48,17.83,41.67,0.39,-1,-1,-1
90,1,298.12,260.55,58.42,146.66,0.92,-1,-1,-1
90,2,355.30,260.87,53.39,144.48,0.90,-1,-1,-1
90,3,861.78,273.30,69.09,204.12,0.91,-1,-1,-1
90,4,561.41,268.16,24.87,67.41,0.86,-1,-1,-1
90,6,224.37,272.44,40.19,100.79,0.89,-1,-1,-1
90,8,544.64,274.36,20.72,60.89,0.83,-1,-1,-1
90,9,284.57,256.74,31.25,86.52,0.85,-1,-1,-1
90,12,505.31,269.74,23.45,66.74,0.74,-1,-1,-1
90,14,1170.10,277.66,33.94,58.28,0.84,-1,-1,-1
90,11,1208.69,278.21,34.32,66.96,0.86,-1,-1,-1
90,7,1244.78,280.40,23.39,58.46,0.81,-1,-1,-1
90,13,604.90,268.93,28.96,77.93,0.90,-1,-1,-1
90,19,267.68,267.58,16.84,46.07,0.32,-1,-1,-1
90,20,1025.47,274.52,34.72,63.51,0.81,-1,-1,-1
90,15,790.99,271.06,18.59,42.42,0.49,-1,-1,-1
91,1,297.75,263.55,58.84,144.06,0.92,-1,-1,-1
91,2,354.48,261.50,53.22,144.24,0.91,-1,-1,-1
91,3,862.11,273.60,69.21,204.26,0.91,-1,-1,-1
91,4,560.81,269.04,25.10,66.83,0.86,-1,-1,-1
91,6,224.75,272.76,39.86,100.75,0.89,-1,-1,-1
91,8,544.55,274.90,20.01,60.15,0.80,-1,-1,-1
91,9,284.38,257.09,31.77,86.55,0.86,-1,-1,-1
91,12,505.30,270.02,23.47,66.45,0.74,-1,-1,-1
91,14,1170.32,277.84,35.50,58.11,0.82,-1,-1,-1
91,11,1209.21,278.67,33.13,66.82,0.88,-1,-1,-1
91,7,1244.74,280.27,23.45,58.85,0.81,-1,-1,-1
91,13,604.86,269.29,28.84,78.21,0.90,-1,-1,-1
91,19,267.33,268.27,16.44,46.82,0.43,-1,-1,-1
91,20,1029.76,274.51,36.75,66.30,0.87,-1,-1,-1
91,15,790.80,271.32,18.31,42.70,0.57,-1,-1,-1
92,1,297.49,265.11,59.58,143.12,0.92,-1,-1,-1
92,2,352.55,261.72,55.31,143.28,0.91,-1,-1,-1
92,3,862.26,273.40,69.26,204.90,0.91,-1,-1,-1
92,4,560.32,270.10,25.18,66.02,0.86,-1,-1,-1
92,6,225.13,273.18,39.67,101.04,0.89,-1,-1,-1
92,8,544.84,275.38,19.77,59.88,0.75,-1,-1,-1
92,9,285.05,257.83,31.97,86.85,0.87,-1,-1,-1
92,12,505.33,270.41,23.47,66.93,0.74,-1,-1,-1
92,14,1171.56,279.06,34.95,57.16,0.79,-1,-1,-1
92,11,1208.25,279.40,33.87,66.45,0.88,-1,-1,-1
92,7,1244.75,280.33,23.47,59.28,0.81,-1,-1,-1
92,13,604.56,269.42,28.80,79.50,0.89,-1,-1,-1
92,19,267.36,268.38,16.28,47.99,0.50,-1,-1,-1
92,20,1034.80,275.06,36.32,64.42,0.83,-1,-1,-1
92,15,790.50,271.55,18.18,42.79,0.36,-1,-1,-1
93,1,297.96,266.07,59.29,142.21,0.92,-1,-1,-1
93,2,351.84,262.47,54.04,142.06,0.91,-1,-1,-1
93,3,862.35,273.95,69.31,205.16,0.92,-1,-1,-1
93,4,559.87,271.17,25.22,65.43,0.85,-1,-1,-1
93,6,225.69,273.88,39.32,101.16,0.89,-1,-1,-1
93,8,544.96,275.93,19.70,59.49,0.75,-1,-1,-1
93,9,285.57,258.95,31.75,86.96,0.86,-1,-1,-1
93,12,505.35,270.93,23.48,67.10,0.69,-1,-1,-1
93,14,1172.70,279.07,34.71,57.70,0.76,-1,-1,-1
93,11,1207.99,280.13,34.15,66.01,0.88,-1,-1,-1
93,7,1244.86,280.81,23.49,59.44,0.80,-1,-1,-1
93,13,604.47,270.27,28.80,79.40,0.89,-1,-1,-1
93,19,267.34,268.67,15.93,47.85,0.48,-1,-1,-1
93,20,1040.17,275.88,36.16,65.13,0.71,-1,-1,-1
93,15,790.74,272.13,17.54,42.24,0.24,-1,-1,-1
93,21,423.00,288.90,38.70,52.20,0.71,-1,-1,-1
94,1,298.65,267.44,58.53,140.70,0.92,-1,-1,-1
94,2,351.32,262.89,54.42,140.41,0.91,-1,-1,-1
94,3,862.31,274.45,69.26,205.52,0.92,-1,-1,-1
94,4,560.30,270.86,24.03,66.41,0.84,-1,-1,-1
94,6,226.10,274.10,39.15,101.20,0.89,-1,-1,-1
94,8,544.99,276.48,19.67,59.35,0.79,-1,-1,-1
94,9,285.37,259.65,32.82,87.27,0.87,-1,-1,-1
94,12,505.66,271.46,22.86,65.38,0.73,-1,-1,-1
94,14,1174.72,278.68,33.39,57.91,0.78,-1,-1,-1
94,11,1207.76,280.92,34.22,65.84,0.88,-1,-1,-1
94,7,1245.33,282.27,23.46,58.90,0.81,-1,-1,-1
94,13,604.41,271.84,28.78,78.45,0.89,-1,-1,-1
94,19,267.38,268.90,16.08,46.89,0.41,-1,-1,-1
94,20,1044.29,276.52,36.07,65.67,0.80,-1,-1,-1
94,15,789.61,272.32,17.87,42.31,0.43,-1,-1,-1
94,21,423.03,289.13,38.69,52.20,0.68,-1,-1,-1
95,1,299.47,268.46,57.96,139.86,0.92,-1,-1,-1
95,2,350.96,262.50,55.80,140.43,0.91,-1,-1,-1
95,3,862.29,275.20,69.29,205.36,0.92,-1,-1,-1
95,4,558.04,270.78,25.40,67.37,0.80,-1,-1,-1
95,6,226.43,274.58,39.19,101.21,0.89,-1,-1,-1
95,8,544.98,277.16,19.68,59.30,0.74,-1,-1,-1
95,9,285.40,260.00,33.23,87.68,0.87,-1,-1,-1
95,12,506.35,272.15,22.04,63.21,0.71,-1,-1,-1
95,14,1177.26,278.44,31.68,58.28,0.80,-1,-1,-1
95,11,1207.69,281.28,34.26,65.77,0.88,-1,-1,-1
95,7,1245.52,282.58,23.46,59.28,0.81,-1,-1,-1
95,13,604.37,272.76,28.78,78.08,0.89,-1,-1,-1
95,19,267.36,268.92,16.45,47.42,0.46,-1,-1,-1
95,20,1050.42,274.78,36.04,69.10,0.81,-1,-1,-1
95,15,790.37,273.42,17.41,41.44,0.31,-1,-1,-1
95,21,422.51,289.40,39.22,52.20,0.66,-1,-1,-1
96,1,300.54,267.86,56.84,140.20,0.92,-1,-1,-1
96,2,350.56,262.44,56.91,139.87,0.92,-1,-1,-1
96,3,862.58,276.52,69.58,204.85,0.91,-1,-1,-1
96,4,557.25,271.01,25.30,67.15,0.82,-1,-1,-1
96,6,226.70,275.14,39.20,101.22,0.89,-1,-1,-1
96,8,545.29,277.37,19.08,59.30,0.78,-1,-1,-1
96,9,285.12,260.52,34.25,88.12,0.87,-1,-1,-1
96,12,506.92,272.67,21.12,61.19,0.70,-1,-1,-1
96,14,1179.41,278.51,29.81,58.13,0.82,-1,-1,-1
96,11,1207.70,281.87,33.08,65.74,0.87,-1,-1,-1
96,7,1245.62,283.16,23.45,59.42,0.81,-1,-1,-1
96,13,604.07,273.37,28.78,77.65,0.89,-1,-1,-1
96,19,267.50,269.46,16.58,46.73,0.47,-1,-1,-1
96,20,1056.15,272.97,38.41,72.70,0.86,-1,-1,-1
96,15,790.12,273.98,17.22,41.41,0.38,-1,-1,-1
96,21,423.02,289.43,39.39,53.25,0.68,-1,-1,-1
97,1,300.67,267.82,56.43,139.74,0.92,-1,-1,-1
97,2,350.30,262.62,57.64,139.37,0.92,-1,-1,-1
97,3,862.67,277.31,69.11,204.33,0.91,-1,-1,-1
97,4,556.68,271.27,24.66,66.76,0.81,-1,-1,-1
97,6,226.91,275.85,39.14,101.22,0.89,-1,-1,-1
97,8,545.11,277.78,18.88,59.59,0.80,-1,-1,-1
97,9,284.90,261.06,34.64,87.38,0.88,-1,-1,-1
97,12,507.14,273.04,21.40,63.18,0.71,-1,-1,-1
97,14,1183.14,279.55,26.66,58.06,0.81,-1,-1,-1
97,11,1208.86,282.66,31.42,65.12,0.85,-1,-1,-1
97,7,1245.59,284.69,23.45,58.27,0.81,-1,-1,-1
97,13,604.26,273.31,28.19,78.36,0.89,-1,-1,-1
97,19,267.74,270.47,16.64,46.46,0.65,-1,-1,-1
97,20,1061.05,277.01,39.28,70.04,0.85,-1,-1,-1
97,15,789.42,273.89,17.15,42.29,0.34,-1,-1,-1
97,21,423.72,289.46,38.59,54.24,0.75,-1,-1,-1
98,1,300.66,270.12,55.65,136.63,0.92,-1,-1,-1
98,2,350.17,262.92,57.90,138.04,0.92,-1,-1,-1
98,3,862.99,278.10,69.20,204.02,0.91,-1,-1,-1
98,4,557.06,271.95,23.81,66.33,0.79,-1,-1,-1
98,6,227.14,276.34,39.03,101.83,0.89,-1,-1,-1
98,8,544.70,278.21,19.41,60.31,0.79,-1,-1,-1
98,9,284.75,262.09,34.76,86.50,0.87,-1,-1,-1
98,12,507.18,273.76,21.49,63.32,0.70,-1,-1,-1
98,14,1186.98,279.46,24.24,59.54,0.72,-1,-1,-1
98,11,1209.32,283.36,30.79,64.90,0.84,-1,-1,-1
98,7,1245.60,285.84,23.44,57.84,0.80,-1,-1,-1
98,13,604.01,273.44,28.56,78.94,0.89,-1,-1,-1
98,19,267.33,270.33,17.24,46.96,0.55,-1,-1,-1
98,20,1066.87,279.03,38.44,68.02,0.82,-1,-1,-1
98,15,789.17,273.90,17.12,43.21,0.26,-1,-1,-1
98,21,423.74,290.08,38.48,54.24,0.66,-1,-1,-1
99,1,301.40,269.04,54.18,136.40,0.91,-1,-1,-1
99,2,349.69,263.66,58.01,137.86,0.91,-1,-1,-1
99,3,863.10,278.69,69.25,204.19,0.91,-1,-1,-1
99,4,557.83,272.67,22.29,65.57,0.76,-1,-1,-1
99,6,227.22,277.00,38.85,102.05,0.89,-1,-1,-1
99,8,544.55,278.98,20.20,60.59,0.79,-1,-1,-1
99,9,284.84,262.66,34.80,86.76,0.87,-1,-1,-1
99,12,507.49,274.19,21.53,63.97,0.72,-1,-1,-1
99,14,1189.49,280.73,23.44,59.20,0.71,-1,-1,-1
99,11,1208.27,283.59,31.79,65.11,0.82,-1,-1,-1
99,7,1245.00,286.68,23.43,57.67,0.79,-1,-1,-1
99,13,603.91,273.79,28.70,79.15,0.89,-1,-1,-1
99,19,267.32,271.06,16.88,46.56,0.47,-1,-1,-1
99,20,1071.86,279.62,39.28,69.02,0.83,-1,-1,-1
99,15,786.41,273.17,18.30,44.44,0.18,-1,-1,-1
99,21,423.74,291.44,38.44,53.58,0.70,-1,-1,-1
100,1,301.52,269.38,52.75,135.75,0.92,-1,-1,-1
100,2,349.52,264.82,56.28,137.52,0.91,-1,-1,-1
100,3,863.14,279.58,69.29,203.81,0.92,-1,-1,-1
100,4,557.53,273.21,21.74,66.19,0.78,-1,-1,-1
100,6,227.08,277.69,39.25,101.54,0.89,-1,-1,-1
100,8,544.79,279.68,20.51,60.69,0.73,-1,-1,-1
100,9,284.86,263.02,34.81,86.85,0.87,-1,-1,-1
100,12,507.60,275.22,21.56,63.03,0.74,-1,-1,-1
100,14,1191.54,281.56,21.94,58.47,0.70,-1,-1,-1
100,11,1207.31,283.73,32.16,65.49,0.83,-1,-1,-1
100,7,1245.38,287.34,23.43,57.61,0.79,-1,-1,-1
100,13,604.17,273.74,28.17,80.12,0.89,-1,-1,-1
100,19,267.31,272.08,17.34,46.40,0.53,-1,-1,-1
100,20,1077.72,279.17,38.42,67.02,0.78,-1,-1,-1
100,15,785.11,273.58,19.90,44.32,0.27,-1,-1,-1
100,21,423.42,292.68,38.76,52.38,0.63,-1,-1,-1
101,1,301.55,270.68,51.92,133.75,0.91,-1,-1,-1
101,2,349.77,266.14,56.22,136.53,0.91,-1,-1,-1
101,3,863.18,280.54,69.29,203.68,0.91,-1,-1,-1
101,4,556.52,274.16,22.16,66.13,0.75,-1,-1,-1
101,6,226.94,278.53,38.87,101.35,0.89,-1,-1,-1
101,8,544.60,280.69,20.04,60.14,0.73,-1,-1,-1
101,9,285.16,262.99,35.69,87.48,0.87,-1,-1,-1
101,12,507.65,275.75,21.57,63.28,0.74,-1,-1,-1
101,14,1192.82,281.63,22.72,60.58,0.71,-1,-1,-1
101,11,1209.97,284.28,29.93,65.94,0.83,-1,-1,-1
101,7,1245.57,287.78,23.43,57.59,0.80,-1,-1,-1
101,13,604.29,274.02,27.37,80.19,0.89,-1,-1,-1
101,19,267.15,272.89,17.21,45.46,0.47,-1,-1,-1
101,20,1082.16,279.77,41.64,71.02,0.85,-1,-1,-1
101,15,784.07,275.54,20.52,43.38,0.16,-1,-1,-1
101,21,423.30,293.27,38.87,52.25,0.66,-1,-1,-1
102,1,301.27,271.74,51.34,133.35,0.91,-1,-1,-1
102,2,349.74,267.22,56.79,136.19,0.91,-1,-1,-1
102,3,863.20,281.02,69.29,204.08,0.91,-1,-1,-1
102,4,555.89,274.80,22.91,66.41,0.79,-1,-1,-1
102,6,226.75,279.13,39.33,101.28,0.89,-1,-1,-1
102,8,544.24,281.50,20.46,60.53,0.71,-1,-1,-1
102,9,285.73,263.70,35.72,87.42,0.87,-1,-1,-1
102,12,507.37,276.24,22.17,64.26,0.74,-1,-1,-1
102,14,1193.85,282.82,24.22,60.78,0.72,-1,-1,-1
102,11,1211.02,284.91,29.07,66.40,0.84,-1,-1,-1
102,7,1245.65,288.22,23.43,57.88,0.81,-1,-1,-1
102,13,604.35,274.12,27.07,80.20,0.89,-1,-1,-1
102,19,267.25,273.48,17.16,44.80,0.52,-1,-1,-1
102,20,1087.80,281.15,41.67,71.60,0.86,-1,-1,-1
102,15,783.70,277.32,20.75,42.41,0.30,-1,-1,-1
102,21,423.12,293.47,39.37,52.82,0.68,-1,-1,-1
103,1,301.31,273.10,50.54,132.32,0.92,-1,-1,-1
103,2,349.59,268.43,55.53,136.67,0.89,-1,-1,-1
103,3,863.46,281.56,69.00,204.36,0.91,-1,-1,-1
103,4,555.34,276.44,23.20,65.63,0.79,-1,-1,-1
103,6,226.38,279.86,39.50,101.25,0.89,-1,-1,-1
103,8,544.38,282.31,21.21,60.67,0.62,-1,-1,-1
103,9,286.23,263.89,35.42,87.98,0.86,-1,-1,-1
103,12,507.25,277.07,22.39,63.74,0.70,-1,-1,-1
103,14,1194.11,284.21,24.77,59.95,0.41,-1,-1,-1
103,11,1209.50,285.35,29.99,66.27,0.81,-1,-1,-1
103,7,1245.02,288.58,23.42,57.99,0.76,-1,-1,-1
103,13,604.64,274.07,26.97,81.68,0.90,-1,-1,-1
103,19,267.14,274.66,17.14,43.66,0.45,-1,-1,-1
103,20,1093.84,280.71,42.82,73.84,0.86,-1,-1,-1
103,15,783.26,277.45,20.25,42.94,0.29,-1,-1,-1
103,21,422.73,293.75,39.25,53.02,0.72,-1,-1,-1
104,1,301.78,274.51,49.36,131.38,0.92,-1,-1,-1
104,2,349.10,269.48,55.65,136.88,0.90,-1,-1,-1
104,3,863.27,282.34,69.19,204.47,0.91,-1,-1,-1
104,4,554.58,277.65,23.32,65.33,0.82,-1,-1,-1
104,6,226.53,280.59,38.98,101.24,0.88,-1,-1,-1
104,8,545.33,282.76,20.91,61.02,0.55,-1,-1,-1
104,9,287.17,264.27,35.00,88.48,0.86,-1,-1,-1
104,12,507.21,277.99,22.48,64.14,0.68,-1,-1,-1
104,14,1193.58,284.71,26.19,59.03,0.49,-1,-1,-1
104,11,1208.38,285.64,31.52,66.81,0.84,-1,-1,-1
104,7,1244.81,288.39,23.42,58.63,0.78,-1,-1,-1
104,13,604.17,273.91,27.54,82.53,0.90,-1,-1,-1
104,19,267.85,275.57,16.54,42.94,0.50,-1,-1,-1
104,20,1100.69,283.58,40.93,71.48,0.80,-1,-1,-1
104,15,783.14,277.19,20.63,44.02,0.45,-1,-1,-1
104,21,422.90,294.62,39.20,52.79,0.66,-1,-1,-1
105,1,301.59,275.13,49.26,131.39,0.92,-1,-1,-1
105,2,350.07,269.83,55.12,136.70,0.90,-1,-1,-1
105,3,863.25,283.34,69.28,204.11,0.92,-1,-1,-1
105,4,553.40,278.52,23.96,64.64,0.83,-1,-1,-1
105,6,226.45,281.43,39.01,100.96,0.88,-1,-1,-1
105,8,544.80,282.31,20.79,62.06,0.40,-1,-1,-1
105,9,287.90,265.42,34.54,87.79,0.86,-1,-1,-1
105,12,507.18,279.19,22.52,63.11,0.74,-1,-1,-1
105,14,1197.54,286.07,23.22,57.50,0.39,-1,-1,-1
105,11,1209.25,286.47,30.93,67.03,0.85,-1,-1,-1
105,7,1244.85,289.34,23.43,58.28,0.81,-1,-1,-1
105,13,603.40,274.13,28.35,82.56,0.91,-1,-1,-1
105,19,268.06,276.77,16.61,42.70,0.60,-1,-1,-1
105,20,1106.17,284.24,41.35,71.70,0.77,-1,-1,-1
105,15,782.57,278.25,20.77,43.55,0.50,-1,-1,-1
105,21,422.63,295.36,39.49,52.72,0.62,-1,-1,-1
106,1,301.71,275.90,48.30,131.41,0.92,-1,-1,-1
106,2,348.54,269.91,56.38,136.63,0.91,-1,-1,-1
106,3,863.13,284.38,69.25,203.93,0.92,-1,-1,-1
106,4,553.25,279.29,23.01,64.08,0.81,-1,-1,-1
106,6,226.40,282.12,39.36,100.83,0.89,-1,-1,-1
106,8,545.77,283.17,20.13,61.25,0.44,-1,-1,-1
106,9,290.16,266.55,32.84,87.21,0.85,-1,-1,-1
106,12,507.15,279.93,22.51,63.61,0.75,-1,-1,-1
106,14,1195.09,286.26,28.22,58.71,0.41,-1,-1,-1
106,11,1208.20,287.09,31.87,67.98,0.84,-1,-1,-1
106,7,1245.25,290.00,23.41,58.73,0.78,-1,-1,-1
106,13,602.78,274.23,29.22,83.72,0.90,-1,-1,-1
106,19,268.48,277.45,16.32,42.62,0.57,-1,-1,-1
106,20,1112.02,284.46,41.47,72.95,0.86,-1,-1,-1
106,15,782.28,280.35,19.04,42.17,0.36,-1,-1,-1
106,21,422.25,296.06,39.87,52.38,0.53,-1,-1,-1
107,1,301.60,276.48,48.31,131.45,0.92,-1,-1,-1
107,2,347.68,270.82,57.47,135.12,0.92,-1,-1,-1
107,3,863.12,285.10,69.29,203.71,0.92,-1,-1,-1
107,4,552.04,279.96,23.85,64.47,0.81,-1,-1,-1
107,6,226.45,282.84,39.74,100.49,0.90,-1,-1,-1
107,9,291.75,267.57,31.30,87.28,0.86,-1,-1,-1
107,12,507.16,280.16,22.52,65.28,0.78,-1,-1,-1
107,14,1196.12,286.44,28.70,60.05,0.44,-1,-1,-1
107,11,1207.29,287.57,32.24,68.04,0.85,-1,-1,-1
107,7,1244.88,290.94,23.41,58.31,0.79,-1,-1,-1
107,13,602.27,274.51,29.58,84.44,0.90,-1,-1,-1
107,19,268.78,278.00,15.93,42.30,0.54,-1,-1,-1
107,20,1118.25,285.54,42.70,73.69,0.84,-1,-1,-1
107,15,781.95,281.19,17.14,41.94,0.37,-1,-1,-1
107,21,422.26,296.90,39.88,52.55,0.60,-1,-1,-1
108,1,301.65,276.93,48.91,131.47,0.92,-1,-1,-1
108,2,347.45,271.26,57.87,134.26,0.91,-1,-1,-1
108,3,863.12,286.24,69.27,203.61,0.92,-1,-1,-1
108,4,550.48,280.63,24.74,64.32,0.78,-1,-1,-1
108,6,226.65,283.65,39.65,100.05,0.89,-1,-1,-1
108,9,292.09,268.66,31.35,87.00,0.82,-1,-1,-1
108,12,507.51,280.52,22.51,66.19,0.78,-1,-1,-1
108,14,1199.91,287.12,27.72,61.14,0.20,-1,-1,-1
108,11,1207.49,288.36,32.37,67.75,0.84,-1,-1,-1
108,7,1244.68,291.61,23.41,58.73,0.78,-1,-1,-1
108,13,601.84,275.20,31.46,84.69,0.89,-1,-1,-1
108,19,268.99,278.45,16.08,42.49,0.54,-1,-1,-1
108,20,1124.50,284.79,43.15,74.83,0.83,-1,-1,-1
108,15,781.57,281.93,16.43,41.85,0.29,-1,-1,-1
108,21,422.49,297.92,39.42,52.31,0.51,-1,-1,-1
108,22,880.20,276.07,17.10,43.20,0.75,-1,-1,-1
109,1,301.41,278.31,49.17,130.63,0.91,-1,-1,-1
109,2,348.62,271.59,57.74,133.38,0.92,-1,-1,-1
109,3,863.12,286.95,69.30,203.60,0.92,-1,-1,-1
109,4,549.85,281.18,25.09,64.28,0.78,-1,-1,-1
109,6,226.76,284.57,39.33,99.91,0.89,-1,-1,-1
109,9,294.21,270.27,30.17,86.01,0.82,-1,-1,-1
109,12,507.58,280.81,22.52,67.43,0.79,-1,-1,-1
109,11,1207.05,289.07,32.42,67.34,0.86,-1,-1,-1
109,7,1244.68,292.86,23.41,58.31,0.81,-1,-1,-1
109,13,601.05,275.77,32.18,85.08,0.90,-1,-1,-1
109,19,269.25,279.24,15.54,42.28,0.57,-1,-1,-1
109,20,1131.46,285.49,43.32,74.96,0.84,-1,-1,-1
109,15,781.14,283.24,16.20,41.23,0.34,-1,-1,-1
109,21,422.95,299.21,38.81,51.93,0.47,-1,-1,-1
109,22,879.84,276.39,17.10,43.92,0.75,-1,-1,-1
110,1,301.24,277.81,48.97,131.23,0.90,-1,-1,-1
110,2,348.99,271.60,57.97,133.06,0.92,-1,-1,-1
110,3,863.15,287.74,69.28,203.59,0.92,-1,-1,-1
110,4,549.39,281.43,24.62,64.27,0.75,-1,-1,-1
110,6,226.87,285.09,39.50,99.85,0.89,-1,-1,-1
110,9,295.96,271.51,28.82,84.44,0.76,-1,-1,-1
110,12,507.96,281.55,22.51,66.71,0.77,-1,-1,-1
110,11,1207.48,290.05,32.43,66.88,0.84,-1,-1,-1
110,7,1244.68,293.90,23.40,58.14,0.81,-1,-1,-1
110,13,601.38,277.23,31.86,84.32,0.90,-1,-1,-1
110,19,269.41,279.86,15.64,42.21,0.57,-1,-1,-1
110,20,1137.45,284.24,44.54,76.76,0.81,-1,-1,-1
110,15,781.34,283.80,15.51,41.00,0.35,-1,-1,-1
110,21,423.49,300.18,38.27,51.48,0.51,-1,-1,-1
110,22,878.75,276.45,17.79,46.12,0.73,-1,-1,-1
111,1,300.98,279.88,47.43,129.40,0.90,-1,-1,-1
111,2,350.72,272.23,56.00,132.38,0.91,-1,-1,-1
111,3,863.17,288.46,69.30,203.76,0.92,-1,-1,-1
111,4,548.34,281.54,25.63,65.47,0.63,-1,-1,-1
111,6,226.55,285.47,39.57,100.15,0.89,-1,-1,-1
111,9,297.27,271.84,29.59,85.06,0.81,-1,-1,-1
111,12,507.78,282.15,22.52,67.32,0.76,-1,-1,-1
111,11,1207.71,290.67,32.44,67.01,0.84,-1,-1,-1
111,7,1245.34,294.39,23.41,58.38,0.81,-1,-1,-1
111,13,601.21,278.40,31.73,84.02,0.90,-1,-1,-1
111,19,269.42,280.42,15.39,42.49,0.47,-1,-1,-1
111,20,1143.71,286.08,45.00,77.13,0.82,-1,-1,-1
111,15,780.83,284.29,15.89,41.22,0.30,-1,-1,-1
111,21,423.50,300.72,38.53,51.63,0.62,-1,-1,-1
111,22,877.36,275.91,18.71,48.92,0.66,-1,-1,-1
112,1,301.17,280.93,46.56,127.83,0.91,-1,-1,-1
112,2,351.53,273.04,54.33,132.14,0.90,-1,-1,-1
112,3,863.14,289.01,69.31,204.11,0.92,-1,-1,-1
112,4,547.64,281.70,25.42,66.51,0.45,-1,-1,-1
112,6,226.50,286.18,39.23,100.26,0.89,-1,-1,-1
112,9,296.81,272.09,30.16,85.00,0.80,-1,-1,-1
112,12,507.98,282.36,22.52,68.12,0.74,-1,-1,-1
112,11,1208.34,291.04,32.44,67.35,0.86,-1,-1,-1
112,7,1245.54,295.00,23.41,58.17,0.81,-1,-1,-1
112,13,601.13,279.42,31.67,83.60,0.90,-1,-1,-1
112,19,268.64,280.76,15.29,43.20,0.46,-1,-1,-1
112,20,1149.96,288.84,46.33,76.07,0.87,-1,-1,-1
112,15,780.33,284.75,16.03,41.30,0.38,-1,-1,-1
112,21,423.49,300.89,38.62,51.98,0.60,-1,-1,-1
112,22,875.92,276.03,19.65,49.81,0.66,-1,-1,-1
112,23,326.25,279.45,27.00,80.55,0.75,-1,-1,-1
113,1,301.54,281.07,46.26,126.67,0.89,-1,-1,-1
113,2,350.92,273.69,53.41,132.08,0.89,-1,-1,-1
113,3,863.14,289.27,69.30,204.70,0.91,-1,-1,-1
113,6,226.10,286.65,39.47,100.60,0.89,-1,-1,-1
113,9,297.94,272.37,28.89,83.20,0.73,-1,-1,-1
113,12,507.76,282.93,23.11,68.13,0.71,-1,-1,-1
113,11,1209.78,291.55,31.25,67.48,0.86,-1,-1,-1
113,7,1245.03,295.30,23.41,58.69,0.82,-1,-1,-1
113,13,601.41,280.02,31.04,83.43,0.90,-1,-1,-1
113,19,268.65,281.52,14.96,43.18,0.53,-1,-1,-1
113,20,1156.85,287.75,46.83,77.71,0.87,-1,-1,-1
113,15,780.16,285.14,16.09,41.34,0.44,-1,-1,-1
113,21,423.33,300.86,38.81,52.41,0.74,-1,-1,-1
113,22,875.46,276.97,19.96,49.08,0.69,-1,-1,-1
113,23,326.63,280.43,27.36,79.83,0.79,-1,-1,-1
113,8,546.75,281.16,25.77,68.00,0.70,-1,-1,-1
114,1,301.68,280.11,45.55,127.18,0.90,-1,-1,-1
114,2,349.79,274.89,54.29,131.49,0.90,-1,-1,-1
114,3,863.47,289.77,68.99,204.49,0.91,-1,-1,-1
114,6,226.17,287.01,38.73,100.74,0.88,-1,-1,-1
114,9,298.79,272.38,29.33,82.53,0.71,-1,-1,-1
114,12,507.40,283.67,23.91,68.12,0.76,-1,-1,-1
114,11,1209.79,292.17,31.99,67.23,0.85,-1,-1,-1
114,7,1245.50,295.40,23.40,58.89,0.81,-1,-1,-1
114,13,601.84,280.62,30.20,83.07,0.89,-1,-1,-1
114,19,268.20,281.71,15.14,43.47,0.48,-1,-1,-1
114,20,1164.63,288.93,46.99,76.85,0.83,-1,-1,-1
114,15,779.86,286.27,16.12,40.47,0.33,-1,-1,-1
114,21,422.98,300.91,39.48,52.58,0.70,-1,-1,-1
114,22,873.53,277.61,21.26,51.87,0.73,-1,-1,-1
114,23,327.06,280.40,28.12,80.74,0.73,-1,-1,-1
114,8,546.53,281.58,25.58,68.16,0.63,-1,-1,-1
115,1,301.16,279.37,47.43,127.97,0.90,-1,-1,-1
115,2,349.40,276.30,52.84,130.66,0.90,-1,-1,-1
115,3,863.55,290.39,68.89,204.52,0.91,-1,-1,-1
115,6,226.39,287.22,38.31,101.07,0.88,-1,-1,-1
115,9,298.51,272.14,30.70,83.18,0.67,-1,-1,-1
115,12,507.84,283.99,23.64,68.10,0.76,-1,-1,-1
115,11,1210.87,292.65,31.09,68.02,0.82,-1,-1,-1
115,7,1245.56,295.53,23.40,59.24,0.79,-1,-1,-1
115,13,602.00,281.17,29.88,82.91,0.88,-1,-1,-1
115,19,268.08,282.30,15.51,43.87,0.46,-1,-1,-1
115,20,1171.42,288.75,47.04,77.66,0.84,-1,-1,-1
115,15,779.42,286.54,16.14,40.43,0.26,-1,-1,-1
115,21,423.02,301.71,39.28,52.04,0.66,-1,-1,-1
115,22,872.80,277.99,21.73,52.52,0.72,-1,-1,-1
115,23,327.90,280.94,27.35,81.73,0.70,-1,-1,-1
115,8,546.14,282.22,25.49,68.19,0.79,-1,-1,-1
116,1,300.17,278.80,48.43,128.30,0.90,-1,-1,-1
116,2,349.51,278.47,51.40,128.59,0.90,-1,-1,-1
116,3,863.87,291.22,68.56,204.84,0.91,-1,-1,-1
116,6,226.56,287.76,38.31,101.50,0.89,-1,-1,-1
116,9,297.88,272.51,33.27,82.25,0.67,-1,-1,-1
116,12,507.98,284.86,23.52,67.49,0.77,-1,-1,-1
116,11,1212.53,293.13,29.54,66.84,0.77,-1,-1,-1
116,7,1246.22,296.17,23.41,59.09,0.76,-1,-1,-1
116,13,601.74,280.64,29.76,84.05,0.89,-1,-1,-1
116,19,268.26,283.12,15.66,43.73,0.47,-1,-1,-1
116,20,1178.54,289.27,45.87,78.25,0.85,-1,-1,-1
116,15,778.97,286.79,16.15,40.43,0.26,-1,-1,-1
116,21,422.98,302.33,39.21,52.44,0.70,-1,-1,-1
116,22,872.28,278.59,21.29,50.01,0.79,-1,-1,-1
116,23,328.79,281.62,26.73,81.35,0.75,-1,-1,-1
116,8,546.54,282.93,24.86,67.61,0.80,-1,-1,-1
117,1,300.75,279.23,47.92,128.14,0.90,-1,-1,-1
117,2,349.92,278.87,49.96,128.43,0.89,-1,-1,-1
117,3,864.02,292.06,68.42,204.66,0.91,-1,-1,-1
117,6,226.55,288.44,38.46,101.37,0.88,-1,-1,-1
117,9,298.42,272.84,33.37,81.31,0.56,-1,-1,-1
117,12,508.09,285.54,23.47,66.95,0.79,-1,-1,-1
117,11,1213.14,293.43,28.95,71.76,0.78,-1,-1,-1
117,7,1247.07,296.98,22.21,57.83,0.75,-1,-1,-1
117,13,601.99,280.36,29.71,84.47,0.89,-1,-1,-1
117,19,268.71,283.02,16.01,44.57,0.50,-1,-1,-1
117,20,1185.76,291.35,40.62,77.87,0.83,-1,-1,-1
117,15,778.55,285.92,16.15,41.33,0.34,-1,-1,-1
117,21,424.07,302.91,38.14,52.88,0.72,-1,-1,-1
117,22,872.17,279.07,21.07,48.35,0.79,-1,-1,-1
117,23,329.59,281.75,26.53,81.19,0.73,-1,-1,-1
117,8,546.45,283.57,24.59,67.66,0.80,-1,-1,-1
118,1,300.26,280.43,48.92,127.21,0.91,-1,-1,-1
118,2,348.43,279.30,50.06,127.51,0.89,-1,-1,-1
118,3,864.75,292.81,68.38,204.16,0.91,-1,-1,-1
118,6,227.09,288.69,38.89,101.61,0.89,-1,-1,-1
118,9,300.40,274.91,30.48,76.77,0.21,-1,-1,-1
118,12,508.17,286.09,23.45,66.15,0.74,-1,-1,-1
118,11,1217.69,294.98,25.12,65.46,0.50,-1,-1,-1
118,7,1247.49,297.57,21.76,58.26,0.68,-1,-1,-1
118,13,602.44,280.69,29.69,84.04,0.88,-1,-1,-1
118,19,268.31,283.57,16.14,44.30,0.55,-1,-1,-1
118,20,1194.38,292.29,33.60,76.82,0.76,-1,-1,-1
118,15,778.48,286.77,16.16,40.78,0.27,-1,-1,-1
118,21,425.27,303.26,37.28,53.65,0.78,-1,-1,-1
118,22,872.84,279.55,20.37,46.49,0.78,-1,-1,-1
118,23,330.34,281.31,26.80,81.44,0.77,-1,-1,-1
118,8,546.76,284.55,23.89,66.49,0.83,-1,-1,-1
119,1,300.62,280.91,49.60,126.86,0.91,-1,-1,-1
119,2,348.00,279.61,49.82,126.88,0.91,-1,-1,-1
119,3,865.24,293.21,68.08,204.40,0.91,-1,-1,-1
119,6,227.24,289.10,39.95,101.11,0.90,-1,-1,-1
119,9,301.08,276.16,29.93,75.08,0.39,-1,-1,-1
119,12,508.14,286.59,23.44,65.55,0.75,-1,-1,-1
119,11,1221.20,294.94,23.69,64.96,0.31,-1,-1,-1
119,7,1246.94,297.59,22.81,60.20,0.71,-1,-1,-1
119,13,602.25,281.11,30.29,83.27,0.88,-1,-1,-1
119,19,268.41,283.94,16.49,44.19,0.53,-1,-1,-1
119,20,1202.71,292.29,41.58,79.08,0.75,-1,-1,-1
119,15,778.70,287.08,16.17,40.87,0.28,-1,-1,-1
119,21,425.81,303.26,37.12,54.22,0.79,-1,-1,-1
119,22,873.06,280.16,20.08,46.41,0.78,-1,-1,-1
119,23,331.15,281.63,26.59,81.51,0.74,-1,-1,-1
119,8,546.81,285.09,23.02,66.03,0.82,-1,-1,-1
120,1,300.92,282.56,50.15,125.55,0.92,-1,-1,-1
120,2,347.70,280.59,49.45,125.47,0.91,-1,-1,-1
120,3,865.42,293.48,68.56,204.34,0.91,-1,-1,-1
120,6,227.90,289.53,41.23,100.61,0.89,-1,-1,-1
120,9,302.98,275.22,29.74,78.46,0.41,-1,-1,-1
120,12,508.44,286.75,23.44,65.92,0.74,-1,-1,-1
120,7,1247.33,297.88,23.19,66.79,0.71,-1,-1,-1
120,13,602.18,280.81,31.10,83.86,0.89,-1,-1,-1
120,19,268.90,284.21,16.32,44.14,0.56,-1,-1,-1
120,20,1210.21,294.47,40.43,76.97,0.73,-1,-1,-1
120,15,778.50,286.28,16.77,42.10,0.16,-1,-1,-1
120,21,426.01,303.53,36.76,53.85,0.73,-1,-1,-1
120,22,872.87,280.52,19.97,46.07,0.80,-1,-1,-1
120,23,331.74,282.04,27.14,81.84,0.74,-1,-1,-1
120,8,546.54,285.13,22.69,66.44,0.82,-1,-1,-1
121,1,301.04,282.71,50.36,125.69,0.91,-1,-1,-1
121,2,346.85,279.72,49.33,125.59,0.91,-1,-1,-1
121,3,865.52,293.73,68.15,204.18,0.91,-1,-1,-1
121,6,228.22,289.96,43.40,100.13,0.90,-1,-1,-1
121,12,508.85,287.24,23.43,65.47,0.77,-1,-1,-1
121,7,1248.13,297.73,23.34,71.83,0.62,-1,-1,-1
121,13,602.18,280.84,30.82,84.39,0.89,-1,-1,-1
121,19,269.38,284.58,15.66,43.83,0.52,-1,-1,-1
121,20,1218.82,293.98,38.70,76.43,0.69,-1,-1,-1
121,15,777.00,286.72,16.99,41.38,0.11,-1,-1,-1
121,21,426.08,303.91,36.64,52.81,0.70,-1,-1,-1
121,22,872.86,280.80,19.91,45.95,0.81,-1,-1,-1
121,23,332.99,282.01,27.34,81.35,0.77,-1,-1,-1
121,8,546.75,284.98,21.96,66.90,0.85,-1,-1,-1
122,1,300.94,281.87,50.72,126.94,0.91,-1,-1,-1
122,2,346.85,279.24,49.60,125.64,0.91,-1,-1,-1
122,3,865.80,294.28,68.28,203.96,0.91,-1,-1,-1
122,6,228.49,290.27,44.65,99.95,0.90,-1,-1,-1
122,12,509.29,287.44,23.42,65.60,0.77,-1,-1,-1
122,7,1248.35,296.14,28.13,75.53,0.50,-1,-1,-1
122,13,602.16,281.02,30.70,84.58,0.89,-1,-1,-1
122,19,269.86,284.87,15.41,43.41,0.48,-1,-1,-1
122,20,1230.75,294.56,34.40,77.41,0.61,-1,-1,-1
122,21,426.09,303.91,36.90,53.00,0.71,-1,-1,-1
122,22,873.13,281.98,19.29,44.70,0.83,-1,-1,-1
122,23,333.57,281.86,27.41,81.76,0.76,-1,-1,-1
122,8,546.50,285.10,21.69,66.46,0.85,-1,-1,-1
122,11,1214.69,295.12,28.04,74.73,0.69,-1,-1,-1
123,1,301.22,282.41,50.86,126.23,0.90,-1,-1,-1
123,2,346.88,279.03,49.72,125.68,0.91,-1,-1,-1
123,3,866.49,294.72,68.34,203.56,0.91,-1,-1,-1
123,6,229.50,290.65,45.13,99.58,0.90,-1,-1,-1
123,12,509.47,287.61,23.42,65.04,0.76,-1,-1,-1
123,13,602.75,281.04,30.66,85.23,0.89,-1,-1,-1
123,19,270.37,284.80,15.32,43.55,0.48,-1,-1,-1
123,20,1239.05,292.61,40.37,79.84,0.78,-1,-1,-1
123,21,426.56,304.47,36.85,52.48,0.63,-1,-1,-1
123,22,872.94,282.51,19.04,43.62,0.80,-1,-1,-1
123,23,335.29,281.93,26.54,81.29,0.61,-1,-1,-1
123,8,546.42,284.95,21.59,66.29,0.83,-1,-1,-1
123,11,1214.17,295.21,29.91,70.99,0.82,-1,-1,-1
124,1,302.30,283.99,50.03,124.48,0.91,-1,-1,-1
124,2,347.29,279.42,49.49,124.53,0.90,-1,-1,-1
124,3,867.03,294.87,68.08,203.73,0.91,-1,-1,-1
124,6,229.95,290.83,45.16,99.75,0.90,-1,-1,-1
124,12,509.78,287.99,23.42,64.84,0.75,-1,-1,-1
124,13,603.24,280.63,30.64,87.25,0.89,-1,-1,-1
124,19,270.78,285.10,14.69,42.71,0.48,-1,-1,-1
124,20,1244.94,293.32,39.98,81.34,0.84,-1,-1,-1
124,21,426.52,305.00,36.99,51.68,0.75,-1,-1,-1
124,22,872.58,282.69,18.35,43.85,0.79,-1,-1,-1
124,23,336.14,281.98,27.13,81.12,0.65,-1,-1,-1
124,8,546.35,285.07,20.97,64.74,0.75,-1,-1,-1
124,11,1214.01,295.07,30.65,69.17,0.84,-1,-1,-1
