0,1,67.84,368.55,192.71,226.80,0.94,-1,-1,-1
0,2,437.40,320.62,46.80,114.75,0.92,-1,-1,-1
0,3,365.85,309.38,46.35,123.75,0.92,-1,-1,-1
0,4,558.45,185.85,296.10,702.00,0.91,-1,-1,-1
0,5,290.25,337.27,72.45,104.85,0.89,-1,-1,-1
0,6,496.35,306.90,36.00,95.85,0.87,-1,-1,-1
0,7,115.42,363.60,142.88,202.50,0.87,-1,-1,-1
0,8,521.55,316.35,38.70,93.15,0.87,-1,-1,-1
0,9,480.15,349.42,37.80,85.50,0.87,-1,-1,-1
0,10,763.20,283.27,125.10,294.52,0.83,-1,-1,-1
1,1,61.05,368.88,198.64,228.44,0.94,-1,-1,-1
1,2,437.77,319.18,46.03,115.57,0.91,-1,-1,-1
1,3,365.80,310.47,45.19,121.06,0.91,-1,-1,-1
1,4,555.35,192.56,296.98,696.59,0.91,-1,-1,-1
1,5,289.01,336.23,73.26,106.06,0.88,-1,-1,-1
1,6,495.18,306.82,36.79,95.88,0.87,-1,-1,-1
1,7,109.33,363.54,145.75,192.03,0.85,-1,-1,-1
1,8,520.39,315.69,40.27,93.57,0.87,-1,-1,-1
1,9,481.31,348.77,36.25,85.92,0.88,-1,-1,-1
1,10,762.51,281.82,124.36,291.70,0.85,-1,-1,-1
2,1,54.81,370.15,202.44,232.24,0.94,-1,-1,-1
2,2,437.99,318.53,45.03,116.08,0.91,-1,-1,-1
2,3,364.17,310.25,45.72,121.67,0.92,-1,-1,-1
2,4,551.99,195.22,295.83,689.38,0.92,-1,-1,-1
2,5,287.17,334.79,72.71,107.67,0.86,-1,-1,-1
2,6,494.96,307.45,36.94,95.55,0.87,-1,-1,-1
2,7,105.34,364.39,146.38,200.66,0.86,-1,-1,-1
2,8,520.17,315.86,39.18,92.95,0.84,-1,-1,-1
2,9,480.79,348.43,36.00,87.05,0.88,-1,-1,-1
2,10,762.76,281.13,121.46,287.19,0.86,-1,-1,-1
3,1,48.09,369.76,204.79,234.78,0.94,-1,-1,-1
3,2,437.33,318.12,45.07,115.18,0.91,-1,-1,-1
3,3,362.28,309.24,46.57,123.28,0.91,-1,-1,-1
3,4,545.80,197.27,295.34,697.59,0.92,-1,-1,-1
3,5,285.58,333.59,72.16,108.84,0.87,-1,-1,-1
3,6,493.86,307.94,37.65,94.06,0.88,-1,-1,-1
3,7,99.36,364.39,149.09,203.18,0.84,-1,-1,-1
3,8,519.75,315.88,36.69,92.40,0.82,-1,-1,-1
3,9,480.93,348.62,35.24,86.72,0.89,-1,-1,-1
3,10,761.05,280.41,121.22,286.00,0.87,-1,-1,-1
4,1,41.51,370.30,207.82,236.86,0.95,-1,-1,-1
4,2,436.77,317.37,45.79,115.89,0.91,-1,-1,-1
4,3,360.36,308.93,47.51,123.49,0.91,-1,-1,-1
4,4,539.27,202.61,295.28,699.31,0.91,-1,-1,-1
4,5,284.09,334.25,72.34,108.87,0.89,-1,-1,-1
4,6,493.84,308.60,37.22,92.26,0.89,-1,-1,-1
4,7,94.06,365.39,150.92,203.91,0.88,-1,-1,-1
4,8,518.27,315.23,38.70,92.25,0.81,-1,-1,-1
4,9,477.93,348.55,37.06,86.92,0.87,-1,-1,-1
4,10,758.22,279.87,122.59,288.14,0.87,-1,-1,-1
5,1,35.48,371.12,210.91,238.72,0.94,-1,-1,-1
5,2,436.98,316.67,45.40,116.44,0.91,-1,-1,-1
5,3,359.03,309.02,46.86,123.20,0.91,-1,-1,-1
5,4,532.15,205.94,295.91,707.55,0.91,-1,-1,-1
5,5,282.76,335.02,73.06,109.13,0.90,-1,-1,-1
5,6,493.93,308.15,36.40,93.01,0.89,-1,-1,-1
5,7,88.34,366.38,155.01,209.47,0.85,-1,-1,-1
5,8,515.33,315.20,39.95,92.86,0.82,-1,-1,-1
5,9,476.71,347.42,37.02,88.26,0.88,-1,-1,-1
5,10,752.52,280.54,125.01,292.30,0.86,-1,-1,-1
6,1,29.86,372.31,213.06,243.02,0.94,-1,-1,-1
6,2,436.83,315.98,45.25,116.93,0.92,-1,-1,-1
6,3,358.42,308.75,47.53,123.38,0.91,-1,-1,-1
6,4,522.38,210.13,296.71,710.30,0.91,-1,-1,-1
6,5,281.83,334.67,73.61,110.13,0.87,-1,-1,-1
6,6,493.73,307.83,36.10,93.60,0.88,-1,-1,-1
6,7,85.18,366.84,155.64,208.06,0.83,-1,-1,-1
6,8,514.69,314.72,38.53,92.12,0.83,-1,-1,-1
6,9,475.77,346.24,36.99,86.51,0.86,-1,-1,-1
6,10,749.38,281.29,127.72,289.18,0.89,-1,-1,-1
7,1,24.35,373.76,214.12,244.50,0.94,-1,-1,-1
7,2,437.95,316.30,45.06,116.18,0.92,-1,-1,-1
7,3,358.32,308.27,48.70,124.07,0.91,-1,-1,-1
7,4,514.22,212.63,296.46,693.41,0.91,-1,-1,-1
7,5,280.98,334.34,74.75,110.78,0.88,-1,-1,-1
7,6,493.76,306.84,35.38,94.78,0.88,-1,-1,-1
7,7,79.78,366.77,158.45,216.07,0.85,-1,-1,-1
7,8,513.98,314.47,39.26,91.24,0.84,-1,-1,-1
7,9,475.55,345.43,36.36,86.48,0.88,-1,-1,-1
7,10,748.77,282.40,125.03,288.22,0.90,-1,-1,-1
8,1,18.46,373.90,217.16,246.67,0.95,-1,-1,-1
8,2,438.15,315.44,44.84,116.47,0.91,-1,-1,-1
8,3,358.30,306.82,49.42,125.18,0.91,-1,-1,-1
8,4,502.52,208.04,302.48,687.15,0.91,-1,-1,-1
8,5,279.96,334.46,76.37,110.94,0.90,-1,-1,-1
8,6,493.71,305.18,35.13,96.11,0.88,-1,-1,-1
8,7,74.81,366.38,160.93,209.18,0.86,-1,-1,-1
8,8,514.31,314.31,37.07,89.97,0.80,-1,-1,-1
8,9,475.46,344.47,36.12,87.36,0.88,-1,-1,-1
8,10,748.83,283.65,122.72,287.47,0.91,-1,-1,-1
9,1,12.23,374.15,221.12,250.39,0.95,-1,-1,-1
9,2,438.70,314.93,44.30,116.87,0.92,-1,-1,-1
9,3,358.20,305.62,49.96,124.96,0.92,-1,-1,-1
9,4,494.26,202.67,302.82,674.59,0.91,-1,-1,-1
9,5,279.21,333.84,76.95,111.88,0.90,-1,-1,-1
9,6,493.40,303.90,35.04,95.99,0.88,-1,-1,-1
9,7,72.23,366.12,161.20,208.17,0.86,-1,-1,-1
9,8,516.07,314.98,34.36,85.82,0.75,-1,-1,-1
9,9,475.47,343.77,36.03,87.37,0.87,-1,-1,-1
9,10,748.33,284.34,123.71,287.51,0.91,-1,-1,-1
10,1,6.55,372.61,224.77,252.88,0.94,-1,-1,-1
10,2,437.86,313.61,45.48,117.61,0.91,-1,-1,-1
10,3,357.95,304.19,50.44,125.46,0.92,-1,-1,-1
10,4,487.59,195.94,307.70,675.58,0.91,-1,-1,-1
10,5,278.42,332.61,77.44,113.10,0.90,-1,-1,-1
10,6,493.33,302.59,35.02,95.62,0.86,-1,-1,-1
10,7,67.16,365.91,165.25,209.56,0.84,-1,-1,-1
10,8,516.76,314.37,30.87,81.52,0.73,-1,-1,-1
10,9,475.54,343.44,36.60,85.85,0.88,-1,-1,-1
10,10,750.06,284.96,119.20,286.46,0.89,-1,-1,-1
11,1,1.82,371.91,226.36,254.47,0.94,-1,-1,-1
11,2,438.35,314.23,46.22,116.07,0.91,-1,-1,-1
11,3,358.08,302.82,51.20,125.64,0.91,-1,-1,-1
11,4,481.98,190.00,314.91,675.33,0.91,-1,-1,-1
11,5,277.75,332.06,78.20,113.24,0.91,-1,-1,-1
11,6,493.82,301.71,35.02,94.58,0.87,-1,-1,-1
11,7,64.66,364.52,165.50,209.28,0.87,-1,-1,-1
11,8,518.48,312.32,29.06,81.62,0.68,-1,-1,-1
11,9,475.49,342.17,38.02,87.10,0.87,-1,-1,-1
11,10,747.61,285.50,120.59,284.90,0.86,-1,-1,-1
12,1,-3.56,372.18,229.25,256.05,0.94,-1,-1,-1
12,2,438.35,313.95,47.11,116.11,0.91,-1,-1,-1
12,3,357.95,301.80,51.48,125.41,0.92,-1,-1,-1
12,4,483.21,186.51,314.69,668.92,0.91,-1,-1,-1
12,5,277.18,331.79,78.79,112.98,0.91,-1,-1,-1
12,6,493.82,300.56,34.44,97.84,0.86,-1,-1,-1
12,7,60.51,364.23,167.77,206.90,0.86,-1,-1,-1
12,8,519.54,311.51,27.24,76.18,0.67,-1,-1,-1
12,9,475.31,341.49,39.16,88.18,0.86,-1,-1,-1
12,10,749.06,284.98,118.72,283.62,0.87,-1,-1,-1
13,1,-16.11,372.01,240.01,259.99,0.93,-1,-1,-1
13,2,437.95,312.83,48.13,116.65,0.92,-1,-1,-1
13,3,357.89,301.01,51.81,124.93,0.92,-1,-1,-1
13,4,486.74,183.40,311.17,663.82,0.90,-1,-1,-1
13,5,276.71,330.48,79.51,113.99,0.91,-1,-1,-1
13,6,494.45,299.14,34.18,97.78,0.86,-1,-1,-1
13,7,54.58,362.98,171.37,207.05,0.87,-1,-1,-1
13,8,521.82,312.55,22.79,63.82,0.31,-1,-1,-1
13,9,476.46,340.96,38.36,88.52,0.85,-1,-1,-1
13,10,751.64,283.95,115.48,282.24,0.89,-1,-1,-1
14,1,-22.74,372.43,243.53,261.50,0.93,-1,-1,-1
14,2,438.00,311.96,48.54,116.30,0.90,-1,-1,-1
14,3,358.20,300.58,51.64,124.79,0.92,-1,-1,-1
14,4,488.85,184.05,311.13,657.04,0.91,-1,-1,-1
14,5,276.11,329.86,79.80,114.98,0.90,-1,-1,-1
14,6,494.92,298.31,34.12,98.09,0.85,-1,-1,-1
14,7,52.11,362.40,171.24,213.77,0.86,-1,-1,-1
14,8,522.84,311.61,21.41,61.62,0.15,-1,-1,-1
14,9,478.94,341.54,36.25,88.08,0.87,-1,-1,-1
14,10,754.20,282.76,111.93,280.67,0.88,-1,-1,-1
15,1,-25.08,373.01,245.12,265.16,0.93,-1,-1,-1
15,2,437.92,311.48,48.70,115.90,0.90,-1,-1,-1
15,3,358.22,300.27,51.57,124.77,0.90,-1,-1,-1
15,4,492.72,187.47,307.57,658.31,0.91,-1,-1,-1
15,5,275.48,329.17,80.21,115.67,0.91,-1,-1,-1
15,6,495.31,297.70,34.11,96.72,0.86,-1,-1,-1
15,7,50.62,362.17,169.75,218.68,0.87,-1,-1,-1
15,9,479.20,341.16,36.68,87.33,0.87,-1,-1,-1
15,10,753.31,281.97,112.54,277.79,0.89,-1,-1,-1
16,1,-27.95,372.28,251.09,268.82,0.89,-1,-1,-1
16,2,439.09,309.47,48.16,117.60,0.90,-1,-1,-1
16,3,357.91,300.57,50.65,124.21,0.90,-1,-1,-1
16,4,495.01,190.34,302.04,663.42,0.90,-1,-1,-1
16,5,274.91,328.88,81.26,115.96,0.91,-1,-1,-1
16,6,495.79,297.90,33.52,95.64,0.85,-1,-1,-1
16,7,45.04,361.89,171.94,224.16,0.87,-1,-1,-1
16,9,480.21,340.41,35.64,87.38,0.88,-1,-1,-1
16,10,754.95,281.34,109.80,275.82,0.91,-1,-1,-1
17,1,-31.20,373.08,247.72,271.88,0.89,-1,-1,-1
17,2,439.15,309.73,48.51,115.78,0.89,-1,-1,-1
17,3,357.48,300.65,50.55,124.22,0.90,-1,-1,-1
17,4,498.00,194.44,297.95,661.90,0.91,-1,-1,-1
17,5,274.45,328.86,80.70,115.68,0.90,-1,-1,-1
17,6,494.64,298.10,35.11,98.78,0.84,-1,-1,-1
17,7,39.55,362.14,173.91,226.07,0.86,-1,-1,-1
17,9,480.18,339.62,35.83,87.65,0.86,-1,-1,-1
17,10,753.78,279.71,108.14,275.27,0.90,-1,-1,-1
18,1,-34.03,374.93,246.26,273.26,0.89,-1,-1,-1
18,2,439.26,309.72,48.21,115.09,0.90,-1,-1,-1
18,3,356.97,300.73,49.33,124.23,0.89,-1,-1,-1
18,4,500.96,199.59,291.72,657.25,0.91,-1,-1,-1
18,5,273.93,328.76,80.18,115.85,0.90,-1,-1,-1
18,6,493.87,298.35,35.70,98.76,0.84,-1,-1,-1
18,7,33.41,362.61,176.75,227.91,0.86,-1,-1,-1
18,9,480.72,339.21,35.32,87.75,0.87,-1,-1,-1
18,10,753.63,278.64,105.20,276.79,0.91,-1,-1,-1
19,1,-41.29,376.59,249.45,276.14,0.88,-1,-1,-1
19,2,438.82,309.27,48.51,115.41,0.90,-1,-1,-1
19,3,356.33,301.50,49.74,123.61,0.91,-1,-1,-1
19,4,502.72,204.52,288.11,653.67,0.91,-1,-1,-1
19,5,272.73,328.55,80.54,116.77,0.90,-1,-1,-1
19,6,493.24,298.60,34.13,96.03,0.84,-1,-1,-1
19,7,27.74,363.32,179.34,230.86,0.87,-1,-1,-1
19,9,480.57,338.30,35.12,87.47,0.88,-1,-1,-1
19,10,751.35,277.96,105.97,279.14,0.90,-1,-1,-1
20,1,-46.65,376.91,251.53,282.42,0.87,-1,-1,-1
20,2,438.64,308.97,48.02,116.11,0.91,-1,-1,-1
20,3,355.21,301.96,50.49,123.06,0.91,-1,-1,-1
20,4,504.00,204.23,282.57,650.23,0.90,-1,-1,-1
20,5,271.12,328.49,82.73,117.97,0.91,-1,-1,-1
20,6,492.38,298.42,33.52,98.29,0.85,-1,-1,-1
20,7,21.32,363.89,182.27,236.00,0.88,-1,-1,-1
20,9,480.49,337.68,35.65,87.95,0.88,-1,-1,-1
20,10,747.45,278.32,107.49,280.32,0.89,-1,-1,-1
21,1,-61.03,376.92,271.24,287.66,0.83,-1,-1,-1
21,2,438.15,309.09,47.38,116.38,0.89,-1,-1,-1
21,3,354.24,301.45,50.46,123.45,0.84,-1,-1,-1
21,4,506.07,200.37,281.18,652.64,0.89,-1,-1,-1
21,5,269.40,328.09,84.72,120.18,0.90,-1,-1,-1
21,6,492.41,298.28,32.09,94.95,0.82,-1,-1,-1
21,7,15.65,364.30,184.97,243.75,0.88,-1,-1,-1
21,9,480.18,337.37,36.44,87.82,0.88,-1,-1,-1
21,10,740.95,278.83,112.90,280.32,0.90,-1,-1,-1
22,1,-69.07,377.48,272.43,289.59,0.83,-1,-1,-1
22,2,437.16,309.16,47.28,116.19,0.90,-1,-1,-1
22,3,352.78,301.13,48.36,123.61,0.86,-1,-1,-1
22,4,505.59,197.25,281.95,648.74,0.90,-1,-1,-1
22,5,267.53,328.25,85.17,120.71,0.91,-1,-1,-1
22,6,491.78,298.10,31.57,93.06,0.80,-1,-1,-1
22,7,7.43,364.30,189.28,242.73,0.89,-1,-1,-1
22,9,479.41,337.59,38.52,88.08,0.87,-1,-1,-1
22,10,736.45,280.85,114.91,280.35,0.89,-1,-1,-1
23,1,-74.06,376.38,271.95,300.06,0.82,-1,-1,-1
23,2,436.07,308.93,46.94,116.41,0.89,-1,-1,-1
23,3,351.09,300.44,50.58,123.97,0.91,-1,-1,-1
23,4,507.11,195.79,278.70,643.15,0.92,-1,-1,-1
23,5,265.39,328.35,84.13,119.99,0.90,-1,-1,-1
23,6,489.30,297.01,32.00,93.28,0.79,-1,-1,-1
23,7,-1.46,364.77,192.68,246.16,0.87,-1,-1,-1
23,9,477.81,337.87,41.05,88.47,0.88,-1,-1,-1
23,10,737.32,280.90,111.55,281.11,0.90,-1,-1,-1
24,1,-92.30,377.32,285.67,314.11,0.83,-1,-1,-1
24,2,435.01,309.78,46.23,115.93,0.90,-1,-1,-1
24,3,349.93,299.92,51.69,124.14,0.90,-1,-1,-1
24,4,505.24,195.97,280.07,644.51,0.91,-1,-1,-1
24,5,262.72,328.14,83.73,120.32,0.91,-1,-1,-1
24,6,487.16,296.34,33.38,93.70,0.80,-1,-1,-1
24,7,-7.23,364.70,193.43,256.27,0.87,-1,-1,-1
24,9,475.68,338.32,43.19,88.34,0.87,-1,-1,-1
24,10,735.09,282.42,109.68,280.60,0.88,-1,-1,-1
25,1,-98.31,385.11,288.83,303.72,0.82,-1,-1,-1
25,2,433.60,309.74,46.86,116.32,0.89,-1,-1,-1
25,3,348.26,298.47,53.88,124.77,0.89,-1,-1,-1
25,4,501.72,194.05,279.98,640.00,0.92,-1,-1,-1
25,5,260.35,327.40,85.03,121.58,0.90,-1,-1,-1
25,6,485.36,296.04,34.48,90.55,0.81,-1,-1,-1
25,7,-13.30,364.16,194.21,259.26,0.86,-1,-1,-1
25,9,475.03,338.43,41.13,88.27,0.86,-1,-1,-1
25,10,731.73,282.32,109.59,281.24,0.89,-1,-1,-1
26,1,-119.79,387.35,306.79,305.96,0.74,-1,-1,-1
26,2,432.08,309.63,46.81,116.52,0.90,-1,-1,-1
26,3,346.45,297.23,53.54,125.37,0.88,-1,-1,-1
26,4,499.73,195.73,275.88,634.51,0.92,-1,-1,-1
26,5,257.82,325.98,85.83,124.17,0.91,-1,-1,-1
26,6,484.01,295.53,34.32,89.11,0.82,-1,-1,-1
26,7,-24.08,364.41,197.66,264.08,0.86,-1,-1,-1
26,9,473.51,338.83,42.05,87.98,0.86,-1,-1,-1
26,10,729.06,281.59,110.19,279.68,0.91,-1,-1,-1
27,1,-132.11,404.06,314.38,296.64,0.68,-1,-1,-1
27,2,431.09,308.67,46.04,117.48,0.89,-1,-1,-1
27,3,344.93,296.01,51.61,126.76,0.87,-1,-1,-1
27,4,499.03,196.50,269.54,635.02,0.92,-1,-1,-1
27,5,255.17,325.28,85.81,126.88,0.92,-1,-1,-1
27,6,481.45,295.04,35.45,89.80,0.85,-1,-1,-1
27,7,-33.59,364.19,199.69,266.96,0.85,-1,-1,-1
27,9,471.77,339.12,41.79,87.56,0.85,-1,-1,-1
27,10,723.91,280.23,111.62,278.30,0.90,-1,-1,-1
27,11,358.42,300.15,40.05,120.15,0.71,-1,-1,-1
28,1,-136.19,417.94,310.49,286.83,0.68,-1,-1,-1
28,2,430.38,307.58,45.60,119.01,0.89,-1,-1,-1
28,3,343.75,295.87,50.24,126.37,0.91,-1,-1,-1
28,4,496.75,198.61,266.04,635.82,0.92,-1,-1,-1
28,5,252.26,324.30,86.96,127.58,0.90,-1,-1,-1
28,6,480.00,294.72,35.86,90.97,0.86,-1,-1,-1
28,7,-40.35,364.99,199.23,266.13,0.83,-1,-1,-1
28,9,472.69,338.78,38.71,87.98,0.85,-1,-1,-1
28,10,718.53,278.52,113.94,274.46,0.91,-1,-1,-1
29,1,-136.68,421.68,304.78,289.46,0.68,-1,-1,-1
29,2,429.84,307.04,45.59,119.84,0.90,-1,-1,-1
29,3,342.48,296.17,50.03,126.17,0.90,-1,-1,-1
29,4,492.75,201.52,264.22,638.12,0.92,-1,-1,-1
29,5,249.79,323.37,88.25,129.24,0.92,-1,-1,-1
29,6,478.75,294.33,36.02,89.60,0.85,-1,-1,-1
29,7,-48.54,366.22,200.33,263.81,0.82,-1,-1,-1
29,9,470.50,338.66,40.54,86.63,0.81,-1,-1,-1
29,10,713.10,278.18,116.59,272.06,0.91,-1,-1,-1
30,1,-134.06,423.96,291.16,291.21,0.66,-1,-1,-1
30,2,427.74,306.84,47.54,120.16,0.89,-1,-1,-1
30,3,341.75,296.73,48.75,125.52,0.91,-1,-1,-1
30,4,486.52,208.10,264.86,633.94,0.92,-1,-1,-1
30,5,246.24,322.57,89.91,131.63,0.93,-1,-1,-1
30,6,477.44,294.80,35.48,83.99,0.82,-1,-1,-1
30,7,-56.95,367.84,202.49,269.97,0.80,-1,-1,-1
30,9,467.97,338.46,41.77,89.43,0.81,-1,-1,-1
30,10,709.12,277.46,117.00,271.24,0.92,-1,-1,-1
31,1,-133.80,427.96,292.86,291.88,0.58,-1,-1,-1
31,2,426.13,307.38,48.27,118.51,0.89,-1,-1,-1
31,3,340.53,297.41,47.98,124.38,0.90,-1,-1,-1
31,4,476.22,214.59,267.01,624.58,0.92,-1,-1,-1
31,5,243.36,322.45,90.53,132.23,0.92,-1,-1,-1
31,6,476.17,294.08,34.67,84.69,0.81,-1,-1,-1
31,7,-68.03,369.34,206.28,266.38,0.79,-1,-1,-1
31,9,462.39,338.85,45.76,85.46,0.76,-1,-1,-1
31,10,705.45,277.07,117.75,273.27,0.93,-1,-1,-1
32,1,-127.08,461.17,269.01,249.16,0.41,-1,-1,-1
32,2,423.81,307.59,50.02,116.96,0.89,-1,-1,-1
32,3,340.17,298.27,46.79,124.85,0.91,-1,-1,-1
32,4,466.51,217.12,267.85,621.88,0.92,-1,-1,-1
32,5,239.88,325.20,91.91,130.34,0.91,-1,-1,-1
32,6,474.88,295.03,34.35,84.35,0.81,-1,-1,-1
32,7,-76.21,371.06,208.23,270.19,0.79,-1,-1,-1
32,9,463.73,338.85,44.41,90.86,0.71,-1,-1,-1
32,10,701.82,277.38,117.40,274.79,0.93,-1,-1,-1
33,1,-123.68,482.00,258.46,236.04,0.27,-1,-1,-1
33,2,421.48,308.50,51.87,116.11,0.90,-1,-1,-1
33,3,339.75,299.42,45.77,124.16,0.91,-1,-1,-1
33,4,456.10,216.37,269.55,626.71,0.91,-1,-1,-1
33,5,236.94,323.55,93.34,133.47,0.93,-1,-1,-1
33,6,473.85,296.07,33.65,85.19,0.80,-1,-1,-1
33,7,-84.58,373.30,210.20,286.37,0.77,-1,-1,-1
33,9,468.26,339.23,38.49,87.26,0.14,-1,-1,-1
33,10,698.86,279.04,116.72,276.06,0.93,-1,-1,-1
34,2,419.07,307.94,53.29,116.66,0.90,-1,-1,-1
34,3,339.27,300.15,46.02,124.16,0.92,-1,-1,-1
34,4,447.75,214.99,269.12,629.45,0.92,-1,-1,-1
34,5,233.52,322.63,93.83,135.16,0.93,-1,-1,-1
34,6,472.06,296.60,33.99,84.90,0.80,-1,-1,-1
34,7,-89.13,375.57,208.16,302.20,0.74,-1,-1,-1
34,10,696.36,281.91,115.82,275.71,0.91,-1,-1,-1
35,2,416.38,308.19,54.98,118.33,0.89,-1,-1,-1
35,3,338.64,301.03,46.11,124.14,0.92,-1,-1,-1
35,4,441.00,214.89,267.59,622.77,0.92,-1,-1,-1
35,5,230.23,322.16,94.85,137.50,0.93,-1,-1,-1
35,6,470.48,297.87,33.51,83.29,0.80,-1,-1,-1
35,7,-97.40,378.17,209.44,311.07,0.75,-1,-1,-1
35,10,695.43,284.64,113.65,275.67,0.91,-1,-1,-1
36,2,414.24,307.81,57.51,119.26,0.86,-1,-1,-1
36,3,338.45,301.32,46.76,124.43,0.92,-1,-1,-1
36,4,437.79,212.65,268.40,627.23,0.92,-1,-1,-1
36,5,227.02,322.69,96.38,137.18,0.94,-1,-1,-1
36,6,469.50,298.45,32.73,78.78,0.73,-1,-1,-1
36,7,-96.84,380.57,202.68,317.87,0.75,-1,-1,-1
36,10,695.09,287.12,108.62,275.36,0.90,-1,-1,-1
37,2,412.79,310.61,55.89,116.06,0.86,-1,-1,-1
37,3,337.72,301.25,47.93,124.57,0.92,-1,-1,-1
37,4,436.55,211.44,268.11,617.46,0.92,-1,-1,-1
37,5,223.55,322.90,97.28,138.81,0.94,-1,-1,-1
37,6,468.24,298.32,32.46,78.08,0.69,-1,-1,-1
37,7,-92.36,382.38,191.82,333.76,0.77,-1,-1,-1
37,10,694.20,289.02,107.41,275.48,0.91,-1,-1,-1
38,2,411.00,310.52,55.17,116.91,0.88,-1,-1,-1
38,3,336.78,300.21,50.13,125.19,0.91,-1,-1,-1
38,4,439.15,209.96,263.11,607.48,0.92,-1,-1,-1
38,5,221.67,323.31,97.83,139.94,0.94,-1,-1,-1
38,6,467.07,298.31,32.95,78.15,0.66,-1,-1,-1
38,7,-91.42,383.61,184.73,330.48,0.73,-1,-1,-1
38,10,694.36,290.21,105.12,274.10,0.91,-1,-1,-1
39,2,409.45,311.92,54.73,116.33,0.90,-1,-1,-1
39,3,336.69,300.80,51.85,124.54,0.90,-1,-1,-1
39,4,441.64,210.52,259.51,599.08,0.92,-1,-1,-1
39,5,220.27,324.03,97.74,140.04,0.94,-1,-1,-1
39,6,466.19,298.38,33.15,80.04,0.60,-1,-1,-1
39,7,-84.42,384.90,170.92,338.80,0.73,-1,-1,-1
39,10,694.65,291.14,98.87,271.51,0.92,-1,-1,-1
40,2,407.59,312.74,54.56,116.15,0.90,-1,-1,-1
40,3,335.79,300.27,52.52,124.91,0.90,-1,-1,-1
40,4,441.37,212.66,256.45,598.65,0.91,-1,-1,-1
40,5,217.94,324.61,99.09,140.80,0.95,-1,-1,-1
40,6,464.88,296.77,33.83,86.75,0.75,-1,-1,-1
40,7,-80.64,386.24,162.67,345.54,0.68,-1,-1,-1
40,10,693.87,292.07,100.94,268.38,0.92,-1,-1,-1
41,2,406.16,313.87,54.74,115.12,0.90,-1,-1,-1
41,3,335.61,299.56,52.73,125.58,0.89,-1,-1,-1
41,4,441.63,214.78,251.45,589.16,0.91,-1,-1,-1
41,5,216.25,325.49,99.00,141.72,0.93,-1,-1,-1
41,6,463.02,295.83,35.85,97.62,0.80,-1,-1,-1
41,7,-87.80,387.31,176.14,343.56,0.63,-1,-1,-1
41,10,692.98,291.13,101.03,266.49,0.92,-1,-1,-1
42,2,404.75,314.43,56.74,115.37,0.88,-1,-1,-1
42,3,333.75,300.05,56.05,126.16,0.91,-1,-1,-1
42,4,444.22,219.00,246.86,587.23,0.91,-1,-1,-1
42,5,214.96,328.95,98.88,140.43,0.92,-1,-1,-1
42,6,462.47,296.34,35.45,95.33,0.82,-1,-1,-1
42,7,-95.00,389.62,171.34,328.92,0.49,-1,-1,-1
42,10,690.17,290.28,101.14,265.72,0.89,-1,-1,-1
42,12,649.80,318.38,50.40,126.00,0.73,-1,-1,-1
43,2,404.22,314.36,55.16,116.08,0.90,-1,-1,-1
43,3,332.87,300.86,57.60,126.10,0.91,-1,-1,-1
43,4,445.97,224.75,241.71,589.20,0.91,-1,-1,-1
43,5,213.73,329.57,98.99,141.26,0.92,-1,-1,-1
43,6,462.43,296.57,34.11,94.28,0.83,-1,-1,-1
43,7,-98.62,384.98,176.74,313.61,0.27,-1,-1,-1
43,10,689.34,289.20,101.26,265.68,0.91,-1,-1,-1
43,12,650.27,318.90,51.16,127.87,0.72,-1,-1,-1
44,2,401.92,313.51,57.18,116.64,0.89,-1,-1,-1
44,3,332.49,301.40,58.45,125.75,0.89,-1,-1,-1
44,4,447.38,228.15,241.49,585.63,0.92,-1,-1,-1
44,5,212.79,329.26,99.49,142.57,0.93,-1,-1,-1
44,6,461.47,297.20,34.17,91.47,0.78,-1,-1,-1
44,7,-101.75,419.07,171.73,276.81,0.20,-1,-1,-1
44,10,690.48,288.90,99.49,264.31,0.92,-1,-1,-1
44,12,651.01,319.53,49.93,132.37,0.79,-1,-1,-1
45,2,400.51,313.39,57.94,116.59,0.88,-1,-1,-1
45,3,333.21,302.56,58.21,125.95,0.88,-1,-1,-1
45,4,449.29,229.24,239.36,591.36,0.92,-1,-1,-1
45,5,211.78,329.22,99.48,142.77,0.94,-1,-1,-1
45,6,461.17,298.25,33.61,89.19,0.73,-1,-1,-1
45,7,-117.73,429.73,175.79,269.89,0.12,-1,-1,-1
45,10,693.17,288.36,97.10,263.15,0.92,-1,-1,-1
45,12,651.64,320.74,50.21,131.84,0.78,-1,-1,-1
46,2,399.41,313.97,58.48,115.36,0.88,-1,-1,-1
46,3,333.21,303.77,58.93,126.00,0.88,-1,-1,-1
46,4,452.43,228.89,237.94,588.13,0.92,-1,-1,-1
46,5,210.81,329.78,99.93,142.95,0.94,-1,-1,-1
46,6,461.36,300.79,32.18,85.90,0.74,-1,-1,-1
46,10,695.96,288.53,93.76,263.47,0.91,-1,-1,-1
46,12,653.44,321.36,50.30,128.79,0.81,-1,-1,-1
47,2,399.17,313.82,57.80,115.20,0.89,-1,-1,-1
47,3,334.09,304.75,58.32,125.13,0.90,-1,-1,-1
47,4,453.74,227.26,238.77,582.40,0.92,-1,-1,-1
47,5,210.48,330.23,99.80,143.89,0.93,-1,-1,-1
47,6,461.90,302.28,28.61,81.03,0.72,-1,-1,-1
47,10,696.24,288.95,94.45,265.59,0.92,-1,-1,-1
47,12,654.78,321.96,51.00,126.73,0.81,-1,-1,-1
48,2,398.26,314.40,58.40,114.54,0.89,-1,-1,-1
48,3,335.65,305.91,56.56,124.49,0.88,-1,-1,-1
48,4,452.59,226.04,243.94,574.91,0.92,-1,-1,-1
48,5,210.16,332.22,99.43,143.02,0.93,-1,-1,-1
48,6,461.38,303.47,27.29,77.70,0.65,-1,-1,-1
48,10,695.00,289.90,97.14,267.44,0.91,-1,-1,-1
48,12,655.71,322.66,51.24,123.79,0.80,-1,-1,-1
49,2,398.01,315.12,56.85,114.61,0.89,-1,-1,-1
49,3,336.88,306.98,55.58,123.97,0.88,-1,-1,-1
49,4,451.02,225.89,245.36,568.97,0.93,-1,-1,-1
49,5,209.52,333.47,99.88,143.42,0.94,-1,-1,-1
49,6,460.95,305.32,28.12,73.47,0.68,-1,-1,-1
49,10,692.84,292.09,101.75,267.59,0.91,-1,-1,-1
49,12,656.37,323.86,51.95,120.59,0.79,-1,-1,-1
50,2,397.44,315.57,57.10,114.63,0.88,-1,-1,-1
50,3,333.53,307.10,57.27,124.95,0.87,-1,-1,-1
50,4,449.76,225.86,244.01,565.15,0.93,-1,-1,-1
50,5,208.55,334.23,100.29,142.19,0.94,-1,-1,-1
50,6,459.07,304.61,30.68,80.07,0.77,-1,-1,-1
50,10,693.67,294.49,101.67,267.16,0.92,-1,-1,-1
50,12,657.07,323.71,52.17,124.86,0.80,-1,-1,-1
51,2,396.82,316.68,57.49,114.04,0.87,-1,-1,-1
51,3,332.16,307.63,59.07,124.13,0.87,-1,-1,-1
51,4,449.89,227.98,240.60,564.48,0.93,-1,-1,-1
51,5,207.80,335.31,100.74,143.05,0.94,-1,-1,-1
51,6,458.41,305.61,30.74,77.90,0.56,-1,-1,-1
51,10,694.33,295.85,101.67,267.45,0.92,-1,-1,-1
51,12,657.92,324.44,51.65,125.47,0.81,-1,-1,-1
52,2,396.54,316.91,57.94,114.14,0.86,-1,-1,-1
52,3,332.29,307.77,58.00,124.44,0.86,-1,-1,-1
52,4,445.67,230.50,241.18,568.03,0.92,-1,-1,-1
52,5,206.26,336.40,101.20,145.00,0.94,-1,-1,-1
52,6,456.61,304.56,32.86,83.13,0.80,-1,-1,-1
52,10,693.94,296.90,102.86,266.40,0.91,-1,-1,-1
52,12,657.84,324.35,52.06,127.86,0.76,-1,-1,-1
53,2,396.21,317.42,56.91,114.77,0.87,-1,-1,-1
53,3,333.74,307.96,56.36,123.94,0.81,-1,-1,-1
53,4,440.40,233.05,242.18,561.17,0.93,-1,-1,-1
53,5,204.30,337.39,102.55,144.82,0.94,-1,-1,-1
53,6,455.26,303.89,33.79,86.76,0.81,-1,-1,-1
53,10,690.85,296.95,99.17,266.57,0.88,-1,-1,-1
53,12,658.09,324.43,51.00,129.63,0.75,-1,-1,-1
54,2,396.09,317.73,54.42,116.24,0.90,-1,-1,-1
54,3,343.27,307.55,47.01,124.39,0.90,-1,-1,-1
54,4,430.68,236.78,246.82,556.92,0.93,-1,-1,-1
54,5,202.33,338.16,103.36,144.62,0.93,-1,-1,-1
54,6,453.44,303.45,34.01,89.36,0.80,-1,-1,-1
54,10,688.52,296.93,105.60,265.24,0.93,-1,-1,-1
54,12,656.38,325.78,53.63,129.14,0.80,-1,-1,-1
54,13,582.30,323.55,93.60,236.25,0.80,-1,-1,-1
55,2,395.78,317.29,54.07,117.37,0.89,-1,-1,-1
55,3,346.99,306.83,43.68,124.85,0.91,-1,-1,-1
55,4,420.70,241.20,250.72,549.53,0.93,-1,-1,-1
55,5,200.83,338.45,103.85,144.67,0.94,-1,-1,-1
55,6,453.04,302.00,33.19,94.14,0.79,-1,-1,-1
55,10,686.19,296.67,107.88,260.98,0.92,-1,-1,-1
55,12,656.00,326.65,53.98,128.63,0.85,-1,-1,-1
55,13,579.10,324.35,93.65,235.30,0.83,-1,-1,-1
56,2,396.08,316.95,52.44,117.77,0.90,-1,-1,-1
56,3,348.24,306.24,42.95,125.30,0.90,-1,-1,-1
56,4,412.04,243.23,253.99,545.44,0.93,-1,-1,-1
56,5,199.26,338.84,104.16,145.53,0.94,-1,-1,-1
56,6,452.57,300.70,33.31,99.12,0.79,-1,-1,-1
56,10,682.99,295.16,110.52,257.69,0.91,-1,-1,-1
56,12,656.48,323.47,55.89,132.90,0.78,-1,-1,-1
56,13,579.56,327.28,90.20,231.29,0.83,-1,-1,-1
57,2,395.88,315.69,51.86,122.42,0.88,-1,-1,-1
57,3,337.83,306.36,54.60,125.22,0.84,-1,-1,-1
57,4,401.73,244.25,256.52,544.25,0.91,-1,-1,-1
57,5,197.20,338.74,104.82,145.59,0.94,-1,-1,-1
57,6,451.07,300.54,33.52,97.33,0.77,-1,-1,-1
57,10,682.45,294.93,106.87,256.27,0.90,-1,-1,-1
57,12,656.71,322.92,57.21,133.34,0.76,-1,-1,-1
57,13,584.70,329.84,83.33,229.41,0.71,-1,-1,-1
58,2,395.86,314.43,52.25,127.64,0.87,-1,-1,-1
58,3,334.76,306.66,61.19,125.16,0.88,-1,-1,-1
58,4,393.54,241.38,254.39,549.38,0.92,-1,-1,-1
58,5,195.22,338.91,105.60,145.26,0.94,-1,-1,-1
58,6,449.97,301.61,33.87,89.73,0.71,-1,-1,-1
58,10,677.77,293.90,107.74,257.24,0.88,-1,-1,-1
58,12,657.93,321.78,55.91,134.64,0.64,-1,-1,-1
58,13,580.83,328.94,91.36,233.15,0.72,-1,-1,-1
59,2,395.74,314.03,50.62,125.30,0.85,-1,-1,-1
59,3,342.01,306.27,56.44,125.76,0.85,-1,-1,-1
59,4,389.43,239.43,253.64,552.64,0.93,-1,-1,-1
59,5,193.73,338.76,105.62,145.62,0.94,-1,-1,-1
59,6,449.17,301.23,35.34,90.98,0.60,-1,-1,-1
59,10,676.20,293.30,106.91,258.47,0.88,-1,-1,-1
59,12,659.10,323.67,54.20,132.78,0.74,-1,-1,-1
59,13,577.90,327.88,93.66,234.16,0.82,-1,-1,-1
60,2,395.90,313.63,49.10,125.47,0.85,-1,-1,-1
60,3,348.27,307.06,51.22,125.36,0.88,-1,-1,-1
60,4,386.15,233.63,246.89,554.41,0.93,-1,-1,-1
60,5,192.72,338.72,105.89,146.60,0.94,-1,-1,-1
60,6,447.76,299.50,39.39,106.25,0.64,-1,-1,-1
60,10,669.66,293.26,116.69,259.95,0.90,-1,-1,-1
60,12,660.09,324.58,52.93,132.31,0.70,-1,-1,-1
60,13,574.61,329.71,95.73,231.90,0.81,-1,-1,-1
61,2,395.64,313.96,48.88,122.85,0.82,-1,-1,-1
61,3,350.42,307.98,49.22,124.62,0.85,-1,-1,-1
61,4,386.46,230.10,244.79,555.93,0.93,-1,-1,-1
61,5,191.16,339.18,106.27,148.31,0.94,-1,-1,-1
61,6,446.36,298.33,42.07,115.45,0.30,-1,-1,-1
61,10,667.86,293.88,119.13,261.14,0.91,-1,-1,-1
61,12,661.34,328.98,49.44,128.84,0.60,-1,-1,-1
61,13,578.96,329.74,86.62,226.39,0.85,-1,-1,-1
62,2,394.74,314.39,48.51,122.10,0.82,-1,-1,-1
62,3,353.09,308.47,47.89,124.32,0.87,-1,-1,-1
62,4,390.27,227.89,238.58,553.22,0.93,-1,-1,-1
62,5,189.02,340.07,106.76,148.18,0.94,-1,-1,-1
62,6,446.74,297.29,43.26,122.29,0.18,-1,-1,-1
62,10,665.38,295.90,120.61,260.98,0.90,-1,-1,-1
62,12,661.68,325.21,51.82,133.23,0.64,-1,-1,-1
62,13,579.35,326.57,90.73,225.98,0.86,-1,-1,-1
63,2,394.25,314.38,48.11,120.61,0.83,-1,-1,-1
63,3,354.31,308.03,44.39,125.11,0.86,-1,-1,-1
63,4,395.78,227.95,233.38,552.54,0.93,-1,-1,-1
63,5,187.42,341.45,107.19,148.55,0.94,-1,-1,-1
63,10,663.91,297.64,119.44,259.88,0.88,-1,-1,-1
63,12,662.10,326.99,51.49,131.59,0.37,-1,-1,-1
63,13,578.58,323.20,90.92,225.27,0.86,-1,-1,-1
64,2,394.26,314.61,46.76,118.55,0.83,-1,-1,-1
64,3,355.81,308.22,43.70,125.12,0.86,-1,-1,-1
64,4,399.79,230.15,225.97,549.66,0.94,-1,-1,-1
64,5,186.15,341.70,107.90,149.88,0.94,-1,-1,-1
64,10,662.55,298.24,121.24,260.54,0.88,-1,-1,-1
64,12,662.84,328.09,51.94,131.53,0.24,-1,-1,-1
64,13,576.18,321.76,92.17,229.05,0.87,-1,-1,-1
65,2,392.52,313.95,49.66,134.05,0.84,-1,-1,-1
65,3,357.29,308.00,43.49,125.45,0.87,-1,-1,-1
65,4,400.68,231.29,223.99,551.44,0.93,-1,-1,-1
65,5,185.08,341.80,108.40,150.39,0.94,-1,-1,-1
65,10,666.19,299.80,115.46,259.79,0.87,-1,-1,-1
65,12,662.78,329.84,52.13,131.08,0.37,-1,-1,-1
65,13,576.46,320.66,93.25,231.71,0.88,-1,-1,-1
66,2,392.90,314.30,50.09,134.15,0.80,-1,-1,-1
66,3,358.96,307.62,42.20,125.54,0.88,-1,-1,-1
66,4,399.79,236.23,226.17,543.96,0.92,-1,-1,-1
66,5,183.86,341.82,108.99,152.01,0.94,-1,-1,-1
66,10,668.07,300.54,113.68,259.31,0.90,-1,-1,-1
66,12,663.97,329.75,52.18,132.22,0.59,-1,-1,-1
66,13,576.06,320.88,93.62,233.87,0.89,-1,-1,-1
67,2,393.34,315.36,49.38,126.18,0.83,-1,-1,-1
67,3,360.71,307.36,40.84,124.40,0.89,-1,-1,-1
67,4,400.52,242.02,218.84,537.95,0.92,-1,-1,-1
67,5,182.49,342.30,109.81,154.55,0.95,-1,-1,-1
67,10,668.52,301.11,112.45,259.18,0.91,-1,-1,-1
67,12,665.31,325.84,56.40,136.84,0.57,-1,-1,-1
67,13,575.03,323.70,94.37,233.21,0.89,-1,-1,-1
68,2,393.09,316.04,48.50,124.12,0.86,-1,-1,-1
68,3,362.24,307.06,39.75,123.92,0.89,-1,-1,-1
68,4,399.04,246.08,222.19,532.47,0.92,-1,-1,-1
68,5,181.44,342.26,110.59,155.59,0.95,-1,-1,-1
68,10,671.66,301.86,107.13,254.27,0.91,-1,-1,-1
68,12,666.88,321.67,57.36,141.75,0.58,-1,-1,-1
68,13,574.02,325.65,95.20,232.58,0.89,-1,-1,-1
69,2,392.47,315.22,48.81,127.90,0.86,-1,-1,-1
69,3,362.78,306.63,40.33,123.49,0.87,-1,-1,-1
69,4,401.29,247.66,214.11,529.32,0.93,-1,-1,-1
69,5,180.04,342.38,111.80,156.15,0.95,-1,-1,-1
69,10,669.53,299.22,107.00,254.48,0.92,-1,-1,-1
69,12,669.23,321.66,58.92,141.76,0.22,-1,-1,-1
69,13,575.71,327.27,93.16,231.50,0.90,-1,-1,-1
70,2,391.91,313.62,48.61,127.17,0.86,-1,-1,-1
70,3,363.36,306.21,39.94,122.40,0.88,-1,-1,-1
70,4,403.69,248.86,209.05,526.44,0.93,-1,-1,-1
70,5,179.16,342.14,112.19,156.43,0.95,-1,-1,-1
70,10,670.01,296.79,103.90,255.55,0.91,-1,-1,-1
70,13,573.13,327.76,95.93,230.73,0.90,-1,-1,-1
71,2,391.24,311.29,50.05,134.05,0.83,-1,-1,-1
71,3,364.24,304.94,39.53,122.63,0.87,-1,-1,-1
71,4,406.07,245.40,207.99,527.27,0.93,-1,-1,-1
71,5,177.90,341.67,112.64,158.03,0.95,-1,-1,-1
71,10,671.47,295.50,100.96,253.05,0.91,-1,-1,-1
71,13,572.80,326.96,96.37,231.09,0.89,-1,-1,-1
72,2,391.33,311.66,48.80,125.17,0.85,-1,-1,-1
72,3,364.55,304.38,39.08,122.08,0.88,-1,-1,-1
72,4,406.81,241.44,214.16,536.23,0.92,-1,-1,-1
72,5,176.39,341.69,113.35,158.70,0.94,-1,-1,-1
72,10,673.19,293.89,97.44,252.05,0.90,-1,-1,-1
72,13,572.37,325.52,97.08,230.87,0.90,-1,-1,-1
73,2,391.95,310.94,48.01,121.22,0.84,-1,-1,-1
73,3,365.04,304.02,38.33,122.50,0.87,-1,-1,-1
73,4,406.46,238.44,215.27,525.69,0.92,-1,-1,-1
73,5,175.22,340.63,112.70,159.98,0.94,-1,-1,-1
73,10,673.82,292.10,99.89,253.55,0.92,-1,-1,-1
73,13,571.02,323.93,97.92,224.67,0.87,-1,-1,-1
74,2,392.56,310.07,48.03,120.39,0.85,-1,-1,-1
74,3,365.39,303.29,38.39,122.97,0.87,-1,-1,-1
74,4,406.82,234.40,218.33,525.50,0.92,-1,-1,-1
74,5,174.14,339.33,113.04,161.03,0.94,-1,-1,-1
74,10,673.81,290.83,100.20,255.03,0.91,-1,-1,-1
74,13,571.20,321.65,86.97,220.96,0.87,-1,-1,-1
75,2,393.06,309.04,47.46,120.41,0.85,-1,-1,-1
75,3,365.60,302.75,39.35,121.67,0.86,-1,-1,-1
75,4,406.48,230.09,221.37,528.52,0.92,-1,-1,-1
75,5,173.15,337.55,114.06,162.88,0.94,-1,-1,-1
75,10,676.66,289.63,94.37,257.09,0.89,-1,-1,-1
75,13,571.12,319.48,85.75,222.68,0.86,-1,-1,-1
75,14,729.90,348.30,72.90,128.70,0.76,-1,-1,-1
76,2,393.86,307.99,47.86,121.96,0.85,-1,-1,-1
76,3,366.25,301.89,40.02,121.81,0.87,-1,-1,-1
76,4,406.05,227.80,224.33,532.40,0.93,-1,-1,-1
76,5,172.33,336.20,115.19,164.63,0.94,-1,-1,-1
76,10,678.08,288.24,90.97,258.39,0.90,-1,-1,-1
76,13,574.51,319.83,84.74,220.25,0.83,-1,-1,-1
76,14,736.80,347.64,68.66,118.89,0.73,-1,-1,-1
77,2,394.51,307.06,47.70,120.16,0.87,-1,-1,-1
77,3,366.37,301.02,40.87,122.17,0.86,-1,-1,-1
77,4,403.58,227.17,227.05,540.90,0.93,-1,-1,-1
77,5,171.09,334.97,116.17,165.41,0.94,-1,-1,-1
77,10,679.70,287.66,89.17,260.23,0.89,-1,-1,-1
77,13,577.19,319.60,78.90,218.91,0.84,-1,-1,-1
77,14,734.27,346.81,73.48,122.30,0.74,-1,-1,-1
78,2,394.45,305.94,48.23,119.71,0.88,-1,-1,-1
78,3,366.55,299.76,41.77,123.14,0.87,-1,-1,-1
78,4,397.73,226.21,234.65,540.40,0.93,-1,-1,-1
78,5,170.04,334.17,116.76,166.45,0.93,-1,-1,-1
78,10,681.34,288.91,88.56,257.20,0.90,-1,-1,-1
78,13,573.71,315.54,87.36,223.48,0.86,-1,-1,-1
78,14,735.90,346.18,73.63,119.43,0.75,-1,-1,-1
79,2,394.55,305.37,48.44,120.21,0.88,-1,-1,-1
79,3,366.11,298.54,42.42,123.56,0.87,-1,-1,-1
79,4,393.02,229.42,237.54,539.09,0.94,-1,-1,-1
79,5,168.38,333.71,118.03,168.07,0.94,-1,-1,-1
79,10,683.06,289.56,87.19,257.35,0.89,-1,-1,-1
79,13,571.56,313.91,94.88,226.48,0.87,-1,-1,-1
79,14,737.15,345.82,74.83,113.45,0.77,-1,-1,-1
80,2,394.22,304.51,48.54,122.53,0.88,-1,-1,-1
80,3,365.99,297.28,42.09,124.34,0.87,-1,-1,-1
80,4,392.63,232.83,235.18,538.11,0.92,-1,-1,-1
80,5,166.34,333.36,118.98,169.28,0.94,-1,-1,-1
80,10,683.98,289.57,86.18,256.87,0.90,-1,-1,-1
80,13,569.56,312.80,97.86,228.27,0.87,-1,-1,-1
80,14,738.87,345.60,75.18,117.33,0.79,-1,-1,-1
81,2,395.33,303.96,48.25,122.77,0.85,-1,-1,-1
81,3,365.67,295.54,42.22,124.60,0.86,-1,-1,-1
81,4,392.45,236.60,232.08,531.45,0.93,-1,-1,-1
81,5,165.14,332.65,119.68,170.69,0.94,-1,-1,-1
81,10,682.68,288.66,87.63,250.93,0.90,-1,-1,-1
81,13,566.99,313.24,101.26,229.47,0.89,-1,-1,-1
81,14,741.26,344.86,74.55,114.75,0.80,-1,-1,-1
82,2,396.03,303.62,46.96,120.20,0.89,-1,-1,-1
82,3,365.22,294.30,41.99,124.12,0.88,-1,-1,-1
82,4,390.47,238.29,230.39,528.76,0.94,-1,-1,-1
82,5,163.33,331.52,119.08,172.40,0.94,-1,-1,-1
82,10,680.89,287.07,86.43,248.75,0.91,-1,-1,-1
82,13,565.90,314.01,102.02,228.48,0.88,-1,-1,-1
82,14,740.77,344.10,76.16,116.26,0.81,-1,-1,-1
83,2,395.61,302.85,46.48,119.52,0.88,-1,-1,-1
83,3,363.90,293.50,41.60,123.63,0.87,-1,-1,-1
83,4,385.63,240.93,229.73,507.84,0.93,-1,-1,-1
83,5,159.25,331.04,120.97,173.45,0.94,-1,-1,-1
83,10,677.23,286.28,86.64,247.66,0.91,-1,-1,-1
83,13,564.08,314.41,95.22,227.18,0.87,-1,-1,-1
83,14,740.31,343.46,77.32,120.06,0.83,-1,-1,-1
84,2,395.94,302.21,45.74,118.07,0.87,-1,-1,-1
84,3,362.54,292.26,41.49,121.94,0.88,-1,-1,-1
84,4,383.45,238.02,228.56,507.85,0.94,-1,-1,-1
84,5,156.48,330.42,121.27,174.66,0.95,-1,-1,-1
84,10,673.50,283.89,87.42,246.38,0.91,-1,-1,-1
84,13,562.90,313.72,97.36,228.76,0.87,-1,-1,-1
84,14,739.87,342.31,78.35,121.44,0.82,-1,-1,-1
84,15,287.10,277.88,21.60,57.15,0.73,-1,-1,-1
85,2,394.83,300.98,47.25,118.13,0.84,-1,-1,-1
85,3,361.42,291.27,42.01,123.40,0.89,-1,-1,-1
85,4,381.19,233.69,229.62,511.40,0.94,-1,-1,-1
85,5,153.80,329.74,118.10,175.67,0.94,-1,-1,-1
85,10,667.42,282.53,97.89,246.99,0.92,-1,-1,-1
85,13,563.46,313.11,97.47,228.74,0.88,-1,-1,-1
85,14,739.15,342.01,79.26,120.88,0.84,-1,-1,-1
85,15,286.24,276.50,21.62,57.56,0.67,-1,-1,-1
86,2,392.88,298.20,49.29,129.57,0.80,-1,-1,-1
86,3,359.91,290.23,41.90,123.64,0.85,-1,-1,-1
86,4,380.21,229.57,227.74,509.94,0.94,-1,-1,-1
86,5,149.54,329.40,121.66,176.44,0.94,-1,-1,-1
86,10,659.93,280.61,105.11,248.13,0.91,-1,-1,-1
86,13,565.74,310.87,89.75,228.41,0.88,-1,-1,-1
86,14,739.98,340.92,78.36,122.61,0.86,-1,-1,-1
86,15,285.44,275.72,21.63,57.99,0.58,-1,-1,-1
87,2,391.31,297.37,47.13,123.64,0.73,-1,-1,-1
87,3,358.52,290.21,41.87,124.04,0.88,-1,-1,-1
87,4,381.34,223.87,218.67,513.73,0.94,-1,-1,-1
87,5,145.38,329.04,124.74,177.00,0.95,-1,-1,-1
87,10,654.05,279.21,109.15,250.55,0.91,-1,-1,-1
87,13,566.35,308.74,81.80,223.97,0.90,-1,-1,-1
87,14,739.64,340.27,78.58,123.85,0.86,-1,-1,-1
87,15,284.77,275.18,21.27,57.06,0.44,-1,-1,-1
88,2,390.10,299.06,43.86,112.70,0.53,-1,-1,-1
88,3,357.08,289.65,41.57,124.50,0.88,-1,-1,-1
88,4,383.34,219.37,208.75,515.85,0.94,-1,-1,-1
88,5,141.09,328.79,125.40,177.33,0.95,-1,-1,-1
88,10,649.61,278.41,111.89,251.79,0.92,-1,-1,-1
88,13,565.18,305.85,79.61,223.81,0.91,-1,-1,-1
88,14,737.54,339.74,81.04,123.71,0.86,-1,-1,-1
88,15,283.87,274.71,21.16,56.41,0.53,-1,-1,-1
89,3,355.56,289.07,41.47,124.98,0.88,-1,-1,-1
89,4,384.21,216.42,211.86,519.32,0.92,-1,-1,-1
89,5,136.82,328.80,127.66,178.32,0.95,-1,-1,-1
89,10,644.71,278.46,115.28,252.30,0.92,-1,-1,-1
89,13,563.49,305.14,78.93,222.00,0.91,-1,-1,-1
89,14,731.70,339.27,87.29,123.95,0.87,-1,-1,-1
89,15,282.37,273.31,21.13,57.21,0.63,-1,-1,-1
90,3,354.78,288.75,40.80,124.23,0.87,-1,-1,-1
90,4,382.33,213.93,210.44,521.42,0.93,-1,-1,-1
90,5,131.95,327.89,129.07,179.81,0.95,-1,-1,-1
90,10,643.28,279.21,115.30,251.83,0.89,-1,-1,-1
90,13,560.89,303.63,81.74,225.34,0.89,-1,-1,-1
90,14,728.38,338.91,91.32,124.59,0.88,-1,-1,-1
90,15,281.13,272.87,20.79,55.88,0.63,-1,-1,-1
91,3,353.55,288.42,40.87,124.54,0.88,-1,-1,-1
91,4,378.41,214.45,211.72,524.19,0.94,-1,-1,-1
91,5,127.67,327.36,131.30,181.52,0.95,-1,-1,-1
91,10,641.32,278.94,111.77,252.85,0.89,-1,-1,-1
91,13,558.41,302.53,83.41,225.71,0.89,-1,-1,-1
91,14,727.63,338.65,92.89,125.56,0.88,-1,-1,-1
91,15,279.71,272.65,20.69,53.20,0.59,-1,-1,-1
92,3,352.81,288.11,40.31,125.24,0.88,-1,-1,-1
92,4,375.93,217.79,208.69,524.57,0.94,-1,-1,-1
92,5,122.20,327.14,132.57,183.14,0.95,-1,-1,-1
92,10,648.55,280.13,104.39,251.69,0.86,-1,-1,-1
92,13,556.75,304.17,82.30,223.58,0.90,-1,-1,-1
92,14,726.92,338.32,94.61,126.78,0.89,-1,-1,-1
92,15,278.76,272.37,20.97,52.90,0.66,-1,-1,-1
93,3,351.63,287.82,39.79,125.80,0.88,-1,-1,-1
93,4,373.67,220.86,207.69,528.90,0.94,-1,-1,-1
93,5,118.26,326.56,134.32,185.35,0.95,-1,-1,-1
93,10,642.60,281.17,110.60,250.69,0.88,-1,-1,-1
93,13,556.44,306.01,83.68,223.39,0.89,-1,-1,-1
93,14,729.83,338.06,91.70,127.67,0.88,-1,-1,-1
93,15,277.64,272.09,21.07,52.20,0.68,-1,-1,-1
93,16,724.50,339.07,73.80,116.55,0.72,-1,-1,-1
93,2,383.27,293.31,42.89,118.40,0.62,-1,-1,-1
94,3,350.70,287.64,39.30,126.00,0.86,-1,-1,-1
94,4,371.76,224.19,206.76,526.94,0.93,-1,-1,-1
94,5,113.83,326.25,134.38,187.78,0.94,-1,-1,-1
94,10,643.49,281.34,106.93,250.00,0.87,-1,-1,-1
94,13,555.23,308.88,84.79,222.72,0.90,-1,-1,-1
94,14,730.80,338.18,91.05,128.73,0.89,-1,-1,-1
94,15,276.73,271.74,21.42,53.84,0.70,-1,-1,-1
94,16,727.74,339.18,71.00,116.64,0.72,-1,-1,-1
94,2,381.69,294.36,44.40,118.67,0.73,-1,-1,-1
95,3,349.89,287.31,39.42,126.10,0.87,-1,-1,-1
95,4,370.02,226.97,203.59,521.50,0.93,-1,-1,-1
95,5,109.40,327.49,136.25,188.55,0.94,-1,-1,-1
95,10,641.29,281.30,110.22,249.96,0.91,-1,-1,-1
95,13,553.02,309.86,85.81,223.58,0.90,-1,-1,-1
95,14,730.61,338.45,91.95,129.58,0.90,-1,-1,-1
95,15,275.91,271.65,21.24,55.36,0.62,-1,-1,-1
95,16,726.28,339.27,71.86,117.04,0.74,-1,-1,-1
95,2,380.80,294.92,45.48,118.18,0.75,-1,-1,-1
96,3,348.86,287.63,40.07,125.20,0.86,-1,-1,-1
96,4,368.06,228.77,199.41,515.84,0.94,-1,-1,-1
96,5,104.96,328.69,138.36,189.17,0.94,-1,-1,-1
96,10,639.99,281.11,110.21,246.73,0.91,-1,-1,-1
96,13,551.42,310.79,85.59,222.35,0.89,-1,-1,-1
96,14,731.18,339.26,92.24,129.39,0.90,-1,-1,-1
96,15,275.65,271.77,21.17,54.43,0.66,-1,-1,-1
96,16,725.47,339.90,74.20,118.15,0.75,-1,-1,-1
96,2,379.61,295.74,45.57,116.44,0.70,-1,-1,-1
97,3,348.10,287.30,41.22,124.55,0.85,-1,-1,-1
97,4,366.38,228.65,199.04,511.77,0.94,-1,-1,-1
97,5,101.42,328.72,139.70,191.57,0.94,-1,-1,-1
97,10,641.99,280.55,106.63,243.86,0.92,-1,-1,-1
97,13,547.92,309.59,88.51,224.89,0.90,-1,-1,-1
97,14,732.05,339.37,92.91,130.33,0.89,-1,-1,-1
97,15,275.62,271.66,20.24,51.34,0.53,-1,-1,-1
97,16,725.61,340.39,75.58,118.80,0.74,-1,-1,-1
97,2,377.01,296.51,45.90,119.35,0.67,-1,-1,-1
98,3,347.43,287.15,41.64,124.29,0.85,-1,-1,-1
98,4,364.34,227.66,202.51,510.24,0.93,-1,-1,-1
98,5,97.95,328.65,139.78,193.90,0.94,-1,-1,-1
98,10,645.55,280.19,97.33,242.63,0.90,-1,-1,-1
98,13,546.06,308.53,91.92,224.93,0.91,-1,-1,-1
98,14,731.76,339.71,94.28,131.24,0.91,-1,-1,-1
98,15,275.53,271.75,19.58,49.89,0.54,-1,-1,-1
98,16,727.27,340.70,75.31,119.95,0.73,-1,-1,-1
98,2,374.32,296.77,48.37,125.14,0.62,-1,-1,-1
99,3,348.29,286.90,41.21,124.48,0.79,-1,-1,-1
99,4,362.33,226.02,204.50,505.65,0.93,-1,-1,-1
99,5,94.83,329.05,142.97,195.90,0.95,-1,-1,-1
99,10,649.64,279.82,93.23,241.60,0.92,-1,-1,-1
99,13,545.31,307.90,94.99,218.96,0.91,-1,-1,-1
99,14,732.45,339.74,95.37,132.29,0.92,-1,-1,-1
99,15,275.55,272.19,20.28,53.08,0.62,-1,-1,-1
99,16,728.37,340.68,75.16,119.67,0.72,-1,-1,-1
99,2,370.19,296.25,52.80,146.87,0.61,-1,-1,-1
100,3,349.13,287.16,40.13,124.20,0.84,-1,-1,-1
100,4,359.58,223.95,211.14,507.85,0.93,-1,-1,-1
100,5,92.22,329.35,145.30,197.11,0.95,-1,-1,-1
100,10,653.79,279.60,88.06,242.06,0.91,-1,-1,-1
100,13,545.30,306.79,94.93,218.27,0.93,-1,-1,-1
100,14,734.93,340.09,94.52,133.06,0.91,-1,-1,-1
100,15,275.64,272.25,21.11,55.37,0.69,-1,-1,-1
100,16,728.00,341.03,76.89,121.05,0.77,-1,-1,-1
100,2,368.95,296.09,50.47,132.19,0.64,-1,-1,-1
101,3,349.55,287.83,39.73,123.52,0.83,-1,-1,-1
101,4,361.49,222.11,208.39,509.52,0.92,-1,-1,-1
101,5,89.89,328.87,145.34,199.31,0.94,-1,-1,-1
101,10,656.20,279.77,81.95,243.49,0.89,-1,-1,-1
101,13,543.86,304.70,96.67,220.31,0.91,-1,-1,-1
101,14,735.89,340.17,95.95,133.93,0.90,-1,-1,-1
101,15,275.32,272.40,21.44,58.03,0.70,-1,-1,-1
101,16,724.50,341.10,81.77,123.07,0.76,-1,-1,-1
101,2,370.41,296.17,47.96,122.28,0.63,-1,-1,-1
102,3,350.19,288.29,38.70,122.70,0.83,-1,-1,-1
102,4,360.09,221.75,207.54,512.41,0.93,-1,-1,-1
102,5,85.99,327.42,148.15,202.35,0.95,-1,-1,-1
102,10,656.48,279.87,77.39,245.01,0.89,-1,-1,-1
102,13,543.42,304.58,90.29,220.54,0.92,-1,-1,-1
102,14,734.00,339.51,99.45,135.30,0.89,-1,-1,-1
102,15,275.21,272.52,21.27,58.77,0.71,-1,-1,-1
102,16,723.33,341.48,85.35,123.81,0.75,-1,-1,-1
102,2,372.10,295.96,44.89,117.68,0.62,-1,-1,-1
103,3,349.30,288.51,40.41,121.17,0.81,-1,-1,-1
103,4,354.77,220.95,212.63,518.78,0.93,-1,-1,-1
103,5,82.70,327.16,149.86,204.15,0.95,-1,-1,-1
103,10,654.94,281.05,83.48,244.66,0.89,-1,-1,-1
103,13,543.04,304.62,89.49,221.64,0.90,-1,-1,-1
103,14,736.15,340.23,99.53,135.61,0.90,-1,-1,-1
103,15,275.58,272.75,22.09,60.49,0.71,-1,-1,-1
103,16,723.43,341.55,86.05,124.02,0.76,-1,-1,-1
103,2,370.72,295.34,46.15,119.03,0.59,-1,-1,-1
104,3,344.92,289.94,43.14,116.76,0.78,-1,-1,-1
104,4,346.09,221.37,222.58,519.67,0.94,-1,-1,-1
104,5,80.28,326.71,151.92,206.63,0.95,-1,-1,-1
104,10,653.62,281.88,88.57,244.97,0.89,-1,-1,-1
104,13,542.64,304.63,95.28,224.12,0.89,-1,-1,-1
104,14,741.25,340.91,96.64,136.05,0.90,-1,-1,-1
104,15,275.59,272.86,22.71,60.00,0.71,-1,-1,-1
104,16,726.27,341.99,83.94,124.71,0.79,-1,-1,-1
104,2,371.51,295.28,45.16,116.87,0.42,-1,-1,-1
104,17,697.50,300.15,72.90,175.05,0.72,-1,-1,-1
105,3,343.68,290.57,43.30,112.06,0.62,-1,-1,-1
105,4,337.72,224.62,230.22,518.29,0.94,-1,-1,-1
105,5,77.39,326.61,153.98,208.52,0.95,-1,-1,-1
105,10,654.53,282.16,89.35,246.55,0.89,-1,-1,-1
105,13,543.35,306.98,95.04,222.94,0.89,-1,-1,-1
105,14,742.81,341.41,97.25,136.18,0.89,-1,-1,-1
105,15,276.03,273.13,22.35,59.77,0.74,-1,-1,-1
105,16,727.32,342.39,84.82,125.23,0.81,-1,-1,-1
105,2,372.90,295.36,43.24,111.49,0.26,-1,-1,-1
105,17,699.11,301.68,72.98,173.35,0.76,-1,-1,-1
106,3,342.12,291.90,44.48,96.26,0.46,-1,-1,-1
106,4,334.95,225.47,233.27,517.60,0.94,-1,-1,-1
106,5,75.43,326.53,154.44,210.45,0.94,-1,-1,-1
106,10,656.33,282.77,90.20,245.58,0.90,-1,-1,-1
106,13,544.87,308.82,90.69,221.66,0.92,-1,-1,-1
106,14,748.04,341.36,94.43,136.91,0.90,-1,-1,-1
106,15,276.75,273.25,21.88,58.75,0.74,-1,-1,-1
106,16,727.64,342.60,88.02,126.70,0.84,-1,-1,-1
106,2,374.27,295.74,42.80,111.30,0.31,-1,-1,-1
106,17,704.29,304.74,70.19,169.17,0.80,-1,-1,-1
107,3,341.23,292.72,45.52,95.03,0.57,-1,-1,-1
107,4,333.09,229.97,232.92,511.42,0.94,-1,-1,-1
107,5,73.76,326.53,154.97,212.91,0.94,-1,-1,-1
107,10,655.82,283.31,92.33,246.44,0.90,-1,-1,-1
107,13,547.30,309.83,87.79,221.51,0.92,-1,-1,-1
107,14,744.89,341.51,100.55,137.62,0.88,-1,-1,-1
107,15,277.29,273.16,21.70,57.76,0.68,-1,-1,-1
107,16,729.53,342.54,88.03,127.69,0.80,-1,-1,-1
107,2,375.52,296.95,41.75,110.35,0.54,-1,-1,-1
107,17,707.36,307.68,70.67,163.67,0.79,-1,-1,-1
108,3,341.09,293.44,45.90,95.60,0.59,-1,-1,-1
108,4,331.93,231.51,230.36,506.25,0.94,-1,-1,-1
108,5,71.81,327.86,155.75,213.64,0.94,-1,-1,-1
108,10,653.28,283.79,94.32,246.48,0.87,-1,-1,-1
108,13,550.05,310.50,86.12,222.07,0.88,-1,-1,-1
108,14,744.95,343.18,103.34,137.43,0.89,-1,-1,-1
108,15,277.96,272.97,22.24,58.28,0.73,-1,-1,-1
108,16,728.52,343.40,92.11,127.74,0.82,-1,-1,-1
108,2,375.40,298.01,45.03,116.69,0.29,-1,-1,-1
108,17,708.49,307.22,72.23,163.01,0.75,-1,-1,-1
109,3,341.45,293.58,44.87,97.75,0.65,-1,-1,-1
109,4,330.35,232.25,228.75,501.24,0.94,-1,-1,-1
109,5,70.01,328.73,155.84,214.45,0.94,-1,-1,-1
109,10,653.16,283.56,93.92,243.67,0.88,-1,-1,-1
109,13,550.42,310.77,89.17,221.71,0.86,-1,-1,-1
109,14,747.55,344.00,103.84,137.78,0.90,-1,-1,-1
109,15,278.59,273.39,22.73,57.29,0.79,-1,-1,-1
109,16,730.15,343.76,92.47,129.51,0.82,-1,-1,-1
109,2,378.39,299.62,40.93,109.29,0.19,-1,-1,-1
109,17,710.34,309.01,72.76,164.93,0.81,-1,-1,-1
110,3,341.00,292.76,46.22,105.57,0.77,-1,-1,-1
110,4,328.22,231.36,225.61,498.26,0.94,-1,-1,-1
110,5,67.42,330.71,156.29,215.46,0.95,-1,-1,-1
110,10,652.65,283.73,90.14,239.78,0.89,-1,-1,-1
110,13,553.65,310.37,93.21,221.29,0.87,-1,-1,-1
110,14,749.51,345.18,103.95,138.65,0.92,-1,-1,-1
110,15,278.81,274.06,23.50,56.90,0.83,-1,-1,-1
110,16,732.36,345.06,91.34,130.32,0.83,-1,-1,-1
110,2,380.06,300.47,40.79,110.32,0.15,-1,-1,-1
110,17,711.98,310.94,72.91,168.23,0.84,-1,-1,-1
111,3,340.76,292.33,47.31,111.39,0.76,-1,-1,-1
111,4,328.47,229.81,221.14,495.40,0.94,-1,-1,-1
111,5,65.14,332.08,158.33,216.95,0.95,-1,-1,-1
111,10,650.09,283.77,85.69,237.73,0.89,-1,-1,-1
111,13,557.27,309.76,95.93,220.69,0.90,-1,-1,-1
111,14,753.54,345.15,101.60,140.59,0.92,-1,-1,-1
111,15,278.79,274.62,24.37,57.06,0.84,-1,-1,-1
111,16,732.97,346.12,92.03,130.29,0.85,-1,-1,-1
111,17,712.84,312.16,73.58,167.25,0.84,-1,-1,-1
112,3,340.03,292.31,48.60,113.66,0.77,-1,-1,-1
112,4,332.05,227.72,215.13,494.42,0.95,-1,-1,-1
112,5,61.23,332.62,160.08,219.83,0.95,-1,-1,-1
112,10,645.75,284.06,86.53,238.52,0.91,-1,-1,-1
112,13,555.67,309.36,99.92,218.23,0.87,-1,-1,-1
112,14,753.80,345.99,103.66,141.60,0.91,-1,-1,-1
112,15,278.84,274.99,25.00,57.12,0.85,-1,-1,-1
112,16,733.44,346.64,92.86,132.17,0.86,-1,-1,-1
112,17,712.10,312.51,75.67,174.65,0.81,-1,-1,-1
113,3,339.39,294.37,47.63,107.50,0.80,-1,-1,-1
113,4,336.71,227.25,210.06,494.74,0.95,-1,-1,-1
113,5,57.73,333.89,162.13,221.32,0.95,-1,-1,-1
113,10,638.88,283.71,91.66,240.21,0.91,-1,-1,-1
113,13,553.64,309.66,101.45,215.98,0.89,-1,-1,-1
113,14,755.42,347.63,104.42,141.51,0.90,-1,-1,-1
113,15,278.91,275.29,25.82,58.04,0.85,-1,-1,-1
113,16,733.68,347.86,94.33,132.71,0.86,-1,-1,-1
113,17,712.15,313.05,77.04,173.57,0.82,-1,-1,-1
114,3,338.30,293.10,47.52,108.99,0.81,-1,-1,-1
114,4,339.30,226.96,207.60,497.99,0.95,-1,-1,-1
114,5,53.15,334.54,163.71,223.03,0.94,-1,-1,-1
114,10,633.05,283.20,97.08,241.19,0.91,-1,-1,-1
114,13,553.02,309.24,95.56,218.03,0.88,-1,-1,-1
114,14,757.68,348.62,104.09,141.62,0.90,-1,-1,-1
114,15,278.66,275.89,26.71,58.39,0.84,-1,-1,-1
114,16,733.97,348.68,96.03,131.57,0.85,-1,-1,-1
114,17,713.23,313.57,76.93,171.75,0.83,-1,-1,-1
115,3,337.22,292.43,48.04,117.83,0.80,-1,-1,-1
115,4,339.11,228.61,207.00,499.14,0.95,-1,-1,-1
115,5,48.85,335.14,164.48,224.59,0.95,-1,-1,-1
115,10,628.49,283.10,99.72,242.55,0.92,-1,-1,-1
115,13,545.50,309.31,99.18,218.46,0.90,-1,-1,-1
115,14,756.95,348.89,106.28,142.19,0.91,-1,-1,-1
115,15,278.33,276.21,26.75,59.69,0.86,-1,-1,-1
115,16,736.94,348.90,94.85,131.66,0.83,-1,-1,-1
115,17,714.74,313.65,76.23,168.59,0.88,-1,-1,-1
116,3,335.94,292.12,48.24,121.10,0.82,-1,-1,-1
116,4,336.04,228.57,207.45,504.41,0.94,-1,-1,-1
116,5,45.28,335.30,163.45,225.72,0.95,-1,-1,-1
116,10,625.05,283.29,104.82,243.68,0.90,-1,-1,-1
116,13,542.81,309.27,101.66,219.84,0.88,-1,-1,-1
116,14,758.41,349.20,107.10,142.98,0.90,-1,-1,-1
116,15,277.90,276.70,26.75,60.18,0.86,-1,-1,-1
116,16,737.50,349.34,96.13,132.42,0.81,-1,-1,-1
116,17,715.87,313.71,76.56,168.77,0.88,-1,-1,-1
117,3,334.92,291.74,48.00,119.16,0.79,-1,-1,-1
117,4,332.70,230.37,207.81,505.81,0.94,-1,-1,-1
117,5,39.88,334.64,164.74,228.61,0.93,-1,-1,-1
117,10,625.26,284.30,103.29,244.11,0.89,-1,-1,-1
117,13,541.53,309.60,100.24,220.66,0.89,-1,-1,-1
117,14,760.73,348.90,106.78,144.30,0.90,-1,-1,-1
117,15,277.46,277.22,26.74,59.76,0.87,-1,-1,-1
117,16,739.78,349.53,95.40,132.68,0.81,-1,-1,-1
117,17,716.88,313.75,77.25,169.15,0.89,-1,-1,-1
118,3,334.45,291.52,48.19,120.41,0.79,-1,-1,-1
118,4,332.57,231.28,203.05,508.15,0.94,-1,-1,-1
118,5,35.58,334.46,166.86,230.39,0.94,-1,-1,-1
118,10,624.34,284.90,103.21,245.17,0.89,-1,-1,-1
118,13,544.68,309.80,95.49,221.13,0.88,-1,-1,-1
118,14,762.81,348.84,106.63,144.93,0.90,-1,-1,-1
118,15,277.03,277.48,26.42,59.59,0.87,-1,-1,-1
118,16,745.72,349.06,90.33,133.21,0.83,-1,-1,-1
118,17,717.56,313.06,78.10,172.90,0.88,-1,-1,-1
119,3,334.56,291.27,47.67,119.74,0.80,-1,-1,-1
119,4,334.36,232.30,197.37,508.10,0.94,-1,-1,-1
119,5,30.79,332.99,168.92,233.49,0.94,-1,-1,-1
119,10,625.05,285.30,101.37,245.09,0.89,-1,-1,-1
119,13,545.38,310.94,93.65,219.93,0.87,-1,-1,-1
119,14,763.69,350.06,108.36,144.77,0.91,-1,-1,-1
119,15,276.81,277.24,26.29,59.55,0.88,-1,-1,-1
119,16,750.51,348.20,86.54,133.46,0.84,-1,-1,-1
119,17,719.39,312.38,77.82,173.49,0.90,-1,-1,-1
120,3,334.61,291.21,46.58,118.22,0.82,-1,-1,-1
120,4,334.57,233.47,194.04,501.98,0.94,-1,-1,-1
120,5,26.21,331.78,172.38,237.20,0.94,-1,-1,-1
120,10,629.20,286.75,97.10,243.80,0.88,-1,-1,-1
120,13,544.69,311.35,94.21,219.57,0.88,-1,-1,-1
120,14,764.49,349.10,110.18,146.43,0.90,-1,-1,-1
120,15,276.71,277.04,26.25,60.11,0.87,-1,-1,-1
120,16,755.18,348.08,84.55,133.94,0.84,-1,-1,-1
120,17,720.55,311.60,78.31,175.75,0.90,-1,-1,-1
121,3,334.60,291.48,45.54,117.00,0.82,-1,-1,-1
121,4,334.30,233.30,192.98,500.17,0.95,-1,-1,-1
121,5,21.69,331.28,174.82,239.97,0.94,-1,-1,-1
121,10,631.80,287.46,93.59,242.81,0.90,-1,-1,-1
121,13,545.99,311.65,93.79,221.04,0.85,-1,-1,-1
121,14,766.51,349.47,110.23,146.86,0.91,-1,-1,-1
121,15,276.63,276.80,26.21,61.19,0.87,-1,-1,-1
121,16,757.41,348.34,84.42,135.27,0.83,-1,-1,-1
121,17,721.85,311.16,79.05,178.18,0.91,-1,-1,-1
122,3,334.63,292.04,47.57,120.42,0.81,-1,-1,-1
122,4,334.39,232.02,194.98,494.93,0.92,-1,-1,-1
122,5,16.69,331.41,177.12,242.60,0.94,-1,-1,-1
122,10,633.46,288.15,93.53,242.77,0.89,-1,-1,-1
122,13,547.13,311.76,91.25,220.57,0.90,-1,-1,-1
122,14,767.60,350.49,112.01,146.56,0.91,-1,-1,-1
122,15,276.76,276.71,25.60,60.72,0.87,-1,-1,-1
122,16,756.10,348.58,88.63,136.36,0.84,-1,-1,-1
122,17,723.25,311.72,79.92,180.28,0.91,-1,-1,-1
123,3,334.83,292.71,48.00,122.25,0.78,-1,-1,-1
123,4,335.52,231.24,195.24,493.22,0.93,-1,-1,-1
123,5,13.04,332.76,178.37,244.83,0.94,-1,-1,-1
123,10,634.97,288.59,92.27,239.00,0.90,-1,-1,-1
123,13,551.80,312.28,85.42,219.32,0.90,-1,-1,-1
123,14,768.51,351.07,113.80,147.75,0.92,-1,-1,-1
123,15,276.69,276.83,25.35,59.92,0.88,-1,-1,-1
123,16,755.53,349.30,92.51,137.03,0.82,-1,-1,-1
123,17,725.17,312.87,80.20,180.73,0.90,-1,-1,-1
124,3,335.07,292.53,48.48,125.02,0.77,-1,-1,-1
124,4,334.45,231.08,198.20,488.70,0.94,-1,-1,-1
124,5,8.28,333.63,181.40,248.60,0.93,-1,-1,-1
124,10,637.44,288.71,90.65,234.92,0.91,-1,-1,-1
124,13,555.74,312.75,82.08,214.71,0.91,-1,-1,-1
124,14,771.28,351.84,113.92,149.98,0.90,-1,-1,-1
124,15,276.65,276.88,24.97,60.22,0.87,-1,-1,-1
124,16,756.55,350.29,95.21,138.03,0.84,-1,-1,-1
124,17,726.26,313.57,81.51,180.91,0.90,-1,-1,-1
