0,1,305.10,318.60,238.05,619.20,0.91,-1,-1,-1
0,2,745.20,255.60,385.20,864.90,0.88,-1,-1,-1
0,3,597.60,341.55,28.80,74.70,0.88,-1,-1,-1
0,4,767.70,350.55,42.30,128.25,0.88,-1,-1,-1
0,5,740.25,323.55,52.20,141.75,0.88,-1,-1,-1
0,6,569.25,347.40,25.20,61.65,0.87,-1,-1,-1
0,7,676.35,337.05,54.00,122.40,0.87,-1,-1,-1
0,8,977.40,320.17,120.60,379.12,0.86,-1,-1,-1
0,9,536.40,339.52,32.40,75.60,0.85,-1,-1,-1
0,10,612.00,385.65,212.40,575.55,0.83,-1,-1,-1
0,11,705.60,332.77,40.50,110.25,0.83,-1,-1,-1
0,12,651.60,349.20,23.40,67.95,0.82,-1,-1,-1
0,13,797.40,290.25,123.30,406.80,0.82,-1,-1,-1
0,14,620.55,342.45,24.30,72.90,0.80,-1,-1,-1
0,15,-105.19,181.80,444.49,1249.20,0.79,-1,-1,-1
0,16,910.35,305.10,139.05,424.80,0.71,-1,-1,-1
1,1,311.63,316.21,235.76,613.16,0.90,-1,-1,-1
1,2,761.25,246.57,373.97,879.64,0.86,-1,-1,-1
1,3,597.59,340.94,28.81,75.12,0.87,-1,-1,-1
1,4,768.13,349.36,43.87,129.85,0.89,-1,-1,-1
1,5,741.06,323.13,50.65,141.80,0.88,-1,-1,-1
1,6,569.23,347.18,25.99,60.89,0.86,-1,-1,-1
1,7,675.97,337.22,54.79,121.66,0.87,-1,-1,-1
1,8,976.73,320.15,122.19,369.10,0.85,-1,-1,-1
1,9,535.59,338.32,33.19,76.80,0.84,-1,-1,-1
1,10,613.16,384.27,213.23,588.82,0.83,-1,-1,-1
1,11,706.40,332.36,40.51,111.46,0.83,-1,-1,-1
1,12,651.60,348.39,24.97,69.14,0.82,-1,-1,-1
1,13,801.36,289.43,113.17,401.47,0.82,-1,-1,-1
1,14,620.54,342.03,25.09,73.31,0.77,-1,-1,-1
1,15,-101.71,165.30,454.55,1255.86,0.80,-1,-1,-1
1,16,914.34,302.34,142.99,412.44,0.66,-1,-1,-1
2,1,316.43,314.09,235.23,608.94,0.90,-1,-1,-1
2,2,770.45,243.91,357.44,884.44,0.89,-1,-1,-1
2,3,597.56,340.68,28.83,75.23,0.87,-1,-1,-1
2,4,769.33,347.77,44.88,131.26,0.90,-1,-1,-1
2,5,740.91,321.65,52.56,143.99,0.88,-1,-1,-1
2,6,569.53,346.64,25.46,61.50,0.86,-1,-1,-1
2,7,675.93,337.44,54.98,120.19,0.86,-1,-1,-1
2,8,977.52,317.81,126.77,376.64,0.84,-1,-1,-1
2,9,535.73,337.97,31.97,77.05,0.83,-1,-1,-1
2,10,596.53,383.38,223.39,603.30,0.87,-1,-1,-1
2,11,706.58,331.94,41.25,114.53,0.82,-1,-1,-1
2,12,651.96,347.76,25.95,70.09,0.83,-1,-1,-1
2,13,805.01,288.38,109.38,399.19,0.80,-1,-1,-1
2,14,620.53,341.28,24.56,73.78,0.75,-1,-1,-1
2,15,-110.57,157.20,476.46,1249.69,0.80,-1,-1,-1
2,16,910.01,298.27,162.19,466.73,0.62,-1,-1,-1
3,1,321.09,311.81,234.39,605.76,0.90,-1,-1,-1
3,2,780.17,240.08,340.47,880.12,0.89,-1,-1,-1
3,3,597.49,340.75,28.80,74.86,0.87,-1,-1,-1
3,4,770.19,347.12,45.78,131.75,0.91,-1,-1,-1
3,5,741.36,320.71,53.09,143.73,0.88,-1,-1,-1
3,6,569.59,346.09,25.22,61.66,0.86,-1,-1,-1
3,7,676.14,337.50,54.94,121.06,0.85,-1,-1,-1
3,8,982.83,317.02,126.65,370.46,0.85,-1,-1,-1
3,9,535.44,338.01,32.20,76.71,0.81,-1,-1,-1
3,10,596.86,381.19,222.88,614.61,0.86,-1,-1,-1
3,11,706.48,332.50,41.42,114.73,0.82,-1,-1,-1
3,12,651.96,347.55,25.54,69.64,0.78,-1,-1,-1
3,13,807.92,286.93,110.43,395.69,0.80,-1,-1,-1
3,14,620.45,340.86,24.32,73.52,0.78,-1,-1,-1
3,15,-96.51,162.43,471.58,1177.06,0.79,-1,-1,-1
3,16,913.36,296.15,163.09,481.49,0.62,-1,-1,-1
4,1,331.01,307.62,229.04,599.72,0.91,-1,-1,-1
4,2,787.13,234.24,326.76,880.35,0.88,-1,-1,-1
4,3,596.85,341.20,28.79,74.38,0.88,-1,-1,-1
4,4,770.44,347.01,46.05,132.49,0.90,-1,-1,-1
4,5,740.85,319.67,53.24,144.37,0.88,-1,-1,-1
4,6,569.32,346.02,25.83,62.02,0.86,-1,-1,-1
4,7,676.24,338.24,54.93,118.66,0.84,-1,-1,-1
4,8,987.18,317.69,126.50,383.14,0.83,-1,-1,-1
4,9,534.41,337.80,32.30,76.89,0.82,-1,-1,-1
4,10,606.74,380.89,217.84,621.97,0.86,-1,-1,-1
4,11,706.12,333.10,41.46,114.67,0.80,-1,-1,-1
4,12,651.99,347.74,25.36,69.77,0.79,-1,-1,-1
4,13,810.69,286.39,108.21,393.08,0.79,-1,-1,-1
4,14,620.13,341.82,24.93,72.74,0.77,-1,-1,-1
4,15,-91.79,157.59,477.53,1143.22,0.77,-1,-1,-1
4,16,920.50,293.17,160.13,481.04,0.66,-1,-1,-1
5,1,335.81,304.15,227.73,600.06,0.91,-1,-1,-1
5,2,791.26,234.06,317.60,867.66,0.88,-1,-1,-1
5,3,596.39,341.88,28.80,73.57,0.88,-1,-1,-1
5,4,770.56,347.02,46.14,132.68,0.91,-1,-1,-1
5,5,740.74,318.89,53.92,147.28,0.88,-1,-1,-1
5,6,569.63,346.21,25.41,62.12,0.86,-1,-1,-1
5,7,677.31,338.83,53.65,117.53,0.85,-1,-1,-1
5,8,988.59,316.63,130.30,401.89,0.86,-1,-1,-1
5,9,533.19,338.27,33.00,76.61,0.82,-1,-1,-1
5,10,610.42,380.89,216.73,629.03,0.88,-1,-1,-1
5,11,706.06,333.80,41.49,115.22,0.81,-1,-1,-1
5,12,652.07,348.01,24.66,69.79,0.82,-1,-1,-1
5,13,812.49,285.45,111.26,397.66,0.78,-1,-1,-1
5,14,619.78,341.70,25.15,72.79,0.78,-1,-1,-1
5,15,-83.61,168.32,472.72,1115.90,0.74,-1,-1,-1
5,16,923.71,293.47,162.61,479.60,0.55,-1,-1,-1
6,1,339.41,300.16,227.69,596.20,0.91,-1,-1,-1
6,2,795.13,232.46,309.22,868.35,0.87,-1,-1,-1
6,3,595.19,341.87,29.46,73.63,0.88,-1,-1,-1
6,4,770.21,347.57,46.79,135.42,0.91,-1,-1,-1
6,5,740.94,318.87,54.18,148.14,0.89,-1,-1,-1
6,6,569.31,346.38,25.27,62.47,0.85,-1,-1,-1
6,7,677.28,339.08,54.51,117.85,0.84,-1,-1,-1
6,8,992.71,317.21,131.70,413.44,0.89,-1,-1,-1
6,9,532.03,337.90,33.26,77.48,0.82,-1,-1,-1
6,10,612.87,380.40,217.12,629.43,0.88,-1,-1,-1
6,11,705.03,335.04,41.51,115.41,0.81,-1,-1,-1
6,12,652.01,348.18,25.05,70.43,0.78,-1,-1,-1
6,13,813.90,284.56,111.47,399.41,0.80,-1,-1,-1
6,14,619.88,342.85,25.24,72.20,0.77,-1,-1,-1
6,15,-81.83,171.09,477.62,1101.11,0.77,-1,-1,-1
6,16,923.50,290.75,170.89,508.54,0.64,-1,-1,-1
7,1,335.40,298.34,232.75,591.44,0.91,-1,-1,-1
7,2,796.45,228.39,302.78,877.35,0.88,-1,-1,-1
7,3,594.46,342.14,29.69,73.36,0.88,-1,-1,-1
7,4,769.77,348.07,47.63,137.00,0.91,-1,-1,-1
7,5,740.71,318.72,54.87,148.57,0.89,-1,-1,-1
7,6,568.87,346.41,25.84,61.67,0.85,-1,-1,-1
7,7,677.26,339.13,54.81,118.32,0.85,-1,-1,-1
7,8,997.82,315.93,133.36,417.51,0.90,-1,-1,-1
7,9,531.01,337.43,33.35,78.41,0.84,-1,-1,-1
7,10,613.09,380.53,219.73,624.02,0.89,-1,-1,-1
7,11,704.04,335.28,41.51,114.53,0.82,-1,-1,-1
7,12,651.67,348.06,25.19,71.28,0.80,-1,-1,-1
7,13,814.92,283.32,111.56,402.59,0.80,-1,-1,-1
7,14,619.60,342.60,25.27,72.62,0.78,-1,-1,-1
7,15,-76.82,170.97,474.61,1109.89,0.78,-1,-1,-1
7,16,924.58,288.75,171.43,515.88,0.65,-1,-1,-1
8,1,335.57,297.23,233.58,591.00,0.91,-1,-1,-1
8,2,797.87,236.03,292.01,844.08,0.86,-1,-1,-1
8,3,593.54,342.14,29.75,71.74,0.87,-1,-1,-1
8,4,769.23,348.82,48.49,138.77,0.91,-1,-1,-1
8,5,739.97,318.78,55.68,148.54,0.89,-1,-1,-1
8,6,568.04,346.18,26.65,61.99,0.85,-1,-1,-1
8,7,677.50,338.45,54.29,120.37,0.84,-1,-1,-1
8,8,1000.17,315.14,136.26,421.15,0.90,-1,-1,-1
8,9,530.00,336.55,32.76,79.67,0.85,-1,-1,-1
8,10,613.07,380.06,222.39,625.28,0.89,-1,-1,-1
8,11,702.72,335.13,41.49,115.11,0.81,-1,-1,-1
8,12,650.57,347.64,27.68,71.90,0.84,-1,-1,-1
8,13,815.47,282.55,112.47,408.08,0.80,-1,-1,-1
8,14,619.15,341.96,25.87,73.10,0.79,-1,-1,-1
8,15,-71.65,175.35,438.88,1119.23,0.80,-1,-1,-1
8,16,927.87,288.50,168.88,522.07,0.77,-1,-1,-1
9,1,334.78,298.25,235.19,584.92,0.91,-1,-1,-1
9,2,797.76,229.94,291.10,866.40,0.85,-1,-1,-1
9,3,592.86,342.36,29.17,71.48,0.87,-1,-1,-1
9,4,768.99,350.23,48.81,138.95,0.91,-1,-1,-1
9,5,739.05,319.35,55.98,148.36,0.90,-1,-1,-1
9,6,567.67,346.34,26.36,61.50,0.85,-1,-1,-1
9,7,676.30,337.80,55.33,124.34,0.85,-1,-1,-1
9,8,1004.52,315.22,134.93,421.68,0.89,-1,-1,-1
9,9,529.29,336.77,32.54,79.22,0.85,-1,-1,-1
9,10,612.07,379.99,227.05,637.18,0.89,-1,-1,-1
9,11,701.29,334.67,42.10,118.07,0.82,-1,-1,-1
9,12,649.81,347.71,27.42,72.12,0.83,-1,-1,-1
9,13,816.78,282.06,113.46,419.84,0.79,-1,-1,-1
9,14,618.63,341.34,26.70,73.90,0.81,-1,-1,-1
9,15,-72.19,180.35,438.23,1123.87,0.80,-1,-1,-1
9,16,937.49,289.60,161.74,514.25,0.83,-1,-1,-1
10,1,336.16,301.25,234.98,585.94,0.91,-1,-1,-1
10,2,797.87,226.68,289.93,886.42,0.85,-1,-1,-1
10,3,591.07,341.82,29.53,72.33,0.87,-1,-1,-1
10,4,768.25,351.26,49.45,139.28,0.90,-1,-1,-1
10,5,738.07,319.32,57.22,149.03,0.89,-1,-1,-1
10,6,567.20,346.38,26.21,61.63,0.85,-1,-1,-1
10,7,675.51,336.38,56.28,127.78,0.85,-1,-1,-1
10,8,1009.01,315.99,134.18,422.40,0.89,-1,-1,-1
10,9,528.72,336.53,31.82,79.65,0.87,-1,-1,-1
10,10,612.81,381.63,228.52,648.10,0.89,-1,-1,-1
10,11,700.44,333.46,42.28,119.16,0.80,-1,-1,-1
10,12,649.19,348.05,25.45,71.89,0.80,-1,-1,-1
10,13,817.77,281.67,111.87,422.26,0.79,-1,-1,-1
10,14,618.09,341.86,26.98,73.29,0.76,-1,-1,-1
10,15,-70.86,188.46,437.18,1101.24,0.79,-1,-1,-1
10,16,944.66,288.39,159.92,533.66,0.85,-1,-1,-1
11,1,337.08,305.66,236.41,581.59,0.91,-1,-1,-1
11,2,801.56,227.81,286.17,885.47,0.85,-1,-1,-1
11,3,590.28,341.33,30.27,73.24,0.87,-1,-1,-1
11,4,767.18,351.65,50.87,140.52,0.91,-1,-1,-1
11,5,738.42,320.09,54.69,146.96,0.89,-1,-1,-1
11,6,566.89,346.42,26.15,61.96,0.86,-1,-1,-1
11,7,675.35,335.71,57.82,128.88,0.88,-1,-1,-1
11,8,1011.21,315.70,136.26,423.53,0.88,-1,-1,-1
11,9,528.10,336.93,31.56,79.17,0.87,-1,-1,-1
11,10,614.72,386.31,230.22,648.41,0.88,-1,-1,-1
11,11,699.97,332.42,42.94,118.61,0.82,-1,-1,-1
11,12,648.80,348.35,24.68,71.46,0.84,-1,-1,-1
11,13,816.93,280.68,120.40,443.61,0.78,-1,-1,-1
11,14,618.34,343.90,27.08,71.22,0.78,-1,-1,-1
11,15,-72.38,192.40,450.07,1106.95,0.78,-1,-1,-1
11,16,954.49,290.78,159.22,546.84,0.86,-1,-1,-1
12,1,341.63,310.24,233.76,581.04,0.92,-1,-1,-1
12,2,803.83,233.67,284.08,890.65,0.84,-1,-1,-1
12,3,589.24,341.57,30.55,73.29,0.87,-1,-1,-1
12,4,766.04,352.02,51.41,142.01,0.91,-1,-1,-1
12,5,738.13,320.64,53.10,148.12,0.87,-1,-1,-1
12,6,565.70,346.71,26.14,62.08,0.86,-1,-1,-1
12,7,673.93,335.27,59.02,130.45,0.87,-1,-1,-1
12,8,1012.99,317.89,139.47,419.46,0.86,-1,-1,-1
12,9,527.12,337.37,31.48,78.99,0.86,-1,-1,-1
12,10,616.75,387.33,238.71,670.14,0.88,-1,-1,-1
12,11,698.46,331.82,43.80,119.27,0.80,-1,-1,-1
12,12,647.91,348.72,24.42,71.60,0.84,-1,-1,-1
12,13,818.21,279.23,128.83,465.64,0.74,-1,-1,-1
12,14,617.68,342.49,27.71,72.90,0.81,-1,-1,-1
12,15,-72.05,189.99,458.75,1110.43,0.79,-1,-1,-1
12,16,959.06,290.93,160.23,567.72,0.86,-1,-1,-1
13,1,347.58,313.54,229.88,576.83,0.92,-1,-1,-1
13,2,810.21,233.98,274.58,891.22,0.85,-1,-1,-1
13,3,588.45,341.24,31.21,73.91,0.88,-1,-1,-1
13,4,765.43,351.65,51.52,142.82,0.90,-1,-1,-1
13,5,737.56,320.34,53.65,148.82,0.85,-1,-1,-1
13,6,565.45,346.39,26.11,62.12,0.87,-1,-1,-1
13,7,673.55,334.43,58.79,136.50,0.90,-1,-1,-1
13,8,1019.54,317.59,139.24,422.01,0.85,-1,-1,-1
13,9,525.76,337.09,32.03,79.20,0.85,-1,-1,-1
13,10,620.00,388.74,235.60,663.17,0.89,-1,-1,-1
13,11,698.06,331.22,43.46,122.18,0.81,-1,-1,-1
13,12,647.13,348.62,24.90,71.94,0.83,-1,-1,-1
13,13,818.22,279.41,135.32,484.09,0.65,-1,-1,-1
13,14,617.30,341.12,27.91,74.10,0.80,-1,-1,-1
13,15,-70.20,188.78,461.39,1128.03,0.77,-1,-1,-1
13,16,962.49,288.30,165.11,589.03,0.86,-1,-1,-1
14,1,353.12,317.19,226.02,573.46,0.91,-1,-1,-1
14,2,817.68,237.35,264.77,877.48,0.83,-1,-1,-1
14,3,587.74,340.99,32.02,74.11,0.87,-1,-1,-1
14,4,764.98,350.49,52.08,143.61,0.89,-1,-1,-1
14,5,735.93,319.68,55.61,149.45,0.85,-1,-1,-1
14,6,564.92,346.29,26.07,61.81,0.86,-1,-1,-1
14,7,673.83,333.99,58.64,141.02,0.91,-1,-1,-1
14,8,1023.65,316.07,140.16,435.61,0.84,-1,-1,-1
14,9,525.16,337.30,31.61,78.64,0.86,-1,-1,-1
14,10,623.14,385.24,241.87,673.77,0.88,-1,-1,-1
14,11,698.64,330.44,42.09,122.90,0.81,-1,-1,-1
14,12,646.98,348.14,26.85,73.51,0.85,-1,-1,-1
14,13,820.84,278.83,128.14,453.77,0.56,-1,-1,-1
14,14,617.60,340.02,26.76,74.52,0.82,-1,-1,-1
14,15,-67.92,183.94,457.23,1186.44,0.78,-1,-1,-1
14,16,967.76,286.78,165.55,589.84,0.87,-1,-1,-1
15,1,360.57,319.99,219.39,568.20,0.92,-1,-1,-1
15,2,819.12,237.89,257.23,873.27,0.81,-1,-1,-1
15,3,586.74,340.95,32.35,74.20,0.87,-1,-1,-1
15,4,764.41,349.45,52.33,144.34,0.89,-1,-1,-1
15,5,735.50,319.00,55.21,151.79,0.85,-1,-1,-1
15,6,564.27,346.31,25.48,61.40,0.86,-1,-1,-1
15,7,673.20,333.28,58.62,146.09,0.91,-1,-1,-1
15,8,1028.58,314.84,140.62,434.65,0.85,-1,-1,-1
15,9,524.19,337.46,32.08,78.43,0.86,-1,-1,-1
15,10,626.20,384.71,240.85,668.23,0.89,-1,-1,-1
15,11,698.16,330.32,41.61,122.85,0.80,-1,-1,-1
15,12,646.49,347.86,27.02,74.41,0.84,-1,-1,-1
15,13,823.79,279.25,120.20,428.56,0.68,-1,-1,-1
15,14,617.58,340.11,25.73,74.39,0.82,-1,-1,-1
15,15,-65.89,185.08,465.07,1175.19,0.78,-1,-1,-1
15,16,973.08,285.15,167.05,600.80,0.87,-1,-1,-1
16,1,367.48,318.63,213.35,559.08,0.92,-1,-1,-1
16,2,819.57,235.32,252.39,863.14,0.82,-1,-1,-1
16,3,586.16,340.40,33.06,74.54,0.87,-1,-1,-1
16,4,763.12,348.54,54.18,144.75,0.88,-1,-1,-1
16,5,734.56,318.07,55.04,152.08,0.84,-1,-1,-1
16,6,563.81,345.79,25.26,61.86,0.87,-1,-1,-1
16,7,672.46,333.08,60.39,147.59,0.90,-1,-1,-1
16,8,1032.83,312.53,141.94,435.32,0.82,-1,-1,-1
16,9,524.21,337.13,31.67,78.37,0.86,-1,-1,-1
16,10,629.18,383.24,239.17,677.26,0.89,-1,-1,-1
16,11,698.08,330.06,41.43,123.72,0.79,-1,-1,-1
16,12,646.40,347.52,26.48,74.46,0.83,-1,-1,-1
16,14,617.35,339.63,25.35,74.35,0.81,-1,-1,-1
16,15,-66.35,185.04,461.38,1155.69,0.78,-1,-1,-1
16,16,980.41,283.15,168.76,608.67,0.87,-1,-1,-1
17,1,372.50,316.59,209.83,552.15,0.92,-1,-1,-1
17,2,819.92,229.12,242.61,863.39,0.82,-1,-1,-1
17,3,586.02,340.21,33.31,74.37,0.86,-1,-1,-1
17,4,764.73,347.31,53.68,144.86,0.88,-1,-1,-1
17,5,733.37,316.55,55.56,156.02,0.84,-1,-1,-1
17,6,563.41,345.46,25.18,62.02,0.87,-1,-1,-1
17,7,671.36,333.33,61.04,148.36,0.91,-1,-1,-1
17,8,1041.43,314.19,138.83,432.59,0.80,-1,-1,-1
17,9,524.32,337.02,30.91,77.14,0.86,-1,-1,-1
17,10,632.38,381.21,237.85,674.82,0.89,-1,-1,-1
17,11,697.52,329.84,42.56,125.78,0.78,-1,-1,-1
17,12,646.14,346.81,26.26,74.75,0.82,-1,-1,-1
17,14,616.72,338.87,25.21,74.62,0.80,-1,-1,-1
17,15,-59.79,184.40,469.63,1124.79,0.82,-1,-1,-1
17,16,989.56,281.56,169.33,622.05,0.85,-1,-1,-1
18,1,379.00,312.67,206.46,544.09,0.92,-1,-1,-1
18,2,815.54,236.07,235.73,831.89,0.84,-1,-1,-1
18,3,586.40,339.16,32.13,74.49,0.85,-1,-1,-1
18,4,764.89,345.47,54.50,145.97,0.86,-1,-1,-1
18,5,732.80,314.80,55.60,154.87,0.83,-1,-1,-1
18,6,563.40,344.64,25.09,62.29,0.86,-1,-1,-1
18,7,670.31,333.23,61.11,147.61,0.91,-1,-1,-1
18,8,1038.17,312.50,147.99,458.16,0.75,-1,-1,-1
18,9,524.57,336.14,31.16,75.65,0.83,-1,-1,-1
18,10,635.61,377.03,236.65,676.15,0.89,-1,-1,-1
18,11,698.13,329.42,43.46,128.98,0.81,-1,-1,-1
18,12,646.64,346.01,25.50,75.32,0.83,-1,-1,-1
18,14,616.83,338.37,24.49,74.30,0.76,-1,-1,-1
18,15,-58.09,175.66,479.92,1147.52,0.81,-1,-1,-1
18,16,984.83,279.49,188.03,628.20,0.84,-1,-1,-1
19,1,383.85,307.45,204.67,534.87,0.92,-1,-1,-1
19,2,811.75,238.11,229.65,809.48,0.85,-1,-1,-1
19,3,585.93,338.90,31.75,74.64,0.86,-1,-1,-1
19,4,764.33,344.72,56.11,149.10,0.85,-1,-1,-1
19,5,732.81,313.89,55.16,154.64,0.83,-1,-1,-1
19,6,562.74,344.78,25.12,61.88,0.87,-1,-1,-1
19,7,669.73,333.15,57.73,148.81,0.92,-1,-1,-1
19,8,1037.95,306.25,153.98,488.58,0.58,-1,-1,-1
19,9,523.65,335.36,31.93,75.22,0.82,-1,-1,-1
19,10,638.59,377.88,237.42,676.79,0.89,-1,-1,-1
19,11,697.93,329.49,43.91,128.61,0.82,-1,-1,-1
19,12,646.60,345.99,25.29,75.64,0.84,-1,-1,-1
19,14,616.59,338.61,24.30,73.99,0.76,-1,-1,-1
19,15,-63.12,159.82,496.44,1172.97,0.80,-1,-1,-1
19,16,998.22,276.86,188.51,639.12,0.85,-1,-1,-1
20,1,388.83,303.29,204.86,531.07,0.92,-1,-1,-1
20,2,808.24,233.17,226.44,817.02,0.84,-1,-1,-1
20,3,586.45,338.97,31.63,74.70,0.86,-1,-1,-1
20,4,768.31,346.02,54.41,149.39,0.84,-1,-1,-1
20,5,733.22,312.95,56.23,156.45,0.83,-1,-1,-1
20,6,562.28,345.00,25.75,61.73,0.87,-1,-1,-1
20,7,669.01,333.71,57.66,149.35,0.91,-1,-1,-1
20,8,1043.67,299.69,157.58,496.18,0.32,-1,-1,-1
20,9,523.69,335.39,32.24,75.67,0.75,-1,-1,-1
20,10,640.63,376.16,239.64,690.40,0.88,-1,-1,-1
20,11,698.55,329.37,44.71,131.08,0.80,-1,-1,-1
20,12,646.39,345.99,25.83,75.74,0.84,-1,-1,-1
20,14,616.59,339.16,24.25,73.87,0.78,-1,-1,-1
20,15,-60.70,156.75,496.08,1161.17,0.80,-1,-1,-1
20,16,1002.45,271.19,194.52,663.53,0.87,-1,-1,-1
21,1,394.54,297.10,204.11,530.50,0.92,-1,-1,-1
21,2,805.07,228.19,226.57,839.27,0.83,-1,-1,-1
21,3,586.92,338.74,31.55,75.02,0.86,-1,-1,-1
21,4,771.33,346.63,52.46,152.57,0.84,-1,-1,-1
21,5,734.53,311.94,55.98,159.78,0.82,-1,-1,-1
21,6,562.38,345.12,25.38,60.48,0.84,-1,-1,-1
21,7,669.02,333.70,56.38,150.83,0.91,-1,-1,-1
21,9,523.69,335.14,32.93,78.54,0.61,-1,-1,-1
21,10,642.74,376.61,239.05,693.67,0.89,-1,-1,-1
21,11,698.45,329.55,46.73,137.27,0.84,-1,-1,-1
21,12,646.27,346.05,26.00,76.07,0.84,-1,-1,-1
21,14,616.55,339.27,24.22,73.83,0.81,-1,-1,-1
21,15,-48.48,155.06,489.26,1162.92,0.81,-1,-1,-1
21,16,1004.45,267.35,203.51,683.02,0.85,-1,-1,-1
22,1,398.99,295.74,204.25,526.18,0.92,-1,-1,-1
22,2,802.33,221.58,228.62,850.71,0.84,-1,-1,-1
22,3,587.97,339.61,30.35,74.24,0.84,-1,-1,-1
22,4,771.81,347.90,52.96,155.77,0.86,-1,-1,-1
22,5,734.41,311.90,56.52,164.08,0.83,-1,-1,-1
22,6,561.80,345.84,25.86,59.70,0.81,-1,-1,-1
22,7,668.70,333.00,55.35,153.07,0.91,-1,-1,-1
22,9,524.85,335.72,32.04,75.78,0.66,-1,-1,-1
22,10,643.44,378.78,242.00,687.51,0.89,-1,-1,-1
22,11,698.96,329.50,48.11,139.87,0.84,-1,-1,-1
22,12,646.20,346.26,26.10,76.76,0.85,-1,-1,-1
22,14,615.91,341.01,24.84,72.61,0.80,-1,-1,-1
22,15,-33.73,153.47,477.56,1187.48,0.83,-1,-1,-1
22,16,1015.95,266.07,204.84,689.46,0.86,-1,-1,-1
23,1,403.83,294.28,205.51,529.03,0.91,-1,-1,-1
23,2,802.93,217.99,227.97,852.08,0.82,-1,-1,-1
23,3,588.75,339.57,29.28,74.24,0.86,-1,-1,-1
23,4,772.64,349.07,53.72,158.28,0.85,-1,-1,-1
23,5,735.62,312.27,56.11,160.87,0.82,-1,-1,-1
23,6,561.37,345.88,26.03,59.12,0.82,-1,-1,-1
23,7,668.37,332.67,54.96,155.36,0.91,-1,-1,-1
23,9,525.69,334.80,31.68,75.60,0.70,-1,-1,-1
23,10,643.39,380.45,251.29,693.62,0.88,-1,-1,-1
23,11,699.24,329.86,50.36,141.27,0.85,-1,-1,-1
23,12,645.65,346.28,26.71,77.01,0.85,-1,-1,-1
23,14,616.04,342.19,24.47,71.55,0.80,-1,-1,-1
23,15,-11.21,165.14,463.38,1191.45,0.86,-1,-1,-1
23,16,1019.24,265.06,214.44,698.47,0.86,-1,-1,-1
24,1,408.66,296.50,208.48,526.88,0.90,-1,-1,-1
24,2,802.84,220.84,229.18,850.84,0.82,-1,-1,-1
24,3,589.59,339.40,29.51,74.25,0.85,-1,-1,-1
24,4,774.70,349.51,54.60,158.49,0.87,-1,-1,-1
24,5,739.05,312.43,55.96,166.27,0.83,-1,-1,-1
24,6,562.65,345.74,25.50,59.22,0.77,-1,-1,-1
24,7,668.52,331.80,54.84,156.79,0.91,-1,-1,-1
24,9,525.94,331.63,31.55,81.83,0.22,-1,-1,-1
24,10,643.31,384.79,254.82,694.46,0.87,-1,-1,-1
24,11,701.09,329.25,51.23,144.99,0.84,-1,-1,-1
24,12,646.02,345.98,27.54,78.00,0.81,-1,-1,-1
24,14,616.65,342.63,24.94,71.18,0.79,-1,-1,-1
24,15,2.57,169.25,459.36,1195.72,0.85,-1,-1,-1
24,16,1024.78,264.99,223.84,705.89,0.86,-1,-1,-1
25,1,417.80,300.09,207.08,528.41,0.90,-1,-1,-1
25,2,802.97,223.34,228.24,849.07,0.83,-1,-1,-1
25,3,590.39,339.35,28.99,74.25,0.87,-1,-1,-1
25,4,776.51,349.38,54.92,160.10,0.86,-1,-1,-1
25,5,741.69,312.95,54.70,166.18,0.84,-1,-1,-1
25,6,563.03,345.98,25.30,59.26,0.77,-1,-1,-1
25,7,668.76,331.19,55.39,157.99,0.91,-1,-1,-1
25,9,531.91,334.37,26.72,75.72,0.17,-1,-1,-1
25,10,642.48,386.59,251.38,698.11,0.88,-1,-1,-1
25,11,703.43,329.32,49.79,142.13,0.84,-1,-1,-1
25,12,645.75,347.06,27.85,77.16,0.84,-1,-1,-1
25,14,617.07,342.33,25.11,71.64,0.81,-1,-1,-1
25,15,18.05,175.74,459.19,1194.06,0.86,-1,-1,-1
25,16,1028.90,264.48,236.56,725.88,0.87,-1,-1,-1
26,1,427.64,304.79,204.33,524.95,0.90,-1,-1,-1
26,2,803.50,226.61,228.61,851.58,0.84,-1,-1,-1
26,3,590.84,339.67,28.80,74.55,0.87,-1,-1,-1
26,4,777.62,349.83,55.61,160.24,0.88,-1,-1,-1
26,5,742.24,313.67,55.41,170.37,0.86,-1,-1,-1
26,6,563.64,346.57,25.22,59.89,0.75,-1,-1,-1
26,7,668.73,330.57,55.61,159.42,0.91,-1,-1,-1
26,10,639.56,388.50,245.18,697.63,0.88,-1,-1,-1
26,11,704.49,328.67,50.37,144.61,0.84,-1,-1,-1
26,12,645.80,346.63,29.13,78.32,0.83,-1,-1,-1
26,14,617.38,341.95,24.58,72.42,0.80,-1,-1,-1
26,15,36.41,190.99,453.02,1164.58,0.87,-1,-1,-1
26,16,1030.84,259.17,251.68,746.60,0.87,-1,-1,-1
27,1,439.22,310.75,199.80,524.39,0.90,-1,-1,-1
27,2,804.03,223.33,229.86,872.53,0.84,-1,-1,-1
27,3,590.73,340.05,29.95,74.36,0.86,-1,-1,-1
27,4,778.95,350.08,58.25,161.27,0.88,-1,-1,-1
27,5,743.06,314.04,56.29,173.24,0.87,-1,-1,-1
27,6,563.60,346.90,25.20,59.54,0.76,-1,-1,-1
27,7,669.36,330.30,55.71,159.63,0.90,-1,-1,-1
27,10,635.14,393.46,240.47,687.69,0.89,-1,-1,-1
27,11,706.68,328.22,49.42,143.90,0.86,-1,-1,-1
27,12,645.57,347.31,29.62,77.86,0.86,-1,-1,-1
27,14,617.83,342.66,24.38,70.94,0.82,-1,-1,-1
27,15,49.84,184.77,454.50,1176.09,0.86,-1,-1,-1
27,16,1034.94,260.39,273.51,761.39,0.85,-1,-1,-1
28,1,449.33,316.49,195.86,521.75,0.89,-1,-1,-1
28,2,803.95,227.57,231.51,866.11,0.85,-1,-1,-1
28,3,590.42,340.24,30.98,74.29,0.86,-1,-1,-1
28,4,780.35,349.89,59.85,163.09,0.89,-1,-1,-1
28,5,743.97,314.20,58.44,175.18,0.88,-1,-1,-1
28,6,564.50,346.02,25.21,63.59,0.69,-1,-1,-1
28,7,669.04,329.94,56.98,158.16,0.88,-1,-1,-1
28,10,629.90,394.30,242.44,686.01,0.89,-1,-1,-1
28,11,707.53,327.79,50.25,143.26,0.83,-1,-1,-1
28,12,646.10,347.46,29.82,77.96,0.85,-1,-1,-1
28,14,618.32,342.36,24.33,70.98,0.80,-1,-1,-1
28,15,65.29,190.89,449.03,1169.65,0.86,-1,-1,-1
28,16,1043.81,258.40,282.28,783.14,0.84,-1,-1,-1
29,1,454.87,320.62,197.95,525.94,0.88,-1,-1,-1
29,2,804.16,238.02,230.48,856.49,0.85,-1,-1,-1
29,3,591.12,340.25,30.77,74.26,0.85,-1,-1,-1
29,4,781.35,348.32,60.41,164.03,0.89,-1,-1,-1
29,5,744.51,313.96,60.95,176.43,0.88,-1,-1,-1
29,6,565.68,345.05,24.60,65.95,0.11,-1,-1,-1
29,7,668.85,329.49,57.42,160.51,0.88,-1,-1,-1
29,10,623.70,393.34,242.37,688.87,0.89,-1,-1,-1
29,11,708.94,327.16,49.33,141.34,0.82,-1,-1,-1
29,12,646.24,347.17,32.21,79.47,0.83,-1,-1,-1
29,14,619.03,341.29,24.29,71.89,0.77,-1,-1,-1
29,15,73.20,180.75,448.10,1175.21,0.86,-1,-1,-1
29,16,1051.70,250.79,291.01,827.06,0.82,-1,-1,-1
29,13,858.96,266.64,166.19,520.33,0.73,-1,-1,-1
30,1,458.63,322.32,202.00,529.25,0.85,-1,-1,-1
30,2,805.14,252.72,227.65,818.20,0.84,-1,-1,-1
30,3,591.09,340.30,31.29,74.26,0.86,-1,-1,-1
30,4,783.48,348.17,60.63,164.49,0.89,-1,-1,-1
30,5,746.76,313.59,60.79,177.45,0.88,-1,-1,-1
30,7,669.09,329.65,58.21,153.99,0.87,-1,-1,-1
30,10,618.71,390.74,244.26,696.32,0.89,-1,-1,-1
30,11,710.36,326.80,48.98,137.73,0.83,-1,-1,-1
30,12,647.17,346.65,32.55,81.80,0.82,-1,-1,-1
30,14,618.70,340.33,25.49,72.54,0.75,-1,-1,-1
30,15,72.70,177.01,458.83,1196.98,0.86,-1,-1,-1
30,16,1062.70,248.98,281.89,828.31,0.80,-1,-1,-1
30,13,863.17,268.11,175.94,543.26,0.82,-1,-1,-1
31,1,467.89,321.75,195.52,511.35,0.88,-1,-1,-1
31,2,806.29,246.53,223.08,837.25,0.83,-1,-1,-1
31,3,592.13,340.39,30.28,74.85,0.83,-1,-1,-1
31,4,784.11,348.10,61.81,166.09,0.89,-1,-1,-1
31,5,748.35,313.14,60.63,177.48,0.88,-1,-1,-1
31,7,668.46,330.13,59.04,153.94,0.85,-1,-1,-1
31,10,614.05,388.33,245.33,692.68,0.89,-1,-1,-1
31,11,711.62,326.94,47.60,135.73,0.81,-1,-1,-1
31,12,648.27,346.68,31.47,80.92,0.82,-1,-1,-1
31,14,618.75,340.20,25.91,72.78,0.74,-1,-1,-1
31,15,71.60,180.44,466.65,1171.67,0.80,-1,-1,-1
31,16,1072.53,246.68,281.01,844.85,0.79,-1,-1,-1
31,13,866.36,268.26,183.09,563.97,0.84,-1,-1,-1
32,1,475.27,319.83,191.87,502.26,0.90,-1,-1,-1
32,2,805.72,252.79,219.97,816.53,0.83,-1,-1,-1
32,3,592.16,340.32,29.88,74.47,0.77,-1,-1,-1
32,4,785.11,349.14,61.07,168.55,0.88,-1,-1,-1
32,5,749.44,312.27,59.96,178.74,0.88,-1,-1,-1
32,7,666.09,330.21,62.30,157.01,0.86,-1,-1,-1
32,10,611.68,387.26,244.52,688.87,0.89,-1,-1,-1
32,11,711.99,327.79,47.07,134.51,0.82,-1,-1,-1
32,12,648.64,346.74,31.61,80.24,0.82,-1,-1,-1
32,14,618.99,341.69,26.66,71.97,0.72,-1,-1,-1
32,15,65.82,178.55,478.78,1178.71,0.85,-1,-1,-1
32,16,1081.22,246.34,275.81,852.53,0.77,-1,-1,-1
32,13,869.73,267.22,186.99,585.03,0.85,-1,-1,-1
33,1,483.73,315.94,187.62,500.85,0.91,-1,-1,-1
33,2,805.25,255.56,217.49,787.95,0.85,-1,-1,-1
33,3,592.17,340.18,29.75,76.13,0.68,-1,-1,-1
33,4,786.10,349.28,60.77,171.85,0.87,-1,-1,-1
33,5,749.86,310.94,60.90,181.72,0.90,-1,-1,-1
33,7,666.67,330.43,61.81,158.35,0.85,-1,-1,-1
33,10,606.40,385.27,246.67,684.43,0.90,-1,-1,-1
33,11,713.03,328.75,45.09,128.84,0.82,-1,-1,-1
33,12,649.08,347.10,30.49,80.28,0.69,-1,-1,-1
33,14,618.78,341.09,26.95,73.18,0.61,-1,-1,-1
33,15,59.99,169.52,488.52,1214.38,0.86,-1,-1,-1
33,16,1091.54,246.13,273.68,865.23,0.73,-1,-1,-1
33,13,872.20,265.12,191.93,600.68,0.84,-1,-1,-1
34,1,487.86,311.64,187.85,494.62,0.91,-1,-1,-1
34,2,802.96,251.09,218.66,778.97,0.84,-1,-1,-1
34,3,592.21,339.24,29.68,78.50,0.25,-1,-1,-1
34,4,787.02,349.05,60.01,174.34,0.87,-1,-1,-1
34,5,750.58,310.03,61.21,183.34,0.91,-1,-1,-1
34,7,666.95,330.82,61.55,158.94,0.86,-1,-1,-1
34,10,601.55,383.91,249.71,680.00,0.90,-1,-1,-1
34,11,713.09,329.29,44.33,126.97,0.82,-1,-1,-1
34,12,649.87,346.94,28.82,80.27,0.67,-1,-1,-1
34,14,619.04,340.29,25.28,68.28,0.36,-1,-1,-1
34,15,53.04,167.77,498.40,1228.58,0.85,-1,-1,-1
34,16,1101.64,237.16,278.44,889.35,0.76,-1,-1,-1
34,13,877.65,263.19,193.65,607.66,0.85,-1,-1,-1
35,1,489.59,307.80,188.60,486.94,0.91,-1,-1,-1
35,2,803.20,249.56,219.75,778.31,0.84,-1,-1,-1
35,4,786.31,350.78,60.30,173.79,0.89,-1,-1,-1
35,5,752.47,308.99,60.13,184.09,0.92,-1,-1,-1
35,7,665.45,331.77,63.21,158.41,0.87,-1,-1,-1
35,10,595.80,382.11,254.38,686.35,0.90,-1,-1,-1
35,11,711.44,329.99,48.30,128.44,0.85,-1,-1,-1
35,12,650.33,346.33,27.58,79.96,0.77,-1,-1,-1
35,14,618.39,340.78,27.64,67.60,0.61,-1,-1,-1
35,15,42.22,171.26,511.33,1226.37,0.85,-1,-1,-1
35,16,1111.62,237.14,282.45,892.68,0.65,-1,-1,-1
35,13,882.77,259.02,196.78,617.08,0.87,-1,-1,-1
35,9,525.00,338.68,31.37,69.96,0.72,-1,-1,-1
36,1,489.07,304.54,187.67,480.79,0.92,-1,-1,-1
36,2,801.28,249.44,225.49,779.24,0.82,-1,-1,-1
36,4,785.75,350.44,60.95,176.96,0.88,-1,-1,-1
36,5,752.62,308.20,60.86,185.39,0.92,-1,-1,-1
36,7,663.73,331.98,63.79,159.57,0.86,-1,-1,-1
36,10,590.75,381.29,257.77,698.60,0.90,-1,-1,-1
36,11,710.55,330.25,47.95,128.77,0.85,-1,-1,-1
36,12,650.23,347.14,26.50,77.19,0.78,-1,-1,-1
36,14,616.97,340.35,27.88,69.51,0.44,-1,-1,-1
36,15,30.09,172.16,518.46,1224.24,0.83,-1,-1,-1
36,16,1121.51,237.34,275.46,889.01,0.67,-1,-1,-1
36,13,887.06,257.03,199.78,628.61,0.88,-1,-1,-1
36,9,523.22,338.48,31.58,69.73,0.69,-1,-1,-1
37,1,488.57,302.50,188.04,480.32,0.92,-1,-1,-1
37,2,799.22,244.69,221.54,787.89,0.82,-1,-1,-1
37,4,785.08,349.55,62.40,171.44,0.83,-1,-1,-1
37,5,753.09,308.05,61.74,187.09,0.92,-1,-1,-1
37,7,662.69,332.21,65.19,161.25,0.86,-1,-1,-1
37,10,585.90,382.92,263.82,702.19,0.89,-1,-1,-1
37,11,708.60,330.04,49.60,131.85,0.86,-1,-1,-1
37,12,649.76,347.46,26.14,71.86,0.76,-1,-1,-1
37,14,615.46,340.80,29.15,72.86,0.54,-1,-1,-1
37,15,20.55,163.50,526.59,1256.33,0.85,-1,-1,-1
37,16,1137.52,246.96,239.38,786.06,0.63,-1,-1,-1
37,13,892.20,255.69,202.08,644.72,0.87,-1,-1,-1
37,9,522.20,338.29,31.65,70.23,0.53,-1,-1,-1
38,1,487.95,302.45,190.13,490.61,0.91,-1,-1,-1
38,2,797.36,242.01,218.43,791.70,0.82,-1,-1,-1
38,4,785.51,349.06,65.32,179.25,0.80,-1,-1,-1
38,5,753.35,308.03,63.28,189.49,0.91,-1,-1,-1
38,7,662.39,332.18,66.92,162.04,0.86,-1,-1,-1
38,10,584.53,383.91,263.90,709.25,0.90,-1,-1,-1
38,11,706.78,329.25,52.00,136.73,0.85,-1,-1,-1
38,12,649.37,347.93,26.03,70.81,0.65,-1,-1,-1
38,14,614.09,340.58,29.64,73.27,0.50,-1,-1,-1
38,15,12.70,159.78,532.50,1260.20,0.83,-1,-1,-1
38,16,1158.33,266.50,202.72,680.71,0.78,-1,-1,-1
38,13,896.26,253.33,207.36,648.00,0.87,-1,-1,-1
38,9,521.60,338.43,32.27,72.54,0.51,-1,-1,-1
39,1,487.93,302.86,190.23,495.02,0.91,-1,-1,-1
39,2,792.79,241.32,220.46,778.89,0.85,-1,-1,-1
39,4,785.65,348.13,65.80,181.77,0.78,-1,-1,-1
39,5,753.43,307.59,63.23,192.08,0.92,-1,-1,-1
39,7,662.34,330.96,66.94,162.72,0.86,-1,-1,-1
39,10,583.01,384.08,261.89,706.38,0.90,-1,-1,-1
39,11,705.81,328.18,52.88,139.15,0.86,-1,-1,-1
39,12,648.95,347.92,25.38,70.45,0.68,-1,-1,-1
39,14,613.91,339.86,29.21,75.17,0.55,-1,-1,-1
39,15,10.94,158.44,531.47,1258.50,0.81,-1,-1,-1
39,16,1168.81,290.41,185.99,592.42,0.80,-1,-1,-1
39,13,898.29,251.16,213.78,652.79,0.87,-1,-1,-1
39,9,520.88,337.98,32.47,75.77,0.67,-1,-1,-1
40,1,489.24,305.57,191.65,495.20,0.90,-1,-1,-1
40,2,787.67,239.34,224.45,773.60,0.85,-1,-1,-1
40,4,786.99,346.84,64.25,182.33,0.80,-1,-1,-1
40,5,753.24,306.50,64.43,193.82,0.91,-1,-1,-1
40,7,662.11,329.57,67.56,164.06,0.83,-1,-1,-1
40,10,579.04,384.62,261.89,698.33,0.90,-1,-1,-1
40,11,705.81,326.55,52.66,141.74,0.84,-1,-1,-1
40,12,648.55,347.90,25.17,69.46,0.61,-1,-1,-1
40,14,614.49,338.39,27.88,75.92,0.62,-1,-1,-1
40,15,12.10,158.12,518.65,1248.34,0.85,-1,-1,-1
40,16,1180.42,298.46,175.87,542.10,0.82,-1,-1,-1
40,13,909.54,247.01,211.17,655.64,0.88,-1,-1,-1
40,9,520.34,337.50,32.56,77.60,0.72,-1,-1,-1
41,1,491.07,307.63,192.25,497.82,0.90,-1,-1,-1
41,2,784.93,235.25,226.31,783.81,0.84,-1,-1,-1
41,4,788.71,345.15,62.44,177.94,0.74,-1,-1,-1
41,5,753.18,305.92,64.29,195.95,0.91,-1,-1,-1
41,7,663.82,327.53,65.44,163.54,0.85,-1,-1,-1
41,10,577.04,383.01,260.70,694.30,0.90,-1,-1,-1
41,11,705.55,324.43,53.15,144.65,0.86,-1,-1,-1
41,12,648.10,347.86,24.50,68.54,0.65,-1,-1,-1
41,14,614.14,337.06,27.35,78.27,0.69,-1,-1,-1
41,15,15.31,155.45,505.41,1244.81,0.85,-1,-1,-1
41,16,1191.00,265.35,186.90,608.32,0.81,-1,-1,-1
41,13,920.67,241.74,209.70,660.64,0.87,-1,-1,-1
41,9,520.14,336.26,32.59,77.14,0.80,-1,-1,-1
41,17,1191.60,332.55,21.60,58.95,0.76,-1,-1,-1
41,18,297.22,321.75,132.75,411.30,0.71,-1,-1,-1
42,1,493.31,311.73,193.59,496.12,0.90,-1,-1,-1
42,2,778.30,230.39,231.39,801.92,0.84,-1,-1,-1
42,4,789.94,344.95,60.51,170.22,0.56,-1,-1,-1
42,5,753.44,305.88,63.60,197.29,0.91,-1,-1,-1
42,7,664.59,325.89,65.75,164.07,0.86,-1,-1,-1
42,10,574.17,382.10,261.28,694.34,0.90,-1,-1,-1
42,11,704.93,321.73,53.89,148.12,0.86,-1,-1,-1
42,12,648.03,347.24,23.65,69.39,0.61,-1,-1,-1
42,14,613.83,336.28,26.54,74.12,0.69,-1,-1,-1
42,15,24.11,172.85,491.24,1201.62,0.83,-1,-1,-1
42,16,1203.91,288.91,179.60,558.22,0.76,-1,-1,-1
42,13,933.52,241.00,207.75,663.53,0.88,-1,-1,-1
42,9,519.98,335.65,32.57,79.55,0.82,-1,-1,-1
42,17,1190.94,331.70,21.60,60.05,0.83,-1,-1,-1
42,18,301.52,321.35,134.55,418.45,0.74,-1,-1,-1
43,1,495.56,314.74,191.87,499.95,0.90,-1,-1,-1
43,2,772.58,229.98,235.54,815.80,0.84,-1,-1,-1
43,5,753.47,305.41,63.96,199.38,0.90,-1,-1,-1
43,7,664.16,324.68,67.09,167.20,0.86,-1,-1,-1
43,10,572.40,381.04,261.65,692.82,0.90,-1,-1,-1
43,11,704.01,320.54,55.36,151.87,0.85,-1,-1,-1
43,12,648.18,345.95,24.60,70.68,0.48,-1,-1,-1
43,14,613.57,335.69,25.65,71.90,0.61,-1,-1,-1
43,15,32.66,179.52,476.19,1166.10,0.81,-1,-1,-1
43,16,1215.20,300.09,174.78,521.39,0.73,-1,-1,-1
43,13,944.84,239.39,205.88,668.41,0.89,-1,-1,-1
43,9,519.69,335.56,32.58,81.09,0.82,-1,-1,-1
43,17,1191.01,331.07,21.61,59.95,0.83,-1,-1,-1
43,18,301.68,320.09,138.08,423.01,0.71,-1,-1,-1
44,1,499.34,315.08,189.36,498.39,0.89,-1,-1,-1
44,2,770.72,237.39,234.09,805.85,0.85,-1,-1,-1
44,5,754.90,303.73,65.84,201.79,0.91,-1,-1,-1
44,7,664.60,322.72,71.09,166.51,0.84,-1,-1,-1
44,10,572.47,377.76,261.66,692.68,0.91,-1,-1,-1
44,11,704.24,318.60,56.48,156.72,0.87,-1,-1,-1
44,12,649.13,342.74,25.53,72.64,0.43,-1,-1,-1
44,14,613.79,334.26,25.92,71.35,0.66,-1,-1,-1
44,15,43.18,180.50,460.59,1136.18,0.81,-1,-1,-1
44,16,1226.86,314.85,168.25,498.96,0.63,-1,-1,-1
44,13,962.17,236.61,200.25,673.11,0.90,-1,-1,-1
44,9,520.26,334.46,32.56,81.92,0.84,-1,-1,-1
44,17,1189.57,329.44,23.01,60.23,0.84,-1,-1,-1
44,18,306.22,317.79,147.51,425.66,0.71,-1,-1,-1
45,1,502.42,314.25,179.47,497.11,0.89,-1,-1,-1
45,2,767.66,243.24,233.56,802.09,0.86,-1,-1,-1
45,5,755.37,302.62,66.56,203.64,0.88,-1,-1,-1
45,7,664.73,321.65,73.19,169.15,0.84,-1,-1,-1
45,10,571.70,375.75,264.05,698.89,0.91,-1,-1,-1
45,11,704.01,318.11,57.48,159.08,0.87,-1,-1,-1
45,12,649.74,341.93,25.89,71.60,0.61,-1,-1,-1
45,14,613.85,333.24,25.43,72.04,0.72,-1,-1,-1
45,15,52.81,177.20,446.79,1127.92,0.79,-1,-1,-1
45,16,1237.83,310.37,167.43,506.59,0.20,-1,-1,-1
45,13,969.57,233.95,205.26,682.26,0.91,-1,-1,-1
45,9,520.78,333.72,31.96,81.89,0.84,-1,-1,-1
45,17,1189.00,328.27,23.45,60.30,0.80,-1,-1,-1
45,18,312.59,316.36,153.95,429.65,0.75,-1,-1,-1
46,1,504.96,312.81,172.84,488.72,0.90,-1,-1,-1
46,2,762.38,250.83,235.90,797.18,0.87,-1,-1,-1
46,5,755.46,301.55,66.29,198.72,0.86,-1,-1,-1
46,7,665.21,320.92,73.47,167.16,0.84,-1,-1,-1
46,10,571.55,375.90,264.56,701.07,0.91,-1,-1,-1
46,11,704.68,317.90,57.90,157.01,0.85,-1,-1,-1
46,12,650.11,340.56,25.46,70.66,0.55,-1,-1,-1
46,14,613.99,332.53,25.27,70.86,0.53,-1,-1,-1
46,15,56.18,174.11,441.04,1135.21,0.81,-1,-1,-1
46,16,1247.79,292.63,172.35,548.07,0.12,-1,-1,-1
46,13,977.57,232.14,209.63,694.64,0.90,-1,-1,-1
46,9,520.43,332.66,32.34,82.51,0.77,-1,-1,-1
46,17,1189.73,326.86,22.31,60.69,0.59,-1,-1,-1
46,18,317.20,314.73,142.16,420.80,0.71,-1,-1,-1
47,1,507.45,309.04,168.50,486.00,0.91,-1,-1,-1
47,2,757.28,253.27,235.62,793.54,0.87,-1,-1,-1
47,5,756.11,298.34,64.90,192.75,0.81,-1,-1,-1
47,7,667.85,319.76,71.70,167.03,0.84,-1,-1,-1
47,10,574.39,374.58,262.07,701.60,0.91,-1,-1,-1
47,11,706.79,317.55,56.80,152.65,0.84,-1,-1,-1
47,12,650.63,338.53,25.88,71.50,0.59,-1,-1,-1
47,14,613.86,331.81,25.19,69.79,0.50,-1,-1,-1
47,15,65.96,175.42,430.13,1123.06,0.80,-1,-1,-1
47,13,987.41,226.59,215.73,715.44,0.90,-1,-1,-1
47,9,520.75,332.21,32.45,81.81,0.78,-1,-1,-1
47,18,321.20,312.91,146.96,421.38,0.76,-1,-1,-1
48,1,509.00,304.42,168.71,483.80,0.90,-1,-1,-1
48,2,752.30,253.10,233.44,773.00,0.86,-1,-1,-1
48,5,756.75,298.68,62.49,183.98,0.76,-1,-1,-1
48,7,666.90,319.34,73.30,171.57,0.85,-1,-1,-1
48,10,575.08,374.95,261.45,702.78,0.90,-1,-1,-1
48,11,708.02,317.44,56.29,150.45,0.84,-1,-1,-1
48,12,650.04,337.78,26.01,68.23,0.57,-1,-1,-1
48,14,614.25,331.38,24.54,68.49,0.43,-1,-1,-1
48,15,71.34,177.41,426.16,1116.00,0.82,-1,-1,-1
48,13,997.18,219.95,218.93,733.20,0.89,-1,-1,-1
48,9,520.73,331.40,31.86,81.81,0.81,-1,-1,-1
48,18,317.58,310.82,155.96,428.74,0.81,-1,-1,-1
49,1,511.23,300.70,167.08,481.74,0.90,-1,-1,-1
49,2,746.86,253.50,233.27,758.64,0.87,-1,-1,-1
49,5,755.96,303.35,57.97,164.96,0.65,-1,-1,-1
49,7,665.28,319.14,74.47,175.13,0.86,-1,-1,-1
49,10,574.44,374.75,261.84,705.25,0.90,-1,-1,-1
49,11,709.28,317.35,55.50,156.89,0.84,-1,-1,-1
49,12,649.74,336.85,26.06,66.67,0.59,-1,-1,-1
49,14,614.04,330.12,23.70,66.49,0.35,-1,-1,-1
49,15,79.21,184.64,418.32,1097.45,0.81,-1,-1,-1
49,13,1006.39,214.60,223.66,754.76,0.89,-1,-1,-1
49,9,520.69,330.76,31.64,80.58,0.76,-1,-1,-1
49,18,323.30,308.83,154.74,434.54,0.84,-1,-1,-1
50,1,514.23,299.20,168.46,478.76,0.89,-1,-1,-1
50,2,738.62,249.07,241.05,760.44,0.87,-1,-1,-1
50,5,756.19,300.28,61.26,167.10,0.59,-1,-1,-1
50,7,665.17,318.49,74.92,175.77,0.83,-1,-1,-1
50,10,576.23,377.85,260.29,701.29,0.90,-1,-1,-1
50,11,711.78,316.00,54.01,155.20,0.81,-1,-1,-1
50,12,649.24,335.80,26.69,66.74,0.41,-1,-1,-1
50,15,85.23,189.58,414.72,1089.32,0.82,-1,-1,-1
50,13,1015.25,210.98,231.34,773.75,0.88,-1,-1,-1
50,9,521.16,329.51,31.57,79.51,0.66,-1,-1,-1
50,18,323.12,308.05,160.78,440.97,0.83,-1,-1,-1
50,17,1186.43,323.94,21.67,58.76,0.68,-1,-1,-1
51,1,517.00,296.94,170.83,475.77,0.89,-1,-1,-1
51,2,731.17,246.57,251.87,757.50,0.87,-1,-1,-1
51,5,757.70,299.44,59.43,162.39,0.48,-1,-1,-1
51,7,666.85,318.35,71.52,172.87,0.81,-1,-1,-1
51,10,574.51,383.31,261.46,700.49,0.90,-1,-1,-1
51,11,713.86,315.44,52.22,152.98,0.79,-1,-1,-1
51,12,648.11,335.21,26.92,68.30,0.47,-1,-1,-1
51,15,91.07,193.06,410.33,1089.38,0.84,-1,-1,-1
51,13,1024.79,203.37,236.51,789.66,0.88,-1,-1,-1
51,9,520.99,328.67,31.53,80.00,0.76,-1,-1,-1
51,18,324.54,309.83,163.68,442.69,0.83,-1,-1,-1
51,17,1186.21,323.24,22.88,57.89,0.60,-1,-1,-1
51,6,554.85,335.27,24.30,59.93,0.71,-1,-1,-1
52,1,517.99,298.95,174.69,481.15,0.89,-1,-1,-1
52,2,725.74,243.45,262.00,762.05,0.89,-1,-1,-1
52,5,758.48,300.76,57.48,156.34,0.41,-1,-1,-1
52,7,667.18,318.55,72.53,178.44,0.85,-1,-1,-1
52,10,572.74,386.30,261.19,700.72,0.91,-1,-1,-1
52,11,713.04,314.43,53.36,152.73,0.82,-1,-1,-1
52,12,647.67,334.93,27.00,70.04,0.50,-1,-1,-1
52,15,98.19,203.98,408.81,1076.61,0.83,-1,-1,-1
52,13,1034.32,211.14,243.00,789.74,0.88,-1,-1,-1
52,9,520.71,328.76,31.51,78.92,0.85,-1,-1,-1
52,18,323.12,313.09,170.82,447.26,0.83,-1,-1,-1
52,17,1185.19,323.03,24.45,58.50,0.76,-1,-1,-1
52,6,554.04,335.79,24.30,59.12,0.75,-1,-1,-1
53,1,520.38,302.12,172.64,480.88,0.88,-1,-1,-1
53,2,721.80,240.92,270.86,768.88,0.89,-1,-1,-1
53,5,759.10,302.02,56.79,152.74,0.18,-1,-1,-1
53,7,667.64,318.64,71.13,177.26,0.85,-1,-1,-1
53,10,572.45,388.15,258.74,703.09,0.91,-1,-1,-1
53,11,716.34,313.91,51.40,152.48,0.82,-1,-1,-1
53,12,647.25,334.85,27.62,74.26,0.57,-1,-1,-1
53,15,100.13,202.83,408.09,1079.21,0.85,-1,-1,-1
53,13,1044.21,218.25,255.93,791.19,0.85,-1,-1,-1
53,9,521.23,329.11,30.91,77.02,0.86,-1,-1,-1
53,18,332.89,316.41,163.13,439.09,0.84,-1,-1,-1
53,17,1184.90,323.26,25.04,58.44,0.78,-1,-1,-1
53,6,553.81,336.12,24.30,59.50,0.73,-1,-1,-1
54,1,523.95,307.59,167.74,464.27,0.88,-1,-1,-1
54,2,716.17,239.14,282.71,772.32,0.88,-1,-1,-1
54,7,667.31,317.72,69.99,179.42,0.85,-1,-1,-1
54,10,570.09,390.83,256.69,695.36,0.91,-1,-1,-1
54,11,717.68,313.21,52.48,156.10,0.80,-1,-1,-1
54,12,646.32,334.46,29.62,80.80,0.49,-1,-1,-1
54,15,109.05,215.45,400.67,1042.08,0.83,-1,-1,-1
54,13,1057.16,217.39,264.36,806.70,0.84,-1,-1,-1
54,9,521.53,329.33,30.69,76.30,0.86,-1,-1,-1
54,18,334.48,318.69,168.73,444.43,0.84,-1,-1,-1
54,17,1184.40,322.93,26.44,56.30,0.69,-1,-1,-1
54,6,553.54,336.48,24.31,59.04,0.75,-1,-1,-1
55,1,528.02,311.58,161.68,450.31,0.88,-1,-1,-1
55,2,712.33,237.68,294.12,768.98,0.89,-1,-1,-1
55,7,667.38,316.77,68.35,178.56,0.86,-1,-1,-1
55,10,565.47,391.06,257.09,690.03,0.90,-1,-1,-1
55,11,718.68,312.22,53.47,157.10,0.83,-1,-1,-1
55,12,645.85,334.74,30.37,85.10,0.55,-1,-1,-1
55,15,114.40,225.62,399.08,1010.56,0.83,-1,-1,-1
55,13,1069.66,211.43,258.22,823.32,0.85,-1,-1,-1
55,9,520.85,328.78,31.21,77.00,0.86,-1,-1,-1
55,18,342.51,320.00,161.17,434.77,0.83,-1,-1,-1
55,6,553.28,336.13,24.31,59.53,0.73,-1,-1,-1
56,1,531.29,315.74,163.23,452.25,0.87,-1,-1,-1
56,2,707.20,238.74,308.67,780.89,0.87,-1,-1,-1
56,7,668.03,315.61,68.37,182.25,0.86,-1,-1,-1
56,10,561.78,388.32,257.96,701.39,0.90,-1,-1,-1
56,11,720.51,311.33,53.27,157.68,0.83,-1,-1,-1
56,12,648.04,335.24,27.77,80.15,0.40,-1,-1,-1
56,15,123.37,228.50,392.09,993.26,0.85,-1,-1,-1
56,13,1081.66,207.58,254.49,842.86,0.84,-1,-1,-1
56,9,521.28,328.85,30.82,77.53,0.85,-1,-1,-1
56,18,348.37,321.12,157.20,432.72,0.84,-1,-1,-1
56,6,553.28,336.11,24.32,59.40,0.75,-1,-1,-1
57,1,535.45,319.86,165.04,449.14,0.87,-1,-1,-1
57,2,706.51,242.94,323.42,778.51,0.87,-1,-1,-1
57,7,668.61,314.24,70.78,186.85,0.84,-1,-1,-1
57,10,558.71,391.22,258.89,701.00,0.90,-1,-1,-1
57,11,721.21,310.65,56.18,165.28,0.83,-1,-1,-1
57,12,645.64,335.54,30.33,84.59,0.41,-1,-1,-1
57,15,128.18,227.48,394.09,1013.69,0.83,-1,-1,-1
57,13,1096.58,204.31,243.46,851.19,0.84,-1,-1,-1
57,9,522.09,329.40,30.07,77.44,0.83,-1,-1,-1
57,18,353.63,321.14,153.40,432.83,0.82,-1,-1,-1
57,6,553.34,335.73,24.32,60.26,0.78,-1,-1,-1
58,1,540.34,321.20,170.01,462.49,0.87,-1,-1,-1
58,2,706.29,238.27,341.81,811.81,0.86,-1,-1,-1
58,7,669.31,313.90,73.48,195.10,0.86,-1,-1,-1
58,10,554.49,392.79,262.92,699.61,0.90,-1,-1,-1
58,11,722.55,310.29,57.87,171.39,0.82,-1,-1,-1
58,12,647.30,335.26,26.63,78.42,0.44,-1,-1,-1
58,15,129.96,221.73,399.72,1028.44,0.86,-1,-1,-1
58,13,1112.09,204.56,233.15,855.92,0.83,-1,-1,-1
58,9,521.64,329.79,30.41,77.73,0.85,-1,-1,-1
58,18,358.24,320.84,151.71,431.39,0.84,-1,-1,-1
58,6,553.24,335.92,24.33,60.61,0.77,-1,-1,-1
58,3,587.66,331.19,28.81,72.53,0.71,-1,-1,-1
59,1,545.49,322.33,167.79,455.00,0.87,-1,-1,-1
59,2,709.30,241.17,349.26,834.92,0.88,-1,-1,-1
59,7,670.32,314.16,75.11,198.51,0.88,-1,-1,-1
59,10,552.25,393.72,265.68,702.35,0.91,-1,-1,-1
59,11,722.02,310.25,60.28,177.21,0.85,-1,-1,-1
59,12,649.77,336.41,22.56,67.04,0.31,-1,-1,-1
59,15,124.68,215.64,410.31,1053.16,0.85,-1,-1,-1
59,13,1126.98,198.76,232.93,884.46,0.80,-1,-1,-1
59,9,521.64,330.03,29.94,77.54,0.86,-1,-1,-1
59,18,362.99,320.49,149.29,427.82,0.82,-1,-1,-1
59,6,552.79,336.22,24.34,60.44,0.82,-1,-1,-1
59,3,588.13,332.14,28.19,67.45,0.76,-1,-1,-1
59,5,773.25,310.49,54.20,148.77,0.64,-1,-1,-1
60,1,549.62,321.37,165.51,447.20,0.87,-1,-1,-1
60,2,707.31,246.85,362.98,856.02,0.87,-1,-1,-1
60,7,671.10,314.50,73.85,203.56,0.87,-1,-1,-1
60,10,550.18,393.28,268.72,711.07,0.91,-1,-1,-1
60,11,722.42,309.90,62.27,180.87,0.84,-1,-1,-1
60,15,121.06,212.44,417.61,1075.56,0.87,-1,-1,-1
60,13,1140.85,201.23,232.47,893.20,0.77,-1,-1,-1
60,9,520.35,329.41,30.33,77.42,0.86,-1,-1,-1
60,18,366.44,319.16,150.00,427.38,0.80,-1,-1,-1
60,6,552.22,336.24,24.91,60.03,0.82,-1,-1,-1
60,3,587.49,332.88,29.19,66.90,0.77,-1,-1,-1
60,5,775.09,311.98,58.47,155.71,0.43,-1,-1,-1
61,1,552.87,319.89,168.42,451.82,0.86,-1,-1,-1
61,2,709.84,250.59,370.97,871.15,0.89,-1,-1,-1
61,7,670.86,313.89,76.96,211.41,0.89,-1,-1,-1
61,10,548.07,393.53,271.22,718.07,0.91,-1,-1,-1
61,11,722.92,310.17,63.08,182.66,0.87,-1,-1,-1
61,15,113.52,212.73,427.91,1090.41,0.87,-1,-1,-1
61,13,1152.88,203.01,236.12,898.17,0.76,-1,-1,-1
61,9,519.63,328.88,30.50,77.97,0.86,-1,-1,-1
61,18,368.51,320.04,151.29,423.20,0.82,-1,-1,-1
61,6,551.78,335.94,25.14,59.88,0.82,-1,-1,-1
61,3,587.32,332.96,28.97,67.06,0.80,-1,-1,-1
61,5,777.25,306.79,68.01,179.23,0.68,-1,-1,-1
62,1,555.69,318.36,168.23,458.05,0.87,-1,-1,-1
62,2,711.75,255.81,374.50,874.04,0.90,-1,-1,-1
62,7,670.97,314.20,79.83,216.08,0.89,-1,-1,-1
62,10,544.31,397.83,276.14,719.88,0.91,-1,-1,-1
62,11,723.28,311.59,64.49,182.81,0.88,-1,-1,-1
62,15,105.61,215.06,438.31,1100.72,0.86,-1,-1,-1
62,13,1166.38,206.76,230.16,896.01,0.71,-1,-1,-1
62,9,518.41,329.67,31.15,76.99,0.80,-1,-1,-1
62,18,369.23,322.53,152.43,417.86,0.83,-1,-1,-1
62,6,550.67,335.62,25.80,60.42,0.82,-1,-1,-1
62,3,586.28,332.77,29.47,67.76,0.79,-1,-1,-1
62,5,777.96,295.71,76.60,208.87,0.73,-1,-1,-1
63,1,557.22,315.02,173.55,466.71,0.87,-1,-1,-1
63,2,722.79,255.36,363.70,874.86,0.89,-1,-1,-1
63,7,673.65,315.01,78.58,220.27,0.89,-1,-1,-1
63,10,537.67,397.45,284.46,742.05,0.90,-1,-1,-1
63,11,723.42,312.83,66.76,182.91,0.88,-1,-1,-1
63,15,97.17,224.74,446.45,1099.27,0.86,-1,-1,-1
63,13,1182.42,206.12,231.48,899.72,0.65,-1,-1,-1
63,9,517.38,328.72,31.39,79.31,0.84,-1,-1,-1
63,18,368.78,325.51,153.76,421.34,0.84,-1,-1,-1
63,6,550.57,335.31,25.46,60.63,0.82,-1,-1,-1
63,3,585.62,332.19,29.05,67.13,0.79,-1,-1,-1
63,5,777.96,288.00,85.66,231.14,0.79,-1,-1,-1
64,1,557.25,313.02,172.33,464.35,0.90,-1,-1,-1
64,2,727.88,257.31,356.17,864.39,0.88,-1,-1,-1
64,7,673.55,316.25,80.89,232.53,0.90,-1,-1,-1
64,10,530.07,401.05,293.02,747.55,0.90,-1,-1,-1
64,11,722.88,313.81,68.08,186.58,0.89,-1,-1,-1
64,15,87.65,230.00,453.87,1123.42,0.85,-1,-1,-1
64,13,1194.19,216.37,218.41,852.63,0.58,-1,-1,-1
64,9,516.58,328.36,31.44,79.82,0.83,-1,-1,-1
64,18,370.55,328.35,151.35,415.06,0.84,-1,-1,-1
64,6,549.81,335.05,25.88,60.96,0.85,-1,-1,-1
64,3,586.10,331.68,28.25,65.65,0.81,-1,-1,-1
64,5,779.55,285.29,88.65,239.60,0.72,-1,-1,-1
65,1,556.35,313.51,171.80,461.10,0.90,-1,-1,-1
65,2,728.83,258.50,348.59,854.41,0.88,-1,-1,-1
65,7,672.99,317.65,83.75,237.94,0.91,-1,-1,-1
65,10,521.79,406.80,303.00,740.12,0.89,-1,-1,-1
65,11,722.53,314.50,69.37,188.58,0.88,-1,-1,-1
65,15,79.85,238.15,455.99,1120.52,0.87,-1,-1,-1
65,13,1210.39,227.25,200.78,771.78,0.38,-1,-1,-1
65,9,515.15,328.36,31.55,79.58,0.84,-1,-1,-1
65,18,367.69,332.71,151.66,408.89,0.84,-1,-1,-1
65,6,548.46,335.52,25.53,61.21,0.85,-1,-1,-1
65,3,585.91,332.18,26.82,65.25,0.83,-1,-1,-1
65,5,779.32,284.36,90.10,241.52,0.80,-1,-1,-1
66,1,555.58,315.12,172.84,457.28,0.90,-1,-1,-1
66,2,733.40,253.02,327.64,854.68,0.89,-1,-1,-1
66,7,673.41,319.16,85.13,240.49,0.90,-1,-1,-1
66,10,513.75,411.06,311.65,743.80,0.89,-1,-1,-1
66,11,721.17,314.16,70.77,192.76,0.89,-1,-1,-1
66,15,73.69,243.40,453.75,1128.84,0.88,-1,-1,-1
66,9,514.40,327.62,32.09,79.04,0.85,-1,-1,-1
66,18,363.40,333.81,153.84,411.37,0.84,-1,-1,-1
66,6,547.38,335.58,25.30,61.79,0.83,-1,-1,-1
66,3,584.84,332.13,26.83,64.72,0.80,-1,-1,-1
66,5,780.18,283.83,90.84,241.54,0.80,-1,-1,-1
67,1,554.12,319.68,173.94,451.87,0.90,-1,-1,-1
67,2,740.08,250.06,308.47,843.41,0.88,-1,-1,-1
67,7,669.37,320.30,92.12,239.09,0.90,-1,-1,-1
67,10,506.42,412.89,318.58,752.27,0.89,-1,-1,-1
67,11,718.56,313.25,72.48,194.78,0.89,-1,-1,-1
67,15,67.84,244.88,449.17,1121.54,0.88,-1,-1,-1
67,9,512.12,327.28,33.50,79.21,0.86,-1,-1,-1
67,18,359.56,334.07,153.85,406.35,0.86,-1,-1,-1
67,6,545.31,335.69,25.23,61.78,0.81,-1,-1,-1
67,3,583.12,332.04,26.85,67.65,0.84,-1,-1,-1
67,5,780.79,284.05,89.96,239.86,0.82,-1,-1,-1
68,1,552.24,322.27,174.96,451.62,0.89,-1,-1,-1
68,2,744.43,253.41,296.00,803.77,0.88,-1,-1,-1
68,7,663.95,320.83,100.47,241.84,0.91,-1,-1,-1
68,10,502.27,414.77,321.14,751.04,0.89,-1,-1,-1
68,11,717.06,312.53,73.70,195.90,0.89,-1,-1,-1
68,15,63.80,253.25,444.50,1095.56,0.87,-1,-1,-1
68,9,510.94,326.86,34.02,79.50,0.87,-1,-1,-1
68,18,364.09,332.91,145.83,400.00,0.87,-1,-1,-1
68,6,543.90,335.71,25.21,61.71,0.83,-1,-1,-1
68,3,581.80,331.53,27.48,69.86,0.86,-1,-1,-1
68,5,781.91,283.86,91.27,241.64,0.80,-1,-1,-1
69,1,549.93,325.62,171.77,452.33,0.85,-1,-1,-1
69,2,745.04,253.32,288.22,787.92,0.87,-1,-1,-1
69,7,661.50,319.57,106.00,247.85,0.89,-1,-1,-1
69,10,499.89,413.94,320.22,748.01,0.90,-1,-1,-1
69,11,717.35,311.39,73.55,197.49,0.88,-1,-1,-1
69,15,64.16,243.88,437.16,1102.51,0.87,-1,-1,-1
69,9,508.69,326.57,35.39,80.53,0.86,-1,-1,-1
69,18,362.34,331.09,144.28,395.26,0.87,-1,-1,-1
69,6,542.46,335.29,25.20,62.60,0.81,-1,-1,-1
69,3,580.39,331.80,28.91,70.72,0.81,-1,-1,-1
69,5,783.20,284.15,89.98,238.75,0.80,-1,-1,-1
70,1,547.31,328.41,167.01,451.29,0.87,-1,-1,-1
70,2,745.10,252.72,282.59,781.29,0.86,-1,-1,-1
70,7,661.78,318.41,108.77,251.15,0.87,-1,-1,-1
70,10,499.25,413.20,316.89,740.86,0.89,-1,-1,-1
70,11,717.93,310.44,72.30,188.36,0.85,-1,-1,-1
70,15,65.06,240.08,430.56,1111.07,0.86,-1,-1,-1
70,9,507.06,326.40,35.92,80.64,0.85,-1,-1,-1
70,18,357.51,328.81,145.61,393.25,0.89,-1,-1,-1
70,6,540.57,334.77,25.20,63.24,0.84,-1,-1,-1
70,3,579.10,331.69,28.87,71.08,0.83,-1,-1,-1
70,5,782.96,284.99,89.42,234.22,0.76,-1,-1,-1
70,19,560.70,330.75,22.50,60.75,0.72,-1,-1,-1
70,12,643.01,338.00,27.79,67.07,0.68,-1,-1,-1
71,1,543.96,331.01,162.24,447.42,0.87,-1,-1,-1
71,2,744.67,256.67,278.91,775.36,0.87,-1,-1,-1
71,7,668.82,316.26,104.06,253.98,0.89,-1,-1,-1
71,10,497.56,413.37,314.89,731.43,0.89,-1,-1,-1
71,11,719.02,309.40,70.61,179.40,0.88,-1,-1,-1
71,15,66.33,239.64,418.68,1095.18,0.85,-1,-1,-1
71,9,506.01,326.32,35.53,80.01,0.84,-1,-1,-1
71,18,349.77,326.61,149.58,407.22,0.89,-1,-1,-1
71,6,538.79,334.68,25.20,63.13,0.82,-1,-1,-1
71,3,578.42,331.59,27.07,71.44,0.76,-1,-1,-1
71,5,781.26,284.40,87.39,235.04,0.63,-1,-1,-1
71,19,558.83,329.79,23.22,61.85,0.67,-1,-1,-1
71,12,639.41,336.15,30.89,79.65,0.77,-1,-1,-1
71,20,663.75,327.15,31.50,88.65,0.72,-1,-1,-1
72,1,540.35,329.97,160.44,442.37,0.86,-1,-1,-1
72,2,743.30,258.89,275.17,777.23,0.86,-1,-1,-1
72,7,672.37,314.83,100.21,253.30,0.89,-1,-1,-1
72,10,495.96,412.14,310.34,727.05,0.89,-1,-1,-1
72,11,718.60,307.07,72.28,187.58,0.86,-1,-1,-1
72,15,69.45,238.89,412.02,1062.33,0.83,-1,-1,-1
72,9,505.74,326.12,34.16,78.87,0.77,-1,-1,-1
72,18,344.02,324.57,152.20,410.12,0.90,-1,-1,-1
72,6,537.35,333.74,25.19,63.37,0.81,-1,-1,-1
72,3,575.53,331.99,26.97,71.26,0.61,-1,-1,-1
72,19,556.70,329.29,23.35,61.37,0.47,-1,-1,-1
72,12,637.53,335.65,31.50,83.77,0.76,-1,-1,-1
72,20,661.22,324.84,32.21,98.39,0.77,-1,-1,-1
73,1,535.49,330.54,159.93,442.05,0.87,-1,-1,-1
73,2,740.25,263.52,271.71,776.68,0.86,-1,-1,-1
73,7,672.40,313.82,102.31,255.12,0.87,-1,-1,-1
73,10,494.37,411.81,305.74,725.91,0.90,-1,-1,-1
73,11,717.74,305.59,72.35,192.53,0.85,-1,-1,-1
73,15,69.22,239.51,409.93,1037.16,0.82,-1,-1,-1
73,9,503.95,326.18,33.65,78.19,0.81,-1,-1,-1
73,18,341.64,324.63,150.79,415.58,0.88,-1,-1,-1
73,6,535.43,333.07,25.21,63.50,0.84,-1,-1,-1
73,3,571.92,331.96,22.74,63.22,0.21,-1,-1,-1
73,19,554.66,328.58,22.72,61.93,0.66,-1,-1,-1
73,12,635.77,334.59,31.17,87.78,0.74,-1,-1,-1
73,20,659.51,324.08,30.98,102.62,0.76,-1,-1,-1
73,17,1166.36,321.70,21.66,50.03,0.61,-1,-1,-1
74,1,531.48,329.04,163.40,450.16,0.88,-1,-1,-1
74,2,736.82,270.76,263.91,754.76,0.85,-1,-1,-1
74,7,673.15,312.99,104.23,259.04,0.89,-1,-1,-1
74,10,494.12,412.23,299.16,717.01,0.90,-1,-1,-1
74,11,717.58,304.44,72.34,200.55,0.84,-1,-1,-1
74,15,82.44,236.66,393.22,1021.28,0.82,-1,-1,-1
74,9,503.20,325.45,33.45,78.82,0.71,-1,-1,-1
74,18,340.56,325.26,149.49,412.25,0.88,-1,-1,-1
74,6,533.75,332.51,25.21,64.12,0.81,-1,-1,-1
74,19,553.29,327.53,23.19,62.77,0.46,-1,-1,-1
74,12,635.30,334.31,31.59,90.45,0.78,-1,-1,-1
74,20,656.83,324.35,32.71,102.42,0.76,-1,-1,-1
74,17,1161.12,320.05,24.28,52.87,0.46,-1,-1,-1
74,21,878.85,353.02,114.75,314.77,0.73,-1,-1,-1
75,1,527.18,324.92,165.22,451.16,0.87,-1,-1,-1
75,2,732.80,269.23,260.78,770.53,0.83,-1,-1,-1
75,7,669.96,312.15,110.12,266.71,0.87,-1,-1,-1
75,10,495.83,412.49,291.06,723.90,0.90,-1,-1,-1
75,11,718.13,305.10,72.28,207.09,0.82,-1,-1,-1
75,15,105.34,243.25,357.47,989.99,0.83,-1,-1,-1
75,9,503.41,325.53,31.56,77.82,0.83,-1,-1,-1
75,18,337.61,326.46,150.56,412.49,0.88,-1,-1,-1
75,6,532.40,332.50,25.20,63.42,0.77,-1,-1,-1
75,19,551.72,326.10,23.34,63.00,0.42,-1,-1,-1
75,12,634.92,334.96,31.14,87.65,0.67,-1,-1,-1
75,20,655.11,324.02,32.56,101.16,0.71,-1,-1,-1
75,17,1156.38,318.66,21.34,53.00,0.17,-1,-1,-1
75,21,886.44,354.02,105.38,317.36,0.68,-1,-1,-1
76,1,522.03,325.26,164.76,439.55,0.89,-1,-1,-1
76,2,725.14,272.07,262.26,771.68,0.84,-1,-1,-1
76,7,670.26,310.69,113.50,273.84,0.87,-1,-1,-1
76,10,495.97,414.39,283.85,727.05,0.90,-1,-1,-1
76,11,718.19,305.39,72.24,207.68,0.82,-1,-1,-1
76,15,70.46,237.12,392.99,1026.92,0.83,-1,-1,-1
76,9,501.73,325.26,31.46,77.80,0.81,-1,-1,-1
76,18,334.94,329.53,150.68,406.35,0.88,-1,-1,-1
76,6,530.15,331.77,25.20,63.79,0.71,-1,-1,-1
76,19,549.74,326.26,22.76,62.48,0.31,-1,-1,-1
76,12,633.72,335.71,30.94,83.26,0.64,-1,-1,-1
76,20,652.85,324.26,33.79,100.41,0.78,-1,-1,-1
76,17,1152.35,318.28,20.13,51.57,0.26,-1,-1,-1
76,21,894.66,360.63,101.74,325.45,0.83,-1,-1,-1
77,1,517.35,322.99,166.38,431.92,0.90,-1,-1,-1
77,2,717.92,274.89,263.24,771.87,0.85,-1,-1,-1
77,7,670.21,310.88,115.33,275.02,0.87,-1,-1,-1
77,10,495.12,418.80,277.57,719.96,0.89,-1,-1,-1
77,11,718.59,304.96,73.98,210.62,0.81,-1,-1,-1
77,15,56.52,238.83,408.54,1037.21,0.83,-1,-1,-1
77,9,499.52,325.05,32.63,77.45,0.82,-1,-1,-1
77,18,331.14,332.26,154.74,404.41,0.88,-1,-1,-1
77,6,528.35,331.67,25.19,63.00,0.76,-1,-1,-1
77,19,548.35,326.38,22.55,63.50,0.36,-1,-1,-1
77,12,632.54,335.73,30.26,76.06,0.56,-1,-1,-1
77,20,651.00,324.03,33.58,97.86,0.73,-1,-1,-1
77,17,1150.37,318.25,21.01,51.31,0.13,-1,-1,-1
77,21,896.29,358.39,108.21,334.88,0.89,-1,-1,-1
78,1,512.91,319.63,168.82,426.35,0.91,-1,-1,-1
78,2,711.72,275.62,260.18,758.22,0.86,-1,-1,-1
78,7,669.90,309.71,116.00,285.72,0.87,-1,-1,-1
78,10,493.28,424.57,272.36,713.44,0.89,-1,-1,-1
78,11,718.76,305.74,76.41,216.90,0.76,-1,-1,-1
78,15,51.81,241.95,405.90,1045.16,0.83,-1,-1,-1
78,9,498.35,324.28,32.48,77.67,0.84,-1,-1,-1
78,18,332.54,334.62,152.75,403.32,0.87,-1,-1,-1
78,6,526.75,331.26,24.60,63.02,0.77,-1,-1,-1
78,19,546.93,326.81,22.48,63.27,0.36,-1,-1,-1
78,12,630.92,335.36,30.00,74.87,0.64,-1,-1,-1
78,20,649.17,324.20,33.49,93.84,0.66,-1,-1,-1
78,17,1149.30,318.51,20.10,47.30,0.13,-1,-1,-1
78,21,899.05,356.45,113.82,341.14,0.89,-1,-1,-1
79,1,510.11,317.97,168.96,417.58,0.91,-1,-1,-1
79,2,705.45,274.12,259.46,756.92,0.85,-1,-1,-1
79,7,671.44,310.36,115.45,294.51,0.88,-1,-1,-1
79,10,492.03,426.96,268.42,706.08,0.89,-1,-1,-1
79,11,723.09,306.27,71.37,213.04,0.77,-1,-1,-1
79,15,51.58,244.69,407.10,1056.74,0.86,-1,-1,-1
79,9,497.63,323.29,32.39,78.02,0.83,-1,-1,-1
79,18,334.74,335.61,163.43,406.91,0.88,-1,-1,-1
79,6,525.58,330.55,24.95,63.30,0.76,-1,-1,-1
79,19,545.49,326.27,22.44,62.83,0.41,-1,-1,-1
79,12,630.26,334.38,29.25,75.94,0.74,-1,-1,-1
79,20,648.46,324.66,30.33,90.20,0.62,-1,-1,-1
79,17,1148.41,316.65,22.25,48.27,0.29,-1,-1,-1
79,21,903.41,353.30,121.58,348.40,0.91,-1,-1,-1
80,1,507.16,318.59,170.97,409.16,0.90,-1,-1,-1
80,2,699.53,274.19,263.20,751.01,0.85,-1,-1,-1
80,7,673.09,310.92,113.51,305.45,0.88,-1,-1,-1
80,10,489.65,428.30,265.53,702.92,0.89,-1,-1,-1
80,11,725.61,306.19,70.01,217.97,0.72,-1,-1,-1
80,15,52.73,254.67,402.26,1039.93,0.85,-1,-1,-1
80,9,496.31,323.24,31.79,78.19,0.79,-1,-1,-1
80,18,333.69,335.13,174.00,406.07,0.88,-1,-1,-1
80,6,524.10,330.91,25.11,63.42,0.78,-1,-1,-1
80,19,543.33,326.54,22.45,62.69,0.48,-1,-1,-1
80,12,627.82,333.58,30.79,79.33,0.79,-1,-1,-1
80,20,646.95,324.93,27.26,87.44,0.71,-1,-1,-1
80,17,1147.58,316.65,21.83,48.04,0.27,-1,-1,-1
80,21,903.65,351.65,131.08,354.10,0.90,-1,-1,-1
81,1,505.54,320.65,171.09,404.11,0.90,-1,-1,-1
81,2,693.72,273.24,269.71,743.92,0.87,-1,-1,-1
81,7,673.60,311.41,111.50,302.10,0.87,-1,-1,-1
81,10,486.74,423.41,264.54,707.18,0.89,-1,-1,-1
81,11,727.55,304.53,73.72,222.37,0.51,-1,-1,-1
81,15,58.19,262.13,395.14,1016.62,0.86,-1,-1,-1
81,9,494.94,322.94,32.16,78.79,0.83,-1,-1,-1
81,18,336.03,333.43,173.75,408.50,0.89,-1,-1,-1
81,6,523.28,330.60,24.57,63.72,0.77,-1,-1,-1
81,19,541.64,326.49,23.06,62.89,0.49,-1,-1,-1
81,12,625.40,332.96,32.51,84.07,0.80,-1,-1,-1
81,20,644.76,325.30,26.86,87.72,0.68,-1,-1,-1
81,17,1146.67,315.94,20.45,49.15,0.62,-1,-1,-1
81,21,911.02,349.57,133.05,358.27,0.91,-1,-1,-1
82,1,504.75,322.72,169.34,401.57,0.90,-1,-1,-1
82,2,688.89,266.49,274.83,756.65,0.87,-1,-1,-1
82,7,673.34,311.46,109.48,297.57,0.86,-1,-1,-1
82,10,483.63,414.69,264.86,719.13,0.90,-1,-1,-1
82,11,729.32,303.74,72.12,221.27,0.36,-1,-1,-1
82,15,62.23,252.99,393.00,1041.43,0.87,-1,-1,-1
82,9,493.31,322.33,32.89,78.49,0.86,-1,-1,-1
82,18,336.30,331.33,176.75,410.37,0.89,-1,-1,-1
82,6,522.48,330.59,23.76,63.00,0.78,-1,-1,-1
82,19,540.82,326.13,22.09,62.12,0.56,-1,-1,-1
82,12,623.15,332.27,34.32,89.42,0.82,-1,-1,-1
82,20,642.68,324.51,27.37,85.78,0.61,-1,-1,-1
82,17,1147.29,315.39,18.70,46.63,0.46,-1,-1,-1
82,21,917.99,348.32,135.89,363.34,0.91,-1,-1,-1
82,22,1236.60,312.75,19.80,50.85,0.73,-1,-1,-1
82,5,797.54,271.61,96.95,283.25,0.61,-1,-1,-1
83,1,505.41,323.97,167.48,398.78,0.90,-1,-1,-1
83,2,687.65,263.68,275.97,756.20,0.88,-1,-1,-1
83,7,673.12,311.66,109.89,301.38,0.86,-1,-1,-1
83,10,478.93,407.98,268.11,737.53,0.89,-1,-1,-1
83,11,730.12,303.32,72.69,214.69,0.21,-1,-1,-1
83,15,66.61,256.71,386.32,1021.91,0.86,-1,-1,-1
83,9,492.40,321.86,33.17,78.93,0.83,-1,-1,-1
83,18,336.34,328.52,175.07,417.28,0.89,-1,-1,-1
83,6,521.27,330.49,24.07,62.68,0.70,-1,-1,-1
83,19,539.32,325.28,22.33,63.29,0.48,-1,-1,-1
83,12,621.67,331.61,35.02,92.59,0.83,-1,-1,-1
83,20,640.04,323.29,27.58,85.41,0.59,-1,-1,-1
83,17,1146.33,314.96,18.08,48.41,0.55,-1,-1,-1
83,21,925.33,347.08,139.18,373.80,0.90,-1,-1,-1
83,5,803.74,270.35,87.05,267.44,0.29,-1,-1,-1
84,1,506.13,328.15,165.68,390.08,0.90,-1,-1,-1
84,2,685.08,261.04,280.72,759.61,0.89,-1,-1,-1
84,7,671.07,313.00,113.65,313.87,0.86,-1,-1,-1
84,10,474.38,403.51,272.52,747.18,0.89,-1,-1,-1
84,15,75.83,249.83,377.19,1010.97,0.86,-1,-1,-1
84,9,492.19,321.65,32.11,79.11,0.84,-1,-1,-1
84,18,337.04,325.97,167.94,412.95,0.89,-1,-1,-1
84,6,520.67,330.27,23.60,62.57,0.73,-1,-1,-1
84,19,538.32,325.52,22.43,63.13,0.54,-1,-1,-1
84,12,621.25,332.32,34.71,91.50,0.83,-1,-1,-1
84,20,638.34,322.31,27.69,83.50,0.74,-1,-1,-1
84,17,1146.21,315.41,16.65,47.25,0.71,-1,-1,-1
84,21,931.10,348.48,141.54,378.15,0.91,-1,-1,-1
84,5,804.20,269.97,95.76,285.20,0.22,-1,-1,-1
85,1,506.63,325.95,164.33,396.24,0.89,-1,-1,-1
85,2,679.69,260.00,291.53,771.86,0.88,-1,-1,-1
85,7,671.94,312.00,112.63,327.91,0.86,-1,-1,-1
85,10,470.80,400.41,274.70,745.23,0.89,-1,-1,-1
85,15,87.32,255.99,368.49,974.27,0.84,-1,-1,-1
85,9,490.20,321.79,33.49,78.89,0.83,-1,-1,-1
85,18,337.90,323.96,159.78,404.22,0.89,-1,-1,-1
85,6,519.44,329.95,24.02,62.54,0.75,-1,-1,-1
85,19,537.25,325.68,22.46,62.48,0.60,-1,-1,-1
85,12,619.54,332.54,35.73,91.01,0.83,-1,-1,-1
85,20,636.44,320.97,28.94,93.31,0.65,-1,-1,-1
85,17,1145.57,315.66,16.16,47.14,0.74,-1,-1,-1
85,21,935.43,349.81,145.73,389.87,0.89,-1,-1,-1
85,5,809.55,270.36,97.47,300.00,0.77,-1,-1,-1
86,1,507.68,325.16,163.30,391.89,0.89,-1,-1,-1
86,2,676.74,258.89,305.06,778.21,0.88,-1,-1,-1
86,7,673.92,311.32,112.84,336.60,0.86,-1,-1,-1
86,10,469.48,398.70,277.46,745.94,0.89,-1,-1,-1
86,15,86.46,247.80,372.68,1003.28,0.87,-1,-1,-1
86,9,489.71,322.04,33.41,79.38,0.80,-1,-1,-1
86,18,337.40,322.40,156.92,398.99,0.89,-1,-1,-1
86,6,518.93,329.72,24.19,62.22,0.80,-1,-1,-1
86,19,536.50,325.47,22.48,62.82,0.67,-1,-1,-1
86,12,618.54,332.65,36.69,91.03,0.83,-1,-1,-1
86,20,635.38,320.37,28.23,89.17,0.65,-1,-1,-1
86,17,1144.20,315.97,16.02,46.79,0.71,-1,-1,-1
86,21,941.73,351.88,148.44,395.04,0.89,-1,-1,-1
86,5,814.94,270.52,98.75,307.07,0.80,-1,-1,-1
86,23,664.20,337.72,37.80,95.85,0.71,-1,-1,-1
87,1,508.41,324.94,162.26,388.37,0.89,-1,-1,-1
87,2,674.03,255.06,322.55,809.35,0.86,-1,-1,-1
87,7,674.73,309.32,114.59,345.80,0.87,-1,-1,-1
87,10,468.72,400.29,277.77,741.37,0.89,-1,-1,-1
87,15,80.74,244.93,380.81,996.82,0.84,-1,-1,-1
87,9,490.43,321.78,31.58,79.62,0.78,-1,-1,-1
87,18,338.21,322.32,154.14,392.51,0.87,-1,-1,-1
87,6,517.57,329.45,24.84,62.43,0.75,-1,-1,-1
87,19,535.37,324.91,21.88,63.28,0.58,-1,-1,-1
87,12,617.33,332.84,37.03,93.42,0.79,-1,-1,-1
87,20,632.99,320.44,29.76,95.07,0.60,-1,-1,-1
87,17,1143.11,316.41,15.98,46.70,0.69,-1,-1,-1
87,21,947.96,354.00,152.75,405.81,0.90,-1,-1,-1
87,5,820.60,270.34,99.44,324.94,0.81,-1,-1,-1
87,23,663.16,337.86,39.24,94.46,0.68,-1,-1,-1
88,1,510.45,323.71,160.67,391.25,0.90,-1,-1,-1
88,2,675.33,254.13,334.68,827.45,0.86,-1,-1,-1
88,7,676.14,307.17,116.40,351.93,0.88,-1,-1,-1
88,10,468.77,399.38,279.05,748.73,0.89,-1,-1,-1
88,15,76.14,238.06,385.35,1007.94,0.88,-1,-1,-1
88,9,491.90,321.91,29.65,79.40,0.77,-1,-1,-1
88,18,344.04,323.13,146.32,387.12,0.86,-1,-1,-1
88,6,516.44,328.83,25.67,63.10,0.74,-1,-1,-1
88,19,534.62,324.63,21.65,63.74,0.53,-1,-1,-1
88,12,617.14,332.84,37.13,96.92,0.78,-1,-1,-1
88,20,632.38,320.54,30.31,96.60,0.54,-1,-1,-1
88,17,1142.33,316.08,15.98,46.98,0.62,-1,-1,-1
88,21,952.17,355.93,163.57,416.70,0.88,-1,-1,-1
88,5,829.67,271.20,97.01,319.59,0.81,-1,-1,-1
88,23,663.73,336.96,38.13,91.77,0.69,-1,-1,-1
89,1,512.32,322.24,159.60,388.52,0.90,-1,-1,-1
89,2,677.81,256.29,343.57,832.12,0.87,-1,-1,-1
89,7,676.21,305.59,122.44,357.59,0.89,-1,-1,-1
89,10,471.46,404.87,279.73,751.92,0.89,-1,-1,-1
89,15,71.72,237.19,391.76,1014.53,0.87,-1,-1,-1
89,9,492.64,322.00,28.36,78.98,0.81,-1,-1,-1
89,18,343.04,324.92,145.99,384.28,0.88,-1,-1,-1
89,6,515.94,328.18,26.59,63.63,0.77,-1,-1,-1
89,19,534.56,324.55,21.59,63.59,0.59,-1,-1,-1
89,12,617.85,333.26,36.01,95.29,0.76,-1,-1,-1
89,20,634.13,320.86,27.60,82.15,0.36,-1,-1,-1
89,17,1141.50,315.47,16.01,47.07,0.58,-1,-1,-1
89,21,961.79,356.81,168.92,424.62,0.90,-1,-1,-1
89,5,835.48,270.06,101.49,351.84,0.82,-1,-1,-1
89,23,664.15,337.23,39.89,96.17,0.69,-1,-1,-1
90,1,511.89,320.15,160.44,397.06,0.91,-1,-1,-1
90,2,680.48,265.81,351.89,819.93,0.87,-1,-1,-1
90,7,676.07,303.69,127.05,362.78,0.89,-1,-1,-1
90,10,473.75,407.46,281.20,755.10,0.89,-1,-1,-1
90,15,67.65,234.18,396.69,1020.55,0.86,-1,-1,-1
90,9,490.85,321.87,29.15,79.18,0.80,-1,-1,-1
90,18,341.88,327.03,143.96,381.34,0.88,-1,-1,-1
90,6,515.51,327.78,25.77,64.18,0.75,-1,-1,-1
90,19,533.15,324.36,21.57,63.87,0.62,-1,-1,-1
90,12,615.31,333.31,39.12,97.59,0.77,-1,-1,-1
90,20,632.63,320.07,27.14,77.90,0.37,-1,-1,-1
90,17,1140.51,315.80,16.04,47.15,0.43,-1,-1,-1
90,21,968.66,358.43,176.65,444.24,0.91,-1,-1,-1
90,5,841.34,269.09,106.04,368.76,0.85,-1,-1,-1
90,23,663.61,338.46,41.12,92.62,0.75,-1,-1,-1
91,1,512.14,318.58,160.79,399.68,0.91,-1,-1,-1
91,2,675.32,268.41,363.68,824.44,0.88,-1,-1,-1
91,7,676.96,302.17,132.88,372.71,0.91,-1,-1,-1
91,10,476.25,415.06,283.57,747.27,0.89,-1,-1,-1
91,15,66.15,234.97,399.86,1030.53,0.86,-1,-1,-1
91,9,490.01,322.06,28.83,78.95,0.81,-1,-1,-1
91,18,339.87,328.52,143.74,377.90,0.88,-1,-1,-1
91,6,514.61,328.31,26.04,64.08,0.76,-1,-1,-1
91,19,532.76,324.67,20.97,63.68,0.67,-1,-1,-1
91,12,615.33,332.81,39.11,99.31,0.74,-1,-1,-1
91,20,641.02,322.18,26.38,74.65,0.72,-1,-1,-1
91,17,1139.65,315.98,16.06,47.19,0.21,-1,-1,-1
91,21,976.45,360.84,184.16,451.02,0.90,-1,-1,-1
91,5,847.06,268.08,113.02,380.03,0.86,-1,-1,-1
91,23,662.90,339.27,42.16,97.26,0.77,-1,-1,-1
92,1,513.34,317.79,160.87,402.32,0.91,-1,-1,-1
92,2,679.53,271.09,365.04,825.32,0.87,-1,-1,-1
92,7,678.27,301.26,137.34,378.94,0.90,-1,-1,-1
92,10,482.83,421.26,280.17,737.73,0.89,-1,-1,-1
92,15,69.65,246.96,396.20,1012.35,0.86,-1,-1,-1
92,9,489.33,321.93,29.32,78.19,0.80,-1,-1,-1
92,18,337.94,328.73,143.65,379.41,0.88,-1,-1,-1
92,6,514.52,328.91,26.12,63.39,0.76,-1,-1,-1
92,19,532.84,325.03,20.74,63.54,0.67,-1,-1,-1
92,12,616.72,332.11,37.30,98.68,0.71,-1,-1,-1
92,20,644.24,322.57,26.71,75.06,0.77,-1,-1,-1
92,17,1138.76,315.91,16.08,47.76,0.16,-1,-1,-1
92,21,986.95,361.90,189.19,464.28,0.91,-1,-1,-1
92,5,853.45,265.90,119.10,390.22,0.88,-1,-1,-1
92,23,662.72,339.61,42.48,103.71,0.86,-1,-1,-1
93,1,513.72,317.97,161.52,406.73,0.91,-1,-1,-1
93,2,682.94,272.25,359.51,821.75,0.87,-1,-1,-1
93,7,679.55,302.54,140.20,376.30,0.88,-1,-1,-1
93,10,487.68,423.72,278.88,735.10,0.88,-1,-1,-1
93,15,70.51,254.00,394.36,998.13,0.86,-1,-1,-1
93,9,488.13,321.60,30.71,77.90,0.81,-1,-1,-1
93,18,333.40,328.23,146.23,385.42,0.87,-1,-1,-1
93,6,513.85,329.76,26.15,62.82,0.77,-1,-1,-1
93,19,532.23,324.89,21.27,63.78,0.56,-1,-1,-1
93,12,617.21,332.44,36.56,93.93,0.71,-1,-1,-1
93,20,645.03,322.42,26.24,76.16,0.61,-1,-1,-1
93,21,998.28,361.55,193.31,488.37,0.91,-1,-1,-1
93,5,854.60,264.07,128.90,398.09,0.89,-1,-1,-1
93,23,663.51,339.58,41.95,106.62,0.86,-1,-1,-1
94,1,513.50,318.98,159.42,402.49,0.91,-1,-1,-1
94,2,686.93,269.99,349.22,824.75,0.87,-1,-1,-1
94,7,680.84,304.13,140.68,372.21,0.86,-1,-1,-1
94,10,493.01,424.92,276.65,727.27,0.89,-1,-1,-1
94,15,67.39,262.06,395.27,987.52,0.84,-1,-1,-1
94,9,487.94,321.66,30.06,77.21,0.80,-1,-1,-1
94,18,329.57,327.18,148.14,385.94,0.89,-1,-1,-1
94,6,512.96,329.96,26.16,62.90,0.83,-1,-1,-1
94,19,531.97,325.01,20.87,63.87,0.59,-1,-1,-1
94,12,617.36,333.50,36.28,91.75,0.76,-1,-1,-1
94,20,644.33,322.24,26.68,77.52,0.67,-1,-1,-1
94,21,1009.41,362.27,198.24,506.10,0.91,-1,-1,-1
94,5,859.16,262.52,135.84,403.22,0.90,-1,-1,-1
94,23,663.76,339.73,42.34,107.94,0.88,-1,-1,-1
94,24,696.60,324.00,29.70,75.15,0.78,-1,-1,-1
95,1,512.53,319.63,158.58,403.31,0.90,-1,-1,-1
95,2,692.11,266.85,334.83,830.48,0.86,-1,-1,-1
95,7,682.51,306.50,144.21,374.00,0.84,-1,-1,-1
95,10,494.99,423.75,277.50,732.50,0.89,-1,-1,-1
95,15,60.67,263.68,396.43,987.38,0.84,-1,-1,-1
95,9,487.91,321.48,29.79,77.26,0.79,-1,-1,-1
95,18,324.60,326.10,152.70,389.20,0.89,-1,-1,-1
95,6,513.27,330.28,25.56,62.35,0.81,-1,-1,-1
95,19,531.32,325.31,21.32,63.60,0.58,-1,-1,-1
95,12,617.46,332.05,36.15,96.05,0.79,-1,-1,-1
95,20,643.50,322.29,26.83,79.27,0.65,-1,-1,-1
95,21,1020.51,363.42,205.69,522.00,0.91,-1,-1,-1
95,5,862.31,262.37,145.59,407.40,0.90,-1,-1,-1
95,23,664.18,339.74,42.45,109.25,0.88,-1,-1,-1
95,24,696.17,324.37,31.14,78.41,0.81,-1,-1,-1
96,1,511.29,322.60,158.28,403.02,0.89,-1,-1,-1
96,2,693.81,266.44,319.91,811.05,0.88,-1,-1,-1
96,7,684.61,308.63,146.08,378.65,0.84,-1,-1,-1
96,10,496.30,421.97,278.41,735.21,0.89,-1,-1,-1
96,15,57.51,267.54,395.28,988.95,0.84,-1,-1,-1
96,9,487.93,321.61,29.70,77.58,0.79,-1,-1,-1
96,18,321.48,325.13,154.57,390.46,0.89,-1,-1,-1
96,6,513.44,330.59,24.73,62.74,0.80,-1,-1,-1
96,19,531.13,325.76,20.89,63.50,0.54,-1,-1,-1
96,12,618.13,330.54,36.10,102.30,0.80,-1,-1,-1
96,20,643.79,323.10,26.30,78.75,0.61,-1,-1,-1
96,21,1032.12,364.91,213.04,537.81,0.91,-1,-1,-1
96,5,865.19,262.54,155.01,411.50,0.90,-1,-1,-1
96,23,664.07,339.78,45.48,110.26,0.89,-1,-1,-1
96,24,696.44,325.17,31.41,77.32,0.84,-1,-1,-1
96,25,1150.20,311.17,19.80,53.10,0.71,-1,-1,-1
97,1,509.52,327.07,155.25,403.56,0.88,-1,-1,-1
97,2,693.43,268.41,306.85,792.45,0.87,-1,-1,-1
97,7,686.75,312.14,151.43,384.42,0.85,-1,-1,-1
97,10,495.46,421.94,280.06,731.55,0.89,-1,-1,-1
97,15,54.85,263.33,398.40,1012.14,0.85,-1,-1,-1
97,9,487.55,322.03,30.27,78.01,0.83,-1,-1,-1
97,18,319.61,325.45,155.63,393.36,0.89,-1,-1,-1
97,6,512.51,331.22,25.03,62.29,0.82,-1,-1,-1
97,19,529.17,325.85,21.94,63.76,0.49,-1,-1,-1
97,12,618.00,329.60,37.87,108.44,0.82,-1,-1,-1
97,20,643.79,323.16,26.12,78.88,0.62,-1,-1,-1
97,21,1041.59,368.66,222.74,552.61,0.90,-1,-1,-1
97,5,869.53,262.07,162.15,413.44,0.89,-1,-1,-1
97,23,663.95,339.84,46.61,109.98,0.89,-1,-1,-1
97,24,696.17,325.46,31.52,79.74,0.87,-1,-1,-1
98,1,507.92,331.01,151.69,403.79,0.88,-1,-1,-1
98,2,694.78,265.58,294.39,793.82,0.88,-1,-1,-1
98,7,689.54,313.53,156.29,398.96,0.84,-1,-1,-1
98,10,493.85,418.49,280.02,747.22,0.89,-1,-1,-1
98,15,51.49,258.59,402.14,1028.60,0.86,-1,-1,-1
98,9,487.68,322.51,30.48,77.88,0.83,-1,-1,-1
98,18,315.52,326.04,158.20,396.26,0.89,-1,-1,-1
98,6,512.15,331.63,24.54,62.13,0.85,-1,-1,-1
98,19,528.14,326.07,21.73,63.27,0.54,-1,-1,-1
98,12,617.63,330.43,38.52,108.81,0.84,-1,-1,-1
98,20,642.84,324.42,26.65,78.35,0.63,-1,-1,-1
98,21,1052.48,373.79,228.64,566.42,0.90,-1,-1,-1
98,5,872.25,262.11,170.51,429.71,0.88,-1,-1,-1
98,23,663.57,339.75,47.01,109.21,0.89,-1,-1,-1
98,24,695.41,325.78,31.53,80.19,0.88,-1,-1,-1
99,1,505.09,331.54,149.16,407.00,0.88,-1,-1,-1
99,2,691.50,270.50,291.13,769.49,0.86,-1,-1,-1
99,7,691.95,314.47,159.23,407.87,0.82,-1,-1,-1
99,10,490.67,421.03,278.76,742.96,0.89,-1,-1,-1
99,15,54.63,253.63,391.47,1025.17,0.84,-1,-1,-1
99,9,487.31,323.11,30.56,77.56,0.82,-1,-1,-1
99,18,308.98,326.20,164.59,410.52,0.90,-1,-1,-1
99,6,511.00,332.05,24.95,62.39,0.85,-1,-1,-1
99,19,527.05,325.67,21.65,64.00,0.42,-1,-1,-1
99,12,617.39,331.78,38.75,106.86,0.85,-1,-1,-1
99,20,642.09,325.93,26.85,78.49,0.68,-1,-1,-1
99,21,1062.85,378.87,242.23,581.85,0.87,-1,-1,-1
99,5,878.00,262.59,176.81,461.19,0.89,-1,-1,-1
99,23,663.04,339.56,47.72,111.27,0.90,-1,-1,-1
99,24,694.79,325.88,32.18,80.64,0.88,-1,-1,-1
100,1,502.36,331.40,148.87,408.70,0.89,-1,-1,-1
100,2,688.26,273.72,287.91,754.57,0.86,-1,-1,-1
100,7,695.25,314.22,160.26,411.05,0.77,-1,-1,-1
100,10,487.17,422.25,277.65,739.01,0.89,-1,-1,-1
100,15,55.74,252.62,380.16,1014.91,0.84,-1,-1,-1
100,9,487.30,323.32,31.77,78.32,0.85,-1,-1,-1
100,18,302.19,327.73,172.66,409.91,0.90,-1,-1,-1
100,6,510.71,332.04,24.51,62.48,0.85,-1,-1,-1
100,19,525.89,325.65,22.21,63.96,0.61,-1,-1,-1
100,12,617.39,332.89,38.82,110.44,0.86,-1,-1,-1
100,20,641.30,326.31,27.52,79.14,0.70,-1,-1,-1
100,21,1074.68,381.93,247.37,605.84,0.87,-1,-1,-1
100,5,881.63,263.64,181.72,466.04,0.90,-1,-1,-1
100,23,662.33,339.46,47.95,112.57,0.90,-1,-1,-1
100,24,694.35,326.05,32.39,80.12,0.88,-1,-1,-1
101,1,499.10,330.11,146.48,404.74,0.88,-1,-1,-1
101,2,685.14,273.78,284.59,743.91,0.86,-1,-1,-1
101,7,696.66,305.14,165.89,444.86,0.56,-1,-1,-1
101,10,480.88,424.07,278.00,732.24,0.88,-1,-1,-1
101,15,47.84,250.15,377.70,994.90,0.85,-1,-1,-1
101,9,486.82,323.54,31.07,78.93,0.82,-1,-1,-1
101,18,303.99,329.49,171.79,400.88,0.90,-1,-1,-1
101,6,509.54,331.57,24.95,63.43,0.82,-1,-1,-1
101,19,525.59,326.22,21.25,63.37,0.53,-1,-1,-1
101,12,617.26,333.87,38.86,111.21,0.84,-1,-1,-1
101,20,641.16,326.87,27.20,78.83,0.70,-1,-1,-1
101,21,1087.75,383.91,238.99,605.65,0.85,-1,-1,-1
101,5,887.46,263.44,195.05,469.98,0.87,-1,-1,-1
101,23,661.05,339.55,49.81,113.93,0.89,-1,-1,-1
101,24,693.80,326.24,32.48,80.24,0.88,-1,-1,-1
101,26,1108.80,317.70,25.20,55.80,0.72,-1,-1,-1
102,1,495.45,328.68,149.84,407.75,0.89,-1,-1,-1
102,2,676.86,272.10,285.87,760.78,0.86,-1,-1,-1
102,10,475.21,426.76,275.69,731.34,0.88,-1,-1,-1
102,15,40.56,243.60,378.21,990.66,0.85,-1,-1,-1
102,9,486.30,323.91,31.38,78.52,0.88,-1,-1,-1
102,18,306.39,331.67,168.65,389.32,0.90,-1,-1,-1
102,6,509.06,331.08,25.11,64.64,0.81,-1,-1,-1
102,19,524.85,326.43,20.87,62.21,0.53,-1,-1,-1
102,12,616.80,333.94,39.45,118.41,0.86,-1,-1,-1
102,20,640.38,326.89,27.66,79.27,0.73,-1,-1,-1
102,21,1102.43,384.34,235.22,621.56,0.84,-1,-1,-1
102,5,890.26,263.06,194.51,460.12,0.87,-1,-1,-1
102,23,661.03,339.99,49.32,114.93,0.90,-1,-1,-1
102,24,694.07,326.27,31.88,80.53,0.89,-1,-1,-1
102,26,1108.81,317.71,23.76,55.81,0.67,-1,-1,-1
102,27,666.45,326.47,30.60,78.75,0.72,-1,-1,-1
103,1,491.75,325.96,149.29,405.37,0.90,-1,-1,-1
103,2,674.78,278.85,279.47,743.65,0.87,-1,-1,-1
103,10,467.69,434.98,272.98,720.25,0.89,-1,-1,-1
103,15,33.82,246.43,374.94,988.13,0.85,-1,-1,-1
103,9,486.40,324.10,31.49,77.78,0.88,-1,-1,-1
103,18,307.07,332.97,178.92,397.69,0.88,-1,-1,-1
103,6,508.89,330.95,24.58,62.15,0.78,-1,-1,-1
103,19,523.99,326.42,20.73,61.48,0.37,-1,-1,-1
103,12,616.63,335.32,39.06,121.70,0.86,-1,-1,-1
103,20,640.10,327.11,27.24,78.56,0.69,-1,-1,-1
103,21,1120.70,382.85,234.74,635.39,0.82,-1,-1,-1
103,5,894.97,260.36,198.29,489.10,0.89,-1,-1,-1
103,23,660.74,341.12,49.08,115.57,0.90,-1,-1,-1
103,24,694.20,325.76,31.03,81.56,0.88,-1,-1,-1
103,26,1108.14,317.35,23.48,55.82,0.77,-1,-1,-1
103,27,666.72,325.53,29.16,75.54,0.74,-1,-1,-1
103,17,1125.14,317.43,17.95,48.16,0.65,-1,-1,-1
104,1,487.68,322.77,149.12,399.32,0.90,-1,-1,-1
104,2,666.55,281.82,277.21,740.85,0.86,-1,-1,-1
104,10,457.66,434.58,274.98,728.94,0.88,-1,-1,-1
104,15,22.12,245.26,380.41,987.51,0.85,-1,-1,-1
104,9,485.80,324.41,30.34,77.25,0.88,-1,-1,-1
104,18,307.04,333.63,180.55,393.29,0.86,-1,-1,-1
104,6,508.22,330.55,23.77,61.21,0.77,-1,-1,-1
104,19,523.38,326.51,20.68,61.55,0.34,-1,-1,-1
104,12,615.70,335.54,39.49,125.60,0.86,-1,-1,-1
104,20,638.24,326.11,28.27,80.14,0.73,-1,-1,-1
104,21,1136.70,384.60,228.54,623.40,0.81,-1,-1,-1
104,5,900.29,257.76,197.61,501.12,0.91,-1,-1,-1
104,23,660.37,341.68,48.38,116.72,0.90,-1,-1,-1
104,24,694.04,324.94,30.71,82.87,0.88,-1,-1,-1
104,26,1107.18,317.08,23.39,56.54,0.79,-1,-1,-1
104,27,665.55,325.32,29.59,75.29,0.76,-1,-1,-1
104,17,1124.06,317.29,18.03,47.88,0.60,-1,-1,-1
104,11,783.84,289.74,103.28,302.91,0.78,-1,-1,-1
105,1,483.14,318.69,150.32,399.24,0.90,-1,-1,-1
105,2,654.66,284.02,282.03,744.60,0.86,-1,-1,-1
105,10,447.24,433.42,275.38,734.11,0.88,-1,-1,-1
105,15,16.52,243.61,381.47,997.37,0.86,-1,-1,-1
105,9,485.20,324.95,29.90,77.01,0.87,-1,-1,-1
105,18,306.37,333.44,175.43,392.00,0.91,-1,-1,-1
105,6,507.28,330.07,24.09,65.35,0.74,-1,-1,-1
105,12,614.62,329.50,42.02,133.78,0.86,-1,-1,-1
105,20,636.81,324.92,28.66,80.69,0.65,-1,-1,-1
105,21,1151.27,385.32,229.61,620.46,0.74,-1,-1,-1
105,5,905.73,255.35,200.69,505.54,0.91,-1,-1,-1
105,23,660.98,341.96,49.28,117.34,0.88,-1,-1,-1
105,24,693.50,325.01,31.22,83.30,0.87,-1,-1,-1
105,26,1105.51,316.31,23.37,57.41,0.66,-1,-1,-1
105,27,665.01,325.86,29.03,74.81,0.71,-1,-1,-1
105,17,1122.46,317.35,19.24,48.07,0.48,-1,-1,-1
106,1,479.56,316.28,151.95,397.39,0.91,-1,-1,-1
106,2,645.11,290.77,285.61,738.25,0.86,-1,-1,-1
106,10,437.30,432.45,275.17,735.23,0.89,-1,-1,-1
106,15,13.06,238.53,384.86,1021.50,0.88,-1,-1,-1
106,9,484.81,324.98,30.34,77.21,0.87,-1,-1,-1
106,18,305.31,332.72,174.32,389.67,0.92,-1,-1,-1
106,6,507.38,329.88,24.20,67.43,0.73,-1,-1,-1
106,12,614.63,326.58,42.38,136.89,0.88,-1,-1,-1
106,20,636.09,325.49,28.80,78.52,0.58,-1,-1,-1
106,21,1168.23,393.20,221.59,616.53,0.72,-1,-1,-1
106,5,910.68,252.98,202.85,519.34,0.91,-1,-1,-1
106,23,661.33,342.49,49.60,118.55,0.86,-1,-1,-1
106,24,693.42,325.48,30.20,83.14,0.85,-1,-1,-1
106,26,1105.04,316.71,23.37,56.70,0.69,-1,-1,-1
106,27,664.30,326.02,28.83,75.00,0.73,-1,-1,-1
106,17,1121.91,317.23,19.69,48.43,0.55,-1,-1,-1
106,7,755.79,298.58,184.67,517.21,0.82,-1,-1,-1
107,1,475.63,314.18,154.43,397.54,0.91,-1,-1,-1
107,2,637.60,295.00,283.89,723.23,0.86,-1,-1,-1
107,10,426.97,428.94,278.36,738.60,0.89,-1,-1,-1
107,15,3.55,246.01,393.39,1028.81,0.88,-1,-1,-1
107,9,483.80,324.22,31.11,78.83,0.84,-1,-1,-1
107,18,306.21,330.92,170.53,393.83,0.92,-1,-1,-1
107,6,506.58,329.50,24.25,69.44,0.68,-1,-1,-1
107,12,613.55,326.12,43.69,137.09,0.88,-1,-1,-1
107,20,634.74,324.49,28.86,79.84,0.51,-1,-1,-1
107,21,1187.46,396.49,226.88,627.14,0.30,-1,-1,-1
107,5,916.47,248.86,204.80,536.58,0.91,-1,-1,-1
107,23,661.57,342.24,50.90,124.49,0.86,-1,-1,-1
107,24,692.63,325.95,29.22,83.10,0.30,-1,-1,-1
107,26,1103.05,316.39,24.66,55.82,0.70,-1,-1,-1
107,27,663.95,325.89,28.78,74.45,0.66,-1,-1,-1
107,17,1120.08,316.89,21.03,48.29,0.59,-1,-1,-1
107,7,768.35,301.66,183.91,507.31,0.87,-1,-1,-1
108,1,473.01,315.40,155.81,393.26,0.91,-1,-1,-1
108,2,629.72,297.03,282.40,719.27,0.88,-1,-1,-1
108,10,418.46,426.65,282.25,736.69,0.89,-1,-1,-1
108,15,-1.52,254.38,395.83,1026.01,0.84,-1,-1,-1
108,9,483.69,322.62,31.96,80.58,0.86,-1,-1,-1
108,18,306.51,328.88,164.23,399.99,0.92,-1,-1,-1
108,6,505.63,328.80,24.85,71.33,0.42,-1,-1,-1
108,12,613.62,325.13,43.54,137.71,0.88,-1,-1,-1
108,20,634.13,324.33,28.26,79.11,0.40,-1,-1,-1
108,5,924.43,246.42,206.34,558.07,0.90,-1,-1,-1
108,23,662.41,341.59,47.81,124.78,0.84,-1,-1,-1
108,26,1101.70,316.29,26.31,55.79,0.70,-1,-1,-1
108,27,663.36,325.44,29.39,77.44,0.63,-1,-1,-1
108,17,1119.30,316.32,21.51,50.01,0.59,-1,-1,-1
108,7,775.84,299.77,189.90,514.93,0.88,-1,-1,-1
109,1,471.45,318.78,155.84,388.04,0.91,-1,-1,-1
109,2,622.71,297.20,283.30,714.90,0.89,-1,-1,-1
109,10,410.36,424.02,286.86,744.96,0.89,-1,-1,-1
109,15,-0.55,267.39,396.27,1019.38,0.85,-1,-1,-1
109,9,482.71,322.03,32.30,80.65,0.85,-1,-1,-1
109,18,307.06,328.33,161.80,401.07,0.92,-1,-1,-1
109,6,504.64,328.41,25.09,72.03,0.50,-1,-1,-1
109,12,613.30,329.29,43.50,132.74,0.87,-1,-1,-1
109,20,632.65,324.25,29.24,81.21,0.36,-1,-1,-1
109,5,933.08,243.11,211.62,570.82,0.90,-1,-1,-1
109,23,662.38,336.61,47.20,126.40,0.41,-1,-1,-1
109,26,1101.15,317.49,24.56,54.54,0.76,-1,-1,-1
109,27,662.49,324.32,29.62,83.09,0.35,-1,-1,-1
109,17,1117.81,316.40,21.71,49.76,0.66,-1,-1,-1
109,7,784.23,299.41,194.57,528.14,0.89,-1,-1,-1
109,28,773.10,337.50,63.90,177.30,0.75,-1,-1,-1
110,1,471.30,322.68,155.26,383.15,0.90,-1,-1,-1
110,2,617.04,293.02,287.27,722.37,0.89,-1,-1,-1
110,10,403.69,419.22,291.56,762.45,0.89,-1,-1,-1
110,15,7.08,271.57,394.42,1000.13,0.86,-1,-1,-1
110,9,482.09,321.72,32.43,79.77,0.85,-1,-1,-1
110,18,303.42,327.15,162.42,398.49,0.91,-1,-1,-1
110,6,504.33,328.32,25.18,70.23,0.60,-1,-1,-1
110,12,613.53,330.10,44.06,132.46,0.89,-1,-1,-1
110,20,631.29,323.98,29.60,82.29,0.13,-1,-1,-1
110,5,941.55,240.74,218.20,584.55,0.90,-1,-1,-1
110,23,661.21,325.52,43.37,129.32,0.27,-1,-1,-1
110,26,1102.34,317.08,21.34,53.16,0.69,-1,-1,-1
110,17,1117.33,316.04,20.61,48.76,0.64,-1,-1,-1
110,7,791.37,299.71,200.99,544.71,0.89,-1,-1,-1
110,28,773.71,335.81,59.59,172.14,0.74,-1,-1,-1
111,1,470.65,324.08,154.99,387.62,0.90,-1,-1,-1
111,2,608.54,288.98,298.84,734.04,0.88,-1,-1,-1
111,10,396.76,418.70,296.77,772.83,0.89,-1,-1,-1
111,15,10.73,262.33,400.27,1023.68,0.87,-1,-1,-1
111,9,481.48,321.24,32.47,79.18,0.87,-1,-1,-1
111,18,306.12,327.03,157.54,399.07,0.90,-1,-1,-1
111,6,504.14,327.93,24.02,68.94,0.52,-1,-1,-1
111,12,613.29,329.79,44.83,132.38,0.87,-1,-1,-1
111,20,629.57,324.74,30.90,80.97,0.12,-1,-1,-1
111,5,948.86,238.16,226.37,602.59,0.90,-1,-1,-1
111,26,1103.02,316.40,18.85,52.40,0.29,-1,-1,-1
111,17,1116.21,315.27,20.15,47.50,0.56,-1,-1,-1
111,7,797.14,296.46,210.03,574.01,0.89,-1,-1,-1
111,28,774.20,334.95,58.73,174.88,0.77,-1,-1,-1
112,1,471.54,325.03,154.90,386.78,0.88,-1,-1,-1
112,2,597.68,287.26,314.35,743.87,0.89,-1,-1,-1
112,10,391.30,417.76,301.08,777.83,0.88,-1,-1,-1
112,15,10.14,261.50,409.27,1030.75,0.88,-1,-1,-1
112,9,481.42,321.07,31.88,78.91,0.86,-1,-1,-1
112,18,307.12,327.92,156.63,401.91,0.89,-1,-1,-1
112,6,503.95,327.94,23.58,67.50,0.59,-1,-1,-1
112,12,613.32,327.88,45.70,131.04,0.85,-1,-1,-1
112,20,623.23,322.48,37.79,94.14,0.15,-1,-1,-1
112,5,955.55,236.88,235.21,619.53,0.90,-1,-1,-1
112,26,1105.18,315.27,16.74,48.43,0.26,-1,-1,-1
112,17,1115.75,315.02,19.97,48.81,0.73,-1,-1,-1
112,7,802.10,296.58,221.54,601.45,0.89,-1,-1,-1
112,28,774.43,335.80,58.47,176.37,0.79,-1,-1,-1
113,1,474.30,327.31,152.48,384.24,0.87,-1,-1,-1
113,2,589.57,282.12,326.66,750.86,0.89,-1,-1,-1
113,10,388.37,418.59,302.54,775.40,0.89,-1,-1,-1
113,15,19.84,257.59,405.45,1027.40,0.87,-1,-1,-1
113,9,481.09,320.71,32.25,78.80,0.87,-1,-1,-1
113,18,310.20,329.45,153.02,392.84,0.89,-1,-1,-1
113,6,503.27,327.35,24.02,67.24,0.57,-1,-1,-1
113,12,613.01,329.53,46.02,124.82,0.85,-1,-1,-1
113,5,964.84,233.96,242.00,640.01,0.89,-1,-1,-1
113,17,1116.15,315.65,18.71,43.07,0.60,-1,-1,-1
113,7,807.51,298.59,231.99,616.55,0.89,-1,-1,-1
113,28,775.15,336.76,64.57,189.53,0.78,-1,-1,-1
113,11,818.39,288.87,127.16,357.75,0.75,-1,-1,-1
114,1,476.40,328.36,148.62,378.37,0.87,-1,-1,-1
114,2,581.48,266.25,337.28,804.20,0.89,-1,-1,-1
114,10,387.42,420.34,302.67,782.43,0.88,-1,-1,-1
114,15,30.58,252.92,399.85,1017.33,0.85,-1,-1,-1
114,9,480.76,320.78,32.40,79.06,0.88,-1,-1,-1
114,18,314.17,331.32,149.34,382.12,0.89,-1,-1,-1
114,6,503.11,327.78,23.01,65.65,0.57,-1,-1,-1
114,12,612.98,330.80,46.14,119.95,0.83,-1,-1,-1
114,5,976.42,231.27,249.20,654.06,0.88,-1,-1,-1
114,7,813.23,299.36,243.24,632.21,0.90,-1,-1,-1
114,28,774.82,337.55,69.65,196.79,0.78,-1,-1,-1
114,11,824.89,286.42,127.60,362.85,0.76,-1,-1,-1
115,1,479.03,327.20,144.12,378.06,0.87,-1,-1,-1
115,2,576.23,259.48,342.38,833.63,0.89,-1,-1,-1
115,10,386.06,424.09,301.96,773.64,0.89,-1,-1,-1
115,15,32.72,247.79,401.73,1003.66,0.86,-1,-1,-1
115,9,480.34,320.51,32.44,79.45,0.88,-1,-1,-1
115,18,314.25,332.28,150.27,377.57,0.89,-1,-1,-1
115,6,502.45,327.49,23.22,65.34,0.58,-1,-1,-1
115,5,990.00,227.29,251.78,664.20,0.89,-1,-1,-1
115,7,821.27,298.80,251.77,652.74,0.89,-1,-1,-1
115,28,776.18,338.31,70.26,196.93,0.79,-1,-1,-1
115,11,829.61,284.09,127.10,367.02,0.78,-1,-1,-1
115,20,613.98,319.42,45.34,120.78,0.82,-1,-1,-1
116,1,475.83,325.93,146.12,379.19,0.84,-1,-1,-1
116,2,570.95,254.64,345.39,838.58,0.88,-1,-1,-1
116,10,387.85,427.99,296.29,759.37,0.89,-1,-1,-1
116,15,35.85,246.57,400.71,993.10,0.85,-1,-1,-1
116,9,479.93,321.23,32.45,79.00,0.86,-1,-1,-1
116,18,314.75,332.70,149.30,374.13,0.88,-1,-1,-1
116,6,502.26,327.92,23.30,64.93,0.60,-1,-1,-1
116,5,1002.07,223.55,260.73,676.93,0.88,-1,-1,-1
116,7,827.70,299.92,265.32,659.08,0.88,-1,-1,-1
116,28,778.54,337.71,71.54,208.90,0.81,-1,-1,-1
116,11,836.57,280.63,128.61,373.15,0.82,-1,-1,-1
116,12,613.74,333.85,45.38,115.10,0.79,-1,-1,-1
117,1,472.93,324.47,149.82,384.44,0.85,-1,-1,-1
117,2,568.61,251.45,343.36,852.02,0.88,-1,-1,-1
117,10,389.38,429.65,295.16,764.96,0.88,-1,-1,-1
117,15,41.47,241.52,396.22,993.69,0.84,-1,-1,-1
117,9,479.53,321.73,32.44,78.83,0.86,-1,-1,-1
117,18,316.17,331.69,147.43,373.68,0.88,-1,-1,-1
117,6,501.94,328.16,23.33,64.78,0.69,-1,-1,-1
117,5,1012.90,220.41,268.57,698.82,0.88,-1,-1,-1
117,7,828.36,299.87,284.07,685.91,0.88,-1,-1,-1
117,28,780.94,338.03,71.31,212.58,0.83,-1,-1,-1
117,11,840.00,278.68,133.47,390.52,0.82,-1,-1,-1
117,20,613.78,320.43,45.89,118.92,0.77,-1,-1,-1
118,1,473.22,324.01,149.51,381.80,0.85,-1,-1,-1
118,2,567.26,250.68,337.85,855.09,0.89,-1,-1,-1
118,10,389.93,430.68,295.43,774.65,0.87,-1,-1,-1
118,15,37.84,237.69,398.76,1017.86,0.85,-1,-1,-1
118,9,479.26,322.16,31.85,78.19,0.84,-1,-1,-1
118,18,316.05,330.36,147.30,382.54,0.89,-1,-1,-1
118,6,501.12,328.94,23.95,64.75,0.64,-1,-1,-1
118,5,1029.59,220.59,270.43,711.60,0.86,-1,-1,-1
118,7,842.00,301.61,293.73,704.79,0.87,-1,-1,-1
118,28,781.77,337.32,75.35,227.42,0.81,-1,-1,-1
118,11,842.91,277.86,140.56,411.45,0.84,-1,-1,-1
118,20,615.03,321.37,44.73,111.00,0.64,-1,-1,-1
118,12,614.69,334.91,46.49,114.79,0.78,-1,-1,-1
119,1,472.77,322.32,151.18,384.36,0.85,-1,-1,-1
119,2,566.08,247.54,330.25,867.01,0.90,-1,-1,-1
119,10,392.65,429.25,293.13,776.40,0.88,-1,-1,-1
119,15,33.70,238.39,401.27,1024.14,0.84,-1,-1,-1
119,9,478.57,322.62,31.63,77.94,0.86,-1,-1,-1
119,18,312.38,329.42,152.11,389.84,0.89,-1,-1,-1
119,6,500.22,328.93,24.18,65.93,0.73,-1,-1,-1
119,5,1048.58,218.99,270.93,725.88,0.85,-1,-1,-1
119,7,852.93,299.66,307.64,732.18,0.87,-1,-1,-1
119,28,783.20,338.34,79.16,222.93,0.79,-1,-1,-1
119,11,845.61,279.69,145.00,421.89,0.84,-1,-1,-1
119,20,616.07,321.97,43.71,109.06,0.57,-1,-1,-1
119,12,615.38,335.72,46.15,114.21,0.79,-1,-1,-1
120,1,476.24,321.37,148.86,379.97,0.86,-1,-1,-1
120,2,569.48,251.67,319.53,860.10,0.89,-1,-1,-1
120,10,393.85,429.69,291.07,759.86,0.88,-1,-1,-1
120,15,32.24,240.50,398.01,1016.36,0.85,-1,-1,-1
120,9,478.36,322.91,30.95,77.54,0.86,-1,-1,-1
120,18,314.48,328.30,149.92,397.50,0.90,-1,-1,-1
120,6,499.64,329.64,24.27,65.19,0.71,-1,-1,-1
120,5,1067.91,215.50,260.43,752.41,0.84,-1,-1,-1
120,7,860.50,297.11,326.61,775.79,0.88,-1,-1,-1
120,28,783.47,337.65,86.38,234.16,0.83,-1,-1,-1
120,11,849.72,281.26,148.71,419.40,0.83,-1,-1,-1
120,20,617.11,322.58,42.74,105.08,0.65,-1,-1,-1
120,12,615.37,336.88,45.44,111.29,0.84,-1,-1,-1
120,23,666.32,343.80,42.33,106.25,0.66,-1,-1,-1
121,1,476.65,321.60,150.35,380.73,0.86,-1,-1,-1
121,2,571.55,257.20,311.19,856.81,0.89,-1,-1,-1
121,10,393.75,429.96,289.66,753.95,0.89,-1,-1,-1
121,15,28.49,242.81,396.25,1025.60,0.86,-1,-1,-1
121,9,478.26,322.70,30.08,77.70,0.85,-1,-1,-1
121,18,314.79,327.85,148.93,402.19,0.91,-1,-1,-1
121,6,498.80,329.59,24.31,65.20,0.67,-1,-1,-1
121,5,1086.82,211.60,258.43,777.60,0.83,-1,-1,-1
121,7,870.08,291.25,345.23,830.43,0.90,-1,-1,-1
121,28,784.66,338.26,90.28,233.64,0.84,-1,-1,-1
121,11,852.03,284.22,154.99,415.19,0.85,-1,-1,-1
121,20,618.38,322.44,41.78,103.04,0.59,-1,-1,-1
121,12,615.32,336.08,46.35,113.83,0.83,-1,-1,-1
121,23,667.48,344.81,44.19,105.46,0.74,-1,-1,-1
122,1,475.62,322.19,152.12,379.72,0.87,-1,-1,-1
122,2,574.90,263.11,304.49,848.07,0.90,-1,-1,-1
122,10,392.88,431.45,289.15,748.05,0.89,-1,-1,-1
122,15,23.69,248.21,394.05,1023.43,0.87,-1,-1,-1
122,9,477.02,322.96,30.38,77.77,0.84,-1,-1,-1
122,18,315.48,328.92,146.80,392.14,0.91,-1,-1,-1
122,6,497.91,329.76,23.72,64.32,0.64,-1,-1,-1
122,5,1107.78,214.36,257.60,788.03,0.79,-1,-1,-1
122,7,882.48,287.41,364.06,864.01,0.89,-1,-1,-1
122,28,787.97,337.65,89.48,235.49,0.86,-1,-1,-1
122,11,853.40,287.47,163.12,429.83,0.82,-1,-1,-1
122,20,618.27,323.15,42.64,106.56,0.61,-1,-1,-1
122,12,615.59,336.43,47.29,120.42,0.85,-1,-1,-1
122,23,667.27,343.34,48.33,118.15,0.76,-1,-1,-1
123,1,473.73,324.10,154.61,378.36,0.87,-1,-1,-1
123,2,578.37,271.37,300.34,833.90,0.90,-1,-1,-1
123,10,391.23,431.44,289.81,748.94,0.89,-1,-1,-1
123,15,19.93,263.15,384.91,1000.32,0.87,-1,-1,-1
123,9,475.65,323.24,31.10,78.10,0.85,-1,-1,-1
123,18,315.82,329.38,146.23,388.84,0.91,-1,-1,-1
123,6,497.56,330.45,22.91,64.29,0.67,-1,-1,-1
123,5,1128.96,205.66,260.83,826.43,0.72,-1,-1,-1
123,7,895.45,280.88,385.89,910.41,0.89,-1,-1,-1
123,28,789.56,337.43,89.62,235.15,0.87,-1,-1,-1
123,11,857.85,290.87,170.29,449.94,0.85,-1,-1,-1
123,20,618.51,322.98,42.97,110.24,0.42,-1,-1,-1
123,12,614.79,335.56,48.24,125.53,0.84,-1,-1,-1
123,23,667.18,342.45,52.18,126.47,0.79,-1,-1,-1
123,27,659.25,326.12,29.71,76.21,0.61,-1,-1,-1
124,1,470.15,327.59,157.24,376.20,0.88,-1,-1,-1
124,2,582.55,278.64,295.07,828.29,0.90,-1,-1,-1
124,10,388.82,432.21,290.95,751.34,0.89,-1,-1,-1
124,15,17.13,264.16,379.23,1007.35,0.86,-1,-1,-1
124,9,475.23,323.41,31.35,78.82,0.86,-1,-1,-1
124,18,315.74,331.56,146.87,385.78,0.91,-1,-1,-1
124,6,497.54,330.94,22.59,63.39,0.69,-1,-1,-1
124,5,1151.91,197.07,259.45,816.26,0.47,-1,-1,-1
124,7,908.37,267.80,399.80,966.45,0.86,-1,-1,-1
124,28,791.34,337.89,91.87,234.50,0.88,-1,-1,-1
124,11,862.11,293.03,182.37,477.41,0.85,-1,-1,-1
124,20,620.46,322.54,42.49,110.18,0.60,-1,-1,-1
124,12,616.01,335.75,47.40,125.44,0.85,-1,-1,-1
124,23,667.48,342.44,54.25,134.25,0.83,-1,-1,-1
124,27,660.81,337.82,34.10,94.95,0.66,-1,-1,-1
