0,1,433.80,274.05,198.00,363.60,0.94,-1,-1,-1
0,2,887.40,260.10,99.00,257.85,0.93,-1,-1,-1
0,3,1071.90,283.95,73.80,170.10,0.92,-1,-1,-1
0,4,997.20,266.40,77.40,216.45,0.92,-1,-1,-1
0,5,845.55,275.17,70.20,221.17,0.92,-1,-1,-1
0,6,720.90,274.27,107.10,303.52,0.91,-1,-1,-1
0,7,961.20,280.80,81.00,217.80,0.89,-1,-1,-1
0,8,805.50,293.40,66.60,184.05,0.89,-1,-1,-1
0,9,1044.90,272.47,50.40,169.20,0.87,-1,-1,-1
0,10,699.75,294.30,72.00,225.90,0.81,-1,-1,-1
0,11,927.00,269.32,61.20,204.98,0.71,-1,-1,-1
1,1,433.68,272.83,197.60,367.17,0.94,-1,-1,-1
1,2,891.12,258.72,100.65,259.13,0.93,-1,-1,-1
1,3,1077.39,284.18,73.87,171.09,0.93,-1,-1,-1
1,4,998.70,266.01,82.16,217.10,0.90,-1,-1,-1
1,5,849.22,274.98,71.82,222.41,0.91,-1,-1,-1
1,6,722.86,271.33,111.88,309.16,0.91,-1,-1,-1
1,7,966.57,278.08,82.63,221.18,0.90,-1,-1,-1
1,8,807.17,293.41,67.44,184.66,0.89,-1,-1,-1
1,9,1048.02,271.71,53.57,170.96,0.88,-1,-1,-1
1,10,702.47,294.30,72.06,227.34,0.80,-1,-1,-1
1,11,930.77,269.52,61.25,205.80,0.74,-1,-1,-1
2,1,433.96,272.95,202.19,369.00,0.94,-1,-1,-1
2,2,896.48,257.40,100.62,261.93,0.93,-1,-1,-1
2,3,1082.79,283.69,73.91,172.39,0.93,-1,-1,-1
2,4,1006.80,265.75,80.28,219.24,0.91,-1,-1,-1
2,5,853.15,275.11,72.13,223.61,0.92,-1,-1,-1
2,6,725.39,270.45,114.14,310.98,0.92,-1,-1,-1
2,7,971.89,279.35,81.55,220.48,0.89,-1,-1,-1
2,8,811.43,293.23,67.61,185.37,0.89,-1,-1,-1
2,9,1052.99,270.69,54.14,173.80,0.88,-1,-1,-1
2,10,705.82,293.24,71.39,227.34,0.83,-1,-1,-1
2,11,937.21,268.48,59.87,207.80,0.71,-1,-1,-1
3,1,434.10,272.66,205.73,370.74,0.94,-1,-1,-1
3,2,900.18,258.27,102.23,261.82,0.92,-1,-1,-1
3,3,1088.10,282.73,75.25,174.08,0.92,-1,-1,-1
3,4,1013.85,265.22,78.07,219.65,0.91,-1,-1,-1
3,5,857.10,274.33,72.48,224.72,0.91,-1,-1,-1
3,6,729.31,269.22,114.71,312.70,0.93,-1,-1,-1
3,7,976.54,276.76,82.49,223.53,0.89,-1,-1,-1
3,8,814.86,292.69,68.28,186.37,0.89,-1,-1,-1
3,9,1058.90,270.44,54.22,173.58,0.88,-1,-1,-1
3,10,708.99,293.27,72.51,225.82,0.82,-1,-1,-1
3,11,941.56,268.04,62.19,207.45,0.73,-1,-1,-1
3,12,1125.00,284.85,52.20,162.45,0.71,-1,-1,-1
4,1,433.46,272.44,209.41,371.63,0.94,-1,-1,-1
4,2,903.75,257.60,102.73,262.64,0.93,-1,-1,-1
4,3,1094.13,282.91,74.34,173.55,0.93,-1,-1,-1
4,4,1017.03,265.90,80.10,219.14,0.91,-1,-1,-1
4,5,860.80,274.08,71.91,225.32,0.92,-1,-1,-1
4,6,731.77,268.55,116.78,314.41,0.92,-1,-1,-1
4,7,981.06,275.91,82.80,224.77,0.91,-1,-1,-1
4,8,818.08,292.18,69.15,187.62,0.90,-1,-1,-1
4,9,1063.84,270.38,55.53,173.69,0.88,-1,-1,-1
4,10,710.17,292.31,72.88,227.62,0.84,-1,-1,-1
4,11,945.32,267.42,61.61,206.40,0.74,-1,-1,-1
4,12,1129.77,286.58,52.25,160.24,0.64,-1,-1,-1
5,1,432.41,271.58,212.30,374.22,0.94,-1,-1,-1
5,2,906.65,256.40,108.03,265.40,0.90,-1,-1,-1
5,3,1098.43,282.80,75.31,174.26,0.92,-1,-1,-1
5,4,1022.98,265.62,80.77,221.34,0.92,-1,-1,-1
5,5,864.09,273.67,72.03,226.09,0.91,-1,-1,-1
5,6,735.63,267.72,116.15,316.16,0.93,-1,-1,-1
5,7,984.89,276.78,82.90,224.29,0.88,-1,-1,-1
5,8,821.55,292.01,70.08,188.30,0.88,-1,-1,-1
5,9,1068.44,270.04,55.96,174.64,0.88,-1,-1,-1
5,10,712.65,292.32,73.00,231.44,0.83,-1,-1,-1
5,11,950.19,267.69,61.38,208.76,0.75,-1,-1,-1
5,12,1135.06,285.35,53.67,162.30,0.62,-1,-1,-1
6,1,431.24,271.00,212.73,376.59,0.94,-1,-1,-1
6,2,909.34,256.95,107.38,265.99,0.92,-1,-1,-1
6,3,1102.78,281.51,75.64,176.35,0.93,-1,-1,-1
6,4,1027.28,265.06,81.01,221.90,0.91,-1,-1,-1
6,5,867.54,273.23,72.07,227.24,0.92,-1,-1,-1
6,6,738.40,266.07,117.11,319.01,0.93,-1,-1,-1
6,7,989.11,276.01,84.19,226.09,0.89,-1,-1,-1
6,8,824.45,291.98,70.38,188.48,0.89,-1,-1,-1
6,9,1072.29,269.62,57.33,175.22,0.88,-1,-1,-1
6,10,716.21,292.35,73.03,230.51,0.81,-1,-1,-1
6,11,953.51,266.87,62.57,208.90,0.74,-1,-1,-1
6,12,1141.04,284.88,54.12,163.52,0.68,-1,-1,-1
7,1,429.84,270.92,214.04,378.84,0.94,-1,-1,-1
7,2,912.92,255.31,111.62,269.34,0.91,-1,-1,-1
7,3,1107.17,281.23,76.95,177.34,0.92,-1,-1,-1
7,4,1031.66,265.03,82.30,222.62,0.91,-1,-1,-1
7,5,870.17,272.62,72.97,228.81,0.91,-1,-1,-1
7,6,742.40,265.18,116.10,322.22,0.93,-1,-1,-1
7,7,992.27,274.68,85.84,228.19,0.90,-1,-1,-1
7,8,826.60,291.81,71.04,189.40,0.88,-1,-1,-1
7,9,1077.74,269.18,56.54,176.62,0.88,-1,-1,-1
7,10,718.03,292.52,73.61,231.63,0.84,-1,-1,-1
7,11,957.60,266.13,61.71,209.51,0.74,-1,-1,-1
7,12,1147.27,284.40,52.84,165.46,0.62,-1,-1,-1
8,1,428.84,271.23,216.22,380.80,0.95,-1,-1,-1
8,2,915.94,254.46,108.98,270.99,0.93,-1,-1,-1
8,3,1113.52,280.99,76.24,178.28,0.93,-1,-1,-1
8,4,1036.15,264.43,84.04,225.48,0.92,-1,-1,-1
8,5,874.07,272.31,73.36,229.96,0.92,-1,-1,-1
8,6,745.57,264.84,115.77,323.92,0.93,-1,-1,-1
8,7,996.95,275.63,84.04,228.93,0.89,-1,-1,-1
8,8,831.25,291.51,69.48,190.17,0.90,-1,-1,-1
8,9,1082.04,269.35,57.48,176.78,0.88,-1,-1,-1
8,10,721.35,292.84,75.73,233.55,0.82,-1,-1,-1
8,11,962.01,266.06,62.68,213.41,0.76,-1,-1,-1
8,12,1152.99,284.60,53.74,165.38,0.66,-1,-1,-1
9,1,427.92,270.76,216.92,383.24,0.95,-1,-1,-1
9,2,919.03,253.88,108.75,272.72,0.92,-1,-1,-1
9,3,1118.69,281.08,77.17,179.48,0.92,-1,-1,-1
9,4,1040.63,264.83,84.67,225.56,0.91,-1,-1,-1
9,5,876.89,272.23,73.79,231.24,0.91,-1,-1,-1
9,6,750.59,265.38,112.55,326.57,0.93,-1,-1,-1
9,7,1001.54,273.87,84.56,232.79,0.90,-1,-1,-1
9,8,834.67,291.73,69.47,190.71,0.88,-1,-1,-1
9,9,1086.45,269.13,59.02,177.40,0.88,-1,-1,-1
9,10,723.09,291.76,76.49,236.64,0.84,-1,-1,-1
9,11,966.49,266.67,61.80,213.28,0.75,-1,-1,-1
9,12,1157.85,285.34,54.03,165.57,0.61,-1,-1,-1
10,1,426.94,271.29,217.11,385.25,0.95,-1,-1,-1
10,2,923.00,254.35,107.43,273.28,0.93,-1,-1,-1
10,3,1119.72,281.18,81.15,179.26,0.91,-1,-1,-1
10,4,1045.65,264.43,84.89,227.05,0.92,-1,-1,-1
10,5,879.84,272.27,74.26,232.27,0.91,-1,-1,-1
10,6,755.92,265.83,110.73,328.20,0.92,-1,-1,-1
10,7,1005.42,274.80,85.96,232.95,0.91,-1,-1,-1
10,8,839.08,292.19,68.25,191.18,0.88,-1,-1,-1
10,9,1091.46,268.81,59.58,179.72,0.88,-1,-1,-1
10,10,725.07,292.64,80.39,244.40,0.82,-1,-1,-1
10,11,969.11,266.83,62.69,215.14,0.76,-1,-1,-1
10,12,1162.36,284.25,54.13,167.15,0.75,-1,-1,-1
11,1,425.40,271.23,218.89,388.35,0.95,-1,-1,-1
11,2,925.56,254.91,110.53,274.02,0.94,-1,-1,-1
11,3,1124.14,281.43,82.61,179.60,0.91,-1,-1,-1
11,4,1049.16,264.04,87.35,229.68,0.92,-1,-1,-1
11,5,883.24,272.04,75.02,233.82,0.92,-1,-1,-1
11,6,760.19,266.53,108.82,329.78,0.92,-1,-1,-1
11,7,1010.34,276.14,86.46,232.03,0.85,-1,-1,-1
11,8,844.25,292.25,66.55,192.39,0.89,-1,-1,-1
11,9,1096.18,269.05,59.75,180.25,0.89,-1,-1,-1
11,10,728.12,293.32,85.96,228.70,0.80,-1,-1,-1
11,11,974.17,267.24,64.22,216.09,0.77,-1,-1,-1
11,12,1168.08,284.38,54.15,167.37,0.67,-1,-1,-1
12,1,424.02,271.72,220.05,389.92,0.95,-1,-1,-1
12,2,929.34,254.87,112.83,275.83,0.91,-1,-1,-1
12,3,1126.15,280.66,85.50,181.31,0.92,-1,-1,-1
12,4,1055.00,263.78,87.05,230.87,0.91,-1,-1,-1
12,5,886.75,272.15,74.68,234.90,0.92,-1,-1,-1
12,6,762.49,265.95,108.75,331.86,0.92,-1,-1,-1
12,7,1013.75,276.53,86.62,233.38,0.86,-1,-1,-1
12,8,849.34,292.62,64.69,193.21,0.90,-1,-1,-1
12,9,1100.68,269.18,59.78,180.67,0.87,-1,-1,-1
12,10,731.26,293.77,87.49,223.91,0.79,-1,-1,-1
12,11,977.65,267.59,63.58,216.06,0.76,-1,-1,-1
12,12,1175.97,288.76,51.68,163.69,0.62,-1,-1,-1
13,1,422.53,271.71,221.71,392.45,0.95,-1,-1,-1
13,2,933.12,254.60,112.43,278.00,0.93,-1,-1,-1
13,3,1130.99,280.90,86.54,181.79,0.91,-1,-1,-1
13,4,1058.92,263.75,89.26,232.49,0.92,-1,-1,-1
13,5,890.12,271.94,75.40,236.79,0.92,-1,-1,-1
13,6,765.08,265.92,110.52,333.64,0.91,-1,-1,-1
13,7,1017.34,276.45,89.04,235.08,0.87,-1,-1,-1
13,8,852.32,292.04,64.61,195.17,0.89,-1,-1,-1
13,9,1107.09,269.16,58.54,182.02,0.89,-1,-1,-1
13,10,732.45,293.95,91.50,229.29,0.80,-1,-1,-1
13,11,981.88,267.33,64.49,218.29,0.77,-1,-1,-1
13,12,1178.66,285.56,53.22,167.83,0.74,-1,-1,-1
14,1,421.46,271.48,222.83,394.32,0.95,-1,-1,-1
14,2,936.20,254.00,115.81,280.97,0.92,-1,-1,-1
14,3,1139.17,281.09,83.32,182.97,0.91,-1,-1,-1
14,4,1061.39,263.09,92.43,234.52,0.91,-1,-1,-1
14,5,893.65,271.80,75.64,238.33,0.92,-1,-1,-1
14,6,768.63,264.65,109.96,337.19,0.93,-1,-1,-1
14,7,1022.11,276.65,87.52,236.25,0.88,-1,-1,-1
14,8,856.31,292.50,63.98,195.40,0.88,-1,-1,-1
14,9,1112.88,268.64,58.02,183.37,0.87,-1,-1,-1
14,10,733.73,293.49,95.31,242.81,0.85,-1,-1,-1
14,11,983.89,266.72,67.20,220.40,0.77,-1,-1,-1
14,12,1183.69,284.93,53.75,167.79,0.70,-1,-1,-1
15,1,420.57,270.95,224.28,396.19,0.95,-1,-1,-1
15,2,940.22,253.33,114.69,282.07,0.92,-1,-1,-1
15,3,1140.93,280.71,88.06,184.30,0.90,-1,-1,-1
15,4,1068.10,262.68,91.27,235.88,0.90,-1,-1,-1
15,5,896.64,271.30,76.94,239.79,0.91,-1,-1,-1
15,6,774.33,264.02,108.57,339.70,0.94,-1,-1,-1
15,7,1026.15,275.67,88.13,237.87,0.89,-1,-1,-1
15,8,859.44,292.08,64.69,196.53,0.89,-1,-1,-1
15,9,1117.89,269.05,59.04,183.27,0.86,-1,-1,-1
15,10,736.15,292.72,106.63,252.43,0.88,-1,-1,-1
15,11,989.86,266.62,67.04,222.39,0.77,-1,-1,-1
15,12,1189.61,284.99,52.75,169.28,0.59,-1,-1,-1
16,1,419.37,271.17,226.47,398.16,0.95,-1,-1,-1
16,2,943.35,252.84,114.13,283.61,0.92,-1,-1,-1
16,3,1149.07,280.65,86.21,185.37,0.91,-1,-1,-1
16,4,1072.82,262.02,91.90,237.22,0.92,-1,-1,-1
16,5,899.98,270.87,77.37,240.88,0.91,-1,-1,-1
16,6,779.30,262.93,107.38,344.13,0.92,-1,-1,-1
16,7,1030.45,275.52,89.49,239.18,0.89,-1,-1,-1
16,8,862.82,292.25,64.93,197.21,0.89,-1,-1,-1
16,9,1123.11,268.39,58.18,185.29,0.89,-1,-1,-1
16,10,738.43,292.73,111.48,256.69,0.85,-1,-1,-1
16,11,994.32,266.21,66.90,223.54,0.78,-1,-1,-1
16,12,1194.54,284.21,52.34,171.31,0.61,-1,-1,-1
17,1,417.87,269.84,228.29,401.11,0.95,-1,-1,-1
17,2,946.80,252.77,128.31,285.16,0.88,-1,-1,-1
17,3,1152.06,280.00,87.82,186.95,0.90,-1,-1,-1
17,4,1078.02,261.13,92.11,238.00,0.90,-1,-1,-1
17,5,903.50,270.21,77.51,242.02,0.91,-1,-1,-1
17,6,782.79,262.64,109.40,347.08,0.91,-1,-1,-1
17,7,1035.51,273.02,88.80,242.64,0.88,-1,-1,-1
17,8,866.65,291.07,64.13,198.95,0.89,-1,-1,-1
17,9,1127.90,267.80,57.83,185.73,0.86,-1,-1,-1
17,10,740.12,292.24,102.49,258.45,0.86,-1,-1,-1
17,11,997.65,265.42,65.63,223.35,0.77,-1,-1,-1
17,12,1200.42,282.68,53.41,173.24,0.49,-1,-1,-1
18,1,416.92,268.68,229.07,403.90,0.95,-1,-1,-1
18,2,950.91,251.61,120.87,287.07,0.92,-1,-1,-1
18,3,1157.76,279.80,88.39,187.34,0.89,-1,-1,-1
18,4,1083.36,260.55,93.36,239.56,0.91,-1,-1,-1
18,5,906.79,269.13,77.86,244.02,0.91,-1,-1,-1
18,6,785.14,261.13,111.97,350.90,0.92,-1,-1,-1
18,7,1039.62,272.14,89.72,243.73,0.89,-1,-1,-1
18,8,870.33,290.68,64.45,199.10,0.88,-1,-1,-1
18,9,1132.46,267.33,58.91,186.43,0.85,-1,-1,-1
18,10,741.23,291.38,100.91,260.15,0.86,-1,-1,-1
18,11,1003.53,265.76,65.14,223.35,0.75,-1,-1,-1
18,12,1205.39,281.70,52.60,175.13,0.63,-1,-1,-1
19,1,415.10,268.09,230.41,405.91,0.94,-1,-1,-1
19,2,954.10,250.96,140.41,288.22,0.91,-1,-1,-1
19,3,1163.84,279.22,88.54,188.34,0.91,-1,-1,-1
19,4,1088.71,259.23,93.76,240.69,0.91,-1,-1,-1
19,5,909.94,268.20,78.83,245.01,0.91,-1,-1,-1
19,6,787.04,260.18,115.27,354.75,0.92,-1,-1,-1
19,7,1042.74,270.71,92.40,245.55,0.89,-1,-1,-1
19,8,873.91,289.40,64.55,200.91,0.88,-1,-1,-1
19,9,1138.11,266.20,58.08,187.86,0.87,-1,-1,-1
19,10,743.63,291.53,99.04,259.05,0.85,-1,-1,-1
19,11,1007.91,264.48,63.70,226.01,0.79,-1,-1,-1
19,12,1210.55,282.04,52.27,174.89,0.65,-1,-1,-1
20,1,412.64,266.52,233.27,409.06,0.94,-1,-1,-1
20,2,957.48,249.91,132.68,290.00,0.90,-1,-1,-1
20,3,1165.88,277.59,90.96,190.30,0.91,-1,-1,-1
20,4,1094.06,258.52,93.89,241.78,0.91,-1,-1,-1
20,5,913.33,266.90,80.39,246.50,0.91,-1,-1,-1
20,6,790.85,259.03,116.53,358.91,0.92,-1,-1,-1
20,7,1047.27,267.11,92.22,250.05,0.89,-1,-1,-1
20,8,877.46,289.31,64.61,201.39,0.89,-1,-1,-1
20,9,1142.36,265.55,58.97,188.33,0.86,-1,-1,-1
20,10,746.50,290.05,100.68,262.65,0.85,-1,-1,-1
20,11,1011.11,263.34,64.40,226.33,0.77,-1,-1,-1
20,12,1216.41,280.88,52.16,176.83,0.58,-1,-1,-1
21,1,410.86,264.78,234.86,412.59,0.95,-1,-1,-1
21,2,961.04,248.41,131.39,292.41,0.90,-1,-1,-1
21,3,1172.44,276.46,90.65,191.62,0.91,-1,-1,-1
21,4,1098.30,257.46,95.09,243.65,0.91,-1,-1,-1
21,5,916.58,266.20,80.06,247.63,0.91,-1,-1,-1
21,6,793.95,258.68,118.16,363.08,0.93,-1,-1,-1
21,7,1052.42,268.53,90.90,249.04,0.90,-1,-1,-1
21,8,880.45,288.01,65.23,202.88,0.88,-1,-1,-1
21,9,1146.78,265.42,60.48,188.78,0.86,-1,-1,-1
21,10,748.99,288.96,102.41,266.32,0.86,-1,-1,-1
21,11,1015.16,262.40,67.04,227.89,0.76,-1,-1,-1
21,12,1220.20,280.28,53.32,177.82,0.64,-1,-1,-1
22,1,408.94,263.30,236.59,416.21,0.95,-1,-1,-1
22,2,965.12,247.16,133.23,294.28,0.87,-1,-1,-1
22,3,1178.23,276.10,89.29,192.38,0.90,-1,-1,-1
22,4,1102.58,256.53,96.71,244.00,0.91,-1,-1,-1
22,5,919.36,265.26,80.50,248.75,0.91,-1,-1,-1
22,6,795.48,257.16,120.54,367.51,0.93,-1,-1,-1
22,7,1056.48,270.06,92.79,247.36,0.91,-1,-1,-1
22,8,883.72,287.28,64.87,204.01,0.89,-1,-1,-1
22,9,1151.73,264.67,59.86,189.82,0.87,-1,-1,-1
22,10,750.64,288.91,101.25,266.15,0.87,-1,-1,-1
22,11,1018.81,261.51,65.65,229.37,0.78,-1,-1,-1
22,12,1226.11,280.69,52.56,176.67,0.67,-1,-1,-1
23,1,407.04,261.69,238.74,419.45,0.94,-1,-1,-1
23,2,967.92,245.13,130.57,297.36,0.90,-1,-1,-1
23,3,1181.11,274.43,92.49,193.68,0.91,-1,-1,-1
23,4,1108.43,256.03,96.31,245.02,0.91,-1,-1,-1
23,5,922.56,263.97,81.14,250.36,0.91,-1,-1,-1
23,6,797.26,256.01,122.88,369.16,0.93,-1,-1,-1
23,7,1059.88,267.24,93.67,250.91,0.90,-1,-1,-1
23,8,886.49,286.40,66.39,204.14,0.88,-1,-1,-1
23,9,1156.07,263.75,60.94,190.51,0.85,-1,-1,-1
23,10,752.49,287.47,102.73,265.71,0.87,-1,-1,-1
23,11,1022.03,259.87,66.46,230.81,0.78,-1,-1,-1
23,12,1233.24,276.73,52.39,180.42,0.42,-1,-1,-1
24,1,404.56,260.56,240.39,422.77,0.94,-1,-1,-1
24,2,971.00,244.27,126.84,299.32,0.91,-1,-1,-1
24,3,1187.06,274.22,91.18,194.56,0.91,-1,-1,-1
24,4,1112.57,254.75,98.35,247.25,0.92,-1,-1,-1
24,5,925.21,263.66,82.41,250.57,0.91,-1,-1,-1
24,6,798.52,255.71,126.78,371.36,0.93,-1,-1,-1
24,7,1064.31,269.83,92.64,250.52,0.89,-1,-1,-1
24,8,889.57,286.06,66.85,205.15,0.89,-1,-1,-1
24,9,1160.81,263.38,61.23,191.00,0.86,-1,-1,-1
24,10,753.84,286.41,102.49,266.90,0.87,-1,-1,-1
24,11,1027.63,259.16,67.83,231.26,0.74,-1,-1,-1
24,12,1233.54,277.51,53.44,179.37,0.22,-1,-1,-1
25,1,401.82,259.68,242.88,426.98,0.95,-1,-1,-1
25,2,974.50,243.83,123.04,300.78,0.93,-1,-1,-1
25,3,1195.87,274.14,87.09,195.18,0.91,-1,-1,-1
25,4,1115.87,253.24,100.35,250.33,0.91,-1,-1,-1
25,5,928.55,262.68,82.94,253.35,0.91,-1,-1,-1
25,6,799.82,255.66,129.81,373.95,0.92,-1,-1,-1
25,7,1067.72,268.75,95.89,253.04,0.90,-1,-1,-1
25,8,892.46,285.98,67.07,206.44,0.89,-1,-1,-1
25,9,1164.93,263.09,61.38,192.09,0.86,-1,-1,-1
25,10,754.89,286.08,110.18,268.50,0.85,-1,-1,-1
25,11,1030.29,259.23,69.58,232.92,0.74,-1,-1,-1
25,12,1235.43,277.21,51.49,178.97,0.31,-1,-1,-1
26,1,399.04,259.29,244.91,430.68,0.95,-1,-1,-1
26,2,978.03,243.93,121.56,301.69,0.93,-1,-1,-1
26,3,1198.27,273.78,90.36,196.10,0.88,-1,-1,-1
26,4,1121.02,253.07,99.88,251.74,0.92,-1,-1,-1
26,5,931.42,262.87,83.10,254.48,0.91,-1,-1,-1
26,6,799.87,255.30,133.55,377.32,0.93,-1,-1,-1
26,7,1071.17,267.09,95.89,255.57,0.91,-1,-1,-1
26,8,895.75,285.29,67.14,207.93,0.89,-1,-1,-1
26,9,1168.62,262.78,62.60,193.65,0.84,-1,-1,-1
26,10,755.77,285.15,109.53,271.12,0.84,-1,-1,-1
26,11,1034.04,259.06,74.96,235.86,0.79,-1,-1,-1
26,12,1240.67,277.63,51.94,180.25,0.24,-1,-1,-1
27,1,395.88,259.75,246.91,433.85,0.95,-1,-1,-1
27,2,980.32,243.24,122.29,303.87,0.93,-1,-1,-1
27,3,1204.90,273.30,85.64,197.59,0.88,-1,-1,-1
27,4,1124.50,252.24,102.10,253.53,0.92,-1,-1,-1
27,5,934.09,262.96,83.20,255.73,0.92,-1,-1,-1
27,6,797.36,255.97,139.14,379.20,0.94,-1,-1,-1
27,7,1074.62,264.95,95.91,259.44,0.89,-1,-1,-1
27,8,898.88,285.50,66.91,208.29,0.89,-1,-1,-1
27,9,1173.91,262.62,63.10,194.20,0.85,-1,-1,-1
27,10,758.01,285.16,105.68,273.81,0.84,-1,-1,-1
27,11,1037.03,259.28,72.42,234.55,0.79,-1,-1,-1
27,12,1245.96,280.28,50.95,178.61,0.13,-1,-1,-1
28,1,392.82,260.33,248.88,437.39,0.95,-1,-1,-1
28,2,983.50,242.42,123.72,306.60,0.93,-1,-1,-1
28,3,1212.13,273.48,80.05,199.19,0.89,-1,-1,-1
28,4,1126.90,252.74,105.25,254.77,0.92,-1,-1,-1
28,5,937.41,263.47,83.18,256.78,0.91,-1,-1,-1
28,6,796.05,256.98,143.82,382.22,0.94,-1,-1,-1
28,7,1078.80,265.53,98.25,261.77,0.90,-1,-1,-1
28,8,901.46,285.16,68.29,210.50,0.88,-1,-1,-1
28,9,1177.60,262.92,64.44,194.68,0.86,-1,-1,-1
28,10,758.82,286.36,94.41,271.68,0.86,-1,-1,-1
28,11,1039.23,258.52,82.04,238.34,0.79,-1,-1,-1
29,1,389.29,260.88,251.20,439.74,0.94,-1,-1,-1
29,2,986.38,242.11,127.86,309.31,0.92,-1,-1,-1
29,3,1216.98,273.07,76.76,200.47,0.87,-1,-1,-1
29,4,1130.02,253.06,106.42,256.49,0.92,-1,-1,-1
29,5,939.76,262.76,84.36,259.49,0.91,-1,-1,-1
29,6,794.04,257.06,149.38,385.59,0.94,-1,-1,-1
29,7,1082.03,267.38,99.12,261.22,0.90,-1,-1,-1
29,8,904.12,285.46,69.40,211.72,0.88,-1,-1,-1
29,9,1181.79,262.25,64.94,196.31,0.85,-1,-1,-1
29,10,759.38,286.06,94.43,277.17,0.80,-1,-1,-1
29,11,1042.33,258.51,77.59,240.02,0.79,-1,-1,-1
30,1,384.40,261.63,254.87,440.52,0.94,-1,-1,-1
30,2,988.43,242.21,128.13,311.31,0.93,-1,-1,-1
30,3,1220.83,273.33,74.34,201.51,0.86,-1,-1,-1
30,4,1135.06,252.09,105.58,258.88,0.92,-1,-1,-1
30,5,941.01,262.84,85.92,261.04,0.91,-1,-1,-1
30,6,793.69,257.11,150.79,388.55,0.95,-1,-1,-1
30,7,1085.36,265.92,99.36,264.36,0.89,-1,-1,-1
30,8,906.39,285.01,68.87,213.33,0.88,-1,-1,-1
30,9,1185.46,262.40,65.06,198.08,0.86,-1,-1,-1
30,10,760.04,285.96,96.82,280.05,0.84,-1,-1,-1
30,11,1045.62,258.73,77.88,241.64,0.81,-1,-1,-1
31,1,379.42,261.80,258.38,443.03,0.95,-1,-1,-1
31,2,989.49,241.42,128.18,313.59,0.93,-1,-1,-1
31,3,1223.65,272.87,74.77,202.57,0.85,-1,-1,-1
31,4,1137.80,252.22,107.57,259.68,0.92,-1,-1,-1
31,5,942.39,262.62,86.48,262.88,0.91,-1,-1,-1
31,6,791.87,257.02,152.67,391.59,0.95,-1,-1,-1
31,7,1088.07,264.37,100.59,267.54,0.88,-1,-1,-1
31,8,906.95,284.74,69.85,214.46,0.88,-1,-1,-1
31,9,1189.45,262.05,63.88,199.29,0.87,-1,-1,-1
31,10,760.09,286.70,92.88,268.53,0.82,-1,-1,-1
31,11,1048.33,258.41,77.94,243.65,0.82,-1,-1,-1
32,1,374.86,260.81,261.22,447.49,0.94,-1,-1,-1
32,2,990.60,240.12,131.92,315.31,0.93,-1,-1,-1
32,3,1229.68,272.22,72.60,202.96,0.86,-1,-1,-1
32,4,1140.76,251.82,109.60,261.15,0.92,-1,-1,-1
32,5,944.82,262.46,85.60,263.27,0.91,-1,-1,-1
32,6,789.26,256.96,158.49,393.57,0.95,-1,-1,-1
32,7,1091.60,263.06,99.98,269.31,0.88,-1,-1,-1
32,8,907.57,284.12,70.60,215.63,0.89,-1,-1,-1
32,9,1192.27,261.44,65.90,198.84,0.86,-1,-1,-1
32,10,759.91,287.15,90.26,264.46,0.82,-1,-1,-1
32,11,1051.26,257.57,83.98,245.30,0.81,-1,-1,-1
33,1,370.26,260.28,263.09,450.72,0.94,-1,-1,-1
33,2,990.77,239.24,133.10,317.80,0.94,-1,-1,-1
33,3,1228.93,272.13,75.46,204.53,0.83,-1,-1,-1
33,4,1144.48,251.93,108.98,262.68,0.92,-1,-1,-1
33,5,946.68,261.35,86.27,265.27,0.91,-1,-1,-1
33,6,786.36,256.86,161.57,395.68,0.95,-1,-1,-1
33,7,1093.79,262.65,101.93,270.18,0.88,-1,-1,-1
33,8,908.43,284.17,71.64,216.00,0.89,-1,-1,-1
33,9,1195.93,261.05,65.34,200.41,0.84,-1,-1,-1
33,10,762.15,287.04,92.87,267.92,0.80,-1,-1,-1
33,11,1053.84,257.61,82.61,244.05,0.79,-1,-1,-1
34,1,364.87,259.13,268.26,454.44,0.95,-1,-1,-1
34,2,989.37,238.74,137.05,320.55,0.94,-1,-1,-1
34,3,1233.79,271.92,72.84,205.51,0.82,-1,-1,-1
34,4,1148.54,250.32,108.65,264.50,0.93,-1,-1,-1
34,5,947.72,260.31,87.67,267.12,0.90,-1,-1,-1
34,6,782.44,255.73,165.83,398.23,0.95,-1,-1,-1
34,7,1095.50,262.79,102.60,270.40,0.89,-1,-1,-1
34,8,907.33,283.41,74.38,217.40,0.89,-1,-1,-1
34,9,1198.15,260.73,66.28,200.77,0.86,-1,-1,-1
34,10,763.09,285.75,95.00,267.03,0.79,-1,-1,-1
34,11,1056.31,256.71,79.56,245.88,0.80,-1,-1,-1
35,1,359.87,258.03,270.82,458.22,0.94,-1,-1,-1
35,2,988.28,238.47,158.57,320.46,0.90,-1,-1,-1
35,3,1236.77,270.59,73.10,206.61,0.79,-1,-1,-1
35,4,1151.84,249.63,108.46,266.22,0.92,-1,-1,-1
35,5,948.73,260.86,88.15,266.61,0.90,-1,-1,-1
35,6,777.50,254.57,171.42,401.39,0.95,-1,-1,-1
35,7,1097.92,263.51,101.60,271.06,0.88,-1,-1,-1
35,8,904.86,282.72,78.61,218.66,0.89,-1,-1,-1
35,9,1201.95,260.39,65.39,200.76,0.86,-1,-1,-1
35,10,764.38,285.11,93.97,266.28,0.80,-1,-1,-1
35,11,1059.03,256.72,75.88,246.87,0.82,-1,-1,-1
36,1,354.01,256.95,273.34,461.92,0.95,-1,-1,-1
36,2,987.18,237.39,154.18,322.53,0.92,-1,-1,-1
36,3,1238.84,270.30,73.23,206.98,0.78,-1,-1,-1
36,4,1152.85,249.46,110.75,266.05,0.92,-1,-1,-1
36,5,949.53,260.39,88.31,267.56,0.90,-1,-1,-1
36,6,773.17,253.30,176.41,404.73,0.95,-1,-1,-1
36,7,1099.22,261.32,110.81,272.69,0.87,-1,-1,-1
36,8,901.44,282.23,83.13,219.24,0.88,-1,-1,-1
36,9,1204.35,259.74,66.24,202.81,0.87,-1,-1,-1
36,10,764.74,283.89,94.80,266.89,0.74,-1,-1,-1
36,11,1060.43,255.76,79.37,249.83,0.83,-1,-1,-1
37,1,348.00,255.36,275.75,465.05,0.95,-1,-1,-1
37,2,987.27,236.22,149.69,324.33,0.92,-1,-1,-1
37,3,1243.17,268.06,73.33,209.20,0.71,-1,-1,-1
37,4,1155.55,248.16,111.61,268.36,0.93,-1,-1,-1
37,5,950.98,259.59,88.38,269.10,0.90,-1,-1,-1
37,6,769.18,251.46,180.62,408.48,0.95,-1,-1,-1
37,7,1100.86,258.82,110.71,275.28,0.87,-1,-1,-1
37,8,897.18,281.74,88.94,219.74,0.88,-1,-1,-1
37,9,1206.98,258.41,65.38,203.75,0.85,-1,-1,-1
37,10,765.74,280.27,98.75,272.39,0.59,-1,-1,-1
37,11,1061.51,254.63,80.64,250.21,0.82,-1,-1,-1
38,1,341.21,253.60,279.44,467.89,0.94,-1,-1,-1
38,2,986.63,234.87,147.87,326.12,0.92,-1,-1,-1
38,3,1245.19,268.38,74.63,208.49,0.67,-1,-1,-1
38,4,1157.60,247.50,111.93,269.33,0.92,-1,-1,-1
38,5,951.42,257.49,89.60,272.62,0.89,-1,-1,-1
38,6,764.41,249.26,184.22,412.77,0.95,-1,-1,-1
38,7,1103.12,257.41,105.87,276.67,0.87,-1,-1,-1
38,8,894.85,281.22,92.35,220.21,0.90,-1,-1,-1
38,9,1209.00,257.57,66.25,205.24,0.84,-1,-1,-1
38,10,767.22,269.34,107.94,283.67,0.30,-1,-1,-1
38,11,1062.37,252.08,85.88,252.96,0.83,-1,-1,-1
39,1,334.85,251.84,281.94,471.83,0.94,-1,-1,-1
39,2,983.88,234.17,148.31,326.71,0.93,-1,-1,-1
39,3,1242.72,272.37,75.13,203.53,0.71,-1,-1,-1
39,4,1158.77,246.74,113.21,270.23,0.92,-1,-1,-1
39,5,952.04,255.87,90.05,275.40,0.89,-1,-1,-1
39,6,759.32,248.52,184.03,415.20,0.95,-1,-1,-1
39,7,1105.00,257.42,113.61,277.81,0.86,-1,-1,-1
39,8,890.94,280.07,97.11,221.68,0.90,-1,-1,-1
39,9,1211.95,257.18,65.38,204.74,0.84,-1,-1,-1
39,11,1065.46,251.63,86.67,252.94,0.84,-1,-1,-1
40,1,326.66,250.02,285.29,475.59,0.94,-1,-1,-1
40,2,981.11,232.61,149.70,328.96,0.93,-1,-1,-1
40,3,1244.78,272.96,74.18,203.29,0.62,-1,-1,-1
40,4,1160.99,245.27,113.73,271.88,0.92,-1,-1,-1
40,5,952.30,254.58,89.06,277.91,0.89,-1,-1,-1
40,6,753.64,246.40,180.66,419.30,0.95,-1,-1,-1
40,7,1105.73,255.67,108.29,279.90,0.88,-1,-1,-1
40,8,892.63,279.08,95.83,222.69,0.90,-1,-1,-1
40,9,1213.64,256.45,65.08,205.27,0.86,-1,-1,-1
40,11,1067.27,251.07,89.35,254.37,0.85,-1,-1,-1
41,1,319.10,248.10,289.41,480.85,0.94,-1,-1,-1
41,2,979.25,230.56,151.24,332.31,0.93,-1,-1,-1
41,3,1248.20,271.32,73.77,205.27,0.43,-1,-1,-1
41,4,1162.07,244.41,113.80,273.29,0.91,-1,-1,-1
41,5,952.14,253.74,90.99,281.11,0.89,-1,-1,-1
41,6,747.26,244.02,179.05,423.95,0.95,-1,-1,-1
41,7,1106.85,254.70,105.92,281.47,0.88,-1,-1,-1
41,8,891.99,278.48,96.28,223.74,0.90,-1,-1,-1
41,9,1214.49,256.32,66.11,207.03,0.86,-1,-1,-1
41,11,1068.24,250.68,89.08,254.68,0.84,-1,-1,-1
42,1,311.49,246.07,291.63,485.80,0.95,-1,-1,-1
42,2,975.64,229.94,154.15,334.82,0.94,-1,-1,-1
42,3,1249.45,271.24,76.05,213.52,0.29,-1,-1,-1
42,4,1163.06,243.42,114.99,274.71,0.91,-1,-1,-1
42,5,951.50,253.05,91.69,283.51,0.89,-1,-1,-1
42,6,742.01,241.24,176.25,428.35,0.95,-1,-1,-1
42,7,1107.87,254.26,105.02,282.63,0.89,-1,-1,-1
42,8,892.10,278.15,95.51,225.34,0.90,-1,-1,-1
42,9,1217.20,256.04,65.28,207.86,0.84,-1,-1,-1
42,11,1069.19,250.01,91.29,256.42,0.84,-1,-1,-1
42,10,796.75,264.24,112.42,293.16,0.76,-1,-1,-1
43,1,302.94,244.79,295.84,488.98,0.95,-1,-1,-1
43,2,971.97,229.64,157.61,336.66,0.94,-1,-1,-1
43,4,1165.25,242.36,114.24,277.06,0.92,-1,-1,-1
43,5,950.69,252.72,91.95,285.60,0.89,-1,-1,-1
43,6,736.59,240.41,173.33,431.18,0.95,-1,-1,-1
43,7,1108.88,253.88,104.69,284.11,0.91,-1,-1,-1
43,8,892.52,277.66,94.86,226.56,0.90,-1,-1,-1
43,9,1219.45,255.55,64.97,208.78,0.87,-1,-1,-1
43,11,1069.58,249.68,92.11,257.09,0.84,-1,-1,-1
43,10,801.35,264.39,112.74,294.73,0.84,-1,-1,-1
44,1,293.05,244.80,301.35,491.42,0.95,-1,-1,-1
44,2,968.78,229.27,160.15,338.95,0.94,-1,-1,-1
44,4,1165.34,242.03,115.20,278.59,0.93,-1,-1,-1
44,5,950.31,252.27,90.91,286.29,0.89,-1,-1,-1
44,6,730.46,240.31,172.29,433.68,0.94,-1,-1,-1
44,7,1109.14,254.12,104.64,285.31,0.91,-1,-1,-1
44,8,891.48,277.76,95.80,227.23,0.91,-1,-1,-1
44,9,1219.53,254.96,66.13,208.75,0.86,-1,-1,-1
44,11,1069.62,249.04,90.09,258.93,0.84,-1,-1,-1
44,10,799.57,264.49,114.73,294.35,0.84,-1,-1,-1
45,1,285.87,246.10,302.72,496.99,0.94,-1,-1,-1
45,2,965.20,229.08,163.51,340.91,0.94,-1,-1,-1
45,4,1165.85,242.01,115.61,280.08,0.93,-1,-1,-1
45,5,950.14,252.41,89.37,287.30,0.88,-1,-1,-1
45,6,722.91,240.54,171.97,437.21,0.94,-1,-1,-1
45,7,1109.13,254.48,105.90,286.83,0.90,-1,-1,-1
45,8,890.51,277.22,96.18,229.18,0.91,-1,-1,-1
45,9,1220.63,254.80,65.41,210.02,0.86,-1,-1,-1
45,11,1068.93,248.03,91.70,261.44,0.85,-1,-1,-1
45,10,799.10,264.93,113.76,294.64,0.87,-1,-1,-1
46,1,275.46,247.77,307.51,495.38,0.93,-1,-1,-1
46,2,961.43,229.47,165.89,342.90,0.95,-1,-1,-1
46,4,1164.63,242.08,118.11,282.60,0.93,-1,-1,-1
46,5,948.78,251.66,89.97,289.02,0.89,-1,-1,-1
46,6,716.33,240.14,169.38,442.79,0.95,-1,-1,-1
46,7,1108.96,254.40,106.34,288.46,0.90,-1,-1,-1
46,8,888.62,277.69,97.74,230.71,0.92,-1,-1,-1
46,9,1221.41,254.66,66.33,211.76,0.86,-1,-1,-1
46,11,1069.70,249.07,92.28,260.32,0.87,-1,-1,-1
46,10,799.36,266.42,110.33,296.39,0.84,-1,-1,-1
47,1,265.09,249.34,312.56,494.39,0.93,-1,-1,-1
47,2,958.33,230.02,166.66,344.89,0.95,-1,-1,-1
47,4,1164.78,242.76,118.98,283.98,0.93,-1,-1,-1
47,5,947.71,252.13,90.14,289.64,0.89,-1,-1,-1
47,6,710.19,241.61,168.28,444.23,0.95,-1,-1,-1
47,7,1109.51,256.35,105.25,287.86,0.92,-1,-1,-1
47,8,886.48,278.02,99.14,231.87,0.92,-1,-1,-1
47,9,1221.70,254.96,67.83,213.15,0.85,-1,-1,-1
47,11,1068.82,249.81,94.79,262.42,0.88,-1,-1,-1
47,10,795.44,267.45,109.53,313.48,0.84,-1,-1,-1
48,1,256.88,250.38,314.30,502.13,0.92,-1,-1,-1
48,2,954.86,230.04,169.21,347.24,0.95,-1,-1,-1
48,4,1163.54,242.37,121.65,286.29,0.92,-1,-1,-1
48,5,947.33,252.42,90.19,290.60,0.89,-1,-1,-1
48,6,704.87,242.60,167.24,447.47,0.95,-1,-1,-1
48,7,1109.65,256.13,104.80,289.43,0.91,-1,-1,-1
48,8,885.14,278.83,99.61,232.48,0.91,-1,-1,-1
48,9,1222.27,255.16,69.58,213.57,0.85,-1,-1,-1
48,11,1067.84,249.88,96.88,264.28,0.88,-1,-1,-1
48,10,791.26,268.26,110.43,327.33,0.85,-1,-1,-1
49,1,246.66,253.02,320.24,504.31,0.92,-1,-1,-1
49,2,953.12,230.19,167.69,349.31,0.95,-1,-1,-1
49,4,1163.70,242.75,122.59,287.08,0.93,-1,-1,-1
49,5,946.09,252.45,91.36,291.47,0.87,-1,-1,-1
49,6,699.61,243.33,168.00,450.47,0.95,-1,-1,-1
49,7,1109.74,255.52,105.80,292.19,0.90,-1,-1,-1
49,8,883.60,279.34,99.70,233.25,0.92,-1,-1,-1
49,9,1223.09,255.32,70.20,213.82,0.84,-1,-1,-1
49,11,1066.92,249.98,97.61,266.26,0.88,-1,-1,-1
49,10,790.07,268.33,108.91,335.06,0.84,-1,-1,-1
50,1,236.74,253.60,326.26,510.14,0.91,-1,-1,-1
50,2,951.97,230.00,164.62,352.59,0.95,-1,-1,-1
50,4,1164.33,242.50,122.91,288.24,0.93,-1,-1,-1
50,5,945.02,252.66,91.80,292.67,0.88,-1,-1,-1
50,6,693.30,244.10,170.71,453.90,0.95,-1,-1,-1
50,7,1109.75,254.59,113.39,295.29,0.88,-1,-1,-1
50,8,883.64,280.63,98.50,232.62,0.93,-1,-1,-1
50,9,1223.96,255.43,71.61,214.95,0.84,-1,-1,-1
50,11,1066.55,249.76,97.84,267.74,0.88,-1,-1,-1
50,10,787.75,268.12,108.94,339.24,0.85,-1,-1,-1
51,1,228.67,253.10,330.10,528.37,0.92,-1,-1,-1
51,2,950.52,229.86,163.35,355.54,0.95,-1,-1,-1
51,4,1164.62,242.35,124.17,289.52,0.92,-1,-1,-1
51,5,944.11,252.97,91.94,293.67,0.88,-1,-1,-1
51,6,687.62,243.72,172.29,458.06,0.96,-1,-1,-1
51,7,1110.39,254.77,119.70,297.00,0.88,-1,-1,-1
51,8,882.59,281.04,99.18,233.24,0.94,-1,-1,-1
51,9,1225.50,255.41,70.94,215.95,0.84,-1,-1,-1
51,11,1065.87,249.92,99.06,268.54,0.88,-1,-1,-1
51,10,784.82,268.27,108.94,342.71,0.87,-1,-1,-1
52,1,219.90,252.47,333.74,542.65,0.91,-1,-1,-1
52,2,949.52,229.35,160.33,358.97,0.94,-1,-1,-1
52,4,1164.77,242.27,124.54,290.75,0.93,-1,-1,-1
52,5,943.83,252.85,91.91,295.53,0.89,-1,-1,-1
52,6,682.13,242.67,175.16,462.87,0.95,-1,-1,-1
52,7,1110.09,254.36,112.71,299.48,0.89,-1,-1,-1
52,8,881.07,281.52,99.35,233.79,0.93,-1,-1,-1
52,9,1226.70,255.24,70.59,217.23,0.83,-1,-1,-1
52,11,1064.47,249.48,101.79,270.62,0.88,-1,-1,-1
52,10,781.33,268.37,111.88,345.37,0.86,-1,-1,-1
53,1,210.92,252.77,336.10,541.46,0.91,-1,-1,-1
53,2,947.88,228.16,159.09,362.16,0.94,-1,-1,-1
53,4,1164.56,241.40,124.58,292.42,0.93,-1,-1,-1
53,5,943.58,252.69,91.84,297.29,0.88,-1,-1,-1
53,6,676.60,240.34,177.93,468.00,0.95,-1,-1,-1
53,7,1109.72,253.95,114.58,300.68,0.88,-1,-1,-1
53,8,879.50,281.27,99.63,234.79,0.94,-1,-1,-1
53,9,1226.85,254.93,70.40,217.76,0.83,-1,-1,-1
53,11,1063.73,248.90,101.56,271.59,0.89,-1,-1,-1
53,10,779.33,267.68,112.31,342.55,0.85,-1,-1,-1
54,1,201.80,252.25,340.92,549.05,0.91,-1,-1,-1
54,2,946.84,226.94,156.22,364.85,0.95,-1,-1,-1
54,4,1165.77,240.66,123.38,293.90,0.93,-1,-1,-1
54,5,941.79,252.40,94.24,299.54,0.87,-1,-1,-1
54,6,672.11,237.89,179.58,473.70,0.95,-1,-1,-1
54,7,1109.67,253.55,116.45,302.11,0.88,-1,-1,-1
54,8,878.15,280.77,100.63,235.74,0.94,-1,-1,-1
54,9,1226.96,254.55,70.34,217.78,0.83,-1,-1,-1
54,11,1062.95,247.68,101.43,273.41,0.89,-1,-1,-1
54,10,777.19,266.75,111.89,345.45,0.86,-1,-1,-1
55,1,192.97,250.83,344.72,555.23,0.91,-1,-1,-1
55,2,945.35,225.43,153.81,368.69,0.95,-1,-1,-1
55,4,1164.95,239.96,124.02,295.54,0.93,-1,-1,-1
55,5,939.95,251.96,95.04,301.92,0.88,-1,-1,-1
55,6,666.53,236.16,183.03,477.11,0.95,-1,-1,-1
55,7,1109.00,253.55,114.66,303.45,0.88,-1,-1,-1
55,8,877.41,279.62,100.01,238.28,0.93,-1,-1,-1
55,9,1227.50,254.12,70.25,218.46,0.82,-1,-1,-1
55,11,1062.04,246.47,102.46,275.78,0.89,-1,-1,-1
55,10,774.95,266.05,109.21,350.67,0.85,-1,-1,-1
56,1,184.10,250.94,347.47,561.71,0.90,-1,-1,-1
56,2,944.15,224.10,151.81,372.41,0.95,-1,-1,-1
56,4,1165.18,239.36,124.31,296.79,0.92,-1,-1,-1
56,5,938.55,251.19,94.20,302.58,0.88,-1,-1,-1
56,6,661.11,234.79,187.38,480.34,0.96,-1,-1,-1
56,7,1108.66,252.94,116.41,305.17,0.88,-1,-1,-1
56,8,875.23,278.59,101.01,239.88,0.93,-1,-1,-1
56,9,1228.24,253.63,69.05,219.07,0.82,-1,-1,-1
56,11,1061.62,245.55,102.87,278.06,0.89,-1,-1,-1
56,10,770.92,264.18,110.09,356.02,0.86,-1,-1,-1
57,1,174.53,249.85,353.54,569.49,0.91,-1,-1,-1
57,2,942.71,223.91,149.77,373.81,0.95,-1,-1,-1
57,4,1164.02,238.61,125.51,298.19,0.92,-1,-1,-1
57,5,936.99,250.65,95.00,302.83,0.88,-1,-1,-1
57,6,656.32,234.06,191.82,483.45,0.95,-1,-1,-1
57,7,1107.94,252.46,114.56,306.76,0.89,-1,-1,-1
57,8,873.44,277.48,103.09,241.31,0.93,-1,-1,-1
57,9,1229.02,253.18,68.54,220.01,0.81,-1,-1,-1
57,11,1059.73,245.12,105.31,279.40,0.90,-1,-1,-1
57,10,766.41,264.13,112.16,357.93,0.87,-1,-1,-1
58,1,163.49,249.55,362.27,573.20,0.91,-1,-1,-1
58,2,942.25,225.80,146.72,372.61,0.95,-1,-1,-1
58,4,1163.72,238.12,126.03,299.76,0.93,-1,-1,-1
58,5,935.23,250.55,95.36,303.67,0.88,-1,-1,-1
58,6,650.93,233.31,193.59,486.61,0.96,-1,-1,-1
58,7,1107.17,250.73,116.33,310.01,0.89,-1,-1,-1
58,8,870.97,276.89,103.33,242.27,0.93,-1,-1,-1
58,9,1230.05,252.96,68.40,220.62,0.80,-1,-1,-1
58,11,1059.09,245.81,105.09,279.30,0.91,-1,-1,-1
58,10,759.87,263.06,116.60,361.38,0.87,-1,-1,-1
59,1,156.74,249.19,366.65,580.96,0.91,-1,-1,-1
59,2,939.68,225.86,144.47,374.53,0.95,-1,-1,-1
59,4,1162.95,237.95,126.24,301.14,0.92,-1,-1,-1
59,5,933.97,253.27,94.34,302.10,0.90,-1,-1,-1
59,6,646.71,232.41,191.90,489.24,0.96,-1,-1,-1
59,7,1106.24,250.25,118.21,311.88,0.90,-1,-1,-1
59,8,869.17,277.63,104.32,242.25,0.93,-1,-1,-1
59,9,1230.35,252.73,68.39,220.94,0.79,-1,-1,-1
59,11,1055.85,245.37,110.98,281.37,0.91,-1,-1,-1
59,10,762.48,263.87,111.22,362.28,0.85,-1,-1,-1
60,1,142.16,250.02,381.88,585.29,0.90,-1,-1,-1
60,2,937.67,226.05,142.56,376.51,0.95,-1,-1,-1
60,4,1162.76,237.58,126.38,303.10,0.93,-1,-1,-1
60,5,931.22,251.32,96.42,304.75,0.88,-1,-1,-1
60,6,642.41,231.60,190.10,493.08,0.96,-1,-1,-1
60,7,1105.40,249.77,118.98,314.02,0.91,-1,-1,-1
60,8,867.44,278.56,103.54,242.50,0.93,-1,-1,-1
60,9,1230.54,252.61,68.45,221.64,0.79,-1,-1,-1
60,11,1053.56,246.10,113.23,280.01,0.91,-1,-1,-1
60,10,763.75,263.38,107.31,363.94,0.84,-1,-1,-1
61,1,134.52,253.03,387.54,584.74,0.89,-1,-1,-1
61,2,933.93,225.56,141.92,381.20,0.95,-1,-1,-1
61,4,1163.26,237.90,126.40,304.67,0.92,-1,-1,-1
61,5,929.02,250.45,97.18,306.59,0.82,-1,-1,-1
61,6,637.71,232.23,188.14,498.10,0.96,-1,-1,-1
61,7,1105.06,250.06,125.22,315.62,0.89,-1,-1,-1
61,8,865.64,279.67,103.20,243.14,0.94,-1,-1,-1
61,9,1229.94,252.58,69.67,223.51,0.79,-1,-1,-1
61,11,1050.32,247.01,114.05,280.48,0.91,-1,-1,-1
61,10,760.62,264.59,108.33,366.18,0.86,-1,-1,-1
62,1,131.12,253.76,391.09,593.12,0.88,-1,-1,-1
62,2,930.79,225.90,141.80,383.79,0.95,-1,-1,-1
62,4,1162.20,238.89,127.65,305.44,0.92,-1,-1,-1
62,5,927.62,252.22,95.13,307.50,0.81,-1,-1,-1
62,6,633.15,231.98,189.25,505.14,0.95,-1,-1,-1
62,7,1104.31,250.15,131.12,317.60,0.90,-1,-1,-1
62,8,863.82,280.71,103.70,244.20,0.93,-1,-1,-1
62,9,1229.65,253.11,70.17,224.75,0.79,-1,-1,-1
62,11,1047.30,247.47,117.90,282.22,0.92,-1,-1,-1
62,10,752.88,265.42,115.42,369.21,0.87,-1,-1,-1
63,1,115.62,258.93,404.04,591.47,0.88,-1,-1,-1
63,2,927.82,228.07,141.80,384.15,0.95,-1,-1,-1
63,4,1161.73,239.29,128.09,307.48,0.93,-1,-1,-1
63,5,925.27,258.61,94.30,301.79,0.68,-1,-1,-1
63,6,627.97,232.95,192.02,518.25,0.95,-1,-1,-1
63,7,1103.36,251.11,131.02,318.88,0.89,-1,-1,-1
63,8,861.93,281.39,105.05,246.07,0.93,-1,-1,-1
63,9,1230.04,253.93,70.35,226.09,0.79,-1,-1,-1
63,11,1044.35,247.96,120.49,282.83,0.92,-1,-1,-1
63,10,748.79,266.03,118.03,372.63,0.87,-1,-1,-1
64,1,100.16,261.28,419.55,599.63,0.89,-1,-1,-1
64,2,925.04,228.99,142.97,387.07,0.95,-1,-1,-1
64,4,1160.85,239.84,128.15,309.33,0.92,-1,-1,-1
64,5,925.11,252.76,93.92,313.32,0.21,-1,-1,-1
64,6,622.58,234.49,194.70,522.71,0.95,-1,-1,-1
64,7,1101.74,252.02,127.24,320.58,0.89,-1,-1,-1
64,8,859.57,282.00,104.88,247.02,0.93,-1,-1,-1
64,9,1230.01,254.77,70.36,225.51,0.79,-1,-1,-1
64,11,1043.22,248.98,120.17,284.62,0.92,-1,-1,-1
64,10,743.33,266.79,119.54,377.12,0.85,-1,-1,-1
65,1,95.10,264.91,423.24,605.83,0.89,-1,-1,-1
65,2,921.36,230.00,144.92,390.29,0.95,-1,-1,-1
65,4,1160.60,240.69,128.12,310.72,0.92,-1,-1,-1
65,5,922.67,250.02,93.74,317.05,0.11,-1,-1,-1
65,6,617.33,235.15,198.60,526.39,0.94,-1,-1,-1
65,7,1100.60,253.30,120.84,321.91,0.89,-1,-1,-1
65,8,856.60,282.21,105.67,249.27,0.93,-1,-1,-1
65,9,1229.48,255.45,70.33,225.96,0.80,-1,-1,-1
65,11,1041.70,249.68,119.93,286.90,0.92,-1,-1,-1
65,10,737.38,266.74,120.63,382.45,0.86,-1,-1,-1
66,1,86.37,268.51,433.05,603.18,0.89,-1,-1,-1
66,2,918.00,230.60,146.54,393.48,0.94,-1,-1,-1
66,4,1160.51,241.10,126.86,312.81,0.92,-1,-1,-1
66,6,610.81,235.63,205.94,531.12,0.94,-1,-1,-1
66,7,1098.99,254.92,117.13,323.52,0.90,-1,-1,-1
66,8,853.77,282.35,107.12,251.10,0.92,-1,-1,-1
66,9,1228.65,255.95,70.30,225.49,0.81,-1,-1,-1
66,11,1040.00,250.17,120.94,288.59,0.92,-1,-1,-1
66,10,731.38,267.24,122.77,385.21,0.86,-1,-1,-1
67,1,80.40,271.95,440.94,599.77,0.89,-1,-1,-1
67,2,913.84,231.17,147.17,394.79,0.95,-1,-1,-1
67,4,1159.93,241.47,127.58,314.18,0.93,-1,-1,-1
67,6,604.36,235.41,213.39,532.79,0.94,-1,-1,-1
67,7,1097.86,255.74,115.77,324.99,0.91,-1,-1,-1
67,8,851.59,282.60,107.65,252.08,0.93,-1,-1,-1
67,9,1228.98,256.05,70.28,225.61,0.81,-1,-1,-1
67,11,1038.25,250.41,121.27,289.66,0.93,-1,-1,-1
67,10,728.33,267.91,124.13,387.05,0.86,-1,-1,-1
68,1,74.42,274.13,447.68,601.30,0.88,-1,-1,-1
68,2,906.97,230.73,149.71,397.53,0.94,-1,-1,-1
68,4,1158.47,241.62,128.94,315.79,0.93,-1,-1,-1
68,6,600.06,235.95,217.78,535.71,0.93,-1,-1,-1
68,7,1096.21,255.88,115.18,327.09,0.91,-1,-1,-1
68,8,849.05,282.46,109.54,253.73,0.92,-1,-1,-1
68,9,1228.43,256.40,70.20,225.90,0.82,-1,-1,-1
68,11,1035.83,250.32,123.63,291.04,0.92,-1,-1,-1
68,10,724.95,268.21,124.49,389.21,0.86,-1,-1,-1
69,1,69.94,277.70,450.38,606.55,0.87,-1,-1,-1
69,2,898.78,229.47,152.72,399.74,0.93,-1,-1,-1
69,4,1157.29,241.41,129.41,317.39,0.93,-1,-1,-1
69,6,597.41,235.86,218.74,539.48,0.92,-1,-1,-1
69,7,1094.38,255.66,116.18,328.86,0.92,-1,-1,-1
69,8,845.74,281.53,111.40,255.35,0.90,-1,-1,-1
69,9,1227.57,256.43,70.15,226.30,0.83,-1,-1,-1
69,11,1033.74,250.16,124.45,292.41,0.93,-1,-1,-1
69,10,719.89,267.74,124.56,395.42,0.86,-1,-1,-1
70,1,75.01,277.96,438.70,610.86,0.89,-1,-1,-1
70,2,890.43,229.34,153.85,401.26,0.93,-1,-1,-1
70,4,1153.86,240.66,131.98,319.15,0.92,-1,-1,-1
70,6,594.20,233.80,216.02,546.61,0.92,-1,-1,-1
70,7,1092.52,254.59,117.77,330.97,0.92,-1,-1,-1
70,8,842.15,281.38,113.27,256.23,0.90,-1,-1,-1
70,9,1224.83,255.76,72.55,230.04,0.85,-1,-1,-1
70,11,1031.82,249.11,124.71,294.09,0.93,-1,-1,-1
70,10,715.10,267.17,126.33,395.88,0.85,-1,-1,-1
71,1,77.92,277.81,431.66,605.35,0.88,-1,-1,-1
71,2,885.39,228.44,150.85,403.35,0.94,-1,-1,-1
71,4,1152.67,240.06,132.85,320.57,0.92,-1,-1,-1
71,6,590.56,232.40,217.70,555.80,0.92,-1,-1,-1
71,7,1090.13,253.71,118.28,332.97,0.91,-1,-1,-1
71,8,839.43,280.93,117.75,257.91,0.87,-1,-1,-1
71,9,1222.71,255.08,74.56,232.35,0.85,-1,-1,-1
71,11,1030.04,248.22,124.67,295.65,0.93,-1,-1,-1
71,10,710.18,265.47,128.05,398.36,0.83,-1,-1,-1
72,1,70.53,277.73,430.74,597.20,0.88,-1,-1,-1
72,2,883.10,226.93,143.63,405.74,0.93,-1,-1,-1
72,4,1150.31,239.38,134.33,321.12,0.93,-1,-1,-1
72,6,589.55,230.92,217.62,562.60,0.91,-1,-1,-1
72,7,1087.97,252.62,124.50,334.28,0.89,-1,-1,-1
72,8,837.33,275.39,119.97,263.87,0.83,-1,-1,-1
72,9,1221.12,254.32,75.31,233.65,0.86,-1,-1,-1
72,11,1026.96,246.70,124.59,296.42,0.93,-1,-1,-1
72,10,698.45,262.87,134.02,408.28,0.81,-1,-1,-1
73,1,97.22,277.00,391.37,592.09,0.91,-1,-1,-1
73,2,880.32,225.48,138.83,408.38,0.94,-1,-1,-1
73,4,1147.18,238.97,136.10,322.09,0.93,-1,-1,-1
73,6,587.94,229.10,213.37,570.61,0.92,-1,-1,-1
73,7,1085.49,251.00,129.18,336.29,0.89,-1,-1,-1
73,8,833.90,259.47,125.82,281.67,0.81,-1,-1,-1
73,9,1219.51,253.89,76.78,234.85,0.87,-1,-1,-1
73,11,1025.33,244.89,120.95,298.83,0.92,-1,-1,-1
73,10,689.56,260.61,137.43,410.57,0.83,-1,-1,-1
74,1,109.58,274.64,361.13,596.83,0.91,-1,-1,-1
74,2,873.94,223.54,139.74,412.08,0.93,-1,-1,-1
74,4,1146.05,238.34,135.67,322.69,0.93,-1,-1,-1
74,6,584.49,226.52,210.67,586.36,0.91,-1,-1,-1
74,7,1083.42,249.79,128.72,338.37,0.88,-1,-1,-1
74,8,830.59,251.36,127.23,290.12,0.82,-1,-1,-1
74,9,1217.76,252.94,77.41,235.87,0.87,-1,-1,-1
74,11,1023.61,244.10,120.85,299.66,0.92,-1,-1,-1
74,10,685.38,260.29,138.26,411.91,0.84,-1,-1,-1
75,1,112.53,273.35,337.89,604.30,0.91,-1,-1,-1
75,2,868.99,221.76,139.72,415.40,0.93,-1,-1,-1
75,4,1143.17,238.44,136.60,323.25,0.93,-1,-1,-1
75,6,579.17,223.33,214.94,597.30,0.90,-1,-1,-1
75,7,1081.40,248.61,122.43,341.75,0.90,-1,-1,-1
75,8,827.01,245.61,128.22,296.92,0.79,-1,-1,-1
75,9,1216.39,252.76,77.58,236.47,0.87,-1,-1,-1
75,11,1021.75,243.38,121.95,301.04,0.93,-1,-1,-1
75,10,678.36,259.30,140.80,413.20,0.83,-1,-1,-1
76,1,110.36,272.54,320.60,602.07,0.91,-1,-1,-1
76,2,865.57,221.83,139.86,418.19,0.93,-1,-1,-1
76,4,1142.16,237.70,135.81,325.29,0.92,-1,-1,-1
76,6,574.41,221.55,213.06,599.53,0.90,-1,-1,-1
76,7,1078.94,249.38,122.50,342.84,0.89,-1,-1,-1
76,8,823.72,245.48,128.31,298.01,0.79,-1,-1,-1
76,9,1214.74,251.46,77.68,238.11,0.86,-1,-1,-1
76,11,1018.17,242.85,124.82,302.04,0.94,-1,-1,-1
76,10,670.33,258.02,145.36,416.00,0.84,-1,-1,-1
77,1,106.28,273.88,307.53,604.91,0.91,-1,-1,-1
77,2,861.45,220.84,139.91,421.46,0.93,-1,-1,-1
77,4,1142.44,237.52,133.04,326.33,0.93,-1,-1,-1
77,6,570.70,219.62,211.63,603.21,0.90,-1,-1,-1
77,7,1073.86,249.20,140.59,345.15,0.89,-1,-1,-1
77,8,820.19,251.26,130.63,292.03,0.81,-1,-1,-1
77,9,1211.75,251.39,76.48,238.70,0.88,-1,-1,-1
77,11,1013.89,243.36,127.05,302.36,0.94,-1,-1,-1
77,10,666.24,256.39,147.01,419.35,0.83,-1,-1,-1
78,1,102.45,275.17,295.46,605.36,0.91,-1,-1,-1
78,2,858.01,220.71,139.69,423.46,0.93,-1,-1,-1
78,4,1140.25,237.92,133.22,327.58,0.92,-1,-1,-1
78,6,563.45,219.27,215.94,613.74,0.91,-1,-1,-1
78,7,1071.43,248.97,141.42,346.39,0.86,-1,-1,-1
78,8,815.99,254.24,128.53,290.32,0.81,-1,-1,-1
78,9,1209.53,251.36,77.22,240.54,0.89,-1,-1,-1
78,11,1010.60,243.86,126.70,303.83,0.93,-1,-1,-1
78,10,657.51,256.90,147.60,422.93,0.82,-1,-1,-1
79,1,98.43,277.06,287.79,610.82,0.90,-1,-1,-1
79,2,853.11,222.03,141.25,425.21,0.93,-1,-1,-1
79,4,1135.41,237.18,136.97,331.27,0.92,-1,-1,-1
79,6,556.24,218.73,218.26,624.01,0.90,-1,-1,-1
79,7,1068.98,250.56,141.70,347.51,0.87,-1,-1,-1
79,8,811.97,247.72,132.19,299.11,0.78,-1,-1,-1
79,9,1207.70,252.08,77.55,241.64,0.88,-1,-1,-1
79,11,1007.81,244.24,127.80,305.95,0.93,-1,-1,-1
79,10,652.74,258.40,148.44,427.72,0.83,-1,-1,-1
80,1,96.51,280.67,277.61,617.29,0.89,-1,-1,-1
80,2,847.60,221.65,143.86,429.41,0.93,-1,-1,-1
80,4,1133.56,236.60,138.26,334.53,0.93,-1,-1,-1
80,6,547.35,218.26,223.13,631.46,0.91,-1,-1,-1
80,7,1066.29,250.71,158.17,348.96,0.90,-1,-1,-1
80,8,808.28,244.58,135.20,304.96,0.80,-1,-1,-1
80,9,1206.93,252.81,75.20,242.04,0.89,-1,-1,-1
80,11,1004.43,244.68,126.90,307.74,0.93,-1,-1,-1
80,10,643.61,261.37,156.29,434.50,0.82,-1,-1,-1
81,1,96.81,283.32,267.11,623.52,0.89,-1,-1,-1
81,2,842.10,221.09,145.70,433.05,0.93,-1,-1,-1
81,4,1132.24,236.35,137.47,335.35,0.93,-1,-1,-1
81,6,539.22,218.17,223.68,628.94,0.90,-1,-1,-1
81,7,1063.56,250.29,157.38,350.17,0.90,-1,-1,-1
81,8,805.84,259.06,131.81,291.53,0.81,-1,-1,-1
81,9,1204.73,253.15,76.70,242.08,0.89,-1,-1,-1
81,11,1000.95,244.70,127.67,308.81,0.93,-1,-1,-1
81,10,635.07,262.47,160.31,441.07,0.83,-1,-1,-1
82,1,97.65,285.73,257.98,626.18,0.88,-1,-1,-1
82,2,836.50,220.97,146.91,435.92,0.93,-1,-1,-1
82,4,1129.45,236.75,139.49,336.56,0.93,-1,-1,-1
82,6,529.21,219.50,228.47,630.44,0.91,-1,-1,-1
82,7,1060.82,251.05,141.54,350.53,0.88,-1,-1,-1
82,8,801.62,254.15,132.45,298.44,0.80,-1,-1,-1
82,9,1203.41,253.20,76.00,242.96,0.89,-1,-1,-1
82,11,997.91,245.16,129.07,310.10,0.94,-1,-1,-1
82,10,628.52,262.75,161.12,440.13,0.82,-1,-1,-1
82,13,1233.00,274.05,97.20,245.70,0.71,-1,-1,-1
83,1,92.77,288.15,261.20,631.97,0.85,-1,-1,-1
83,2,828.38,219.73,151.79,440.74,0.92,-1,-1,-1
83,4,1128.53,238.25,137.80,336.20,0.93,-1,-1,-1
83,6,519.22,220.43,231.33,631.49,0.91,-1,-1,-1
83,7,1057.56,249.23,152.12,356.22,0.88,-1,-1,-1
83,8,797.85,249.07,129.63,304.45,0.75,-1,-1,-1
83,9,1201.84,254.12,76.90,243.24,0.89,-1,-1,-1
83,11,994.55,245.32,129.54,311.72,0.93,-1,-1,-1
83,10,623.98,263.69,155.37,440.81,0.81,-1,-1,-1
83,13,1232.00,271.89,98.71,248.70,0.66,-1,-1,-1
84,1,90.30,289.17,269.01,647.89,0.84,-1,-1,-1
84,2,822.15,219.71,155.16,443.71,0.93,-1,-1,-1
84,4,1126.52,238.68,138.39,337.81,0.92,-1,-1,-1
84,6,511.27,220.05,233.06,641.95,0.91,-1,-1,-1
84,7,1054.66,249.45,153.49,358.49,0.88,-1,-1,-1
84,8,794.07,243.34,133.38,313.29,0.69,-1,-1,-1
84,9,1199.60,254.47,78.46,244.33,0.88,-1,-1,-1
84,11,991.60,245.68,132.14,313.92,0.93,-1,-1,-1
84,10,616.67,264.06,160.90,441.69,0.84,-1,-1,-1
84,13,1231.80,271.68,97.66,247.84,0.69,-1,-1,-1
85,1,90.61,291.15,274.58,651.41,0.83,-1,-1,-1
85,2,814.86,219.65,159.22,446.69,0.93,-1,-1,-1
85,4,1123.38,238.90,138.48,339.40,0.92,-1,-1,-1
85,6,504.25,219.26,233.43,645.12,0.90,-1,-1,-1
85,7,1051.87,250.64,138.45,358.99,0.89,-1,-1,-1
85,8,790.62,254.52,134.03,302.87,0.55,-1,-1,-1
85,9,1198.67,254.19,76.60,245.09,0.88,-1,-1,-1
85,11,987.67,245.88,134.16,315.76,0.93,-1,-1,-1
85,10,609.23,264.39,160.39,442.71,0.82,-1,-1,-1
85,13,1231.04,272.48,95.78,246.83,0.72,-1,-1,-1
86,1,97.31,294.47,271.35,655.60,0.84,-1,-1,-1
86,2,809.30,218.47,161.80,450.64,0.93,-1,-1,-1
86,4,1121.20,238.83,139.85,342.06,0.92,-1,-1,-1
86,6,491.60,219.36,237.93,652.18,0.90,-1,-1,-1
86,7,1049.17,250.95,144.83,361.78,0.87,-1,-1,-1
86,8,785.53,255.23,133.21,302.82,0.56,-1,-1,-1
86,9,1196.82,254.11,77.15,245.38,0.89,-1,-1,-1
86,11,984.44,245.94,132.68,317.14,0.93,-1,-1,-1
86,10,600.40,262.56,166.21,447.90,0.82,-1,-1,-1
86,13,1228.99,271.73,98.04,250.13,0.77,-1,-1,-1
86,5,857.19,248.52,113.79,328.03,0.63,-1,-1,-1
87,1,103.82,297.50,268.27,650.11,0.88,-1,-1,-1
87,2,801.42,219.46,164.90,451.47,0.93,-1,-1,-1
87,4,1117.98,239.16,141.39,342.45,0.92,-1,-1,-1
87,6,480.50,215.79,241.63,665.55,0.90,-1,-1,-1
87,7,1045.77,250.06,139.73,365.10,0.88,-1,-1,-1
87,8,781.89,243.61,132.70,317.59,0.48,-1,-1,-1
87,9,1194.90,253.87,77.25,246.67,0.89,-1,-1,-1
87,11,982.08,245.37,133.12,318.84,0.94,-1,-1,-1
87,10,595.14,260.78,167.56,451.90,0.82,-1,-1,-1
87,13,1226.96,270.90,98.69,251.53,0.77,-1,-1,-1
87,5,850.25,247.31,116.75,329.62,0.57,-1,-1,-1
88,1,104.33,299.63,273.92,636.58,0.88,-1,-1,-1
88,2,789.85,217.60,173.17,456.45,0.93,-1,-1,-1
88,4,1115.69,238.56,143.20,343.96,0.93,-1,-1,-1
88,6,465.72,213.61,249.59,668.48,0.89,-1,-1,-1
88,7,1043.47,249.91,131.69,366.20,0.88,-1,-1,-1
88,8,778.96,240.57,130.73,323.40,0.33,-1,-1,-1
88,9,1192.48,252.75,78.52,248.86,0.89,-1,-1,-1
88,11,979.57,244.76,133.30,319.65,0.93,-1,-1,-1
88,10,589.37,260.70,159.80,453.85,0.80,-1,-1,-1
88,13,1225.06,266.96,100.22,256.02,0.76,-1,-1,-1
88,5,847.59,247.92,118.72,323.69,0.77,-1,-1,-1
89,1,99.12,299.94,288.24,634.38,0.89,-1,-1,-1
89,2,785.80,215.65,173.61,460.93,0.93,-1,-1,-1
89,4,1113.79,238.13,143.84,345.58,0.93,-1,-1,-1
89,6,454.82,212.84,251.89,672.59,0.88,-1,-1,-1
89,7,1040.97,248.45,142.26,368.71,0.86,-1,-1,-1
89,8,774.00,247.43,132.97,315.09,0.34,-1,-1,-1
89,9,1190.55,251.55,77.76,251.01,0.88,-1,-1,-1
89,11,976.36,243.71,134.52,321.87,0.92,-1,-1,-1
89,10,579.78,257.39,155.40,460.98,0.80,-1,-1,-1
89,13,1223.29,264.15,100.72,259.56,0.80,-1,-1,-1
89,5,841.03,246.84,121.47,333.55,0.68,-1,-1,-1
90,1,92.36,298.94,304.82,647.00,0.89,-1,-1,-1
90,2,777.50,212.89,178.35,466.20,0.92,-1,-1,-1
90,4,1110.74,237.36,145.22,346.62,0.93,-1,-1,-1
90,6,448.18,210.17,250.23,686.21,0.89,-1,-1,-1
90,7,1038.29,249.37,134.07,369.33,0.91,-1,-1,-1
90,8,770.24,255.45,130.77,307.23,0.28,-1,-1,-1
90,9,1188.04,251.68,78.66,251.09,0.88,-1,-1,-1
90,11,972.88,243.00,134.93,323.16,0.93,-1,-1,-1
90,10,572.10,254.93,158.57,468.09,0.81,-1,-1,-1
90,13,1220.78,262.98,100.86,261.75,0.81,-1,-1,-1
90,5,837.22,246.71,122.14,338.87,0.74,-1,-1,-1
91,1,86.12,302.47,318.01,661.26,0.88,-1,-1,-1
91,2,763.67,211.40,188.05,469.80,0.94,-1,-1,-1
91,4,1108.96,235.13,144.56,349.82,0.92,-1,-1,-1
91,6,439.83,207.76,251.96,697.67,0.89,-1,-1,-1
91,7,1034.92,248.26,130.80,370.93,0.90,-1,-1,-1
91,8,765.69,233.61,133.55,333.11,0.33,-1,-1,-1
91,9,1184.64,251.88,80.22,250.68,0.87,-1,-1,-1
91,11,969.23,241.89,135.09,324.21,0.92,-1,-1,-1
91,10,567.73,253.68,163.34,471.96,0.80,-1,-1,-1
91,13,1219.17,262.56,99.69,261.91,0.81,-1,-1,-1
91,5,829.06,244.98,124.47,341.45,0.64,-1,-1,-1
92,1,80.20,296.85,326.11,665.80,0.89,-1,-1,-1
92,2,767.10,211.61,181.31,472.88,0.93,-1,-1,-1
92,4,1106.14,233.49,145.50,353.18,0.93,-1,-1,-1
92,6,431.03,203.55,253.14,706.93,0.88,-1,-1,-1
92,7,1030.84,247.04,145.56,374.72,0.88,-1,-1,-1
92,8,761.04,227.12,133.38,342.03,0.33,-1,-1,-1
92,9,1182.43,251.62,80.80,250.99,0.87,-1,-1,-1
92,11,966.22,241.23,133.96,326.16,0.93,-1,-1,-1
92,10,562.52,253.35,166.91,473.07,0.79,-1,-1,-1
92,13,1217.63,262.27,99.25,262.82,0.81,-1,-1,-1
92,5,829.29,243.37,120.29,345.25,0.71,-1,-1,-1
93,1,74.43,292.81,332.76,676.41,0.89,-1,-1,-1
93,2,760.96,210.25,183.59,477.42,0.93,-1,-1,-1
93,4,1103.96,232.40,145.91,355.92,0.94,-1,-1,-1
93,6,417.87,203.68,257.69,715.30,0.88,-1,-1,-1
93,7,1027.05,246.13,147.34,376.85,0.88,-1,-1,-1
93,8,755.89,237.49,131.00,331.98,0.43,-1,-1,-1
93,9,1179.27,250.88,81.07,252.21,0.87,-1,-1,-1
93,11,962.24,240.27,137.18,328.35,0.93,-1,-1,-1
93,10,550.53,250.49,165.38,484.56,0.79,-1,-1,-1
93,13,1218.32,261.97,96.70,265.28,0.83,-1,-1,-1
93,5,826.06,241.98,120.48,347.37,0.74,-1,-1,-1
94,1,72.41,293.83,335.89,693.56,0.88,-1,-1,-1
94,2,754.86,209.94,186.02,481.21,0.93,-1,-1,-1
94,4,1102.05,232.20,144.75,357.97,0.94,-1,-1,-1
94,6,408.01,204.79,260.49,720.91,0.89,-1,-1,-1
94,7,1023.39,244.93,154.98,379.92,0.88,-1,-1,-1
94,8,750.96,252.68,132.42,316.22,0.48,-1,-1,-1
94,9,1176.95,250.49,81.09,254.04,0.87,-1,-1,-1
94,11,957.96,239.95,139.46,330.65,0.93,-1,-1,-1
94,10,544.38,250.11,166.39,490.34,0.78,-1,-1,-1
94,13,1213.71,262.72,99.36,265.39,0.84,-1,-1,-1
94,5,821.23,242.85,121.94,345.24,0.75,-1,-1,-1
95,1,73.44,291.81,336.87,682.91,0.89,-1,-1,-1
95,2,752.70,210.09,183.53,482.48,0.94,-1,-1,-1
95,4,1100.11,232.68,145.62,359.69,0.93,-1,-1,-1
95,6,397.84,205.99,262.94,716.68,0.89,-1,-1,-1
95,7,1020.23,245.05,153.33,382.69,0.87,-1,-1,-1
95,8,750.13,257.18,128.88,313.22,0.36,-1,-1,-1
95,9,1174.84,249.94,81.19,255.79,0.88,-1,-1,-1
95,11,954.59,240.44,143.98,332.49,0.93,-1,-1,-1
95,10,542.93,250.47,163.36,492.50,0.80,-1,-1,-1
95,13,1210.14,263.04,101.62,266.59,0.85,-1,-1,-1
95,5,815.34,243.72,123.18,350.99,0.76,-1,-1,-1
96,1,67.08,290.08,343.25,687.02,0.90,-1,-1,-1
96,2,742.82,209.85,189.38,489.09,0.93,-1,-1,-1
96,4,1095.31,234.17,148.38,361.30,0.93,-1,-1,-1
96,6,387.81,207.91,265.68,720.86,0.89,-1,-1,-1
96,7,1017.96,245.96,141.97,385.79,0.90,-1,-1,-1
96,8,742.37,242.64,128.76,333.33,0.32,-1,-1,-1
96,9,1173.00,250.43,80.06,256.83,0.88,-1,-1,-1
96,11,951.61,241.03,142.21,335.08,0.93,-1,-1,-1
96,10,534.41,251.23,183.82,496.04,0.82,-1,-1,-1
96,13,1208.33,264.18,101.31,266.80,0.85,-1,-1,-1
96,5,812.27,245.18,123.38,349.20,0.78,-1,-1,-1
97,1,59.36,288.52,348.37,690.74,0.89,-1,-1,-1
97,2,730.63,208.50,197.21,496.72,0.93,-1,-1,-1
97,4,1089.99,235.06,151.85,363.38,0.92,-1,-1,-1
97,6,374.70,209.21,269.13,731.39,0.86,-1,-1,-1
97,7,1013.59,246.79,159.50,389.07,0.87,-1,-1,-1
97,8,738.04,246.63,124.59,330.01,0.24,-1,-1,-1
97,9,1169.98,252.43,82.05,255.72,0.87,-1,-1,-1
97,11,947.59,242.19,141.51,336.33,0.93,-1,-1,-1
97,10,522.84,253.12,189.05,497.36,0.79,-1,-1,-1
97,13,1205.32,265.98,102.42,267.60,0.86,-1,-1,-1
97,5,808.80,245.94,122.88,362.13,0.82,-1,-1,-1
98,1,51.03,285.34,364.97,698.69,0.88,-1,-1,-1
98,2,724.40,210.15,199.02,499.36,0.93,-1,-1,-1
98,4,1086.90,236.50,151.98,363.81,0.92,-1,-1,-1
98,6,368.57,207.43,266.85,749.85,0.88,-1,-1,-1
98,7,1009.71,246.73,174.78,392.32,0.88,-1,-1,-1
98,8,732.40,246.68,123.63,331.51,0.25,-1,-1,-1
98,9,1165.99,252.36,82.80,257.51,0.88,-1,-1,-1
98,11,943.24,243.45,142.42,337.64,0.93,-1,-1,-1
98,10,515.87,254.97,177.71,497.15,0.78,-1,-1,-1
98,13,1203.10,266.73,102.83,268.59,0.87,-1,-1,-1
98,5,802.60,247.20,124.17,369.10,0.81,-1,-1,-1
98,14,534.15,265.05,184.50,423.90,0.70,-1,-1,-1
99,1,42.06,278.99,365.59,709.57,0.88,-1,-1,-1
99,2,720.74,211.17,197.70,503.72,0.93,-1,-1,-1
99,4,1083.41,237.22,151.89,366.20,0.92,-1,-1,-1
99,6,357.36,207.93,268.63,760.74,0.89,-1,-1,-1
99,7,1005.91,247.90,183.03,395.62,0.90,-1,-1,-1
99,8,728.01,243.37,121.41,336.82,0.18,-1,-1,-1
99,9,1162.72,253.12,83.01,258.94,0.88,-1,-1,-1
99,11,938.70,243.91,143.84,339.91,0.92,-1,-1,-1
99,10,508.71,255.26,182.39,497.57,0.80,-1,-1,-1
99,13,1198.10,267.67,104.10,268.95,0.87,-1,-1,-1
99,5,795.28,248.23,127.21,372.90,0.79,-1,-1,-1
100,1,29.40,274.24,362.00,717.07,0.88,-1,-1,-1
100,2,714.20,211.94,199.30,507.39,0.94,-1,-1,-1
100,4,1080.96,237.24,151.70,369.33,0.92,-1,-1,-1
100,6,343.81,211.45,272.60,768.97,0.88,-1,-1,-1
100,7,1001.07,248.55,182.64,397.42,0.89,-1,-1,-1
100,9,1159.69,255.09,83.01,257.48,0.87,-1,-1,-1
100,11,934.78,244.87,141.86,340.78,0.93,-1,-1,-1
100,10,505.95,256.13,189.83,491.27,0.79,-1,-1,-1
100,13,1197.35,268.80,102.10,269.16,0.86,-1,-1,-1
100,5,790.73,249.08,127.35,377.54,0.81,-1,-1,-1
101,1,16.01,271.83,359.77,720.14,0.88,-1,-1,-1
101,2,706.78,211.12,201.13,512.94,0.94,-1,-1,-1
101,4,1077.85,237.17,151.69,372.14,0.93,-1,-1,-1
101,6,321.35,215.28,285.01,776.22,0.88,-1,-1,-1
101,7,996.41,249.02,189.41,399.71,0.91,-1,-1,-1
101,9,1155.20,255.47,84.24,257.63,0.88,-1,-1,-1
101,11,929.85,245.17,142.35,342.73,0.94,-1,-1,-1
101,10,495.49,256.73,198.56,496.24,0.82,-1,-1,-1
101,13,1199.74,269.30,96.55,269.20,0.88,-1,-1,-1
101,5,784.93,249.34,128.04,380.58,0.83,-1,-1,-1
102,1,2.47,259.13,355.21,756.38,0.87,-1,-1,-1
102,2,700.90,212.12,202.15,514.04,0.94,-1,-1,-1
102,4,1072.53,236.05,152.72,374.49,0.92,-1,-1,-1
102,6,294.79,214.70,300.35,782.82,0.88,-1,-1,-1
102,7,991.14,247.78,191.76,404.24,0.89,-1,-1,-1
102,9,1151.12,254.67,84.59,259.47,0.87,-1,-1,-1
102,11,924.49,245.47,144.78,344.31,0.93,-1,-1,-1
102,10,484.34,254.03,178.43,504.72,0.75,-1,-1,-1
102,13,1197.01,269.47,98.04,270.36,0.88,-1,-1,-1
102,5,778.09,249.87,130.51,387.83,0.79,-1,-1,-1
102,15,500.85,262.35,193.50,437.40,0.75,-1,-1,-1
103,1,-9.93,250.13,338.92,763.60,0.84,-1,-1,-1
103,2,696.17,210.94,201.09,515.49,0.94,-1,-1,-1
103,4,1067.64,235.86,152.95,375.98,0.93,-1,-1,-1
103,6,267.64,213.46,317.80,787.22,0.88,-1,-1,-1
103,7,987.51,246.34,193.53,407.12,0.91,-1,-1,-1
103,9,1147.25,254.90,84.64,259.39,0.88,-1,-1,-1
103,11,920.90,244.89,145.55,344.95,0.92,-1,-1,-1
103,10,467.90,250.10,174.68,517.41,0.67,-1,-1,-1
103,13,1188.14,268.00,105.71,272.96,0.88,-1,-1,-1
103,5,772.27,247.90,131.27,406.77,0.82,-1,-1,-1
103,15,494.40,260.75,190.65,440.08,0.81,-1,-1,-1
104,1,-27.01,248.64,323.31,776.78,0.82,-1,-1,-1
104,2,690.33,210.58,200.01,517.50,0.94,-1,-1,-1
104,4,1063.55,235.64,154.22,377.40,0.93,-1,-1,-1
104,6,238.47,203.66,334.11,819.53,0.88,-1,-1,-1
104,7,983.87,247.12,161.29,407.15,0.88,-1,-1,-1
104,9,1144.17,253.79,83.44,260.97,0.87,-1,-1,-1
104,11,916.37,244.20,144.33,346.36,0.92,-1,-1,-1
104,10,459.64,252.14,180.61,518.91,0.78,-1,-1,-1
104,13,1184.37,267.74,108.52,273.47,0.88,-1,-1,-1
104,5,764.49,246.51,133.30,413.76,0.80,-1,-1,-1
104,15,489.62,258.76,190.09,449.67,0.61,-1,-1,-1
105,1,-41.83,245.66,309.95,782.21,0.81,-1,-1,-1
105,2,683.35,208.60,201.25,519.32,0.94,-1,-1,-1
105,4,1058.66,235.73,155.81,378.61,0.92,-1,-1,-1
105,6,207.44,197.56,353.12,836.31,0.88,-1,-1,-1
105,7,979.11,245.78,181.95,409.88,0.89,-1,-1,-1
105,9,1140.91,254.20,82.91,260.04,0.87,-1,-1,-1
105,11,910.88,243.14,146.49,348.72,0.93,-1,-1,-1
105,10,453.49,252.90,175.62,521.97,0.78,-1,-1,-1
105,13,1180.86,267.46,110.73,273.20,0.88,-1,-1,-1
105,5,757.67,245.96,134.52,413.84,0.81,-1,-1,-1
105,15,474.82,258.84,196.20,453.60,0.68,-1,-1,-1
106,1,-58.15,234.67,294.76,788.13,0.81,-1,-1,-1
106,2,676.76,206.56,203.01,522.08,0.95,-1,-1,-1
106,4,1054.50,234.02,156.49,380.33,0.91,-1,-1,-1
106,6,179.71,195.51,368.71,847.96,0.87,-1,-1,-1
106,7,975.63,244.92,189.65,412.11,0.90,-1,-1,-1
106,9,1136.69,251.94,82.80,262.65,0.87,-1,-1,-1
106,11,906.37,242.13,147.07,349.59,0.93,-1,-1,-1
106,10,447.45,252.64,173.69,526.33,0.80,-1,-1,-1
106,13,1173.56,266.57,117.52,274.04,0.89,-1,-1,-1
106,5,752.24,244.21,135.10,413.14,0.83,-1,-1,-1
106,15,466.95,259.34,197.51,452.32,0.54,-1,-1,-1
107,1,-81.36,224.12,276.73,794.46,0.79,-1,-1,-1
107,2,671.65,203.76,202.91,524.82,0.95,-1,-1,-1
107,4,1052.48,232.11,154.24,382.93,0.91,-1,-1,-1
107,6,155.84,192.67,380.66,853.76,0.87,-1,-1,-1
107,7,970.96,243.79,184.35,413.59,0.88,-1,-1,-1
107,9,1132.81,249.69,82.70,264.87,0.87,-1,-1,-1
107,11,900.99,240.79,146.29,351.57,0.93,-1,-1,-1
107,10,434.39,250.42,176.63,535.95,0.80,-1,-1,-1
107,13,1166.74,264.98,131.60,275.69,0.89,-1,-1,-1
107,5,745.13,241.99,136.98,414.92,0.83,-1,-1,-1
107,15,458.30,256.16,197.87,456.79,0.70,-1,-1,-1
108,1,-108.72,224.02,260.09,800.53,0.72,-1,-1,-1
108,2,665.30,202.17,201.73,529.16,0.95,-1,-1,-1
108,4,1048.28,229.89,154.65,386.92,0.91,-1,-1,-1
108,6,129.01,184.30,395.01,880.67,0.86,-1,-1,-1
108,7,966.33,242.68,184.54,416.62,0.88,-1,-1,-1
108,9,1127.93,248.91,82.71,266.27,0.86,-1,-1,-1
108,11,895.46,239.89,146.04,353.93,0.93,-1,-1,-1
108,10,427.40,250.59,173.01,535.11,0.84,-1,-1,-1
108,13,1164.17,263.96,129.17,277.15,0.89,-1,-1,-1
108,5,739.20,241.34,137.13,418.05,0.85,-1,-1,-1
108,15,451.15,256.19,195.28,459.37,0.59,-1,-1,-1
109,1,-133.93,248.24,244.95,775.14,0.59,-1,-1,-1
109,2,657.36,201.03,202.64,534.24,0.94,-1,-1,-1
109,4,1044.99,227.45,153.74,389.87,0.91,-1,-1,-1
109,6,102.12,179.41,407.95,904.84,0.85,-1,-1,-1
109,7,961.09,241.74,187.10,419.60,0.88,-1,-1,-1
109,9,1122.60,249.38,84.02,265.57,0.86,-1,-1,-1
109,11,890.50,239.19,146.08,355.36,0.93,-1,-1,-1
109,10,413.13,248.48,175.92,538.10,0.84,-1,-1,-1
109,13,1159.84,262.99,129.25,278.09,0.90,-1,-1,-1
109,5,732.03,239.33,137.91,417.02,0.86,-1,-1,-1
109,15,446.75,257.54,192.55,459.49,0.66,-1,-1,-1
110,2,649.34,200.12,205.28,538.72,0.95,-1,-1,-1
110,4,1041.52,227.60,152.14,391.19,0.92,-1,-1,-1
110,6,79.47,178.38,415.73,910.68,0.86,-1,-1,-1
110,7,955.72,241.64,163.05,421.29,0.88,-1,-1,-1
110,9,1118.33,248.30,83.28,267.32,0.86,-1,-1,-1
110,11,884.36,238.28,148.13,357.83,0.92,-1,-1,-1
110,10,399.00,248.07,181.12,541.45,0.86,-1,-1,-1
110,13,1153.58,262.73,130.33,278.79,0.92,-1,-1,-1
110,5,725.15,238.51,138.72,419.63,0.84,-1,-1,-1
110,15,439.32,269.23,191.94,450.77,0.64,-1,-1,-1
111,2,641.66,197.38,206.34,545.80,0.94,-1,-1,-1
111,4,1038.04,226.16,151.60,393.73,0.90,-1,-1,-1
111,6,57.14,169.32,422.80,931.15,0.86,-1,-1,-1
111,7,950.95,241.58,153.33,423.32,0.89,-1,-1,-1
111,9,1112.79,249.54,84.24,266.87,0.86,-1,-1,-1
111,11,878.64,237.47,148.96,360.39,0.93,-1,-1,-1
111,10,383.64,247.46,184.34,550.02,0.85,-1,-1,-1
111,13,1148.50,263.36,129.56,279.17,0.92,-1,-1,-1
111,5,719.11,238.03,137.87,417.76,0.87,-1,-1,-1
111,15,424.41,261.77,195.80,462.00,0.61,-1,-1,-1
111,16,1204.20,271.35,82.80,250.20,0.72,-1,-1,-1
112,2,632.56,196.57,207.91,550.09,0.94,-1,-1,-1
112,4,1033.87,226.59,150.21,395.01,0.89,-1,-1,-1
112,6,34.76,171.05,427.37,946.21,0.84,-1,-1,-1
112,7,945.73,241.26,183.84,426.85,0.90,-1,-1,-1
112,9,1107.25,248.18,84.61,269.58,0.85,-1,-1,-1
112,11,872.22,237.77,151.95,362.05,0.92,-1,-1,-1
112,10,372.54,248.16,184.83,554.47,0.86,-1,-1,-1
112,13,1147.85,264.13,126.82,279.78,0.92,-1,-1,-1
112,5,710.88,238.36,139.93,417.47,0.87,-1,-1,-1
112,15,413.49,262.99,200.09,464.96,0.63,-1,-1,-1
112,16,1198.36,272.66,84.29,251.71,0.74,-1,-1,-1
112,17,1226.70,263.25,72.00,244.80,0.72,-1,-1,-1
113,2,623.00,199.01,209.81,549.03,0.93,-1,-1,-1
113,4,1030.68,227.80,148.60,395.33,0.89,-1,-1,-1
113,6,19.98,169.04,426.38,953.00,0.84,-1,-1,-1
113,7,940.40,241.02,189.48,430.54,0.89,-1,-1,-1
113,9,1102.93,248.19,84.83,270.42,0.87,-1,-1,-1
113,11,865.91,237.95,150.78,364.20,0.94,-1,-1,-1
113,10,363.68,247.06,182.16,562.99,0.85,-1,-1,-1
113,13,1138.84,263.48,131.72,283.37,0.93,-1,-1,-1
113,5,705.77,238.75,137.84,419.59,0.85,-1,-1,-1
113,15,404.91,268.48,198.79,461.48,0.63,-1,-1,-1
113,16,1194.28,276.36,83.26,246.80,0.77,-1,-1,-1
113,17,1222.31,264.49,72.08,238.67,0.80,-1,-1,-1
114,2,613.40,198.90,211.52,554.63,0.94,-1,-1,-1
114,4,1026.12,227.98,149.10,398.77,0.90,-1,-1,-1
114,6,5.88,161.51,422.23,949.05,0.83,-1,-1,-1
114,7,935.12,242.40,192.70,433.15,0.89,-1,-1,-1
114,9,1099.14,250.29,83.64,269.69,0.86,-1,-1,-1
114,11,860.62,239.19,150.48,364.78,0.94,-1,-1,-1
114,10,353.26,247.19,182.00,563.43,0.85,-1,-1,-1
114,13,1133.84,263.81,133.42,284.27,0.92,-1,-1,-1
114,5,697.48,238.90,139.87,422.76,0.88,-1,-1,-1
114,15,392.51,265.87,201.70,467.44,0.68,-1,-1,-1
114,16,1191.27,275.52,79.99,248.24,0.71,-1,-1,-1
114,17,1217.82,264.04,73.47,244.10,0.82,-1,-1,-1
115,2,604.10,196.75,215.63,563.19,0.93,-1,-1,-1
115,4,1020.37,226.20,150.46,400.99,0.89,-1,-1,-1
115,6,-11.45,165.71,422.28,941.16,0.81,-1,-1,-1
115,7,929.16,242.18,198.48,436.02,0.92,-1,-1,-1
115,9,1094.31,248.40,83.15,273.30,0.86,-1,-1,-1
115,11,855.55,239.05,154.79,367.05,0.93,-1,-1,-1
115,10,341.20,248.51,181.40,571.34,0.84,-1,-1,-1
115,13,1133.28,263.94,129.27,285.21,0.92,-1,-1,-1
115,5,690.72,239.51,139.38,424.22,0.88,-1,-1,-1
115,15,379.80,264.63,205.69,476.09,0.63,-1,-1,-1
115,16,1189.96,278.38,76.24,246.90,0.70,-1,-1,-1
115,17,1213.96,264.70,72.50,248.02,0.85,-1,-1,-1
116,2,593.46,197.38,217.99,567.75,0.93,-1,-1,-1
116,4,1016.07,227.15,149.95,402.26,0.91,-1,-1,-1
116,6,-19.03,166.35,411.50,957.45,0.72,-1,-1,-1
116,7,923.38,243.79,185.69,439.99,0.88,-1,-1,-1
116,9,1089.93,249.78,83.03,274.41,0.86,-1,-1,-1
116,11,849.37,239.16,155.40,370.87,0.94,-1,-1,-1
116,10,326.16,248.08,180.27,580.67,0.79,-1,-1,-1
116,13,1125.86,264.51,131.32,287.57,0.93,-1,-1,-1
116,5,684.17,240.27,139.28,430.94,0.88,-1,-1,-1
116,15,355.75,261.20,222.32,492.33,0.61,-1,-1,-1
116,16,1188.75,284.02,73.88,241.21,0.73,-1,-1,-1
116,17,1210.01,264.85,72.19,243.14,0.84,-1,-1,-1
117,2,583.54,196.76,217.29,578.55,0.92,-1,-1,-1
117,4,1009.73,227.53,151.94,404.66,0.90,-1,-1,-1
117,6,1.99,162.66,372.47,974.42,0.75,-1,-1,-1
117,7,917.89,243.85,195.79,442.87,0.90,-1,-1,-1
117,9,1085.25,250.16,84.07,273.52,0.86,-1,-1,-1
117,11,843.57,239.25,155.64,372.47,0.93,-1,-1,-1
117,10,311.86,247.12,187.69,581.13,0.79,-1,-1,-1
117,13,1122.36,264.69,129.47,288.21,0.92,-1,-1,-1
117,5,677.38,238.70,139.61,436.33,0.85,-1,-1,-1
117,15,343.58,263.87,223.55,491.81,0.49,-1,-1,-1
117,16,1179.56,281.50,74.48,246.82,0.70,-1,-1,-1
117,17,1205.93,264.72,73.31,248.26,0.87,-1,-1,-1
117,18,1244.70,260.55,57.60,220.05,0.75,-1,-1,-1
118,2,574.24,192.50,215.14,592.26,0.93,-1,-1,-1
118,4,996.74,226.89,161.05,407.28,0.89,-1,-1,-1
118,6,-0.21,159.66,356.92,987.84,0.78,-1,-1,-1
118,7,913.61,244.67,199.36,443.77,0.93,-1,-1,-1
118,9,1079.45,250.82,85.66,274.86,0.87,-1,-1,-1
118,11,837.15,238.91,158.96,374.67,0.93,-1,-1,-1
118,10,297.83,246.42,187.15,585.48,0.86,-1,-1,-1
118,13,1117.60,264.95,128.69,288.62,0.92,-1,-1,-1
118,5,669.47,238.65,140.91,437.55,0.87,-1,-1,-1
118,15,340.07,272.12,217.65,487.56,0.65,-1,-1,-1
118,16,1177.88,282.29,70.92,245.30,0.67,-1,-1,-1
118,17,1202.13,265.05,72.43,249.10,0.89,-1,-1,-1
118,18,1241.05,260.88,57.61,220.92,0.81,-1,-1,-1
119,2,564.20,192.88,215.94,594.56,0.93,-1,-1,-1
119,4,996.19,226.41,157.30,410.14,0.88,-1,-1,-1
119,6,-20.77,154.01,358.47,1027.37,0.74,-1,-1,-1
119,7,908.12,243.54,202.91,447.14,0.93,-1,-1,-1
119,9,1075.16,249.21,84.99,277.99,0.85,-1,-1,-1
119,11,831.41,238.80,157.73,377.08,0.94,-1,-1,-1
119,10,281.24,246.48,193.34,588.71,0.89,-1,-1,-1
119,13,1116.12,264.70,124.70,289.30,0.93,-1,-1,-1
119,5,661.98,238.75,142.47,439.36,0.88,-1,-1,-1
119,15,332.50,274.96,214.35,489.70,0.78,-1,-1,-1
119,16,1176.38,284.33,68.45,242.80,0.61,-1,-1,-1
119,17,1197.33,265.30,74.58,249.97,0.86,-1,-1,-1
119,18,1237.51,259.85,60.37,223.78,0.82,-1,-1,-1
120,2,554.03,189.16,216.12,602.54,0.93,-1,-1,-1
120,4,993.22,225.84,155.70,412.96,0.87,-1,-1,-1
120,6,-49.70,156.40,368.03,1037.58,0.70,-1,-1,-1
120,7,902.90,242.53,205.57,449.70,0.94,-1,-1,-1
120,9,1071.20,249.04,83.50,277.19,0.85,-1,-1,-1
120,11,825.59,238.36,159.25,378.27,0.94,-1,-1,-1
120,10,266.83,244.50,194.65,601.20,0.86,-1,-1,-1
120,13,1110.78,264.17,125.55,290.80,0.92,-1,-1,-1
120,5,654.44,238.11,144.19,441.46,0.86,-1,-1,-1
120,15,318.95,275.92,218.37,491.85,0.75,-1,-1,-1
120,16,1169.48,280.42,70.25,246.84,0.64,-1,-1,-1
120,17,1191.89,264.46,75.31,253.94,0.87,-1,-1,-1
120,18,1233.75,258.74,62.66,223.94,0.84,-1,-1,-1
121,2,543.47,185.40,218.62,610.86,0.93,-1,-1,-1
121,4,989.15,223.90,155.16,411.92,0.88,-1,-1,-1
121,6,-71.02,154.32,366.95,1041.33,0.71,-1,-1,-1
121,7,897.48,241.79,206.34,454.11,0.93,-1,-1,-1
121,9,1065.70,248.18,84.15,278.67,0.86,-1,-1,-1
121,11,820.09,237.16,161.67,381.38,0.94,-1,-1,-1
121,10,249.32,242.78,201.38,608.51,0.87,-1,-1,-1
121,13,1107.23,264.54,124.73,291.33,0.92,-1,-1,-1
121,5,645.28,236.13,145.42,448.59,0.86,-1,-1,-1
121,15,304.21,272.54,221.13,512.30,0.71,-1,-1,-1
121,16,1157.46,276.85,75.88,253.65,0.60,-1,-1,-1
121,17,1186.65,264.17,78.02,255.73,0.89,-1,-1,-1
121,18,1228.41,258.82,65.99,224.23,0.87,-1,-1,-1
122,2,533.68,184.85,221.27,613.39,0.93,-1,-1,-1
122,4,982.10,220.22,157.30,416.96,0.88,-1,-1,-1
122,6,-72.37,152.75,347.52,1036.80,0.75,-1,-1,-1
122,7,891.34,240.44,208.79,458.07,0.94,-1,-1,-1
122,9,1060.40,246.96,84.39,280.48,0.85,-1,-1,-1
122,11,815.24,236.12,163.08,383.99,0.94,-1,-1,-1
122,10,233.72,241.87,206.19,622.89,0.87,-1,-1,-1
122,13,1102.60,263.29,124.35,292.55,0.93,-1,-1,-1
122,5,636.71,233.73,147.64,454.05,0.87,-1,-1,-1
122,15,291.74,268.63,224.82,525.73,0.74,-1,-1,-1
122,16,1151.50,273.59,76.70,254.49,0.64,-1,-1,-1
122,17,1182.44,264.70,75.41,252.74,0.88,-1,-1,-1
122,18,1224.11,258.14,64.54,223.98,0.88,-1,-1,-1
123,2,522.82,182.27,224.62,616.90,0.94,-1,-1,-1
123,4,975.88,219.92,159.28,418.66,0.89,-1,-1,-1
123,6,-75.45,147.21,328.89,988.69,0.67,-1,-1,-1
123,7,885.19,239.51,208.73,461.42,0.93,-1,-1,-1
123,9,1054.82,246.37,85.69,280.13,0.86,-1,-1,-1
123,11,809.03,234.30,162.68,386.44,0.93,-1,-1,-1
123,10,217.04,238.69,211.80,633.44,0.86,-1,-1,-1
123,13,1093.61,261.81,129.03,293.14,0.92,-1,-1,-1
123,5,627.11,232.30,151.42,457.19,0.87,-1,-1,-1
123,15,281.49,265.97,224.65,532.52,0.78,-1,-1,-1
123,16,1145.03,274.47,77.06,251.24,0.64,-1,-1,-1
123,17,1176.61,264.01,76.81,253.68,0.88,-1,-1,-1
123,18,1218.80,257.81,65.13,223.12,0.90,-1,-1,-1
124,2,511.55,176.80,228.77,627.80,0.93,-1,-1,-1
124,4,969.54,217.87,161.19,418.71,0.88,-1,-1,-1
124,6,-93.23,139.96,319.33,976.96,0.59,-1,-1,-1
124,7,879.77,237.50,211.86,465.04,0.94,-1,-1,-1
124,9,1048.13,244.82,86.16,281.52,0.86,-1,-1,-1
124,11,803.29,233.13,166.65,389.72,0.93,-1,-1,-1
124,10,199.93,237.37,215.30,640.81,0.88,-1,-1,-1
124,13,1090.42,261.66,127.18,293.74,0.92,-1,-1,-1
124,5,618.04,230.67,155.75,461.90,0.88,-1,-1,-1
124,15,272.57,265.26,224.48,535.03,0.83,-1,-1,-1
124,16,1139.25,271.17,78.38,259.26,0.65,-1,-1,-1
124,17,1172.24,262.21,77.29,256.01,0.89,-1,-1,-1
124,18,1212.79,257.08,66.51,222.98,0.91,-1,-1,-1
125,2,500.48,177.23,230.84,627.57,0.93,-1,-1,-1
125,4,961.34,215.92,164.24,422.33,0.87,-1,-1,-1
125,6,-127.51,131.39,325.24,974.90,0.64,-1,-1,-1
125,7,873.42,236.27,214.40,468.06,0.94,-1,-1,-1
125,9,1043.95,245.06,85.11,282.76,0.86,-1,-1,-1
125,11,796.83,231.93,165.40,392.69,0.94,-1,-1,-1
125,10,182.33,232.85,221.13,655.69,0.88,-1,-1,-1
125,13,1086.39,259.34,126.41,295.69,0.92,-1,-1,-1
125,5,612.17,228.64,154.37,466.29,0.88,-1,-1,-1
125,15,256.51,262.02,229.96,552.41,0.83,-1,-1,-1
125,16,1131.82,270.25,80.06,259.33,0.50,-1,-1,-1
125,17,1165.31,262.61,78.64,257.40,0.87,-1,-1,-1
125,18,1208.26,256.29,65.73,223.87,0.91,-1,-1,-1
126,2,488.23,173.43,234.15,635.85,0.93,-1,-1,-1
126,4,957.89,215.12,163.14,421.91,0.87,-1,-1,-1
126,6,-166.36,114.58,338.37,1004.55,0.55,-1,-1,-1
126,7,867.75,234.54,216.62,471.23,0.93,-1,-1,-1
126,9,1037.84,244.13,86.01,282.74,0.85,-1,-1,-1
126,11,790.86,230.47,165.29,394.49,0.94,-1,-1,-1
126,10,163.47,231.54,226.15,659.83,0.88,-1,-1,-1
126,13,1082.12,259.18,126.21,297.13,0.92,-1,-1,-1
126,5,603.90,226.79,156.31,471.72,0.88,-1,-1,-1
126,15,242.55,261.54,234.51,557.98,0.83,-1,-1,-1
126,16,1129.84,274.11,77.22,254.77,0.67,-1,-1,-1
126,17,1160.52,260.98,79.22,259.58,0.89,-1,-1,-1
126,18,1201.94,256.12,67.89,224.35,0.91,-1,-1,-1
127,2,475.92,172.15,238.40,640.93,0.93,-1,-1,-1
127,4,953.80,214.35,162.74,423.47,0.87,-1,-1,-1
127,6,-190.18,118.39,335.04,1037.62,0.47,-1,-1,-1
127,7,861.26,234.97,219.54,475.27,0.93,-1,-1,-1
127,9,1032.75,245.75,86.37,284.66,0.85,-1,-1,-1
127,11,783.92,229.35,167.07,397.53,0.93,-1,-1,-1
127,10,141.68,229.16,232.90,666.81,0.88,-1,-1,-1
127,13,1078.92,260.07,123.77,297.08,0.92,-1,-1,-1
127,5,595.16,225.36,158.24,476.01,0.88,-1,-1,-1
127,15,227.95,260.62,238.42,558.13,0.83,-1,-1,-1
127,16,1124.02,271.16,78.56,259.88,0.67,-1,-1,-1
127,17,1156.58,260.86,80.65,257.79,0.88,-1,-1,-1
127,18,1196.84,255.64,67.49,224.38,0.91,-1,-1,-1
128,2,463.84,171.42,241.32,648.55,0.93,-1,-1,-1
128,4,948.35,215.58,162.68,425.33,0.89,-1,-1,-1
128,6,-182.33,144.12,297.29,959.02,0.42,-1,-1,-1
128,7,855.19,233.59,221.01,480.77,0.94,-1,-1,-1
128,9,1027.54,245.68,86.58,284.66,0.85,-1,-1,-1
128,11,777.38,229.57,166.64,399.64,0.94,-1,-1,-1
128,10,120.93,226.26,238.37,681.61,0.87,-1,-1,-1
128,13,1071.99,259.73,125.35,299.87,0.93,-1,-1,-1
128,5,584.70,225.16,160.83,484.84,0.87,-1,-1,-1
128,15,212.88,260.34,242.58,568.23,0.86,-1,-1,-1
128,16,1115.57,267.91,81.50,267.30,0.64,-1,-1,-1
128,17,1150.64,261.03,80.05,259.07,0.88,-1,-1,-1
128,18,1191.05,255.50,67.33,225.02,0.91,-1,-1,-1
129,2,450.75,170.18,245.43,653.01,0.93,-1,-1,-1
129,4,933.97,215.09,172.26,432.98,0.88,-1,-1,-1
129,7,848.98,232.44,222.15,487.64,0.94,-1,-1,-1
129,9,1020.43,246.94,89.09,287.88,0.85,-1,-1,-1
129,11,770.70,229.93,166.20,401.98,0.93,-1,-1,-1
129,10,98.50,227.05,246.93,689.48,0.87,-1,-1,-1
129,13,1068.43,259.95,123.60,301.50,0.93,-1,-1,-1
129,5,574.80,225.09,162.45,489.70,0.89,-1,-1,-1
129,15,199.37,261.02,245.45,575.41,0.86,-1,-1,-1
129,16,1114.95,275.55,76.76,256.82,0.52,-1,-1,-1
129,17,1146.83,261.12,79.83,258.91,0.89,-1,-1,-1
129,18,1184.91,255.50,68.47,225.52,0.91,-1,-1,-1
130,2,438.04,168.68,248.89,660.26,0.93,-1,-1,-1
130,4,926.33,214.62,174.69,435.13,0.87,-1,-1,-1
130,7,841.46,232.66,223.71,491.17,0.94,-1,-1,-1
130,9,1015.49,245.31,87.69,287.83,0.86,-1,-1,-1
130,11,763.32,229.84,166.92,405.34,0.94,-1,-1,-1
130,10,75.16,228.75,255.29,690.24,0.88,-1,-1,-1
130,13,1063.01,261.10,124.14,301.52,0.93,-1,-1,-1
130,5,565.14,224.59,164.23,494.22,0.89,-1,-1,-1
130,15,187.01,260.98,245.82,579.98,0.86,-1,-1,-1
130,16,1107.12,273.77,78.52,257.36,0.51,-1,-1,-1
130,17,1141.92,261.91,77.35,258.91,0.88,-1,-1,-1
130,18,1179.71,255.79,67.69,226.87,0.91,-1,-1,-1
131,2,424.02,168.25,253.04,666.57,0.92,-1,-1,-1
131,4,920.30,216.69,175.64,439.50,0.87,-1,-1,-1
131,7,833.96,234.77,225.80,497.12,0.93,-1,-1,-1
131,9,1009.91,247.77,88.35,291.74,0.85,-1,-1,-1
131,11,756.45,230.19,167.53,408.74,0.94,-1,-1,-1
131,10,51.04,231.63,262.83,693.69,0.87,-1,-1,-1
131,13,1057.22,261.46,125.61,302.62,0.93,-1,-1,-1
131,5,554.74,226.74,166.12,499.05,0.90,-1,-1,-1
131,15,171.20,260.49,250.40,592.32,0.87,-1,-1,-1
131,16,1101.69,276.18,79.20,256.72,0.55,-1,-1,-1
131,17,1135.73,263.35,81.26,261.76,0.88,-1,-1,-1
131,18,1174.65,256.27,67.38,227.73,0.91,-1,-1,-1
132,2,410.15,170.90,257.33,669.61,0.93,-1,-1,-1
132,4,917.56,215.51,172.26,445.32,0.88,-1,-1,-1
132,7,827.14,236.52,226.36,503.81,0.92,-1,-1,-1
132,9,1003.68,245.88,88.53,291.48,0.85,-1,-1,-1
132,11,749.34,231.57,169.72,410.39,0.94,-1,-1,-1
132,10,26.59,234.15,270.26,698.09,0.88,-1,-1,-1
132,13,1052.05,261.76,124.88,303.69,0.93,-1,-1,-1
132,5,543.85,227.63,168.45,504.97,0.90,-1,-1,-1
132,15,151.48,262.42,256.26,602.44,0.86,-1,-1,-1
132,16,1101.43,280.07,73.42,254.68,0.52,-1,-1,-1
132,17,1131.55,263.28,82.64,259.48,0.89,-1,-1,-1
132,18,1168.49,256.93,67.18,227.57,0.91,-1,-1,-1
133,2,395.18,170.60,260.07,674.67,0.93,-1,-1,-1
133,4,909.67,217.67,174.18,449.64,0.89,-1,-1,-1
133,7,819.40,237.91,225.62,510.04,0.93,-1,-1,-1
133,9,997.75,248.92,88.58,288.41,0.86,-1,-1,-1
133,11,741.45,232.35,169.34,413.05,0.93,-1,-1,-1
133,10,0.49,236.68,280.07,710.77,0.88,-1,-1,-1
133,13,1046.54,262.52,123.40,305.20,0.93,-1,-1,-1
133,5,533.55,230.25,169.86,516.97,0.88,-1,-1,-1
133,15,129.69,263.74,265.51,615.27,0.85,-1,-1,-1
133,16,1093.57,279.96,74.86,258.15,0.44,-1,-1,-1
133,17,1125.30,265.14,80.76,260.61,0.87,-1,-1,-1
133,18,1161.50,257.26,68.28,228.86,0.90,-1,-1,-1
134,2,379.65,169.76,266.03,682.55,0.92,-1,-1,-1
134,4,897.76,217.20,179.83,453.84,0.89,-1,-1,-1
134,7,809.96,238.59,228.41,514.31,0.92,-1,-1,-1
134,9,990.39,249.04,89.72,294.78,0.85,-1,-1,-1
134,11,733.48,232.95,169.66,415.92,0.93,-1,-1,-1
134,10,-24.31,237.56,285.24,716.93,0.86,-1,-1,-1
134,13,1041.10,263.41,122.77,305.63,0.94,-1,-1,-1
134,5,521.28,229.32,172.00,524.91,0.88,-1,-1,-1
134,15,107.81,262.40,273.88,628.59,0.85,-1,-1,-1
134,16,1087.29,278.39,75.33,261.15,0.47,-1,-1,-1
134,17,1118.94,264.64,83.56,260.89,0.89,-1,-1,-1
134,18,1154.27,257.71,68.63,228.96,0.90,-1,-1,-1
135,2,363.05,168.76,271.64,694.24,0.92,-1,-1,-1
135,4,891.19,218.43,179.50,457.72,0.89,-1,-1,-1
135,7,800.78,238.92,229.92,517.10,0.92,-1,-1,-1
135,9,984.34,248.42,88.90,295.64,0.85,-1,-1,-1
135,11,725.46,233.09,172.08,418.98,0.93,-1,-1,-1
135,10,-42.87,238.42,285.44,712.92,0.82,-1,-1,-1
135,13,1032.71,264.01,124.92,306.33,0.93,-1,-1,-1
135,5,508.76,227.37,175.63,540.15,0.88,-1,-1,-1
135,15,93.24,265.07,274.86,623.00,0.85,-1,-1,-1
135,16,1081.61,279.23,75.48,261.97,0.42,-1,-1,-1
135,17,1113.23,265.00,84.55,260.67,0.88,-1,-1,-1
135,18,1148.24,257.53,68.71,229.87,0.90,-1,-1,-1
136,2,345.65,167.68,276.79,703.80,0.91,-1,-1,-1
136,4,887.47,217.77,176.52,457.72,0.88,-1,-1,-1
136,7,790.68,237.91,232.42,521.68,0.91,-1,-1,-1
136,9,976.25,249.03,89.73,298.87,0.85,-1,-1,-1
136,11,717.00,232.90,174.69,421.67,0.94,-1,-1,-1
136,10,-56.92,237.45,280.95,713.31,0.83,-1,-1,-1
136,13,1026.73,263.86,124.47,308.35,0.94,-1,-1,-1
136,5,498.71,226.78,177.46,549.89,0.87,-1,-1,-1
136,15,73.37,265.64,279.97,627.52,0.84,-1,-1,-1
136,16,1074.24,278.90,76.71,261.62,0.44,-1,-1,-1
136,17,1107.05,264.93,82.47,261.63,0.87,-1,-1,-1
136,18,1141.96,257.73,68.68,230.19,0.89,-1,-1,-1
136,19,1233.00,256.27,84.60,272.02,0.79,-1,-1,-1
137,2,329.35,164.80,281.33,715.53,0.91,-1,-1,-1
137,4,879.21,217.81,177.65,463.25,0.89,-1,-1,-1
137,7,782.42,236.42,232.02,526.12,0.92,-1,-1,-1
137,9,969.30,250.40,91.19,293.47,0.87,-1,-1,-1
137,11,709.06,232.01,172.59,425.46,0.93,-1,-1,-1
137,10,-73.64,233.76,278.52,724.74,0.78,-1,-1,-1
137,13,1018.74,263.48,125.46,309.67,0.93,-1,-1,-1
137,5,486.71,225.44,178.58,554.45,0.87,-1,-1,-1
137,15,47.05,265.41,291.26,637.89,0.84,-1,-1,-1
137,16,1069.94,280.81,74.73,261.20,0.45,-1,-1,-1
137,17,1100.78,264.74,86.44,260.26,0.89,-1,-1,-1
137,18,1135.07,257.79,68.61,229.38,0.90,-1,-1,-1
137,19,1226.38,256.75,84.65,277.50,0.81,-1,-1,-1
138,2,310.91,162.05,285.46,735.31,0.92,-1,-1,-1
138,4,870.06,216.19,179.46,465.07,0.89,-1,-1,-1
138,7,772.99,236.88,232.30,529.56,0.92,-1,-1,-1
138,9,962.10,250.63,91.68,291.94,0.85,-1,-1,-1
138,11,700.35,230.54,174.08,429.08,0.93,-1,-1,-1
138,10,-109.62,227.61,293.28,745.97,0.73,-1,-1,-1
138,13,1012.94,262.28,124.57,311.48,0.93,-1,-1,-1
138,5,475.69,223.25,180.63,564.32,0.86,-1,-1,-1
138,15,25.25,263.97,298.21,641.63,0.84,-1,-1,-1
138,16,1060.05,278.46,77.60,264.40,0.42,-1,-1,-1
138,17,1093.81,264.39,87.83,262.15,0.89,-1,-1,-1
138,18,1128.47,257.54,68.54,230.26,0.89,-1,-1,-1
138,19,1218.64,254.88,87.43,276.59,0.81,-1,-1,-1
139,2,292.21,156.95,292.21,749.58,0.91,-1,-1,-1
139,4,864.20,215.32,178.02,466.44,0.89,-1,-1,-1
139,7,765.86,236.07,232.65,531.04,0.91,-1,-1,-1
139,9,954.87,250.63,90.66,291.69,0.86,-1,-1,-1
139,11,691.67,229.08,174.01,432.70,0.94,-1,-1,-1
139,10,-130.19,226.21,299.42,752.19,0.72,-1,-1,-1
139,13,1005.61,261.92,125.45,311.38,0.93,-1,-1,-1
139,5,465.04,222.17,181.34,563.64,0.85,-1,-1,-1
139,15,3.14,260.93,304.99,645.19,0.84,-1,-1,-1
139,16,1056.02,279.94,75.06,261.94,0.52,-1,-1,-1
139,17,1087.83,264.17,88.34,261.07,0.90,-1,-1,-1
139,18,1121.47,257.08,68.50,228.78,0.90,-1,-1,-1
139,19,1211.66,263.32,82.82,250.49,0.84,-1,-1,-1
139,20,1220.40,247.72,104.40,340.88,0.76,-1,-1,-1
140,2,272.80,154.69,298.63,757.67,0.91,-1,-1,-1
140,4,857.54,212.87,178.02,468.29,0.89,-1,-1,-1
140,7,755.74,235.14,236.31,536.14,0.91,-1,-1,-1
140,9,947.64,249.51,91.46,291.99,0.85,-1,-1,-1
140,11,683.05,228.34,175.15,434.38,0.94,-1,-1,-1
140,10,-163.93,224.29,309.88,741.40,0.15,-1,-1,-1
140,13,997.72,260.83,126.97,313.37,0.93,-1,-1,-1
140,5,453.12,219.38,183.31,569.55,0.86,-1,-1,-1
140,15,-22.17,259.28,314.31,657.39,0.84,-1,-1,-1
140,16,1046.35,278.13,77.74,263.58,0.47,-1,-1,-1
140,17,1080.45,263.76,89.69,264.23,0.88,-1,-1,-1
140,18,1114.91,256.85,68.48,229.10,0.89,-1,-1,-1
140,19,1204.41,268.21,81.21,237.52,0.86,-1,-1,-1
140,20,1213.02,243.48,105.86,346.89,0.83,-1,-1,-1
141,2,253.35,151.49,305.00,768.52,0.90,-1,-1,-1
141,4,848.11,212.81,179.84,471.64,0.89,-1,-1,-1
141,7,746.80,232.78,236.51,540.92,0.90,-1,-1,-1
141,9,941.03,248.87,91.76,292.54,0.86,-1,-1,-1
141,11,674.64,226.79,174.40,437.98,0.93,-1,-1,-1
141,13,990.88,259.93,127.58,314.25,0.93,-1,-1,-1
141,5,441.96,218.66,183.45,568.03,0.85,-1,-1,-1
141,15,-40.07,257.86,315.44,655.26,0.85,-1,-1,-1
141,16,1041.28,277.49,76.33,262.88,0.39,-1,-1,-1
141,17,1074.42,263.10,89.01,262.27,0.90,-1,-1,-1
141,18,1108.02,255.99,68.47,228.73,0.90,-1,-1,-1
141,19,1195.93,268.17,83.46,234.34,0.89,-1,-1,-1
141,20,1210.86,241.01,104.75,354.96,0.84,-1,-1,-1
142,2,232.89,149.11,312.23,777.38,0.90,-1,-1,-1
142,4,839.85,210.42,181.44,473.91,0.89,-1,-1,-1
142,7,735.48,230.58,238.36,545.89,0.89,-1,-1,-1
142,9,933.51,248.19,91.90,293.74,0.86,-1,-1,-1
142,11,665.92,224.10,174.12,443.11,0.94,-1,-1,-1
142,13,985.05,258.37,126.62,316.89,0.93,-1,-1,-1
142,5,430.09,216.26,187.53,571.63,0.85,-1,-1,-1
142,15,-55.06,255.22,313.70,655.01,0.83,-1,-1,-1
142,16,1031.90,274.14,78.23,267.46,0.27,-1,-1,-1
142,17,1066.47,261.80,91.12,266.98,0.89,-1,-1,-1
142,18,1100.95,255.34,69.69,230.02,0.89,-1,-1,-1
142,19,1188.31,268.30,84.24,234.74,0.89,-1,-1,-1
142,20,1204.28,239.87,108.64,363.55,0.84,-1,-1,-1
143,2,211.88,143.62,318.60,790.55,0.91,-1,-1,-1
143,4,834.02,209.53,180.90,475.30,0.88,-1,-1,-1
143,7,724.94,229.35,245.69,548.93,0.90,-1,-1,-1
143,9,927.35,246.41,91.99,294.20,0.87,-1,-1,-1
143,11,657.23,223.14,177.69,445.52,0.93,-1,-1,-1
143,13,978.93,258.11,126.31,316.35,0.93,-1,-1,-1
143,5,417.75,214.73,188.07,575.41,0.86,-1,-1,-1
143,15,-68.88,255.27,311.00,654.40,0.83,-1,-1,-1
143,16,1028.06,275.63,77.79,264.58,0.51,-1,-1,-1
143,17,1060.15,261.29,89.57,267.00,0.90,-1,-1,-1
143,18,1093.78,254.19,70.18,230.83,0.89,-1,-1,-1
143,19,1180.33,267.89,84.57,235.24,0.90,-1,-1,-1
143,20,1200.44,238.30,108.55,367.21,0.86,-1,-1,-1
144,2,189.16,138.84,326.65,814.68,0.90,-1,-1,-1
144,4,826.28,208.59,181.93,477.28,0.88,-1,-1,-1
144,7,716.06,226.62,249.07,557.05,0.89,-1,-1,-1
144,9,920.65,246.59,92.05,294.46,0.85,-1,-1,-1
144,11,648.73,222.04,176.68,448.69,0.92,-1,-1,-1
144,13,972.82,257.79,126.23,318.15,0.93,-1,-1,-1
144,5,405.32,212.86,191.27,582.21,0.86,-1,-1,-1
144,15,-90.78,252.92,315.47,675.09,0.80,-1,-1,-1
144,16,1019.83,273.49,78.84,269.87,0.29,-1,-1,-1
144,17,1054.56,260.85,88.96,269.02,0.88,-1,-1,-1
144,18,1087.88,253.49,69.19,231.42,0.89,-1,-1,-1
144,19,1172.93,267.20,84.71,236.79,0.89,-1,-1,-1
144,20,1194.29,236.41,111.10,369.47,0.87,-1,-1,-1
145,2,167.58,134.75,334.61,839.29,0.89,-1,-1,-1
145,4,816.10,208.80,184.37,480.55,0.89,-1,-1,-1
145,7,702.30,226.16,239.55,561.43,0.88,-1,-1,-1
145,9,912.91,246.56,93.27,296.06,0.86,-1,-1,-1
145,11,639.58,221.67,178.64,451.71,0.93,-1,-1,-1
145,13,965.27,257.12,127.40,319.23,0.93,-1,-1,-1
145,5,390.41,212.64,195.39,583.42,0.85,-1,-1,-1
145,15,-101.25,257.94,306.33,647.63,0.70,-1,-1,-1
145,16,1013.27,273.43,78.04,268.30,0.30,-1,-1,-1
145,17,1047.17,259.98,88.71,270.08,0.90,-1,-1,-1
145,18,1080.97,252.97,70.00,231.51,0.89,-1,-1,-1
145,19,1164.85,266.42,85.99,238.86,0.90,-1,-1,-1
145,20,1189.04,235.62,110.67,370.67,0.88,-1,-1,-1
146,2,144.31,135.13,342.44,848.28,0.90,-1,-1,-1
146,4,809.97,208.12,183.22,482.09,0.89,-1,-1,-1
146,7,693.99,225.85,232.73,568.04,0.87,-1,-1,-1
146,9,905.58,246.54,93.75,296.01,0.86,-1,-1,-1
146,11,630.59,220.53,179.40,455.52,0.92,-1,-1,-1
146,13,957.99,256.56,127.86,320.75,0.92,-1,-1,-1
146,5,373.44,211.94,199.91,596.59,0.86,-1,-1,-1
146,15,-134.38,253.50,270.91,651.66,0.13,-1,-1,-1
146,16,1009.98,276.67,75.35,267.34,0.38,-1,-1,-1
146,17,1042.35,259.59,87.42,268.62,0.89,-1,-1,-1
146,18,1074.53,252.44,70.33,233.01,0.90,-1,-1,-1
146,19,1156.79,266.34,86.47,240.37,0.89,-1,-1,-1
146,20,1184.37,235.19,107.96,375.40,0.91,-1,-1,-1
147,2,121.64,135.05,350.98,859.00,0.89,-1,-1,-1
147,4,806.13,207.77,181.10,473.12,0.88,-1,-1,-1
147,7,692.24,224.12,222.31,568.10,0.90,-1,-1,-1
147,9,898.25,246.57,94.60,295.58,0.86,-1,-1,-1
147,11,622.68,221.69,178.02,456.03,0.93,-1,-1,-1
147,13,952.59,256.03,126.52,321.70,0.93,-1,-1,-1
147,5,359.38,209.96,204.04,606.45,0.86,-1,-1,-1
147,16,1000.46,277.85,77.83,264.50,0.54,-1,-1,-1
147,17,1034.59,258.22,87.93,271.03,0.90,-1,-1,-1
147,18,1066.67,251.30,71.48,233.37,0.89,-1,-1,-1
147,19,1148.11,265.86,86.44,240.28,0.90,-1,-1,-1
147,20,1177.95,235.06,107.97,372.93,0.90,-1,-1,-1
148,2,93.95,130.03,361.55,885.76,0.88,-1,-1,-1
148,4,798.51,206.05,182.02,501.34,0.89,-1,-1,-1
148,7,684.77,225.99,220.39,571.38,0.90,-1,-1,-1
148,9,892.58,246.43,94.01,297.40,0.86,-1,-1,-1
148,11,612.99,221.18,176.22,462.94,0.93,-1,-1,-1
148,13,943.61,256.80,130.01,323.01,0.92,-1,-1,-1
148,5,343.37,209.13,207.66,619.04,0.87,-1,-1,-1
148,16,996.71,278.96,76.58,266.11,0.44,-1,-1,-1
148,17,1029.18,258.65,87.18,270.96,0.90,-1,-1,-1
148,18,1061.33,251.82,72.12,233.64,0.90,-1,-1,-1
148,19,1140.36,266.34,87.88,242.31,0.91,-1,-1,-1
148,20,1172.22,235.51,110.75,369.78,0.91,-1,-1,-1
149,2,69.82,125.68,368.90,906.68,0.88,-1,-1,-1
149,4,789.20,205.30,184.16,507.25,0.89,-1,-1,-1
149,7,674.91,227.12,225.78,570.80,0.88,-1,-1,-1
149,9,886.14,245.99,94.04,297.99,0.86,-1,-1,-1
149,11,604.96,220.79,177.36,467.11,0.92,-1,-1,-1
149,13,936.95,257.13,130.89,323.47,0.93,-1,-1,-1
149,5,329.76,209.23,209.43,619.48,0.86,-1,-1,-1
149,16,987.07,276.52,79.45,269.69,0.55,-1,-1,-1
149,17,1021.82,259.04,87.80,273.59,0.90,-1,-1,-1
149,18,1054.53,251.79,72.11,234.28,0.90,-1,-1,-1
149,19,1132.46,265.61,86.93,242.80,0.91,-1,-1,-1
149,20,1164.89,235.23,116.25,370.20,0.91,-1,-1,-1
