0,1,803.25,238.72,154.35,388.58,0.96,-1,-1,-1
0,2,300.82,220.05,123.30,342.00,0.95,-1,-1,-1
0,3,417.82,245.25,105.07,338.40,0.95,-1,-1,-1
0,4,676.35,222.30,157.50,383.85,0.94,-1,-1,-1
0,5,462.15,236.02,153.90,361.57,0.93,-1,-1,-1
0,6,814.50,266.85,54.90,151.20,0.88,-1,-1,-1
0,7,950.40,280.57,30.60,81.00,0.86,-1,-1,-1
0,8,593.10,264.15,55.80,157.50,0.81,-1,-1,-1
0,9,586.35,359.32,45.90,74.70,0.77,-1,-1,-1
1,1,802.91,240.94,156.35,388.95,0.95,-1,-1,-1
1,2,301.24,221.45,127.25,341.96,0.95,-1,-1,-1
1,3,410.09,242.57,107.64,345.19,0.95,-1,-1,-1
1,4,674.39,223.91,160.68,385.98,0.94,-1,-1,-1
1,5,459.51,234.71,156.10,365.84,0.93,-1,-1,-1
1,6,814.55,267.32,54.14,151.66,0.88,-1,-1,-1
1,7,950.51,280.86,32.17,82.60,0.85,-1,-1,-1
1,8,592.27,264.41,56.60,160.70,0.79,-1,-1,-1
1,9,585.13,359.82,46.70,80.98,0.72,-1,-1,-1
2,1,804.60,243.72,155.03,389.11,0.95,-1,-1,-1
2,2,300.95,226.42,128.00,339.30,0.94,-1,-1,-1
2,3,401.69,239.77,111.79,352.53,0.93,-1,-1,-1
2,4,673.97,226.74,161.31,388.37,0.94,-1,-1,-1
2,5,468.43,234.22,145.56,372.44,0.91,-1,-1,-1
2,6,814.92,267.36,54.74,156.05,0.89,-1,-1,-1
2,7,950.65,281.07,32.46,83.28,0.87,-1,-1,-1
2,8,589.54,264.93,58.16,164.85,0.80,-1,-1,-1
2,9,584.76,359.79,46.16,81.47,0.72,-1,-1,-1
3,1,804.80,246.35,154.83,389.40,0.95,-1,-1,-1
3,2,301.37,229.26,127.06,337.19,0.94,-1,-1,-1
3,3,392.80,237.81,118.25,358.96,0.92,-1,-1,-1
3,4,676.70,230.78,157.93,386.94,0.95,-1,-1,-1
3,5,461.94,233.68,150.63,378.64,0.91,-1,-1,-1
3,6,815.03,267.26,54.91,159.04,0.88,-1,-1,-1
3,7,951.27,281.34,32.51,83.42,0.86,-1,-1,-1
3,8,587.47,265.50,59.29,168.73,0.83,-1,-1,-1
3,9,583.44,361.44,45.95,87.53,0.76,-1,-1,-1
4,1,806.39,247.89,153.07,388.88,0.95,-1,-1,-1
4,2,300.57,230.76,125.34,337.07,0.94,-1,-1,-1
4,3,382.02,237.39,126.07,364.18,0.93,-1,-1,-1
4,4,675.20,233.80,159.44,386.78,0.94,-1,-1,-1
4,5,452.51,234.15,159.95,391.21,0.94,-1,-1,-1
4,6,814.29,267.17,55.60,160.52,0.88,-1,-1,-1
4,7,951.32,281.53,32.49,82.41,0.86,-1,-1,-1
4,8,587.47,266.77,58.30,162.67,0.79,-1,-1,-1
5,1,807.63,248.64,150.54,394.31,0.95,-1,-1,-1
5,2,298.78,231.25,122.47,338.35,0.92,-1,-1,-1
5,3,370.81,236.48,134.11,371.42,0.93,-1,-1,-1
5,4,675.38,235.65,158.67,386.18,0.94,-1,-1,-1
5,5,446.80,233.97,160.61,406.21,0.93,-1,-1,-1
5,6,813.15,267.15,56.47,161.60,0.87,-1,-1,-1
5,7,952.08,281.61,32.48,83.05,0.86,-1,-1,-1
5,8,585.32,266.85,58.55,164.31,0.80,-1,-1,-1
6,1,807.30,248.76,147.77,396.63,0.95,-1,-1,-1
6,2,296.89,230.26,123.41,341.28,0.90,-1,-1,-1
6,3,361.47,236.49,134.99,377.66,0.92,-1,-1,-1
6,4,674.15,236.11,159.64,390.84,0.93,-1,-1,-1
6,5,453.40,233.54,158.49,418.22,0.90,-1,-1,-1
6,6,812.69,267.37,56.75,156.49,0.87,-1,-1,-1
6,7,952.21,281.69,32.45,84.49,0.85,-1,-1,-1
6,8,583.41,266.48,59.86,166.66,0.74,-1,-1,-1
7,1,805.61,249.01,147.20,398.40,0.95,-1,-1,-1
7,2,296.05,229.89,123.17,340.77,0.89,-1,-1,-1
7,3,350.73,237.44,137.75,379.47,0.91,-1,-1,-1
7,4,672.50,235.53,160.64,390.39,0.93,-1,-1,-1
7,5,445.24,234.61,168.08,423.60,0.90,-1,-1,-1
7,6,812.27,267.43,56.84,154.23,0.88,-1,-1,-1
7,7,952.93,281.84,32.45,84.39,0.85,-1,-1,-1
7,8,580.01,266.61,61.56,168.74,0.72,-1,-1,-1
8,1,802.13,247.00,148.59,399.93,0.94,-1,-1,-1
8,2,300.52,230.40,119.37,322.46,0.86,-1,-1,-1
8,3,325.19,237.37,160.14,396.27,0.88,-1,-1,-1
8,4,668.20,234.25,161.58,390.68,0.92,-1,-1,-1
8,5,426.56,233.49,190.55,434.98,0.90,-1,-1,-1
8,6,813.30,267.69,54.40,150.58,0.87,-1,-1,-1
8,7,953.08,281.67,32.43,85.23,0.85,-1,-1,-1
8,8,580.33,266.73,61.55,170.63,0.66,-1,-1,-1
9,1,800.58,246.78,149.42,392.72,0.94,-1,-1,-1
9,2,308.38,230.29,113.03,304.27,0.83,-1,-1,-1
9,3,313.42,238.05,162.71,405.10,0.91,-1,-1,-1
9,4,665.17,232.16,161.90,379.67,0.93,-1,-1,-1
9,5,411.84,233.62,197.07,445.72,0.92,-1,-1,-1
9,6,814.04,267.90,52.84,148.29,0.88,-1,-1,-1
9,7,953.71,281.24,32.42,85.81,0.85,-1,-1,-1
9,8,583.03,267.93,56.66,160.97,0.73,-1,-1,-1
10,1,798.21,242.38,152.22,386.00,0.94,-1,-1,-1
10,2,310.25,226.93,110.51,310.12,0.51,-1,-1,-1
10,3,303.63,233.30,165.10,418.29,0.91,-1,-1,-1
10,4,665.00,229.55,156.58,379.49,0.92,-1,-1,-1
10,5,397.63,231.61,204.13,456.57,0.90,-1,-1,-1
10,6,813.08,267.96,53.53,147.80,0.86,-1,-1,-1
10,7,953.94,280.45,32.42,86.61,0.85,-1,-1,-1
10,8,582.30,267.15,57.88,158.43,0.74,-1,-1,-1
11,1,793.73,239.27,156.26,383.19,0.93,-1,-1,-1
11,2,310.72,223.80,109.99,322.12,0.64,-1,-1,-1
11,3,291.25,229.10,168.94,432.81,0.90,-1,-1,-1
11,4,657.35,225.60,161.89,379.41,0.93,-1,-1,-1
11,5,383.74,226.90,216.07,471.38,0.90,-1,-1,-1
11,6,812.41,268.32,50.14,140.63,0.80,-1,-1,-1
11,7,954.58,279.89,32.41,86.89,0.85,-1,-1,-1
11,8,579.35,265.82,60.10,162.12,0.71,-1,-1,-1
12,1,787.25,237.14,161.41,381.94,0.94,-1,-1,-1
12,3,278.12,221.38,172.05,452.68,0.90,-1,-1,-1
12,4,654.45,222.02,162.67,379.64,0.91,-1,-1,-1
12,5,368.87,221.25,230.42,482.94,0.92,-1,-1,-1
12,6,812.43,267.77,48.88,140.62,0.78,-1,-1,-1
12,7,955.47,279.51,31.21,85.56,0.86,-1,-1,-1
12,8,579.20,265.51,57.38,161.23,0.77,-1,-1,-1
13,1,785.84,235.72,159.48,382.63,0.93,-1,-1,-1
13,3,263.90,218.73,179.41,462.90,0.89,-1,-1,-1
13,4,660.18,220.07,154.54,379.66,0.92,-1,-1,-1
13,5,355.16,214.41,243.30,495.12,0.93,-1,-1,-1
13,6,810.39,267.53,51.55,144.88,0.80,-1,-1,-1
13,7,955.85,279.33,31.97,85.01,0.85,-1,-1,-1
13,8,579.10,265.36,56.29,159.63,0.73,-1,-1,-1
14,1,782.39,235.10,164.66,381.85,0.93,-1,-1,-1
14,3,250.08,219.17,187.89,467.79,0.89,-1,-1,-1
14,4,661.31,219.28,150.20,379.53,0.91,-1,-1,-1
14,5,346.81,209.40,246.68,506.29,0.92,-1,-1,-1
14,6,809.36,267.29,50.11,143.43,0.79,-1,-1,-1
14,7,955.92,278.79,32.25,85.36,0.86,-1,-1,-1
14,8,579.17,264.30,55.29,158.36,0.76,-1,-1,-1
15,1,780.62,235.29,168.90,384.30,0.93,-1,-1,-1
15,3,235.89,213.95,188.75,478.38,0.92,-1,-1,-1
15,4,660.90,219.56,149.25,381.75,0.91,-1,-1,-1
15,5,329.07,202.80,255.87,520.30,0.93,-1,-1,-1
15,6,808.43,266.84,50.17,145.03,0.78,-1,-1,-1
15,7,955.97,278.85,32.35,85.19,0.87,-1,-1,-1
15,8,578.07,263.24,54.92,155.79,0.66,-1,-1,-1
15,2,313.51,214.23,103.17,330.37,0.83,-1,-1,-1
16,1,780.15,236.02,171.52,387.16,0.93,-1,-1,-1
16,3,220.59,208.17,187.04,491.76,0.93,-1,-1,-1
16,4,657.78,220.38,152.11,383.23,0.89,-1,-1,-1
16,5,311.09,199.40,260.10,530.37,0.92,-1,-1,-1
16,6,807.98,266.88,49.64,145.80,0.82,-1,-1,-1
16,7,956.60,278.97,32.42,84.61,0.87,-1,-1,-1
16,8,576.12,262.29,56.05,159.86,0.67,-1,-1,-1
16,2,309.95,215.72,102.04,330.21,0.83,-1,-1,-1
17,1,778.45,238.46,175.83,387.56,0.94,-1,-1,-1
17,3,207.15,204.03,180.27,501.09,0.91,-1,-1,-1
17,4,647.65,221.63,160.23,387.05,0.94,-1,-1,-1
17,5,294.58,200.00,250.82,524.63,0.91,-1,-1,-1
17,6,807.68,266.62,49.41,146.25,0.82,-1,-1,-1
17,7,956.81,279.17,32.41,84.60,0.87,-1,-1,-1
17,8,574.30,261.38,56.42,164.19,0.70,-1,-1,-1
17,2,306.17,217.22,105.86,333.70,0.82,-1,-1,-1
18,1,780.47,241.08,174.94,386.63,0.94,-1,-1,-1
18,3,191.84,201.25,179.07,510.96,0.93,-1,-1,-1
18,4,647.03,224.52,159.87,388.76,0.93,-1,-1,-1
18,5,278.45,196.28,242.83,535.21,0.91,-1,-1,-1
18,6,807.28,266.74,48.77,149.23,0.84,-1,-1,-1
18,7,957.57,279.47,32.43,83.75,0.87,-1,-1,-1
18,8,572.30,260.53,58.41,167.12,0.66,-1,-1,-1
18,2,303.88,218.03,104.94,335.05,0.57,-1,-1,-1
18,10,770.40,274.05,47.70,135.90,0.71,-1,-1,-1
19,1,779.78,243.72,177.84,388.34,0.94,-1,-1,-1
19,3,176.04,201.74,197.80,518.67,0.91,-1,-1,-1
19,4,644.11,227.86,162.76,389.96,0.93,-1,-1,-1
19,5,310.29,195.17,189.08,543.02,0.89,-1,-1,-1
19,6,807.40,266.34,51.61,148.31,0.82,-1,-1,-1
19,7,957.83,279.42,33.65,85.26,0.87,-1,-1,-1
19,8,571.13,260.08,57.41,167.69,0.74,-1,-1,-1
19,2,308.22,218.97,106.45,339.76,0.75,-1,-1,-1
20,1,776.23,245.56,184.60,388.39,0.94,-1,-1,-1
20,3,161.68,198.01,187.48,529.59,0.92,-1,-1,-1
20,4,643.38,230.34,163.67,390.32,0.94,-1,-1,-1
20,5,302.32,193.66,180.36,544.63,0.85,-1,-1,-1
20,6,807.91,265.97,50.82,147.85,0.81,-1,-1,-1
20,7,958.56,279.35,32.89,84.87,0.86,-1,-1,-1
20,8,569.30,259.85,58.15,172.21,0.73,-1,-1,-1
20,2,309.53,214.78,107.79,347.81,0.42,-1,-1,-1
21,1,777.24,246.82,187.72,390.45,0.94,-1,-1,-1
21,3,146.04,197.73,181.90,542.30,0.89,-1,-1,-1
21,4,644.96,232.90,162.22,387.85,0.93,-1,-1,-1
21,5,264.73,195.65,205.72,555.91,0.87,-1,-1,-1
21,6,807.82,265.53,52.32,148.55,0.83,-1,-1,-1
21,7,958.79,279.46,32.59,84.70,0.86,-1,-1,-1
21,8,566.00,258.03,60.21,178.57,0.77,-1,-1,-1
21,11,769.50,275.40,45.90,126.00,0.79,-1,-1,-1
22,1,780.53,247.66,184.22,394.09,0.94,-1,-1,-1
22,3,126.27,197.73,183.76,558.78,0.90,-1,-1,-1
22,4,646.69,233.18,161.09,386.92,0.93,-1,-1,-1
22,5,252.41,196.00,206.64,569.50,0.88,-1,-1,-1
22,6,807.71,265.04,53.47,150.37,0.83,-1,-1,-1
22,7,958.84,279.48,32.48,84.67,0.86,-1,-1,-1
22,8,562.55,256.99,62.17,180.46,0.78,-1,-1,-1
22,11,769.52,276.34,45.93,123.25,0.80,-1,-1,-1
22,12,531.45,378.22,55.80,81.45,0.75,-1,-1,-1
23,1,785.54,246.81,180.94,397.82,0.94,-1,-1,-1
23,3,86.41,199.40,209.40,568.01,0.89,-1,-1,-1
23,4,649.08,232.30,160.66,389.70,0.93,-1,-1,-1
23,5,201.47,194.43,248.31,576.88,0.88,-1,-1,-1
23,6,808.36,264.72,52.15,149.16,0.86,-1,-1,-1
23,7,959.43,279.90,32.45,84.60,0.85,-1,-1,-1
23,8,560.07,254.79,64.10,183.05,0.72,-1,-1,-1
23,11,770.65,276.36,44.55,125.82,0.81,-1,-1,-1
23,12,529.24,375.28,56.56,93.02,0.85,-1,-1,-1
24,1,792.49,245.17,174.50,399.75,0.94,-1,-1,-1
24,3,50.95,198.10,232.09,587.30,0.89,-1,-1,-1
24,4,651.79,230.19,159.83,392.33,0.93,-1,-1,-1
24,5,173.35,190.07,267.00,605.83,0.85,-1,-1,-1
24,6,807.36,263.77,52.21,151.36,0.88,-1,-1,-1
24,7,959.56,279.83,33.61,83.96,0.84,-1,-1,-1
24,8,558.56,253.55,64.22,181.61,0.76,-1,-1,-1
24,11,769.87,276.27,45.49,129.40,0.80,-1,-1,-1
24,12,526.72,375.33,57.39,96.50,0.82,-1,-1,-1
25,1,792.69,242.47,172.06,398.32,0.94,-1,-1,-1
25,3,20.76,197.05,253.61,598.87,0.87,-1,-1,-1
25,4,653.72,228.30,160.16,392.30,0.94,-1,-1,-1
25,5,135.59,186.68,296.00,626.28,0.85,-1,-1,-1
25,6,807.29,262.99,52.25,151.28,0.88,-1,-1,-1
25,7,959.58,279.19,34.06,83.72,0.83,-1,-1,-1
25,8,555.68,253.02,66.02,184.82,0.78,-1,-1,-1
25,11,769.95,276.25,45.81,128.79,0.81,-1,-1,-1
25,12,523.49,374.01,59.05,94.05,0.82,-1,-1,-1
26,1,797.27,240.85,167.86,392.15,0.95,-1,-1,-1
26,3,-8.17,196.11,271.31,614.71,0.86,-1,-1,-1
26,4,655.93,224.44,161.49,390.11,0.94,-1,-1,-1
26,5,98.93,178.03,329.57,649.24,0.88,-1,-1,-1
26,6,806.98,262.42,53.46,150.67,0.87,-1,-1,-1
26,7,960.20,277.92,34.23,84.84,0.84,-1,-1,-1
26,8,554.61,253.14,66.12,181.60,0.81,-1,-1,-1
26,11,768.35,274.94,47.88,134.97,0.75,-1,-1,-1
26,12,521.18,372.88,58.90,93.76,0.86,-1,-1,-1
27,1,798.95,238.62,165.66,387.85,0.94,-1,-1,-1
27,3,-28.91,193.33,277.16,621.20,0.87,-1,-1,-1
27,4,657.37,221.36,163.15,386.42,0.94,-1,-1,-1
27,5,65.32,164.32,354.12,681.49,0.84,-1,-1,-1
27,6,805.99,261.95,53.31,152.22,0.85,-1,-1,-1
27,7,961.61,276.45,34.28,86.45,0.83,-1,-1,-1
27,8,553.39,252.79,66.11,182.06,0.81,-1,-1,-1
27,11,769.06,273.58,47.95,139.82,0.59,-1,-1,-1
27,12,517.94,373.49,60.09,91.07,0.85,-1,-1,-1
28,1,801.32,236.17,159.43,382.31,0.94,-1,-1,-1
28,3,-48.38,185.10,264.75,639.95,0.84,-1,-1,-1
28,4,658.13,218.43,163.79,383.65,0.94,-1,-1,-1
28,5,27.57,148.66,378.49,724.94,0.86,-1,-1,-1
28,6,807.07,261.37,51.46,151.65,0.87,-1,-1,-1
28,7,962.14,276.68,34.30,85.01,0.83,-1,-1,-1
28,8,551.12,251.51,67.27,184.63,0.80,-1,-1,-1
28,11,772.71,274.94,45.47,138.20,0.14,-1,-1,-1
28,12,514.31,374.72,59.85,91.76,0.83,-1,-1,-1
28,2,318.46,254.30,103.82,290.39,0.84,-1,-1,-1
29,1,799.13,232.27,157.76,384.18,0.95,-1,-1,-1
29,3,-78.92,177.80,259.85,661.21,0.83,-1,-1,-1
29,4,659.64,215.58,164.02,384.72,0.94,-1,-1,-1
29,5,-13.88,131.08,366.86,773.98,0.84,-1,-1,-1
29,6,807.85,260.87,49.55,152.32,0.86,-1,-1,-1
29,7,962.37,276.19,34.30,84.75,0.82,-1,-1,-1
29,8,549.76,251.79,67.11,179.95,0.77,-1,-1,-1
29,11,779.77,277.93,41.38,131.90,0.19,-1,-1,-1
29,12,511.62,373.60,59.73,97.95,0.82,-1,-1,-1
29,2,312.95,225.39,110.27,316.81,0.90,-1,-1,-1
30,1,799.48,231.10,155.99,386.64,0.94,-1,-1,-1
30,3,-98.77,167.53,233.91,682.01,0.82,-1,-1,-1
30,4,660.44,213.59,164.69,385.98,0.94,-1,-1,-1
30,5,-29.80,116.30,345.00,826.43,0.85,-1,-1,-1
30,6,807.80,260.81,50.66,152.30,0.84,-1,-1,-1
30,7,963.03,276.15,34.30,83.17,0.86,-1,-1,-1
30,8,546.86,252.33,68.20,178.13,0.78,-1,-1,-1
30,12,508.21,373.90,59.66,97.78,0.85,-1,-1,-1
30,2,309.11,216.91,113.42,325.56,0.92,-1,-1,-1
31,1,801.14,230.53,154.43,388.96,0.94,-1,-1,-1
31,3,-131.46,162.27,232.03,719.87,0.71,-1,-1,-1
31,4,660.77,212.61,166.66,387.61,0.94,-1,-1,-1
31,5,-50.15,109.50,336.54,847.31,0.85,-1,-1,-1
31,6,807.83,260.33,51.65,153.18,0.84,-1,-1,-1
31,7,963.90,275.54,34.28,84.09,0.86,-1,-1,-1
31,8,544.08,251.14,69.74,181.63,0.80,-1,-1,-1
31,12,505.28,373.94,60.83,96.76,0.85,-1,-1,-1
31,2,306.06,213.13,114.86,330.31,0.94,-1,-1,-1
32,1,799.89,231.08,157.61,392.30,0.94,-1,-1,-1
32,3,-173.80,157.93,236.90,729.85,0.22,-1,-1,-1
32,4,660.84,213.32,169.23,390.39,0.94,-1,-1,-1
32,5,-72.36,99.20,335.92,878.48,0.84,-1,-1,-1
32,6,808.13,260.45,52.04,152.65,0.83,-1,-1,-1
32,7,964.83,275.45,34.28,85.94,0.87,-1,-1,-1
32,8,540.96,250.72,70.93,179.10,0.80,-1,-1,-1
32,12,502.14,374.44,61.26,99.99,0.85,-1,-1,-1
32,2,305.06,212.22,115.15,333.06,0.95,-1,-1,-1
33,1,801.14,233.11,158.72,393.41,0.94,-1,-1,-1
33,4,660.54,214.31,172.44,393.30,0.94,-1,-1,-1
33,5,-72.26,93.54,317.30,907.55,0.85,-1,-1,-1
33,6,809.37,260.65,50.97,153.57,0.84,-1,-1,-1
33,7,965.02,274.54,34.25,87.50,0.87,-1,-1,-1
33,8,540.16,249.95,71.31,182.23,0.82,-1,-1,-1
33,12,498.72,376.91,60.17,98.76,0.86,-1,-1,-1
33,2,304.55,211.84,116.62,335.20,0.95,-1,-1,-1
34,1,801.57,234.68,160.33,397.19,0.95,-1,-1,-1
34,4,660.13,217.34,174.18,395.29,0.95,-1,-1,-1
34,5,-95.24,81.25,335.18,958.22,0.82,-1,-1,-1
34,6,808.92,261.05,52.35,153.88,0.85,-1,-1,-1
34,7,965.63,274.08,34.23,88.66,0.87,-1,-1,-1
34,8,537.31,248.66,72.59,191.36,0.80,-1,-1,-1
34,12,494.28,378.00,63.35,108.29,0.84,-1,-1,-1
34,2,305.48,212.74,118.01,337.32,0.95,-1,-1,-1
35,1,802.58,237.44,160.08,399.15,0.94,-1,-1,-1
35,4,659.90,220.28,175.42,395.75,0.94,-1,-1,-1
35,5,-130.87,69.88,372.64,1003.69,0.80,-1,-1,-1
35,6,808.73,260.69,52.27,157.01,0.87,-1,-1,-1
35,7,966.45,274.00,34.23,88.23,0.87,-1,-1,-1
35,8,533.56,247.95,74.82,197.75,0.81,-1,-1,-1
35,12,489.95,380.07,63.93,105.73,0.84,-1,-1,-1
35,2,305.57,215.64,121.18,336.75,0.94,-1,-1,-1
35,11,769.95,270.60,49.10,140.56,0.83,-1,-1,-1
36,1,804.41,239.73,157.28,397.11,0.95,-1,-1,-1
36,4,658.62,223.55,177.61,395.22,0.94,-1,-1,-1
36,5,-156.56,85.83,403.25,1008.11,0.77,-1,-1,-1
36,6,808.33,260.91,52.82,158.43,0.88,-1,-1,-1
36,7,966.69,273.73,34.22,89.22,0.87,-1,-1,-1
36,8,529.29,246.16,76.81,205.69,0.83,-1,-1,-1
36,12,485.50,381.65,65.30,113.03,0.85,-1,-1,-1
36,2,305.97,215.67,125.28,338.49,0.94,-1,-1,-1
36,11,769.64,269.38,49.68,143.85,0.87,-1,-1,-1
37,1,804.82,241.77,157.17,397.35,0.95,-1,-1,-1
37,4,657.53,226.75,179.01,394.05,0.95,-1,-1,-1
37,5,-188.62,101.95,436.66,1013.99,0.76,-1,-1,-1
37,6,808.84,260.68,52.44,160.51,0.89,-1,-1,-1
37,7,966.87,273.49,34.21,89.02,0.87,-1,-1,-1
37,8,525.32,244.55,78.14,211.41,0.83,-1,-1,-1
37,12,480.59,382.80,65.22,124.15,0.89,-1,-1,-1
37,2,306.73,216.21,124.78,339.26,0.94,-1,-1,-1
37,11,769.30,269.40,49.87,145.33,0.86,-1,-1,-1
38,1,804.57,242.17,156.83,401.78,0.95,-1,-1,-1
38,4,656.19,227.97,180.06,393.09,0.94,-1,-1,-1
38,5,-213.64,126.76,451.40,973.62,0.43,-1,-1,-1
38,6,808.95,260.09,52.28,160.93,0.90,-1,-1,-1
38,7,967.39,273.19,34.21,89.50,0.87,-1,-1,-1
38,8,520.94,244.34,79.77,211.44,0.83,-1,-1,-1
38,12,476.80,384.43,66.33,112.68,0.85,-1,-1,-1
38,2,306.81,217.17,123.02,338.06,0.94,-1,-1,-1
38,11,768.82,269.51,49.90,145.22,0.86,-1,-1,-1
39,1,803.20,241.27,157.90,402.63,0.95,-1,-1,-1
39,4,654.82,227.32,177.42,393.50,0.95,-1,-1,-1
39,5,-244.16,140.36,467.60,1002.14,0.39,-1,-1,-1
39,6,809.25,259.28,51.61,157.71,0.90,-1,-1,-1
39,7,967.46,272.18,34.20,90.22,0.87,-1,-1,-1
39,8,518.55,242.42,80.35,220.63,0.83,-1,-1,-1
39,12,471.47,384.89,67.31,111.39,0.86,-1,-1,-1
39,2,306.88,217.35,119.60,338.45,0.94,-1,-1,-1
39,11,769.53,268.97,49.29,145.35,0.86,-1,-1,-1
40,1,800.62,239.44,159.84,401.41,0.95,-1,-1,-1
40,4,653.74,226.32,174.59,395.27,0.94,-1,-1,-1
40,6,809.10,257.81,51.37,156.75,0.90,-1,-1,-1
40,7,967.51,271.66,35.39,90.77,0.87,-1,-1,-1
40,8,515.14,239.13,81.71,239.39,0.84,-1,-1,-1
40,12,466.67,385.21,67.07,111.33,0.86,-1,-1,-1
40,2,307.40,216.73,116.49,338.69,0.94,-1,-1,-1
40,11,769.27,268.94,49.63,144.17,0.85,-1,-1,-1
41,1,796.69,237.94,163.01,395.73,0.94,-1,-1,-1
41,4,652.47,224.09,174.14,393.57,0.94,-1,-1,-1
41,6,809.07,256.31,51.90,156.99,0.90,-1,-1,-1
41,7,967.56,270.82,35.85,90.98,0.87,-1,-1,-1
41,8,516.84,237.53,77.54,232.95,0.83,-1,-1,-1
41,12,462.03,384.98,68.15,112.76,0.85,-1,-1,-1
41,2,306.51,216.34,115.05,338.63,0.94,-1,-1,-1
41,11,768.63,268.45,50.34,145.78,0.85,-1,-1,-1
42,1,791.61,234.77,165.98,395.06,0.95,-1,-1,-1
42,4,650.72,220.76,171.57,392.47,0.94,-1,-1,-1
42,6,809.02,255.42,52.09,157.42,0.90,-1,-1,-1
42,7,968.17,269.90,36.01,91.07,0.87,-1,-1,-1
42,8,512.74,234.53,79.44,247.40,0.82,-1,-1,-1
42,12,456.69,384.22,68.55,117.45,0.87,-1,-1,-1
42,2,307.80,215.62,111.49,327.82,0.93,-1,-1,-1
42,11,767.75,267.49,50.59,147.30,0.85,-1,-1,-1
43,1,787.26,231.87,169.51,390.68,0.94,-1,-1,-1
43,4,647.90,217.34,170.63,388.37,0.94,-1,-1,-1
43,6,809.24,255.04,50.40,155.82,0.90,-1,-1,-1
43,7,968.36,269.35,36.08,91.70,0.87,-1,-1,-1
43,8,509.41,233.48,79.55,253.10,0.86,-1,-1,-1
43,12,450.55,384.03,69.87,133.82,0.87,-1,-1,-1
43,2,304.81,211.55,113.85,331.87,0.94,-1,-1,-1
43,11,767.67,266.77,50.09,145.80,0.87,-1,-1,-1
44,1,782.50,228.74,173.41,387.33,0.95,-1,-1,-1
44,4,646.15,213.80,168.40,384.15,0.94,-1,-1,-1
44,6,809.42,254.51,50.33,155.72,0.90,-1,-1,-1
44,7,969.02,268.59,36.08,91.59,0.86,-1,-1,-1
44,8,507.29,232.01,78.93,253.60,0.86,-1,-1,-1
44,12,445.09,383.77,70.90,139.25,0.88,-1,-1,-1
44,2,305.10,209.91,114.36,325.66,0.94,-1,-1,-1
44,11,767.77,266.84,49.25,142.42,0.84,-1,-1,-1
44,13,473.40,323.55,78.30,134.55,0.72,-1,-1,-1
45,1,781.34,225.73,177.26,387.58,0.94,-1,-1,-1
45,4,644.02,210.70,167.01,382.18,0.95,-1,-1,-1
45,6,808.92,254.57,50.92,155.43,0.89,-1,-1,-1
45,7,968.75,268.42,37.27,91.85,0.87,-1,-1,-1
45,8,502.98,231.15,81.07,255.27,0.85,-1,-1,-1
45,12,438.97,384.35,71.88,142.26,0.88,-1,-1,-1
45,2,307.81,208.56,111.90,324.25,0.94,-1,-1,-1
45,11,767.86,266.69,50.12,140.56,0.85,-1,-1,-1
45,13,472.09,325.17,74.02,133.58,0.68,-1,-1,-1
46,1,777.98,223.87,182.83,388.95,0.94,-1,-1,-1
46,4,642.89,209.01,165.33,378.61,0.95,-1,-1,-1
46,6,808.99,254.07,50.55,155.07,0.88,-1,-1,-1
46,7,969.24,267.86,36.54,92.57,0.87,-1,-1,-1
46,8,499.83,229.64,82.44,260.30,0.85,-1,-1,-1
46,12,432.51,385.35,72.83,148.14,0.90,-1,-1,-1
46,2,311.55,205.92,109.16,327.23,0.94,-1,-1,-1
46,11,767.86,266.25,49.85,140.80,0.87,-1,-1,-1
46,13,467.12,324.30,71.78,115.00,0.68,-1,-1,-1
47,1,775.59,223.80,189.62,390.48,0.94,-1,-1,-1
47,4,640.41,208.13,165.94,384.32,0.95,-1,-1,-1
47,6,809.05,253.97,49.82,156.44,0.89,-1,-1,-1
47,7,970.04,267.73,36.25,91.64,0.87,-1,-1,-1
47,8,496.37,230.27,83.55,263.36,0.85,-1,-1,-1
47,12,426.52,386.41,73.62,134.59,0.90,-1,-1,-1
47,2,311.72,204.91,110.31,328.23,0.94,-1,-1,-1
47,11,768.49,265.71,49.14,140.01,0.86,-1,-1,-1
47,13,461.77,324.98,73.93,105.13,0.64,-1,-1,-1
48,1,774.76,224.85,193.86,393.55,0.95,-1,-1,-1
48,4,639.03,208.49,166.13,387.82,0.95,-1,-1,-1
48,6,808.79,254.44,50.14,156.59,0.90,-1,-1,-1
48,7,970.29,267.73,37.31,90.03,0.86,-1,-1,-1
48,8,494.42,231.20,82.14,263.71,0.84,-1,-1,-1
48,12,419.58,387.98,75.04,147.06,0.88,-1,-1,-1
48,2,307.47,204.43,117.31,329.89,0.94,-1,-1,-1
48,11,768.49,265.11,48.84,141.15,0.87,-1,-1,-1
48,13,455.38,326.80,75.93,122.07,0.70,-1,-1,-1
49,1,773.88,226.92,198.52,394.06,0.95,-1,-1,-1
49,4,637.52,210.45,167.56,390.43,0.95,-1,-1,-1
49,6,808.39,255.62,50.31,156.17,0.89,-1,-1,-1
49,7,971.69,267.84,36.56,89.50,0.86,-1,-1,-1
49,8,492.05,232.72,81.64,266.68,0.87,-1,-1,-1
49,12,411.91,390.22,76.06,143.30,0.86,-1,-1,-1
49,2,301.07,204.07,126.44,332.87,0.95,-1,-1,-1
49,11,768.46,264.56,49.36,144.68,0.87,-1,-1,-1
49,13,451.25,327.31,75.34,115.30,0.65,-1,-1,-1
50,1,775.18,229.18,200.40,395.58,0.95,-1,-1,-1
50,4,636.57,212.67,168.60,392.16,0.95,-1,-1,-1
50,6,807.73,256.03,51.54,155.64,0.90,-1,-1,-1
50,7,972.22,267.71,37.43,90.76,0.87,-1,-1,-1
50,8,489.11,232.83,82.55,273.60,0.87,-1,-1,-1
50,12,404.41,392.84,77.85,150.48,0.87,-1,-1,-1
50,2,295.03,203.82,133.91,336.32,0.95,-1,-1,-1
50,11,767.96,264.31,49.51,146.83,0.87,-1,-1,-1
50,13,442.48,328.75,80.62,125.93,0.68,-1,-1,-1
51,1,773.96,232.63,205.09,394.69,0.95,-1,-1,-1
51,4,636.31,215.17,170.16,394.40,0.94,-1,-1,-1
51,6,807.45,256.20,52.00,154.14,0.90,-1,-1,-1
51,7,972.27,267.35,37.74,91.17,0.87,-1,-1,-1
51,8,486.46,233.11,83.48,280.05,0.88,-1,-1,-1
51,12,397.25,394.97,78.48,148.54,0.87,-1,-1,-1
51,2,289.33,204.27,137.67,338.08,0.95,-1,-1,-1
51,11,768.67,263.94,48.97,141.62,0.83,-1,-1,-1
51,13,432.87,329.58,86.20,138.61,0.76,-1,-1,-1
52,1,774.47,234.43,207.80,396.22,0.95,-1,-1,-1
52,4,636.54,218.61,171.45,394.20,0.94,-1,-1,-1
52,6,807.73,256.17,51.60,154.88,0.90,-1,-1,-1
52,7,973.05,267.29,37.88,91.38,0.87,-1,-1,-1
52,8,483.08,232.13,85.05,282.28,0.88,-1,-1,-1
52,12,390.42,397.09,79.33,158.91,0.88,-1,-1,-1
52,2,284.85,206.43,144.39,337.58,0.95,-1,-1,-1
52,11,769.60,263.88,48.19,139.05,0.85,-1,-1,-1
52,13,429.27,330.71,85.36,138.32,0.72,-1,-1,-1
53,1,777.60,235.27,208.05,397.43,0.95,-1,-1,-1
53,4,637.89,220.26,172.44,393.99,0.94,-1,-1,-1
53,6,808.06,255.13,51.43,155.66,0.91,-1,-1,-1
53,7,973.15,266.54,37.90,93.48,0.87,-1,-1,-1
53,8,478.48,230.13,87.95,296.06,0.89,-1,-1,-1
53,12,382.18,399.11,82.08,163.24,0.90,-1,-1,-1
53,2,282.69,206.53,147.73,339.00,0.95,-1,-1,-1
53,11,769.90,263.44,47.87,137.41,0.85,-1,-1,-1
53,13,423.43,331.11,86.19,143.73,0.70,-1,-1,-1
54,1,781.09,236.01,206.81,398.94,0.94,-1,-1,-1
54,4,639.82,221.59,174.55,391.97,0.94,-1,-1,-1
54,6,808.97,254.43,50.74,156.26,0.90,-1,-1,-1
54,7,973.64,265.98,37.89,94.27,0.87,-1,-1,-1
54,8,474.64,228.60,91.34,299.91,0.89,-1,-1,-1
54,12,375.72,401.55,81.77,166.58,0.90,-1,-1,-1
54,2,280.63,206.15,153.55,339.90,0.94,-1,-1,-1
54,11,769.59,262.83,47.73,138.93,0.85,-1,-1,-1
54,13,418.18,331.04,88.07,152.61,0.71,-1,-1,-1
55,1,784.63,235.00,205.37,400.34,0.94,-1,-1,-1
55,4,643.05,221.10,173.59,393.24,0.94,-1,-1,-1
55,6,809.71,253.65,49.90,154.68,0.89,-1,-1,-1
55,7,974.50,265.22,37.89,94.84,0.86,-1,-1,-1
55,8,471.93,224.84,92.07,303.15,0.90,-1,-1,-1
55,12,367.88,402.26,83.67,172.24,0.88,-1,-1,-1
55,2,279.74,207.85,158.93,338.31,0.94,-1,-1,-1
55,11,769.28,262.24,48.30,139.49,0.85,-1,-1,-1
55,13,414.76,330.21,87.25,153.18,0.79,-1,-1,-1
56,1,789.57,233.20,202.98,404.07,0.95,-1,-1,-1
56,4,646.08,220.01,172.62,394.03,0.94,-1,-1,-1
56,6,810.61,252.70,48.99,154.11,0.90,-1,-1,-1
56,7,974.86,264.76,37.89,94.17,0.85,-1,-1,-1
56,8,468.31,221.44,94.07,313.51,0.90,-1,-1,-1
56,12,361.50,402.59,83.49,181.47,0.89,-1,-1,-1
56,2,279.94,208.87,155.21,337.03,0.94,-1,-1,-1
56,11,768.28,261.53,49.11,146.32,0.84,-1,-1,-1
56,13,410.36,329.65,87.46,156.04,0.73,-1,-1,-1
57,1,795.28,230.07,199.37,406.48,0.95,-1,-1,-1
57,4,651.04,217.43,174.68,395.33,0.94,-1,-1,-1
57,6,810.30,252.08,49.28,152.13,0.91,-1,-1,-1
57,7,975.57,264.30,37.89,93.02,0.86,-1,-1,-1
57,8,462.54,219.38,97.76,321.10,0.90,-1,-1,-1
57,12,352.70,402.17,86.36,183.85,0.89,-1,-1,-1
57,2,281.02,209.37,150.95,336.20,0.94,-1,-1,-1
57,11,768.46,261.42,48.83,147.71,0.84,-1,-1,-1
57,13,403.00,329.47,90.04,155.29,0.74,-1,-1,-1
58,1,798.91,227.68,196.44,404.73,0.96,-1,-1,-1
58,4,654.65,213.97,175.44,395.64,0.94,-1,-1,-1
58,6,809.88,250.80,49.99,152.91,0.90,-1,-1,-1
58,7,976.42,263.41,37.89,93.18,0.86,-1,-1,-1
58,8,459.06,216.12,98.99,322.90,0.90,-1,-1,-1
58,12,344.65,402.36,86.54,190.02,0.90,-1,-1,-1
58,2,283.68,209.36,145.93,334.88,0.93,-1,-1,-1
58,11,768.23,260.51,49.32,151.79,0.84,-1,-1,-1
58,13,398.42,328.18,90.25,157.52,0.75,-1,-1,-1
59,1,803.27,222.98,192.82,401.70,0.95,-1,-1,-1
59,4,659.09,210.36,171.47,391.94,0.95,-1,-1,-1
59,6,810.06,250.10,50.24,152.24,0.90,-1,-1,-1
59,7,976.69,262.54,37.86,91.39,0.85,-1,-1,-1
59,8,455.15,213.16,101.13,329.41,0.91,-1,-1,-1
59,12,336.37,403.13,87.99,188.58,0.89,-1,-1,-1
59,2,289.41,206.76,138.19,324.91,0.87,-1,-1,-1
59,11,769.11,260.23,45.91,148.53,0.41,-1,-1,-1
59,13,394.19,326.10,89.33,156.58,0.72,-1,-1,-1
60,1,806.97,219.16,188.22,397.71,0.95,-1,-1,-1
60,4,660.98,206.72,176.03,387.92,0.95,-1,-1,-1
60,6,809.25,249.75,50.96,152.06,0.89,-1,-1,-1
60,7,977.45,262.12,37.87,90.75,0.86,-1,-1,-1
60,8,451.14,209.48,102.68,335.69,0.92,-1,-1,-1
60,12,327.52,403.20,89.14,195.51,0.90,-1,-1,-1
60,2,297.19,205.04,125.54,322.66,0.88,-1,-1,-1
60,11,767.30,259.15,44.60,146.37,0.13,-1,-1,-1
60,13,387.89,325.07,89.86,160.89,0.74,-1,-1,-1
61,1,811.82,216.45,181.66,394.09,0.95,-1,-1,-1
61,4,661.81,203.74,179.49,386.70,0.95,-1,-1,-1
61,6,809.74,249.51,50.63,152.95,0.89,-1,-1,-1
61,7,978.28,261.44,37.87,90.54,0.86,-1,-1,-1
61,8,445.28,206.19,105.71,341.11,0.91,-1,-1,-1
61,12,318.83,404.39,89.84,199.88,0.90,-1,-1,-1
61,2,308.02,203.24,112.07,317.09,0.90,-1,-1,-1
61,13,380.28,325.13,95.23,174.38,0.69,-1,-1,-1
62,1,813.82,215.15,177.22,394.43,0.95,-1,-1,-1
62,4,662.92,201.61,181.50,387.81,0.94,-1,-1,-1
62,6,809.04,248.37,51.74,153.91,0.89,-1,-1,-1
62,7,979.20,261.00,37.89,90.18,0.87,-1,-1,-1
62,8,441.29,204.81,106.34,345.19,0.92,-1,-1,-1
62,12,308.61,405.96,92.48,200.89,0.89,-1,-1,-1
62,2,312.35,202.28,106.51,315.32,0.89,-1,-1,-1
62,13,372.64,326.25,94.81,168.35,0.74,-1,-1,-1
63,1,815.77,214.99,172.99,395.91,0.95,-1,-1,-1
63,4,664.11,200.58,183.18,390.10,0.94,-1,-1,-1
63,6,808.28,247.53,53.26,152.99,0.88,-1,-1,-1
63,7,980.10,260.46,37.84,91.50,0.87,-1,-1,-1
63,8,437.78,204.30,106.78,348.09,0.92,-1,-1,-1
63,12,299.37,408.50,94.51,206.12,0.90,-1,-1,-1
63,2,315.57,200.14,101.77,314.16,0.88,-1,-1,-1
63,13,370.18,327.29,91.93,165.04,0.71,-1,-1,-1
64,1,816.38,215.99,172.23,399.74,0.95,-1,-1,-1
64,4,665.89,200.78,183.30,394.99,0.95,-1,-1,-1
64,6,809.47,247.36,52.68,154.55,0.88,-1,-1,-1
64,7,981.12,260.42,37.84,92.35,0.86,-1,-1,-1
64,8,432.49,204.41,108.72,350.29,0.92,-1,-1,-1
64,12,289.40,412.28,95.89,211.66,0.89,-1,-1,-1
64,2,316.26,198.39,102.56,313.25,0.88,-1,-1,-1
64,13,363.82,329.04,90.66,159.62,0.71,-1,-1,-1
65,1,817.10,217.63,171.39,401.69,0.95,-1,-1,-1
65,4,666.51,202.14,183.86,397.93,0.95,-1,-1,-1
65,6,809.90,247.49,52.43,155.99,0.88,-1,-1,-1
65,7,982.01,260.29,37.84,92.66,0.87,-1,-1,-1
65,8,425.36,205.23,111.74,353.13,0.91,-1,-1,-1
65,12,277.70,416.62,98.12,213.63,0.90,-1,-1,-1
65,2,316.19,198.94,101.98,308.46,0.87,-1,-1,-1
65,13,352.27,330.76,96.44,172.62,0.74,-1,-1,-1
66,1,816.99,221.60,173.22,402.94,0.95,-1,-1,-1
66,4,667.01,204.25,183.97,401.27,0.94,-1,-1,-1
66,6,810.37,247.64,52.31,156.84,0.88,-1,-1,-1
66,7,982.32,260.22,37.81,92.77,0.86,-1,-1,-1
66,8,419.85,205.99,113.96,357.67,0.92,-1,-1,-1
66,12,265.13,420.01,100.94,219.66,0.90,-1,-1,-1
66,2,315.32,198.76,105.26,319.15,0.86,-1,-1,-1
66,13,343.00,331.55,99.11,177.04,0.68,-1,-1,-1
67,1,817.04,224.15,172.47,403.69,0.95,-1,-1,-1
67,4,667.64,206.82,183.40,402.72,0.94,-1,-1,-1
67,6,809.81,249.04,52.87,157.09,0.89,-1,-1,-1
67,7,982.82,260.15,37.81,92.77,0.86,-1,-1,-1
67,8,415.21,207.50,115.97,358.59,0.92,-1,-1,-1
67,12,252.30,423.04,103.75,222.94,0.91,-1,-1,-1
67,2,315.12,199.84,106.82,324.03,0.86,-1,-1,-1
67,13,334.53,334.95,99.82,178.75,0.75,-1,-1,-1
68,1,816.99,226.52,171.50,403.64,0.96,-1,-1,-1
68,4,668.24,209.52,182.40,405.60,0.95,-1,-1,-1
68,6,809.31,249.18,53.62,158.54,0.89,-1,-1,-1
68,7,983.46,259.88,37.78,93.59,0.86,-1,-1,-1
68,8,408.20,207.98,118.48,361.19,0.90,-1,-1,-1
68,12,238.33,427.39,107.60,225.05,0.90,-1,-1,-1
68,2,315.52,201.53,107.38,326.69,0.87,-1,-1,-1
68,13,324.10,336.94,102.60,182.38,0.73,-1,-1,-1
69,1,815.94,228.55,169.60,402.79,0.96,-1,-1,-1
69,4,668.06,211.27,180.12,406.21,0.94,-1,-1,-1
69,6,808.16,248.21,55.05,161.45,0.88,-1,-1,-1
69,7,982.99,259.83,38.94,93.89,0.87,-1,-1,-1
69,8,400.20,209.69,121.50,361.07,0.90,-1,-1,-1
69,12,225.17,429.75,108.99,228.07,0.90,-1,-1,-1
69,2,316.17,204.87,103.66,320.81,0.87,-1,-1,-1
69,13,314.58,338.61,104.15,188.81,0.71,-1,-1,-1
70,1,814.56,228.32,167.56,403.22,0.95,-1,-1,-1
70,4,667.30,212.35,179.37,405.81,0.94,-1,-1,-1
70,6,806.21,247.40,56.81,163.99,0.88,-1,-1,-1
70,7,983.35,259.48,38.22,93.40,0.88,-1,-1,-1
70,8,391.85,208.20,123.73,365.93,0.90,-1,-1,-1
70,12,210.08,432.08,118.86,233.72,0.91,-1,-1,-1
70,2,316.29,207.29,99.07,312.29,0.83,-1,-1,-1
70,13,300.62,339.38,109.45,191.59,0.70,-1,-1,-1
70,11,762.74,254.95,50.26,155.63,0.60,-1,-1,-1
71,1,812.41,226.83,167.41,405.85,0.96,-1,-1,-1
71,4,665.60,212.77,180.23,407.50,0.94,-1,-1,-1
71,6,806.28,245.73,56.26,163.62,0.87,-1,-1,-1
71,7,983.22,259.26,39.12,93.29,0.88,-1,-1,-1
71,8,384.02,205.75,125.60,371.83,0.90,-1,-1,-1
71,12,193.79,433.87,123.90,239.96,0.92,-1,-1,-1
71,2,316.59,208.32,97.70,315.15,0.82,-1,-1,-1
71,13,293.22,337.50,107.38,171.46,0.70,-1,-1,-1
71,11,763.23,255.05,49.85,148.22,0.57,-1,-1,-1
72,1,809.30,223.78,167.20,408.66,0.95,-1,-1,-1
72,4,663.05,210.54,179.45,410.23,0.94,-1,-1,-1
72,6,807.02,245.01,55.48,159.72,0.87,-1,-1,-1
72,7,983.43,258.24,39.47,94.05,0.88,-1,-1,-1
72,8,377.35,203.83,127.40,374.62,0.89,-1,-1,-1
72,12,176.60,434.88,128.45,245.05,0.92,-1,-1,-1
72,2,315.14,207.94,105.30,336.19,0.80,-1,-1,-1
72,13,282.11,338.23,109.72,193.94,0.72,-1,-1,-1
72,11,763.56,254.12,49.15,147.41,0.69,-1,-1,-1
73,1,806.92,221.15,165.18,410.54,0.95,-1,-1,-1
73,4,662.58,207.91,175.68,409.67,0.94,-1,-1,-1
73,6,807.32,243.44,55.21,157.10,0.87,-1,-1,-1
73,7,983.91,257.61,39.63,94.39,0.87,-1,-1,-1
73,8,368.60,201.08,131.92,380.17,0.88,-1,-1,-1
73,12,158.83,435.66,133.48,251.10,0.92,-1,-1,-1
73,2,319.34,206.99,104.57,333.59,0.78,-1,-1,-1
73,13,268.20,335.57,113.56,207.17,0.77,-1,-1,-1
73,11,764.28,254.28,45.93,140.89,0.46,-1,-1,-1
74,1,802.73,218.69,165.59,410.39,0.95,-1,-1,-1
74,4,660.68,205.38,172.35,405.98,0.94,-1,-1,-1
74,6,806.86,241.38,55.67,156.63,0.89,-1,-1,-1
74,7,983.69,256.78,39.66,93.86,0.87,-1,-1,-1
74,8,354.33,195.25,141.94,386.19,0.87,-1,-1,-1
74,12,139.08,435.78,139.31,256.65,0.92,-1,-1,-1
74,2,320.48,202.91,109.94,335.97,0.47,-1,-1,-1
74,13,256.58,335.84,114.93,212.84,0.73,-1,-1,-1
74,11,765.23,254.52,42.83,134.08,0.47,-1,-1,-1
75,1,798.85,215.73,166.40,407.73,0.95,-1,-1,-1
75,4,658.17,201.83,169.34,403.70,0.95,-1,-1,-1
75,6,806.73,239.63,57.02,157.70,0.90,-1,-1,-1
75,7,983.68,254.76,39.66,95.18,0.87,-1,-1,-1
75,8,329.76,191.47,160.59,398.57,0.86,-1,-1,-1
75,12,119.35,437.39,142.53,264.40,0.93,-1,-1,-1
75,13,242.05,333.06,122.12,235.79,0.68,-1,-1,-1
75,11,766.85,254.52,39.23,115.35,0.31,-1,-1,-1
76,1,793.20,212.82,168.56,402.41,0.94,-1,-1,-1
76,4,655.38,198.85,168.89,398.67,0.94,-1,-1,-1
76,6,806.94,238.83,55.76,158.12,0.89,-1,-1,-1
76,7,983.65,253.55,39.67,95.08,0.87,-1,-1,-1
76,8,290.89,186.66,193.50,417.84,0.87,-1,-1,-1
76,12,98.41,441.17,145.94,269.17,0.93,-1,-1,-1
76,13,229.41,331.86,120.83,235.90,0.44,-1,-1,-1
76,11,767.41,253.88,39.24,116.05,0.21,-1,-1,-1
77,1,787.83,209.97,170.22,396.80,0.95,-1,-1,-1
77,4,653.15,195.64,167.48,394.68,0.94,-1,-1,-1
77,6,806.72,237.67,56.42,158.28,0.89,-1,-1,-1
77,7,984.19,252.25,39.64,95.93,0.87,-1,-1,-1
77,8,298.41,183.21,178.91,425.82,0.90,-1,-1,-1
77,12,77.60,443.61,148.29,277.85,0.92,-1,-1,-1
77,13,211.20,330.68,124.24,227.77,0.48,-1,-1,-1
77,11,765.42,252.28,44.75,135.16,0.30,-1,-1,-1
78,1,784.14,207.78,170.26,394.52,0.95,-1,-1,-1
78,4,649.08,192.95,167.60,392.19,0.94,-1,-1,-1
78,6,807.87,237.38,54.87,157.76,0.87,-1,-1,-1
78,7,984.44,251.91,39.63,96.25,0.87,-1,-1,-1
78,8,298.97,177.82,169.76,435.87,0.90,-1,-1,-1
78,12,53.14,448.64,153.43,281.08,0.92,-1,-1,-1
78,13,197.58,331.78,121.70,228.72,0.12,-1,-1,-1
78,11,763.60,251.27,47.82,143.43,0.33,-1,-1,-1
79,1,781.36,207.07,168.79,394.97,0.95,-1,-1,-1
79,4,647.92,191.74,166.48,392.24,0.93,-1,-1,-1
79,6,808.95,236.92,52.47,158.78,0.85,-1,-1,-1
79,7,983.97,251.89,40.81,96.37,0.87,-1,-1,-1
79,8,291.11,174.92,167.83,445.17,0.89,-1,-1,-1
79,12,29.69,454.38,156.38,282.18,0.91,-1,-1,-1
79,13,175.71,330.21,130.37,240.98,0.34,-1,-1,-1
79,11,763.48,250.36,48.47,147.40,0.52,-1,-1,-1
80,1,778.32,207.48,170.48,397.08,0.95,-1,-1,-1
80,4,645.69,191.53,166.22,394.37,0.93,-1,-1,-1
80,6,808.46,236.97,52.83,158.60,0.86,-1,-1,-1
80,7,983.88,251.47,41.28,97.03,0.87,-1,-1,-1
80,8,278.23,173.19,168.02,458.22,0.90,-1,-1,-1
80,12,5.35,460.28,159.41,283.08,0.90,-1,-1,-1
80,13,155.56,332.95,138.67,256.30,0.22,-1,-1,-1
80,11,762.28,250.22,49.33,148.98,0.46,-1,-1,-1
80,2,316.35,190.89,126.55,406.31,0.72,-1,-1,-1
81,1,776.75,208.18,171.00,400.28,0.95,-1,-1,-1
81,4,642.60,191.69,168.45,397.26,0.94,-1,-1,-1
81,6,807.45,238.13,52.92,157.33,0.84,-1,-1,-1
81,7,984.47,251.28,41.42,96.97,0.87,-1,-1,-1
81,8,261.87,171.10,168.42,468.98,0.90,-1,-1,-1
81,12,-16.56,466.24,157.88,289.72,0.83,-1,-1,-1
81,13,137.79,338.04,137.67,231.93,0.73,-1,-1,-1
81,11,761.03,249.65,50.19,150.99,0.74,-1,-1,-1
81,2,320.87,191.11,118.96,363.71,0.81,-1,-1,-1
82,1,775.68,209.81,175.99,403.24,0.95,-1,-1,-1
82,4,640.00,192.59,170.51,401.24,0.94,-1,-1,-1
82,6,806.50,238.74,53.57,157.18,0.85,-1,-1,-1
82,7,984.77,250.96,41.47,96.67,0.88,-1,-1,-1
82,8,249.20,169.98,167.27,476.57,0.88,-1,-1,-1
82,12,-46.51,471.05,161.42,327.25,0.75,-1,-1,-1
82,13,111.14,334.10,152.29,249.67,0.51,-1,-1,-1
82,11,761.17,249.29,49.33,148.83,0.76,-1,-1,-1
82,2,319.63,191.57,119.04,338.02,0.88,-1,-1,-1
83,1,775.48,211.25,180.18,403.80,0.94,-1,-1,-1
83,4,638.59,194.50,171.57,402.71,0.94,-1,-1,-1
83,6,805.42,238.94,54.51,157.42,0.81,-1,-1,-1
83,7,985.37,250.40,41.55,98.92,0.88,-1,-1,-1
83,8,228.59,170.23,173.31,484.70,0.89,-1,-1,-1
83,12,-88.19,477.62,173.76,331.26,0.65,-1,-1,-1
83,13,90.41,341.03,153.51,247.41,0.75,-1,-1,-1
83,11,761.10,249.30,49.07,146.42,0.72,-1,-1,-1
83,2,317.01,191.00,124.61,333.35,0.91,-1,-1,-1
84,1,775.63,212.62,183.42,404.45,0.94,-1,-1,-1
84,4,638.36,196.81,171.85,402.36,0.94,-1,-1,-1
84,6,805.74,238.84,54.83,161.61,0.81,-1,-1,-1
84,7,985.61,249.74,41.54,99.70,0.88,-1,-1,-1
84,8,221.08,169.79,164.17,497.24,0.89,-1,-1,-1
84,12,-89.31,489.13,146.58,318.43,0.40,-1,-1,-1
84,13,66.91,341.03,161.21,245.19,0.74,-1,-1,-1
84,11,760.95,249.00,49.52,145.97,0.74,-1,-1,-1
84,2,320.23,190.49,123.10,333.65,0.89,-1,-1,-1
85,1,775.46,213.22,187.21,405.17,0.95,-1,-1,-1
85,4,638.63,197.97,171.90,403.36,0.95,-1,-1,-1
85,6,806.76,239.03,53.14,153.14,0.77,-1,-1,-1
85,7,985.68,249.31,41.51,99.69,0.87,-1,-1,-1
85,8,205.53,165.74,168.75,508.81,0.88,-1,-1,-1
85,13,42.47,345.99,168.05,247.32,0.75,-1,-1,-1
85,11,761.19,247.77,49.06,144.60,0.77,-1,-1,-1
85,2,320.44,189.28,124.76,334.71,0.88,-1,-1,-1
86,1,777.80,213.67,186.91,405.33,0.95,-1,-1,-1
86,4,640.89,198.96,169.59,401.54,0.94,-1,-1,-1
86,6,807.15,239.05,52.51,149.16,0.77,-1,-1,-1
86,7,986.26,248.30,41.51,99.35,0.88,-1,-1,-1
86,8,200.21,164.55,165.68,506.51,0.91,-1,-1,-1
86,13,18.60,347.15,174.99,250.44,0.71,-1,-1,-1
86,11,760.11,246.95,51.27,150.59,0.73,-1,-1,-1
86,2,324.11,188.57,124.81,335.95,0.91,-1,-1,-1
87,1,779.76,213.16,186.99,406.50,0.94,-1,-1,-1
87,4,642.15,198.54,169.27,400.54,0.94,-1,-1,-1
87,6,807.69,237.69,52.26,153.86,0.79,-1,-1,-1
87,7,987.21,247.53,41.49,99.53,0.88,-1,-1,-1
87,8,190.56,164.90,168.26,528.02,0.90,-1,-1,-1
87,13,-12.98,345.50,188.58,276.80,0.69,-1,-1,-1
87,11,759.80,245.61,51.48,152.26,0.75,-1,-1,-1
87,2,327.55,190.08,124.16,334.08,0.92,-1,-1,-1
88,1,782.20,212.81,185.31,407.29,0.95,-1,-1,-1
88,4,644.36,198.57,168.68,401.13,0.94,-1,-1,-1
88,6,806.58,236.20,54.02,159.10,0.81,-1,-1,-1
88,7,987.40,247.09,41.51,99.85,0.88,-1,-1,-1
88,8,177.06,161.76,175.25,535.09,0.89,-1,-1,-1
88,13,-39.25,341.79,198.12,289.37,0.67,-1,-1,-1
88,11,760.77,244.74,49.23,146.02,0.72,-1,-1,-1
88,2,325.08,190.92,129.61,333.27,0.91,-1,-1,-1
89,1,784.40,210.82,184.01,410.32,0.95,-1,-1,-1
89,4,646.14,195.36,170.83,403.95,0.94,-1,-1,-1
89,6,806.22,234.84,54.67,158.45,0.82,-1,-1,-1
89,7,988.13,246.16,41.50,100.87,0.87,-1,-1,-1
89,8,159.67,154.18,185.72,559.90,0.89,-1,-1,-1
89,13,-67.51,334.66,211.64,322.97,0.20,-1,-1,-1
89,11,760.90,244.53,48.92,147.78,0.62,-1,-1,-1
89,2,317.87,190.83,138.33,333.32,0.92,-1,-1,-1
90,1,786.18,209.39,180.82,411.60,0.95,-1,-1,-1
90,4,648.93,192.44,171.07,404.41,0.94,-1,-1,-1
90,6,807.30,233.66,53.14,155.50,0.80,-1,-1,-1
90,7,988.42,245.14,41.50,100.95,0.87,-1,-1,-1
90,8,145.75,152.57,194.93,565.74,0.90,-1,-1,-1
90,11,760.39,243.63,48.20,139.79,0.51,-1,-1,-1
90,2,311.80,190.22,144.56,333.74,0.90,-1,-1,-1
91,1,788.35,206.11,177.51,413.66,0.95,-1,-1,-1
91,4,652.35,189.86,170.59,404.61,0.94,-1,-1,-1
91,6,806.51,232.19,53.76,154.39,0.80,-1,-1,-1
91,7,989.13,244.18,41.50,99.78,0.87,-1,-1,-1
91,8,130.05,143.15,205.71,581.51,0.91,-1,-1,-1
91,11,758.39,242.41,48.54,140.36,0.21,-1,-1,-1
91,2,313.06,189.26,145.26,333.79,0.89,-1,-1,-1
92,1,792.18,204.00,172.61,410.71,0.95,-1,-1,-1
92,4,654.81,186.27,169.77,403.28,0.94,-1,-1,-1
92,6,807.41,230.86,53.97,156.42,0.81,-1,-1,-1
92,7,990.01,243.67,41.49,97.55,0.87,-1,-1,-1
92,8,107.75,136.50,221.29,593.96,0.90,-1,-1,-1
92,2,308.56,188.01,151.23,334.80,0.90,-1,-1,-1
93,1,795.96,201.67,165.87,405.15,0.95,-1,-1,-1
93,4,656.88,184.44,169.39,398.50,0.94,-1,-1,-1
93,6,807.10,230.16,52.83,157.74,0.82,-1,-1,-1
93,7,990.22,243.00,41.47,97.29,0.87,-1,-1,-1
93,8,88.58,128.11,231.05,608.93,0.89,-1,-1,-1
93,2,315.57,187.39,147.91,335.65,0.91,-1,-1,-1
94,1,798.22,200.83,161.26,398.67,0.95,-1,-1,-1
94,4,658.49,182.05,170.44,395.26,0.94,-1,-1,-1
94,6,806.96,229.71,52.39,159.46,0.80,-1,-1,-1
94,7,990.88,242.57,41.45,96.91,0.87,-1,-1,-1
94,8,60.68,123.37,249.61,621.61,0.88,-1,-1,-1
94,2,318.49,186.98,145.40,336.54,0.92,-1,-1,-1
95,1,800.32,199.97,155.39,393.80,0.96,-1,-1,-1
95,4,659.70,181.13,169.68,393.79,0.95,-1,-1,-1
95,6,808.20,228.56,51.63,160.84,0.78,-1,-1,-1
95,7,991.88,242.56,41.45,97.12,0.87,-1,-1,-1
95,8,43.56,116.42,254.13,634.31,0.90,-1,-1,-1
95,2,322.62,187.40,142.16,335.62,0.91,-1,-1,-1
96,1,802.14,200.55,148.94,392.76,0.96,-1,-1,-1
96,4,660.35,180.64,169.30,395.66,0.95,-1,-1,-1
96,6,809.75,228.61,50.12,156.75,0.75,-1,-1,-1
96,7,992.63,242.22,41.43,97.16,0.88,-1,-1,-1
96,8,17.03,109.73,260.89,659.84,0.89,-1,-1,-1
96,2,332.49,186.92,133.76,331.24,0.91,-1,-1,-1
97,1,801.58,200.91,147.37,395.81,0.96,-1,-1,-1
97,4,660.61,180.44,169.78,399.00,0.95,-1,-1,-1
97,6,810.73,228.25,49.57,157.63,0.79,-1,-1,-1
97,7,993.66,241.88,41.42,98.41,0.88,-1,-1,-1
97,8,-12.17,107.03,269.90,669.53,0.89,-1,-1,-1
97,2,341.80,187.18,124.87,326.87,0.93,-1,-1,-1
98,1,801.84,201.53,147.56,399.42,0.95,-1,-1,-1
98,4,661.44,181.77,169.40,400.62,0.94,-1,-1,-1
98,6,811.25,228.96,48.79,153.46,0.79,-1,-1,-1
98,7,994.48,241.68,41.42,98.58,0.89,-1,-1,-1
98,8,-33.78,103.22,266.49,675.70,0.89,-1,-1,-1
98,2,346.10,187.65,121.81,324.54,0.93,-1,-1,-1
99,1,800.98,202.51,149.24,401.47,0.95,-1,-1,-1
99,4,662.05,183.13,168.05,403.00,0.94,-1,-1,-1
99,6,809.31,228.33,52.77,157.88,0.78,-1,-1,-1
99,7,994.74,241.58,41.42,99.51,0.89,-1,-1,-1
99,8,-50.98,100.62,260.10,682.59,0.88,-1,-1,-1
99,2,348.70,185.89,119.68,326.80,0.93,-1,-1,-1
100,1,799.96,203.85,149.90,402.05,0.95,-1,-1,-1
100,4,662.81,184.54,167.50,404.97,0.94,-1,-1,-1
100,6,809.13,228.32,54.18,160.67,0.81,-1,-1,-1
100,7,995.32,241.33,40.21,99.55,0.88,-1,-1,-1
100,8,-59.98,97.26,243.07,704.10,0.86,-1,-1,-1
100,2,350.30,185.80,117.54,327.27,0.94,-1,-1,-1
101,1,798.96,205.15,152.68,403.21,0.95,-1,-1,-1
101,4,662.46,186.49,167.35,406.02,0.94,-1,-1,-1
101,6,807.59,227.69,57.11,166.16,0.84,-1,-1,-1
101,7,996.12,241.03,39.76,98.65,0.89,-1,-1,-1
101,8,-83.02,95.32,243.73,720.93,0.84,-1,-1,-1
101,2,352.17,185.58,115.17,328.56,0.94,-1,-1,-1
102,1,799.41,206.22,151.62,410.43,0.95,-1,-1,-1
102,4,661.67,188.05,167.86,405.20,0.95,-1,-1,-1
102,6,805.48,227.88,58.78,166.42,0.84,-1,-1,-1
102,7,996.30,240.62,39.59,98.28,0.89,-1,-1,-1
102,8,-103.67,92.81,245.49,732.56,0.83,-1,-1,-1
102,2,354.61,186.24,113.43,328.26,0.95,-1,-1,-1
103,1,798.97,205.10,150.07,406.29,0.95,-1,-1,-1
103,4,660.16,188.30,168.07,403.36,0.94,-1,-1,-1
103,6,805.25,226.46,60.00,171.22,0.83,-1,-1,-1
103,7,996.34,239.83,40.74,98.44,0.88,-1,-1,-1
103,8,-111.75,96.04,236.20,721.99,0.77,-1,-1,-1
103,2,357.24,186.48,117.46,328.14,0.95,-1,-1,-1
104,1,798.24,204.61,148.31,403.46,0.95,-1,-1,-1
104,4,659.64,187.82,166.94,402.56,0.94,-1,-1,-1
104,6,805.51,226.38,58.69,168.27,0.84,-1,-1,-1
104,7,996.94,239.26,39.98,99.38,0.88,-1,-1,-1
104,8,-128.04,100.36,234.90,715.15,0.74,-1,-1,-1
104,2,359.15,186.76,124.01,326.99,0.94,-1,-1,-1
105,1,797.76,202.92,146.80,406.30,0.94,-1,-1,-1
105,4,658.34,185.67,165.92,404.52,0.94,-1,-1,-1
105,6,804.84,224.73,60.52,169.14,0.82,-1,-1,-1
105,7,996.66,238.30,40.89,100.33,0.88,-1,-1,-1
105,8,-139.00,101.20,229.32,716.62,0.66,-1,-1,-1
105,2,360.05,186.85,130.46,326.29,0.94,-1,-1,-1
106,1,795.68,201.05,145.73,408.57,0.95,-1,-1,-1
106,4,655.90,183.17,167.41,406.61,0.94,-1,-1,-1
106,6,803.35,220.97,65.89,175.15,0.80,-1,-1,-1
106,7,997.72,237.79,40.05,100.72,0.88,-1,-1,-1
106,8,-152.75,129.75,225.43,702.96,0.17,-1,-1,-1
106,2,359.02,187.64,136.63,325.81,0.95,-1,-1,-1
107,1,794.25,197.65,144.19,410.96,0.95,-1,-1,-1
107,4,654.02,181.01,167.40,405.66,0.94,-1,-1,-1
107,6,803.58,217.94,70.22,187.67,0.70,-1,-1,-1
107,7,997.48,237.15,40.94,100.58,0.88,-1,-1,-1
107,2,357.40,188.97,139.46,323.45,0.94,-1,-1,-1
108,1,792.00,193.59,144.24,413.49,0.96,-1,-1,-1
108,4,652.54,178.24,165.56,405.52,0.94,-1,-1,-1
108,6,803.78,215.26,71.32,188.88,0.67,-1,-1,-1
108,7,998.03,236.75,41.25,100.50,0.88,-1,-1,-1
108,2,355.68,189.56,140.48,322.54,0.94,-1,-1,-1
109,1,789.99,190.59,144.86,410.58,0.95,-1,-1,-1
109,4,651.12,176.90,164.82,401.91,0.94,-1,-1,-1
109,7,998.20,236.39,41.36,100.76,0.88,-1,-1,-1
109,2,354.27,189.89,140.63,323.03,0.94,-1,-1,-1
110,1,786.15,188.94,147.45,406.72,0.95,-1,-1,-1
110,4,649.02,175.17,165.68,399.99,0.94,-1,-1,-1
110,7,998.11,236.34,41.38,101.14,0.87,-1,-1,-1
110,2,350.66,189.66,143.80,324.12,0.95,-1,-1,-1
111,1,783.61,188.36,151.06,401.98,0.95,-1,-1,-1
111,4,647.29,173.90,166.86,398.48,0.95,-1,-1,-1
111,7,998.91,236.32,41.44,101.66,0.87,-1,-1,-1
111,2,352.00,189.81,140.64,325.87,0.94,-1,-1,-1
112,1,782.52,187.63,154.99,400.01,0.95,-1,-1,-1
112,4,646.57,173.12,167.19,398.41,0.95,-1,-1,-1
112,7,999.21,236.37,41.44,101.80,0.88,-1,-1,-1
112,2,353.90,190.01,137.28,326.54,0.92,-1,-1,-1
113,1,781.83,187.45,160.42,401.08,0.95,-1,-1,-1
113,4,646.27,173.30,167.41,399.51,0.94,-1,-1,-1
113,7,999.38,236.30,41.45,102.47,0.88,-1,-1,-1
113,2,359.82,189.03,130.64,324.30,0.93,-1,-1,-1
114,1,781.88,187.79,164.47,403.45,0.95,-1,-1,-1
114,4,646.22,174.44,166.83,400.90,0.94,-1,-1,-1
114,7,999.91,236.47,41.44,102.08,0.88,-1,-1,-1
114,2,364.90,186.16,127.15,324.36,0.93,-1,-1,-1
115,1,782.11,188.66,166.63,405.43,0.95,-1,-1,-1
115,4,645.75,175.15,166.65,402.96,0.94,-1,-1,-1
115,7,1000.31,236.29,41.45,101.95,0.87,-1,-1,-1
115,2,374.67,181.44,121.04,327.11,0.93,-1,-1,-1
116,1,782.08,191.15,167.93,405.88,0.95,-1,-1,-1
116,4,645.85,176.62,166.52,404.10,0.94,-1,-1,-1
116,7,1000.15,236.20,41.43,101.51,0.87,-1,-1,-1
116,2,386.62,178.43,113.23,329.55,0.94,-1,-1,-1
117,1,782.58,191.67,169.59,408.32,0.96,-1,-1,-1
117,4,645.78,178.16,166.51,405.08,0.94,-1,-1,-1
117,7,1000.62,235.98,41.43,101.67,0.87,-1,-1,-1
117,2,391.21,177.92,113.94,330.16,0.94,-1,-1,-1
118,1,783.45,193.27,169.54,408.57,0.96,-1,-1,-1
118,4,647.35,179.33,165.86,406.50,0.93,-1,-1,-1
118,7,1000.80,235.66,41.42,102.01,0.87,-1,-1,-1
118,2,391.30,177.00,117.26,330.99,0.93,-1,-1,-1
119,1,783.80,194.23,169.60,408.55,0.96,-1,-1,-1
119,4,650.05,180.68,164.55,407.29,0.93,-1,-1,-1
119,7,1000.83,235.51,41.44,102.11,0.87,-1,-1,-1
119,2,388.98,176.79,125.37,331.90,0.94,-1,-1,-1
120,1,784.76,194.71,168.59,408.82,0.96,-1,-1,-1
120,4,649.78,180.74,165.78,404.50,0.94,-1,-1,-1
120,7,1001.39,235.35,40.23,102.17,0.87,-1,-1,-1
120,2,386.11,178.02,132.46,331.50,0.94,-1,-1,-1
121,1,784.66,194.70,168.77,409.70,0.96,-1,-1,-1
121,4,652.17,180.64,165.06,404.15,0.95,-1,-1,-1
121,7,1001.68,234.88,40.99,102.19,0.87,-1,-1,-1
121,2,385.75,178.72,137.40,331.46,0.93,-1,-1,-1
122,1,786.03,193.61,166.67,411.64,0.96,-1,-1,-1
122,4,655.73,179.66,163.55,404.89,0.94,-1,-1,-1
122,7,1002.24,234.89,40.06,101.27,0.87,-1,-1,-1
122,2,385.99,179.64,139.99,331.05,0.92,-1,-1,-1
123,1,788.46,192.87,164.09,413.56,0.96,-1,-1,-1
123,4,659.48,178.12,160.64,406.89,0.94,-1,-1,-1
123,7,1002.64,235.14,39.72,98.57,0.87,-1,-1,-1
123,2,386.62,180.46,142.01,331.52,0.92,-1,-1,-1
124,1,792.96,191.22,158.95,415.99,0.95,-1,-1,-1
124,4,662.93,176.93,158.41,406.53,0.94,-1,-1,-1
124,7,1002.17,234.97,40.82,97.86,0.87,-1,-1,-1
124,2,385.70,181.77,143.82,331.40,0.93,-1,-1,-1
125,1,795.61,191.41,154.24,416.45,0.95,-1,-1,-1
125,4,667.26,175.27,154.55,405.87,0.94,-1,-1,-1
125,7,1002.05,234.99,41.22,98.52,0.87,-1,-1,-1
125,2,387.71,183.49,144.43,331.66,0.94,-1,-1,-1
125,14,655.20,253.35,41.40,102.15,0.82,-1,-1,-1
126,1,797.22,191.74,151.29,411.20,0.95,-1,-1,-1
126,4,670.96,174.65,151.30,402.82,0.94,-1,-1,-1
126,7,1002.09,235.44,41.37,97.91,0.87,-1,-1,-1
126,2,391.63,185.07,144.59,332.75,0.94,-1,-1,-1
126,14,653.33,254.29,41.45,104.82,0.82,-1,-1,-1
127,1,798.37,191.63,147.45,405.76,0.95,-1,-1,-1
127,4,672.32,173.99,151.34,401.20,0.94,-1,-1,-1
127,7,1001.63,235.84,41.41,97.92,0.87,-1,-1,-1
127,2,395.25,186.97,140.54,333.42,0.93,-1,-1,-1
127,14,651.07,254.51,43.54,106.69,0.86,-1,-1,-1
128,1,800.02,191.53,142.48,400.60,0.95,-1,-1,-1
128,4,673.36,174.15,150.84,399.73,0.94,-1,-1,-1
128,7,1001.55,236.16,41.43,97.96,0.87,-1,-1,-1
128,2,403.55,188.14,132.51,334.49,0.93,-1,-1,-1
128,14,650.05,254.68,42.19,107.99,0.87,-1,-1,-1
129,1,802.96,192.10,135.11,399.17,0.95,-1,-1,-1
129,4,673.64,174.46,152.44,401.53,0.94,-1,-1,-1
129,7,1000.75,236.43,41.42,97.65,0.87,-1,-1,-1
129,2,411.38,188.16,126.77,335.14,0.94,-1,-1,-1
129,14,649.47,254.84,41.61,108.30,0.88,-1,-1,-1
130,1,803.93,192.60,132.86,399.97,0.95,-1,-1,-1
130,4,673.92,175.21,153.67,404.64,0.94,-1,-1,-1
130,7,1000.21,236.63,41.41,98.48,0.86,-1,-1,-1
130,2,413.32,187.84,125.93,331.77,0.93,-1,-1,-1
130,14,648.21,255.12,42.75,108.37,0.90,-1,-1,-1
131,1,803.39,192.60,134.05,402.72,0.95,-1,-1,-1
131,4,672.84,175.63,154.80,407.92,0.94,-1,-1,-1
131,7,999.16,236.41,41.41,100.58,0.86,-1,-1,-1
131,2,422.23,186.58,117.79,328.48,0.94,-1,-1,-1
131,14,646.67,254.98,43.77,108.34,0.89,-1,-1,-1
132,1,803.11,192.19,134.56,406.40,0.95,-1,-1,-1
132,4,671.76,176.06,156.43,410.18,0.94,-1,-1,-1
132,7,998.69,236.19,41.41,99.27,0.87,-1,-1,-1
132,2,427.12,183.36,114.01,327.71,0.94,-1,-1,-1
132,14,645.23,254.97,45.36,108.58,0.89,-1,-1,-1
133,1,801.65,192.87,135.41,407.01,0.95,-1,-1,-1
133,4,670.97,177.01,157.01,411.20,0.94,-1,-1,-1
133,7,997.14,235.72,41.40,99.32,0.86,-1,-1,-1
133,2,430.45,181.91,110.40,327.81,0.94,-1,-1,-1
133,14,643.79,254.44,45.91,108.91,0.88,-1,-1,-1
134,1,800.61,193.09,136.41,407.44,0.95,-1,-1,-1
134,4,669.81,178.20,157.27,411.77,0.94,-1,-1,-1
134,7,996.79,235.39,40.20,100.58,0.86,-1,-1,-1
134,2,431.73,178.44,110.46,330.87,0.94,-1,-1,-1
134,14,640.64,253.77,48.51,109.97,0.88,-1,-1,-1
135,1,799.52,192.86,136.84,407.50,0.95,-1,-1,-1
135,4,669.00,179.32,157.36,410.88,0.94,-1,-1,-1
135,7,995.96,235.53,39.75,100.74,0.85,-1,-1,-1
135,2,433.12,176.58,110.10,331.95,0.94,-1,-1,-1
135,14,638.85,253.21,48.88,110.62,0.87,-1,-1,-1
136,1,797.93,192.45,137.10,407.00,0.94,-1,-1,-1
136,4,667.51,179.50,157.46,410.52,0.94,-1,-1,-1
136,7,995.13,235.17,39.60,100.19,0.87,-1,-1,-1
136,2,434.42,177.49,110.09,331.16,0.95,-1,-1,-1
136,14,636.48,252.93,48.40,111.14,0.85,-1,-1,-1
137,1,796.08,192.20,137.79,406.98,0.94,-1,-1,-1
137,4,665.10,179.52,158.05,408.67,0.93,-1,-1,-1
137,7,993.58,234.81,39.54,100.58,0.86,-1,-1,-1
137,2,435.16,177.42,114.83,332.22,0.95,-1,-1,-1
137,14,633.79,252.41,49.36,111.92,0.88,-1,-1,-1
138,1,793.98,191.15,137.83,411.16,0.94,-1,-1,-1
138,4,662.13,178.64,159.53,409.68,0.93,-1,-1,-1
138,7,991.97,234.94,39.54,100.17,0.85,-1,-1,-1
138,2,436.34,178.19,121.25,332.96,0.95,-1,-1,-1
138,14,630.77,252.35,46.76,112.23,0.84,-1,-1,-1
139,1,792.00,189.99,136.68,414.50,0.94,-1,-1,-1
139,4,660.11,177.00,160.09,413.55,0.93,-1,-1,-1
139,7,991.43,235.21,38.34,100.32,0.84,-1,-1,-1
139,2,437.25,179.65,126.34,333.96,0.95,-1,-1,-1
139,14,628.19,252.24,44.48,112.64,0.84,-1,-1,-1
140,1,789.47,189.93,136.85,415.75,0.94,-1,-1,-1
140,4,658.76,175.62,160.27,413.44,0.92,-1,-1,-1
140,7,989.44,235.09,39.11,102.47,0.82,-1,-1,-1
140,2,437.94,182.14,129.32,333.06,0.95,-1,-1,-1
140,14,625.48,254.20,44.23,111.58,0.87,-1,-1,-1
141,1,787.08,190.32,135.42,416.75,0.95,-1,-1,-1
141,4,656.83,174.98,160.91,414.75,0.92,-1,-1,-1
141,7,988.14,234.86,39.39,104.75,0.83,-1,-1,-1
141,2,437.43,183.71,130.58,333.05,0.94,-1,-1,-1
141,14,623.08,254.90,43.53,112.04,0.86,-1,-1,-1
142,1,785.03,190.54,133.78,412.99,0.95,-1,-1,-1
142,4,654.30,174.37,161.23,411.57,0.94,-1,-1,-1
142,7,986.58,235.21,39.52,104.46,0.84,-1,-1,-1
142,2,436.44,185.43,129.93,332.64,0.95,-1,-1,-1
142,14,619.51,254.59,47.55,114.63,0.87,-1,-1,-1
143,1,783.38,190.36,131.31,407.67,0.95,-1,-1,-1
143,4,652.23,173.96,161.25,407.59,0.93,-1,-1,-1
143,7,984.72,235.59,39.55,104.58,0.81,-1,-1,-1
143,2,433.31,186.23,130.00,333.60,0.94,-1,-1,-1
143,14,616.52,254.99,47.81,115.54,0.87,-1,-1,-1
144,1,781.88,189.74,129.82,402.84,0.95,-1,-1,-1
144,4,649.37,173.34,162.44,403.81,0.93,-1,-1,-1
144,7,982.22,235.55,40.77,105.79,0.80,-1,-1,-1
144,2,430.86,186.43,131.19,335.20,0.94,-1,-1,-1
144,14,612.77,254.51,45.51,117.04,0.85,-1,-1,-1
145,1,781.67,189.36,127.45,400.02,0.95,-1,-1,-1
145,4,647.21,173.28,163.41,403.48,0.94,-1,-1,-1
145,7,979.42,235.42,41.20,105.88,0.81,-1,-1,-1
145,2,428.44,185.00,131.42,338.24,0.94,-1,-1,-1
145,14,609.12,254.37,43.36,117.82,0.86,-1,-1,-1
146,1,780.60,189.71,129.13,400.63,0.95,-1,-1,-1
146,4,645.03,173.07,165.65,405.98,0.94,-1,-1,-1
146,7,978.11,235.73,41.39,106.26,0.82,-1,-1,-1
146,2,428.45,186.11,128.14,338.55,0.94,-1,-1,-1
146,14,604.89,254.68,45.66,118.76,0.84,-1,-1,-1
147,1,779.39,189.70,132.22,403.03,0.95,-1,-1,-1
147,4,643.11,173.53,166.53,408.68,0.93,-1,-1,-1
147,7,977.16,235.69,40.28,106.10,0.82,-1,-1,-1
147,2,431.92,185.42,122.82,332.46,0.94,-1,-1,-1
147,14,602.27,254.81,45.30,119.10,0.81,-1,-1,-1
148,1,777.81,190.39,136.39,404.72,0.95,-1,-1,-1
148,4,641.87,173.87,166.84,411.29,0.94,-1,-1,-1
148,7,975.69,235.61,39.85,105.13,0.81,-1,-1,-1
148,2,437.94,184.32,115.80,332.10,0.94,-1,-1,-1
148,14,599.93,254.35,45.76,120.09,0.81,-1,-1,-1
149,1,777.51,191.62,140.30,405.47,0.95,-1,-1,-1
149,4,641.17,174.68,165.68,413.26,0.94,-1,-1,-1
149,7,973.89,235.86,39.67,104.71,0.82,-1,-1,-1
149,2,444.50,181.58,110.10,331.48,0.95,-1,-1,-1
149,14,597.97,254.15,47.10,120.40,0.84,-1,-1,-1
