0,1,545.40,219.26,92.70,260.44,0.94,-1,-1,-1
0,2,764.55,236.02,98.10,187.20,0.93,-1,-1,-1
0,3,1117.80,197.55,109.80,239.85,0.93,-1,-1,-1
0,4,883.80,208.69,62.10,180.56,0.93,-1,-1,-1
0,5,748.35,224.66,54.00,141.64,0.92,-1,-1,-1
0,6,706.50,230.85,46.80,131.40,0.92,-1,-1,-1
0,7,843.30,225.11,50.40,121.39,0.91,-1,-1,-1
0,8,661.50,223.65,49.50,140.40,0.90,-1,-1,-1
0,9,913.50,225.90,50.40,117.45,0.88,-1,-1,-1
0,10,810.90,229.72,39.60,116.55,0.76,-1,-1,-1
0,11,773.55,223.54,35.10,113.74,0.75,-1,-1,-1
1,1,541.08,217.78,95.05,263.77,0.93,-1,-1,-1
1,2,761.94,238.71,98.91,185.80,0.94,-1,-1,-1
1,3,1118.59,197.95,109.82,241.61,0.93,-1,-1,-1
1,4,882.46,209.92,62.49,180.61,0.93,-1,-1,-1
1,5,746.52,223.14,54.00,144.58,0.92,-1,-1,-1
1,6,705.03,230.59,46.80,133.07,0.91,-1,-1,-1
1,7,842.71,226.24,50.41,121.68,0.90,-1,-1,-1
1,8,657.26,224.15,51.07,140.51,0.91,-1,-1,-1
1,9,912.96,226.27,50.02,118.33,0.89,-1,-1,-1
1,10,807.55,230.47,38.82,116.26,0.59,-1,-1,-1
1,11,772.52,223.97,33.53,113.93,0.75,-1,-1,-1
2,1,537.06,216.97,96.15,268.60,0.94,-1,-1,-1
2,2,757.97,238.22,101.87,188.47,0.93,-1,-1,-1
2,3,1118.88,198.52,108.43,242.76,0.93,-1,-1,-1
2,4,881.22,210.68,62.91,180.80,0.93,-1,-1,-1
2,5,744.78,222.71,54.00,146.14,0.92,-1,-1,-1
2,6,702.62,231.69,46.80,133.43,0.91,-1,-1,-1
2,7,842.28,227.52,49.71,121.36,0.91,-1,-1,-1
2,8,654.71,225.02,51.34,140.96,0.91,-1,-1,-1
2,9,912.22,227.34,49.96,117.85,0.88,-1,-1,-1
2,10,805.57,231.40,39.39,116.26,0.66,-1,-1,-1
2,11,771.64,224.14,33.27,113.32,0.75,-1,-1,-1
3,1,531.25,214.92,98.63,272.67,0.95,-1,-1,-1
3,2,755.61,234.56,102.22,193.46,0.93,-1,-1,-1
3,3,1118.22,199.04,109.49,242.75,0.95,-1,-1,-1
3,4,880.08,211.76,61.75,180.80,0.93,-1,-1,-1
3,5,741.05,221.98,55.45,147.70,0.93,-1,-1,-1
3,6,699.37,233.06,48.93,133.52,0.92,-1,-1,-1
3,7,841.38,229.04,49.55,120.22,0.92,-1,-1,-1
3,8,650.76,225.47,52.14,142.14,0.93,-1,-1,-1
3,9,910.89,227.92,48.96,118.72,0.90,-1,-1,-1
3,10,801.14,231.99,44.44,122.13,0.80,-1,-1,-1
3,11,767.11,224.16,37.44,122.09,0.80,-1,-1,-1
4,1,525.53,214.93,99.45,275.88,0.94,-1,-1,-1
4,2,753.37,231.69,102.93,198.02,0.93,-1,-1,-1
4,3,1117.42,199.87,111.23,244.96,0.95,-1,-1,-1
4,4,878.82,212.37,61.71,182.47,0.92,-1,-1,-1
4,5,737.63,221.41,56.60,150.48,0.93,-1,-1,-1
4,6,696.10,234.79,50.29,135.20,0.92,-1,-1,-1
4,7,840.84,229.45,50.20,121.55,0.92,-1,-1,-1
4,8,647.28,226.65,53.07,143.60,0.93,-1,-1,-1
4,9,910.56,228.54,47.31,120.01,0.90,-1,-1,-1
4,10,793.14,232.15,50.50,126.64,0.82,-1,-1,-1
4,11,764.71,223.75,37.53,124.88,0.80,-1,-1,-1
5,1,520.05,216.40,100.26,279.50,0.95,-1,-1,-1
5,2,748.57,233.51,105.66,200.97,0.93,-1,-1,-1
5,3,1115.74,201.38,114.35,247.26,0.94,-1,-1,-1
5,4,877.45,213.31,60.71,183.66,0.93,-1,-1,-1
5,5,735.00,222.15,57.59,151.53,0.93,-1,-1,-1
5,6,692.59,236.66,51.35,136.01,0.91,-1,-1,-1
5,7,840.35,230.54,50.41,121.95,0.91,-1,-1,-1
5,8,644.70,228.11,54.62,143.92,0.92,-1,-1,-1
5,9,909.48,230.36,46.45,119.40,0.90,-1,-1,-1
5,10,794.04,233.13,49.77,123.35,0.84,-1,-1,-1
5,11,762.76,225.20,37.44,123.11,0.82,-1,-1,-1
6,1,514.12,217.46,101.43,281.96,0.94,-1,-1,-1
6,2,748.19,237.84,105.06,198.63,0.93,-1,-1,-1
6,3,1116.00,202.51,113.85,248.47,0.94,-1,-1,-1
6,4,876.50,214.45,59.86,184.45,0.93,-1,-1,-1
6,5,733.54,222.93,57.73,152.18,0.93,-1,-1,-1
6,6,689.59,237.88,50.90,136.48,0.91,-1,-1,-1
6,7,840.68,230.73,50.34,121.91,0.91,-1,-1,-1
6,8,642.12,229.33,53.10,144.52,0.91,-1,-1,-1
6,9,907.90,231.59,46.40,120.01,0.89,-1,-1,-1
6,10,795.68,234.27,47.18,119.98,0.83,-1,-1,-1
6,11,760.87,226.56,37.84,125.17,0.80,-1,-1,-1
7,1,508.46,220.49,102.70,285.35,0.94,-1,-1,-1
7,2,745.84,242.68,105.62,194.83,0.92,-1,-1,-1
7,3,1115.20,202.74,115.13,250.99,0.94,-1,-1,-1
7,4,874.55,215.43,61.02,185.07,0.92,-1,-1,-1
7,5,730.45,223.70,59.75,153.54,0.92,-1,-1,-1
7,6,685.32,238.70,52.68,137.57,0.92,-1,-1,-1
7,7,839.77,231.33,49.81,121.69,0.91,-1,-1,-1
7,8,639.53,230.36,52.02,145.36,0.92,-1,-1,-1
7,9,906.39,232.73,46.52,119.62,0.88,-1,-1,-1
7,10,794.76,234.88,45.58,120.62,0.79,-1,-1,-1
7,11,758.56,227.63,38.69,128.26,0.77,-1,-1,-1
8,1,502.52,222.69,103.08,289.53,0.94,-1,-1,-1
8,2,743.13,246.50,106.98,193.36,0.92,-1,-1,-1
8,3,1114.52,202.80,116.75,253.17,0.94,-1,-1,-1
8,4,873.48,215.96,60.81,186.19,0.93,-1,-1,-1
8,5,728.09,224.64,60.45,153.68,0.92,-1,-1,-1
8,6,681.63,238.83,54.50,138.56,0.92,-1,-1,-1
8,7,839.04,231.72,49.60,121.92,0.91,-1,-1,-1
8,8,636.43,230.88,51.59,145.02,0.91,-1,-1,-1
8,9,904.85,233.01,46.58,119.47,0.87,-1,-1,-1
8,10,792.88,235.29,44.92,120.83,0.81,-1,-1,-1
8,11,756.17,228.51,39.57,128.73,0.76,-1,-1,-1
9,1,499.34,225.08,102.51,295.81,0.93,-1,-1,-1
9,2,741.79,250.27,106.18,190.79,0.93,-1,-1,-1
9,3,1113.88,203.52,117.26,253.72,0.94,-1,-1,-1
9,4,871.99,216.02,61.64,187.43,0.92,-1,-1,-1
9,5,726.57,225.28,59.44,154.17,0.92,-1,-1,-1
9,6,678.16,239.42,53.94,138.80,0.91,-1,-1,-1
9,7,837.97,232.12,49.50,122.21,0.90,-1,-1,-1
9,8,635.06,232.71,49.56,144.15,0.92,-1,-1,-1
9,9,903.47,233.96,46.60,120.24,0.87,-1,-1,-1
9,10,790.27,236.00,45.84,125.39,0.80,-1,-1,-1
9,11,754.30,229.24,38.65,130.23,0.76,-1,-1,-1
10,1,497.26,226.29,100.98,304.14,0.93,-1,-1,-1
10,2,740.83,253.20,106.40,188.89,0.94,-1,-1,-1
10,3,1113.34,204.34,118.57,253.82,0.94,-1,-1,-1
10,4,871.21,216.56,61.92,187.52,0.93,-1,-1,-1
10,5,724.65,227.40,59.60,154.28,0.92,-1,-1,-1
10,6,674.94,238.75,55.45,140.65,0.90,-1,-1,-1
10,7,838.23,232.32,48.23,122.31,0.90,-1,-1,-1
10,8,632.27,235.40,50.66,141.02,0.92,-1,-1,-1
10,9,901.79,235.28,47.53,118.97,0.87,-1,-1,-1
10,10,789.11,237.06,44.32,123.42,0.81,-1,-1,-1
10,11,751.62,229.58,39.45,132.49,0.80,-1,-1,-1
11,1,493.39,227.69,102.23,312.47,0.93,-1,-1,-1
11,2,737.62,249.16,107.68,194.34,0.94,-1,-1,-1
11,3,1113.60,204.08,119.05,255.89,0.95,-1,-1,-1
11,4,869.85,217.11,62.34,188.39,0.93,-1,-1,-1
11,5,722.28,228.34,59.65,155.20,0.92,-1,-1,-1
11,6,673.00,238.17,54.22,141.94,0.90,-1,-1,-1
11,7,838.45,232.68,46.54,122.97,0.91,-1,-1,-1
11,8,629.59,236.21,50.46,140.80,0.91,-1,-1,-1
11,9,900.42,236.19,47.89,118.51,0.87,-1,-1,-1
11,10,788.26,238.05,43.10,118.68,0.77,-1,-1,-1
11,11,748.38,230.28,39.75,129.11,0.80,-1,-1,-1
12,1,489.99,227.64,103.30,317.73,0.93,-1,-1,-1
12,2,734.40,249.77,109.36,195.73,0.93,-1,-1,-1
12,3,1114.35,203.81,119.22,257.52,0.95,-1,-1,-1
12,4,868.50,217.47,62.82,188.39,0.93,-1,-1,-1
12,5,720.28,228.93,59.06,155.60,0.92,-1,-1,-1
12,6,670.91,237.97,54.30,142.70,0.90,-1,-1,-1
12,7,838.25,232.67,46.57,123.21,0.91,-1,-1,-1
12,8,626.88,235.74,50.40,140.43,0.90,-1,-1,-1
12,9,898.46,236.67,48.35,118.04,0.87,-1,-1,-1
12,10,786.52,238.44,42.64,115.03,0.78,-1,-1,-1
12,11,746.94,230.86,38.65,125.30,0.81,-1,-1,-1
13,1,483.76,228.73,107.79,318.38,0.92,-1,-1,-1
13,2,732.74,243.56,109.87,203.59,0.94,-1,-1,-1
13,3,1114.70,204.26,120.34,257.86,0.95,-1,-1,-1
13,4,867.69,217.15,62.95,189.18,0.93,-1,-1,-1
13,5,719.40,229.22,58.76,156.93,0.92,-1,-1,-1
13,6,667.96,237.96,56.07,143.42,0.90,-1,-1,-1
13,7,837.85,233.04,46.56,123.19,0.91,-1,-1,-1
13,8,625.52,235.30,50.34,141.70,0.90,-1,-1,-1
13,9,897.10,236.59,48.78,118.08,0.84,-1,-1,-1
13,10,785.35,238.63,45.47,120.38,0.64,-1,-1,-1
13,11,744.75,230.84,39.38,127.37,0.73,-1,-1,-1
14,1,477.43,226.02,111.32,321.12,0.93,-1,-1,-1
14,2,731.32,244.63,110.74,203.18,0.93,-1,-1,-1
14,3,1116.20,203.65,119.66,260.05,0.95,-1,-1,-1
14,4,866.41,216.32,63.94,190.81,0.93,-1,-1,-1
14,5,716.74,229.37,58.69,157.96,0.91,-1,-1,-1
14,6,665.99,237.78,52.62,144.44,0.89,-1,-1,-1
14,7,836.94,232.71,47.22,124.23,0.91,-1,-1,-1
14,8,622.90,232.98,49.76,143.85,0.90,-1,-1,-1
14,9,894.15,235.79,51.99,119.74,0.74,-1,-1,-1
14,10,783.56,239.13,44.18,120.64,0.81,-1,-1,-1
14,11,741.95,231.10,39.67,126.16,0.79,-1,-1,-1
15,1,472.94,222.84,113.09,326.22,0.93,-1,-1,-1
15,2,730.40,246.63,110.91,201.81,0.92,-1,-1,-1
15,3,1117.06,203.16,119.22,261.80,0.94,-1,-1,-1
15,4,865.04,216.86,63.94,190.88,0.93,-1,-1,-1
15,5,714.77,229.44,59.20,158.20,0.91,-1,-1,-1
15,6,663.46,237.49,52.37,145.22,0.89,-1,-1,-1
15,7,836.32,232.97,46.83,124.17,0.91,-1,-1,-1
15,8,620.15,233.39,50.10,142.69,0.89,-1,-1,-1
15,9,892.14,235.71,52.82,120.23,0.71,-1,-1,-1
15,10,783.02,239.83,42.37,119.99,0.79,-1,-1,-1
15,11,739.89,230.83,39.13,126.12,0.79,-1,-1,-1
16,1,467.14,220.74,117.35,331.04,0.93,-1,-1,-1
16,2,728.51,248.49,112.23,201.17,0.91,-1,-1,-1
16,3,1117.68,203.34,120.33,263.60,0.94,-1,-1,-1
16,4,864.00,216.80,64.58,191.68,0.92,-1,-1,-1
16,5,713.07,229.26,59.42,159.56,0.91,-1,-1,-1
16,6,660.03,238.32,52.92,145.94,0.89,-1,-1,-1
16,7,835.49,233.12,47.33,124.88,0.90,-1,-1,-1
16,8,616.27,234.47,50.27,145.42,0.87,-1,-1,-1
16,9,891.77,235.73,52.29,120.85,0.76,-1,-1,-1
16,10,781.92,239.84,42.33,121.07,0.73,-1,-1,-1
16,11,738.20,230.91,39.53,123.82,0.77,-1,-1,-1
17,1,458.88,217.73,123.81,337.61,0.93,-1,-1,-1
17,2,726.83,249.99,112.85,200.97,0.91,-1,-1,-1
17,3,1117.98,203.66,122.10,264.86,0.94,-1,-1,-1
17,4,863.27,216.91,63.44,193.26,0.93,-1,-1,-1
17,5,710.25,229.10,60.79,161.00,0.91,-1,-1,-1
17,6,657.45,238.86,52.61,146.24,0.90,-1,-1,-1
17,7,834.20,233.33,47.60,124.29,0.91,-1,-1,-1
17,8,612.29,233.92,51.62,152.46,0.90,-1,-1,-1
17,9,891.64,235.86,52.14,121.43,0.80,-1,-1,-1
17,10,779.94,240.92,42.38,117.33,0.79,-1,-1,-1
17,11,735.40,230.68,40.94,123.89,0.78,-1,-1,-1
18,1,452.04,214.12,127.97,344.82,0.93,-1,-1,-1
18,2,725.67,246.69,112.33,206.22,0.91,-1,-1,-1
18,3,1119.42,204.84,122.58,266.04,0.93,-1,-1,-1
18,4,862.99,217.52,63.78,194.96,0.92,-1,-1,-1
18,5,708.38,229.61,61.20,162.14,0.91,-1,-1,-1
18,6,655.43,239.84,54.20,146.58,0.90,-1,-1,-1
18,7,835.50,234.70,45.23,123.13,0.89,-1,-1,-1
18,8,609.75,233.58,52.64,154.17,0.89,-1,-1,-1
18,9,890.69,235.88,52.60,122.51,0.79,-1,-1,-1
18,10,779.83,241.98,42.94,116.15,0.67,-1,-1,-1
18,11,733.23,231.40,40.81,123.58,0.82,-1,-1,-1
19,1,446.84,212.56,128.06,350.45,0.94,-1,-1,-1
19,2,723.90,244.89,112.57,210.05,0.92,-1,-1,-1
19,3,1120.30,205.37,122.60,268.74,0.94,-1,-1,-1
19,4,862.00,217.73,64.13,196.22,0.92,-1,-1,-1
19,5,706.96,229.46,60.68,163.52,0.91,-1,-1,-1
19,6,653.72,240.82,54.13,146.25,0.90,-1,-1,-1
19,7,833.53,235.27,45.52,123.78,0.89,-1,-1,-1
19,8,607.90,234.94,51.78,153.18,0.90,-1,-1,-1
19,9,889.13,235.93,50.91,124.00,0.78,-1,-1,-1
19,10,779.29,242.69,43.70,117.45,0.69,-1,-1,-1
19,11,731.68,231.86,40.69,124.56,0.82,-1,-1,-1
20,1,440.20,212.15,131.64,361.79,0.94,-1,-1,-1
20,2,725.50,247.01,109.16,208.36,0.92,-1,-1,-1
20,3,1121.30,205.51,123.89,271.52,0.94,-1,-1,-1
20,4,860.96,219.79,64.33,195.68,0.92,-1,-1,-1
20,5,703.90,229.77,61.13,164.48,0.91,-1,-1,-1
20,6,649.95,242.54,55.94,146.49,0.90,-1,-1,-1
20,7,833.34,236.19,45.07,125.31,0.89,-1,-1,-1
20,8,604.63,234.86,52.69,156.12,0.89,-1,-1,-1
20,9,889.42,237.11,48.79,121.65,0.83,-1,-1,-1
20,10,777.79,243.69,44.62,120.12,0.74,-1,-1,-1
20,11,728.90,232.16,41.27,128.90,0.81,-1,-1,-1
21,1,433.55,213.60,132.93,366.03,0.94,-1,-1,-1
21,2,721.21,250.52,112.06,210.03,0.92,-1,-1,-1
21,3,1122.14,207.35,124.35,273.29,0.94,-1,-1,-1
21,4,859.28,220.71,64.39,197.25,0.91,-1,-1,-1
21,5,700.89,230.09,62.47,165.64,0.92,-1,-1,-1
21,6,647.86,244.05,54.24,146.89,0.91,-1,-1,-1
21,7,831.33,238.03,45.52,123.49,0.89,-1,-1,-1
21,8,601.55,234.96,52.42,158.11,0.89,-1,-1,-1
21,9,888.84,237.85,46.77,119.84,0.83,-1,-1,-1
21,10,776.52,244.49,44.37,119.05,0.73,-1,-1,-1
21,11,728.07,233.00,40.28,127.58,0.80,-1,-1,-1
22,1,427.24,218.06,132.60,374.32,0.95,-1,-1,-1
22,2,719.61,251.93,111.82,211.67,0.91,-1,-1,-1
22,3,1122.97,208.00,123.17,276.31,0.93,-1,-1,-1
22,4,857.91,222.08,64.63,197.67,0.92,-1,-1,-1
22,5,698.89,231.07,62.90,167.41,0.92,-1,-1,-1
22,6,644.18,245.31,56.51,148.08,0.91,-1,-1,-1
22,7,830.16,240.49,45.65,122.40,0.89,-1,-1,-1
22,8,598.43,236.72,52.85,159.88,0.88,-1,-1,-1
22,9,886.32,238.86,47.23,122.69,0.84,-1,-1,-1
22,10,775.99,245.02,43.61,114.34,0.72,-1,-1,-1
22,11,725.39,233.88,42.25,130.81,0.80,-1,-1,-1
23,1,419.25,220.20,132.91,377.92,0.94,-1,-1,-1
23,2,720.51,250.43,109.25,213.59,0.93,-1,-1,-1
23,3,1122.93,209.71,123.84,276.08,0.93,-1,-1,-1
23,4,856.69,223.11,64.69,198.55,0.92,-1,-1,-1
23,5,696.08,231.97,64.21,167.03,0.92,-1,-1,-1
23,6,640.52,245.84,57.30,149.31,0.91,-1,-1,-1
23,7,829.00,241.60,45.08,121.92,0.89,-1,-1,-1
23,8,596.18,237.17,51.79,161.89,0.89,-1,-1,-1
23,9,885.29,239.73,46.77,120.67,0.83,-1,-1,-1
23,10,773.64,244.82,45.10,124.38,0.73,-1,-1,-1
23,11,724.38,234.87,41.77,130.15,0.80,-1,-1,-1
24,1,409.30,221.64,140.58,392.51,0.94,-1,-1,-1
24,2,718.19,251.11,110.16,214.94,0.91,-1,-1,-1
24,3,1122.46,211.25,125.35,277.82,0.93,-1,-1,-1
24,4,855.41,224.70,64.76,198.35,0.92,-1,-1,-1
24,5,693.87,232.95,63.55,168.71,0.92,-1,-1,-1
24,6,637.38,246.68,58.22,150.42,0.90,-1,-1,-1
24,7,828.33,242.03,44.31,122.41,0.89,-1,-1,-1
24,8,593.27,237.85,52.03,162.97,0.88,-1,-1,-1
24,9,884.11,240.24,46.35,122.05,0.84,-1,-1,-1
24,10,772.21,244.52,45.68,130.29,0.79,-1,-1,-1
24,11,721.38,235.45,43.98,132.59,0.80,-1,-1,-1
25,1,399.74,225.01,144.01,402.61,0.92,-1,-1,-1
25,2,712.21,251.82,114.68,217.52,0.92,-1,-1,-1
25,3,1122.86,211.68,125.91,280.26,0.94,-1,-1,-1
25,4,853.73,225.75,65.38,198.88,0.93,-1,-1,-1
25,5,691.26,234.65,63.28,167.56,0.92,-1,-1,-1
25,6,634.72,247.13,57.37,151.44,0.92,-1,-1,-1
25,7,827.15,242.34,44.04,122.61,0.89,-1,-1,-1
25,8,590.09,237.50,52.71,166.01,0.88,-1,-1,-1
25,9,881.25,240.59,47.42,124.67,0.79,-1,-1,-1
25,10,771.35,244.39,45.29,130.58,0.65,-1,-1,-1
25,11,720.52,236.39,43.04,132.94,0.80,-1,-1,-1
26,1,389.17,225.70,145.88,417.75,0.94,-1,-1,-1
26,2,713.83,255.81,110.99,212.76,0.91,-1,-1,-1
26,3,1121.62,211.57,127.22,282.14,0.94,-1,-1,-1
26,4,851.26,225.98,66.16,199.35,0.92,-1,-1,-1
26,5,688.25,234.45,63.72,168.81,0.91,-1,-1,-1
26,6,630.54,247.03,58.18,152.34,0.91,-1,-1,-1
26,7,825.46,242.05,43.92,122.65,0.89,-1,-1,-1
26,8,587.82,238.14,51.14,165.61,0.87,-1,-1,-1
26,9,879.84,241.51,47.49,122.34,0.85,-1,-1,-1
26,10,769.84,244.97,43.33,115.24,0.78,-1,-1,-1
26,11,718.78,236.80,43.81,132.68,0.82,-1,-1,-1
27,1,378.97,226.59,153.42,425.70,0.93,-1,-1,-1
27,2,713.79,253.64,108.92,213.76,0.93,-1,-1,-1
27,3,1121.08,211.62,127.70,282.66,0.94,-1,-1,-1
27,4,849.54,225.39,66.47,200.23,0.92,-1,-1,-1
27,5,684.04,236.07,65.08,168.87,0.91,-1,-1,-1
27,6,627.44,246.89,56.71,152.88,0.92,-1,-1,-1
27,7,824.33,241.79,43.90,122.91,0.89,-1,-1,-1
27,8,584.83,238.91,50.56,163.52,0.87,-1,-1,-1
27,9,879.12,241.87,46.64,121.38,0.85,-1,-1,-1
27,10,767.60,244.95,43.80,115.55,0.76,-1,-1,-1
27,11,717.70,237.75,43.51,132.21,0.83,-1,-1,-1
28,1,366.38,227.24,156.95,433.94,0.93,-1,-1,-1
28,2,707.71,254.26,111.77,215.85,0.92,-1,-1,-1
28,3,1119.54,211.19,127.85,283.43,0.94,-1,-1,-1
28,4,847.34,224.05,66.57,202.02,0.91,-1,-1,-1
28,5,680.96,237.35,64.39,168.85,0.92,-1,-1,-1
28,6,624.20,245.43,56.72,156.61,0.92,-1,-1,-1
28,7,821.43,241.03,45.11,123.59,0.90,-1,-1,-1
28,8,582.84,238.39,48.54,163.56,0.86,-1,-1,-1
28,9,877.29,241.78,47.23,122.50,0.87,-1,-1,-1
28,10,763.43,243.21,46.95,121.66,0.82,-1,-1,-1
28,11,714.89,237.89,44.56,134.07,0.84,-1,-1,-1
29,1,355.45,226.06,159.53,441.51,0.94,-1,-1,-1
29,2,704.96,253.27,112.81,216.64,0.92,-1,-1,-1
29,3,1118.45,209.97,129.08,285.03,0.94,-1,-1,-1
29,4,845.42,222.93,66.60,202.69,0.91,-1,-1,-1
29,5,677.24,236.76,65.30,170.62,0.91,-1,-1,-1
29,6,621.04,245.44,56.12,152.40,0.91,-1,-1,-1
29,7,819.54,241.02,45.56,123.27,0.89,-1,-1,-1
29,8,577.99,238.48,50.24,164.13,0.89,-1,-1,-1
29,9,876.71,241.73,46.86,123.24,0.87,-1,-1,-1
29,10,759.32,241.97,49.85,131.27,0.84,-1,-1,-1
29,11,713.04,237.76,43.77,135.07,0.83,-1,-1,-1
30,1,344.43,221.97,162.92,450.44,0.95,-1,-1,-1
30,2,699.63,250.98,116.18,221.22,0.92,-1,-1,-1
30,3,1118.16,209.13,128.35,286.26,0.94,-1,-1,-1
30,4,842.78,222.51,67.21,203.81,0.91,-1,-1,-1
30,5,673.96,236.39,65.05,173.05,0.92,-1,-1,-1
30,6,618.27,244.27,55.30,155.52,0.92,-1,-1,-1
30,7,817.48,240.43,46.33,125.25,0.89,-1,-1,-1
30,8,575.50,238.08,48.48,164.05,0.88,-1,-1,-1
30,9,875.76,241.57,47.63,122.02,0.85,-1,-1,-1
30,10,755.85,241.65,50.97,136.08,0.86,-1,-1,-1
30,11,711.62,237.72,43.45,130.39,0.83,-1,-1,-1
31,1,332.53,216.25,168.54,459.33,0.95,-1,-1,-1
31,2,699.43,250.16,114.52,220.57,0.92,-1,-1,-1
31,3,1117.47,208.77,129.27,287.36,0.94,-1,-1,-1
31,4,841.22,222.70,66.86,203.93,0.92,-1,-1,-1
31,5,670.11,235.42,64.95,174.84,0.93,-1,-1,-1
31,6,615.21,244.20,55.00,156.96,0.92,-1,-1,-1
31,7,815.24,240.26,47.23,125.70,0.89,-1,-1,-1
31,8,571.63,237.11,48.43,165.48,0.88,-1,-1,-1
31,9,873.64,240.65,49.12,122.76,0.84,-1,-1,-1
31,10,753.08,241.16,51.40,137.94,0.86,-1,-1,-1
31,11,709.34,237.61,43.93,130.68,0.83,-1,-1,-1
32,1,319.34,210.52,171.12,469.08,0.95,-1,-1,-1
32,2,693.14,251.42,118.60,222.72,0.91,-1,-1,-1
32,3,1117.28,208.05,129.56,289.46,0.93,-1,-1,-1
32,4,839.50,222.12,66.69,205.20,0.92,-1,-1,-1
32,5,666.32,234.65,64.88,176.44,0.93,-1,-1,-1
32,6,612.02,243.92,54.87,156.94,0.92,-1,-1,-1
32,7,812.94,239.84,48.73,126.49,0.89,-1,-1,-1
32,8,566.31,235.30,49.60,168.11,0.89,-1,-1,-1
32,9,871.69,239.07,49.66,124.27,0.84,-1,-1,-1
32,10,749.99,240.91,52.11,137.78,0.88,-1,-1,-1
32,11,706.13,237.19,45.86,134.40,0.84,-1,-1,-1
33,1,304.88,205.74,175.04,479.03,0.94,-1,-1,-1
33,2,689.34,254.32,119.59,222.46,0.92,-1,-1,-1
33,3,1115.67,207.67,130.93,291.73,0.93,-1,-1,-1
33,4,837.76,222.31,67.26,206.02,0.92,-1,-1,-1
33,5,661.36,233.96,66.68,177.71,0.93,-1,-1,-1
33,6,606.64,245.37,55.46,157.59,0.91,-1,-1,-1
33,7,810.96,239.58,49.92,126.87,0.89,-1,-1,-1
33,8,562.82,234.65,48.88,171.57,0.88,-1,-1,-1
33,9,871.36,240.30,49.02,123.14,0.86,-1,-1,-1
33,10,746.52,241.02,53.57,138.32,0.87,-1,-1,-1
33,11,703.46,236.77,46.61,135.00,0.85,-1,-1,-1
34,1,285.51,203.33,183.90,486.75,0.92,-1,-1,-1
34,2,685.85,256.84,119.30,221.93,0.92,-1,-1,-1
34,3,1113.88,208.39,132.55,293.71,0.93,-1,-1,-1
34,4,835.35,222.58,68.01,206.99,0.93,-1,-1,-1
34,5,657.76,233.75,67.30,179.08,0.92,-1,-1,-1
34,6,602.29,245.37,56.24,159.92,0.92,-1,-1,-1
34,7,811.97,239.26,47.40,126.16,0.90,-1,-1,-1
34,8,554.96,235.38,52.80,170.47,0.91,-1,-1,-1
34,9,868.28,236.28,50.52,127.50,0.84,-1,-1,-1
34,10,744.04,241.16,53.49,139.69,0.87,-1,-1,-1
34,11,700.39,236.99,47.44,136.71,0.83,-1,-1,-1
35,1,269.48,201.36,188.95,507.01,0.93,-1,-1,-1
35,2,683.66,257.63,118.55,221.70,0.91,-1,-1,-1
35,3,1113.81,209.03,133.13,295.28,0.94,-1,-1,-1
35,4,833.15,222.67,68.89,207.82,0.93,-1,-1,-1
35,5,654.07,233.69,67.52,180.65,0.92,-1,-1,-1
35,6,598.93,246.87,56.53,161.87,0.93,-1,-1,-1
35,7,812.02,239.74,45.79,125.51,0.89,-1,-1,-1
35,8,550.08,235.38,54.21,172.01,0.91,-1,-1,-1
35,9,865.82,235.79,52.26,128.45,0.87,-1,-1,-1
35,10,742.19,242.10,52.84,138.61,0.84,-1,-1,-1
35,11,697.73,236.77,48.34,137.86,0.80,-1,-1,-1
36,1,252.91,204.50,193.44,516.27,0.93,-1,-1,-1
36,2,679.94,260.30,120.65,222.43,0.92,-1,-1,-1
36,3,1112.78,209.69,134.54,297.80,0.94,-1,-1,-1
36,4,831.54,223.45,69.22,209.09,0.92,-1,-1,-1
36,5,650.39,233.52,67.60,183.06,0.92,-1,-1,-1
36,6,593.28,247.31,59.03,166.18,0.92,-1,-1,-1
36,7,811.82,240.23,44.60,125.91,0.89,-1,-1,-1
36,8,544.72,236.12,56.52,174.69,0.90,-1,-1,-1
36,9,862.64,237.28,53.50,130.33,0.86,-1,-1,-1
36,10,740.10,243.81,52.57,138.49,0.88,-1,-1,-1
36,11,694.73,236.70,49.84,142.47,0.85,-1,-1,-1
37,1,237.42,207.78,196.85,526.65,0.92,-1,-1,-1
37,2,676.26,262.59,122.64,223.16,0.92,-1,-1,-1
37,3,1112.50,210.54,135.09,299.58,0.94,-1,-1,-1
37,4,829.24,223.70,69.95,210.77,0.92,-1,-1,-1
37,5,645.85,233.42,68.23,184.56,0.93,-1,-1,-1
37,6,588.58,248.30,60.56,168.71,0.92,-1,-1,-1
37,7,810.90,240.82,44.78,127.26,0.87,-1,-1,-1
37,8,539.26,236.37,58.00,175.13,0.89,-1,-1,-1
37,9,862.39,239.56,52.23,129.01,0.87,-1,-1,-1
37,10,739.11,244.56,51.28,139.03,0.85,-1,-1,-1
37,11,693.06,237.65,49.84,137.50,0.85,-1,-1,-1
38,1,220.32,211.40,201.06,547.65,0.93,-1,-1,-1
38,2,673.01,263.41,124.03,225.15,0.92,-1,-1,-1
38,3,1111.84,211.26,136.53,301.50,0.94,-1,-1,-1
38,4,826.54,224.51,70.26,211.77,0.93,-1,-1,-1
38,5,640.49,233.07,70.28,186.34,0.93,-1,-1,-1
38,6,583.15,249.25,61.76,170.01,0.91,-1,-1,-1
38,7,808.98,241.03,45.48,127.51,0.89,-1,-1,-1
38,8,532.35,237.34,60.92,178.87,0.90,-1,-1,-1
38,9,861.38,240.42,51.14,128.52,0.87,-1,-1,-1
38,10,735.09,244.84,52.00,141.61,0.87,-1,-1,-1
38,11,690.27,237.39,50.42,138.83,0.84,-1,-1,-1
39,1,207.73,215.07,201.86,553.83,0.92,-1,-1,-1
39,2,674.26,264.03,119.72,223.64,0.91,-1,-1,-1
39,3,1111.60,212.70,136.97,302.91,0.94,-1,-1,-1
39,4,825.49,225.46,69.73,212.26,0.92,-1,-1,-1
39,5,636.85,233.00,71.00,188.02,0.93,-1,-1,-1
39,6,579.23,250.69,61.58,170.04,0.91,-1,-1,-1
39,7,807.91,241.61,45.73,127.81,0.89,-1,-1,-1
39,8,525.88,238.24,64.88,179.52,0.90,-1,-1,-1
39,9,861.24,241.85,49.49,127.03,0.88,-1,-1,-1
39,10,732.44,245.89,52.23,141.57,0.88,-1,-1,-1
39,11,687.82,237.82,50.60,140.40,0.84,-1,-1,-1
40,1,189.71,218.52,209.56,561.89,0.92,-1,-1,-1
40,2,669.24,266.48,122.18,223.19,0.92,-1,-1,-1
40,3,1110.79,213.01,138.24,306.27,0.94,-1,-1,-1
40,4,824.26,225.97,69.49,213.19,0.92,-1,-1,-1
40,5,633.32,232.40,72.41,189.99,0.93,-1,-1,-1
40,6,574.74,250.50,62.65,171.67,0.90,-1,-1,-1
40,7,805.47,241.99,47.60,129.02,0.89,-1,-1,-1
40,8,520.48,238.44,67.53,181.71,0.89,-1,-1,-1
40,9,859.72,241.79,49.46,127.57,0.86,-1,-1,-1
40,10,730.38,245.53,53.48,140.53,0.86,-1,-1,-1
40,11,685.56,237.54,50.63,139.12,0.84,-1,-1,-1
41,1,179.41,221.56,208.49,565.02,0.87,-1,-1,-1
41,2,666.20,267.15,123.70,226.69,0.92,-1,-1,-1
41,3,1111.22,213.36,138.74,308.37,0.94,-1,-1,-1
41,4,822.96,226.39,69.41,213.92,0.92,-1,-1,-1
41,5,629.63,232.40,73.53,191.67,0.93,-1,-1,-1
41,6,570.38,251.08,63.06,172.34,0.90,-1,-1,-1
41,7,805.44,241.89,47.13,130.15,0.88,-1,-1,-1
41,8,516.88,238.85,67.98,184.97,0.90,-1,-1,-1
41,9,856.81,237.83,50.66,132.29,0.86,-1,-1,-1
41,10,727.55,245.48,55.13,138.97,0.86,-1,-1,-1
41,11,684.40,237.79,50.05,136.89,0.84,-1,-1,-1
42,1,151.32,221.68,225.47,580.16,0.92,-1,-1,-1
42,2,663.73,266.60,124.30,230.27,0.92,-1,-1,-1
42,3,1110.15,212.88,141.34,311.34,0.94,-1,-1,-1
42,4,821.05,226.62,70.62,214.07,0.93,-1,-1,-1
42,5,626.65,232.39,73.99,192.78,0.93,-1,-1,-1
42,6,565.11,250.56,65.01,173.95,0.91,-1,-1,-1
42,7,804.02,241.95,48.16,129.91,0.88,-1,-1,-1
42,8,513.42,238.73,70.47,187.55,0.91,-1,-1,-1
42,9,856.37,238.31,49.95,131.37,0.85,-1,-1,-1
42,10,724.83,244.66,56.96,140.99,0.87,-1,-1,-1
42,11,680.83,237.89,52.21,147.37,0.81,-1,-1,-1
43,1,126.21,218.42,239.28,601.93,0.92,-1,-1,-1
43,2,660.24,264.81,126.86,233.93,0.92,-1,-1,-1
43,3,1110.31,212.70,142.27,312.89,0.94,-1,-1,-1
43,4,819.21,226.79,71.06,214.37,0.93,-1,-1,-1
43,5,623.89,231.89,74.71,194.31,0.93,-1,-1,-1
43,6,559.75,249.69,66.89,175.67,0.91,-1,-1,-1
43,7,803.23,241.31,47.95,129.79,0.87,-1,-1,-1
43,8,509.65,238.48,70.82,189.36,0.90,-1,-1,-1
43,9,854.17,236.23,50.86,133.33,0.86,-1,-1,-1
43,10,723.87,243.99,56.47,136.97,0.88,-1,-1,-1
43,11,678.40,237.84,52.42,141.87,0.82,-1,-1,-1
44,1,102.00,214.88,251.57,617.67,0.88,-1,-1,-1
44,2,658.79,261.92,127.21,237.33,0.92,-1,-1,-1
44,3,1110.41,211.60,143.78,314.55,0.94,-1,-1,-1
44,4,817.73,225.77,71.81,216.14,0.93,-1,-1,-1
44,5,620.68,231.60,75.56,195.40,0.93,-1,-1,-1
44,6,557.01,247.46,66.43,178.34,0.91,-1,-1,-1
44,7,801.83,240.36,49.05,130.01,0.87,-1,-1,-1
44,8,503.76,238.14,70.90,189.97,0.92,-1,-1,-1
44,9,853.15,234.15,50.61,134.92,0.87,-1,-1,-1
44,10,721.60,242.43,57.43,138.68,0.87,-1,-1,-1
44,11,675.54,237.88,53.07,138.95,0.83,-1,-1,-1
45,1,49.19,203.22,289.25,645.99,0.83,-1,-1,-1
45,2,656.73,262.91,127.33,234.75,0.92,-1,-1,-1
45,3,1110.35,209.72,145.52,317.19,0.94,-1,-1,-1
45,4,816.51,224.29,72.10,218.05,0.94,-1,-1,-1
45,5,617.38,231.25,75.87,195.77,0.93,-1,-1,-1
45,6,553.35,246.36,66.22,180.20,0.91,-1,-1,-1
45,7,799.75,239.44,50.06,130.09,0.89,-1,-1,-1
45,8,495.94,237.47,73.24,190.43,0.93,-1,-1,-1
45,9,852.10,239.03,49.92,128.71,0.86,-1,-1,-1
45,10,719.80,241.74,57.20,140.20,0.83,-1,-1,-1
45,11,672.94,237.49,52.14,136.95,0.82,-1,-1,-1
46,1,36.94,192.78,284.61,686.18,0.88,-1,-1,-1
46,2,653.70,262.60,127.90,236.76,0.93,-1,-1,-1
46,3,1110.51,208.29,147.28,319.28,0.95,-1,-1,-1
46,4,815.30,223.08,72.75,219.12,0.93,-1,-1,-1
46,5,615.38,231.16,74.74,197.13,0.93,-1,-1,-1
46,6,548.55,245.53,67.27,182.10,0.91,-1,-1,-1
46,7,799.06,239.04,49.23,130.17,0.88,-1,-1,-1
46,8,487.26,236.79,77.55,191.49,0.93,-1,-1,-1
46,9,850.95,241.99,48.44,125.41,0.86,-1,-1,-1
46,10,718.36,240.82,56.46,144.39,0.86,-1,-1,-1
46,11,670.58,237.10,51.13,135.05,0.83,-1,-1,-1
47,1,14.27,180.34,285.59,726.06,0.87,-1,-1,-1
47,2,652.10,264.08,127.53,235.32,0.93,-1,-1,-1
47,3,1110.51,206.97,149.13,321.60,0.94,-1,-1,-1
47,4,814.60,221.38,72.43,220.62,0.93,-1,-1,-1
47,5,612.42,230.99,74.91,198.42,0.93,-1,-1,-1
47,6,544.57,244.64,67.68,183.60,0.91,-1,-1,-1
47,7,798.25,239.29,48.32,129.55,0.87,-1,-1,-1
47,8,479.49,236.11,79.80,192.38,0.91,-1,-1,-1
47,9,850.27,243.00,47.30,124.46,0.86,-1,-1,-1
47,10,715.84,239.85,57.37,146.19,0.87,-1,-1,-1
47,11,666.53,236.04,51.35,140.93,0.86,-1,-1,-1
48,1,-8.00,170.46,287.62,744.51,0.86,-1,-1,-1
48,2,650.03,267.43,128.02,232.99,0.92,-1,-1,-1
48,3,1111.75,205.41,149.87,325.09,0.95,-1,-1,-1
48,4,813.18,220.97,72.33,221.80,0.93,-1,-1,-1
48,5,609.55,231.02,75.00,201.28,0.93,-1,-1,-1
48,6,539.25,244.56,69.02,183.87,0.91,-1,-1,-1
48,7,797.66,239.33,46.80,127.55,0.88,-1,-1,-1
48,8,470.99,235.52,82.41,193.61,0.92,-1,-1,-1
48,9,850.35,243.44,45.09,121.44,0.85,-1,-1,-1
48,10,714.01,239.14,57.14,146.89,0.87,-1,-1,-1
48,11,664.43,235.14,50.27,137.52,0.85,-1,-1,-1
49,1,-23.28,163.94,279.33,751.24,0.84,-1,-1,-1
49,2,647.94,264.53,128.13,237.15,0.93,-1,-1,-1
49,3,1112.29,204.88,152.41,326.70,0.94,-1,-1,-1
49,4,812.18,221.20,72.24,222.20,0.94,-1,-1,-1
49,5,607.79,231.08,74.38,202.91,0.93,-1,-1,-1
49,6,535.11,244.57,68.90,183.91,0.88,-1,-1,-1
49,7,797.26,239.26,46.19,127.38,0.87,-1,-1,-1
49,8,460.00,234.88,87.52,194.90,0.92,-1,-1,-1
49,9,848.68,242.45,44.27,118.81,0.80,-1,-1,-1
49,10,712.00,238.80,57.60,150.37,0.88,-1,-1,-1
49,11,660.83,234.25,51.61,139.75,0.85,-1,-1,-1
49,12,768.15,259.88,23.40,53.55,0.75,-1,-1,-1
50,1,-56.46,159.09,292.45,792.96,0.83,-1,-1,-1
50,2,646.49,263.48,128.15,239.22,0.93,-1,-1,-1
50,3,1113.13,204.84,153.34,328.49,0.94,-1,-1,-1
50,4,811.36,221.03,72.21,223.16,0.94,-1,-1,-1
50,5,606.19,231.46,74.14,206.39,0.92,-1,-1,-1
50,6,531.77,244.79,68.83,185.31,0.89,-1,-1,-1
50,7,797.25,239.42,45.38,126.40,0.87,-1,-1,-1
50,8,453.59,234.70,88.21,195.60,0.92,-1,-1,-1
50,9,848.51,242.85,42.17,114.20,0.82,-1,-1,-1
50,10,710.54,239.45,58.36,150.15,0.89,-1,-1,-1
50,11,657.93,233.23,51.52,140.55,0.85,-1,-1,-1
50,12,768.06,260.17,22.69,53.23,0.73,-1,-1,-1
51,1,-78.50,156.30,289.09,813.44,0.81,-1,-1,-1
51,2,644.71,262.29,128.72,243.06,0.92,-1,-1,-1
51,3,1114.70,205.37,154.80,332.22,0.94,-1,-1,-1
51,4,810.15,221.20,72.75,224.25,0.93,-1,-1,-1
51,5,603.78,232.15,74.01,207.46,0.93,-1,-1,-1
51,6,526.93,245.42,70.53,188.54,0.88,-1,-1,-1
51,7,796.00,239.94,46.28,125.49,0.87,-1,-1,-1
51,8,450.94,233.65,85.61,198.00,0.90,-1,-1,-1
51,9,845.98,240.69,44.50,118.12,0.81,-1,-1,-1
51,10,709.08,240.15,58.62,148.90,0.89,-1,-1,-1
51,11,655.91,232.81,51.46,142.69,0.85,-1,-1,-1
51,12,767.64,260.35,21.85,53.19,0.78,-1,-1,-1
52,1,-119.74,146.50,302.76,901.35,0.69,-1,-1,-1
52,2,641.45,263.14,131.29,245.43,0.93,-1,-1,-1
52,3,1116.00,205.74,156.49,335.42,0.94,-1,-1,-1
52,4,808.90,221.99,72.94,225.28,0.92,-1,-1,-1
52,5,600.29,232.08,75.14,209.63,0.92,-1,-1,-1
52,6,524.32,246.18,69.97,191.56,0.89,-1,-1,-1
52,7,772.32,236.17,71.10,130.47,0.73,-1,-1,-1
52,8,446.18,232.60,87.28,202.75,0.91,-1,-1,-1
52,9,844.28,242.00,44.72,116.57,0.81,-1,-1,-1
52,10,707.14,240.39,59.88,149.31,0.87,-1,-1,-1
52,11,652.28,232.78,54.40,148.25,0.86,-1,-1,-1
52,12,766.53,259.85,22.29,55.26,0.79,-1,-1,-1
53,1,-152.10,139.84,304.76,917.34,0.53,-1,-1,-1
53,2,639.10,265.49,132.24,245.98,0.93,-1,-1,-1
53,3,1117.65,206.15,157.08,338.34,0.94,-1,-1,-1
53,4,807.56,223.01,73.60,226.67,0.92,-1,-1,-1
53,5,597.88,232.45,75.56,211.28,0.92,-1,-1,-1
53,6,521.12,246.89,69.13,192.66,0.89,-1,-1,-1
53,7,780.30,236.67,61.68,130.70,0.69,-1,-1,-1
53,8,442.04,232.03,87.44,205.99,0.91,-1,-1,-1
53,9,842.76,241.54,46.02,120.85,0.83,-1,-1,-1
53,10,705.57,241.64,59.76,149.44,0.88,-1,-1,-1
53,11,649.80,232.59,56.07,153.57,0.87,-1,-1,-1
53,12,765.89,260.14,22.44,55.91,0.78,-1,-1,-1
54,2,636.67,264.90,133.20,249.39,0.94,-1,-1,-1
54,3,1119.90,206.56,157.29,341.43,0.94,-1,-1,-1
54,4,806.67,223.81,73.86,228.20,0.93,-1,-1,-1
54,5,594.84,232.16,75.73,213.92,0.93,-1,-1,-1
54,6,512.75,247.49,73.59,194.46,0.91,-1,-1,-1
54,7,787.92,239.98,51.46,129.58,0.87,-1,-1,-1
54,8,437.85,232.28,85.11,209.24,0.92,-1,-1,-1
54,9,840.62,238.83,48.31,124.81,0.83,-1,-1,-1
54,10,703.12,242.26,60.30,151.53,0.87,-1,-1,-1
54,11,647.33,232.67,56.73,155.89,0.87,-1,-1,-1
54,12,765.29,260.05,21.18,54.79,0.64,-1,-1,-1
55,2,635.39,265.57,133.36,251.74,0.93,-1,-1,-1
55,3,1120.65,207.94,158.28,343.79,0.94,-1,-1,-1
55,4,805.86,224.53,73.82,229.54,0.93,-1,-1,-1
55,5,591.91,231.48,76.84,215.65,0.92,-1,-1,-1
55,6,507.90,247.68,73.94,195.62,0.92,-1,-1,-1
55,7,791.16,242.70,46.02,128.20,0.89,-1,-1,-1
55,8,434.70,233.52,83.40,209.16,0.92,-1,-1,-1
55,9,840.19,241.01,49.10,122.74,0.83,-1,-1,-1
55,10,702.09,243.29,59.80,146.32,0.87,-1,-1,-1
55,11,645.75,232.76,56.85,158.43,0.87,-1,-1,-1
55,12,764.89,259.76,22.04,54.32,0.74,-1,-1,-1
56,2,632.75,265.54,134.13,254.42,0.93,-1,-1,-1
56,3,1121.32,208.21,158.82,346.15,0.94,-1,-1,-1
56,4,804.53,224.87,73.92,230.27,0.93,-1,-1,-1
56,5,589.23,230.81,76.78,217.40,0.93,-1,-1,-1
56,6,505.14,248.12,72.39,197.16,0.92,-1,-1,-1
56,7,790.61,244.56,44.21,127.63,0.89,-1,-1,-1
56,8,429.50,234.44,85.09,207.80,0.92,-1,-1,-1
56,9,839.03,242.97,49.47,120.70,0.84,-1,-1,-1
56,10,700.11,242.91,60.28,151.17,0.87,-1,-1,-1
56,11,643.30,232.66,57.56,159.91,0.87,-1,-1,-1
56,12,763.71,254.14,22.35,60.10,0.52,-1,-1,-1
57,2,630.28,267.79,135.51,254.72,0.93,-1,-1,-1
57,3,1122.79,208.74,160.06,347.59,0.94,-1,-1,-1
57,4,803.64,225.22,74.50,231.02,0.93,-1,-1,-1
57,5,586.49,230.62,76.69,218.23,0.93,-1,-1,-1
57,6,503.07,247.88,70.51,198.82,0.92,-1,-1,-1
57,7,789.68,244.28,44.16,127.97,0.81,-1,-1,-1
57,8,425.50,234.98,85.20,209.53,0.92,-1,-1,-1
57,9,837.60,243.34,49.57,120.81,0.82,-1,-1,-1
57,10,698.15,243.43,60.99,156.72,0.87,-1,-1,-1
57,11,641.79,232.55,57.77,159.77,0.86,-1,-1,-1
57,12,763.79,258.31,21.84,55.31,0.63,-1,-1,-1
58,2,627.49,270.84,137.21,253.49,0.93,-1,-1,-1
58,3,1123.29,208.63,165.26,350.20,0.93,-1,-1,-1
58,4,802.65,225.03,74.71,232.81,0.93,-1,-1,-1
58,5,582.72,230.52,77.84,220.01,0.93,-1,-1,-1
58,6,499.59,247.60,70.39,200.02,0.92,-1,-1,-1
58,7,788.07,244.73,44.14,127.83,0.87,-1,-1,-1
58,8,421.16,234.85,86.25,214.03,0.94,-1,-1,-1
58,9,834.64,236.12,50.19,128.37,0.82,-1,-1,-1
58,10,697.04,243.44,61.26,157.97,0.88,-1,-1,-1
58,11,640.56,232.48,57.25,159.11,0.86,-1,-1,-1
58,12,763.13,252.66,23.50,61.65,0.63,-1,-1,-1
59,2,624.90,265.75,138.52,260.58,0.93,-1,-1,-1
59,3,1124.01,207.80,168.49,352.85,0.92,-1,-1,-1
59,4,801.32,224.32,74.86,234.23,0.93,-1,-1,-1
59,5,579.46,227.84,77.75,223.33,0.93,-1,-1,-1
59,6,494.97,247.55,71.00,201.04,0.92,-1,-1,-1
59,7,786.52,244.12,44.18,127.80,0.86,-1,-1,-1
59,8,414.91,235.90,88.03,215.71,0.93,-1,-1,-1
59,9,834.06,236.17,50.47,128.26,0.79,-1,-1,-1
59,10,694.79,243.30,61.99,158.42,0.88,-1,-1,-1
59,11,638.87,232.18,56.49,160.01,0.85,-1,-1,-1
59,12,762.50,255.65,22.93,58.88,0.69,-1,-1,-1
60,2,623.24,265.32,138.88,261.52,0.93,-1,-1,-1
60,3,1124.25,206.68,171.90,355.11,0.92,-1,-1,-1
60,4,799.16,222.35,76.02,236.00,0.93,-1,-1,-1
60,5,576.12,226.19,77.62,225.29,0.94,-1,-1,-1
60,6,491.18,245.89,70.56,202.81,0.91,-1,-1,-1
60,7,786.38,242.89,42.93,129.57,0.88,-1,-1,-1
60,8,408.93,235.56,90.52,217.12,0.94,-1,-1,-1
60,9,835.15,240.02,48.15,123.12,0.79,-1,-1,-1
60,10,694.40,242.83,60.43,154.08,0.86,-1,-1,-1
60,11,637.86,231.95,55.53,157.01,0.85,-1,-1,-1
60,12,762.09,257.83,22.06,56.72,0.77,-1,-1,-1
60,13,777.15,259.88,18.00,51.75,0.72,-1,-1,-1
61,2,620.39,263.96,140.74,263.49,0.93,-1,-1,-1
61,3,1124.21,205.33,171.95,357.54,0.91,-1,-1,-1
61,4,796.61,220.26,78.22,237.88,0.93,-1,-1,-1
61,5,573.25,224.99,76.96,226.48,0.94,-1,-1,-1
61,6,487.32,244.09,69.77,204.84,0.92,-1,-1,-1
61,7,784.28,242.41,44.29,130.47,0.86,-1,-1,-1
61,8,403.27,233.52,90.99,219.00,0.94,-1,-1,-1
61,9,835.04,242.58,46.64,120.47,0.83,-1,-1,-1
61,10,693.79,241.01,60.40,155.60,0.86,-1,-1,-1
61,11,636.12,231.74,55.76,158.44,0.85,-1,-1,-1
61,12,761.38,258.05,21.12,54.96,0.81,-1,-1,-1
62,2,616.70,259.31,143.16,268.32,0.93,-1,-1,-1
62,3,1124.74,202.95,173.05,360.61,0.91,-1,-1,-1
62,4,794.78,218.82,79.61,238.93,0.92,-1,-1,-1
62,5,569.57,223.38,78.47,228.64,0.94,-1,-1,-1
62,6,481.20,242.53,71.86,207.02,0.92,-1,-1,-1
62,7,782.02,241.50,45.37,129.32,0.85,-1,-1,-1
62,8,396.70,231.55,90.96,220.84,0.93,-1,-1,-1
62,9,834.71,243.10,46.07,119.50,0.85,-1,-1,-1
62,10,695.38,239.58,57.39,152.30,0.87,-1,-1,-1
62,11,635.81,231.37,55.23,159.25,0.85,-1,-1,-1
62,12,760.82,257.72,22.01,55.52,0.82,-1,-1,-1
63,2,614.32,260.81,143.47,266.83,0.92,-1,-1,-1
63,3,1125.00,200.49,173.41,364.09,0.91,-1,-1,-1
63,4,793.64,216.97,80.14,240.45,0.93,-1,-1,-1
63,5,564.56,222.24,80.82,230.85,0.94,-1,-1,-1
63,6,475.33,241.53,73.81,208.66,0.92,-1,-1,-1
63,7,780.43,240.42,46.38,129.46,0.87,-1,-1,-1
63,8,389.79,228.78,92.10,222.93,0.94,-1,-1,-1
63,9,834.73,243.59,45.27,118.54,0.87,-1,-1,-1
63,10,694.05,238.19,57.46,154.58,0.87,-1,-1,-1
63,11,633.80,230.38,55.63,158.62,0.86,-1,-1,-1
63,12,759.84,257.46,22.92,55.11,0.82,-1,-1,-1
64,2,610.57,260.28,145.33,267.64,0.92,-1,-1,-1
64,3,1126.29,197.99,174.68,367.55,0.91,-1,-1,-1
64,4,793.00,215.74,79.73,241.58,0.93,-1,-1,-1
64,5,561.31,221.72,79.93,231.79,0.94,-1,-1,-1
64,6,469.44,240.04,75.14,211.30,0.93,-1,-1,-1
64,7,779.90,239.77,45.57,129.53,0.88,-1,-1,-1
64,8,384.43,226.24,91.62,225.07,0.95,-1,-1,-1
64,9,834.19,242.92,45.59,118.80,0.85,-1,-1,-1
64,10,691.82,237.44,58.09,158.98,0.87,-1,-1,-1
64,11,632.24,229.10,58.15,160.50,0.85,-1,-1,-1
64,12,758.63,257.28,23.86,54.96,0.85,-1,-1,-1
64,14,738.00,258.97,22.50,55.35,0.72,-1,-1,-1
65,2,606.74,256.01,147.18,272.71,0.93,-1,-1,-1
65,3,1126.76,196.13,175.12,370.50,0.91,-1,-1,-1
65,4,791.83,214.77,78.95,242.63,0.93,-1,-1,-1
65,5,556.79,220.28,80.16,233.76,0.94,-1,-1,-1
65,6,464.23,239.24,76.22,213.20,0.93,-1,-1,-1
65,7,779.08,239.00,45.25,128.98,0.89,-1,-1,-1
65,8,379.60,224.44,90.96,227.06,0.95,-1,-1,-1
65,9,833.95,242.43,45.12,118.95,0.87,-1,-1,-1
65,10,688.54,236.20,60.12,163.61,0.86,-1,-1,-1
65,11,630.12,228.02,58.51,162.05,0.85,-1,-1,-1
65,12,758.09,257.29,23.04,54.02,0.86,-1,-1,-1
65,14,737.79,259.16,21.78,52.87,0.77,-1,-1,-1
66,2,603.46,254.31,148.52,275.85,0.92,-1,-1,-1
66,3,1128.39,195.54,171.75,373.35,0.90,-1,-1,-1
66,4,790.26,213.96,79.85,244.14,0.93,-1,-1,-1
66,5,553.54,219.76,78.47,235.55,0.94,-1,-1,-1
66,6,458.60,239.26,78.40,214.63,0.92,-1,-1,-1
66,7,778.22,238.94,44.53,128.59,0.88,-1,-1,-1
66,8,373.35,223.03,92.34,229.57,0.94,-1,-1,-1
66,9,834.24,241.86,44.36,119.42,0.87,-1,-1,-1
66,10,686.09,235.93,61.49,164.91,0.86,-1,-1,-1
66,11,628.07,227.06,58.65,161.86,0.85,-1,-1,-1
66,12,757.60,257.23,22.12,54.01,0.84,-1,-1,-1
66,14,736.64,259.07,22.35,53.12,0.75,-1,-1,-1
67,2,601.63,257.52,148.92,272.86,0.93,-1,-1,-1
67,3,1130.15,194.84,170.33,376.89,0.90,-1,-1,-1
67,4,788.96,213.69,80.15,245.30,0.93,-1,-1,-1
67,5,550.60,220.12,78.38,239.22,0.93,-1,-1,-1
67,6,454.83,239.14,78.02,216.79,0.91,-1,-1,-1
67,7,776.58,238.78,45.45,128.67,0.89,-1,-1,-1
67,8,368.54,221.80,92.22,232.13,0.95,-1,-1,-1
67,9,834.18,241.35,45.29,120.74,0.87,-1,-1,-1
67,10,682.15,234.54,63.76,168.81,0.86,-1,-1,-1
67,11,626.08,226.58,57.48,161.09,0.85,-1,-1,-1
67,12,757.59,257.35,21.15,54.29,0.84,-1,-1,-1
67,14,735.79,258.92,23.22,53.15,0.75,-1,-1,-1
68,2,598.65,258.06,151.44,274.37,0.92,-1,-1,-1
68,3,1131.50,194.77,171.01,381.20,0.89,-1,-1,-1
68,4,787.35,214.36,81.45,245.16,0.93,-1,-1,-1
68,5,546.59,221.78,79.56,241.65,0.93,-1,-1,-1
68,6,450.40,239.72,78.29,219.98,0.91,-1,-1,-1
68,7,775.74,239.02,46.39,128.44,0.87,-1,-1,-1
68,8,365.50,221.66,89.49,233.56,0.95,-1,-1,-1
68,9,833.32,241.46,46.24,121.28,0.87,-1,-1,-1
68,10,681.57,233.73,64.63,170.61,0.84,-1,-1,-1
68,11,622.99,225.83,60.63,162.87,0.84,-1,-1,-1
68,12,756.71,257.27,21.42,54.41,0.84,-1,-1,-1
68,14,734.90,258.62,23.49,53.16,0.67,-1,-1,-1
69,2,595.40,258.27,153.62,276.77,0.92,-1,-1,-1
69,3,1133.84,195.74,170.13,382.74,0.89,-1,-1,-1
69,4,787.32,214.82,80.79,247.33,0.93,-1,-1,-1
69,5,542.67,223.22,80.04,244.16,0.94,-1,-1,-1
69,6,446.62,239.64,76.64,223.45,0.91,-1,-1,-1
69,7,774.51,239.55,46.77,128.71,0.89,-1,-1,-1
69,8,362.28,221.33,85.75,235.90,0.95,-1,-1,-1
69,9,833.57,241.47,46.63,121.83,0.87,-1,-1,-1
69,10,678.67,235.48,66.75,169.83,0.83,-1,-1,-1
69,11,620.01,225.40,62.39,166.85,0.85,-1,-1,-1
69,12,756.05,257.22,21.52,54.47,0.82,-1,-1,-1
69,14,734.26,258.50,23.57,53.83,0.71,-1,-1,-1
70,2,593.95,257.16,154.26,280.67,0.92,-1,-1,-1
70,3,1135.13,197.33,170.82,385.65,0.88,-1,-1,-1
70,4,785.70,215.35,81.64,248.20,0.93,-1,-1,-1
70,5,537.76,223.89,81.92,247.12,0.94,-1,-1,-1
70,6,442.34,239.78,75.45,225.56,0.92,-1,-1,-1
70,7,774.82,239.31,46.86,130.21,0.87,-1,-1,-1
70,8,357.67,221.99,84.87,237.56,0.95,-1,-1,-1
70,9,832.88,241.05,47.93,122.83,0.88,-1,-1,-1
70,10,677.83,236.18,63.97,167.57,0.84,-1,-1,-1
70,11,618.89,225.11,61.25,164.99,0.85,-1,-1,-1
70,12,755.37,257.20,21.55,55.06,0.81,-1,-1,-1
70,14,733.29,258.30,24.18,55.60,0.74,-1,-1,-1
71,2,587.88,258.26,159.88,283.98,0.92,-1,-1,-1
71,3,1138.22,196.26,169.98,394.68,0.90,-1,-1,-1
71,4,785.82,215.69,82.00,249.64,0.93,-1,-1,-1
71,5,533.33,221.35,84.45,252.87,0.95,-1,-1,-1
71,6,437.24,239.58,76.25,227.85,0.92,-1,-1,-1
71,7,774.47,239.52,46.92,130.83,0.87,-1,-1,-1
71,8,347.58,222.55,88.86,240.93,0.95,-1,-1,-1
71,9,833.05,240.58,48.45,123.57,0.87,-1,-1,-1
71,10,676.43,236.47,64.08,169.11,0.81,-1,-1,-1
71,11,618.56,225.02,60.22,167.86,0.85,-1,-1,-1
71,12,755.21,258.10,21.58,54.11,0.80,-1,-1,-1
71,14,732.72,258.55,24.40,55.94,0.80,-1,-1,-1
72,2,585.54,256.97,162.08,288.87,0.91,-1,-1,-1
72,3,1139.27,196.20,174.56,395.94,0.89,-1,-1,-1
72,4,786.40,215.45,81.61,251.27,0.93,-1,-1,-1
72,5,528.98,220.53,86.67,256.54,0.94,-1,-1,-1
72,6,431.78,238.88,77.81,230.14,0.93,-1,-1,-1
72,7,773.68,240.50,47.58,130.76,0.89,-1,-1,-1
72,8,337.35,223.13,93.35,245.03,0.95,-1,-1,-1
72,9,832.75,240.24,48.69,124.14,0.87,-1,-1,-1
72,10,673.78,235.73,65.95,170.24,0.81,-1,-1,-1
72,11,616.60,224.32,61.06,168.32,0.86,-1,-1,-1
72,12,755.09,258.45,21.01,53.14,0.77,-1,-1,-1
72,14,733.07,258.67,23.27,55.43,0.75,-1,-1,-1
73,2,585.77,254.68,161.60,293.53,0.92,-1,-1,-1
73,3,1141.95,196.24,177.35,399.70,0.88,-1,-1,-1
73,4,786.44,215.97,81.99,252.35,0.93,-1,-1,-1
73,5,524.96,220.71,88.03,258.74,0.94,-1,-1,-1
73,6,426.37,238.29,79.97,232.62,0.91,-1,-1,-1
73,7,773.20,240.87,48.38,131.28,0.89,-1,-1,-1
73,8,332.80,222.79,92.38,248.46,0.94,-1,-1,-1
73,9,832.70,240.12,48.74,124.60,0.88,-1,-1,-1
73,10,671.18,236.63,67.20,170.57,0.82,-1,-1,-1
73,11,616.06,223.67,63.11,170.84,0.85,-1,-1,-1
73,12,754.53,258.12,21.39,53.67,0.81,-1,-1,-1
73,14,733.02,258.71,22.80,55.19,0.78,-1,-1,-1
74,2,582.76,254.33,165.41,296.24,0.92,-1,-1,-1
74,3,1144.45,196.42,180.68,403.84,0.88,-1,-1,-1
74,4,786.42,215.29,82.08,254.29,0.93,-1,-1,-1
74,5,520.09,220.15,92.01,259.93,0.94,-1,-1,-1
74,6,420.31,237.42,82.65,234.55,0.93,-1,-1,-1
74,7,772.69,241.07,48.65,131.70,0.90,-1,-1,-1
74,8,328.23,222.84,92.21,251.69,0.94,-1,-1,-1
74,9,832.31,239.99,49.92,124.70,0.88,-1,-1,-1
74,10,668.76,236.75,68.80,175.63,0.79,-1,-1,-1
74,11,614.76,223.60,60.91,169.55,0.86,-1,-1,-1
74,12,754.30,257.90,21.52,54.15,0.85,-1,-1,-1
74,14,732.38,258.65,23.23,54.76,0.83,-1,-1,-1
75,2,580.92,253.43,167.41,298.80,0.92,-1,-1,-1
75,3,1147.22,196.12,181.94,407.36,0.89,-1,-1,-1
75,4,786.54,214.76,82.72,256.39,0.93,-1,-1,-1
75,5,515.82,219.39,95.86,261.39,0.95,-1,-1,-1
75,6,414.58,237.37,85.59,235.20,0.94,-1,-1,-1
75,7,772.63,240.79,49.94,131.55,0.88,-1,-1,-1
75,8,326.07,222.70,90.66,256.23,0.94,-1,-1,-1
75,9,832.57,239.74,49.78,124.73,0.89,-1,-1,-1
75,10,666.83,236.91,71.17,176.61,0.79,-1,-1,-1
75,11,613.82,223.26,60.03,169.89,0.86,-1,-1,-1
75,12,754.03,257.77,21.57,54.62,0.87,-1,-1,-1
75,14,732.87,258.28,22.78,54.89,0.83,-1,-1,-1
76,2,580.85,252.12,167.59,302.05,0.93,-1,-1,-1
76,3,1150.00,193.84,186.00,410.88,0.88,-1,-1,-1
76,4,785.99,214.21,83.59,257.96,0.93,-1,-1,-1
76,5,512.49,217.32,99.10,263.27,0.94,-1,-1,-1
76,6,409.55,236.39,87.61,236.86,0.94,-1,-1,-1
76,7,772.31,238.46,51.62,133.88,0.88,-1,-1,-1
76,8,323.48,222.67,89.19,259.28,0.95,-1,-1,-1
76,9,832.65,239.52,49.73,124.74,0.87,-1,-1,-1
76,10,665.24,236.55,70.35,179.90,0.77,-1,-1,-1
76,11,611.99,223.19,60.32,170.59,0.87,-1,-1,-1
76,12,753.92,256.85,21.61,55.40,0.86,-1,-1,-1
76,14,732.13,257.58,23.23,55.54,0.83,-1,-1,-1
77,2,573.32,250.18,175.20,309.60,0.90,-1,-1,-1
77,3,1155.02,192.43,193.31,416.11,0.87,-1,-1,-1
77,4,785.22,214.04,85.05,258.43,0.93,-1,-1,-1
77,5,508.23,214.78,103.18,266.19,0.94,-1,-1,-1
77,6,404.40,235.15,89.49,239.43,0.94,-1,-1,-1
77,7,772.53,237.16,52.81,134.71,0.87,-1,-1,-1
77,8,318.82,222.82,90.10,260.13,0.95,-1,-1,-1
77,9,832.40,239.31,49.68,125.00,0.87,-1,-1,-1
77,10,664.75,236.14,69.95,182.23,0.77,-1,-1,-1
77,11,610.53,223.19,60.40,171.66,0.87,-1,-1,-1
77,12,753.91,255.92,21.61,56.28,0.85,-1,-1,-1
77,14,731.91,255.98,23.38,56.66,0.75,-1,-1,-1
78,2,568.42,247.63,180.36,314.51,0.90,-1,-1,-1
78,3,1161.00,190.87,194.89,419.41,0.87,-1,-1,-1
78,4,784.32,213.28,86.77,259.87,0.92,-1,-1,-1
78,5,504.58,212.59,105.87,269.05,0.95,-1,-1,-1
78,6,399.40,234.18,93.53,241.12,0.94,-1,-1,-1
78,7,772.59,236.49,53.84,133.85,0.85,-1,-1,-1
78,8,311.32,221.41,92.81,261.21,0.94,-1,-1,-1
78,9,831.68,238.76,50.25,124.22,0.84,-1,-1,-1
78,10,663.08,235.49,66.80,184.58,0.74,-1,-1,-1
78,11,608.47,222.56,61.01,172.67,0.88,-1,-1,-1
78,12,753.57,254.94,21.61,56.91,0.85,-1,-1,-1
78,14,731.79,254.91,23.43,57.68,0.76,-1,-1,-1
79,2,565.80,244.45,183.53,320.68,0.91,-1,-1,-1
79,3,1166.28,191.41,194.32,421.48,0.86,-1,-1,-1
79,4,784.07,212.62,87.45,261.11,0.93,-1,-1,-1
79,5,501.31,210.06,108.66,273.37,0.95,-1,-1,-1
79,6,395.06,233.52,95.68,243.91,0.94,-1,-1,-1
79,7,773.01,235.73,53.66,132.01,0.82,-1,-1,-1
79,8,302.51,219.71,96.53,264.04,0.94,-1,-1,-1
79,9,832.38,238.77,49.89,123.61,0.84,-1,-1,-1
79,10,663.19,234.16,64.39,177.16,0.75,-1,-1,-1
79,11,606.33,222.36,61.87,171.32,0.89,-1,-1,-1
79,12,752.94,254.21,22.22,57.14,0.85,-1,-1,-1
79,14,732.13,254.89,22.86,57.17,0.69,-1,-1,-1
80,2,567.21,243.75,183.71,320.57,0.92,-1,-1,-1
80,3,1171.99,193.45,195.42,421.40,0.81,-1,-1,-1
80,4,784.18,211.43,87.80,262.88,0.92,-1,-1,-1
80,5,498.03,208.05,111.55,276.14,0.94,-1,-1,-1
80,6,389.57,233.35,98.33,247.33,0.94,-1,-1,-1
80,7,772.48,234.14,55.38,131.72,0.80,-1,-1,-1
80,8,292.02,218.46,101.56,266.67,0.94,-1,-1,-1
80,9,832.90,238.37,49.80,123.49,0.84,-1,-1,-1
80,10,661.58,232.50,63.56,177.95,0.73,-1,-1,-1
80,11,604.42,221.67,62.26,173.83,0.88,-1,-1,-1
80,12,752.29,253.25,23.06,57.57,0.85,-1,-1,-1
80,14,731.22,254.07,23.27,57.30,0.67,-1,-1,-1
81,2,561.98,241.65,190.60,327.58,0.91,-1,-1,-1
81,3,1179.91,209.35,202.73,408.21,0.56,-1,-1,-1
81,4,783.51,210.09,90.80,264.47,0.92,-1,-1,-1
81,5,495.47,206.64,113.71,278.71,0.95,-1,-1,-1
81,6,385.08,232.76,102.44,251.23,0.94,-1,-1,-1
81,7,773.03,232.86,55.41,131.53,0.86,-1,-1,-1
81,8,282.47,216.73,105.75,270.98,0.95,-1,-1,-1
81,9,833.21,237.97,50.32,124.57,0.86,-1,-1,-1
81,10,659.74,231.34,65.63,178.72,0.71,-1,-1,-1
81,11,601.93,221.32,63.54,176.73,0.91,-1,-1,-1
81,12,751.93,252.79,23.95,57.39,0.85,-1,-1,-1
81,14,731.67,254.41,22.81,55.81,0.76,-1,-1,-1
82,2,569.28,239.96,184.24,326.27,0.93,-1,-1,-1
82,3,1186.04,223.62,195.88,395.87,0.60,-1,-1,-1
82,4,786.92,209.13,88.86,266.07,0.93,-1,-1,-1
82,5,493.08,206.02,115.49,281.98,0.95,-1,-1,-1
82,6,380.99,232.90,104.87,253.62,0.94,-1,-1,-1
82,7,773.10,233.04,54.72,130.83,0.89,-1,-1,-1
82,8,273.88,214.04,108.95,274.98,0.94,-1,-1,-1
82,9,833.74,237.88,50.44,124.95,0.83,-1,-1,-1
82,10,657.80,230.25,63.34,171.12,0.67,-1,-1,-1
82,11,598.87,220.66,65.70,178.58,0.91,-1,-1,-1
82,12,751.64,252.81,24.27,56.71,0.86,-1,-1,-1
82,14,732.91,254.42,21.39,55.22,0.70,-1,-1,-1
83,2,566.51,238.68,188.18,332.15,0.92,-1,-1,-1
83,3,1191.46,223.14,194.30,399.53,0.61,-1,-1,-1
83,4,790.84,208.52,85.71,268.88,0.93,-1,-1,-1
83,5,491.24,205.89,116.74,284.79,0.95,-1,-1,-1
83,6,376.20,233.05,109.00,256.69,0.95,-1,-1,-1
83,7,773.30,233.01,53.87,131.49,0.90,-1,-1,-1
83,8,265.61,212.46,111.08,276.96,0.94,-1,-1,-1
83,9,833.83,236.98,51.70,125.71,0.83,-1,-1,-1
83,10,656.07,229.67,62.48,168.87,0.67,-1,-1,-1
83,11,596.74,219.74,67.13,180.45,0.91,-1,-1,-1
83,12,751.42,252.86,24.97,56.45,0.87,-1,-1,-1
83,14,733.54,254.47,20.87,55.01,0.78,-1,-1,-1
84,2,563.39,234.56,191.94,340.67,0.91,-1,-1,-1
84,3,1199.33,220.33,194.85,410.15,0.42,-1,-1,-1
84,4,792.58,208.10,86.29,270.76,0.93,-1,-1,-1
84,5,488.82,206.45,118.31,290.24,0.95,-1,-1,-1
84,6,372.06,233.83,111.98,260.92,0.95,-1,-1,-1
84,7,773.64,233.03,53.51,130.56,0.90,-1,-1,-1
84,8,256.97,211.41,115.62,279.88,0.96,-1,-1,-1
84,9,832.35,235.34,55.11,126.90,0.65,-1,-1,-1
84,10,654.52,229.33,65.19,170.20,0.65,-1,-1,-1
84,11,593.57,218.43,70.00,182.41,0.92,-1,-1,-1
84,12,751.59,252.76,24.07,56.65,0.86,-1,-1,-1
84,14,733.72,254.52,20.69,55.24,0.74,-1,-1,-1
85,2,563.01,231.18,193.37,348.42,0.92,-1,-1,-1
85,3,1205.70,221.38,198.65,414.40,0.26,-1,-1,-1
85,4,793.71,208.37,86.52,272.28,0.93,-1,-1,-1
85,5,486.97,207.58,119.47,294.11,0.95,-1,-1,-1
85,6,366.81,234.67,115.58,263.81,0.95,-1,-1,-1
85,7,774.28,233.56,52.79,129.93,0.90,-1,-1,-1
85,8,250.30,210.69,117.37,282.26,0.94,-1,-1,-1
85,9,831.72,235.07,56.42,128.55,0.72,-1,-1,-1
85,10,653.59,229.14,68.57,176.13,0.63,-1,-1,-1
85,11,591.41,218.02,72.27,184.32,0.91,-1,-1,-1
85,12,752.17,252.94,22.50,56.44,0.83,-1,-1,-1
85,14,733.08,254.00,20.64,56.53,0.68,-1,-1,-1
86,2,563.69,231.07,194.31,353.01,0.91,-1,-1,-1
86,3,1210.96,242.17,186.89,397.07,0.14,-1,-1,-1
86,4,794.24,209.26,88.32,272.91,0.93,-1,-1,-1
86,5,484.80,208.14,121.52,299.74,0.95,-1,-1,-1
86,6,362.94,234.92,115.53,267.17,0.95,-1,-1,-1
86,7,774.64,234.08,51.86,130.29,0.90,-1,-1,-1
86,8,243.22,210.34,120.22,284.53,0.96,-1,-1,-1
86,9,828.95,229.96,59.79,144.00,0.63,-1,-1,-1
86,10,654.02,229.51,65.12,173.59,0.64,-1,-1,-1
86,11,589.05,217.40,74.24,185.88,0.91,-1,-1,-1
86,12,752.20,253.02,22.50,56.35,0.82,-1,-1,-1
86,14,732.65,253.52,21.22,57.90,0.68,-1,-1,-1
87,2,565.46,233.50,193.41,353.93,0.91,-1,-1,-1
87,4,794.93,210.01,89.01,274.14,0.93,-1,-1,-1
87,5,482.28,209.63,122.85,302.30,0.95,-1,-1,-1
87,6,360.16,235.40,115.13,269.75,0.95,-1,-1,-1
87,7,774.99,234.75,51.52,130.10,0.90,-1,-1,-1
87,8,235.92,210.87,123.03,292.09,0.95,-1,-1,-1
87,9,825.50,225.11,63.96,168.76,0.65,-1,-1,-1
87,10,654.82,229.49,64.94,175.01,0.67,-1,-1,-1
87,11,586.70,216.72,76.14,187.63,0.92,-1,-1,-1
87,12,752.46,252.77,22.50,56.90,0.83,-1,-1,-1
87,14,732.44,253.36,21.44,58.70,0.69,-1,-1,-1
88,2,567.38,234.96,192.34,355.00,0.92,-1,-1,-1
88,4,794.85,209.60,91.60,277.82,0.93,-1,-1,-1
88,5,480.24,210.89,123.84,307.65,0.95,-1,-1,-1
88,6,358.37,234.54,114.27,273.89,0.95,-1,-1,-1
88,7,775.40,235.36,51.97,130.33,0.88,-1,-1,-1
88,8,229.54,210.64,125.46,299.88,0.96,-1,-1,-1
88,9,826.14,226.55,63.27,174.95,0.35,-1,-1,-1
88,10,655.44,230.05,61.85,171.58,0.65,-1,-1,-1
88,11,584.97,216.28,77.41,188.47,0.92,-1,-1,-1
88,12,752.23,252.58,23.10,56.80,0.82,-1,-1,-1
88,14,731.74,253.35,21.52,58.70,0.58,-1,-1,-1
89,2,569.91,237.67,189.98,354.04,0.93,-1,-1,-1
89,4,794.97,208.92,93.11,280.65,0.94,-1,-1,-1
89,5,478.70,211.00,124.09,314.13,0.95,-1,-1,-1
89,6,357.51,233.97,113.07,277.15,0.95,-1,-1,-1
89,7,775.43,236.08,51.52,130.36,0.89,-1,-1,-1
89,8,224.47,211.59,126.06,305.90,0.95,-1,-1,-1
89,9,828.33,231.68,59.37,168.17,0.16,-1,-1,-1
89,10,655.36,230.18,60.04,170.18,0.66,-1,-1,-1
89,11,583.47,215.89,78.40,188.64,0.91,-1,-1,-1
89,12,751.45,252.70,23.90,56.14,0.81,-1,-1,-1
89,14,731.68,253.99,20.95,57.76,0.52,-1,-1,-1
90,2,565.48,238.92,195.06,356.33,0.92,-1,-1,-1
90,4,795.54,208.29,93.70,284.10,0.94,-1,-1,-1
90,5,476.70,210.57,123.56,319.05,0.95,-1,-1,-1
90,6,356.40,232.63,111.99,280.64,0.95,-1,-1,-1
90,7,775.70,236.50,50.76,130.67,0.89,-1,-1,-1
90,8,219.72,212.04,126.75,310.14,0.95,-1,-1,-1
90,9,830.98,234.43,56.00,146.04,0.12,-1,-1,-1
90,10,655.93,230.55,58.20,164.55,0.65,-1,-1,-1
90,11,581.74,215.86,80.52,189.76,0.92,-1,-1,-1
90,12,751.71,252.61,23.62,56.18,0.81,-1,-1,-1
90,14,731.94,253.49,20.74,57.99,0.37,-1,-1,-1
91,2,566.11,237.50,195.17,360.10,0.93,-1,-1,-1
91,4,796.26,208.37,93.91,284.06,0.94,-1,-1,-1
91,5,473.85,209.38,123.31,322.91,0.95,-1,-1,-1
91,6,355.26,230.80,110.20,283.68,0.95,-1,-1,-1
91,7,775.42,236.98,50.49,130.51,0.90,-1,-1,-1
91,8,214.09,211.65,128.36,313.88,0.95,-1,-1,-1
91,9,831.00,235.13,56.55,141.07,0.13,-1,-1,-1
91,10,656.71,230.42,55.72,155.79,0.64,-1,-1,-1
91,11,579.58,215.81,82.47,190.24,0.91,-1,-1,-1
91,12,751.44,252.30,24.11,56.21,0.81,-1,-1,-1
91,14,731.36,251.55,21.28,58.97,0.20,-1,-1,-1
92,2,565.31,233.73,196.90,366.67,0.93,-1,-1,-1
92,4,797.48,207.39,93.95,285.85,0.94,-1,-1,-1
92,5,471.21,207.19,123.15,325.96,0.95,-1,-1,-1
92,6,354.53,229.18,109.16,286.53,0.94,-1,-1,-1
92,7,775.70,236.86,49.78,130.43,0.90,-1,-1,-1
92,8,208.00,210.81,130.14,320.56,0.95,-1,-1,-1
92,10,656.80,230.86,57.94,155.68,0.56,-1,-1,-1
92,11,577.76,215.52,83.76,190.94,0.92,-1,-1,-1
92,12,751.14,252.20,24.87,56.51,0.78,-1,-1,-1
93,2,563.83,231.94,199.27,370.26,0.93,-1,-1,-1
93,4,797.90,205.55,95.11,288.17,0.94,-1,-1,-1
93,5,467.91,204.80,123.03,329.06,0.96,-1,-1,-1
93,6,353.01,227.23,107.98,289.66,0.94,-1,-1,-1
93,7,776.07,236.45,48.91,130.41,0.88,-1,-1,-1
93,8,202.78,209.96,130.75,324.89,0.95,-1,-1,-1
93,10,656.82,230.19,59.92,161.15,0.51,-1,-1,-1
93,11,576.51,215.28,84.79,191.99,0.92,-1,-1,-1
93,12,751.59,251.95,24.57,56.92,0.80,-1,-1,-1
94,2,568.56,229.70,195.44,373.67,0.93,-1,-1,-1
94,4,798.87,204.21,95.57,289.93,0.94,-1,-1,-1
94,5,464.93,202.26,123.57,332.65,0.96,-1,-1,-1
94,6,351.76,225.39,106.65,293.67,0.94,-1,-1,-1
94,7,776.46,235.70,49.22,131.00,0.89,-1,-1,-1
94,8,195.45,210.25,134.11,326.17,0.95,-1,-1,-1
94,10,656.79,229.22,60.11,163.78,0.58,-1,-1,-1
94,11,575.75,215.32,85.16,192.10,0.92,-1,-1,-1
94,12,751.72,252.03,24.45,57.07,0.80,-1,-1,-1
95,2,570.12,228.51,195.67,375.21,0.93,-1,-1,-1
95,4,800.39,201.87,95.12,292.98,0.94,-1,-1,-1
95,5,462.12,198.07,122.55,337.72,0.95,-1,-1,-1
95,6,349.91,223.75,104.93,298.40,0.94,-1,-1,-1
95,7,776.59,235.12,49.34,131.22,0.90,-1,-1,-1
95,8,187.66,207.87,137.16,329.29,0.95,-1,-1,-1
95,10,656.18,228.11,63.78,170.77,0.47,-1,-1,-1
95,11,576.41,215.12,84.07,192.18,0.92,-1,-1,-1
95,12,751.77,251.62,23.80,57.13,0.79,-1,-1,-1
96,2,568.35,227.04,199.90,377.38,0.93,-1,-1,-1
96,4,800.69,200.32,96.70,295.11,0.94,-1,-1,-1
96,5,458.51,195.09,122.71,341.30,0.95,-1,-1,-1
96,6,327.81,222.37,123.87,303.30,0.93,-1,-1,-1
96,7,776.67,234.22,49.99,131.01,0.90,-1,-1,-1
96,8,181.40,206.74,137.98,331.23,0.95,-1,-1,-1
96,10,656.29,227.02,66.89,174.87,0.50,-1,-1,-1
96,11,573.52,214.30,86.56,193.00,0.92,-1,-1,-1
96,12,751.83,251.08,23.55,57.15,0.73,-1,-1,-1
97,2,565.67,222.93,205.00,380.84,0.91,-1,-1,-1
97,4,800.84,199.29,97.86,296.69,0.93,-1,-1,-1
97,5,454.62,191.66,122.75,346.08,0.95,-1,-1,-1
97,6,323.89,221.57,124.68,306.89,0.95,-1,-1,-1
97,7,777.64,233.33,49.05,131.53,0.90,-1,-1,-1
97,8,176.54,203.92,136.67,336.06,0.95,-1,-1,-1
97,11,573.98,213.59,85.71,193.58,0.91,-1,-1,-1
97,12,751.60,250.48,22.85,57.75,0.69,-1,-1,-1
98,2,566.01,221.24,206.96,380.67,0.92,-1,-1,-1
98,4,801.12,198.67,98.90,299.14,0.94,-1,-1,-1
98,5,450.44,188.75,123.37,350.52,0.95,-1,-1,-1
98,6,326.76,221.13,117.33,311.46,0.95,-1,-1,-1
98,7,777.06,232.82,49.31,130.57,0.91,-1,-1,-1
98,8,170.21,201.08,135.31,341.83,0.96,-1,-1,-1
98,11,575.61,212.94,84.17,195.68,0.91,-1,-1,-1
98,12,751.77,250.69,21.99,57.40,0.66,-1,-1,-1
99,2,565.83,220.82,208.24,381.29,0.91,-1,-1,-1
99,4,801.80,197.47,99.26,301.39,0.94,-1,-1,-1
99,5,446.24,187.03,124.16,356.05,0.95,-1,-1,-1
99,6,325.61,221.35,114.54,316.02,0.95,-1,-1,-1
99,7,777.43,232.09,49.40,131.13,0.91,-1,-1,-1
99,8,166.04,198.16,130.84,346.11,0.95,-1,-1,-1
99,11,575.67,211.91,82.93,198.19,0.92,-1,-1,-1
99,12,752.44,250.23,21.06,56.67,0.53,-1,-1,-1
100,2,558.11,223.32,216.94,388.06,0.90,-1,-1,-1
100,4,803.22,197.57,98.78,303.19,0.94,-1,-1,-1
100,5,440.93,187.25,126.82,364.32,0.95,-1,-1,-1
100,6,322.04,222.15,113.79,321.74,0.95,-1,-1,-1
100,7,777.26,231.89,50.04,131.33,0.90,-1,-1,-1
100,8,162.10,196.95,125.32,348.98,0.95,-1,-1,-1
100,11,577.85,210.58,80.64,203.24,0.93,-1,-1,-1
100,12,752.69,250.12,21.35,56.69,0.39,-1,-1,-1
101,2,570.40,225.14,207.84,380.16,0.92,-1,-1,-1
101,4,803.42,197.17,99.70,306.27,0.94,-1,-1,-1
101,5,435.08,187.85,129.36,372.36,0.96,-1,-1,-1
101,6,316.72,222.84,114.92,328.60,0.94,-1,-1,-1
101,7,776.57,231.35,51.46,132.29,0.91,-1,-1,-1
101,8,158.28,195.85,120.73,353.13,0.95,-1,-1,-1
101,11,578.13,209.75,79.12,204.79,0.93,-1,-1,-1
101,12,752.76,250.21,20.24,57.29,0.37,-1,-1,-1
102,2,564.85,225.28,215.57,384.96,0.92,-1,-1,-1
102,4,803.87,197.40,100.66,308.69,0.93,-1,-1,-1
102,5,430.57,188.33,131.53,377.07,0.95,-1,-1,-1
102,6,309.70,223.41,117.15,336.89,0.94,-1,-1,-1
102,7,775.82,231.24,52.01,133.29,0.90,-1,-1,-1
102,8,153.02,195.09,118.03,359.00,0.95,-1,-1,-1
102,11,577.97,209.07,79.18,206.90,0.93,-1,-1,-1
102,12,752.86,250.93,19.22,56.35,0.26,-1,-1,-1
102,10,646.41,223.23,75.13,200.88,0.64,-1,-1,-1
103,2,568.34,227.66,214.31,384.12,0.91,-1,-1,-1
103,4,805.17,198.02,101.04,311.40,0.94,-1,-1,-1
103,5,424.33,189.01,134.29,383.87,0.95,-1,-1,-1
103,6,300.58,224.69,121.26,341.59,0.95,-1,-1,-1
103,7,776.67,231.48,51.04,133.38,0.90,-1,-1,-1
103,8,141.17,194.86,121.84,367.31,0.95,-1,-1,-1
103,11,578.17,208.24,78.03,209.43,0.93,-1,-1,-1
103,12,753.17,251.19,18.88,56.29,0.16,-1,-1,-1
103,10,644.70,223.37,76.35,204.43,0.69,-1,-1,-1
104,2,579.40,227.53,205.73,381.53,0.92,-1,-1,-1
104,4,807.07,197.89,99.82,313.79,0.93,-1,-1,-1
104,5,416.05,190.48,139.08,389.87,0.95,-1,-1,-1
104,6,290.31,222.72,126.45,348.36,0.95,-1,-1,-1
104,7,776.97,231.54,50.59,133.29,0.90,-1,-1,-1
104,8,126.79,194.91,129.79,376.71,0.95,-1,-1,-1
104,11,577.82,207.88,77.49,211.34,0.93,-1,-1,-1
104,12,753.27,251.07,18.75,56.22,0.14,-1,-1,-1
104,10,643.29,222.49,77.27,205.53,0.67,-1,-1,-1
105,2,594.72,229.17,192.40,380.66,0.92,-1,-1,-1
105,4,807.57,198.22,100.71,315.69,0.93,-1,-1,-1
105,5,411.65,192.25,141.12,394.79,0.95,-1,-1,-1
105,6,277.96,221.08,134.15,354.24,0.95,-1,-1,-1
105,7,778.66,232.13,48.71,133.62,0.89,-1,-1,-1
105,8,111.83,194.03,138.83,386.63,0.94,-1,-1,-1
105,11,577.04,208.67,77.43,214.49,0.93,-1,-1,-1
105,12,753.06,250.71,18.13,55.93,0.20,-1,-1,-1
105,10,642.49,223.34,75.97,205.98,0.68,-1,-1,-1
106,2,600.38,230.66,189.86,385.02,0.93,-1,-1,-1
106,4,808.00,198.47,101.64,317.34,0.93,-1,-1,-1
106,5,408.67,193.10,140.69,402.76,0.96,-1,-1,-1
106,6,264.69,219.71,143.46,357.91,0.95,-1,-1,-1
106,7,778.98,232.31,48.61,133.73,0.89,-1,-1,-1
106,8,101.20,193.82,143.08,393.38,0.94,-1,-1,-1
106,11,577.07,210.44,76.82,213.84,0.93,-1,-1,-1
106,12,752.35,250.53,18.55,56.12,0.17,-1,-1,-1
106,10,642.51,223.50,73.65,203.68,0.67,-1,-1,-1
107,2,608.03,230.06,184.75,389.27,0.93,-1,-1,-1
107,4,809.91,197.45,101.97,321.38,0.94,-1,-1,-1
107,5,403.45,193.07,142.23,413.62,0.96,-1,-1,-1
107,6,251.01,218.11,153.08,363.73,0.95,-1,-1,-1
107,7,779.37,232.44,48.58,134.70,0.89,-1,-1,-1
107,8,93.74,195.37,143.42,397.96,0.93,-1,-1,-1
107,11,574.93,210.79,77.80,216.47,0.92,-1,-1,-1
107,12,752.07,250.38,18.10,55.61,0.21,-1,-1,-1
107,10,641.31,222.72,72.74,204.25,0.70,-1,-1,-1
108,2,611.71,228.17,182.26,396.72,0.93,-1,-1,-1
108,4,811.17,196.45,102.67,324.18,0.94,-1,-1,-1
108,5,398.01,191.73,143.93,423.47,0.95,-1,-1,-1
108,6,237.99,217.06,163.34,367.31,0.95,-1,-1,-1
108,7,780.70,232.97,47.37,134.36,0.89,-1,-1,-1
108,8,88.05,194.28,142.76,407.31,0.93,-1,-1,-1
108,11,572.46,210.34,79.95,217.64,0.93,-1,-1,-1
108,12,751.68,250.65,18.55,55.99,0.12,-1,-1,-1
108,10,639.47,222.35,72.38,204.86,0.72,-1,-1,-1
109,2,612.92,226.55,181.97,401.04,0.92,-1,-1,-1
109,4,811.28,195.26,104.64,326.08,0.94,-1,-1,-1
109,5,392.07,188.80,146.23,432.18,0.95,-1,-1,-1
109,6,224.24,215.12,173.52,376.89,0.95,-1,-1,-1
109,7,782.07,233.24,46.90,134.18,0.89,-1,-1,-1
109,8,84.17,194.75,139.60,415.74,0.93,-1,-1,-1
109,11,571.31,211.13,80.14,218.52,0.93,-1,-1,-1
109,10,638.54,222.43,69.81,204.35,0.75,-1,-1,-1
110,2,612.24,224.47,184.32,408.83,0.92,-1,-1,-1
110,4,812.40,194.66,105.35,326.94,0.94,-1,-1,-1
110,5,385.19,186.23,149.67,437.96,0.96,-1,-1,-1
110,6,212.80,214.25,180.56,378.79,0.95,-1,-1,-1
110,7,783.69,233.83,45.52,132.92,0.89,-1,-1,-1
110,8,80.15,194.06,136.34,422.60,0.93,-1,-1,-1
110,11,569.94,211.16,80.18,219.39,0.93,-1,-1,-1
110,10,637.87,222.65,68.21,202.92,0.75,-1,-1,-1
111,2,611.89,221.31,184.67,412.89,0.92,-1,-1,-1
111,4,814.03,193.24,106.19,329.85,0.94,-1,-1,-1
111,5,378.72,181.70,153.73,444.96,0.95,-1,-1,-1
111,6,203.85,210.61,184.13,388.79,0.95,-1,-1,-1
111,7,784.32,233.21,45.02,133.97,0.89,-1,-1,-1
111,8,69.38,191.76,143.08,429.70,0.94,-1,-1,-1
111,11,567.97,210.26,80.80,223.65,0.93,-1,-1,-1
111,10,634.65,222.04,70.06,206.26,0.73,-1,-1,-1
112,2,611.72,218.22,184.36,419.27,0.92,-1,-1,-1
112,4,815.62,191.66,106.87,332.58,0.94,-1,-1,-1
112,5,371.05,177.86,159.88,452.06,0.96,-1,-1,-1
112,6,196.48,209.97,183.48,394.26,0.95,-1,-1,-1
112,7,785.24,233.04,44.89,134.06,0.90,-1,-1,-1
112,8,58.27,189.06,147.84,435.44,0.94,-1,-1,-1
112,11,565.27,209.73,83.46,226.99,0.93,-1,-1,-1
112,10,630.92,221.98,71.39,206.66,0.75,-1,-1,-1
113,2,611.56,216.58,186.73,419.80,0.92,-1,-1,-1
113,4,816.22,190.42,108.91,335.73,0.94,-1,-1,-1
113,5,364.01,173.69,167.33,459.45,0.96,-1,-1,-1
113,6,191.17,208.07,183.02,403.83,0.94,-1,-1,-1
113,7,785.58,232.69,45.48,133.52,0.90,-1,-1,-1
113,8,48.03,187.02,149.26,440.89,0.94,-1,-1,-1
113,11,562.52,208.97,84.49,229.69,0.93,-1,-1,-1
113,10,628.67,221.78,72.51,208.20,0.77,-1,-1,-1
114,2,611.07,215.22,189.25,416.64,0.91,-1,-1,-1
114,4,818.34,188.92,109.82,338.14,0.94,-1,-1,-1
114,5,358.00,168.68,174.30,466.46,0.95,-1,-1,-1
114,6,185.37,207.73,183.14,408.18,0.95,-1,-1,-1
114,7,785.56,232.27,46.26,132.98,0.91,-1,-1,-1
114,8,33.21,182.83,155.14,448.24,0.94,-1,-1,-1
114,11,558.80,207.31,87.13,232.22,0.94,-1,-1,-1
114,10,626.32,221.24,74.63,212.83,0.77,-1,-1,-1
115,2,610.25,212.78,194.13,421.06,0.92,-1,-1,-1
115,4,820.22,188.24,110.97,339.76,0.94,-1,-1,-1
115,5,351.51,165.77,181.36,472.97,0.96,-1,-1,-1
115,6,178.78,207.89,183.12,415.37,0.95,-1,-1,-1
115,7,785.43,231.80,46.65,132.28,0.91,-1,-1,-1
115,8,13.72,180.32,163.57,455.20,0.93,-1,-1,-1
115,11,554.77,205.87,90.05,235.51,0.94,-1,-1,-1
115,10,623.46,220.07,76.18,216.48,0.79,-1,-1,-1
116,2,610.62,212.27,197.51,431.50,0.91,-1,-1,-1
116,4,821.69,187.47,112.64,342.72,0.94,-1,-1,-1
116,5,344.68,162.61,189.80,481.89,0.95,-1,-1,-1
116,6,170.54,207.88,185.42,426.29,0.95,-1,-1,-1
116,7,785.22,231.14,48.52,132.37,0.92,-1,-1,-1
116,8,-2.58,176.97,169.69,462.36,0.92,-1,-1,-1
116,11,550.78,205.29,92.77,237.23,0.93,-1,-1,-1
116,10,621.39,218.60,77.21,218.79,0.81,-1,-1,-1
117,2,611.95,213.14,199.78,438.96,0.90,-1,-1,-1
117,4,824.70,187.59,112.55,346.06,0.94,-1,-1,-1
117,5,337.90,161.44,197.12,491.46,0.96,-1,-1,-1
117,6,162.07,208.20,188.87,436.36,0.95,-1,-1,-1
117,7,785.00,230.64,49.76,132.87,0.92,-1,-1,-1
117,8,-15.55,173.79,173.36,469.96,0.93,-1,-1,-1
117,11,546.79,204.04,96.61,240.00,0.93,-1,-1,-1
117,10,619.83,217.66,78.69,221.74,0.82,-1,-1,-1
118,2,612.93,212.64,200.64,440.01,0.91,-1,-1,-1
118,4,825.48,187.30,114.57,349.47,0.94,-1,-1,-1
118,5,332.12,160.33,202.79,504.21,0.96,-1,-1,-1
118,6,154.69,209.45,191.30,444.57,0.94,-1,-1,-1
118,7,785.17,230.32,50.24,133.09,0.92,-1,-1,-1
118,8,-25.63,172.20,175.40,476.70,0.92,-1,-1,-1
118,11,542.61,203.01,98.66,241.90,0.93,-1,-1,-1
118,10,618.64,216.67,79.84,226.16,0.83,-1,-1,-1
119,2,611.63,211.84,204.04,456.31,0.91,-1,-1,-1
119,4,826.89,187.74,115.97,351.89,0.95,-1,-1,-1
119,5,326.12,159.18,206.90,527.55,0.95,-1,-1,-1
119,6,146.31,209.57,194.00,455.28,0.95,-1,-1,-1
119,7,784.88,230.76,50.45,133.23,0.92,-1,-1,-1
119,8,-33.13,172.06,175.80,485.47,0.92,-1,-1,-1
119,11,538.25,203.32,100.05,243.26,0.94,-1,-1,-1
119,10,616.64,216.26,82.08,231.87,0.85,-1,-1,-1
120,2,613.82,212.98,203.42,463.70,0.91,-1,-1,-1
120,4,828.84,188.20,116.10,354.08,0.95,-1,-1,-1
120,5,320.08,159.46,212.00,542.70,0.95,-1,-1,-1
120,6,138.31,208.09,195.99,464.31,0.94,-1,-1,-1
120,7,785.35,230.74,49.90,134.14,0.92,-1,-1,-1
120,8,-43.87,171.53,179.08,503.57,0.91,-1,-1,-1
120,11,534.11,202.75,100.48,245.91,0.94,-1,-1,-1
120,10,614.81,216.22,84.62,236.70,0.87,-1,-1,-1
120,15,832.50,240.07,26.10,71.55,0.73,-1,-1,-1
121,2,617.03,215.53,201.97,468.99,0.90,-1,-1,-1
121,4,828.38,189.20,119.10,356.08,0.95,-1,-1,-1
121,5,314.33,160.69,215.76,549.31,0.95,-1,-1,-1
121,6,135.28,207.73,192.56,470.88,0.95,-1,-1,-1
121,7,785.55,230.89,49.69,134.18,0.92,-1,-1,-1
121,8,-59.98,170.83,187.08,527.77,0.90,-1,-1,-1
121,11,530.87,202.34,101.20,248.09,0.94,-1,-1,-1
121,10,613.32,216.16,85.58,239.27,0.89,-1,-1,-1
121,15,832.59,240.62,26.14,71.98,0.67,-1,-1,-1
122,2,619.98,219.23,202.46,472.85,0.90,-1,-1,-1
122,4,831.00,189.82,117.78,358.36,0.95,-1,-1,-1
122,5,307.47,161.42,221.00,566.76,0.95,-1,-1,-1
122,6,133.50,205.86,188.29,478.67,0.95,-1,-1,-1
122,7,784.93,230.99,49.57,134.14,0.92,-1,-1,-1
122,8,-72.49,171.05,191.70,536.14,0.90,-1,-1,-1
122,11,527.11,201.28,103.13,251.48,0.94,-1,-1,-1
122,10,611.04,216.04,88.21,240.94,0.87,-1,-1,-1
122,15,832.55,241.23,26.14,71.37,0.72,-1,-1,-1
123,2,621.96,220.20,203.83,477.75,0.90,-1,-1,-1
123,4,833.17,189.37,117.23,361.84,0.95,-1,-1,-1
123,5,299.84,161.76,225.53,580.08,0.95,-1,-1,-1
123,6,133.91,204.31,180.83,484.85,0.95,-1,-1,-1
123,7,784.71,231.31,49.53,133.50,0.91,-1,-1,-1
123,8,-88.39,170.51,198.38,538.25,0.89,-1,-1,-1
123,11,524.05,201.79,104.42,252.95,0.95,-1,-1,-1
123,10,609.09,215.86,89.78,241.73,0.87,-1,-1,-1
123,15,832.16,241.33,26.83,71.83,0.76,-1,-1,-1
124,2,623.43,220.90,202.57,480.83,0.91,-1,-1,-1
124,4,833.85,188.64,117.60,364.16,0.95,-1,-1,-1
124,5,292.40,160.80,228.77,588.92,0.95,-1,-1,-1
124,6,135.06,201.43,170.47,491.86,0.95,-1,-1,-1
124,7,783.64,231.47,50.12,134.48,0.91,-1,-1,-1
124,8,-101.47,178.44,201.76,518.26,0.88,-1,-1,-1
124,11,520.20,201.66,107.23,254.87,0.95,-1,-1,-1
124,10,606.52,215.61,92.70,245.00,0.87,-1,-1,-1
124,15,831.30,241.24,27.04,71.31,0.78,-1,-1,-1
125,2,624.89,219.10,202.67,486.44,0.91,-1,-1,-1
125,4,834.38,187.32,118.62,367.09,0.95,-1,-1,-1
125,5,283.89,159.64,233.81,597.67,0.95,-1,-1,-1
125,6,131.44,199.22,166.54,497.73,0.95,-1,-1,-1
125,7,782.39,231.52,50.34,134.82,0.90,-1,-1,-1
125,8,-118.38,187.95,206.01,506.59,0.85,-1,-1,-1
125,11,516.86,200.69,108.27,258.79,0.95,-1,-1,-1
125,10,604.50,215.69,93.79,247.13,0.88,-1,-1,-1
125,15,830.06,240.53,27.74,72.76,0.79,-1,-1,-1
126,2,625.93,216.37,202.72,492.48,0.91,-1,-1,-1
126,4,833.64,185.97,120.48,369.83,0.95,-1,-1,-1
126,5,274.86,155.28,237.40,606.36,0.94,-1,-1,-1
126,6,120.11,195.74,169.46,504.69,0.94,-1,-1,-1
126,7,781.30,231.28,50.43,135.27,0.90,-1,-1,-1
126,8,-132.32,187.94,208.40,508.85,0.79,-1,-1,-1
126,11,514.44,201.10,108.04,258.48,0.95,-1,-1,-1
126,10,602.27,215.46,96.51,247.17,0.87,-1,-1,-1
126,15,828.69,239.87,27.35,72.95,0.79,-1,-1,-1
127,2,627.15,213.50,202.72,499.37,0.92,-1,-1,-1
127,4,833.87,184.37,121.17,371.58,0.95,-1,-1,-1
127,5,264.94,152.16,240.38,611.13,0.95,-1,-1,-1
127,6,106.11,192.80,173.03,514.94,0.94,-1,-1,-1
127,7,780.28,231.42,49.26,134.81,0.90,-1,-1,-1
127,8,-138.53,194.93,202.72,503.78,0.45,-1,-1,-1
127,11,512.49,202.20,107.89,258.58,0.95,-1,-1,-1
127,10,599.15,215.26,98.10,249.32,0.87,-1,-1,-1
127,15,827.56,239.71,27.19,75.48,0.82,-1,-1,-1
128,2,626.62,211.97,204.39,504.49,0.92,-1,-1,-1
128,4,833.52,181.73,122.21,375.02,0.95,-1,-1,-1
128,5,255.57,147.47,242.41,617.11,0.95,-1,-1,-1
128,6,91.42,190.06,177.35,529.18,0.94,-1,-1,-1
128,7,778.33,231.77,49.99,133.70,0.89,-1,-1,-1
128,8,-157.26,203.88,201.95,513.08,0.46,-1,-1,-1
128,11,510.07,201.36,108.32,260.33,0.94,-1,-1,-1
128,10,597.10,214.46,98.03,256.93,0.89,-1,-1,-1
128,15,826.16,239.20,27.10,76.67,0.80,-1,-1,-1
129,2,624.91,207.92,206.94,511.69,0.92,-1,-1,-1
129,4,832.85,179.14,123.86,378.85,0.95,-1,-1,-1
129,5,243.03,141.27,247.91,640.49,0.93,-1,-1,-1
129,6,75.03,185.84,182.38,544.62,0.92,-1,-1,-1
129,7,776.21,231.35,51.48,133.02,0.89,-1,-1,-1
129,11,507.78,199.87,108.52,264.91,0.94,-1,-1,-1
129,10,594.07,213.27,99.19,264.86,0.89,-1,-1,-1
129,15,825.15,238.30,27.08,76.80,0.79,-1,-1,-1
130,2,623.27,204.31,209.64,519.41,0.91,-1,-1,-1
130,4,831.68,177.43,125.32,381.64,0.95,-1,-1,-1
130,5,231.09,134.94,249.21,665.75,0.94,-1,-1,-1
130,6,55.79,183.40,190.70,556.76,0.91,-1,-1,-1
130,7,773.34,230.59,54.40,134.31,0.87,-1,-1,-1
130,11,503.09,198.37,110.92,270.80,0.95,-1,-1,-1
130,10,592.03,211.99,98.40,269.28,0.90,-1,-1,-1
130,15,824.19,237.51,27.07,78.94,0.72,-1,-1,-1
131,2,621.48,203.72,211.81,522.69,0.90,-1,-1,-1
131,4,831.23,176.03,126.43,385.00,0.95,-1,-1,-1
131,5,218.05,128.67,253.05,682.12,0.93,-1,-1,-1
131,6,31.20,180.94,200.95,581.49,0.89,-1,-1,-1
131,7,770.83,230.24,56.07,134.70,0.86,-1,-1,-1
131,11,500.87,194.83,110.61,277.56,0.94,-1,-1,-1
131,10,590.51,210.07,98.62,273.04,0.90,-1,-1,-1
131,15,823.28,236.94,26.45,78.22,0.70,-1,-1,-1
132,2,618.95,201.94,214.45,527.35,0.91,-1,-1,-1
132,4,831.09,175.55,127.45,387.22,0.95,-1,-1,-1
132,5,203.58,120.34,256.69,711.49,0.93,-1,-1,-1
132,6,14.13,179.93,204.30,604.75,0.90,-1,-1,-1
132,7,768.73,229.55,58.48,134.90,0.84,-1,-1,-1
132,11,496.79,195.92,111.07,279.24,0.96,-1,-1,-1
132,10,587.58,208.93,100.48,277.27,0.91,-1,-1,-1
132,15,822.10,237.06,26.22,75.24,0.63,-1,-1,-1
133,2,618.01,201.63,216.58,527.83,0.90,-1,-1,-1
133,4,830.79,174.63,129.26,391.21,0.95,-1,-1,-1
133,5,188.78,112.84,261.00,733.63,0.92,-1,-1,-1
133,6,-15.96,179.25,220.97,620.61,0.86,-1,-1,-1
133,7,768.00,229.34,59.97,134.99,0.84,-1,-1,-1
133,11,492.72,194.70,111.79,282.10,0.95,-1,-1,-1
133,10,585.40,207.66,101.14,280.87,0.90,-1,-1,-1
133,15,820.55,237.01,26.13,74.08,0.71,-1,-1,-1
134,2,616.42,201.97,219.76,532.14,0.90,-1,-1,-1
134,4,830.70,174.30,130.53,395.88,0.95,-1,-1,-1
134,5,170.88,104.00,269.61,762.99,0.91,-1,-1,-1
134,6,-33.59,180.91,226.25,617.96,0.85,-1,-1,-1
134,7,767.77,229.70,61.12,133.87,0.84,-1,-1,-1
134,11,491.49,192.09,109.68,285.77,0.94,-1,-1,-1
134,10,583.70,206.58,99.00,283.84,0.91,-1,-1,-1
134,15,819.11,237.74,26.11,73.37,0.74,-1,-1,-1
135,2,612.30,201.92,226.34,541.75,0.89,-1,-1,-1
135,4,830.93,174.68,131.35,399.36,0.95,-1,-1,-1
135,5,152.14,94.52,279.38,792.31,0.91,-1,-1,-1
135,6,-50.88,183.08,228.87,631.98,0.84,-1,-1,-1
135,7,767.43,229.73,59.82,133.55,0.78,-1,-1,-1
135,11,487.94,190.56,110.68,290.31,0.94,-1,-1,-1
135,10,579.92,206.05,100.57,287.06,0.92,-1,-1,-1
135,15,818.01,238.49,25.51,72.47,0.64,-1,-1,-1
136,2,609.44,202.60,230.66,547.83,0.89,-1,-1,-1
136,4,830.34,174.02,132.87,404.94,0.95,-1,-1,-1
136,5,131.73,88.85,289.15,827.12,0.89,-1,-1,-1
136,6,-75.50,178.96,238.76,634.86,0.83,-1,-1,-1
136,7,766.39,230.03,53.94,133.06,0.79,-1,-1,-1
136,11,484.47,189.06,111.68,293.47,0.94,-1,-1,-1
136,10,577.54,206.26,101.18,288.36,0.92,-1,-1,-1
136,15,816.05,238.53,25.90,73.37,0.63,-1,-1,-1
137,2,609.42,203.62,232.41,553.33,0.89,-1,-1,-1
137,4,830.38,173.95,134.02,409.63,0.94,-1,-1,-1
137,5,112.72,84.38,298.23,846.89,0.89,-1,-1,-1
137,6,-98.96,179.21,249.69,642.44,0.82,-1,-1,-1
137,7,765.79,230.60,49.03,132.78,0.79,-1,-1,-1
137,11,481.80,188.68,111.22,295.12,0.94,-1,-1,-1
137,10,576.06,205.29,100.58,291.13,0.92,-1,-1,-1
137,15,815.62,239.17,25.40,73.64,0.69,-1,-1,-1
138,2,609.49,202.91,231.19,560.29,0.88,-1,-1,-1
138,4,830.86,173.55,135.38,413.39,0.94,-1,-1,-1
138,5,91.57,87.88,309.64,861.92,0.89,-1,-1,-1
138,6,-114.47,178.62,240.39,663.02,0.62,-1,-1,-1
138,7,765.54,230.94,44.27,131.81,0.69,-1,-1,-1
138,11,479.38,188.34,110.70,298.03,0.94,-1,-1,-1
138,10,572.06,205.45,101.78,293.67,0.92,-1,-1,-1
138,15,813.93,239.33,24.67,73.17,0.62,-1,-1,-1
138,16,823.50,235.80,45.90,130.05,0.78,-1,-1,-1
139,2,605.88,203.88,238.25,560.88,0.88,-1,-1,-1
139,4,831.51,174.03,136.11,416.98,0.94,-1,-1,-1
139,5,69.29,79.29,322.70,909.65,0.89,-1,-1,-1
139,6,-126.88,191.58,225.53,667.52,0.33,-1,-1,-1
139,7,764.41,231.59,41.97,131.18,0.71,-1,-1,-1
139,11,477.89,188.30,109.25,299.78,0.94,-1,-1,-1
139,10,567.83,204.42,103.36,298.52,0.92,-1,-1,-1
139,15,812.91,239.48,24.40,74.20,0.38,-1,-1,-1
139,16,818.98,235.96,49.61,129.85,0.79,-1,-1,-1
140,2,604.03,203.33,241.98,566.99,0.88,-1,-1,-1
140,4,831.80,173.88,138.07,420.24,0.94,-1,-1,-1
140,5,46.16,72.00,335.94,955.66,0.87,-1,-1,-1
140,6,-151.06,186.68,225.23,685.98,0.23,-1,-1,-1
140,7,764.11,231.46,41.86,131.85,0.60,-1,-1,-1
140,11,475.16,187.57,109.85,303.62,0.94,-1,-1,-1
140,10,563.74,203.60,106.87,303.54,0.92,-1,-1,-1
140,15,811.40,239.01,24.30,75.77,0.26,-1,-1,-1
140,16,819.41,235.48,49.00,130.50,0.81,-1,-1,-1
140,17,960.30,219.37,41.40,121.05,0.71,-1,-1,-1
141,2,602.84,202.30,242.44,576.83,0.89,-1,-1,-1
141,4,832.09,173.30,139.48,423.91,0.94,-1,-1,-1
141,5,23.48,70.03,346.04,981.90,0.86,-1,-1,-1
141,7,763.98,231.48,39.32,129.30,0.29,-1,-1,-1
141,11,472.03,186.84,110.52,308.08,0.94,-1,-1,-1
141,10,560.61,202.93,109.21,307.46,0.92,-1,-1,-1
141,15,809.88,239.20,23.63,75.40,0.13,-1,-1,-1
141,16,819.63,235.19,47.27,129.53,0.85,-1,-1,-1
141,17,960.12,218.77,40.04,121.57,0.72,-1,-1,-1
142,2,601.26,201.65,245.66,582.91,0.88,-1,-1,-1
142,4,833.17,171.74,140.40,427.80,0.94,-1,-1,-1
142,5,-2.94,64.59,359.82,1008.17,0.86,-1,-1,-1
142,7,764.39,231.49,37.23,121.14,0.26,-1,-1,-1
142,11,465.57,185.20,113.84,313.54,0.94,-1,-1,-1
142,10,557.46,201.61,112.52,310.62,0.92,-1,-1,-1
142,16,818.09,234.56,47.45,129.57,0.85,-1,-1,-1
142,17,958.04,219.57,39.81,119.54,0.82,-1,-1,-1
143,2,599.91,200.24,251.37,587.39,0.88,-1,-1,-1
143,4,835.48,169.40,140.58,432.12,0.95,-1,-1,-1
143,5,-40.95,59.88,383.01,1050.88,0.84,-1,-1,-1
143,7,765.94,232.81,32.71,98.04,0.38,-1,-1,-1
143,11,461.24,183.26,115.00,317.93,0.94,-1,-1,-1
143,10,554.38,200.69,111.92,315.27,0.92,-1,-1,-1
143,16,817.03,233.34,46.85,129.60,0.84,-1,-1,-1
143,17,958.20,220.18,38.24,117.40,0.76,-1,-1,-1
144,2,598.31,194.31,259.92,600.25,0.88,-1,-1,-1
144,4,836.70,167.91,141.49,436.36,0.94,-1,-1,-1
144,5,-70.68,45.39,397.41,1090.62,0.80,-1,-1,-1
144,7,765.24,233.34,31.92,91.31,0.35,-1,-1,-1
144,11,458.59,180.99,114.24,323.43,0.95,-1,-1,-1
144,10,550.13,200.33,113.38,318.47,0.92,-1,-1,-1
144,16,816.40,232.50,46.67,130.25,0.85,-1,-1,-1
144,17,959.04,218.49,37.76,118.16,0.71,-1,-1,-1
145,2,597.44,195.85,263.03,600.10,0.89,-1,-1,-1
145,4,837.97,165.78,142.64,440.78,0.95,-1,-1,-1
145,5,-107.62,30.81,417.39,1133.16,0.73,-1,-1,-1
145,11,452.69,181.77,115.66,325.74,0.95,-1,-1,-1
145,10,545.37,199.72,116.81,323.78,0.92,-1,-1,-1
145,16,813.00,231.38,49.14,128.90,0.83,-1,-1,-1
145,17,957.92,215.84,42.96,122.83,0.54,-1,-1,-1
146,2,598.85,195.18,264.32,606.47,0.88,-1,-1,-1
146,4,838.53,163.26,146.12,446.97,0.95,-1,-1,-1
146,5,-138.75,24.67,424.96,1154.30,0.70,-1,-1,-1
146,11,449.10,182.73,115.53,330.79,0.95,-1,-1,-1
146,10,541.23,199.31,118.76,328.15,0.92,-1,-1,-1
146,16,811.90,231.02,47.62,128.14,0.85,-1,-1,-1
146,17,955.90,215.62,44.68,124.38,0.52,-1,-1,-1
147,2,598.62,194.43,265.63,610.77,0.88,-1,-1,-1
147,4,839.83,161.65,147.85,451.84,0.94,-1,-1,-1
147,5,-171.22,13.58,441.14,1207.02,0.60,-1,-1,-1
147,11,443.41,182.51,116.70,338.70,0.95,-1,-1,-1
147,10,536.31,199.31,122.29,333.88,0.92,-1,-1,-1
147,16,810.87,230.54,46.99,128.13,0.89,-1,-1,-1
147,17,954.98,217.94,40.41,117.60,0.25,-1,-1,-1
148,2,597.12,193.18,269.63,617.86,0.87,-1,-1,-1
148,4,843.06,160.26,148.21,456.04,0.95,-1,-1,-1
148,5,-217.35,18.80,471.56,1275.76,0.51,-1,-1,-1
148,11,437.52,180.15,118.33,345.82,0.94,-1,-1,-1
148,10,531.91,198.06,125.96,340.89,0.92,-1,-1,-1
148,16,810.02,230.44,47.40,128.48,0.87,-1,-1,-1
148,17,951.00,218.32,41.17,117.69,0.22,-1,-1,-1
149,2,598.38,194.56,270.28,618.49,0.87,-1,-1,-1
149,4,845.14,158.81,150.85,462.31,0.95,-1,-1,-1
149,5,-228.53,39.11,463.23,1266.07,0.24,-1,-1,-1
149,11,430.90,178.90,120.17,349.90,0.94,-1,-1,-1
149,10,526.58,197.77,131.90,346.77,0.92,-1,-1,-1
149,16,808.81,231.25,47.52,129.20,0.85,-1,-1,-1
