0,1,504.90,201.15,167.40,516.60,0.94,-1,-1,-1
0,2,1015.20,273.82,243.00,504.67,0.94,-1,-1,-1
0,3,290.70,198.00,170.10,556.20,0.93,-1,-1,-1
0,4,622.35,256.95,129.60,440.10,0.92,-1,-1,-1
0,5,439.87,235.35,118.13,336.15,0.91,-1,-1,-1
0,6,833.85,310.50,87.30,193.95,0.90,-1,-1,-1
0,7,800.55,300.15,56.70,169.20,0.86,-1,-1,-1
0,8,765.00,274.05,68.40,175.50,0.86,-1,-1,-1
0,9,701.10,275.85,66.60,163.80,0.84,-1,-1,-1
0,10,754.20,293.85,44.10,129.15,0.81,-1,-1,-1
0,11,827.10,294.07,41.40,134.10,0.81,-1,-1,-1
0,12,916.65,295.20,19.35,50.40,0.73,-1,-1,-1
1,1,503.54,196.60,168.28,517.07,0.94,-1,-1,-1
1,2,1014.51,271.65,247.83,509.83,0.94,-1,-1,-1
1,3,274.38,190.72,176.45,562.16,0.93,-1,-1,-1
1,4,623.39,255.36,130.46,439.56,0.92,-1,-1,-1
1,5,435.74,231.80,118.98,340.63,0.92,-1,-1,-1
1,6,834.23,309.71,87.35,195.22,0.91,-1,-1,-1
1,7,800.91,300.53,57.52,166.17,0.84,-1,-1,-1
1,8,764.56,272.47,67.66,177.55,0.86,-1,-1,-1
1,9,700.23,274.85,63.52,163.50,0.85,-1,-1,-1
1,10,753.75,292.67,44.91,129.61,0.81,-1,-1,-1
1,11,827.87,293.48,42.21,134.17,0.79,-1,-1,-1
1,12,916.29,294.40,19.75,50.82,0.75,-1,-1,-1
2,1,502.73,193.05,166.35,516.56,0.94,-1,-1,-1
2,2,1017.21,270.02,250.12,511.89,0.93,-1,-1,-1
2,3,254.92,183.36,187.96,581.34,0.94,-1,-1,-1
2,4,622.71,253.95,132.72,436.18,0.93,-1,-1,-1
2,5,430.22,228.44,120.54,345.61,0.92,-1,-1,-1
2,6,834.23,309.02,88.08,196.08,0.90,-1,-1,-1
2,7,800.54,300.21,57.66,165.73,0.81,-1,-1,-1
2,8,762.98,271.43,68.25,179.05,0.87,-1,-1,-1
2,9,700.34,273.21,60.84,165.65,0.82,-1,-1,-1
2,10,753.22,291.89,45.75,131.87,0.81,-1,-1,-1
2,11,828.63,292.98,42.35,133.91,0.80,-1,-1,-1
2,12,916.21,293.72,19.83,50.92,0.75,-1,-1,-1
3,1,502.43,190.91,165.05,516.06,0.94,-1,-1,-1
3,2,1019.45,269.14,253.48,516.04,0.92,-1,-1,-1
3,3,235.22,176.04,200.97,597.17,0.94,-1,-1,-1
3,4,624.04,252.01,132.77,430.70,0.93,-1,-1,-1
3,5,424.23,225.65,124.28,349.63,0.93,-1,-1,-1
3,6,835.35,309.12,87.97,196.71,0.91,-1,-1,-1
3,7,800.88,300.06,57.70,165.03,0.83,-1,-1,-1
3,8,759.88,270.61,69.82,188.28,0.85,-1,-1,-1
3,9,698.06,271.69,61.54,168.96,0.77,-1,-1,-1
3,10,751.50,291.64,48.05,133.17,0.76,-1,-1,-1
3,11,829.30,292.28,42.39,134.77,0.80,-1,-1,-1
3,12,916.59,293.62,18.81,50.91,0.70,-1,-1,-1
4,1,502.42,189.12,162.86,519.20,0.94,-1,-1,-1
4,2,1020.19,269.30,260.01,518.91,0.93,-1,-1,-1
4,3,210.98,171.99,219.68,620.63,0.93,-1,-1,-1
4,4,625.62,250.22,131.55,428.63,0.93,-1,-1,-1
4,5,417.83,223.17,128.23,354.80,0.93,-1,-1,-1
4,6,835.00,307.96,89.33,199.66,0.91,-1,-1,-1
4,7,800.93,301.31,59.09,162.76,0.83,-1,-1,-1
4,8,757.17,269.85,71.06,193.63,0.85,-1,-1,-1
4,9,696.58,271.37,62.55,169.77,0.58,-1,-1,-1
4,10,752.77,292.39,46.27,132.29,0.75,-1,-1,-1
4,11,830.44,291.53,42.44,133.14,0.81,-1,-1,-1
4,12,917.39,293.39,18.50,51.59,0.75,-1,-1,-1
5,1,502.91,189.00,160.87,521.47,0.93,-1,-1,-1
5,2,1024.90,270.39,262.14,519.66,0.92,-1,-1,-1
5,3,185.44,167.75,240.85,650.88,0.93,-1,-1,-1
5,4,628.20,249.24,130.44,430.14,0.93,-1,-1,-1
5,5,411.34,222.33,130.32,359.06,0.94,-1,-1,-1
5,6,836.24,307.29,89.78,201.87,0.91,-1,-1,-1
5,7,801.36,299.13,60.84,174.13,0.82,-1,-1,-1
5,8,758.33,269.82,68.27,192.76,0.87,-1,-1,-1
5,9,705.62,281.66,52.56,155.10,0.11,-1,-1,-1
5,10,752.43,293.32,44.23,127.05,0.69,-1,-1,-1
5,11,830.89,290.98,42.45,131.90,0.82,-1,-1,-1
5,12,918.38,293.34,19.07,51.17,0.67,-1,-1,-1
6,1,504.48,189.12,162.65,524.45,0.93,-1,-1,-1
6,2,1027.04,271.73,267.51,517.75,0.92,-1,-1,-1
6,3,158.45,168.69,263.12,669.06,0.94,-1,-1,-1
6,4,628.47,248.39,131.18,434.30,0.93,-1,-1,-1
6,5,404.86,221.46,135.02,364.91,0.94,-1,-1,-1
6,6,837.88,306.69,88.57,203.78,0.91,-1,-1,-1
6,7,800.85,297.56,62.63,178.37,0.82,-1,-1,-1
6,8,757.27,270.22,68.41,191.83,0.85,-1,-1,-1
6,10,752.32,294.85,42.17,120.31,0.56,-1,-1,-1
6,11,831.60,289.80,42.40,131.44,0.83,-1,-1,-1
6,12,918.94,293.12,19.57,50.68,0.65,-1,-1,-1
7,1,504.74,189.06,175.27,529.72,0.92,-1,-1,-1
7,2,1029.62,272.61,270.64,525.52,0.92,-1,-1,-1
7,3,129.24,170.82,288.73,685.67,0.94,-1,-1,-1
7,4,629.80,249.06,131.51,437.70,0.93,-1,-1,-1
7,5,398.44,221.62,139.14,372.31,0.94,-1,-1,-1
7,6,840.05,306.44,87.82,205.33,0.92,-1,-1,-1
7,7,799.79,299.08,63.88,172.82,0.83,-1,-1,-1
7,8,753.85,270.19,69.74,193.67,0.87,-1,-1,-1
7,10,752.66,295.33,39.56,113.51,0.12,-1,-1,-1
7,11,832.18,289.04,42.40,130.05,0.84,-1,-1,-1
7,12,919.17,292.84,19.76,50.81,0.67,-1,-1,-1
8,1,502.73,189.99,186.16,536.69,0.89,-1,-1,-1
8,2,1032.19,273.25,268.90,532.49,0.91,-1,-1,-1
8,3,98.80,169.50,314.80,714.47,0.92,-1,-1,-1
8,4,628.88,248.08,134.54,444.82,0.92,-1,-1,-1
8,5,393.04,222.70,142.81,378.16,0.94,-1,-1,-1
8,6,841.45,306.03,87.45,207.22,0.92,-1,-1,-1
8,7,802.17,298.88,61.21,171.83,0.84,-1,-1,-1
8,8,754.30,270.34,67.06,196.08,0.89,-1,-1,-1
8,11,832.39,288.62,42.96,130.11,0.84,-1,-1,-1
8,12,919.20,292.27,19.80,51.13,0.70,-1,-1,-1
9,1,500.84,191.48,195.08,536.26,0.88,-1,-1,-1
9,2,1036.16,272.98,270.61,540.85,0.90,-1,-1,-1
9,3,65.93,171.13,343.60,741.74,0.93,-1,-1,-1
9,4,631.01,248.25,134.50,449.05,0.92,-1,-1,-1
9,5,385.76,223.29,149.06,383.39,0.93,-1,-1,-1
9,6,842.91,306.34,87.66,208.29,0.93,-1,-1,-1
9,7,803.46,298.96,59.53,170.05,0.85,-1,-1,-1
9,8,754.01,269.80,65.46,196.87,0.91,-1,-1,-1
9,11,832.82,288.64,43.79,129.23,0.84,-1,-1,-1
9,12,919.87,291.89,19.82,50.94,0.68,-1,-1,-1
10,1,494.70,191.22,197.31,542.55,0.88,-1,-1,-1
10,2,1038.74,274.17,272.40,543.20,0.89,-1,-1,-1
10,3,33.12,173.56,370.40,757.61,0.92,-1,-1,-1
10,4,631.97,247.98,135.69,453.40,0.92,-1,-1,-1
10,5,377.87,223.72,155.93,389.51,0.93,-1,-1,-1
10,6,843.95,305.68,87.75,210.03,0.92,-1,-1,-1
10,7,804.16,298.80,59.53,168.95,0.84,-1,-1,-1
10,8,753.88,269.11,64.28,192.29,0.90,-1,-1,-1
10,11,833.51,288.32,44.10,129.57,0.83,-1,-1,-1
10,12,919.76,291.42,20.14,50.88,0.76,-1,-1,-1
11,1,492.18,193.52,217.37,540.42,0.87,-1,-1,-1
11,2,1043.12,273.04,274.02,546.95,0.88,-1,-1,-1
11,3,0.65,169.30,395.23,776.04,0.91,-1,-1,-1
11,4,632.70,247.84,136.05,456.53,0.91,-1,-1,-1
11,5,372.48,223.19,159.71,397.45,0.94,-1,-1,-1
11,6,844.60,305.05,88.65,211.12,0.91,-1,-1,-1
11,7,804.13,299.87,60.09,167.24,0.81,-1,-1,-1
11,8,752.69,268.02,63.84,192.18,0.89,-1,-1,-1
11,11,833.15,287.84,45.39,131.49,0.82,-1,-1,-1
11,12,920.57,291.03,19.94,50.83,0.73,-1,-1,-1
11,13,744.30,349.65,124.20,129.60,0.80,-1,-1,-1
12,1,496.00,193.06,225.53,542.40,0.87,-1,-1,-1
12,2,1047.69,271.96,277.02,548.94,0.88,-1,-1,-1
12,3,-26.09,162.77,410.95,811.54,0.91,-1,-1,-1
12,4,635.57,247.81,134.41,460.71,0.91,-1,-1,-1
12,5,363.60,223.14,165.34,402.30,0.94,-1,-1,-1
12,6,845.99,305.71,89.02,210.62,0.92,-1,-1,-1
12,7,804.37,299.65,61.52,165.43,0.81,-1,-1,-1
12,8,752.27,266.71,63.12,190.33,0.89,-1,-1,-1
12,11,832.98,287.35,46.47,133.75,0.81,-1,-1,-1
12,12,920.87,290.56,19.87,50.82,0.74,-1,-1,-1
12,13,746.49,349.24,121.48,130.58,0.87,-1,-1,-1
12,14,494.10,233.55,127.80,395.55,0.82,-1,-1,-1
13,1,510.44,193.56,222.14,542.77,0.88,-1,-1,-1
13,2,1052.21,270.22,281.51,557.56,0.85,-1,-1,-1
13,3,-54.38,164.09,427.76,835.05,0.87,-1,-1,-1
13,4,636.99,248.11,133.69,464.71,0.91,-1,-1,-1
13,5,353.31,221.95,171.38,407.92,0.94,-1,-1,-1
13,6,847.67,305.37,88.50,211.48,0.92,-1,-1,-1
13,7,805.96,299.57,62.61,165.31,0.80,-1,-1,-1
13,8,750.97,265.48,63.46,193.46,0.89,-1,-1,-1
13,11,832.91,287.04,46.85,134.54,0.80,-1,-1,-1
13,12,920.93,290.26,19.83,50.80,0.71,-1,-1,-1
13,13,746.61,349.33,123.04,130.57,0.73,-1,-1,-1
13,14,487.85,232.57,126.59,399.72,0.87,-1,-1,-1
14,1,513.30,192.74,228.96,543.66,0.86,-1,-1,-1
14,2,1054.54,268.27,286.96,561.28,0.84,-1,-1,-1
14,3,-68.74,150.90,426.86,879.09,0.87,-1,-1,-1
14,4,639.61,249.80,132.42,465.26,0.90,-1,-1,-1
14,5,344.53,220.37,177.57,414.76,0.93,-1,-1,-1
14,6,849.25,304.80,88.70,212.52,0.92,-1,-1,-1
14,7,806.65,300.15,64.28,162.88,0.81,-1,-1,-1
14,8,749.38,264.16,64.29,195.52,0.90,-1,-1,-1
14,11,832.95,287.08,47.63,134.25,0.80,-1,-1,-1
14,12,921.65,289.82,19.84,50.50,0.74,-1,-1,-1
14,13,747.74,348.09,122.83,132.10,0.82,-1,-1,-1
14,14,482.11,232.46,131.38,406.15,0.88,-1,-1,-1
14,15,789.75,292.50,45.00,131.40,0.78,-1,-1,-1
15,1,496.36,191.75,253.38,547.24,0.89,-1,-1,-1
15,2,1057.64,265.03,286.46,560.64,0.85,-1,-1,-1
15,3,-74.52,139.52,412.39,904.73,0.86,-1,-1,-1
15,4,643.51,249.52,130.04,468.08,0.90,-1,-1,-1
15,5,336.06,217.84,180.38,421.98,0.94,-1,-1,-1
15,6,850.95,303.83,88.14,213.63,0.92,-1,-1,-1
15,7,809.50,298.69,61.32,162.27,0.80,-1,-1,-1
15,8,748.19,262.02,64.58,197.16,0.89,-1,-1,-1
15,11,832.63,286.50,48.47,135.94,0.79,-1,-1,-1
15,12,922.47,289.22,19.83,50.99,0.77,-1,-1,-1
15,13,748.38,346.47,122.66,133.09,0.84,-1,-1,-1
15,14,475.41,229.06,134.86,416.96,0.89,-1,-1,-1
15,15,789.52,291.81,45.82,135.44,0.81,-1,-1,-1
16,1,505.98,190.96,243.58,545.01,0.87,-1,-1,-1
16,2,1062.80,260.18,281.39,554.88,0.86,-1,-1,-1
16,3,-102.64,117.04,418.58,966.72,0.83,-1,-1,-1
16,4,644.92,249.79,130.38,469.91,0.90,-1,-1,-1
16,5,330.57,213.18,180.31,430.69,0.94,-1,-1,-1
16,6,851.83,303.12,88.23,214.12,0.92,-1,-1,-1
16,7,810.57,297.48,60.73,161.76,0.81,-1,-1,-1
16,8,746.59,260.59,65.90,193.85,0.89,-1,-1,-1
16,11,832.78,286.10,49.37,135.05,0.80,-1,-1,-1
16,12,923.34,289.10,18.63,50.56,0.80,-1,-1,-1
16,13,750.54,346.83,121.92,132.86,0.83,-1,-1,-1
16,14,467.48,226.90,137.84,426.28,0.88,-1,-1,-1
16,15,789.85,290.88,46.01,135.52,0.83,-1,-1,-1
16,16,940.50,295.20,19.80,51.30,0.73,-1,-1,-1
17,1,508.51,189.15,241.50,544.93,0.88,-1,-1,-1
17,2,1066.95,257.53,279.61,553.53,0.84,-1,-1,-1
17,3,-136.80,91.17,427.92,1025.14,0.78,-1,-1,-1
17,4,644.50,250.18,132.50,470.44,0.90,-1,-1,-1
17,5,324.72,208.29,179.45,438.38,0.94,-1,-1,-1
17,6,853.14,302.41,88.36,215.08,0.90,-1,-1,-1
17,7,811.65,297.93,59.98,158.34,0.82,-1,-1,-1
17,8,744.90,259.34,67.66,188.41,0.89,-1,-1,-1
17,11,832.93,285.95,49.76,136.24,0.80,-1,-1,-1
17,12,924.12,288.73,18.19,50.42,0.71,-1,-1,-1
17,13,752.03,347.00,119.17,132.46,0.85,-1,-1,-1
17,14,449.35,223.65,151.01,438.60,0.89,-1,-1,-1
17,15,790.12,290.17,46.05,134.14,0.83,-1,-1,-1
17,16,941.39,295.52,19.86,50.97,0.75,-1,-1,-1
17,17,964.80,297.90,50.40,144.00,0.70,-1,-1,-1
18,1,514.05,188.22,236.64,539.18,0.89,-1,-1,-1
18,2,1072.11,256.96,274.94,543.40,0.85,-1,-1,-1
18,3,-180.79,68.78,442.70,1100.63,0.80,-1,-1,-1
18,4,645.61,250.62,132.42,467.34,0.89,-1,-1,-1
18,5,317.42,203.20,181.48,446.94,0.94,-1,-1,-1
18,6,853.69,301.65,88.88,216.67,0.90,-1,-1,-1
18,7,812.12,295.59,61.41,165.20,0.82,-1,-1,-1
18,8,743.54,258.64,69.41,191.23,0.89,-1,-1,-1
18,11,832.81,285.69,49.80,137.61,0.77,-1,-1,-1
18,12,924.49,288.59,19.23,50.40,0.76,-1,-1,-1
18,13,752.91,346.64,121.30,133.45,0.83,-1,-1,-1
18,14,433.54,220.17,165.64,449.71,0.88,-1,-1,-1
18,15,790.28,290.16,46.65,136.43,0.83,-1,-1,-1
18,16,941.67,295.49,19.86,50.92,0.74,-1,-1,-1
18,17,965.78,297.75,50.51,144.47,0.76,-1,-1,-1
19,1,515.83,187.29,235.15,536.50,0.88,-1,-1,-1
19,2,1078.19,256.00,269.49,531.79,0.85,-1,-1,-1
19,3,-217.56,56.63,451.30,1142.73,0.80,-1,-1,-1
19,4,647.16,250.26,131.76,466.77,0.89,-1,-1,-1
19,5,308.62,198.60,187.71,455.80,0.94,-1,-1,-1
19,6,855.07,301.03,89.07,218.32,0.92,-1,-1,-1
19,7,812.89,294.98,63.72,169.67,0.83,-1,-1,-1
19,8,742.20,257.59,71.26,201.57,0.88,-1,-1,-1
19,11,832.78,286.29,49.79,136.66,0.74,-1,-1,-1
19,12,925.26,288.34,18.42,50.99,0.70,-1,-1,-1
19,13,752.89,345.98,124.54,135.05,0.84,-1,-1,-1
19,14,419.22,219.21,174.61,457.85,0.88,-1,-1,-1
19,15,790.34,289.92,47.49,140.77,0.83,-1,-1,-1
19,16,941.66,294.82,19.84,50.54,0.67,-1,-1,-1
19,17,967.45,296.94,49.17,145.29,0.80,-1,-1,-1
20,1,525.39,185.96,226.06,535.42,0.89,-1,-1,-1
20,2,1081.96,255.97,267.33,509.14,0.84,-1,-1,-1
20,3,-230.24,66.16,429.82,1129.82,0.65,-1,-1,-1
20,4,648.86,250.10,131.47,465.17,0.90,-1,-1,-1
20,5,299.26,193.22,193.88,465.73,0.94,-1,-1,-1
20,6,856.36,300.47,88.82,219.72,0.92,-1,-1,-1
20,7,813.97,295.92,63.39,164.81,0.84,-1,-1,-1
20,8,741.38,257.64,71.93,203.44,0.89,-1,-1,-1
20,11,832.98,287.10,49.15,132.04,0.76,-1,-1,-1
20,12,926.03,288.23,18.09,51.20,0.73,-1,-1,-1
20,13,753.41,344.78,126.29,136.79,0.88,-1,-1,-1
20,14,410.21,218.99,178.42,465.13,0.89,-1,-1,-1
20,15,790.92,289.50,47.12,137.50,0.85,-1,-1,-1
20,16,941.53,294.40,19.82,51.08,0.69,-1,-1,-1
20,17,969.18,295.89,48.64,149.33,0.78,-1,-1,-1
21,1,533.43,184.31,216.15,538.72,0.88,-1,-1,-1
21,2,1085.06,256.48,269.33,521.40,0.83,-1,-1,-1
21,4,650.07,249.62,131.63,463.00,0.90,-1,-1,-1
21,5,287.58,190.18,197.81,472.65,0.94,-1,-1,-1
21,6,856.99,300.27,89.76,221.68,0.92,-1,-1,-1
21,7,814.21,297.65,65.13,166.01,0.82,-1,-1,-1
21,8,739.72,257.41,73.47,202.90,0.88,-1,-1,-1
21,11,832.92,287.09,48.98,131.57,0.72,-1,-1,-1
21,12,926.23,287.70,18.01,51.61,0.69,-1,-1,-1
21,13,753.41,344.54,130.68,138.96,0.85,-1,-1,-1
21,14,402.39,220.78,180.66,471.61,0.92,-1,-1,-1
21,15,791.29,289.97,47.04,134.40,0.86,-1,-1,-1
21,16,942.09,293.87,19.84,52.27,0.69,-1,-1,-1
21,17,970.29,294.98,49.94,152.31,0.79,-1,-1,-1
21,18,477.00,221.74,101.70,307.01,0.73,-1,-1,-1
22,1,539.74,182.95,204.65,540.46,0.87,-1,-1,-1
22,2,1087.96,259.65,275.74,540.03,0.79,-1,-1,-1
22,4,651.93,249.34,131.40,457.82,0.90,-1,-1,-1
22,5,276.30,187.96,194.92,479.33,0.94,-1,-1,-1
22,6,857.94,299.89,90.56,223.52,0.92,-1,-1,-1
22,7,816.53,298.42,65.07,164.46,0.84,-1,-1,-1
22,8,739.96,257.30,73.33,206.73,0.88,-1,-1,-1
22,11,833.37,286.77,48.81,133.79,0.67,-1,-1,-1
22,12,927.02,287.53,17.95,51.75,0.69,-1,-1,-1
22,13,754.47,344.97,130.40,139.44,0.86,-1,-1,-1
22,14,395.94,219.09,183.70,484.82,0.93,-1,-1,-1
22,15,791.61,290.24,46.92,135.73,0.87,-1,-1,-1
22,16,943.03,293.88,19.81,52.03,0.71,-1,-1,-1
22,17,971.33,295.21,51.59,154.47,0.81,-1,-1,-1
22,18,473.85,224.33,100.48,307.13,0.69,-1,-1,-1
23,1,543.72,182.14,202.12,543.35,0.90,-1,-1,-1
23,2,1085.79,267.60,287.50,557.69,0.72,-1,-1,-1
23,4,653.70,248.79,130.59,453.69,0.90,-1,-1,-1
23,5,264.13,184.63,195.08,487.78,0.94,-1,-1,-1
23,6,859.32,299.65,90.20,225.03,0.92,-1,-1,-1
23,7,819.05,299.49,62.60,163.24,0.84,-1,-1,-1
23,8,738.82,257.44,74.37,211.07,0.88,-1,-1,-1
23,11,833.41,286.39,49.30,136.10,0.76,-1,-1,-1
23,12,927.76,287.97,17.92,51.20,0.65,-1,-1,-1
23,13,755.03,345.61,130.78,140.78,0.71,-1,-1,-1
23,14,391.74,216.83,182.76,494.78,0.94,-1,-1,-1
23,15,791.91,290.23,46.83,138.04,0.87,-1,-1,-1
23,16,943.85,293.65,19.79,53.16,0.71,-1,-1,-1
23,17,972.76,295.08,49.60,152.88,0.82,-1,-1,-1
23,18,475.95,226.60,97.43,291.12,0.78,-1,-1,-1
24,1,546.53,181.93,203.15,546.04,0.91,-1,-1,-1
24,2,1093.91,276.85,275.55,545.75,0.75,-1,-1,-1
24,4,653.71,248.08,132.15,448.93,0.90,-1,-1,-1
24,5,252.97,182.91,195.99,494.12,0.95,-1,-1,-1
24,6,859.91,300.45,91.28,225.66,0.92,-1,-1,-1
24,7,821.26,300.02,61.66,161.22,0.82,-1,-1,-1
24,8,739.37,257.93,73.59,210.55,0.87,-1,-1,-1
24,11,833.52,285.93,50.09,138.53,0.72,-1,-1,-1
24,12,928.76,287.84,17.93,51.91,0.69,-1,-1,-1
24,13,754.68,347.06,129.14,143.11,0.86,-1,-1,-1
24,14,386.89,215.51,184.55,502.81,0.94,-1,-1,-1
24,15,792.39,290.97,46.81,139.25,0.86,-1,-1,-1
24,16,944.26,293.42,19.79,53.28,0.75,-1,-1,-1
24,17,973.35,295.68,47.59,149.13,0.81,-1,-1,-1
24,18,475.71,228.01,95.62,292.86,0.83,-1,-1,-1
25,1,547.54,182.52,199.94,546.70,0.90,-1,-1,-1
25,2,1101.47,281.76,276.72,550.21,0.70,-1,-1,-1
25,4,654.61,247.19,132.77,448.46,0.90,-1,-1,-1
25,5,240.19,180.87,202.44,503.53,0.94,-1,-1,-1
25,6,861.19,300.80,91.09,227.14,0.92,-1,-1,-1
25,7,824.39,300.25,60.71,161.25,0.81,-1,-1,-1
25,8,739.02,258.39,74.47,214.40,0.87,-1,-1,-1
25,11,833.18,285.80,50.98,137.84,0.68,-1,-1,-1
25,12,928.96,287.95,17.93,50.94,0.55,-1,-1,-1
25,13,754.52,348.67,129.63,145.74,0.83,-1,-1,-1
25,14,382.80,214.86,183.75,508.46,0.93,-1,-1,-1
25,15,792.21,291.30,48.03,142.30,0.86,-1,-1,-1
25,16,944.86,293.20,19.79,52.96,0.66,-1,-1,-1
25,17,973.96,295.29,48.17,154.13,0.82,-1,-1,-1
25,18,471.96,228.13,97.92,312.61,0.88,-1,-1,-1
26,1,548.59,182.96,199.53,548.00,0.91,-1,-1,-1
26,2,1113.09,280.64,271.30,554.04,0.69,-1,-1,-1
26,4,657.21,245.42,131.33,452.23,0.89,-1,-1,-1
26,5,227.71,177.65,207.88,520.69,0.95,-1,-1,-1
26,6,862.50,300.93,91.36,228.25,0.92,-1,-1,-1
26,7,826.07,300.77,61.01,162.64,0.83,-1,-1,-1
26,8,739.75,258.74,73.66,217.71,0.87,-1,-1,-1
26,11,832.71,285.16,51.94,141.45,0.79,-1,-1,-1
26,12,929.59,287.68,17.95,49.96,0.51,-1,-1,-1
26,13,752.92,349.45,132.23,147.72,0.55,-1,-1,-1
26,14,377.49,211.80,182.34,516.19,0.93,-1,-1,-1
26,15,792.70,291.58,47.91,145.20,0.86,-1,-1,-1
26,16,945.65,293.41,19.80,52.52,0.55,-1,-1,-1
26,17,974.74,294.98,49.65,160.75,0.83,-1,-1,-1
26,18,468.10,227.93,101.35,322.15,0.90,-1,-1,-1
27,1,549.66,182.81,198.68,552.10,0.91,-1,-1,-1
27,2,1108.79,279.61,278.71,558.07,0.72,-1,-1,-1
27,4,658.29,243.80,131.28,456.78,0.90,-1,-1,-1
27,5,216.27,175.00,210.32,536.41,0.94,-1,-1,-1
27,6,863.89,300.63,91.10,229.71,0.92,-1,-1,-1
27,7,826.40,299.53,62.29,170.44,0.82,-1,-1,-1
27,8,738.39,258.23,75.66,220.90,0.86,-1,-1,-1
27,11,832.89,283.69,52.25,145.07,0.78,-1,-1,-1
27,12,929.82,287.53,17.95,49.58,0.41,-1,-1,-1
27,13,755.07,349.95,131.33,150.14,0.83,-1,-1,-1
27,14,371.94,209.29,179.11,522.86,0.93,-1,-1,-1
27,15,792.96,291.77,48.42,145.02,0.86,-1,-1,-1
27,16,945.94,293.46,19.79,52.93,0.58,-1,-1,-1
27,17,975.59,295.28,48.94,154.46,0.84,-1,-1,-1
27,18,464.52,226.57,104.98,328.94,0.92,-1,-1,-1
28,1,550.26,182.61,198.92,554.21,0.90,-1,-1,-1
28,2,1115.36,279.58,277.75,560.83,0.69,-1,-1,-1
28,4,660.73,243.09,130.00,459.08,0.90,-1,-1,-1
28,5,205.35,172.40,210.16,551.80,0.94,-1,-1,-1
28,6,864.65,301.30,91.25,229.32,0.92,-1,-1,-1
28,7,826.75,298.36,62.74,175.97,0.81,-1,-1,-1
28,8,739.08,257.79,75.17,219.81,0.87,-1,-1,-1
28,11,832.94,282.44,52.33,145.84,0.78,-1,-1,-1
28,12,930.46,287.24,17.94,49.45,0.49,-1,-1,-1
28,13,758.26,349.25,127.93,149.69,0.86,-1,-1,-1
28,14,365.42,203.93,173.74,532.00,0.93,-1,-1,-1
28,15,792.73,291.41,48.58,146.09,0.86,-1,-1,-1
28,16,946.00,292.63,20.99,54.29,0.64,-1,-1,-1
28,17,976.44,295.79,48.65,151.87,0.84,-1,-1,-1
28,18,460.85,223.89,109.28,334.09,0.92,-1,-1,-1
29,1,550.90,182.31,202.79,556.60,0.90,-1,-1,-1
29,2,1124.95,294.68,271.53,551.18,0.61,-1,-1,-1
29,4,662.13,241.99,129.62,463.33,0.90,-1,-1,-1
29,5,193.10,169.98,213.35,563.86,0.95,-1,-1,-1
29,6,866.09,300.72,91.36,230.66,0.92,-1,-1,-1
29,7,826.82,297.21,64.14,179.15,0.82,-1,-1,-1
29,8,738.16,257.22,76.20,221.59,0.86,-1,-1,-1
29,11,832.95,281.42,52.97,147.31,0.74,-1,-1,-1
29,12,930.70,287.01,17.95,50.31,0.23,-1,-1,-1
29,13,758.82,348.74,127.88,149.18,0.84,-1,-1,-1
29,14,356.70,199.36,170.35,542.37,0.92,-1,-1,-1
29,15,792.32,290.58,49.27,149.77,0.86,-1,-1,-1
29,16,946.04,292.95,21.44,53.01,0.58,-1,-1,-1
29,17,977.36,296.31,48.57,149.10,0.86,-1,-1,-1
29,18,457.06,220.38,111.50,339.91,0.92,-1,-1,-1
30,1,551.18,181.04,202.86,557.46,0.90,-1,-1,-1
30,2,1130.75,338.28,259.24,495.29,0.65,-1,-1,-1
30,4,662.66,241.17,131.15,467.52,0.90,-1,-1,-1
30,5,182.10,168.63,214.84,566.64,0.94,-1,-1,-1
30,6,866.89,299.22,91.61,232.86,0.92,-1,-1,-1
30,7,828.01,297.12,64.60,176.32,0.82,-1,-1,-1
30,8,738.78,256.77,75.90,218.44,0.85,-1,-1,-1
30,11,833.86,280.52,53.15,148.98,0.75,-1,-1,-1
30,12,931.36,286.57,17.94,49.44,0.25,-1,-1,-1
30,13,759.93,347.97,125.38,147.58,0.86,-1,-1,-1
30,14,346.86,193.81,167.17,556.07,0.92,-1,-1,-1
30,15,792.48,289.87,49.46,150.20,0.86,-1,-1,-1
30,16,947.20,292.59,20.41,54.29,0.65,-1,-1,-1
30,17,978.24,296.47,48.50,148.64,0.87,-1,-1,-1
30,18,447.93,216.24,119.47,343.86,0.91,-1,-1,-1
31,1,552.29,180.18,202.99,559.12,0.90,-1,-1,-1
31,2,1144.28,354.47,247.44,466.74,0.62,-1,-1,-1
31,4,664.23,240.64,131.79,469.41,0.90,-1,-1,-1
31,5,170.24,165.95,216.19,569.41,0.94,-1,-1,-1
31,6,867.70,298.10,91.73,233.96,0.92,-1,-1,-1
31,7,828.37,295.64,65.98,178.45,0.83,-1,-1,-1
31,8,738.97,255.76,75.80,219.56,0.84,-1,-1,-1
31,11,833.86,279.34,53.82,153.73,0.70,-1,-1,-1
31,12,932.15,285.84,17.95,47.91,0.18,-1,-1,-1
31,13,760.26,346.23,126.28,152.31,0.85,-1,-1,-1
31,14,337.07,187.87,165.72,562.72,0.92,-1,-1,-1
31,15,791.89,288.15,50.15,153.89,0.86,-1,-1,-1
31,16,946.99,291.43,21.22,55.07,0.44,-1,-1,-1
31,17,979.10,296.09,48.50,147.88,0.87,-1,-1,-1
31,18,440.83,211.35,125.82,349.77,0.93,-1,-1,-1
32,1,552.50,178.74,206.69,560.70,0.90,-1,-1,-1
32,2,1156.45,366.03,238.39,469.12,0.45,-1,-1,-1
32,4,666.17,241.02,132.06,470.27,0.90,-1,-1,-1
32,5,157.62,163.72,219.38,573.34,0.94,-1,-1,-1
32,6,868.85,296.77,91.50,235.62,0.93,-1,-1,-1
32,7,829.03,295.22,66.51,177.96,0.84,-1,-1,-1
32,8,739.01,254.16,76.36,216.48,0.84,-1,-1,-1
32,11,834.13,278.29,53.48,155.26,0.71,-1,-1,-1
32,12,933.05,285.70,17.95,45.54,0.12,-1,-1,-1
32,13,761.20,345.13,128.45,152.21,0.82,-1,-1,-1
32,14,326.92,182.94,173.32,568.21,0.92,-1,-1,-1
32,15,791.33,286.74,51.00,155.31,0.86,-1,-1,-1
32,16,948.11,291.14,20.33,54.18,0.36,-1,-1,-1
32,17,980.03,295.18,48.51,148.87,0.88,-1,-1,-1
32,18,439.85,207.20,126.08,354.80,0.93,-1,-1,-1
33,1,551.15,175.66,212.44,558.88,0.91,-1,-1,-1
33,2,1166.84,381.58,221.86,434.71,0.55,-1,-1,-1
33,4,667.26,240.81,134.13,471.06,0.90,-1,-1,-1
33,5,145.00,161.37,223.31,585.53,0.93,-1,-1,-1
33,6,870.25,295.53,91.80,237.32,0.92,-1,-1,-1
33,7,831.15,294.19,66.77,181.98,0.85,-1,-1,-1
33,8,736.79,253.44,77.83,220.28,0.82,-1,-1,-1
33,11,834.05,277.91,53.40,158.99,0.72,-1,-1,-1
33,13,763.47,344.60,130.51,153.22,0.58,-1,-1,-1
33,14,315.98,180.65,185.89,578.74,0.91,-1,-1,-1
33,15,790.95,285.93,51.38,157.53,0.87,-1,-1,-1
33,16,948.64,290.24,20.00,55.31,0.34,-1,-1,-1
33,17,981.04,294.78,48.58,150.10,0.88,-1,-1,-1
33,18,440.68,203.97,125.30,359.06,0.94,-1,-1,-1
34,1,551.44,173.67,215.19,559.01,0.91,-1,-1,-1
34,2,1176.44,378.32,214.82,437.53,0.45,-1,-1,-1
34,4,668.79,241.68,135.50,472.79,0.91,-1,-1,-1
34,5,131.77,157.80,228.89,589.22,0.91,-1,-1,-1
34,6,871.61,294.53,92.20,238.52,0.92,-1,-1,-1
34,7,831.30,293.10,68.63,186.57,0.86,-1,-1,-1
34,8,734.46,252.04,80.15,230.28,0.81,-1,-1,-1
34,11,834.29,277.54,51.57,159.47,0.67,-1,-1,-1
34,14,303.30,176.23,200.81,594.97,0.89,-1,-1,-1
34,15,790.77,284.80,51.51,159.20,0.87,-1,-1,-1
34,16,949.40,290.41,21.08,56.33,0.58,-1,-1,-1
34,17,981.96,294.23,48.61,151.76,0.89,-1,-1,-1
34,18,440.39,200.69,124.41,363.21,0.94,-1,-1,-1
35,1,553.10,173.22,213.33,555.99,0.91,-1,-1,-1
35,2,1182.73,390.24,207.66,428.50,0.27,-1,-1,-1
35,4,670.37,241.14,136.04,473.33,0.90,-1,-1,-1
35,5,117.51,152.92,232.15,612.95,0.91,-1,-1,-1
35,6,872.65,294.50,92.38,239.64,0.92,-1,-1,-1
35,7,831.57,292.73,69.35,189.83,0.86,-1,-1,-1
35,8,733.50,251.55,81.06,237.05,0.77,-1,-1,-1
35,11,834.63,277.15,51.47,162.34,0.64,-1,-1,-1
35,14,290.78,171.82,214.99,613.92,0.90,-1,-1,-1
35,15,789.16,283.80,53.34,164.61,0.84,-1,-1,-1
35,16,949.69,290.07,21.48,57.62,0.42,-1,-1,-1
35,17,982.90,294.22,49.83,152.17,0.88,-1,-1,-1
35,18,439.43,197.99,122.69,367.14,0.94,-1,-1,-1
36,1,554.92,172.75,214.12,554.40,0.92,-1,-1,-1
36,2,1190.68,447.53,197.77,468.04,0.11,-1,-1,-1
36,4,671.80,240.31,136.05,466.81,0.89,-1,-1,-1
36,5,102.49,146.89,238.78,640.85,0.90,-1,-1,-1
36,6,873.80,294.21,92.64,240.85,0.92,-1,-1,-1
36,7,832.74,292.30,68.94,192.45,0.86,-1,-1,-1
36,8,731.94,249.31,82.47,246.86,0.68,-1,-1,-1
36,11,834.38,277.45,51.98,164.52,0.68,-1,-1,-1
36,14,278.66,170.10,228.71,625.43,0.90,-1,-1,-1
36,15,789.08,283.29,53.37,164.52,0.85,-1,-1,-1
36,16,950.84,291.01,20.43,54.83,0.46,-1,-1,-1
36,17,983.69,294.25,50.23,146.89,0.86,-1,-1,-1
36,18,437.48,196.20,121.19,369.40,0.94,-1,-1,-1
37,1,556.72,171.07,213.44,559.97,0.90,-1,-1,-1
37,4,673.64,238.93,136.36,469.77,0.90,-1,-1,-1
37,5,89.19,140.63,242.24,655.85,0.89,-1,-1,-1
37,6,874.81,293.39,93.17,242.34,0.91,-1,-1,-1
37,7,834.67,291.42,68.03,193.59,0.87,-1,-1,-1
37,8,728.55,245.66,85.19,257.13,0.33,-1,-1,-1
37,11,834.63,277.89,50.86,163.44,0.72,-1,-1,-1
37,14,266.46,165.59,238.30,634.58,0.91,-1,-1,-1
37,15,789.73,282.66,52.66,161.06,0.87,-1,-1,-1
37,16,951.84,291.30,19.97,53.99,0.51,-1,-1,-1
37,17,984.49,293.89,51.47,148.13,0.84,-1,-1,-1
37,18,434.94,194.37,121.06,373.24,0.95,-1,-1,-1
38,1,558.86,169.76,212.92,562.46,0.91,-1,-1,-1
38,4,675.91,238.34,135.54,467.93,0.90,-1,-1,-1
38,5,73.74,135.55,248.20,664.33,0.89,-1,-1,-1
38,6,875.79,293.74,93.52,243.49,0.92,-1,-1,-1
38,7,834.78,291.14,69.58,194.27,0.86,-1,-1,-1
38,8,729.24,248.83,83.43,258.32,0.11,-1,-1,-1
38,11,835.03,278.57,50.53,160.12,0.71,-1,-1,-1
38,14,252.07,162.62,249.66,643.95,0.90,-1,-1,-1
38,15,789.96,282.65,52.47,159.78,0.87,-1,-1,-1
38,16,952.30,290.97,19.84,54.63,0.46,-1,-1,-1
38,17,985.50,293.91,50.85,149.59,0.86,-1,-1,-1
38,18,429.84,193.83,122.98,380.00,0.94,-1,-1,-1
38,19,544.95,262.35,91.80,274.05,0.70,-1,-1,-1
39,1,560.24,169.84,212.18,566.50,0.91,-1,-1,-1
39,4,678.55,237.62,135.26,466.62,0.90,-1,-1,-1
39,5,57.96,133.69,267.10,681.14,0.86,-1,-1,-1
39,6,877.37,293.80,93.68,245.81,0.92,-1,-1,-1
39,7,833.38,291.55,72.54,196.10,0.84,-1,-1,-1
39,11,835.23,279.35,50.43,158.19,0.71,-1,-1,-1
39,14,238.38,158.20,258.37,660.65,0.89,-1,-1,-1
39,15,790.10,282.73,53.00,158.37,0.87,-1,-1,-1
39,16,952.51,291.04,21.00,55.17,0.25,-1,-1,-1
39,17,986.51,294.42,50.61,145.67,0.87,-1,-1,-1
39,18,421.52,193.48,128.45,388.35,0.94,-1,-1,-1
39,19,541.53,264.77,94.86,276.47,0.80,-1,-1,-1
39,13,814.61,346.23,88.97,150.93,0.65,-1,-1,-1
40,1,562.43,169.04,208.99,569.44,0.92,-1,-1,-1
40,4,681.51,236.79,135.82,462.53,0.91,-1,-1,-1
40,5,40.13,129.97,273.28,711.04,0.86,-1,-1,-1
40,6,879.07,294.27,93.77,247.96,0.92,-1,-1,-1
40,7,835.11,291.88,71.93,196.85,0.85,-1,-1,-1
40,11,835.86,279.79,50.41,155.93,0.73,-1,-1,-1
40,14,223.08,154.19,267.55,675.05,0.88,-1,-1,-1
40,15,789.82,282.92,53.80,159.30,0.87,-1,-1,-1
40,16,953.72,291.05,20.27,54.76,0.33,-1,-1,-1
40,17,988.02,295.04,50.54,145.37,0.87,-1,-1,-1
40,18,412.09,194.40,134.79,393.97,0.94,-1,-1,-1
40,19,535.98,266.87,97.58,274.05,0.81,-1,-1,-1
40,13,821.29,347.86,82.65,150.53,0.55,-1,-1,-1
41,1,561.92,166.28,205.48,575.62,0.93,-1,-1,-1
41,4,685.55,236.17,134.31,460.34,0.91,-1,-1,-1
41,5,20.04,121.72,277.46,733.03,0.87,-1,-1,-1
41,6,880.99,294.90,93.85,249.63,0.91,-1,-1,-1
41,7,837.93,291.28,71.11,200.60,0.84,-1,-1,-1
41,11,836.48,279.65,51.64,157.87,0.74,-1,-1,-1
41,14,207.20,150.03,276.97,688.01,0.88,-1,-1,-1
41,15,789.78,283.15,54.13,159.12,0.87,-1,-1,-1
41,16,953.72,291.94,21.19,56.44,0.47,-1,-1,-1
41,17,989.34,295.26,50.53,144.47,0.87,-1,-1,-1
41,18,401.96,195.19,141.94,399.29,0.94,-1,-1,-1
41,19,530.65,267.23,97.77,279.71,0.83,-1,-1,-1
41,13,813.56,349.92,87.06,147.52,0.65,-1,-1,-1
42,1,560.85,165.30,210.41,583.67,0.92,-1,-1,-1
42,4,688.23,235.85,135.11,459.44,0.90,-1,-1,-1
42,5,1.03,115.43,278.64,756.20,0.87,-1,-1,-1
42,6,882.20,294.30,95.16,252.65,0.91,-1,-1,-1
42,7,838.63,290.68,72.04,205.19,0.85,-1,-1,-1
42,11,836.67,279.53,52.76,159.63,0.75,-1,-1,-1
42,14,188.55,143.55,285.81,712.08,0.86,-1,-1,-1
42,15,790.06,283.51,54.31,160.36,0.87,-1,-1,-1
42,16,954.20,292.58,21.54,57.30,0.50,-1,-1,-1
42,17,991.44,295.48,50.58,144.91,0.87,-1,-1,-1
42,18,394.73,196.52,146.43,404.33,0.94,-1,-1,-1
42,19,527.25,267.82,95.10,283.92,0.87,-1,-1,-1
42,13,822.93,352.27,79.19,146.21,0.64,-1,-1,-1
43,1,559.31,164.50,214.36,589.65,0.93,-1,-1,-1
43,4,691.02,235.21,138.18,462.60,0.90,-1,-1,-1
43,5,-18.41,109.44,286.26,769.04,0.86,-1,-1,-1
43,6,882.97,293.79,95.82,255.15,0.91,-1,-1,-1
43,7,839.22,289.42,73.46,209.60,0.85,-1,-1,-1
43,11,837.69,278.90,52.51,159.41,0.77,-1,-1,-1
43,14,174.95,139.11,288.75,733.29,0.87,-1,-1,-1
43,15,790.53,283.63,54.28,164.13,0.86,-1,-1,-1
43,16,955.03,292.29,21.65,57.94,0.37,-1,-1,-1
43,17,992.87,295.48,50.54,152.34,0.88,-1,-1,-1
43,18,388.04,197.35,150.22,409.66,0.94,-1,-1,-1
43,19,526.39,267.71,91.37,286.94,0.81,-1,-1,-1
43,13,827.50,353.99,77.00,146.59,0.73,-1,-1,-1
43,20,537.75,265.05,108.90,348.75,0.81,-1,-1,-1
44,1,560.58,163.56,215.75,593.12,0.92,-1,-1,-1
44,4,693.53,234.68,138.66,465.03,0.90,-1,-1,-1
44,5,-46.24,104.91,303.99,784.82,0.83,-1,-1,-1
44,6,885.53,294.63,94.22,255.45,0.92,-1,-1,-1
44,7,840.56,288.93,73.95,212.57,0.86,-1,-1,-1
44,11,838.62,277.89,52.98,158.93,0.79,-1,-1,-1
44,14,160.64,127.97,291.24,766.29,0.87,-1,-1,-1
44,15,790.40,283.80,54.83,164.56,0.86,-1,-1,-1
44,16,955.82,291.70,21.67,58.43,0.44,-1,-1,-1
44,17,994.45,295.01,50.49,154.72,0.88,-1,-1,-1
44,18,388.26,197.43,145.58,407.75,0.92,-1,-1,-1
44,19,531.61,264.22,101.89,335.00,0.86,-1,-1,-1
44,13,828.19,352.12,80.83,149.70,0.77,-1,-1,-1
44,20,525.06,267.28,93.38,300.15,0.82,-1,-1,-1
45,1,563.81,162.53,217.83,593.54,0.93,-1,-1,-1
45,4,695.31,233.76,139.29,471.18,0.90,-1,-1,-1
45,5,-60.37,99.70,303.34,794.07,0.82,-1,-1,-1
45,6,887.00,294.55,95.32,256.92,0.91,-1,-1,-1
45,7,842.18,287.76,75.23,217.68,0.85,-1,-1,-1
45,11,839.53,277.25,53.69,160.77,0.80,-1,-1,-1
45,14,142.69,121.08,296.92,784.69,0.86,-1,-1,-1
45,15,792.12,284.36,53.77,153.62,0.86,-1,-1,-1
45,16,956.61,291.38,21.66,60.96,0.39,-1,-1,-1
45,17,994.90,294.72,51.62,155.59,0.87,-1,-1,-1
45,18,381.24,196.51,147.73,422.58,0.93,-1,-1,-1
45,19,531.00,260.75,105.26,355.59,0.90,-1,-1,-1
45,13,831.70,351.86,81.51,152.00,0.69,-1,-1,-1
45,20,520.34,266.21,87.19,295.37,0.85,-1,-1,-1
46,1,568.69,162.25,218.74,597.18,0.93,-1,-1,-1
46,4,697.84,233.02,139.62,475.74,0.90,-1,-1,-1
46,5,-70.13,91.77,300.59,814.19,0.80,-1,-1,-1
46,6,888.59,294.81,96.67,257.43,0.91,-1,-1,-1
46,7,844.14,287.33,75.16,216.91,0.85,-1,-1,-1
46,11,840.05,276.72,54.59,166.22,0.80,-1,-1,-1
46,14,122.34,110.81,298.62,814.26,0.86,-1,-1,-1
46,15,792.36,283.98,54.59,157.63,0.84,-1,-1,-1
46,16,957.69,291.10,21.67,62.19,0.36,-1,-1,-1
46,17,997.62,294.47,50.88,147.87,0.86,-1,-1,-1
46,18,381.20,194.73,143.31,432.51,0.94,-1,-1,-1
46,19,529.46,258.80,106.58,366.31,0.91,-1,-1,-1
46,13,834.25,351.90,81.28,152.43,0.72,-1,-1,-1
46,20,516.51,264.57,87.59,299.21,0.85,-1,-1,-1
47,1,571.28,162.54,221.74,596.76,0.93,-1,-1,-1
47,4,699.61,232.26,140.55,478.94,0.89,-1,-1,-1
47,5,-87.23,85.83,298.99,840.03,0.80,-1,-1,-1
47,6,890.19,294.11,97.31,259.20,0.91,-1,-1,-1
47,7,844.67,286.82,76.40,215.91,0.86,-1,-1,-1
47,11,840.05,276.02,55.61,173.35,0.81,-1,-1,-1
47,14,100.33,105.25,297.42,846.70,0.86,-1,-1,-1
47,15,794.02,284.11,53.78,155.54,0.83,-1,-1,-1
47,16,958.59,290.76,21.69,60.64,0.15,-1,-1,-1
47,17,998.55,294.41,51.86,147.09,0.86,-1,-1,-1
47,18,375.52,191.39,143.48,441.31,0.94,-1,-1,-1
47,19,524.01,256.13,112.58,377.89,0.91,-1,-1,-1
47,13,834.56,352.62,80.74,148.80,0.80,-1,-1,-1
47,20,512.18,258.91,89.27,306.22,0.86,-1,-1,-1
48,1,574.09,162.41,226.93,593.61,0.93,-1,-1,-1
48,4,701.45,232.73,140.86,485.71,0.89,-1,-1,-1
48,5,-111.87,75.41,307.04,879.71,0.80,-1,-1,-1
48,6,891.64,293.97,99.00,259.29,0.91,-1,-1,-1
48,7,846.03,287.82,76.82,214.15,0.86,-1,-1,-1
48,11,841.23,275.61,55.38,173.64,0.83,-1,-1,-1
48,14,79.95,95.42,295.19,887.23,0.87,-1,-1,-1
48,15,797.07,284.77,51.63,148.94,0.83,-1,-1,-1
48,16,959.47,290.46,21.70,61.76,0.23,-1,-1,-1
48,17,1001.19,294.23,51.03,153.35,0.86,-1,-1,-1
48,18,371.03,185.56,143.46,450.69,0.95,-1,-1,-1
48,19,514.20,253.71,120.65,387.82,0.92,-1,-1,-1
48,13,834.55,351.78,83.01,148.41,0.75,-1,-1,-1
48,20,507.13,257.09,93.79,311.65,0.86,-1,-1,-1
49,1,579.33,162.24,225.49,595.00,0.93,-1,-1,-1
49,4,702.81,233.61,141.67,490.09,0.87,-1,-1,-1
49,5,-116.39,71.77,285.47,901.57,0.79,-1,-1,-1
49,6,894.40,293.57,98.51,261.21,0.91,-1,-1,-1
49,7,845.81,287.24,79.38,217.49,0.87,-1,-1,-1
49,11,842.15,274.97,55.32,176.64,0.81,-1,-1,-1
49,14,57.31,86.87,293.62,912.94,0.87,-1,-1,-1
49,15,797.79,284.00,51.46,152.94,0.74,-1,-1,-1
49,16,960.29,290.71,21.70,58.63,0.16,-1,-1,-1
49,17,1002.66,293.77,50.75,157.16,0.87,-1,-1,-1
49,18,365.25,179.69,143.96,458.85,0.94,-1,-1,-1
49,19,503.89,252.50,130.76,395.86,0.93,-1,-1,-1
49,13,834.38,352.00,82.71,149.03,0.79,-1,-1,-1
49,20,501.62,254.31,97.91,316.12,0.85,-1,-1,-1
50,1,583.64,160.54,225.81,597.98,0.93,-1,-1,-1
50,4,704.02,233.93,142.99,490.81,0.87,-1,-1,-1
50,5,-126.10,69.55,271.18,902.99,0.77,-1,-1,-1
50,6,896.94,292.51,99.09,261.75,0.91,-1,-1,-1
50,7,846.66,286.88,80.55,218.10,0.86,-1,-1,-1
50,11,842.57,274.70,55.82,175.88,0.81,-1,-1,-1
50,14,36.00,78.80,289.19,930.73,0.87,-1,-1,-1
50,15,798.14,283.25,51.96,154.91,0.60,-1,-1,-1
50,17,1003.75,292.99,51.79,161.49,0.88,-1,-1,-1
50,18,359.92,174.37,145.29,466.35,0.95,-1,-1,-1
50,19,494.79,252.35,139.70,401.17,0.93,-1,-1,-1
50,13,836.99,352.32,82.56,149.49,0.77,-1,-1,-1
50,20,496.70,252.13,101.11,316.75,0.85,-1,-1,-1
51,1,587.95,158.19,226.24,603.45,0.92,-1,-1,-1
51,4,707.15,235.28,142.05,486.53,0.87,-1,-1,-1
51,5,-142.71,73.99,271.41,906.89,0.72,-1,-1,-1
51,6,898.83,291.75,100.07,264.39,0.90,-1,-1,-1
51,7,847.33,285.63,82.35,222.36,0.86,-1,-1,-1
51,11,843.39,274.23,57.11,179.74,0.81,-1,-1,-1
51,14,13.81,61.13,291.85,977.72,0.86,-1,-1,-1
51,15,799.82,283.02,51.48,153.62,0.32,-1,-1,-1
51,17,1004.82,292.83,53.30,164.36,0.89,-1,-1,-1
51,18,352.47,168.19,148.51,474.19,0.94,-1,-1,-1
51,19,487.84,252.14,144.72,406.95,0.94,-1,-1,-1
51,13,836.41,351.00,87.00,150.80,0.75,-1,-1,-1
51,20,491.15,249.04,106.94,316.34,0.87,-1,-1,-1
52,1,593.65,156.72,225.49,604.42,0.93,-1,-1,-1
52,4,708.78,237.86,142.06,484.74,0.85,-1,-1,-1
52,6,901.40,291.66,99.42,266.02,0.92,-1,-1,-1
52,7,851.23,284.93,80.26,222.06,0.88,-1,-1,-1
52,11,843.85,274.24,56.32,177.26,0.83,-1,-1,-1
52,14,-13.70,53.02,302.95,1014.26,0.83,-1,-1,-1
52,15,803.93,284.63,48.21,145.86,0.40,-1,-1,-1
52,17,1006.76,293.46,52.60,159.76,0.87,-1,-1,-1
52,18,345.30,163.60,151.11,481.98,0.94,-1,-1,-1
52,19,482.32,252.63,148.11,412.76,0.93,-1,-1,-1
52,13,840.14,350.65,86.20,152.29,0.80,-1,-1,-1
52,20,485.06,246.10,114.26,319.96,0.88,-1,-1,-1
53,1,597.43,158.04,230.09,604.89,0.92,-1,-1,-1
53,4,711.99,239.52,140.37,482.31,0.85,-1,-1,-1
53,6,903.56,291.99,100.41,266.96,0.90,-1,-1,-1
53,7,852.75,285.02,81.25,223.73,0.87,-1,-1,-1
53,11,844.35,274.91,56.04,172.69,0.82,-1,-1,-1
53,14,-35.13,36.19,309.79,1061.80,0.78,-1,-1,-1
53,15,804.21,283.13,48.89,147.62,0.28,-1,-1,-1
53,17,1008.14,293.29,53.56,161.25,0.87,-1,-1,-1
53,18,337.02,159.37,155.11,490.45,0.94,-1,-1,-1
53,19,477.33,253.12,145.96,421.22,0.94,-1,-1,-1
53,13,841.84,352.38,85.64,150.80,0.76,-1,-1,-1
53,20,481.04,244.64,118.84,326.07,0.89,-1,-1,-1
53,21,926.10,284.17,39.60,100.80,0.73,-1,-1,-1
54,1,601.74,158.11,230.90,604.85,0.93,-1,-1,-1
54,4,715.07,240.81,139.30,482.47,0.85,-1,-1,-1
54,6,907.36,293.58,99.71,269.16,0.90,-1,-1,-1
54,7,855.36,285.77,82.00,224.53,0.87,-1,-1,-1
54,11,845.11,275.42,55.99,172.58,0.81,-1,-1,-1
54,14,-63.39,27.29,325.77,1109.84,0.73,-1,-1,-1
54,15,808.79,285.60,45.56,138.15,0.16,-1,-1,-1
54,17,1011.16,293.94,52.80,160.74,0.86,-1,-1,-1
54,18,328.61,156.40,158.71,498.98,0.95,-1,-1,-1
54,19,474.84,253.78,144.52,431.91,0.94,-1,-1,-1
54,13,842.10,354.40,88.24,148.59,0.76,-1,-1,-1
54,20,475.74,243.97,122.44,332.17,0.88,-1,-1,-1
54,21,930.06,283.84,36.83,95.89,0.79,-1,-1,-1
55,1,606.41,159.29,231.38,605.97,0.93,-1,-1,-1
55,4,717.22,243.06,139.06,472.30,0.79,-1,-1,-1
55,6,909.78,295.12,99.53,270.42,0.90,-1,-1,-1
55,7,857.66,287.64,82.05,224.96,0.86,-1,-1,-1
55,11,844.95,276.13,56.04,173.95,0.82,-1,-1,-1
55,14,-93.06,25.72,341.05,1133.48,0.64,-1,-1,-1
55,17,1013.88,294.34,52.56,166.12,0.87,-1,-1,-1
55,18,320.49,155.72,161.99,503.87,0.93,-1,-1,-1
55,19,473.09,253.94,145.76,441.24,0.94,-1,-1,-1
55,13,842.94,354.91,91.33,150.69,0.76,-1,-1,-1
55,20,469.69,245.71,122.73,339.08,0.88,-1,-1,-1
55,21,932.21,284.35,36.31,92.79,0.76,-1,-1,-1
56,1,612.12,158.34,232.25,610.72,0.93,-1,-1,-1
56,4,717.71,246.79,138.63,457.95,0.73,-1,-1,-1
56,6,912.03,295.69,100.74,272.53,0.90,-1,-1,-1
56,7,859.94,289.51,82.76,226.76,0.85,-1,-1,-1
56,11,846.03,276.85,55.93,177.94,0.82,-1,-1,-1
56,14,-152.26,9.91,385.18,1206.61,0.58,-1,-1,-1
56,17,1015.31,294.67,53.55,169.08,0.87,-1,-1,-1
56,18,312.95,154.91,165.18,515.40,0.93,-1,-1,-1
56,19,470.15,253.20,147.57,449.01,0.93,-1,-1,-1
56,13,841.36,354.41,97.08,154.41,0.77,-1,-1,-1
56,20,464.24,247.30,128.31,346.69,0.86,-1,-1,-1
56,21,934.12,284.04,36.03,92.46,0.79,-1,-1,-1
57,1,619.41,161.02,229.30,614.06,0.93,-1,-1,-1
57,4,720.34,245.20,138.91,461.38,0.69,-1,-1,-1
57,6,913.75,296.13,101.97,275.44,0.92,-1,-1,-1
57,7,862.30,290.29,82.61,226.14,0.86,-1,-1,-1
57,11,845.91,277.47,56.40,176.13,0.83,-1,-1,-1
57,14,-164.71,3.21,385.43,1229.34,0.60,-1,-1,-1
57,17,1016.99,295.35,53.84,171.16,0.88,-1,-1,-1
57,18,305.73,153.32,167.74,532.48,0.94,-1,-1,-1
57,19,463.51,251.53,152.67,456.69,0.93,-1,-1,-1
57,13,840.49,357.37,98.89,153.54,0.77,-1,-1,-1
57,20,459.02,248.96,128.47,350.65,0.78,-1,-1,-1
57,21,934.62,284.11,37.31,93.79,0.75,-1,-1,-1
57,22,625.50,243.00,69.30,234.45,0.78,-1,-1,-1
58,1,623.70,160.32,231.12,622.67,0.94,-1,-1,-1
58,4,723.55,244.41,137.18,459.54,0.67,-1,-1,-1
58,6,915.78,297.20,102.70,277.04,0.92,-1,-1,-1
58,7,864.58,290.14,82.82,233.98,0.86,-1,-1,-1
58,11,846.99,278.01,56.56,176.05,0.84,-1,-1,-1
58,14,-154.46,23.95,357.74,1157.92,0.60,-1,-1,-1
58,17,1018.76,296.38,53.94,171.97,0.88,-1,-1,-1
58,18,297.84,152.93,171.40,551.42,0.94,-1,-1,-1
58,19,457.12,250.69,156.82,462.13,0.92,-1,-1,-1
58,13,846.17,358.82,95.76,155.78,0.74,-1,-1,-1
58,20,454.09,250.77,126.02,361.43,0.76,-1,-1,-1
58,21,936.00,284.76,36.42,93.95,0.81,-1,-1,-1
58,22,624.68,243.59,70.13,233.99,0.80,-1,-1,-1
59,1,627.92,161.55,231.75,618.94,0.93,-1,-1,-1
59,4,723.90,242.72,142.39,468.74,0.71,-1,-1,-1
59,6,918.41,298.33,102.93,278.45,0.92,-1,-1,-1
59,7,865.83,291.29,84.28,232.94,0.87,-1,-1,-1
59,11,846.93,277.96,58.58,185.18,0.84,-1,-1,-1
59,14,-158.85,51.43,346.74,1125.65,0.58,-1,-1,-1
59,17,1019.21,296.63,55.31,170.96,0.87,-1,-1,-1
59,18,290.31,154.26,174.29,564.46,0.94,-1,-1,-1
59,19,449.01,251.41,152.56,466.42,0.92,-1,-1,-1
59,13,853.93,359.55,91.35,158.41,0.76,-1,-1,-1
59,21,938.19,285.43,36.16,95.25,0.77,-1,-1,-1
59,22,622.67,242.70,72.53,239.98,0.84,-1,-1,-1
60,1,631.99,163.58,231.59,618.79,0.94,-1,-1,-1
60,4,726.26,242.42,142.86,468.77,0.67,-1,-1,-1
60,6,921.35,298.90,102.82,280.57,0.91,-1,-1,-1
60,7,869.14,290.96,83.19,231.95,0.86,-1,-1,-1
60,11,847.42,277.60,59.82,188.20,0.85,-1,-1,-1
60,14,-181.97,50.77,342.64,1142.58,0.49,-1,-1,-1
60,17,1021.95,296.82,54.53,168.94,0.88,-1,-1,-1
60,18,282.08,153.49,176.28,574.31,0.95,-1,-1,-1
60,19,443.50,248.92,150.34,473.91,0.91,-1,-1,-1
60,13,855.75,360.65,90.77,159.36,0.70,-1,-1,-1
60,21,941.01,285.70,34.75,96.37,0.82,-1,-1,-1
60,22,620.82,241.81,79.37,264.70,0.86,-1,-1,-1
61,1,634.75,163.93,231.61,617.69,0.93,-1,-1,-1
61,4,732.21,242.15,139.70,465.26,0.72,-1,-1,-1
61,6,923.37,299.67,103.75,281.45,0.91,-1,-1,-1
61,7,869.59,291.23,84.97,232.47,0.86,-1,-1,-1
61,11,847.49,277.13,60.73,189.83,0.85,-1,-1,-1
61,14,-161.66,112.26,294.65,1045.09,0.21,-1,-1,-1
61,17,1023.22,296.89,55.30,168.70,0.87,-1,-1,-1
61,18,273.93,153.32,178.59,582.08,0.95,-1,-1,-1
61,19,438.59,246.96,146.51,480.50,0.92,-1,-1,-1
61,13,857.41,361.21,91.00,159.68,0.76,-1,-1,-1
61,21,942.36,286.41,35.46,96.69,0.81,-1,-1,-1
61,22,619.12,240.38,81.39,272.36,0.87,-1,-1,-1
62,1,635.34,163.68,234.09,623.01,0.94,-1,-1,-1
62,4,736.79,240.01,138.59,460.66,0.78,-1,-1,-1
62,6,925.29,299.98,104.12,283.19,0.92,-1,-1,-1
62,7,871.53,291.07,85.05,233.48,0.86,-1,-1,-1
62,11,845.76,276.40,62.86,192.16,0.84,-1,-1,-1
62,17,1024.87,297.08,55.60,168.13,0.87,-1,-1,-1
62,18,265.50,153.60,181.23,585.14,0.95,-1,-1,-1
62,19,434.58,244.89,145.07,486.81,0.91,-1,-1,-1
62,13,859.20,360.41,92.31,162.87,0.72,-1,-1,-1
62,21,943.42,287.15,35.73,98.00,0.83,-1,-1,-1
62,22,617.96,238.41,81.33,269.04,0.87,-1,-1,-1
63,1,634.16,163.34,237.35,628.13,0.94,-1,-1,-1
63,4,743.13,239.16,135.15,456.60,0.85,-1,-1,-1
63,6,925.87,299.73,105.42,285.30,0.91,-1,-1,-1
63,7,873.03,292.14,85.94,229.98,0.86,-1,-1,-1
63,11,844.75,275.33,63.64,193.73,0.82,-1,-1,-1
63,17,1025.97,297.25,55.69,171.33,0.87,-1,-1,-1
63,18,256.27,152.20,184.47,593.63,0.95,-1,-1,-1
63,19,429.91,242.71,145.05,501.43,0.89,-1,-1,-1
63,13,860.32,360.77,93.98,163.63,0.75,-1,-1,-1
63,21,945.52,288.43,34.60,96.67,0.83,-1,-1,-1
63,22,616.30,236.41,80.49,266.88,0.86,-1,-1,-1
63,20,437.21,246.68,158.44,359.12,0.70,-1,-1,-1
64,1,633.32,163.86,240.35,630.01,0.94,-1,-1,-1
64,4,745.99,237.68,136.94,455.78,0.86,-1,-1,-1
64,6,928.42,299.23,105.90,287.38,0.91,-1,-1,-1
64,7,872.38,292.28,89.23,228.91,0.86,-1,-1,-1
64,11,844.68,274.24,64.51,195.01,0.82,-1,-1,-1
64,17,1028.75,297.21,54.53,172.07,0.87,-1,-1,-1
64,18,246.55,149.27,186.22,605.80,0.94,-1,-1,-1
64,19,423.88,241.22,145.61,509.57,0.90,-1,-1,-1
64,13,858.04,361.53,97.86,161.51,0.75,-1,-1,-1
64,21,947.48,289.40,34.20,95.54,0.84,-1,-1,-1
64,22,614.24,233.46,80.68,267.77,0.84,-1,-1,-1
64,20,430.21,243.60,164.17,361.57,0.79,-1,-1,-1
65,1,632.59,163.52,243.91,630.54,0.94,-1,-1,-1
65,4,746.05,236.26,142.46,457.00,0.86,-1,-1,-1
65,6,931.09,297.99,106.11,289.10,0.91,-1,-1,-1
65,7,875.90,291.45,87.84,232.92,0.86,-1,-1,-1
65,11,844.06,272.66,65.43,200.12,0.78,-1,-1,-1
65,17,1029.73,297.31,55.31,172.74,0.88,-1,-1,-1
65,18,235.63,145.69,189.82,616.21,0.94,-1,-1,-1
65,19,417.81,239.61,146.90,511.74,0.91,-1,-1,-1
65,13,860.36,361.51,97.28,162.71,0.74,-1,-1,-1
65,21,949.34,289.28,34.07,95.10,0.83,-1,-1,-1
65,22,611.12,231.11,81.94,274.08,0.85,-1,-1,-1
65,20,426.50,241.01,167.49,367.21,0.71,-1,-1,-1
66,1,631.32,161.31,247.67,633.42,0.94,-1,-1,-1
66,4,748.95,235.77,145.15,456.97,0.87,-1,-1,-1
66,6,933.85,297.66,106.21,290.17,0.91,-1,-1,-1
66,7,880.81,291.45,84.32,233.23,0.85,-1,-1,-1
66,11,843.56,271.49,66.96,205.55,0.75,-1,-1,-1
66,17,1031.88,297.05,55.62,171.20,0.87,-1,-1,-1
66,18,223.29,139.86,193.82,630.08,0.94,-1,-1,-1
66,19,410.92,239.21,148.30,515.98,0.91,-1,-1,-1
66,13,861.53,360.47,97.94,164.50,0.77,-1,-1,-1
66,21,951.21,288.76,35.26,96.77,0.83,-1,-1,-1
66,22,608.82,229.25,81.17,274.31,0.87,-1,-1,-1
66,20,420.96,239.63,169.76,400.01,0.65,-1,-1,-1
67,1,630.06,161.72,253.13,630.22,0.94,-1,-1,-1
67,4,751.31,235.65,148.51,453.37,0.85,-1,-1,-1
67,6,935.27,297.14,107.40,291.82,0.90,-1,-1,-1
67,7,882.47,291.18,83.54,235.98,0.84,-1,-1,-1
67,11,847.05,272.00,63.99,188.54,0.28,-1,-1,-1
67,17,1033.09,296.99,55.72,172.66,0.87,-1,-1,-1
67,18,210.58,130.28,197.28,645.09,0.94,-1,-1,-1
67,19,402.49,237.38,151.43,526.07,0.92,-1,-1,-1
67,13,861.20,357.88,101.71,168.83,0.73,-1,-1,-1
67,21,951.71,288.30,36.89,98.87,0.83,-1,-1,-1
67,22,606.73,227.23,82.59,280.37,0.89,-1,-1,-1
67,20,417.41,237.42,172.80,414.72,0.77,-1,-1,-1
68,1,629.47,160.47,254.85,629.22,0.93,-1,-1,-1
68,4,753.53,235.49,153.09,452.25,0.86,-1,-1,-1
68,6,937.47,296.61,107.69,294.00,0.90,-1,-1,-1
68,7,885.67,291.31,81.64,232.06,0.81,-1,-1,-1
68,11,853.81,279.01,56.67,156.38,0.28,-1,-1,-1
68,17,1034.66,296.69,55.67,169.99,0.87,-1,-1,-1
68,18,196.46,121.08,201.71,655.64,0.94,-1,-1,-1
68,19,391.22,236.67,156.60,543.62,0.92,-1,-1,-1
68,13,857.42,356.39,108.30,168.93,0.74,-1,-1,-1
68,21,952.99,288.09,36.28,98.80,0.85,-1,-1,-1
68,22,604.74,226.14,82.94,284.24,0.90,-1,-1,-1
68,20,412.70,234.46,176.13,424.68,0.84,-1,-1,-1
69,1,630.71,158.96,255.24,628.04,0.93,-1,-1,-1
69,4,755.56,236.41,159.17,452.72,0.87,-1,-1,-1
69,6,939.55,296.08,107.97,296.78,0.91,-1,-1,-1
69,7,888.71,291.36,81.08,230.16,0.81,-1,-1,-1
69,11,859.59,282.71,50.88,142.64,0.13,-1,-1,-1
69,17,1036.52,296.48,55.75,170.71,0.86,-1,-1,-1
69,18,182.04,112.47,207.50,670.05,0.95,-1,-1,-1
69,19,381.22,238.30,160.44,533.93,0.93,-1,-1,-1
69,13,858.14,358.49,106.58,164.71,0.73,-1,-1,-1
69,21,954.14,287.36,37.29,98.74,0.84,-1,-1,-1
69,22,602.08,224.84,84.38,291.04,0.89,-1,-1,-1
69,20,408.35,231.22,179.17,434.45,0.87,-1,-1,-1
70,1,631.04,156.42,255.16,629.29,0.94,-1,-1,-1
70,4,765.13,239.24,155.55,450.29,0.88,-1,-1,-1
70,6,942.07,295.61,107.99,299.08,0.92,-1,-1,-1
70,7,890.72,290.80,79.93,229.90,0.82,-1,-1,-1
70,17,1038.34,296.13,55.74,169.98,0.85,-1,-1,-1
70,18,167.51,104.72,212.42,687.98,0.94,-1,-1,-1
70,19,371.66,239.21,164.55,549.31,0.92,-1,-1,-1
70,13,861.41,357.36,106.92,165.20,0.73,-1,-1,-1
70,21,954.55,286.06,38.82,100.43,0.85,-1,-1,-1
70,22,597.52,224.45,86.61,295.66,0.89,-1,-1,-1
70,20,402.22,229.09,184.19,439.90,0.89,-1,-1,-1
71,1,632.29,154.31,254.28,631.47,0.93,-1,-1,-1
71,4,769.02,241.71,158.37,452.79,0.87,-1,-1,-1
71,6,944.10,296.00,107.89,301.41,0.92,-1,-1,-1
71,7,892.24,290.55,80.35,231.92,0.82,-1,-1,-1
71,17,1039.52,296.29,56.88,173.59,0.84,-1,-1,-1
71,18,152.91,96.65,217.49,695.50,0.94,-1,-1,-1
71,19,360.72,239.22,169.25,555.67,0.91,-1,-1,-1
71,13,876.71,354.50,99.88,172.83,0.54,-1,-1,-1
71,21,955.79,285.69,39.36,100.48,0.87,-1,-1,-1
71,22,591.12,224.45,90.86,300.89,0.91,-1,-1,-1
71,20,396.19,227.08,185.87,447.53,0.87,-1,-1,-1
72,1,633.61,152.74,252.60,640.35,0.94,-1,-1,-1
72,4,772.61,244.09,160.88,457.13,0.87,-1,-1,-1
72,6,946.64,298.48,109.25,302.78,0.92,-1,-1,-1
72,7,894.84,291.62,79.18,231.68,0.79,-1,-1,-1
72,17,1041.26,297.17,57.41,174.20,0.84,-1,-1,-1
72,18,136.86,91.41,222.65,710.00,0.94,-1,-1,-1
72,19,348.79,239.97,174.42,562.43,0.92,-1,-1,-1
72,13,880.19,355.54,100.89,171.12,0.57,-1,-1,-1
72,21,958.07,286.10,39.64,100.86,0.86,-1,-1,-1
72,22,584.38,225.47,96.70,304.98,0.90,-1,-1,-1
72,20,387.96,228.21,192.58,451.82,0.87,-1,-1,-1
73,1,633.89,153.93,250.32,645.53,0.93,-1,-1,-1
73,4,779.03,245.84,162.52,459.76,0.87,-1,-1,-1
73,6,948.63,299.97,111.02,304.76,0.92,-1,-1,-1
73,7,895.04,294.36,82.43,229.23,0.77,-1,-1,-1
73,17,1042.41,298.02,57.66,170.87,0.85,-1,-1,-1
73,18,120.13,85.09,228.60,727.45,0.93,-1,-1,-1
73,19,334.01,236.08,184.93,577.63,0.93,-1,-1,-1
73,21,958.82,285.89,40.94,100.41,0.87,-1,-1,-1
73,22,581.07,227.16,98.45,308.11,0.90,-1,-1,-1
73,20,387.71,231.82,186.42,453.43,0.85,-1,-1,-1
74,1,635.59,154.80,246.66,646.02,0.93,-1,-1,-1
74,4,784.35,247.28,164.61,464.36,0.88,-1,-1,-1
74,6,949.81,300.16,112.69,307.93,0.91,-1,-1,-1
74,7,895.89,296.50,82.62,226.96,0.69,-1,-1,-1
74,17,1043.22,298.74,58.84,172.02,0.84,-1,-1,-1
74,18,100.96,77.69,236.14,741.82,0.91,-1,-1,-1
74,19,321.35,233.24,190.06,594.51,0.90,-1,-1,-1
74,21,960.12,285.76,41.36,100.76,0.86,-1,-1,-1
74,22,578.63,228.38,98.31,311.52,0.91,-1,-1,-1
74,20,378.30,233.05,195.47,458.28,0.86,-1,-1,-1
75,1,637.79,153.83,245.19,649.08,0.94,-1,-1,-1
75,4,779.85,247.34,177.06,475.03,0.88,-1,-1,-1
75,6,951.98,300.79,113.27,309.87,0.92,-1,-1,-1
75,7,894.39,297.12,88.62,240.89,0.59,-1,-1,-1
75,17,1044.65,299.58,59.26,168.83,0.84,-1,-1,-1
75,18,75.85,72.68,249.64,759.01,0.92,-1,-1,-1
75,19,309.06,230.11,195.08,614.27,0.91,-1,-1,-1
75,21,960.60,286.13,41.50,100.55,0.87,-1,-1,-1
75,22,577.64,230.32,96.38,315.52,0.91,-1,-1,-1
75,20,375.07,231.76,195.22,466.86,0.85,-1,-1,-1
76,1,639.14,155.49,246.63,649.54,0.94,-1,-1,-1
76,4,778.16,247.85,188.16,487.82,0.87,-1,-1,-1
76,6,954.60,301.37,114.74,313.26,0.92,-1,-1,-1
76,7,900.84,298.43,87.43,230.13,0.13,-1,-1,-1
76,17,1047.63,300.23,58.27,167.94,0.85,-1,-1,-1
76,18,49.73,69.05,262.92,773.85,0.87,-1,-1,-1
76,19,294.36,223.02,202.88,661.45,0.91,-1,-1,-1
76,21,961.42,286.48,42.74,101.38,0.88,-1,-1,-1
76,22,577.39,232.67,95.64,317.54,0.92,-1,-1,-1
76,20,367.21,230.56,182.82,472.66,0.85,-1,-1,-1
77,1,640.55,157.41,248.04,649.28,0.94,-1,-1,-1
77,4,786.64,248.57,189.57,495.89,0.88,-1,-1,-1
77,6,959.58,302.25,114.23,316.06,0.91,-1,-1,-1
77,17,1050.48,300.20,56.76,166.47,0.84,-1,-1,-1
77,18,26.80,64.66,272.23,790.38,0.89,-1,-1,-1
77,19,280.43,219.66,210.12,676.05,0.90,-1,-1,-1
77,21,962.22,286.52,43.25,103.20,0.87,-1,-1,-1
77,22,576.54,233.72,96.03,319.45,0.93,-1,-1,-1
77,20,356.83,227.51,195.15,482.37,0.83,-1,-1,-1
78,1,641.82,159.15,249.93,647.08,0.93,-1,-1,-1
78,4,801.67,247.61,182.64,495.03,0.90,-1,-1,-1
78,6,962.56,302.44,113.80,319.59,0.90,-1,-1,-1
78,17,1052.00,299.50,57.27,177.27,0.84,-1,-1,-1
78,18,4.49,63.91,279.73,801.27,0.87,-1,-1,-1
78,19,266.71,215.26,217.31,694.15,0.91,-1,-1,-1
78,21,964.20,286.72,42.18,102.65,0.87,-1,-1,-1
78,22,574.75,235.18,96.52,319.46,0.93,-1,-1,-1
78,20,340.23,221.63,212.46,494.47,0.85,-1,-1,-1
78,23,649.35,236.25,103.50,313.20,0.74,-1,-1,-1
79,1,647.11,159.78,250.00,647.89,0.92,-1,-1,-1
79,4,818.16,245.54,174.99,497.61,0.90,-1,-1,-1
79,6,966.62,302.45,113.59,321.99,0.90,-1,-1,-1
79,17,1052.56,298.74,58.64,184.54,0.85,-1,-1,-1
79,18,-21.26,62.74,292.20,820.49,0.85,-1,-1,-1
79,19,252.90,204.60,224.83,733.84,0.89,-1,-1,-1
79,21,967.95,287.05,39.36,100.03,0.85,-1,-1,-1
79,22,571.32,233.18,99.02,322.66,0.94,-1,-1,-1
79,20,332.38,219.34,204.80,500.60,0.79,-1,-1,-1
79,23,652.32,235.53,99.18,314.69,0.77,-1,-1,-1
80,1,652.43,158.35,249.48,653.59,0.93,-1,-1,-1
80,4,830.96,242.83,171.75,503.24,0.90,-1,-1,-1
80,6,976.90,301.73,106.39,324.28,0.89,-1,-1,-1
80,17,1055.02,299.06,57.98,186.26,0.83,-1,-1,-1
80,18,-57.62,62.20,312.96,839.00,0.85,-1,-1,-1
80,19,238.84,201.05,231.99,762.34,0.89,-1,-1,-1
80,21,971.07,287.50,38.28,96.36,0.80,-1,-1,-1
80,22,568.11,229.97,101.71,327.49,0.93,-1,-1,-1
80,20,307.99,212.20,229.51,515.32,0.82,-1,-1,-1
80,23,655.26,234.00,96.23,317.13,0.83,-1,-1,-1
80,11,848.65,273.42,73.77,226.52,0.60,-1,-1,-1
81,1,658.01,159.19,251.68,658.62,0.93,-1,-1,-1
81,4,843.61,241.22,166.64,510.44,0.90,-1,-1,-1
81,6,986.20,301.88,99.95,325.41,0.90,-1,-1,-1
81,17,1058.88,299.60,56.54,177.85,0.81,-1,-1,-1
81,18,-80.55,61.86,321.90,848.83,0.83,-1,-1,-1
81,19,224.13,199.40,243.52,780.78,0.87,-1,-1,-1
81,21,975.17,290.38,35.47,91.63,0.33,-1,-1,-1
81,22,565.02,226.44,106.80,332.06,0.94,-1,-1,-1
81,20,300.47,211.32,233.02,521.80,0.84,-1,-1,-1
81,23,654.81,232.46,98.15,320.62,0.87,-1,-1,-1
81,11,848.84,273.19,71.75,223.12,0.77,-1,-1,-1
82,1,662.97,158.27,254.15,658.78,0.93,-1,-1,-1
82,4,854.98,237.66,164.29,519.03,0.90,-1,-1,-1
82,6,989.37,300.47,101.29,329.33,0.90,-1,-1,-1
82,17,1060.23,300.29,57.16,187.57,0.86,-1,-1,-1
82,18,-119.30,57.88,346.44,879.35,0.76,-1,-1,-1
82,19,207.53,195.83,255.09,804.24,0.87,-1,-1,-1
82,22,562.41,223.11,110.97,336.51,0.94,-1,-1,-1
82,20,289.84,207.41,240.57,536.37,0.85,-1,-1,-1
82,23,653.57,230.62,100.76,323.35,0.87,-1,-1,-1
82,11,850.69,272.20,69.51,223.89,0.76,-1,-1,-1
83,1,668.36,156.74,257.41,662.19,0.92,-1,-1,-1
83,4,867.06,236.58,161.31,525.91,0.89,-1,-1,-1
83,6,996.42,300.19,99.36,331.28,0.90,-1,-1,-1
83,17,1062.45,300.65,57.38,193.51,0.86,-1,-1,-1
83,18,-147.46,50.68,357.50,899.80,0.69,-1,-1,-1
83,19,189.46,189.22,267.88,834.71,0.85,-1,-1,-1
83,22,560.11,220.62,117.15,340.43,0.93,-1,-1,-1
83,20,279.90,202.79,246.36,550.07,0.83,-1,-1,-1
83,23,651.24,228.69,102.25,326.44,0.89,-1,-1,-1
83,11,854.98,271.68,66.82,217.81,0.77,-1,-1,-1
84,1,675.55,154.92,258.92,666.94,0.92,-1,-1,-1
84,4,876.98,236.09,161.93,530.70,0.89,-1,-1,-1
84,6,1003.80,299.51,96.38,333.18,0.90,-1,-1,-1
84,17,1065.69,300.63,56.35,193.04,0.86,-1,-1,-1
84,18,-177.18,33.08,365.61,977.15,0.42,-1,-1,-1
84,19,170.79,185.23,279.96,862.94,0.85,-1,-1,-1
84,22,557.49,219.01,116.80,343.27,0.93,-1,-1,-1
84,20,269.19,204.47,251.89,570.59,0.80,-1,-1,-1
84,23,649.13,225.80,104.74,330.45,0.90,-1,-1,-1
84,11,856.07,271.00,68.19,224.21,0.79,-1,-1,-1
85,1,684.67,153.53,258.82,667.58,0.91,-1,-1,-1
85,4,886.93,236.70,160.95,526.01,0.89,-1,-1,-1
85,6,1009.33,298.40,94.09,335.56,0.89,-1,-1,-1
85,17,1066.80,300.65,57.15,194.81,0.85,-1,-1,-1
85,18,-203.96,16.50,361.01,1102.58,0.26,-1,-1,-1
85,19,148.18,176.91,292.27,919.28,0.82,-1,-1,-1
85,22,555.40,216.78,117.10,346.47,0.94,-1,-1,-1
85,20,256.09,202.76,260.77,613.91,0.79,-1,-1,-1
85,23,647.46,222.91,106.18,334.30,0.90,-1,-1,-1
85,11,857.04,269.65,68.68,219.64,0.72,-1,-1,-1
86,1,694.29,152.56,260.27,672.29,0.91,-1,-1,-1
86,4,896.68,237.82,160.33,529.63,0.89,-1,-1,-1
86,6,1014.87,298.83,93.33,337.55,0.90,-1,-1,-1
86,17,1070.18,300.75,56.27,196.14,0.85,-1,-1,-1
86,18,-244.25,12.29,365.61,1176.32,0.16,-1,-1,-1
86,19,124.66,167.80,302.37,983.07,0.84,-1,-1,-1
86,22,553.01,214.79,118.91,351.07,0.94,-1,-1,-1
86,20,246.71,197.47,264.99,641.67,0.80,-1,-1,-1
86,23,646.64,220.31,107.28,337.78,0.89,-1,-1,-1
86,11,856.89,269.43,70.01,224.58,0.69,-1,-1,-1
87,1,702.43,151.10,259.63,672.25,0.91,-1,-1,-1
87,4,904.72,240.40,161.33,529.43,0.90,-1,-1,-1
87,6,1019.68,299.96,93.11,339.42,0.88,-1,-1,-1
87,17,1073.72,301.01,54.74,195.87,0.83,-1,-1,-1
87,19,98.27,168.02,313.53,1025.76,0.86,-1,-1,-1
87,22,549.76,213.64,121.31,357.93,0.93,-1,-1,-1
87,20,232.85,194.65,275.15,672.10,0.84,-1,-1,-1
87,23,644.19,218.44,113.06,342.13,0.89,-1,-1,-1
88,1,709.22,150.94,264.49,679.13,0.92,-1,-1,-1
88,4,912.56,243.70,163.27,526.83,0.89,-1,-1,-1
88,6,1025.58,300.35,93.12,342.65,0.87,-1,-1,-1
88,17,1078.09,300.77,52.99,195.59,0.84,-1,-1,-1
88,19,66.44,165.53,327.85,1057.70,0.85,-1,-1,-1
88,22,547.40,213.50,122.80,367.69,0.93,-1,-1,-1
88,20,207.36,189.58,296.15,720.55,0.80,-1,-1,-1
88,23,641.25,217.54,118.16,346.78,0.89,-1,-1,-1
89,1,715.41,153.02,268.87,680.87,0.92,-1,-1,-1
89,4,918.71,246.64,166.92,526.87,0.90,-1,-1,-1
89,6,1026.91,300.55,95.54,345.99,0.88,-1,-1,-1
89,17,1081.97,301.17,51.12,186.83,0.82,-1,-1,-1
89,19,28.32,158.25,346.07,1101.99,0.86,-1,-1,-1
89,22,539.86,215.69,129.69,372.75,0.93,-1,-1,-1
89,20,191.74,192.16,306.64,735.74,0.83,-1,-1,-1
89,23,638.08,217.61,124.70,349.13,0.89,-1,-1,-1
90,1,720.86,155.94,273.77,679.64,0.92,-1,-1,-1
90,4,928.76,251.63,165.08,520.25,0.91,-1,-1,-1
90,6,1027.87,300.20,98.86,352.92,0.85,-1,-1,-1
90,17,1086.97,302.99,48.01,166.95,0.83,-1,-1,-1
90,19,-18.20,157.23,369.71,1114.73,0.81,-1,-1,-1
90,22,541.07,216.65,127.71,377.73,0.94,-1,-1,-1
90,20,175.31,195.53,318.35,750.42,0.82,-1,-1,-1
90,23,637.20,217.74,128.92,353.44,0.91,-1,-1,-1
91,1,725.88,157.71,278.33,679.13,0.92,-1,-1,-1
91,4,938.14,256.38,167.99,516.06,0.90,-1,-1,-1
91,6,1030.41,303.19,100.18,353.90,0.85,-1,-1,-1
91,17,1090.48,303.85,45.68,155.72,0.82,-1,-1,-1
91,19,-51.66,154.57,379.60,1133.98,0.77,-1,-1,-1
91,22,539.27,219.48,128.59,382.45,0.94,-1,-1,-1
91,20,164.83,196.79,325.03,741.02,0.83,-1,-1,-1
91,23,635.93,218.37,129.39,358.38,0.92,-1,-1,-1
92,1,731.76,161.09,279.86,679.51,0.93,-1,-1,-1
92,4,947.87,258.91,167.79,520.64,0.90,-1,-1,-1
92,6,1034.71,304.26,99.43,357.64,0.85,-1,-1,-1
92,17,1094.04,304.69,43.63,149.72,0.82,-1,-1,-1
92,19,-85.41,148.54,384.42,1156.88,0.77,-1,-1,-1
92,22,536.38,221.09,128.78,387.79,0.94,-1,-1,-1
92,20,159.66,200.22,325.07,742.09,0.84,-1,-1,-1
92,23,633.80,219.34,130.53,365.18,0.93,-1,-1,-1
93,1,737.00,162.37,280.62,679.61,0.93,-1,-1,-1
93,4,957.12,260.28,168.85,524.87,0.90,-1,-1,-1
93,6,1030.76,295.83,106.28,371.36,0.76,-1,-1,-1
93,17,1093.85,304.52,45.44,150.57,0.80,-1,-1,-1
93,19,-122.51,143.96,392.74,1170.79,0.74,-1,-1,-1
93,22,531.78,222.60,131.11,398.18,0.94,-1,-1,-1
93,20,145.47,207.09,334.96,754.01,0.80,-1,-1,-1
93,23,630.04,221.15,133.19,371.86,0.93,-1,-1,-1
93,24,737.10,278.55,71.10,226.35,0.75,-1,-1,-1
93,7,933.25,301.53,82.89,251.35,0.70,-1,-1,-1
94,1,742.53,164.21,279.86,676.00,0.93,-1,-1,-1
94,4,965.07,262.27,170.16,523.35,0.88,-1,-1,-1
94,17,1094.89,304.99,46.01,157.62,0.79,-1,-1,-1
94,19,-161.84,124.30,399.87,1207.96,0.70,-1,-1,-1
94,22,529.54,221.81,130.57,406.47,0.94,-1,-1,-1
94,20,130.05,210.31,342.59,790.64,0.79,-1,-1,-1
94,23,626.85,223.03,135.09,375.12,0.93,-1,-1,-1
94,24,736.75,277.64,71.06,222.19,0.78,-1,-1,-1
94,7,931.80,299.99,86.52,270.57,0.63,-1,-1,-1
95,1,747.14,166.11,282.35,678.56,0.92,-1,-1,-1
95,4,971.28,263.58,170.97,517.70,0.89,-1,-1,-1
95,17,1094.04,305.00,48.75,161.97,0.71,-1,-1,-1
95,19,-168.83,126.10,372.21,1155.26,0.48,-1,-1,-1
95,22,526.04,221.24,131.14,411.94,0.94,-1,-1,-1
95,20,115.52,213.30,347.15,804.58,0.79,-1,-1,-1
95,23,623.90,224.41,136.58,380.34,0.92,-1,-1,-1
95,24,736.21,278.06,73.22,226.53,0.81,-1,-1,-1
95,21,986.50,291.12,37.77,99.33,0.79,-1,-1,-1
96,1,751.70,166.52,284.29,682.77,0.93,-1,-1,-1
96,4,983.40,261.37,166.43,520.59,0.89,-1,-1,-1
96,17,1092.50,304.61,50.93,167.10,0.38,-1,-1,-1
96,19,-213.96,106.82,376.14,1198.89,0.39,-1,-1,-1
96,22,522.50,219.68,131.81,416.34,0.94,-1,-1,-1
96,20,91.62,211.36,360.27,833.95,0.81,-1,-1,-1
96,23,621.12,224.07,136.99,387.48,0.91,-1,-1,-1
96,24,735.05,277.14,75.28,235.93,0.83,-1,-1,-1
96,21,985.97,291.62,39.07,100.21,0.77,-1,-1,-1
97,1,756.67,167.74,285.55,684.57,0.93,-1,-1,-1
97,4,994.18,259.88,167.04,520.65,0.87,-1,-1,-1
97,19,-273.88,76.90,394.38,1229.72,0.18,-1,-1,-1
97,22,517.21,218.54,135.54,418.73,0.93,-1,-1,-1
97,20,43.86,205.09,394.09,875.92,0.82,-1,-1,-1
97,23,618.19,223.78,137.63,392.06,0.91,-1,-1,-1
97,24,733.91,276.44,77.21,236.92,0.86,-1,-1,-1
97,21,986.88,292.66,39.51,99.08,0.80,-1,-1,-1
98,1,759.66,167.71,289.37,691.37,0.92,-1,-1,-1
98,4,1003.88,257.30,174.34,519.43,0.87,-1,-1,-1
98,22,512.57,214.46,143.27,423.48,0.93,-1,-1,-1
98,20,1.08,185.80,423.22,939.85,0.80,-1,-1,-1
98,23,617.01,222.59,136.54,396.90,0.92,-1,-1,-1
98,24,731.43,275.53,79.67,237.85,0.89,-1,-1,-1
98,21,987.24,292.72,40.83,101.86,0.78,-1,-1,-1
99,1,763.45,168.69,293.17,694.99,0.92,-1,-1,-1
99,4,1013.71,254.72,188.79,521.42,0.89,-1,-1,-1
99,22,506.26,208.05,143.89,432.56,0.94,-1,-1,-1
99,20,-30.32,168.72,438.65,998.86,0.76,-1,-1,-1
99,23,612.90,220.39,137.83,404.39,0.92,-1,-1,-1
99,24,729.19,274.94,79.25,235.29,0.89,-1,-1,-1
99,21,987.91,293.25,40.16,100.31,0.74,-1,-1,-1
100,1,769.72,169.02,293.63,698.13,0.92,-1,-1,-1
100,4,1021.31,252.13,196.54,533.68,0.88,-1,-1,-1
100,22,500.68,202.87,146.35,439.20,0.94,-1,-1,-1
100,20,-45.28,151.58,438.97,1058.31,0.75,-1,-1,-1
100,23,612.28,217.82,135.87,410.89,0.92,-1,-1,-1
100,24,726.56,273.34,78.98,238.73,0.89,-1,-1,-1
100,21,988.14,293.01,42.25,102.35,0.53,-1,-1,-1
101,1,774.56,166.14,295.19,695.81,0.92,-1,-1,-1
101,4,1019.91,250.48,212.25,547.63,0.85,-1,-1,-1
101,22,494.17,198.45,148.37,445.53,0.93,-1,-1,-1
101,20,-72.65,133.65,451.90,1103.46,0.72,-1,-1,-1
101,23,605.82,214.58,139.80,416.13,0.91,-1,-1,-1
101,24,723.76,272.16,78.82,241.17,0.89,-1,-1,-1
101,21,987.01,292.49,44.18,107.54,0.24,-1,-1,-1
101,25,771.30,281.25,81.00,235.35,0.82,-1,-1,-1
102,1,780.07,166.01,294.89,691.37,0.92,-1,-1,-1
102,4,1024.86,248.10,222.87,553.39,0.87,-1,-1,-1
102,22,487.18,192.92,151.45,454.03,0.94,-1,-1,-1
102,20,-113.97,112.63,479.13,1145.39,0.66,-1,-1,-1
102,23,595.86,210.19,148.31,422.90,0.91,-1,-1,-1
102,24,720.39,271.53,80.55,243.42,0.89,-1,-1,-1
102,25,772.43,279.67,80.26,241.48,0.86,-1,-1,-1
103,1,787.43,164.15,292.90,687.73,0.91,-1,-1,-1
103,4,1028.95,247.47,232.70,555.10,0.85,-1,-1,-1
103,22,480.40,189.97,153.73,458.22,0.94,-1,-1,-1
103,20,-140.60,111.46,478.59,1118.74,0.61,-1,-1,-1
103,23,583.29,205.09,159.60,429.86,0.92,-1,-1,-1
103,24,717.22,271.76,81.16,244.29,0.90,-1,-1,-1
103,25,771.26,278.68,81.50,247.50,0.88,-1,-1,-1
104,1,793.23,161.21,291.39,690.54,0.91,-1,-1,-1
104,4,1037.70,248.50,234.35,556.62,0.86,-1,-1,-1
104,22,472.91,186.37,155.84,466.01,0.94,-1,-1,-1
104,20,-182.98,105.56,489.68,1139.56,0.62,-1,-1,-1
104,23,586.10,201.04,156.67,435.98,0.92,-1,-1,-1
104,24,713.07,271.00,83.81,246.59,0.90,-1,-1,-1
104,25,768.18,278.16,83.36,251.35,0.89,-1,-1,-1
105,1,802.77,156.73,285.68,696.58,0.91,-1,-1,-1
105,4,1046.38,249.58,235.95,555.42,0.87,-1,-1,-1
105,22,463.53,185.19,161.22,475.54,0.95,-1,-1,-1
105,20,-233.39,91.85,533.27,1211.93,0.61,-1,-1,-1
105,23,584.22,197.43,158.17,442.45,0.92,-1,-1,-1
105,24,707.11,270.57,87.71,249.39,0.91,-1,-1,-1
105,25,763.60,278.80,86.58,256.25,0.89,-1,-1,-1
106,1,811.68,154.66,280.44,697.99,0.91,-1,-1,-1
106,4,1051.11,251.91,236.64,554.01,0.88,-1,-1,-1
106,22,450.56,183.84,169.81,488.92,0.93,-1,-1,-1
106,20,-269.31,65.31,551.81,1289.74,0.39,-1,-1,-1
106,23,574.63,194.08,167.62,449.51,0.92,-1,-1,-1
106,24,701.52,271.24,90.44,251.10,0.91,-1,-1,-1
106,25,756.59,278.12,91.52,260.60,0.89,-1,-1,-1
107,1,819.00,152.60,279.71,704.45,0.90,-1,-1,-1
107,4,1056.76,256.22,233.28,555.23,0.86,-1,-1,-1
107,22,437.03,183.89,188.10,501.53,0.93,-1,-1,-1
107,20,-306.80,62.44,565.15,1368.15,0.37,-1,-1,-1
107,23,574.20,191.55,167.19,456.27,0.93,-1,-1,-1
107,24,695.94,272.29,93.22,252.08,0.91,-1,-1,-1
107,25,752.04,279.46,95.08,262.24,0.89,-1,-1,-1
107,6,1050.64,300.72,127.44,393.47,0.67,-1,-1,-1
108,1,826.97,150.94,279.33,701.72,0.90,-1,-1,-1
108,4,1061.02,259.49,232.86,557.21,0.88,-1,-1,-1
108,22,426.26,184.78,188.91,512.04,0.92,-1,-1,-1
108,23,564.09,190.78,176.14,462.56,0.93,-1,-1,-1
108,24,692.18,273.24,93.62,254.45,0.91,-1,-1,-1
108,25,745.39,281.46,102.91,262.93,0.91,-1,-1,-1
108,6,1049.28,302.96,131.78,399.14,0.74,-1,-1,-1
108,11,829.46,266.41,73.79,247.69,0.72,-1,-1,-1
109,1,830.89,150.68,282.67,698.31,0.90,-1,-1,-1
109,4,1065.85,262.79,228.91,557.75,0.85,-1,-1,-1
109,22,419.28,186.16,195.09,521.41,0.93,-1,-1,-1
109,23,563.25,189.91,175.35,474.11,0.93,-1,-1,-1
109,24,689.11,273.27,93.05,257.59,0.90,-1,-1,-1
109,25,740.03,283.08,106.33,262.99,0.92,-1,-1,-1
109,6,1048.64,304.92,128.70,395.65,0.72,-1,-1,-1
109,11,826.46,266.54,76.35,246.85,0.85,-1,-1,-1
110,1,842.31,155.33,279.08,691.20,0.90,-1,-1,-1
110,4,1076.25,264.59,218.87,548.47,0.85,-1,-1,-1
110,22,410.37,185.86,198.19,534.12,0.94,-1,-1,-1
110,23,558.93,188.73,178.34,488.89,0.93,-1,-1,-1
110,24,687.00,272.87,92.74,260.05,0.90,-1,-1,-1
110,25,736.13,284.29,108.09,264.12,0.91,-1,-1,-1
110,6,1051.79,305.43,121.45,393.46,0.79,-1,-1,-1
110,11,824.26,266.18,75.99,247.67,0.87,-1,-1,-1
111,1,849.42,150.52,280.31,699.57,0.89,-1,-1,-1
111,4,1082.45,265.40,211.43,557.85,0.85,-1,-1,-1
111,22,401.90,184.22,200.41,540.90,0.93,-1,-1,-1
111,23,555.26,188.51,181.26,502.62,0.93,-1,-1,-1
111,24,683.93,272.79,93.23,263.98,0.91,-1,-1,-1
111,25,733.32,284.32,108.11,267.73,0.92,-1,-1,-1
111,6,1051.89,305.64,122.32,399.91,0.78,-1,-1,-1
111,11,822.96,266.67,74.69,249.25,0.89,-1,-1,-1
111,26,781.20,297.00,75.60,207.90,0.72,-1,-1,-1
112,1,853.03,152.23,285.46,693.09,0.89,-1,-1,-1
112,4,1094.77,265.16,201.25,545.36,0.85,-1,-1,-1
112,22,390.96,182.42,192.86,549.50,0.92,-1,-1,-1
112,23,534.65,188.70,200.93,513.40,0.91,-1,-1,-1
112,24,681.08,271.15,93.92,268.25,0.91,-1,-1,-1
112,25,731.50,284.64,107.33,272.06,0.90,-1,-1,-1
112,6,1054.87,304.28,121.36,402.35,0.79,-1,-1,-1
112,11,820.43,266.77,75.96,252.67,0.89,-1,-1,-1
112,26,775.73,295.42,74.20,210.35,0.76,-1,-1,-1
113,1,855.31,151.67,293.31,706.58,0.88,-1,-1,-1
113,4,1108.10,262.94,193.78,547.38,0.84,-1,-1,-1
113,22,379.00,175.88,189.79,560.85,0.92,-1,-1,-1
113,23,526.90,188.43,204.93,522.79,0.93,-1,-1,-1
113,24,678.06,269.72,94.72,271.64,0.91,-1,-1,-1
113,25,728.01,284.37,106.30,276.51,0.91,-1,-1,-1
113,6,1057.06,302.14,124.56,412.62,0.80,-1,-1,-1
113,11,816.25,267.03,80.60,254.72,0.90,-1,-1,-1
113,26,773.54,295.10,71.83,210.86,0.81,-1,-1,-1
114,1,856.20,154.44,302.34,711.49,0.86,-1,-1,-1
114,4,1116.79,259.86,192.27,566.74,0.84,-1,-1,-1
114,22,367.67,172.59,190.81,565.87,0.93,-1,-1,-1
114,23,518.54,187.14,209.68,533.67,0.95,-1,-1,-1
114,24,674.62,268.37,95.52,272.96,0.91,-1,-1,-1
114,25,726.49,283.28,103.96,279.86,0.93,-1,-1,-1
114,6,1061.88,301.40,124.49,419.21,0.81,-1,-1,-1
114,11,814.66,266.91,81.11,257.07,0.93,-1,-1,-1
114,26,770.89,293.81,69.58,211.21,0.85,-1,-1,-1
115,1,862.28,153.66,306.21,719.88,0.88,-1,-1,-1
115,4,1123.91,257.37,191.73,562.57,0.84,-1,-1,-1
115,22,355.90,167.88,195.33,570.84,0.92,-1,-1,-1
115,23,509.73,185.71,216.51,541.98,0.91,-1,-1,-1
115,24,671.70,267.04,95.75,274.70,0.91,-1,-1,-1
115,25,722.83,282.19,104.13,282.51,0.92,-1,-1,-1
115,6,1062.50,301.27,125.57,419.40,0.75,-1,-1,-1
115,11,809.74,268.02,84.80,258.48,0.92,-1,-1,-1
115,26,767.85,291.65,66.89,214.32,0.84,-1,-1,-1
116,1,866.24,154.33,318.20,723.00,0.89,-1,-1,-1
116,4,1135.98,254.19,184.23,572.41,0.84,-1,-1,-1
116,22,344.10,161.71,200.15,579.82,0.92,-1,-1,-1
116,23,503.93,182.85,218.39,550.82,0.91,-1,-1,-1
116,24,667.79,264.82,95.77,276.77,0.90,-1,-1,-1
116,25,719.25,279.13,103.52,285.81,0.91,-1,-1,-1
116,6,1054.37,306.15,134.27,415.12,0.33,-1,-1,-1
116,11,807.40,267.86,85.56,259.00,0.91,-1,-1,-1
116,26,767.08,291.64,64.79,215.64,0.84,-1,-1,-1
117,1,871.14,153.44,329.85,729.87,0.88,-1,-1,-1
117,4,1143.77,249.93,177.97,576.02,0.82,-1,-1,-1
117,22,331.24,155.30,205.11,588.28,0.91,-1,-1,-1
117,23,506.02,179.79,213.81,559.96,0.92,-1,-1,-1
117,24,662.92,262.74,95.79,278.65,0.90,-1,-1,-1
117,25,714.80,276.70,104.48,289.03,0.91,-1,-1,-1
117,11,803.41,266.81,87.63,259.13,0.92,-1,-1,-1
117,26,763.69,290.99,65.57,218.85,0.83,-1,-1,-1
118,1,882.83,153.30,334.22,742.78,0.89,-1,-1,-1
118,4,1145.62,247.17,182.01,580.68,0.76,-1,-1,-1
118,22,318.83,146.48,209.38,608.97,0.89,-1,-1,-1
118,23,507.47,174.75,209.99,569.00,0.91,-1,-1,-1
118,24,660.03,261.44,95.76,281.40,0.89,-1,-1,-1
118,25,710.60,274.52,105.98,292.40,0.90,-1,-1,-1
118,11,800.54,266.49,88.97,261.85,0.92,-1,-1,-1
118,26,759.48,290.72,65.88,218.57,0.83,-1,-1,-1
119,1,895.74,150.72,336.36,753.47,0.87,-1,-1,-1
119,4,1155.26,244.19,176.44,579.02,0.76,-1,-1,-1
119,22,303.81,139.86,214.67,624.68,0.90,-1,-1,-1
119,23,505.57,169.04,209.22,575.36,0.92,-1,-1,-1
119,24,656.74,261.19,91.06,281.20,0.88,-1,-1,-1
119,25,708.31,271.68,106.03,295.81,0.91,-1,-1,-1
119,11,797.24,267.28,90.13,262.69,0.92,-1,-1,-1
119,26,756.91,289.45,66.75,221.94,0.82,-1,-1,-1
120,1,908.86,145.10,339.45,784.21,0.87,-1,-1,-1
120,4,1164.92,243.03,170.66,573.89,0.63,-1,-1,-1
120,22,288.16,132.50,224.07,636.49,0.86,-1,-1,-1
120,23,503.22,163.29,209.27,585.81,0.92,-1,-1,-1
120,24,651.33,256.57,89.15,288.05,0.88,-1,-1,-1
120,25,705.10,269.02,105.33,298.98,0.93,-1,-1,-1
120,11,796.21,267.00,89.30,264.52,0.93,-1,-1,-1
120,26,754.11,288.87,68.29,225.46,0.80,-1,-1,-1
120,7,898.36,285.91,122.28,334.42,0.84,-1,-1,-1
121,1,924.58,141.28,343.96,794.10,0.88,-1,-1,-1
121,4,1177.43,243.29,165.11,567.69,0.34,-1,-1,-1
121,22,273.49,127.69,228.93,640.09,0.92,-1,-1,-1
121,23,498.53,156.30,211.72,598.08,0.93,-1,-1,-1
121,24,644.27,254.85,90.33,293.30,0.87,-1,-1,-1
121,25,700.41,268.03,107.48,301.34,0.92,-1,-1,-1
121,11,793.26,265.83,90.77,268.36,0.94,-1,-1,-1
121,26,751.35,288.96,69.53,228.30,0.82,-1,-1,-1
121,7,897.52,284.77,128.65,349.65,0.87,-1,-1,-1
122,1,943.31,141.70,340.60,787.08,0.90,-1,-1,-1
122,4,1189.50,246.10,158.17,556.85,0.55,-1,-1,-1
122,22,258.80,122.07,235.45,658.34,0.91,-1,-1,-1
122,23,494.11,150.09,214.18,607.73,0.92,-1,-1,-1
122,24,641.29,254.24,88.90,297.20,0.87,-1,-1,-1
122,25,695.87,267.59,109.96,302.76,0.93,-1,-1,-1
122,11,791.68,264.39,90.64,270.72,0.94,-1,-1,-1
122,26,748.06,290.26,69.94,228.03,0.81,-1,-1,-1
122,7,897.54,283.68,130.83,360.32,0.88,-1,-1,-1
123,1,961.56,144.92,333.63,772.09,0.87,-1,-1,-1
123,4,1189.86,251.27,161.07,546.51,0.59,-1,-1,-1
123,22,241.24,120.21,249.83,676.85,0.88,-1,-1,-1
123,23,488.20,144.50,217.70,624.62,0.91,-1,-1,-1
123,24,635.34,255.12,91.52,301.82,0.87,-1,-1,-1
123,25,692.32,267.44,111.62,305.72,0.93,-1,-1,-1
123,11,788.95,262.75,91.87,273.63,0.93,-1,-1,-1
123,26,746.47,291.78,69.62,227.55,0.82,-1,-1,-1
123,7,897.80,283.92,132.98,364.91,0.88,-1,-1,-1
124,1,974.92,143.86,321.61,779.49,0.87,-1,-1,-1
124,4,1196.88,255.13,152.65,537.28,0.27,-1,-1,-1
124,22,225.54,118.72,262.03,689.54,0.90,-1,-1,-1
124,23,446.96,137.97,256.99,644.30,0.92,-1,-1,-1
124,24,629.92,255.54,94.39,308.16,0.84,-1,-1,-1
124,25,687.85,267.61,114.12,311.59,0.92,-1,-1,-1
124,11,786.60,261.58,93.01,276.99,0.93,-1,-1,-1
124,26,747.84,292.86,67.77,223.73,0.82,-1,-1,-1
124,7,897.85,284.67,136.54,370.93,0.89,-1,-1,-1
125,1,991.88,145.17,313.14,780.07,0.85,-1,-1,-1
125,22,204.61,118.27,272.01,701.73,0.89,-1,-1,-1
125,23,437.19,134.73,263.65,657.72,0.93,-1,-1,-1
125,24,626.39,259.87,93.67,308.27,0.67,-1,-1,-1
125,25,684.63,267.72,114.40,319.48,0.91,-1,-1,-1
125,11,784.40,261.15,92.78,280.42,0.93,-1,-1,-1
125,26,744.65,293.11,69.47,227.39,0.81,-1,-1,-1
125,7,898.21,285.86,138.98,374.64,0.89,-1,-1,-1
125,27,930.60,295.88,30.60,78.75,0.79,-1,-1,-1
125,28,845.10,302.62,35.10,108.00,0.76,-1,-1,-1
125,29,797.40,405.90,268.20,259.20,0.72,-1,-1,-1
126,1,1003.78,140.84,306.29,787.14,0.85,-1,-1,-1
126,22,186.71,115.70,285.61,720.14,0.90,-1,-1,-1
126,23,431.40,125.80,266.01,684.82,0.92,-1,-1,-1
126,24,622.92,260.76,92.15,306.76,0.81,-1,-1,-1
126,25,680.65,269.33,115.62,323.37,0.92,-1,-1,-1
126,11,781.92,261.36,93.23,282.94,0.94,-1,-1,-1
126,26,741.20,293.42,71.89,231.08,0.81,-1,-1,-1
126,7,898.72,286.70,137.80,372.11,0.90,-1,-1,-1
126,27,929.68,296.43,30.66,78.16,0.82,-1,-1,-1
126,28,844.03,303.56,35.89,109.62,0.85,-1,-1,-1
126,29,796.26,405.94,274.45,261.06,0.82,-1,-1,-1
127,1,1013.02,140.62,299.65,786.18,0.84,-1,-1,-1
127,22,167.36,114.37,296.20,734.59,0.90,-1,-1,-1
127,23,430.82,125.08,262.30,697.88,0.92,-1,-1,-1
127,24,618.82,264.84,90.80,305.39,0.79,-1,-1,-1
127,25,676.27,270.12,117.62,327.58,0.92,-1,-1,-1
127,11,779.43,261.78,94.40,282.14,0.93,-1,-1,-1
127,26,739.55,293.06,72.09,234.24,0.80,-1,-1,-1
127,7,896.88,286.89,137.89,372.87,0.90,-1,-1,-1
127,27,928.73,295.43,32.04,81.15,0.81,-1,-1,-1
127,28,839.64,302.98,40.86,111.97,0.78,-1,-1,-1
127,29,793.94,403.05,275.52,264.09,0.90,-1,-1,-1
128,1,1022.01,137.31,304.65,806.10,0.83,-1,-1,-1
128,22,144.26,113.90,305.49,743.68,0.90,-1,-1,-1
128,23,433.01,123.44,254.15,711.39,0.91,-1,-1,-1
128,24,613.34,260.90,92.11,314.64,0.85,-1,-1,-1
128,25,673.97,270.49,117.18,331.31,0.92,-1,-1,-1
128,11,776.37,262.32,95.42,283.99,0.93,-1,-1,-1
128,26,738.57,292.84,72.16,238.64,0.80,-1,-1,-1
128,7,895.56,287.80,137.88,373.97,0.90,-1,-1,-1
128,27,928.49,294.23,31.13,81.79,0.82,-1,-1,-1
128,28,841.74,305.03,38.66,109.96,0.86,-1,-1,-1
128,29,792.58,400.98,277.19,268.55,0.91,-1,-1,-1
128,30,663.75,275.17,61.20,198.67,0.71,-1,-1,-1
129,1,1032.21,146.35,308.81,804.33,0.80,-1,-1,-1
129,22,120.53,110.01,312.25,755.15,0.88,-1,-1,-1
129,23,432.58,125.72,247.09,713.61,0.91,-1,-1,-1
129,24,607.96,261.19,93.75,320.64,0.87,-1,-1,-1
129,25,669.48,271.97,119.28,334.18,0.92,-1,-1,-1
129,11,773.01,262.24,96.33,286.08,0.93,-1,-1,-1
129,26,736.88,292.61,72.74,240.37,0.79,-1,-1,-1
129,7,894.55,288.92,137.76,376.14,0.90,-1,-1,-1
129,27,927.87,295.02,30.75,79.52,0.82,-1,-1,-1
129,28,841.28,306.18,38.87,108.51,0.88,-1,-1,-1
129,29,789.65,401.68,282.96,269.13,0.92,-1,-1,-1
129,30,661.38,275.84,61.26,201.99,0.67,-1,-1,-1
129,31,857.25,291.82,19.80,51.75,0.70,-1,-1,-1
130,1,1040.74,147.87,307.65,799.82,0.80,-1,-1,-1
130,22,98.34,105.24,322.98,785.39,0.88,-1,-1,-1
130,23,428.62,126.99,245.17,721.67,0.90,-1,-1,-1
130,24,604.17,260.53,94.86,323.48,0.87,-1,-1,-1
130,25,666.79,272.64,119.30,337.23,0.92,-1,-1,-1
130,11,770.23,261.42,97.13,286.91,0.93,-1,-1,-1
130,26,736.57,291.67,71.09,241.45,0.83,-1,-1,-1
130,7,893.62,288.33,137.48,380.22,0.91,-1,-1,-1
130,27,926.34,294.09,31.91,80.89,0.79,-1,-1,-1
130,28,840.60,307.25,40.17,108.23,0.89,-1,-1,-1
130,29,787.96,401.29,288.00,270.70,0.93,-1,-1,-1
130,30,660.72,276.02,59.86,195.36,0.61,-1,-1,-1
130,31,855.51,291.10,20.53,51.76,0.68,-1,-1,-1
131,1,1048.25,144.31,309.48,806.32,0.77,-1,-1,-1
131,22,72.30,93.66,333.50,816.13,0.88,-1,-1,-1
131,23,421.15,125.46,244.20,731.06,0.90,-1,-1,-1
131,24,601.13,258.17,94.60,330.63,0.88,-1,-1,-1
131,25,664.73,273.00,118.00,340.18,0.93,-1,-1,-1
131,11,767.21,260.51,97.33,289.54,0.94,-1,-1,-1
131,26,736.84,290.10,69.80,243.87,0.83,-1,-1,-1
131,7,892.10,289.00,138.43,380.46,0.91,-1,-1,-1
131,27,925.84,293.47,31.03,81.65,0.80,-1,-1,-1
131,28,838.83,307.73,39.33,108.48,0.86,-1,-1,-1
131,29,785.87,401.02,294.92,272.92,0.92,-1,-1,-1
131,30,657.55,274.44,59.34,199.31,0.65,-1,-1,-1
131,31,854.08,290.77,20.66,52.80,0.63,-1,-1,-1
132,1,1055.97,143.16,304.12,802.85,0.74,-1,-1,-1
132,22,35.75,75.36,354.61,867.66,0.86,-1,-1,-1
132,23,412.22,123.55,243.21,742.88,0.91,-1,-1,-1
132,24,595.78,256.67,96.84,333.35,0.88,-1,-1,-1
132,25,660.64,271.66,118.61,346.31,0.93,-1,-1,-1
132,11,762.45,261.08,98.53,289.38,0.94,-1,-1,-1
132,26,736.54,288.64,68.08,245.10,0.83,-1,-1,-1
132,7,890.55,287.82,139.59,385.32,0.91,-1,-1,-1
132,27,924.36,293.17,30.69,82.55,0.82,-1,-1,-1
132,28,838.72,307.57,38.97,108.62,0.88,-1,-1,-1
132,29,783.19,400.54,300.99,278.87,0.93,-1,-1,-1
132,30,655.87,274.28,57.84,198.63,0.71,-1,-1,-1
132,31,853.32,290.84,20.00,51.42,0.67,-1,-1,-1
133,1,1062.75,143.91,307.10,810.31,0.73,-1,-1,-1
133,22,9.30,60.55,349.19,902.50,0.86,-1,-1,-1
133,23,399.68,121.66,244.51,762.80,0.89,-1,-1,-1
133,24,591.64,254.79,97.11,335.54,0.88,-1,-1,-1
133,25,654.91,269.71,120.65,352.89,0.93,-1,-1,-1
133,11,753.87,256.90,104.32,294.51,0.94,-1,-1,-1
133,26,731.55,287.58,70.52,247.15,0.84,-1,-1,-1
133,7,888.24,287.44,140.65,386.16,0.90,-1,-1,-1
133,27,923.29,291.91,30.58,84.75,0.80,-1,-1,-1
133,28,838.39,306.92,38.84,108.75,0.87,-1,-1,-1
133,29,780.10,395.64,307.18,286.63,0.93,-1,-1,-1
133,30,653.03,273.30,58.75,199.49,0.69,-1,-1,-1
133,31,851.84,290.40,19.80,49.60,0.63,-1,-1,-1
134,1,1076.33,143.89,299.24,813.29,0.70,-1,-1,-1
134,22,-31.84,44.20,368.99,952.62,0.83,-1,-1,-1
134,23,384.23,114.60,247.95,787.74,0.89,-1,-1,-1
134,24,585.98,252.93,98.15,338.63,0.89,-1,-1,-1
134,25,650.67,267.52,121.12,358.27,0.92,-1,-1,-1
134,11,746.17,254.69,108.00,298.07,0.94,-1,-1,-1
134,26,728.40,285.92,70.04,248.98,0.83,-1,-1,-1
134,7,886.26,286.85,141.32,382.24,0.91,-1,-1,-1
134,27,922.35,292.22,30.49,83.10,0.78,-1,-1,-1
134,28,837.14,305.55,39.93,110.30,0.89,-1,-1,-1
134,29,778.47,392.96,310.21,288.69,0.93,-1,-1,-1
134,30,649.78,272.55,58.95,193.99,0.68,-1,-1,-1
134,31,850.49,290.22,19.71,48.34,0.62,-1,-1,-1
135,1,1088.31,142.94,299.30,824.81,0.60,-1,-1,-1
135,22,-86.35,22.39,394.47,1010.08,0.75,-1,-1,-1
135,23,364.71,110.28,253.21,814.04,0.88,-1,-1,-1
135,24,577.69,250.66,101.68,340.00,0.87,-1,-1,-1
135,25,643.84,265.25,123.87,363.02,0.90,-1,-1,-1
135,11,736.97,253.70,113.66,301.11,0.94,-1,-1,-1
135,26,724.06,285.17,71.21,249.25,0.81,-1,-1,-1
135,7,884.61,285.11,142.10,380.86,0.91,-1,-1,-1
135,27,920.80,292.32,30.52,80.98,0.80,-1,-1,-1
135,28,836.60,305.01,39.79,110.68,0.88,-1,-1,-1
135,29,776.61,393.60,311.57,290.86,0.93,-1,-1,-1
135,30,647.53,272.45,57.28,186.52,0.56,-1,-1,-1
135,31,849.37,289.78,19.73,47.68,0.64,-1,-1,-1
135,6,1043.47,292.32,176.09,477.71,0.68,-1,-1,-1
136,1,1095.91,139.39,287.68,809.74,0.64,-1,-1,-1
136,22,-130.26,6.97,399.29,1061.84,0.75,-1,-1,-1
136,23,341.96,98.83,262.51,848.54,0.88,-1,-1,-1
136,24,572.30,247.83,103.14,343.46,0.88,-1,-1,-1
136,25,638.38,261.51,126.20,368.87,0.91,-1,-1,-1
136,11,729.08,253.35,118.22,303.79,0.94,-1,-1,-1
136,26,720.04,283.14,72.34,250.02,0.80,-1,-1,-1
136,7,882.38,282.89,143.68,385.37,0.90,-1,-1,-1
136,27,920.07,293.03,30.25,79.20,0.78,-1,-1,-1
136,28,835.69,304.73,40.36,110.73,0.90,-1,-1,-1
136,29,773.85,390.83,315.49,295.41,0.93,-1,-1,-1
136,30,644.90,271.23,59.88,198.95,0.55,-1,-1,-1
136,31,848.22,289.57,19.75,47.78,0.67,-1,-1,-1
136,6,1044.00,289.70,178.09,487.63,0.78,-1,-1,-1
137,1,1106.10,132.14,282.05,817.25,0.59,-1,-1,-1
137,22,-163.29,-7.04,425.50,1095.11,0.70,-1,-1,-1
137,23,316.12,88.05,274.37,887.88,0.87,-1,-1,-1
137,24,566.34,246.10,104.22,344.61,0.89,-1,-1,-1
137,25,633.24,259.12,128.18,372.08,0.92,-1,-1,-1
137,11,723.84,252.25,118.76,307.94,0.94,-1,-1,-1
137,26,714.47,281.56,74.51,250.06,0.78,-1,-1,-1
137,7,880.69,280.35,144.49,391.24,0.90,-1,-1,-1
137,27,918.92,292.45,30.45,79.74,0.72,-1,-1,-1
137,28,832.69,303.63,44.73,111.01,0.89,-1,-1,-1
137,29,769.93,390.29,319.71,299.34,0.93,-1,-1,-1
137,30,641.35,270.11,60.18,199.58,0.64,-1,-1,-1
137,31,847.55,288.78,19.76,48.15,0.70,-1,-1,-1
137,6,1043.04,288.86,181.06,502.86,0.83,-1,-1,-1
138,1,1116.62,140.19,274.74,806.40,0.62,-1,-1,-1
138,22,-195.52,-21.72,403.71,1115.40,0.65,-1,-1,-1
138,23,286.00,73.32,289.88,927.44,0.89,-1,-1,-1
138,24,555.69,243.62,109.70,341.29,0.89,-1,-1,-1
138,25,626.10,255.49,131.01,377.22,0.90,-1,-1,-1
138,11,719.60,251.19,118.08,310.92,0.94,-1,-1,-1
138,26,710.03,280.47,74.58,249.86,0.75,-1,-1,-1
138,7,878.82,278.97,144.49,394.41,0.91,-1,-1,-1
138,27,917.82,291.06,30.48,81.14,0.77,-1,-1,-1
138,28,830.34,302.30,46.26,112.01,0.91,-1,-1,-1
138,29,767.21,389.17,323.27,304.36,0.93,-1,-1,-1
138,30,639.20,268.82,58.95,196.62,0.53,-1,-1,-1
138,31,846.05,288.18,19.73,47.99,0.60,-1,-1,-1
138,6,1039.03,287.82,180.60,522.61,0.84,-1,-1,-1
139,1,1126.18,138.57,268.68,814.71,0.69,-1,-1,-1
139,22,-211.70,-36.61,404.91,1137.44,0.43,-1,-1,-1
139,23,253.43,61.50,309.10,960.18,0.88,-1,-1,-1
139,24,546.34,241.49,114.66,351.06,0.92,-1,-1,-1
139,25,621.25,253.35,132.68,381.40,0.92,-1,-1,-1
139,11,716.45,250.32,116.62,313.73,0.95,-1,-1,-1
139,26,704.95,280.05,77.59,256.38,0.79,-1,-1,-1
139,7,876.76,278.26,145.41,396.69,0.91,-1,-1,-1
139,27,916.02,289.57,30.80,82.56,0.76,-1,-1,-1
139,28,828.36,301.72,46.86,112.98,0.91,-1,-1,-1
139,29,763.68,386.81,328.37,307.28,0.93,-1,-1,-1
139,30,637.68,268.02,55.49,181.70,0.49,-1,-1,-1
139,31,844.70,287.74,19.74,48.26,0.68,-1,-1,-1
139,6,1038.78,287.18,179.26,531.21,0.84,-1,-1,-1
140,1,1135.30,134.57,268.45,822.64,0.64,-1,-1,-1
140,22,-221.05,-44.38,426.21,1166.46,0.37,-1,-1,-1
140,23,219.79,43.92,328.99,1001.38,0.88,-1,-1,-1
140,24,538.57,240.27,117.99,356.82,0.91,-1,-1,-1
140,25,613.13,252.26,137.68,385.41,0.92,-1,-1,-1
140,11,713.09,249.32,115.07,316.12,0.94,-1,-1,-1
140,26,700.26,280.24,80.65,260.10,0.72,-1,-1,-1
140,7,875.50,276.89,146.04,403.32,0.90,-1,-1,-1
140,27,914.86,289.19,30.39,80.99,0.77,-1,-1,-1
140,28,825.96,301.91,47.74,113.31,0.91,-1,-1,-1
140,29,760.21,385.80,332.79,310.39,0.93,-1,-1,-1
140,30,633.89,267.70,58.67,190.38,0.36,-1,-1,-1
140,31,843.40,287.51,19.77,48.06,0.67,-1,-1,-1
140,6,1039.39,286.46,179.11,536.11,0.85,-1,-1,-1
141,1,1143.67,139.36,263.61,812.36,0.53,-1,-1,-1
141,22,-239.89,-55.52,431.37,1194.72,0.21,-1,-1,-1
141,23,184.15,25.72,351.86,1034.80,0.89,-1,-1,-1
141,24,530.41,239.28,121.53,362.50,0.92,-1,-1,-1
141,25,609.19,250.72,137.20,390.10,0.92,-1,-1,-1
141,11,709.55,248.41,113.80,321.11,0.94,-1,-1,-1
141,26,700.78,280.79,75.42,259.62,0.55,-1,-1,-1
141,7,873.84,275.57,146.22,408.16,0.91,-1,-1,-1
141,27,913.51,288.98,30.53,80.99,0.74,-1,-1,-1
141,28,823.54,302.33,49.20,113.73,0.92,-1,-1,-1
141,29,755.95,386.70,336.68,313.28,0.93,-1,-1,-1
141,31,842.00,287.48,19.19,47.40,0.59,-1,-1,-1
141,6,1038.44,285.87,178.96,543.56,0.85,-1,-1,-1
142,1,1153.63,164.91,247.41,762.90,0.42,-1,-1,-1
142,22,-261.06,-87.40,436.20,1237.14,0.21,-1,-1,-1
142,23,145.34,6.75,380.75,1081.37,0.87,-1,-1,-1
142,24,522.42,238.91,125.16,370.63,0.93,-1,-1,-1
142,25,605.11,248.97,137.51,395.16,0.92,-1,-1,-1
142,11,706.15,246.28,112.08,325.49,0.94,-1,-1,-1
142,26,673.65,277.98,76.26,265.05,0.64,-1,-1,-1
142,7,872.49,275.61,145.95,407.44,0.91,-1,-1,-1
142,27,911.95,290.18,30.58,78.57,0.72,-1,-1,-1
142,28,820.46,303.01,50.90,113.85,0.92,-1,-1,-1
142,29,753.97,388.17,337.96,315.34,0.93,-1,-1,-1
142,31,840.43,287.25,19.57,47.76,0.59,-1,-1,-1
142,6,1039.95,286.01,180.05,550.88,0.84,-1,-1,-1
143,1,1161.10,170.70,236.67,744.62,0.43,-1,-1,-1
143,23,103.33,-23.91,411.27,1164.95,0.85,-1,-1,-1
143,24,511.86,239.45,130.56,377.82,0.93,-1,-1,-1
143,25,599.48,248.40,138.77,399.11,0.94,-1,-1,-1
143,11,702.27,245.55,111.41,328.63,0.94,-1,-1,-1
143,26,660.27,277.27,77.75,272.11,0.49,-1,-1,-1
143,7,870.50,274.26,147.31,411.89,0.91,-1,-1,-1
143,27,910.47,290.28,29.71,78.89,0.73,-1,-1,-1
143,28,816.93,303.79,53.85,113.90,0.92,-1,-1,-1
143,29,751.46,391.38,340.72,318.30,0.93,-1,-1,-1
143,31,838.93,287.24,19.72,49.12,0.52,-1,-1,-1
143,6,1039.36,287.08,181.62,554.49,0.85,-1,-1,-1
144,1,1168.32,175.46,230.49,734.95,0.40,-1,-1,-1
144,23,60.17,-35.07,437.84,1215.14,0.86,-1,-1,-1
144,24,499.87,239.34,135.99,385.45,0.94,-1,-1,-1
144,25,593.68,248.18,140.89,403.45,0.94,-1,-1,-1
144,11,698.00,244.38,110.48,332.99,0.94,-1,-1,-1
144,26,657.15,278.98,75.31,274.78,0.45,-1,-1,-1
144,7,868.04,274.66,148.92,407.62,0.91,-1,-1,-1
144,27,908.77,290.62,29.36,79.32,0.76,-1,-1,-1
144,28,814.73,304.51,53.81,113.64,0.91,-1,-1,-1
144,29,749.11,394.22,343.06,321.89,0.93,-1,-1,-1
144,31,837.53,286.78,20.36,50.23,0.61,-1,-1,-1
144,6,1039.77,287.97,185.63,560.53,0.85,-1,-1,-1
145,1,1174.77,180.03,223.71,729.70,0.34,-1,-1,-1
145,23,12.46,-52.95,464.81,1285.52,0.81,-1,-1,-1
145,24,489.69,239.83,140.98,391.82,0.93,-1,-1,-1
145,25,585.81,249.95,144.06,407.22,0.93,-1,-1,-1
145,11,694.20,242.08,109.57,337.87,0.94,-1,-1,-1
145,26,648.82,280.29,80.98,278.27,0.48,-1,-1,-1
145,7,866.87,274.53,149.27,408.76,0.91,-1,-1,-1
145,27,907.59,291.16,29.25,77.08,0.77,-1,-1,-1
145,28,812.50,304.76,53.17,115.29,0.92,-1,-1,-1
145,29,745.71,397.36,346.49,324.21,0.93,-1,-1,-1
145,31,836.46,286.89,20.61,50.35,0.69,-1,-1,-1
145,6,1039.92,289.46,187.20,562.51,0.86,-1,-1,-1
145,32,810.90,288.22,17.10,51.75,0.75,-1,-1,-1
146,1,1183.51,165.56,233.89,764.03,0.24,-1,-1,-1
146,23,-39.73,-63.18,494.34,1347.22,0.70,-1,-1,-1
146,24,482.17,240.77,142.88,396.64,0.93,-1,-1,-1
146,25,578.87,249.79,147.00,416.18,0.93,-1,-1,-1
146,11,690.26,239.62,109.22,342.44,0.94,-1,-1,-1
146,26,640.94,275.83,83.04,281.31,0.30,-1,-1,-1
146,7,865.63,274.21,150.86,414.48,0.92,-1,-1,-1
146,27,906.33,291.38,29.52,74.13,0.77,-1,-1,-1
146,28,810.86,305.15,52.29,115.90,0.92,-1,-1,-1
146,29,740.99,397.98,353.58,326.76,0.93,-1,-1,-1
146,31,835.54,286.94,20.11,50.99,0.64,-1,-1,-1
146,6,1040.64,289.90,190.12,567.35,0.87,-1,-1,-1
146,32,809.84,288.02,17.10,51.76,0.80,-1,-1,-1
147,1,1190.66,168.57,227.90,749.61,0.36,-1,-1,-1
147,23,-92.49,-78.67,527.38,1396.88,0.64,-1,-1,-1
147,24,477.70,239.96,141.73,404.83,0.93,-1,-1,-1
147,25,570.79,250.05,150.35,426.26,0.93,-1,-1,-1
147,11,685.94,236.67,109.64,347.06,0.93,-1,-1,-1
147,26,636.59,275.44,86.12,285.21,0.45,-1,-1,-1
147,7,864.03,273.86,152.57,420.77,0.91,-1,-1,-1
147,27,905.60,291.21,29.31,75.20,0.78,-1,-1,-1
147,28,809.09,305.47,51.31,116.74,0.93,-1,-1,-1
147,29,738.94,399.72,357.04,327.71,0.92,-1,-1,-1
147,31,834.63,286.70,19.31,50.05,0.58,-1,-1,-1
147,6,1041.52,290.30,192.29,571.89,0.88,-1,-1,-1
147,32,808.53,287.83,17.79,51.42,0.79,-1,-1,-1
148,1,1199.04,153.39,239.39,792.96,0.28,-1,-1,-1
148,23,-137.94,-93.88,548.52,1429.97,0.57,-1,-1,-1
148,24,471.70,239.62,142.44,414.22,0.93,-1,-1,-1
148,25,562.47,250.54,155.20,435.36,0.94,-1,-1,-1
148,11,681.11,234.76,110.48,351.17,0.93,-1,-1,-1
148,26,625.73,274.08,90.25,290.66,0.21,-1,-1,-1
148,7,863.16,274.37,154.18,426.16,0.92,-1,-1,-1
148,27,904.17,290.13,30.46,78.91,0.79,-1,-1,-1
148,28,807.57,305.79,51.54,117.37,0.92,-1,-1,-1
148,29,736.75,400.17,361.04,330.97,0.93,-1,-1,-1
148,31,833.71,286.66,19.63,50.30,0.65,-1,-1,-1
148,6,1044.26,289.89,195.57,576.53,0.88,-1,-1,-1
148,32,807.89,287.62,18.04,51.66,0.80,-1,-1,-1
149,1,1206.73,169.96,235.18,784.51,0.25,-1,-1,-1
149,23,-162.32,-83.21,547.01,1374.04,0.52,-1,-1,-1
149,24,464.69,237.23,143.73,423.71,0.93,-1,-1,-1
149,25,551.92,249.83,161.60,444.02,0.93,-1,-1,-1
149,11,676.21,233.16,111.92,355.02,0.93,-1,-1,-1
149,26,612.49,273.84,94.66,296.21,0.11,-1,-1,-1
149,7,862.64,274.44,155.00,430.39,0.91,-1,-1,-1
149,27,902.54,289.29,31.46,81.19,0.82,-1,-1,-1
149,28,806.21,305.74,51.59,117.91,0.93,-1,-1,-1
149,29,729.56,400.60,371.22,334.56,0.92,-1,-1,-1
149,31,832.86,286.49,19.74,50.39,0.66,-1,-1,-1
149,6,1047.14,290.05,194.33,582.91,0.88,-1,-1,-1
149,32,807.16,287.71,18.09,51.07,0.78,-1,-1,-1
