0,1,557.55,330.30,108.90,344.70,0.95,-1,-1,-1
0,2,646.20,346.05,254.70,549.90,0.91,-1,-1,-1
0,3,642.60,352.35,44.10,135.90,0.90,-1,-1,-1
0,4,768.60,303.30,130.50,389.70,0.84,-1,-1,-1
0,5,608.85,341.32,50.40,144.67,0.82,-1,-1,-1
0,6,129.49,367.20,18.45,47.25,0.79,-1,-1,-1
1,1,556.87,330.27,108.22,344.78,0.95,-1,-1,-1
1,2,643.21,349.52,256.45,550.01,0.91,-1,-1,-1
1,3,640.39,352.69,44.92,135.54,0.91,-1,-1,-1
1,4,767.59,301.46,130.62,392.32,0.85,-1,-1,-1
1,5,608.19,341.48,48.88,144.12,0.81,-1,-1,-1
1,6,127.62,366.87,19.25,48.04,0.83,-1,-1,-1
1,7,85.27,359.32,18.68,46.35,0.75,-1,-1,-1
2,1,555.92,328.87,108.77,344.20,0.95,-1,-1,-1
2,2,640.82,351.90,257.40,545.30,0.91,-1,-1,-1
2,3,638.83,353.32,45.05,134.64,0.91,-1,-1,-1
2,4,766.63,298.91,130.59,394.83,0.85,-1,-1,-1
2,5,609.04,341.89,45.76,139.85,0.77,-1,-1,-1
2,6,124.93,366.58,18.52,47.84,0.80,-1,-1,-1
2,7,80.27,359.34,18.78,44.58,0.65,-1,-1,-1
2,8,134.10,364.50,14.85,40.50,0.73,-1,-1,-1
3,1,555.84,327.38,108.31,344.65,0.95,-1,-1,-1
3,2,639.99,353.59,254.31,543.73,0.91,-1,-1,-1
3,3,637.90,353.13,45.09,134.00,0.91,-1,-1,-1
3,4,765.85,296.72,132.01,401.01,0.85,-1,-1,-1
3,5,608.81,341.98,43.44,133.61,0.71,-1,-1,-1
3,6,122.75,365.67,19.83,48.45,0.81,-1,-1,-1
3,7,76.55,359.03,17.94,45.29,0.70,-1,-1,-1
4,1,556.42,325.53,106.94,342.29,0.95,-1,-1,-1
4,2,639.76,350.95,255.49,539.55,0.91,-1,-1,-1
4,3,636.63,352.79,44.48,133.71,0.90,-1,-1,-1
4,4,766.64,293.96,133.27,401.79,0.89,-1,-1,-1
4,5,608.63,341.75,41.52,131.37,0.69,-1,-1,-1
4,6,120.01,364.43,22.19,49.99,0.87,-1,-1,-1
4,7,71.32,358.94,19.01,47.63,0.65,-1,-1,-1
5,1,557.09,322.78,106.29,336.03,0.95,-1,-1,-1
5,2,639.46,347.00,248.43,539.94,0.90,-1,-1,-1
5,3,635.32,352.61,44.19,133.37,0.90,-1,-1,-1
5,4,766.54,292.65,133.44,405.40,0.90,-1,-1,-1
5,5,605.29,340.91,45.03,139.84,0.70,-1,-1,-1
5,6,116.61,363.32,24.81,50.77,0.88,-1,-1,-1
5,7,67.31,358.69,18.65,48.31,0.72,-1,-1,-1
6,1,557.35,320.04,106.69,331.45,0.95,-1,-1,-1
6,2,639.79,342.87,246.59,540.02,0.90,-1,-1,-1
6,3,633.70,352.15,44.08,132.51,0.90,-1,-1,-1
6,4,767.55,291.44,132.80,407.91,0.90,-1,-1,-1
6,5,603.04,340.57,47.36,141.29,0.67,-1,-1,-1
6,6,113.02,364.68,27.39,49.48,0.87,-1,-1,-1
6,7,62.98,358.93,18.67,47.21,0.62,-1,-1,-1
7,1,558.21,317.22,107.11,329.17,0.95,-1,-1,-1
7,2,640.82,338.12,242.79,539.83,0.91,-1,-1,-1
7,3,632.82,351.50,44.15,132.27,0.89,-1,-1,-1
7,4,767.78,291.84,134.11,409.33,0.90,-1,-1,-1
7,5,600.67,339.18,49.58,147.32,0.52,-1,-1,-1
7,6,109.74,364.75,29.00,49.35,0.89,-1,-1,-1
7,7,58.73,359.18,17.92,45.55,0.57,-1,-1,-1
8,1,557.41,314.88,107.50,329.75,0.95,-1,-1,-1
8,2,639.32,332.74,240.10,539.66,0.90,-1,-1,-1
8,3,630.98,350.93,44.64,131.51,0.89,-1,-1,-1
8,4,767.27,293.31,130.37,409.57,0.90,-1,-1,-1
8,5,596.80,337.15,52.03,156.34,0.24,-1,-1,-1
8,6,106.26,364.73,31.11,49.21,0.88,-1,-1,-1
8,7,54.26,359.20,18.13,45.49,0.34,-1,-1,-1
9,1,557.39,313.74,108.98,331.76,0.95,-1,-1,-1
9,2,637.21,329.23,240.64,544.59,0.91,-1,-1,-1
9,3,628.80,350.00,45.47,133.34,0.87,-1,-1,-1
9,4,766.38,294.96,129.74,408.76,0.90,-1,-1,-1
9,5,593.29,333.06,56.53,168.77,0.26,-1,-1,-1
9,6,103.52,365.16,31.75,49.12,0.89,-1,-1,-1
9,7,50.48,359.19,18.18,45.45,0.66,-1,-1,-1
10,1,556.88,314.67,111.50,334.84,0.96,-1,-1,-1
10,2,636.45,327.25,243.79,546.28,0.91,-1,-1,-1
10,3,628.02,349.54,45.25,135.15,0.85,-1,-1,-1
10,4,764.85,296.75,131.53,411.32,0.90,-1,-1,-1
10,5,593.95,333.68,55.45,170.95,0.14,-1,-1,-1
10,6,100.86,365.03,30.18,49.22,0.88,-1,-1,-1
10,7,45.09,359.00,18.43,45.55,0.44,-1,-1,-1
11,1,556.16,315.77,112.95,336.95,0.96,-1,-1,-1
11,2,637.45,327.90,244.84,544.40,0.92,-1,-1,-1
11,3,626.00,348.99,46.33,136.37,0.88,-1,-1,-1
11,4,763.37,298.90,132.09,409.61,0.89,-1,-1,-1
11,6,98.74,364.83,30.01,49.23,0.86,-1,-1,-1
11,7,40.47,358.92,18.98,46.18,0.28,-1,-1,-1
12,1,555.12,317.64,113.91,337.00,0.95,-1,-1,-1
12,2,638.43,329.92,241.24,541.22,0.92,-1,-1,-1
12,3,624.09,348.44,46.66,136.37,0.90,-1,-1,-1
12,4,761.91,300.49,131.50,409.15,0.89,-1,-1,-1
12,6,97.29,365.11,28.79,48.81,0.86,-1,-1,-1
12,7,37.72,358.36,18.40,46.31,0.43,-1,-1,-1
13,1,555.17,319.83,113.82,337.84,0.95,-1,-1,-1
13,2,641.76,333.85,234.78,538.99,0.91,-1,-1,-1
13,3,623.03,347.90,46.84,137.04,0.89,-1,-1,-1
13,4,761.97,301.41,132.08,411.44,0.89,-1,-1,-1
13,6,96.38,366.37,26.39,47.47,0.87,-1,-1,-1
13,7,33.30,357.95,18.66,47.28,0.19,-1,-1,-1
13,9,545.40,360.22,25.20,67.95,0.78,-1,-1,-1
14,1,555.50,322.60,113.85,337.40,0.96,-1,-1,-1
14,2,643.69,339.15,233.25,535.28,0.91,-1,-1,-1
14,3,622.16,348.18,46.94,137.16,0.89,-1,-1,-1
14,4,761.36,302.02,131.79,412.34,0.89,-1,-1,-1
14,6,94.80,366.03,24.71,47.94,0.83,-1,-1,-1
14,9,543.48,361.99,25.25,64.83,0.79,-1,-1,-1
15,1,555.42,324.06,113.19,336.32,0.96,-1,-1,-1
15,2,644.13,343.97,228.99,532.21,0.90,-1,-1,-1
15,3,620.44,348.06,47.55,136.77,0.86,-1,-1,-1
15,4,759.57,301.11,132.83,411.04,0.90,-1,-1,-1
15,6,94.28,365.29,23.03,48.68,0.79,-1,-1,-1
15,9,541.93,361.69,25.26,65.61,0.78,-1,-1,-1
16,1,555.83,324.52,112.54,336.58,0.95,-1,-1,-1
16,2,644.13,347.30,227.83,529.53,0.90,-1,-1,-1
16,3,618.51,348.07,48.45,135.88,0.88,-1,-1,-1
16,4,760.00,299.36,130.48,409.35,0.90,-1,-1,-1
16,6,93.58,365.47,21.11,48.66,0.80,-1,-1,-1
16,9,540.23,362.06,24.57,64.76,0.81,-1,-1,-1
17,1,556.31,324.34,111.03,335.34,0.95,-1,-1,-1
17,2,643.50,349.22,233.48,525.23,0.90,-1,-1,-1
17,3,617.24,347.89,48.17,135.03,0.86,-1,-1,-1
17,4,761.64,296.56,126.50,403.68,0.90,-1,-1,-1
17,6,91.90,365.19,20.66,48.63,0.76,-1,-1,-1
17,9,538.09,360.77,25.02,65.47,0.82,-1,-1,-1
18,1,556.66,322.49,108.89,332.64,0.95,-1,-1,-1
18,2,642.38,350.54,236.19,524.82,0.90,-1,-1,-1
18,3,615.67,347.57,47.30,133.02,0.84,-1,-1,-1
18,4,758.81,293.56,127.05,397.41,0.90,-1,-1,-1
18,6,91.12,364.50,19.77,48.26,0.75,-1,-1,-1
18,9,536.47,361.48,23.80,64.31,0.83,-1,-1,-1
18,10,561.15,364.72,20.70,56.25,0.73,-1,-1,-1
19,1,557.87,318.98,107.32,332.71,0.95,-1,-1,-1
19,2,642.32,348.60,240.42,522.88,0.90,-1,-1,-1
19,3,613.96,347.34,47.74,132.16,0.82,-1,-1,-1
19,4,758.29,289.14,126.56,396.25,0.90,-1,-1,-1
19,6,89.28,364.41,19.69,48.19,0.73,-1,-1,-1
19,9,534.20,360.91,24.77,64.64,0.81,-1,-1,-1
19,10,558.61,364.40,20.77,53.80,0.67,-1,-1,-1
20,1,558.39,315.27,106.79,329.28,0.95,-1,-1,-1
20,2,644.78,344.71,237.99,527.95,0.90,-1,-1,-1
20,3,614.36,346.41,46.14,131.88,0.77,-1,-1,-1
20,4,757.06,285.24,127.65,397.67,0.90,-1,-1,-1
20,6,88.29,364.74,19.22,47.27,0.76,-1,-1,-1
20,9,533.24,361.06,23.86,62.88,0.82,-1,-1,-1
20,10,557.49,364.32,20.11,52.62,0.68,-1,-1,-1
21,1,558.69,311.25,105.79,325.39,0.95,-1,-1,-1
21,2,648.15,340.32,237.28,529.60,0.92,-1,-1,-1
21,3,611.92,345.66,47.25,138.53,0.59,-1,-1,-1
21,4,755.39,280.85,127.85,401.14,0.90,-1,-1,-1
21,6,87.20,363.67,19.66,48.43,0.72,-1,-1,-1
21,9,531.25,360.05,24.12,62.85,0.83,-1,-1,-1
21,10,555.21,363.84,19.83,55.78,0.81,-1,-1,-1
22,1,559.22,307.84,104.84,321.81,0.96,-1,-1,-1
22,2,651.39,335.86,235.29,527.05,0.91,-1,-1,-1
22,3,608.26,344.68,51.85,149.08,0.44,-1,-1,-1
22,4,756.87,277.67,126.15,405.72,0.90,-1,-1,-1
22,6,85.31,362.50,21.13,48.89,0.84,-1,-1,-1
22,9,529.49,360.33,24.22,61.97,0.82,-1,-1,-1
22,10,553.31,363.52,20.45,56.78,0.83,-1,-1,-1
22,11,75.21,360.00,20.14,45.90,0.77,-1,-1,-1
23,1,558.78,304.86,105.67,321.88,0.96,-1,-1,-1
23,2,655.89,330.38,230.26,529.93,0.91,-1,-1,-1
23,3,605.78,343.69,54.70,148.37,0.45,-1,-1,-1
23,4,757.20,275.73,125.44,409.41,0.90,-1,-1,-1
23,6,82.62,361.72,23.74,49.39,0.84,-1,-1,-1
23,9,527.66,360.50,24.25,60.75,0.81,-1,-1,-1
23,10,551.13,363.63,20.64,57.39,0.83,-1,-1,-1
23,11,71.51,359.83,20.83,47.07,0.74,-1,-1,-1
24,1,558.94,303.14,105.26,323.34,0.95,-1,-1,-1
24,2,658.75,326.37,226.36,528.11,0.91,-1,-1,-1
24,3,603.41,342.53,57.51,158.36,0.36,-1,-1,-1
24,4,755.25,275.21,127.46,411.45,0.90,-1,-1,-1
24,6,80.09,360.88,25.14,49.88,0.82,-1,-1,-1
24,9,526.77,360.00,23.02,60.63,0.82,-1,-1,-1
24,10,549.19,363.42,20.69,57.24,0.83,-1,-1,-1
24,11,68.60,359.26,21.74,48.70,0.77,-1,-1,-1
25,1,558.37,302.83,105.43,324.76,0.96,-1,-1,-1
25,2,658.25,324.67,224.94,526.08,0.91,-1,-1,-1
25,4,753.11,276.67,128.43,411.85,0.90,-1,-1,-1
25,6,78.02,360.92,24.90,49.02,0.78,-1,-1,-1
25,9,524.79,360.39,23.13,60.16,0.83,-1,-1,-1
25,10,546.80,363.30,20.02,57.31,0.81,-1,-1,-1
25,11,66.76,359.60,21.03,44.99,0.75,-1,-1,-1
26,1,559.25,303.76,105.09,326.96,0.95,-1,-1,-1
26,2,658.17,325.80,225.56,526.45,0.92,-1,-1,-1
26,4,754.65,278.85,129.03,413.58,0.89,-1,-1,-1
26,6,75.48,361.32,24.62,48.85,0.80,-1,-1,-1
26,9,523.87,360.92,22.61,59.89,0.82,-1,-1,-1
26,10,545.81,363.81,19.82,57.18,0.85,-1,-1,-1
26,11,63.61,359.42,21.48,48.01,0.78,-1,-1,-1
27,1,559.59,305.89,103.68,326.47,0.95,-1,-1,-1
27,2,655.51,327.93,226.18,529.62,0.91,-1,-1,-1
27,4,753.64,282.63,130.35,412.66,0.89,-1,-1,-1
27,6,73.65,359.82,24.69,51.08,0.81,-1,-1,-1
27,9,521.60,360.61,22.41,59.98,0.81,-1,-1,-1
27,10,543.81,363.64,19.74,57.28,0.85,-1,-1,-1
27,11,60.78,358.87,22.57,50.43,0.79,-1,-1,-1
28,1,560.08,308.64,103.33,328.14,0.95,-1,-1,-1
28,2,653.52,331.02,229.23,539.65,0.91,-1,-1,-1
28,4,755.83,284.31,129.84,407.84,0.87,-1,-1,-1
28,6,72.31,359.86,23.34,50.82,0.74,-1,-1,-1
28,9,520.22,360.39,22.38,60.15,0.83,-1,-1,-1
28,10,541.65,363.32,20.36,57.71,0.84,-1,-1,-1
28,11,58.19,359.11,22.51,49.83,0.79,-1,-1,-1
29,1,558.75,311.31,102.38,327.80,0.95,-1,-1,-1
29,2,648.27,335.36,230.45,544.62,0.91,-1,-1,-1
29,4,754.29,285.70,131.15,413.20,0.88,-1,-1,-1
29,6,71.84,358.75,22.14,51.74,0.81,-1,-1,-1
29,9,518.10,360.27,22.94,59.74,0.83,-1,-1,-1
29,10,538.89,362.85,21.14,57.99,0.84,-1,-1,-1
29,11,56.07,358.65,22.85,50.02,0.80,-1,-1,-1
30,1,559.05,313.19,101.81,327.41,0.95,-1,-1,-1
30,2,645.59,340.31,237.70,547.72,0.91,-1,-1,-1
30,4,757.50,286.68,130.91,417.52,0.88,-1,-1,-1
30,6,70.78,357.68,21.39,52.82,0.81,-1,-1,-1
30,9,516.87,360.35,22.62,59.77,0.84,-1,-1,-1
30,10,538.10,362.51,20.91,58.54,0.86,-1,-1,-1
30,11,53.18,358.40,23.99,52.35,0.83,-1,-1,-1
31,1,558.48,314.35,101.42,325.77,0.95,-1,-1,-1
31,2,641.90,343.44,233.95,550.57,0.90,-1,-1,-1
31,4,757.20,286.03,131.73,420.96,0.89,-1,-1,-1
31,6,70.56,358.88,20.61,50.99,0.78,-1,-1,-1
31,9,515.04,360.41,21.85,59.33,0.81,-1,-1,-1
31,10,536.09,361.80,20.77,58.57,0.86,-1,-1,-1
31,11,52.24,358.12,22.77,50.34,0.81,-1,-1,-1
31,12,549.90,360.00,26.10,67.95,0.78,-1,-1,-1
32,1,559.22,314.43,101.07,325.99,0.95,-1,-1,-1
32,2,639.61,346.53,237.52,551.94,0.90,-1,-1,-1
32,4,760.36,284.70,131.35,425.66,0.89,-1,-1,-1
32,6,69.67,359.48,20.10,50.40,0.75,-1,-1,-1
32,9,513.75,358.56,22.26,61.45,0.82,-1,-1,-1
32,10,534.82,361.18,21.39,58.72,0.86,-1,-1,-1
32,11,50.14,358.13,22.02,50.25,0.83,-1,-1,-1
32,12,547.20,359.46,28.34,69.54,0.85,-1,-1,-1
33,1,558.96,312.58,100.69,325.34,0.95,-1,-1,-1
33,2,635.67,347.69,241.22,548.87,0.91,-1,-1,-1
33,4,757.54,282.40,135.03,426.43,0.89,-1,-1,-1
33,6,69.14,358.88,20.18,49.76,0.74,-1,-1,-1
33,9,512.01,358.29,22.36,60.90,0.83,-1,-1,-1
33,10,532.73,360.49,21.57,58.92,0.86,-1,-1,-1
33,11,49.31,358.06,20.68,46.14,0.79,-1,-1,-1
33,12,545.04,358.89,29.43,69.42,0.84,-1,-1,-1
33,13,274.27,355.95,26.55,51.30,0.77,-1,-1,-1
34,1,559.26,310.65,100.64,325.20,0.95,-1,-1,-1
34,2,634.35,347.00,244.51,545.22,0.91,-1,-1,-1
34,4,760.18,279.13,134.12,427.31,0.89,-1,-1,-1
34,6,68.36,358.11,20.31,50.44,0.81,-1,-1,-1
34,9,510.63,359.40,22.42,59.21,0.83,-1,-1,-1
34,10,531.82,359.63,21.05,58.99,0.86,-1,-1,-1
34,11,47.57,357.15,21.21,48.98,0.82,-1,-1,-1
34,12,543.03,358.37,29.80,69.35,0.86,-1,-1,-1
34,13,272.68,354.86,26.24,52.06,0.81,-1,-1,-1
35,1,559.05,308.25,100.95,320.72,0.95,-1,-1,-1
35,2,634.68,343.99,243.37,542.08,0.92,-1,-1,-1
35,4,761.62,275.79,133.94,424.28,0.88,-1,-1,-1
35,6,67.44,358.64,20.54,48.86,0.80,-1,-1,-1
35,9,508.98,359.88,21.78,57.93,0.82,-1,-1,-1
35,10,530.36,359.82,20.78,57.77,0.86,-1,-1,-1
35,11,46.52,357.04,20.74,49.00,0.76,-1,-1,-1
35,12,541.84,357.78,28.49,68.94,0.87,-1,-1,-1
35,13,270.02,354.57,25.80,51.15,0.78,-1,-1,-1
36,1,560.82,305.11,101.73,317.00,0.95,-1,-1,-1
36,2,636.11,337.93,245.45,542.44,0.92,-1,-1,-1
36,4,763.75,271.84,135.92,422.41,0.88,-1,-1,-1
36,6,65.33,358.78,22.92,48.41,0.84,-1,-1,-1
36,9,508.37,359.68,21.68,57.94,0.82,-1,-1,-1
36,10,529.29,359.22,21.41,58.07,0.87,-1,-1,-1
36,11,45.06,356.81,20.67,50.95,0.82,-1,-1,-1
36,12,541.34,356.47,28.15,69.95,0.89,-1,-1,-1
36,13,267.80,353.99,24.67,51.62,0.73,-1,-1,-1
37,1,560.58,301.99,101.44,312.32,0.95,-1,-1,-1
37,2,636.11,330.49,247.35,539.42,0.92,-1,-1,-1
37,4,768.38,269.22,131.69,414.55,0.90,-1,-1,-1
37,6,64.71,357.80,25.64,48.42,0.82,-1,-1,-1
37,9,506.83,359.24,21.53,57.20,0.83,-1,-1,-1
37,10,528.10,358.82,20.94,57.71,0.86,-1,-1,-1
37,11,44.16,355.52,21.85,51.83,0.76,-1,-1,-1
37,12,539.49,356.01,28.55,69.16,0.89,-1,-1,-1
37,13,266.06,352.59,24.93,52.35,0.81,-1,-1,-1
38,1,560.53,298.79,102.59,312.54,0.95,-1,-1,-1
38,2,635.62,323.41,248.70,539.43,0.92,-1,-1,-1
38,4,769.91,267.10,131.93,411.70,0.91,-1,-1,-1
38,6,63.89,357.68,26.92,48.12,0.80,-1,-1,-1
38,9,505.47,358.53,21.49,57.86,0.83,-1,-1,-1
38,10,526.29,358.14,21.96,57.89,0.85,-1,-1,-1
38,11,42.59,356.01,19.45,45.04,0.71,-1,-1,-1
38,12,538.01,355.29,28.70,69.51,0.89,-1,-1,-1
38,13,263.98,352.04,23.72,51.62,0.76,-1,-1,-1
39,1,561.43,296.82,102.96,313.63,0.95,-1,-1,-1
39,2,634.90,317.30,249.66,547.34,0.92,-1,-1,-1
39,4,773.19,265.72,130.13,411.18,0.91,-1,-1,-1
39,6,62.63,357.14,27.84,48.33,0.84,-1,-1,-1
39,9,503.54,358.46,22.08,56.93,0.85,-1,-1,-1
39,10,525.08,357.95,22.32,57.36,0.85,-1,-1,-1
39,11,40.67,354.47,20.03,49.57,0.78,-1,-1,-1
39,12,536.95,354.64,28.74,69.34,0.89,-1,-1,-1
39,13,262.10,351.39,21.67,52.00,0.63,-1,-1,-1
39,14,560.25,346.27,35.10,108.45,0.76,-1,-1,-1
40,1,562.81,296.15,103.19,316.08,0.95,-1,-1,-1
40,2,634.86,313.33,252.56,548.25,0.92,-1,-1,-1
40,4,775.86,265.40,129.57,412.02,0.91,-1,-1,-1
40,6,61.49,356.44,27.78,48.74,0.85,-1,-1,-1
40,9,502.09,357.75,22.91,56.93,0.86,-1,-1,-1
40,10,524.22,357.80,22.48,57.19,0.87,-1,-1,-1
40,11,39.40,354.02,20.39,51.34,0.77,-1,-1,-1
40,12,536.14,353.85,28.78,70.23,0.88,-1,-1,-1
40,13,259.76,350.47,19.72,52.78,0.74,-1,-1,-1
40,14,559.44,345.65,34.43,107.45,0.82,-1,-1,-1
41,1,563.35,296.49,105.30,318.73,0.95,-1,-1,-1
41,2,635.40,312.36,255.37,550.70,0.92,-1,-1,-1
41,4,778.55,265.81,129.64,414.58,0.91,-1,-1,-1
41,6,59.89,356.98,27.22,48.12,0.78,-1,-1,-1
41,9,501.49,357.59,22.68,57.38,0.85,-1,-1,-1
41,10,523.91,358.16,22.58,57.27,0.87,-1,-1,-1
41,11,37.21,355.39,18.35,43.05,0.56,-1,-1,-1
41,12,535.52,353.81,29.46,71.03,0.88,-1,-1,-1
41,13,257.05,350.34,18.51,53.19,0.70,-1,-1,-1
41,14,558.63,346.29,35.05,107.10,0.86,-1,-1,-1
42,1,563.96,297.74,106.60,319.91,0.96,-1,-1,-1
42,2,637.48,313.31,256.80,549.70,0.93,-1,-1,-1
42,4,778.60,267.12,130.77,417.17,0.90,-1,-1,-1
42,6,58.34,355.78,26.51,49.38,0.72,-1,-1,-1
42,9,500.55,357.21,22.58,57.83,0.86,-1,-1,-1
42,10,523.07,358.14,22.59,57.28,0.87,-1,-1,-1
42,11,35.69,355.75,17.82,39.52,0.62,-1,-1,-1
42,12,535.16,353.34,29.08,71.89,0.87,-1,-1,-1
42,13,253.79,349.81,18.50,53.91,0.75,-1,-1,-1
42,14,557.08,347.23,35.19,106.47,0.85,-1,-1,-1
43,1,563.46,299.56,107.97,319.00,0.95,-1,-1,-1
43,2,639.55,315.66,255.43,551.51,0.92,-1,-1,-1
43,4,777.52,268.52,132.02,418.73,0.90,-1,-1,-1
43,6,57.65,354.98,25.56,49.48,0.67,-1,-1,-1
43,9,499.33,356.91,21.87,57.63,0.86,-1,-1,-1
43,10,522.14,358.13,21.93,56.90,0.88,-1,-1,-1
43,11,34.45,355.36,16.98,38.33,0.68,-1,-1,-1
43,12,533.47,353.18,29.47,71.80,0.87,-1,-1,-1
43,13,250.63,349.51,19.77,53.48,0.81,-1,-1,-1
43,14,555.30,348.55,34.45,105.48,0.86,-1,-1,-1
44,1,563.00,301.59,108.54,317.68,0.95,-1,-1,-1
44,2,641.21,320.56,254.93,543.68,0.92,-1,-1,-1
44,4,777.18,269.98,132.59,421.21,0.89,-1,-1,-1
44,6,57.77,353.10,24.44,51.54,0.76,-1,-1,-1
44,9,498.18,356.30,21.62,57.79,0.85,-1,-1,-1
44,10,521.08,357.61,21.69,56.98,0.87,-1,-1,-1
44,11,33.38,354.66,17.14,38.23,0.79,-1,-1,-1
44,12,531.80,352.76,29.61,71.66,0.88,-1,-1,-1
44,13,246.79,349.67,21.73,52.94,0.79,-1,-1,-1
44,14,553.32,347.95,34.89,105.74,0.88,-1,-1,-1
45,1,564.17,302.97,108.34,317.10,0.96,-1,-1,-1
45,2,643.03,326.41,256.33,537.65,0.92,-1,-1,-1
45,4,778.42,271.39,134.24,424.00,0.88,-1,-1,-1
45,6,58.62,352.53,21.32,47.39,0.67,-1,-1,-1
45,9,496.95,355.72,22.18,58.25,0.85,-1,-1,-1
45,10,520.52,356.92,21.64,57.41,0.86,-1,-1,-1
45,11,31.36,354.54,17.54,38.29,0.84,-1,-1,-1
45,12,531.93,352.86,29.12,71.11,0.88,-1,-1,-1
45,13,242.60,349.24,23.39,53.43,0.84,-1,-1,-1
45,14,551.54,347.64,36.36,106.01,0.88,-1,-1,-1
46,1,564.49,304.05,108.05,316.42,0.96,-1,-1,-1
46,2,643.46,331.26,256.98,535.51,0.92,-1,-1,-1
46,4,774.52,272.85,139.37,423.19,0.89,-1,-1,-1
46,6,58.18,351.89,21.54,50.87,0.72,-1,-1,-1
46,9,495.63,355.24,22.94,58.63,0.85,-1,-1,-1
46,10,518.81,355.80,22.78,58.08,0.85,-1,-1,-1
46,11,30.14,354.03,17.70,38.60,0.84,-1,-1,-1
46,12,530.77,352.79,28.87,70.78,0.87,-1,-1,-1
46,13,237.64,349.41,26.62,52.92,0.82,-1,-1,-1
46,14,549.97,347.11,36.81,105.97,0.88,-1,-1,-1
47,1,565.71,303.57,107.59,317.70,0.95,-1,-1,-1
47,2,643.97,335.79,259.52,528.16,0.91,-1,-1,-1
47,4,774.78,273.91,141.03,421.54,0.89,-1,-1,-1
47,6,57.59,351.57,21.66,50.67,0.72,-1,-1,-1
47,9,495.31,354.88,22.69,58.27,0.83,-1,-1,-1
47,10,518.67,354.89,22.66,58.12,0.85,-1,-1,-1
47,11,28.05,353.18,18.45,39.71,0.83,-1,-1,-1
47,12,530.24,352.27,28.84,71.06,0.86,-1,-1,-1
47,13,232.69,349.36,30.17,53.10,0.83,-1,-1,-1
47,14,549.96,345.93,37.04,107.35,0.88,-1,-1,-1
47,3,568.78,326.86,51.43,133.07,0.79,-1,-1,-1
48,1,565.88,302.25,107.31,317.36,0.95,-1,-1,-1
48,2,643.82,337.05,262.02,527.01,0.92,-1,-1,-1
48,4,774.12,273.65,141.51,418.31,0.89,-1,-1,-1
48,6,56.72,350.75,22.15,50.83,0.74,-1,-1,-1
48,9,494.14,354.63,22.57,57.49,0.82,-1,-1,-1
48,10,517.55,353.99,23.19,58.09,0.86,-1,-1,-1
48,11,26.50,352.28,19.17,40.40,0.83,-1,-1,-1
48,12,529.25,352.11,28.81,70.81,0.87,-1,-1,-1
48,13,228.87,348.32,32.63,53.72,0.84,-1,-1,-1
48,14,548.57,344.61,38.29,108.70,0.87,-1,-1,-1
48,3,567.42,326.13,50.53,135.96,0.83,-1,-1,-1
49,1,567.58,300.30,104.76,316.14,0.95,-1,-1,-1
49,2,643.24,335.21,263.94,526.39,0.92,-1,-1,-1
49,4,771.71,271.17,142.78,420.11,0.88,-1,-1,-1
49,6,56.84,351.58,21.72,46.06,0.60,-1,-1,-1
49,9,493.38,354.10,22.51,57.14,0.83,-1,-1,-1
49,10,517.08,353.36,22.78,57.71,0.85,-1,-1,-1
49,11,25.64,351.59,19.65,40.03,0.80,-1,-1,-1
49,12,528.52,351.16,28.78,70.63,0.87,-1,-1,-1
49,13,227.22,347.25,32.75,53.59,0.85,-1,-1,-1
49,14,547.09,344.29,36.94,107.56,0.87,-1,-1,-1
49,3,567.20,325.60,49.00,133.27,0.80,-1,-1,-1
50,1,567.45,296.86,103.78,312.69,0.95,-1,-1,-1
50,2,643.43,331.76,266.38,526.48,0.92,-1,-1,-1
50,4,771.19,269.05,142.03,420.72,0.88,-1,-1,-1
50,6,56.03,349.78,22.55,47.63,0.76,-1,-1,-1
50,9,492.70,353.00,22.49,57.01,0.82,-1,-1,-1
50,10,516.50,352.39,22.61,57.56,0.85,-1,-1,-1
50,11,23.98,350.73,20.16,39.90,0.85,-1,-1,-1
50,12,527.54,350.50,28.77,69.36,0.88,-1,-1,-1
50,13,225.00,345.95,32.90,54.12,0.82,-1,-1,-1
50,14,544.94,343.42,37.59,106.82,0.87,-1,-1,-1
50,3,566.44,325.61,48.48,129.53,0.79,-1,-1,-1
51,1,568.22,293.08,102.86,307.63,0.95,-1,-1,-1
51,2,644.39,326.04,250.21,531.51,0.89,-1,-1,-1
51,4,773.80,265.94,142.95,420.73,0.89,-1,-1,-1
51,6,55.38,349.46,22.29,45.51,0.68,-1,-1,-1
51,9,491.77,351.93,23.08,57.32,0.82,-1,-1,-1
51,10,516.53,351.22,21.95,58.15,0.85,-1,-1,-1
51,11,22.33,349.99,20.15,40.20,0.85,-1,-1,-1
51,12,526.82,349.60,28.78,69.54,0.87,-1,-1,-1
51,13,223.91,345.66,31.93,53.18,0.78,-1,-1,-1
51,14,544.12,341.54,38.43,108.16,0.88,-1,-1,-1
51,3,566.15,325.42,48.35,129.64,0.74,-1,-1,-1
52,1,568.64,288.86,101.84,304.33,0.95,-1,-1,-1
52,2,645.50,319.14,242.46,533.31,0.90,-1,-1,-1
52,4,775.16,261.85,143.74,420.59,0.90,-1,-1,-1
52,6,54.37,348.24,22.24,49.59,0.72,-1,-1,-1
52,9,490.74,350.63,23.29,58.32,0.82,-1,-1,-1
52,10,515.85,350.35,21.69,58.06,0.86,-1,-1,-1
52,11,20.43,349.33,20.90,39.71,0.83,-1,-1,-1
52,12,525.85,348.67,28.76,69.30,0.87,-1,-1,-1
52,13,222.94,344.62,30.68,53.09,0.77,-1,-1,-1
52,14,543.42,339.95,38.11,108.61,0.88,-1,-1,-1
52,3,565.65,324.76,47.06,129.70,0.78,-1,-1,-1
53,1,569.60,285.28,100.98,303.05,0.95,-1,-1,-1
53,2,647.07,312.58,254.52,532.74,0.89,-1,-1,-1
53,4,775.14,258.70,142.98,417.36,0.89,-1,-1,-1
53,6,54.61,348.67,21.77,49.87,0.75,-1,-1,-1
53,9,490.58,349.07,23.39,59.62,0.82,-1,-1,-1
53,10,515.53,349.84,21.01,57.75,0.85,-1,-1,-1
53,11,19.21,348.98,20.79,39.55,0.82,-1,-1,-1
53,12,525.73,347.39,28.78,69.85,0.85,-1,-1,-1
53,13,221.14,344.24,30.13,52.80,0.78,-1,-1,-1
53,14,542.85,339.17,38.61,108.85,0.88,-1,-1,-1
53,3,566.68,324.31,46.66,130.17,0.72,-1,-1,-1
54,1,570.27,281.69,100.75,305.48,0.95,-1,-1,-1
54,2,647.99,306.38,241.27,528.52,0.91,-1,-1,-1
54,4,775.84,255.69,141.56,411.96,0.90,-1,-1,-1
54,6,54.14,349.79,21.93,48.52,0.70,-1,-1,-1
54,9,490.26,348.64,22.84,58.95,0.83,-1,-1,-1
54,10,515.46,349.51,20.77,57.67,0.85,-1,-1,-1
54,11,17.53,348.72,21.00,40.12,0.83,-1,-1,-1
54,12,525.44,346.46,28.80,69.79,0.85,-1,-1,-1
54,13,219.32,344.11,29.70,52.40,0.81,-1,-1,-1
54,14,542.10,338.58,39.40,108.68,0.88,-1,-1,-1
54,3,566.80,323.67,45.96,130.75,0.69,-1,-1,-1
55,1,570.41,279.40,100.54,307.73,0.95,-1,-1,-1
55,2,647.28,301.32,238.81,532.17,0.91,-1,-1,-1
55,4,774.16,253.07,138.40,411.54,0.90,-1,-1,-1
55,6,54.05,347.81,23.02,49.49,0.60,-1,-1,-1
55,9,489.50,347.74,23.21,58.68,0.84,-1,-1,-1
55,10,514.77,348.81,20.66,57.62,0.84,-1,-1,-1
55,11,16.07,347.71,21.11,40.64,0.83,-1,-1,-1
55,12,525.27,345.54,28.18,70.06,0.85,-1,-1,-1
55,13,218.66,343.52,28.97,52.55,0.77,-1,-1,-1
55,14,541.77,337.64,39.64,109.19,0.89,-1,-1,-1
55,3,567.09,323.31,45.06,131.58,0.68,-1,-1,-1
56,1,570.91,279.17,99.78,308.84,0.95,-1,-1,-1
56,2,646.21,299.16,239.58,536.32,0.91,-1,-1,-1
56,4,772.93,251.39,135.26,413.53,0.89,-1,-1,-1
56,6,53.29,348.87,24.95,48.32,0.72,-1,-1,-1
56,9,488.87,347.17,23.31,58.54,0.83,-1,-1,-1
56,10,513.54,348.46,21.21,57.27,0.83,-1,-1,-1
56,11,15.31,346.75,21.38,40.80,0.85,-1,-1,-1
56,12,525.45,344.36,27.32,70.41,0.86,-1,-1,-1
56,13,217.22,343.94,26.47,51.68,0.77,-1,-1,-1
56,14,541.28,337.37,39.68,108.69,0.89,-1,-1,-1
56,3,567.40,322.06,44.72,133.03,0.43,-1,-1,-1
57,1,571.52,280.25,99.53,309.43,0.95,-1,-1,-1
57,2,644.50,299.58,241.18,543.62,0.91,-1,-1,-1
57,4,771.58,250.01,132.30,417.68,0.88,-1,-1,-1
57,6,52.11,348.70,24.97,47.92,0.62,-1,-1,-1
57,9,488.72,346.92,23.36,58.54,0.84,-1,-1,-1
57,10,512.58,348.00,21.42,57.79,0.83,-1,-1,-1
57,11,13.55,346.08,21.17,40.61,0.84,-1,-1,-1
57,12,524.71,343.89,27.01,70.61,0.85,-1,-1,-1
57,13,215.66,343.84,24.68,51.10,0.74,-1,-1,-1
57,14,541.84,337.54,38.49,108.31,0.89,-1,-1,-1
57,3,568.87,321.09,41.57,128.92,0.70,-1,-1,-1
58,1,571.97,282.13,99.03,307.76,0.95,-1,-1,-1
58,2,642.87,301.14,243.88,547.80,0.92,-1,-1,-1
58,4,770.29,248.57,130.26,420.99,0.88,-1,-1,-1
58,6,51.06,346.79,25.64,49.53,0.69,-1,-1,-1
58,9,488.44,346.04,22.81,59.08,0.83,-1,-1,-1
58,10,511.99,347.31,20.94,57.64,0.83,-1,-1,-1
58,11,12.34,345.40,21.29,40.80,0.84,-1,-1,-1
58,12,524.19,343.20,26.94,70.62,0.84,-1,-1,-1
58,13,214.46,341.99,23.14,52.35,0.67,-1,-1,-1
58,14,541.80,337.38,38.09,108.36,0.89,-1,-1,-1
58,3,568.78,319.42,43.03,130.30,0.73,-1,-1,-1
59,1,572.45,284.54,98.19,306.33,0.95,-1,-1,-1
59,2,638.72,306.30,245.41,548.16,0.91,-1,-1,-1
59,4,768.99,249.18,130.66,422.34,0.89,-1,-1,-1
59,6,51.13,346.12,24.35,49.25,0.34,-1,-1,-1
59,9,488.08,346.01,22.59,58.71,0.84,-1,-1,-1
59,10,511.21,347.06,20.74,57.30,0.84,-1,-1,-1
59,11,11.28,345.17,21.30,40.88,0.84,-1,-1,-1
59,12,522.52,343.40,28.11,70.04,0.86,-1,-1,-1
59,13,212.31,340.79,21.42,52.82,0.70,-1,-1,-1
59,14,542.14,337.48,37.31,108.41,0.89,-1,-1,-1
59,3,568.48,318.84,43.51,131.45,0.78,-1,-1,-1
60,1,572.70,287.10,97.37,305.08,0.95,-1,-1,-1
60,2,636.14,311.60,245.02,544.36,0.91,-1,-1,-1
60,4,768.82,249.72,132.14,425.66,0.89,-1,-1,-1
60,6,49.70,342.61,25.20,52.47,0.79,-1,-1,-1
60,9,487.68,345.61,22.52,58.62,0.84,-1,-1,-1
60,10,510.68,346.73,20.69,57.23,0.84,-1,-1,-1
60,11,9.76,344.22,21.51,42.15,0.84,-1,-1,-1
60,12,521.08,343.09,29.16,70.50,0.88,-1,-1,-1
60,13,209.52,339.18,20.07,53.66,0.67,-1,-1,-1
60,14,542.36,337.87,36.44,108.24,0.90,-1,-1,-1
60,3,567.85,318.06,44.96,138.91,0.86,-1,-1,-1
61,1,573.65,288.82,95.17,304.18,0.95,-1,-1,-1
61,2,634.79,315.71,245.83,542.61,0.91,-1,-1,-1
61,4,767.94,250.60,134.38,427.65,0.89,-1,-1,-1
61,6,50.48,341.67,24.28,53.02,0.79,-1,-1,-1
61,9,487.02,344.65,22.48,59.43,0.85,-1,-1,-1
61,10,509.94,345.80,20.65,57.44,0.86,-1,-1,-1
61,11,9.14,343.49,21.73,42.58,0.83,-1,-1,-1
61,12,520.29,342.47,29.53,70.59,0.89,-1,-1,-1
61,13,207.94,339.55,18.99,52.73,0.35,-1,-1,-1
61,14,542.47,337.21,36.08,108.66,0.91,-1,-1,-1
61,3,568.20,317.58,45.46,137.44,0.81,-1,-1,-1
62,1,573.63,289.29,94.42,303.34,0.95,-1,-1,-1
62,2,634.87,319.60,246.77,541.78,0.91,-1,-1,-1
62,4,768.14,251.21,135.86,428.86,0.89,-1,-1,-1
62,6,52.01,341.96,22.06,51.73,0.72,-1,-1,-1
62,9,486.77,343.98,22.47,59.71,0.85,-1,-1,-1
62,10,509.07,344.83,21.25,57.81,0.87,-1,-1,-1
62,11,8.54,343.13,21.65,42.14,0.84,-1,-1,-1
62,12,519.40,342.07,30.27,70.31,0.89,-1,-1,-1
62,13,205.61,338.53,18.99,53.26,0.46,-1,-1,-1
62,14,542.50,336.64,36.56,108.79,0.91,-1,-1,-1
62,3,567.40,316.65,46.87,137.99,0.81,-1,-1,-1
63,1,573.56,288.67,94.15,303.23,0.94,-1,-1,-1
63,2,636.68,321.91,245.91,541.20,0.91,-1,-1,-1
63,4,767.60,252.33,138.79,428.71,0.90,-1,-1,-1
63,6,53.27,343.10,19.58,49.72,0.74,-1,-1,-1
63,9,485.76,342.97,23.06,59.82,0.86,-1,-1,-1
63,10,508.43,343.85,21.47,58.25,0.88,-1,-1,-1
63,11,7.76,342.65,21.34,41.07,0.86,-1,-1,-1
63,12,519.33,341.60,29.95,69.61,0.89,-1,-1,-1
63,13,202.19,334.99,20.10,56.13,0.72,-1,-1,-1
63,14,542.79,336.10,36.14,108.54,0.91,-1,-1,-1
63,3,568.24,315.98,45.62,136.41,0.78,-1,-1,-1
63,15,232.42,337.95,22.95,54.90,0.74,-1,-1,-1
64,1,573.55,286.82,94.14,302.85,0.95,-1,-1,-1
64,2,638.32,321.26,246.87,538.88,0.91,-1,-1,-1
64,4,768.88,252.92,139.38,428.51,0.89,-1,-1,-1
64,6,52.36,339.93,21.19,52.27,0.39,-1,-1,-1
64,9,485.46,341.75,23.29,60.14,0.85,-1,-1,-1
64,10,508.27,342.64,21.56,58.70,0.88,-1,-1,-1
64,11,7.11,341.75,21.24,40.95,0.85,-1,-1,-1
64,12,518.51,340.28,30.43,69.63,0.89,-1,-1,-1
64,13,200.24,334.51,20.96,55.73,0.42,-1,-1,-1
64,14,542.65,333.54,36.61,109.92,0.91,-1,-1,-1
64,3,569.21,314.29,45.16,136.35,0.79,-1,-1,-1
64,15,231.39,338.33,21.17,53.84,0.70,-1,-1,-1
65,1,573.99,285.01,93.65,302.29,0.94,-1,-1,-1
65,2,640.94,318.25,248.63,536.04,0.92,-1,-1,-1
65,4,767.29,252.60,143.27,428.65,0.88,-1,-1,-1
65,6,52.20,338.82,21.18,53.21,0.64,-1,-1,-1
65,9,484.91,340.69,23.99,60.58,0.86,-1,-1,-1
65,10,508.38,341.74,21.02,58.30,0.87,-1,-1,-1
65,11,6.88,341.46,20.46,40.03,0.85,-1,-1,-1
65,12,517.48,339.48,31.21,69.68,0.89,-1,-1,-1
65,13,196.43,333.49,23.85,56.18,0.78,-1,-1,-1
65,14,543.07,332.57,36.82,109.89,0.91,-1,-1,-1
65,3,570.94,313.19,45.04,138.48,0.40,-1,-1,-1
65,15,229.84,336.73,21.10,54.35,0.24,-1,-1,-1
66,1,573.82,281.86,93.82,299.12,0.95,-1,-1,-1
66,2,642.45,312.82,244.56,529.25,0.91,-1,-1,-1
66,4,767.44,251.23,144.92,432.04,0.89,-1,-1,-1
66,6,53.11,339.10,20.15,50.59,0.64,-1,-1,-1
66,9,484.12,339.83,24.20,60.42,0.85,-1,-1,-1
66,10,507.83,340.50,20.76,58.42,0.86,-1,-1,-1
66,11,6.05,339.95,19.69,39.37,0.84,-1,-1,-1
66,12,516.20,338.58,32.02,69.67,0.88,-1,-1,-1
66,13,192.86,338.81,26.30,49.80,0.38,-1,-1,-1
66,14,542.90,331.48,36.80,109.52,0.91,-1,-1,-1
66,3,572.45,311.79,45.47,145.88,0.44,-1,-1,-1
67,1,572.96,278.27,94.61,293.77,0.94,-1,-1,-1
67,2,642.25,305.18,249.83,528.39,0.92,-1,-1,-1
67,4,768.53,249.15,146.26,433.90,0.88,-1,-1,-1
67,6,53.35,338.81,20.33,50.46,0.76,-1,-1,-1
67,9,483.67,339.10,24.29,60.36,0.86,-1,-1,-1
67,10,507.78,339.32,20.68,58.76,0.87,-1,-1,-1
67,11,6.13,339.27,19.59,39.44,0.84,-1,-1,-1
67,12,515.57,337.07,32.35,69.97,0.88,-1,-1,-1
67,13,190.61,333.32,27.71,54.12,0.74,-1,-1,-1
67,14,542.98,330.34,36.83,108.79,0.92,-1,-1,-1
68,1,572.86,274.00,95.51,294.59,0.94,-1,-1,-1
68,2,641.79,298.06,249.36,528.52,0.91,-1,-1,-1
68,4,770.60,245.60,146.72,435.60,0.88,-1,-1,-1
68,6,54.34,336.70,21.55,51.59,0.84,-1,-1,-1
68,9,483.50,338.44,23.73,60.01,0.85,-1,-1,-1
68,10,507.45,338.04,20.65,59.46,0.85,-1,-1,-1
68,11,5.48,338.36,19.48,39.45,0.84,-1,-1,-1
68,12,515.32,336.12,31.29,69.76,0.87,-1,-1,-1
68,13,188.60,331.67,29.41,55.22,0.33,-1,-1,-1
68,14,542.37,328.93,37.43,109.07,0.92,-1,-1,-1
69,1,573.25,270.84,97.18,296.71,0.94,-1,-1,-1
69,2,640.89,290.53,253.02,534.95,0.92,-1,-1,-1
69,4,768.67,241.56,151.21,437.58,0.89,-1,-1,-1
69,6,54.41,335.11,25.18,52.33,0.85,-1,-1,-1
69,9,483.26,338.31,23.54,58.70,0.83,-1,-1,-1
69,10,506.85,336.78,21.27,60.04,0.85,-1,-1,-1
69,11,5.48,337.83,19.24,40.08,0.82,-1,-1,-1
69,12,515.68,334.97,30.30,70.00,0.86,-1,-1,-1
69,14,541.98,327.30,38.90,109.52,0.92,-1,-1,-1
69,3,577.08,311.47,46.61,144.89,0.60,-1,-1,-1
70,1,573.65,268.45,97.76,298.63,0.94,-1,-1,-1
70,2,640.52,285.50,253.10,537.48,0.93,-1,-1,-1
70,4,766.76,238.41,155.13,437.47,0.88,-1,-1,-1
70,6,53.65,333.45,27.81,52.90,0.86,-1,-1,-1
70,9,482.84,337.30,23.45,58.52,0.84,-1,-1,-1
70,10,506.90,335.51,20.90,59.97,0.86,-1,-1,-1
70,11,4.87,336.85,18.46,40.03,0.82,-1,-1,-1
70,12,515.50,333.89,29.91,70.11,0.88,-1,-1,-1
70,14,541.80,326.04,38.84,109.70,0.92,-1,-1,-1
70,3,578.09,310.59,46.83,145.23,0.66,-1,-1,-1
71,1,573.35,266.79,99.31,300.72,0.94,-1,-1,-1
71,2,637.59,281.97,258.76,549.40,0.93,-1,-1,-1
71,4,776.20,236.13,148.07,431.88,0.88,-1,-1,-1
71,6,53.10,332.83,28.90,52.54,0.85,-1,-1,-1
71,9,482.52,336.04,23.45,58.48,0.81,-1,-1,-1
71,10,507.06,334.45,20.78,60.26,0.85,-1,-1,-1
71,11,4.29,336.34,17.94,40.03,0.81,-1,-1,-1
71,12,514.68,332.45,31.00,70.48,0.88,-1,-1,-1
71,14,541.88,324.83,39.45,109.82,0.92,-1,-1,-1
71,3,578.60,308.75,48.16,148.09,0.76,-1,-1,-1
72,1,572.94,267.20,99.65,300.62,0.95,-1,-1,-1
72,2,635.53,280.98,265.05,552.59,0.93,-1,-1,-1
72,4,781.86,233.71,144.19,426.92,0.88,-1,-1,-1
72,6,53.72,331.81,29.05,52.64,0.85,-1,-1,-1
72,9,481.61,334.96,23.99,58.11,0.84,-1,-1,-1
72,10,506.60,333.91,20.69,59.71,0.84,-1,-1,-1
72,11,3.87,335.77,18.24,40.29,0.83,-1,-1,-1
72,12,513.27,331.47,31.33,71.15,0.88,-1,-1,-1
72,14,541.34,324.56,40.17,110.05,0.92,-1,-1,-1
72,3,578.76,310.62,50.88,150.47,0.13,-1,-1,-1
73,1,573.38,268.38,99.92,301.34,0.95,-1,-1,-1
73,2,634.87,282.13,266.05,548.82,0.93,-1,-1,-1
73,4,788.13,231.97,140.56,423.00,0.88,-1,-1,-1
73,6,53.42,331.78,28.91,51.86,0.82,-1,-1,-1
73,9,481.45,334.59,23.64,58.07,0.85,-1,-1,-1
73,10,506.05,333.31,21.29,59.88,0.85,-1,-1,-1
73,11,3.06,335.61,18.19,39.56,0.84,-1,-1,-1
73,12,512.67,331.29,32.10,70.91,0.88,-1,-1,-1
73,14,541.41,324.49,40.50,110.29,0.92,-1,-1,-1
74,1,573.81,270.48,100.52,300.96,0.95,-1,-1,-1
74,2,635.18,285.04,268.55,544.09,0.92,-1,-1,-1
74,4,792.75,231.69,137.87,420.72,0.89,-1,-1,-1
74,6,52.03,331.34,30.95,52.14,0.84,-1,-1,-1
74,9,481.09,334.11,24.08,58.94,0.86,-1,-1,-1
74,10,505.83,333.64,20.90,59.33,0.85,-1,-1,-1
74,11,2.30,335.40,18.53,39.27,0.82,-1,-1,-1
74,12,512.44,330.89,32.36,71.40,0.86,-1,-1,-1
74,14,541.41,324.29,40.58,110.96,0.92,-1,-1,-1
75,1,573.59,272.72,101.33,299.63,0.94,-1,-1,-1
75,2,633.16,288.98,268.23,545.40,0.91,-1,-1,-1
75,4,796.42,231.42,135.36,421.84,0.90,-1,-1,-1
75,6,50.56,330.96,32.07,52.25,0.86,-1,-1,-1
75,9,480.90,333.57,23.64,58.68,0.86,-1,-1,-1
75,10,505.09,333.86,21.35,58.22,0.84,-1,-1,-1
75,11,1.05,334.94,19.05,39.47,0.82,-1,-1,-1
75,12,512.00,330.98,32.45,71.28,0.86,-1,-1,-1
75,14,540.74,324.45,41.19,110.91,0.92,-1,-1,-1
75,13,175.16,325.60,22.62,55.83,0.80,-1,-1,-1
76,1,573.49,274.50,101.64,298.77,0.95,-1,-1,-1
76,2,631.50,294.24,266.88,542.61,0.90,-1,-1,-1
76,4,796.72,231.07,136.00,424.88,0.90,-1,-1,-1
76,6,49.96,328.97,32.10,54.06,0.87,-1,-1,-1
76,9,480.85,332.95,23.48,58.86,0.86,-1,-1,-1
76,10,504.53,333.38,21.52,58.09,0.85,-1,-1,-1
76,11,0.24,334.41,19.13,39.54,0.81,-1,-1,-1
76,12,511.57,330.75,32.48,70.92,0.87,-1,-1,-1
76,14,540.20,324.54,42.01,110.56,0.92,-1,-1,-1
76,13,174.28,324.92,22.93,56.17,0.82,-1,-1,-1
77,1,574.25,275.62,100.61,298.87,0.95,-1,-1,-1
77,2,632.28,299.07,263.39,541.77,0.90,-1,-1,-1
77,4,798.66,231.37,134.23,426.98,0.90,-1,-1,-1
77,6,50.33,327.94,31.37,54.99,0.84,-1,-1,-1
77,9,480.24,331.69,24.02,59.79,0.86,-1,-1,-1
77,10,504.02,332.46,21.59,58.31,0.85,-1,-1,-1
77,11,-0.30,333.48,19.18,40.44,0.77,-1,-1,-1
77,12,511.40,329.93,32.49,70.73,0.87,-1,-1,-1
77,14,539.37,324.28,42.91,110.05,0.92,-1,-1,-1
77,13,172.33,323.76,21.89,56.85,0.80,-1,-1,-1
77,15,203.23,325.79,24.96,56.25,0.82,-1,-1,-1
77,3,580.86,303.11,51.38,147.74,0.75,-1,-1,-1
78,1,574.28,276.21,100.12,299.05,0.95,-1,-1,-1
78,2,628.76,303.76,270.27,542.03,0.91,-1,-1,-1
78,4,798.51,232.37,135.59,429.46,0.90,-1,-1,-1
78,6,51.58,328.58,28.91,53.30,0.79,-1,-1,-1
78,9,479.72,331.39,23.62,60.17,0.84,-1,-1,-1
78,10,503.83,332.13,21.60,58.42,0.84,-1,-1,-1
78,11,-0.80,332.66,18.84,40.21,0.77,-1,-1,-1
78,12,511.65,329.79,31.88,70.10,0.86,-1,-1,-1
78,14,538.48,324.66,43.81,109.31,0.92,-1,-1,-1
78,13,170.06,323.37,21.37,56.23,0.70,-1,-1,-1
78,15,200.74,325.61,24.32,55.37,0.69,-1,-1,-1
78,3,580.51,302.22,50.70,138.51,0.63,-1,-1,-1
79,1,573.90,275.71,99.95,298.18,0.95,-1,-1,-1
79,2,624.13,304.63,271.05,544.25,0.90,-1,-1,-1
79,4,798.26,232.48,136.74,431.35,0.89,-1,-1,-1
79,6,53.46,328.21,26.31,52.62,0.84,-1,-1,-1
79,9,479.47,330.73,23.46,60.29,0.85,-1,-1,-1
79,10,503.41,331.16,21.60,58.75,0.85,-1,-1,-1
79,11,-1.54,331.42,18.84,41.60,0.79,-1,-1,-1
79,12,511.40,329.49,31.64,69.24,0.87,-1,-1,-1
79,14,537.48,324.39,43.55,108.71,0.92,-1,-1,-1
79,13,168.32,323.02,19.80,55.38,0.78,-1,-1,-1
79,15,199.49,325.01,26.17,55.07,0.67,-1,-1,-1
79,3,579.41,301.51,50.49,133.61,0.75,-1,-1,-1
80,1,573.42,273.89,99.29,297.23,0.95,-1,-1,-1
80,2,620.28,302.56,273.65,545.76,0.91,-1,-1,-1
80,4,796.26,232.27,138.39,432.74,0.90,-1,-1,-1
80,6,55.96,327.68,23.14,52.35,0.79,-1,-1,-1
80,9,478.78,330.07,23.40,60.03,0.85,-1,-1,-1
80,10,503.25,329.94,21.01,59.17,0.86,-1,-1,-1
80,11,-2.30,330.11,18.21,41.52,0.74,-1,-1,-1
80,12,511.00,327.91,31.55,69.82,0.87,-1,-1,-1
80,14,536.79,323.13,42.84,108.48,0.91,-1,-1,-1
80,13,165.86,322.05,20.71,55.95,0.82,-1,-1,-1
80,15,197.25,324.24,21.80,53.45,0.59,-1,-1,-1
80,3,579.85,300.24,51.00,129.14,0.40,-1,-1,-1
81,1,573.54,271.48,97.86,293.90,0.95,-1,-1,-1
81,2,617.99,298.09,273.44,544.98,0.91,-1,-1,-1
81,4,790.40,231.68,142.31,432.66,0.90,-1,-1,-1
81,6,57.73,325.96,21.67,53.15,0.80,-1,-1,-1
81,9,477.94,330.07,23.39,59.33,0.84,-1,-1,-1
81,10,502.91,328.68,21.39,59.63,0.85,-1,-1,-1
81,11,-3.02,327.95,18.27,43.26,0.70,-1,-1,-1
81,12,509.98,326.37,31.52,71.23,0.89,-1,-1,-1
81,14,535.36,321.99,43.16,108.09,0.92,-1,-1,-1
81,13,162.31,322.25,22.84,54.97,0.84,-1,-1,-1
81,15,194.93,322.25,22.89,55.27,0.51,-1,-1,-1
81,3,581.79,299.87,49.42,128.82,0.41,-1,-1,-1
82,1,573.04,267.84,96.73,290.97,0.95,-1,-1,-1
82,2,624.69,292.17,265.63,532.95,0.92,-1,-1,-1
82,4,787.71,230.84,140.85,432.18,0.90,-1,-1,-1
82,6,58.28,324.22,21.04,53.76,0.84,-1,-1,-1
82,9,477.97,329.77,22.79,58.79,0.84,-1,-1,-1
82,10,502.83,328.05,20.93,59.22,0.85,-1,-1,-1
82,11,-3.62,327.66,18.03,42.76,0.73,-1,-1,-1
82,12,509.35,325.04,31.51,71.19,0.88,-1,-1,-1
82,14,534.29,320.50,43.28,108.00,0.92,-1,-1,-1
82,13,160.44,321.85,23.18,54.61,0.64,-1,-1,-1
82,15,192.72,321.63,23.25,55.95,0.23,-1,-1,-1
82,3,580.46,299.58,50.03,128.21,0.31,-1,-1,-1
83,1,572.77,264.67,95.76,289.63,0.95,-1,-1,-1
83,2,625.40,285.50,262.61,523.47,0.92,-1,-1,-1
83,4,783.70,228.74,143.62,430.00,0.89,-1,-1,-1
83,6,58.68,323.30,21.09,53.64,0.82,-1,-1,-1
83,9,477.12,329.19,23.17,58.83,0.83,-1,-1,-1
83,10,502.21,326.75,20.77,59.31,0.85,-1,-1,-1
83,11,-5.79,324.51,19.89,45.47,0.58,-1,-1,-1
83,12,510.02,324.07,29.72,70.51,0.87,-1,-1,-1
83,14,533.28,319.01,43.91,107.86,0.92,-1,-1,-1
83,13,154.48,320.32,28.37,55.63,0.84,-1,-1,-1
83,15,190.51,320.04,22.79,56.75,0.75,-1,-1,-1
83,3,577.50,299.30,50.26,128.23,0.55,-1,-1,-1
84,1,572.50,261.81,94.24,288.25,0.95,-1,-1,-1
84,2,621.67,277.91,267.61,524.30,0.91,-1,-1,-1
84,4,783.42,225.91,144.99,432.35,0.90,-1,-1,-1
84,6,58.75,322.12,21.29,54.53,0.85,-1,-1,-1
84,9,476.25,328.22,23.32,58.31,0.84,-1,-1,-1
84,10,501.76,325.52,20.72,59.69,0.86,-1,-1,-1
84,11,-6.12,324.97,18.84,43.62,0.69,-1,-1,-1
84,12,510.68,323.56,28.43,70.02,0.87,-1,-1,-1
84,14,532.13,317.26,44.75,108.82,0.92,-1,-1,-1
84,13,150.62,319.38,30.53,55.77,0.76,-1,-1,-1
84,15,187.67,321.15,24.72,55.03,0.22,-1,-1,-1
84,3,576.20,298.42,50.37,129.33,0.39,-1,-1,-1
85,1,572.11,259.93,93.02,286.18,0.95,-1,-1,-1
85,2,622.07,271.31,265.74,524.50,0.92,-1,-1,-1
85,4,782.96,222.95,146.87,434.78,0.91,-1,-1,-1
85,6,58.64,320.65,22.97,55.73,0.85,-1,-1,-1
85,9,475.98,326.99,23.37,57.79,0.84,-1,-1,-1
85,10,501.33,324.66,20.68,59.82,0.86,-1,-1,-1
85,11,-6.35,325.33,18.29,42.53,0.64,-1,-1,-1
85,12,510.96,322.83,27.35,69.81,0.87,-1,-1,-1
85,14,531.14,315.91,45.62,109.74,0.92,-1,-1,-1
85,13,147.03,318.89,33.25,56.09,0.84,-1,-1,-1
85,15,184.85,319.05,29.61,56.14,0.63,-1,-1,-1
85,3,575.12,297.56,50.98,130.34,0.35,-1,-1,-1
86,1,571.63,258.95,92.38,286.43,0.95,-1,-1,-1
86,2,622.54,265.79,263.42,536.10,0.92,-1,-1,-1
86,4,782.22,220.53,148.42,435.21,0.91,-1,-1,-1
86,6,58.41,322.06,23.69,53.25,0.82,-1,-1,-1
86,9,475.52,326.31,23.34,57.32,0.85,-1,-1,-1
86,10,500.50,324.59,20.63,59.28,0.85,-1,-1,-1
86,11,-7.66,324.74,18.92,42.12,0.54,-1,-1,-1
86,12,510.68,322.51,26.92,69.76,0.87,-1,-1,-1
86,14,530.41,315.08,45.27,110.13,0.92,-1,-1,-1
86,13,144.29,317.64,34.84,56.84,0.76,-1,-1,-1
86,15,182.13,319.17,25.77,55.10,0.61,-1,-1,-1
86,3,574.36,297.09,51.11,130.80,0.32,-1,-1,-1
87,1,570.81,258.75,92.25,285.49,0.95,-1,-1,-1
87,2,618.20,262.89,265.09,547.20,0.92,-1,-1,-1
87,4,780.12,218.52,152.66,434.56,0.90,-1,-1,-1
87,6,56.30,322.80,26.78,51.95,0.82,-1,-1,-1
87,9,474.73,325.47,23.95,57.75,0.86,-1,-1,-1
87,10,500.18,324.13,20.03,59.37,0.85,-1,-1,-1
87,11,-7.70,324.23,18.23,41.37,0.62,-1,-1,-1
87,12,509.34,321.81,27.42,70.03,0.86,-1,-1,-1
87,14,529.84,314.63,45.15,109.67,0.92,-1,-1,-1
87,13,142.45,317.57,35.47,56.22,0.86,-1,-1,-1
87,15,179.44,322.33,26.70,50.47,0.36,-1,-1,-1
87,3,573.45,296.75,51.19,130.09,0.38,-1,-1,-1
88,1,570.00,262.34,91.69,283.55,0.95,-1,-1,-1
88,2,618.20,261.74,262.86,552.03,0.92,-1,-1,-1
88,4,777.40,216.38,154.04,433.81,0.90,-1,-1,-1
88,6,54.64,321.26,29.73,52.99,0.85,-1,-1,-1
88,9,474.55,324.48,23.59,58.21,0.87,-1,-1,-1
88,10,499.87,323.43,19.82,59.11,0.85,-1,-1,-1
88,11,-7.92,323.61,17.38,41.09,0.44,-1,-1,-1
88,12,508.05,321.16,28.22,69.84,0.87,-1,-1,-1
88,14,529.45,313.77,44.53,110.09,0.92,-1,-1,-1
88,13,140.80,316.64,35.57,56.28,0.82,-1,-1,-1
88,15,176.20,319.66,27.32,52.43,0.58,-1,-1,-1
88,3,572.92,296.21,51.85,131.96,0.48,-1,-1,-1
89,1,569.22,262.40,91.57,284.23,0.95,-1,-1,-1
89,2,616.90,263.37,260.41,552.97,0.93,-1,-1,-1
89,4,775.74,214.48,152.00,430.59,0.91,-1,-1,-1
89,6,53.19,319.60,31.99,54.89,0.86,-1,-1,-1
89,9,474.56,324.20,23.47,58.43,0.87,-1,-1,-1
89,10,498.94,323.41,20.37,58.74,0.85,-1,-1,-1
89,12,507.37,321.15,28.55,69.81,0.87,-1,-1,-1
89,14,529.43,313.69,43.71,110.61,0.93,-1,-1,-1
89,13,139.23,316.25,35.02,56.63,0.80,-1,-1,-1
89,15,172.72,318.52,26.69,53.44,0.71,-1,-1,-1
89,3,572.86,295.19,52.13,134.24,0.44,-1,-1,-1
90,1,568.64,262.55,90.38,286.25,0.95,-1,-1,-1
90,2,617.96,267.02,258.38,551.03,0.92,-1,-1,-1
90,4,776.38,213.60,145.26,426.65,0.91,-1,-1,-1
90,6,52.40,319.27,33.24,55.62,0.88,-1,-1,-1
90,9,474.27,323.94,23.43,58.82,0.87,-1,-1,-1
90,10,498.60,323.69,20.58,58.32,0.84,-1,-1,-1
90,12,506.22,321.15,29.29,69.82,0.88,-1,-1,-1
90,14,528.54,314.40,44.01,110.23,0.93,-1,-1,-1
90,13,137.81,316.25,33.61,56.77,0.83,-1,-1,-1
90,15,169.01,318.38,26.58,53.84,0.75,-1,-1,-1
90,3,573.74,294.18,52.25,138.71,0.24,-1,-1,-1
91,1,567.84,264.28,89.29,286.84,0.95,-1,-1,-1
91,2,611.47,271.81,262.33,545.66,0.91,-1,-1,-1
91,4,773.30,212.96,142.56,427.33,0.91,-1,-1,-1
91,6,52.41,319.25,32.64,55.60,0.87,-1,-1,-1
91,9,473.60,323.41,24.00,59.26,0.87,-1,-1,-1
91,10,497.91,323.66,20.65,58.16,0.84,-1,-1,-1
91,12,504.93,320.86,30.15,70.41,0.89,-1,-1,-1
91,14,527.94,315.44,44.10,109.47,0.93,-1,-1,-1
91,13,136.51,315.91,32.71,56.52,0.81,-1,-1,-1
91,15,164.81,317.85,26.51,53.99,0.76,-1,-1,-1
92,1,566.25,266.71,88.93,284.81,0.95,-1,-1,-1
92,2,600.63,276.93,284.04,546.47,0.90,-1,-1,-1
92,4,771.68,212.02,138.57,431.31,0.91,-1,-1,-1
92,6,53.28,319.77,30.76,54.95,0.87,-1,-1,-1
92,9,473.03,322.88,24.22,59.69,0.87,-1,-1,-1
92,10,497.02,323.62,20.08,58.36,0.84,-1,-1,-1
92,12,503.52,320.57,30.47,70.59,0.89,-1,-1,-1
92,14,527.68,315.80,43.53,109.71,0.92,-1,-1,-1
92,13,135.29,317.93,32.50,53.99,0.70,-1,-1,-1
92,15,164.05,317.84,25.88,54.31,0.78,-1,-1,-1
93,1,565.11,266.53,88.84,283.26,0.95,-1,-1,-1
93,2,595.79,281.18,289.23,551.46,0.91,-1,-1,-1
93,4,768.39,211.66,138.36,435.39,0.91,-1,-1,-1
93,6,53.41,319.85,30.00,54.68,0.87,-1,-1,-1
93,9,472.28,322.66,24.89,59.83,0.88,-1,-1,-1
93,10,496.15,323.72,20.47,58.13,0.84,-1,-1,-1
93,12,503.05,320.57,30.01,70.35,0.88,-1,-1,-1
93,14,527.94,315.74,42.72,110.08,0.93,-1,-1,-1
93,13,133.16,317.51,30.63,54.84,0.51,-1,-1,-1
93,15,163.17,317.40,24.28,54.42,0.76,-1,-1,-1
94,1,563.57,266.20,89.51,282.06,0.94,-1,-1,-1
94,2,592.01,284.77,280.26,552.62,0.91,-1,-1,-1
94,4,766.45,211.26,138.42,438.71,0.91,-1,-1,-1
94,6,54.34,320.34,27.49,53.99,0.85,-1,-1,-1
94,9,471.18,322.24,25.75,60.20,0.87,-1,-1,-1
94,10,495.59,323.10,20.64,58.67,0.85,-1,-1,-1
94,12,502.35,320.07,29.85,70.58,0.88,-1,-1,-1
94,14,527.82,315.80,41.85,109.66,0.93,-1,-1,-1
94,13,131.69,316.30,26.40,55.47,0.34,-1,-1,-1
94,15,161.60,317.08,24.14,55.07,0.76,-1,-1,-1
95,1,562.65,266.66,89.13,277.90,0.94,-1,-1,-1
95,2,588.19,286.09,275.83,549.77,0.92,-1,-1,-1
95,4,762.91,211.32,140.79,440.48,0.92,-1,-1,-1
95,6,56.26,320.04,25.11,54.00,0.85,-1,-1,-1
95,9,470.15,322.05,26.65,60.01,0.87,-1,-1,-1
95,10,494.77,322.84,20.69,58.54,0.85,-1,-1,-1
95,12,502.07,319.56,29.77,70.93,0.88,-1,-1,-1
95,14,527.74,315.50,40.90,109.74,0.93,-1,-1,-1
95,13,130.66,316.25,23.68,55.38,0.63,-1,-1,-1
95,15,159.64,316.04,23.48,55.88,0.80,-1,-1,-1
95,3,601.33,301.30,48.14,136.04,0.80,-1,-1,-1
96,1,561.10,265.91,90.21,277.56,0.94,-1,-1,-1
96,2,590.14,284.14,267.54,545.02,0.92,-1,-1,-1
96,4,762.79,210.39,140.50,443.23,0.92,-1,-1,-1
96,6,57.74,318.73,23.15,54.90,0.83,-1,-1,-1
96,9,469.76,322.27,26.41,59.63,0.87,-1,-1,-1
96,10,494.46,322.28,20.11,58.79,0.85,-1,-1,-1
96,12,501.67,319.06,29.74,71.05,0.87,-1,-1,-1
96,14,527.41,315.22,40.55,109.46,0.92,-1,-1,-1
96,13,129.87,319.08,20.21,52.35,0.31,-1,-1,-1
96,15,157.05,314.91,23.99,56.48,0.81,-1,-1,-1
96,3,604.22,301.49,47.74,135.29,0.81,-1,-1,-1
97,1,558.30,264.54,91.18,275.33,0.95,-1,-1,-1
97,2,587.81,279.14,264.85,545.80,0.92,-1,-1,-1
97,4,759.81,209.61,143.34,446.43,0.91,-1,-1,-1
97,6,58.30,318.08,22.31,54.89,0.84,-1,-1,-1
97,9,468.94,321.86,26.28,59.44,0.86,-1,-1,-1
97,10,493.65,321.27,20.48,59.14,0.86,-1,-1,-1
97,12,500.83,318.82,29.71,70.74,0.87,-1,-1,-1
97,14,527.16,314.31,39.81,109.58,0.91,-1,-1,-1
97,13,127.35,315.86,21.43,55.14,0.83,-1,-1,-1
97,15,154.95,314.17,22.98,56.95,0.77,-1,-1,-1
97,3,605.58,302.39,46.98,132.84,0.77,-1,-1,-1
98,1,556.35,261.98,92.24,275.81,0.95,-1,-1,-1
98,2,583.71,272.40,265.33,547.69,0.93,-1,-1,-1
98,4,759.46,208.08,144.56,448.46,0.92,-1,-1,-1
98,6,58.42,317.10,22.22,55.22,0.79,-1,-1,-1
98,9,468.84,321.38,25.66,59.11,0.85,-1,-1,-1
98,10,492.99,320.26,21.24,59.32,0.87,-1,-1,-1
98,12,500.46,318.10,29.73,70.68,0.87,-1,-1,-1
98,14,527.32,313.48,38.99,108.81,0.91,-1,-1,-1
98,13,124.75,313.69,23.02,56.75,0.84,-1,-1,-1
98,15,153.14,313.60,25.05,57.46,0.77,-1,-1,-1
98,3,608.09,305.36,44.95,129.94,0.47,-1,-1,-1
99,1,554.74,258.97,93.25,277.22,0.95,-1,-1,-1
99,2,575.37,263.79,272.10,552.70,0.92,-1,-1,-1
99,4,756.70,206.08,147.99,450.64,0.90,-1,-1,-1
99,6,58.49,316.79,22.13,55.04,0.75,-1,-1,-1
99,9,468.81,321.10,25.42,59.28,0.85,-1,-1,-1
99,10,492.45,319.19,21.52,59.97,0.86,-1,-1,-1
99,12,500.02,316.98,29.74,70.65,0.88,-1,-1,-1
99,14,526.77,312.16,39.91,109.12,0.91,-1,-1,-1
99,13,122.67,312.32,24.52,57.95,0.82,-1,-1,-1
99,15,151.35,313.15,25.35,57.05,0.73,-1,-1,-1
99,3,608.25,305.87,45.44,129.77,0.55,-1,-1,-1
100,1,553.90,253.50,93.65,279.21,0.94,-1,-1,-1
100,2,572.36,256.11,272.93,551.16,0.93,-1,-1,-1
100,4,756.37,203.99,149.31,451.10,0.91,-1,-1,-1
100,6,59.11,316.06,22.35,54.99,0.81,-1,-1,-1
100,9,468.22,320.69,25.92,59.37,0.86,-1,-1,-1
100,10,492.26,318.19,21.63,61.13,0.86,-1,-1,-1
100,12,498.70,316.42,30.94,70.96,0.88,-1,-1,-1
100,14,526.59,310.47,39.07,109.56,0.91,-1,-1,-1
100,13,118.75,311.34,26.73,58.72,0.81,-1,-1,-1
100,15,149.25,312.38,23.40,56.89,0.63,-1,-1,-1
100,3,614.03,307.83,39.60,108.40,0.33,-1,-1,-1
101,1,552.19,249.73,97.99,285.17,0.94,-1,-1,-1
101,2,571.69,247.65,272.13,555.65,0.92,-1,-1,-1
101,4,758.09,202.22,147.52,451.71,0.92,-1,-1,-1
101,6,59.85,315.22,24.34,55.26,0.86,-1,-1,-1
101,9,468.08,320.47,25.53,59.09,0.87,-1,-1,-1
101,10,491.69,317.30,21.69,61.84,0.85,-1,-1,-1
101,12,497.70,315.68,31.40,71.36,0.90,-1,-1,-1
101,14,526.29,308.86,39.39,110.31,0.91,-1,-1,-1
101,13,115.34,310.84,27.56,58.70,0.84,-1,-1,-1
101,15,147.84,312.10,22.94,57.12,0.70,-1,-1,-1
101,3,617.99,309.11,36.11,92.95,0.34,-1,-1,-1
102,1,550.63,248.41,97.56,281.87,0.92,-1,-1,-1
102,2,572.10,241.81,269.32,555.36,0.93,-1,-1,-1
102,4,758.32,200.80,146.90,453.23,0.92,-1,-1,-1
102,6,59.75,313.49,26.99,56.80,0.88,-1,-1,-1
102,9,467.13,319.88,25.30,59.24,0.85,-1,-1,-1
102,10,491.14,317.22,21.63,61.77,0.85,-1,-1,-1
102,12,496.68,314.93,32.08,72.06,0.89,-1,-1,-1
102,14,525.22,307.81,39.99,110.81,0.90,-1,-1,-1
102,13,111.84,310.49,29.56,58.93,0.86,-1,-1,-1
102,15,146.02,311.55,23.33,57.75,0.69,-1,-1,-1
102,3,618.14,309.28,36.84,91.72,0.31,-1,-1,-1
103,1,548.95,247.56,98.79,286.98,0.94,-1,-1,-1
103,2,569.75,239.14,271.84,558.81,0.94,-1,-1,-1
103,4,757.00,199.90,150.01,455.74,0.90,-1,-1,-1
103,6,59.11,313.00,29.99,57.75,0.88,-1,-1,-1
103,9,467.02,319.38,24.67,59.09,0.85,-1,-1,-1
103,10,490.93,317.37,21.66,60.93,0.85,-1,-1,-1
103,12,496.60,314.37,31.82,72.42,0.89,-1,-1,-1
103,14,524.56,306.52,40.32,112.05,0.90,-1,-1,-1
103,13,107.17,310.79,31.99,58.50,0.86,-1,-1,-1
103,15,143.59,311.48,26.66,57.48,0.61,-1,-1,-1
103,3,614.58,303.88,41.48,116.55,0.64,-1,-1,-1
104,1,547.17,247.86,99.74,288.91,0.94,-1,-1,-1
104,2,569.25,238.68,271.36,561.92,0.93,-1,-1,-1
104,4,758.81,198.16,148.06,456.88,0.90,-1,-1,-1
104,6,59.00,313.00,31.72,57.79,0.89,-1,-1,-1
104,9,466.73,319.44,24.41,58.40,0.87,-1,-1,-1
104,10,490.89,317.23,21.65,60.27,0.85,-1,-1,-1
104,12,496.03,314.26,32.27,72.22,0.89,-1,-1,-1
104,14,524.33,305.86,40.42,112.76,0.90,-1,-1,-1
104,13,104.83,311.25,32.50,58.00,0.87,-1,-1,-1
104,15,140.47,311.94,28.00,56.74,0.73,-1,-1,-1
104,3,611.83,301.86,44.26,129.21,0.67,-1,-1,-1
105,1,545.46,249.56,102.41,289.96,0.93,-1,-1,-1
105,2,570.77,239.72,269.35,564.34,0.93,-1,-1,-1
105,4,760.97,196.59,145.43,459.34,0.91,-1,-1,-1
105,6,58.31,313.11,32.20,58.13,0.88,-1,-1,-1
105,9,466.67,319.83,24.31,58.79,0.87,-1,-1,-1
105,10,490.34,317.87,21.64,60.06,0.84,-1,-1,-1
105,12,497.06,314.90,31.25,72.19,0.88,-1,-1,-1
105,14,524.02,306.75,40.44,112.20,0.90,-1,-1,-1
105,13,102.68,311.84,32.53,57.84,0.84,-1,-1,-1
105,15,138.48,312.84,29.54,55.89,0.56,-1,-1,-1
105,3,612.55,302.13,43.60,130.69,0.38,-1,-1,-1
106,1,544.53,252.51,101.06,289.02,0.93,-1,-1,-1
106,2,569.30,243.98,269.80,565.96,0.92,-1,-1,-1
106,4,764.49,196.06,142.03,459.64,0.92,-1,-1,-1
106,6,57.54,313.65,32.29,57.65,0.89,-1,-1,-1
106,9,466.32,320.02,24.28,58.64,0.87,-1,-1,-1
106,10,490.41,318.44,21.03,59.68,0.84,-1,-1,-1
106,12,497.16,315.34,30.84,71.87,0.88,-1,-1,-1
106,14,523.59,307.75,40.46,111.98,0.90,-1,-1,-1
106,13,100.51,311.66,32.66,58.38,0.87,-1,-1,-1
106,15,138.72,313.37,26.83,55.58,0.65,-1,-1,-1
106,3,611.23,301.11,45.12,136.99,0.56,-1,-1,-1
107,1,543.85,255.55,98.62,287.43,0.93,-1,-1,-1
107,2,565.74,251.16,273.96,565.14,0.92,-1,-1,-1
107,4,768.04,196.20,138.22,457.34,0.93,-1,-1,-1
107,6,57.01,314.35,32.79,57.13,0.88,-1,-1,-1
107,9,465.88,319.86,24.25,59.15,0.86,-1,-1,-1
107,10,490.41,319.33,20.78,59.20,0.83,-1,-1,-1
107,12,497.16,315.88,30.07,71.71,0.88,-1,-1,-1
107,14,523.38,308.81,40.43,111.52,0.90,-1,-1,-1
107,13,99.45,312.82,31.50,57.06,0.81,-1,-1,-1
107,15,136.46,313.47,28.23,56.02,0.38,-1,-1,-1
107,3,612.39,300.66,43.88,130.36,0.64,-1,-1,-1
108,1,543.03,257.96,97.62,287.13,0.93,-1,-1,-1
108,2,562.66,257.28,274.81,561.57,0.92,-1,-1,-1
108,4,767.81,196.28,137.38,452.70,0.93,-1,-1,-1
108,6,56.69,314.59,32.88,57.23,0.88,-1,-1,-1
108,9,465.39,320.00,24.23,59.05,0.86,-1,-1,-1
108,10,490.39,320.01,20.08,58.73,0.84,-1,-1,-1
108,12,497.14,316.59,29.16,71.06,0.88,-1,-1,-1
108,14,522.98,309.72,39.80,111.66,0.90,-1,-1,-1
108,13,98.41,312.95,29.03,57.16,0.63,-1,-1,-1
108,15,133.50,313.04,30.16,57.09,0.50,-1,-1,-1
108,3,613.66,302.34,42.17,119.77,0.74,-1,-1,-1
109,1,541.80,259.19,97.31,287.64,0.93,-1,-1,-1
109,2,560.60,262.77,278.80,559.62,0.90,-1,-1,-1
109,4,768.18,195.78,135.39,449.62,0.93,-1,-1,-1
109,6,57.27,314.85,32.17,57.53,0.86,-1,-1,-1
109,9,464.89,320.08,24.24,59.58,0.86,-1,-1,-1
109,10,490.06,320.29,19.83,58.84,0.84,-1,-1,-1
109,12,496.80,316.57,29.45,71.37,0.87,-1,-1,-1
109,14,522.50,310.23,39.60,111.96,0.91,-1,-1,-1
109,13,97.74,312.69,29.04,57.76,0.35,-1,-1,-1
109,15,132.39,313.31,29.76,57.18,0.26,-1,-1,-1
109,3,614.63,300.99,40.96,117.13,0.77,-1,-1,-1
110,1,540.77,260.96,95.39,286.78,0.93,-1,-1,-1
110,2,554.84,267.20,280.26,558.26,0.91,-1,-1,-1
110,4,765.55,196.09,135.89,447.97,0.93,-1,-1,-1
110,6,57.75,315.08,31.20,57.35,0.86,-1,-1,-1
110,9,464.41,319.94,24.24,59.78,0.87,-1,-1,-1
110,10,489.63,320.67,20.35,58.57,0.85,-1,-1,-1
110,12,496.38,316.85,29.56,70.90,0.87,-1,-1,-1
110,14,521.72,310.55,40.12,112.06,0.91,-1,-1,-1
110,13,97.02,312.42,27.31,58.29,0.77,-1,-1,-1
110,15,131.18,313.84,29.86,57.21,0.60,-1,-1,-1
110,3,613.42,299.30,41.73,122.52,0.79,-1,-1,-1
111,1,539.84,262.70,94.09,284.34,0.93,-1,-1,-1
111,2,547.09,269.03,287.97,564.57,0.90,-1,-1,-1
111,4,763.37,195.57,136.15,449.67,0.93,-1,-1,-1
111,6,58.39,315.41,30.07,57.26,0.86,-1,-1,-1
111,9,464.26,319.94,24.25,59.55,0.86,-1,-1,-1
111,10,489.79,320.56,19.96,59.08,0.83,-1,-1,-1
111,12,496.84,316.70,28.41,70.72,0.86,-1,-1,-1
111,14,520.85,311.17,40.93,111.49,0.90,-1,-1,-1
111,13,95.78,313.75,24.78,56.69,0.73,-1,-1,-1
111,15,132.12,318.74,26.06,52.45,0.53,-1,-1,-1
111,3,612.38,298.59,43.23,124.46,0.78,-1,-1,-1
112,1,538.34,260.17,94.34,282.72,0.93,-1,-1,-1
112,2,542.49,268.45,289.32,559.12,0.92,-1,-1,-1
112,4,758.89,194.69,139.48,451.22,0.94,-1,-1,-1
112,6,59.33,315.75,28.53,56.61,0.86,-1,-1,-1
112,9,464.26,320.25,23.69,58.85,0.86,-1,-1,-1
112,10,489.60,320.36,19.83,58.66,0.83,-1,-1,-1
112,12,496.76,316.79,28.01,70.32,0.88,-1,-1,-1
112,14,519.98,310.93,40.69,110.64,0.90,-1,-1,-1
112,13,93.57,312.20,23.65,57.86,0.72,-1,-1,-1
112,15,124.27,313.25,25.32,57.69,0.76,-1,-1,-1
112,3,612.56,297.81,43.25,125.15,0.72,-1,-1,-1
113,1,537.27,258.56,93.28,278.85,0.92,-1,-1,-1
113,2,538.24,264.40,279.78,558.70,0.93,-1,-1,-1
113,4,754.33,193.58,142.56,454.37,0.93,-1,-1,-1
113,6,60.81,315.73,27.19,56.96,0.79,-1,-1,-1
113,9,464.62,320.50,23.48,58.28,0.86,-1,-1,-1
113,10,489.59,320.11,19.80,58.50,0.82,-1,-1,-1
113,12,497.09,316.95,27.28,69.88,0.86,-1,-1,-1
113,14,519.12,309.91,41.21,111.53,0.88,-1,-1,-1
113,13,90.82,311.78,23.64,58.00,0.39,-1,-1,-1
113,15,120.57,312.27,23.24,57.13,0.61,-1,-1,-1
113,3,613.57,298.09,42.09,122.42,0.61,-1,-1,-1
114,1,535.40,256.08,94.13,278.36,0.93,-1,-1,-1
114,2,534.06,258.31,278.52,551.14,0.93,-1,-1,-1
114,4,748.51,192.64,147.36,456.67,0.94,-1,-1,-1
114,6,63.05,315.42,25.64,57.10,0.69,-1,-1,-1
114,9,464.44,320.70,23.42,58.08,0.86,-1,-1,-1
114,10,489.58,319.51,19.80,58.46,0.82,-1,-1,-1
114,12,496.90,316.20,27.63,70.34,0.87,-1,-1,-1
114,14,518.21,310.07,40.83,109.79,0.87,-1,-1,-1
114,13,88.22,311.92,22.66,58.05,0.41,-1,-1,-1
114,15,119.81,312.18,21.86,56.89,0.19,-1,-1,-1
114,3,614.54,298.91,41.05,120.45,0.41,-1,-1,-1
115,1,533.73,253.90,95.97,278.42,0.92,-1,-1,-1
115,2,528.91,250.99,277.40,542.66,0.93,-1,-1,-1
115,4,741.11,192.08,152.82,459.27,0.94,-1,-1,-1
115,6,64.93,314.95,24.17,56.84,0.51,-1,-1,-1
115,9,463.94,320.62,23.94,58.60,0.86,-1,-1,-1
115,10,489.73,319.16,19.74,58.73,0.79,-1,-1,-1
115,12,496.99,315.95,27.09,70.79,0.87,-1,-1,-1
115,14,517.42,307.93,41.15,111.50,0.86,-1,-1,-1
115,13,86.45,311.35,22.03,58.65,0.57,-1,-1,-1
115,15,120.28,313.19,21.34,55.59,0.18,-1,-1,-1
115,3,613.46,299.38,37.51,116.38,0.11,-1,-1,-1
116,1,532.11,250.50,96.30,280.90,0.89,-1,-1,-1
116,2,523.68,243.71,277.48,545.70,0.93,-1,-1,-1
116,4,732.70,191.19,158.19,460.60,0.94,-1,-1,-1
116,6,67.47,317.63,23.01,54.05,0.24,-1,-1,-1
116,9,464.24,320.31,24.18,59.09,0.87,-1,-1,-1
116,10,490.27,318.88,19.17,59.14,0.79,-1,-1,-1
116,12,496.90,315.86,26.96,70.97,0.87,-1,-1,-1
116,14,516.44,303.99,43.15,115.42,0.86,-1,-1,-1
116,13,85.13,311.15,22.19,58.88,0.59,-1,-1,-1
116,15,118.31,312.66,22.15,56.30,0.47,-1,-1,-1
117,1,530.37,248.75,95.19,281.02,0.89,-1,-1,-1
117,2,518.28,238.02,276.85,548.05,0.94,-1,-1,-1
117,4,726.07,191.30,163.68,462.66,0.94,-1,-1,-1
117,6,69.77,315.64,21.77,55.44,0.63,-1,-1,-1
117,9,464.35,320.15,23.68,59.30,0.86,-1,-1,-1
117,10,490.17,318.44,19.56,59.61,0.79,-1,-1,-1
117,12,495.96,315.19,27.52,71.95,0.87,-1,-1,-1
117,14,515.80,301.30,44.47,118.39,0.84,-1,-1,-1
117,13,81.99,310.36,24.93,59.86,0.83,-1,-1,-1
117,15,116.84,312.96,22.74,56.28,0.65,-1,-1,-1
118,1,528.60,248.84,95.91,281.76,0.88,-1,-1,-1
118,2,509.26,234.57,280.11,556.36,0.94,-1,-1,-1
118,4,723.11,191.53,166.24,464.16,0.94,-1,-1,-1
118,6,70.00,313.88,22.77,57.45,0.36,-1,-1,-1
118,9,464.09,320.20,24.07,58.20,0.87,-1,-1,-1
118,10,490.14,318.39,19.69,59.80,0.79,-1,-1,-1
118,12,495.33,315.36,27.72,72.04,0.87,-1,-1,-1
118,14,515.59,301.44,43.20,118.09,0.84,-1,-1,-1
118,13,79.95,311.11,26.55,59.36,0.38,-1,-1,-1
119,1,526.47,250.62,96.73,285.43,0.88,-1,-1,-1
119,2,501.24,233.28,283.00,570.85,0.93,-1,-1,-1
119,4,722.61,192.77,166.51,462.67,0.94,-1,-1,-1
119,6,71.19,313.09,22.80,58.49,0.61,-1,-1,-1
119,9,464.29,320.12,24.21,58.38,0.88,-1,-1,-1
119,10,490.41,318.29,19.74,60.46,0.81,-1,-1,-1
119,12,495.37,315.78,27.79,71.46,0.87,-1,-1,-1
119,14,516.11,301.89,42.06,117.62,0.83,-1,-1,-1
119,13,79.08,311.87,27.91,58.85,0.21,-1,-1,-1
120,1,524.92,252.62,96.40,285.73,0.87,-1,-1,-1
120,2,491.93,235.05,288.18,576.24,0.93,-1,-1,-1
120,4,721.82,194.45,165.87,462.69,0.94,-1,-1,-1
120,9,464.42,320.21,24.85,59.36,0.87,-1,-1,-1
120,10,490.28,318.83,20.35,60.42,0.81,-1,-1,-1
120,12,495.46,315.92,27.21,72.17,0.87,-1,-1,-1
120,14,516.10,305.50,39.80,112.41,0.83,-1,-1,-1
120,13,73.40,312.36,31.40,59.27,0.53,-1,-1,-1
121,1,524.01,255.53,94.46,280.71,0.87,-1,-1,-1
121,2,480.80,239.58,294.79,574.09,0.93,-1,-1,-1
121,4,720.91,196.35,165.52,464.35,0.94,-1,-1,-1
121,9,464.71,320.44,24.50,59.72,0.87,-1,-1,-1
121,10,490.16,319.68,19.98,60.10,0.82,-1,-1,-1
121,12,495.73,316.91,26.39,71.52,0.87,-1,-1,-1
121,14,515.42,306.34,40.18,110.65,0.77,-1,-1,-1
121,6,71.63,312.99,29.99,59.30,0.73,-1,-1,-1
122,1,523.15,259.13,91.90,279.64,0.88,-1,-1,-1
122,2,470.26,248.73,299.66,570.90,0.93,-1,-1,-1
122,4,717.61,198.84,171.23,466.65,0.93,-1,-1,-1
122,9,465.68,320.94,23.75,59.91,0.88,-1,-1,-1
122,10,489.49,321.02,21.03,60.61,0.81,-1,-1,-1
122,12,495.52,318.01,26.70,71.03,0.85,-1,-1,-1
122,14,515.51,304.06,40.30,114.03,0.72,-1,-1,-1
122,6,70.42,313.75,33.01,59.22,0.74,-1,-1,-1
123,1,521.67,261.62,89.79,280.28,0.87,-1,-1,-1
123,2,461.46,255.94,302.62,569.21,0.92,-1,-1,-1
123,4,712.40,201.18,175.73,466.52,0.92,-1,-1,-1
123,9,465.82,320.90,24.09,60.20,0.88,-1,-1,-1
123,10,490.47,321.42,20.84,59.85,0.77,-1,-1,-1
123,12,495.19,319.07,26.83,70.16,0.85,-1,-1,-1
123,14,517.37,304.02,37.37,109.23,0.10,-1,-1,-1
123,6,70.64,314.59,34.61,59.12,0.80,-1,-1,-1
124,1,519.29,263.53,92.13,278.61,0.87,-1,-1,-1
124,2,453.85,262.62,303.82,573.58,0.92,-1,-1,-1
124,4,710.77,202.38,174.00,463.45,0.93,-1,-1,-1
124,9,466.71,321.29,24.22,60.02,0.88,-1,-1,-1
124,10,490.81,321.53,20.77,61.37,0.65,-1,-1,-1
124,12,495.32,319.28,26.89,70.75,0.84,-1,-1,-1
124,6,72.61,315.67,34.47,58.80,0.82,-1,-1,-1
125,1,518.27,265.93,90.63,275.94,0.86,-1,-1,-1
125,2,451.85,268.56,300.16,582.26,0.92,-1,-1,-1
125,4,706.33,202.73,173.28,460.58,0.93,-1,-1,-1
125,9,467.69,321.99,23.68,59.69,0.87,-1,-1,-1
125,10,491.60,321.97,20.74,61.96,0.59,-1,-1,-1
125,12,494.84,319.75,28.13,70.71,0.84,-1,-1,-1
125,6,72.93,316.73,36.17,58.70,0.85,-1,-1,-1
126,1,517.56,266.95,90.11,274.46,0.85,-1,-1,-1
126,2,448.51,272.28,298.25,578.96,0.92,-1,-1,-1
126,4,702.76,201.76,169.43,461.28,0.94,-1,-1,-1
126,9,468.02,322.40,24.09,59.82,0.86,-1,-1,-1
126,10,492.46,321.08,23.12,64.80,0.43,-1,-1,-1
126,12,494.05,319.45,29.78,71.25,0.85,-1,-1,-1
126,6,74.82,318.00,35.53,58.02,0.83,-1,-1,-1
127,1,516.79,266.73,91.78,274.52,0.85,-1,-1,-1
127,2,447.04,271.70,292.67,574.35,0.93,-1,-1,-1
127,4,696.87,200.51,166.16,464.63,0.94,-1,-1,-1
127,9,469.04,322.75,23.65,59.60,0.86,-1,-1,-1
127,10,493.12,321.82,21.72,60.94,0.20,-1,-1,-1
127,12,493.79,319.39,30.42,71.20,0.84,-1,-1,-1
127,6,75.82,318.06,34.50,57.79,0.81,-1,-1,-1
127,15,97.11,314.52,33.67,59.81,0.73,-1,-1,-1
128,1,515.98,265.35,92.44,281.65,0.84,-1,-1,-1
128,2,448.31,269.56,283.94,575.82,0.93,-1,-1,-1
128,4,692.91,198.43,158.34,470.43,0.94,-1,-1,-1
128,9,470.07,323.12,23.49,59.18,0.84,-1,-1,-1
128,10,493.97,322.19,21.12,59.02,0.16,-1,-1,-1
128,12,494.33,318.99,30.09,71.14,0.83,-1,-1,-1
128,6,79.60,319.02,31.70,56.77,0.82,-1,-1,-1
128,15,96.85,314.73,34.72,59.95,0.18,-1,-1,-1
128,16,67.11,313.65,24.86,60.30,0.79,-1,-1,-1
129,1,515.09,263.95,91.00,273.50,0.83,-1,-1,-1
129,2,450.65,264.12,276.44,572.18,0.93,-1,-1,-1
129,4,686.98,196.28,156.72,475.01,0.94,-1,-1,-1
129,9,471.00,323.75,23.45,58.43,0.84,-1,-1,-1
129,12,495.10,318.72,29.37,71.13,0.84,-1,-1,-1
129,6,71.11,314.99,29.43,59.71,0.82,-1,-1,-1
129,15,91.09,314.95,38.10,60.00,0.24,-1,-1,-1
130,1,514.86,261.42,94.08,288.93,0.80,-1,-1,-1
130,2,449.19,259.18,274.51,569.34,0.94,-1,-1,-1
130,4,682.87,194.11,157.42,477.98,0.94,-1,-1,-1
130,9,472.00,323.38,24.05,59.35,0.83,-1,-1,-1
130,12,495.46,318.77,29.69,70.51,0.84,-1,-1,-1
130,6,68.38,313.72,28.05,60.19,0.82,-1,-1,-1
130,15,89.72,315.53,36.12,59.40,0.59,-1,-1,-1
131,1,514.09,258.40,100.54,303.51,0.74,-1,-1,-1
131,2,448.08,252.19,273.19,568.34,0.93,-1,-1,-1
131,4,680.08,192.70,158.28,481.24,0.94,-1,-1,-1
131,9,473.14,324.38,23.67,57.57,0.84,-1,-1,-1
131,12,495.48,318.59,30.99,70.26,0.80,-1,-1,-1
131,6,67.53,312.92,26.99,60.04,0.81,-1,-1,-1
131,15,91.65,317.09,30.19,57.94,0.62,-1,-1,-1
132,1,511.63,255.85,108.19,327.59,0.64,-1,-1,-1
132,2,448.19,245.75,271.52,573.15,0.93,-1,-1,-1
132,4,681.26,192.14,156.74,484.03,0.94,-1,-1,-1
132,9,473.90,324.12,24.12,58.16,0.85,-1,-1,-1
132,12,496.75,318.65,30.30,67.52,0.71,-1,-1,-1
132,6,66.53,312.58,26.69,60.93,0.76,-1,-1,-1
132,15,94.21,316.72,29.19,57.75,0.74,-1,-1,-1
133,1,504.76,254.47,116.92,336.77,0.28,-1,-1,-1
133,2,450.11,240.43,268.38,574.02,0.93,-1,-1,-1
133,4,681.26,192.30,156.78,486.80,0.94,-1,-1,-1
133,9,475.45,323.75,23.69,58.36,0.84,-1,-1,-1
133,6,64.91,312.98,28.11,60.94,0.79,-1,-1,-1
133,15,97.42,316.79,25.34,58.26,0.76,-1,-1,-1
134,2,452.60,237.98,265.46,574.50,0.93,-1,-1,-1
134,4,681.72,193.57,157.28,488.95,0.93,-1,-1,-1
134,9,476.85,323.70,23.51,58.46,0.82,-1,-1,-1
134,6,65.67,312.82,27.57,61.24,0.76,-1,-1,-1
134,15,100.06,316.64,22.96,58.47,0.77,-1,-1,-1
135,2,455.77,237.77,261.83,578.41,0.93,-1,-1,-1
135,4,681.71,195.53,159.13,490.85,0.94,-1,-1,-1
135,9,478.85,324.17,22.22,57.30,0.74,-1,-1,-1
135,6,66.46,312.85,27.49,61.65,0.81,-1,-1,-1
135,15,103.11,317.11,22.47,58.25,0.77,-1,-1,-1
135,17,-0.27,320.62,19.43,42.75,0.76,-1,-1,-1
136,2,455.62,241.50,259.44,584.26,0.93,-1,-1,-1
136,4,681.18,199.13,160.78,490.56,0.94,-1,-1,-1
136,9,479.23,324.02,22.25,55.56,0.64,-1,-1,-1
136,6,68.15,312.73,27.03,61.39,0.78,-1,-1,-1
136,15,105.65,317.63,25.98,57.13,0.66,-1,-1,-1
136,17,2.10,321.93,19.20,41.70,0.79,-1,-1,-1
137,2,455.81,247.56,259.56,586.96,0.93,-1,-1,-1
137,4,681.61,202.08,164.40,493.52,0.94,-1,-1,-1
137,9,481.16,324.02,22.34,55.07,0.69,-1,-1,-1
137,6,64.59,313.34,29.32,61.73,0.83,-1,-1,-1
137,15,107.85,317.99,28.45,57.18,0.82,-1,-1,-1
137,17,3.74,321.86,18.80,42.27,0.84,-1,-1,-1
137,3,636.38,308.17,43.18,109.93,0.76,-1,-1,-1
138,2,456.12,255.40,259.05,588.69,0.92,-1,-1,-1
138,4,682.23,205.21,166.94,495.86,0.94,-1,-1,-1
138,9,482.34,324.09,23.59,57.60,0.79,-1,-1,-1
138,6,62.46,314.75,30.79,60.34,0.81,-1,-1,-1
138,15,109.61,318.71,30.84,57.19,0.82,-1,-1,-1
138,17,5.91,321.62,19.75,43.45,0.84,-1,-1,-1
138,3,638.51,307.89,43.86,113.18,0.80,-1,-1,-1
139,2,456.46,261.97,257.66,586.75,0.93,-1,-1,-1
139,4,682.66,207.74,168.42,497.01,0.94,-1,-1,-1
139,9,483.24,324.28,24.04,58.82,0.84,-1,-1,-1
139,6,61.84,314.81,31.06,60.70,0.80,-1,-1,-1
139,15,112.12,318.49,31.92,57.49,0.83,-1,-1,-1
139,17,8.06,322.02,20.39,42.45,0.85,-1,-1,-1
139,3,640.61,306.89,43.48,119.26,0.84,-1,-1,-1
140,2,456.91,268.39,256.08,586.54,0.93,-1,-1,-1
140,4,682.53,209.58,169.02,500.39,0.94,-1,-1,-1
140,9,484.74,324.24,24.22,59.87,0.84,-1,-1,-1
140,6,61.68,314.96,34.41,60.79,0.85,-1,-1,-1
140,15,114.11,318.84,31.90,57.90,0.83,-1,-1,-1
140,17,10.79,321.84,20.11,42.73,0.82,-1,-1,-1
140,3,642.81,306.09,42.74,119.99,0.85,-1,-1,-1
140,18,607.50,294.07,52.20,139.95,0.82,-1,-1,-1
141,2,456.70,272.15,254.48,581.65,0.93,-1,-1,-1
141,4,684.28,210.80,165.70,499.90,0.94,-1,-1,-1
141,9,485.89,324.17,24.28,59.87,0.86,-1,-1,-1
141,6,62.40,314.94,34.71,60.44,0.83,-1,-1,-1
141,15,116.31,319.30,31.69,57.95,0.82,-1,-1,-1
141,17,13.80,321.57,19.77,43.07,0.83,-1,-1,-1
141,3,644.26,306.55,42.46,120.30,0.84,-1,-1,-1
141,18,609.12,294.46,52.91,141.15,0.82,-1,-1,-1
142,2,455.71,274.89,255.30,573.00,0.93,-1,-1,-1
142,4,688.48,210.88,160.96,496.55,0.94,-1,-1,-1
142,9,488.24,324.40,23.73,59.66,0.84,-1,-1,-1
142,6,63.40,315.27,33.61,60.10,0.86,-1,-1,-1
142,15,117.83,319.67,29.57,57.76,0.82,-1,-1,-1
142,17,15.44,321.99,20.65,42.30,0.80,-1,-1,-1
142,3,645.12,306.26,43.59,123.56,0.86,-1,-1,-1
142,18,610.80,294.99,53.08,143.62,0.83,-1,-1,-1
143,2,454.66,273.55,254.36,572.22,0.92,-1,-1,-1
143,4,689.96,209.81,156.14,489.97,0.95,-1,-1,-1
143,9,490.16,324.25,23.51,59.78,0.85,-1,-1,-1
143,6,65.15,315.33,32.97,60.17,0.87,-1,-1,-1
143,15,120.90,319.86,32.33,57.29,0.83,-1,-1,-1
143,17,18.59,321.94,20.02,41.64,0.82,-1,-1,-1
143,3,645.95,305.86,44.00,124.58,0.87,-1,-1,-1
143,18,611.82,295.03,52.42,144.54,0.84,-1,-1,-1
144,2,451.33,271.76,254.06,569.37,0.93,-1,-1,-1
144,4,690.29,208.17,152.88,484.37,0.95,-1,-1,-1
144,9,491.66,323.91,24.67,59.86,0.83,-1,-1,-1
144,6,67.01,315.22,30.98,59.95,0.85,-1,-1,-1
144,17,21.06,322.11,19.14,41.13,0.80,-1,-1,-1
144,3,647.77,306.54,44.24,120.54,0.86,-1,-1,-1
144,18,613.94,294.80,51.60,145.16,0.84,-1,-1,-1
145,2,444.23,269.56,257.67,568.60,0.93,-1,-1,-1
145,4,688.83,205.82,149.73,481.41,0.95,-1,-1,-1
145,9,493.46,324.36,23.91,58.04,0.76,-1,-1,-1
145,6,68.64,314.71,29.56,60.11,0.88,-1,-1,-1
145,17,23.76,321.84,19.28,40.91,0.80,-1,-1,-1
145,3,648.65,304.26,44.87,125.19,0.87,-1,-1,-1
145,18,614.92,294.92,51.96,147.14,0.84,-1,-1,-1
146,2,436.35,265.60,261.11,569.08,0.93,-1,-1,-1
146,4,684.49,202.94,150.65,480.45,0.95,-1,-1,-1
146,9,495.09,324.32,23.02,54.64,0.65,-1,-1,-1
146,6,70.13,314.27,27.69,60.18,0.86,-1,-1,-1
146,17,26.32,321.65,19.32,41.15,0.77,-1,-1,-1
146,3,650.27,305.04,45.16,124.52,0.87,-1,-1,-1
146,18,614.03,294.51,54.70,150.34,0.84,-1,-1,-1
147,2,428.27,258.95,264.77,567.80,0.94,-1,-1,-1
147,4,682.13,200.60,149.57,481.46,0.96,-1,-1,-1
147,6,71.50,313.59,25.19,60.50,0.85,-1,-1,-1
147,17,28.83,320.73,19.69,41.85,0.77,-1,-1,-1
147,3,651.51,305.54,44.59,124.47,0.86,-1,-1,-1
147,18,615.94,294.66,54.37,150.45,0.85,-1,-1,-1
148,2,418.73,253.83,271.52,567.48,0.93,-1,-1,-1
148,4,680.06,197.97,149.90,484.63,0.95,-1,-1,-1
148,6,72.81,312.83,23.77,60.96,0.85,-1,-1,-1
148,17,31.06,320.34,19.80,41.53,0.79,-1,-1,-1
148,3,652.18,305.24,44.99,130.49,0.88,-1,-1,-1
148,18,618.05,294.95,54.25,151.12,0.86,-1,-1,-1
149,2,408.45,248.97,278.33,574.09,0.94,-1,-1,-1
149,4,676.98,196.10,151.35,489.21,0.95,-1,-1,-1
149,6,73.98,312.64,22.45,60.84,0.85,-1,-1,-1
149,17,33.59,320.28,19.74,41.42,0.81,-1,-1,-1
149,3,653.35,305.87,43.97,125.69,0.86,-1,-1,-1
149,18,618.22,295.05,55.45,150.72,0.86,-1,-1,-1
