0,1,670.95,218.25,180.90,466.65,0.95,-1,-1,-1
0,2,344.70,206.44,129.60,388.91,0.94,-1,-1,-1
0,3,992.70,356.17,261.00,379.12,0.92,-1,-1,-1
0,4,485.55,218.70,225.90,545.40,0.92,-1,-1,-1
0,5,962.10,364.72,181.80,303.97,0.92,-1,-1,-1
0,6,229.27,237.60,133.20,343.80,0.91,-1,-1,-1
0,7,-25.20,145.12,317.70,724.27,0.90,-1,-1,-1
0,8,439.20,260.10,88.20,237.60,0.89,-1,-1,-1
0,9,661.50,211.39,133.20,346.61,0.88,-1,-1,-1
0,10,-7.58,270.22,32.17,75.15,0.83,-1,-1,-1
1,1,669.81,217.68,183.32,459.54,0.94,-1,-1,-1
1,2,337.61,206.27,130.44,393.89,0.94,-1,-1,-1
1,3,1002.20,357.57,256.41,377.45,0.91,-1,-1,-1
1,4,492.16,217.17,224.44,519.76,0.94,-1,-1,-1
1,5,965.34,366.12,186.56,305.02,0.91,-1,-1,-1
1,6,227.82,237.84,130.14,342.13,0.93,-1,-1,-1
1,7,-29.17,145.95,311.49,733.04,0.88,-1,-1,-1
1,8,434.87,259.36,89.02,243.91,0.89,-1,-1,-1
1,9,663.09,211.20,131.70,345.72,0.87,-1,-1,-1
1,10,-6.52,270.10,27.89,76.73,0.75,-1,-1,-1
2,1,671.34,216.99,183.28,452.71,0.94,-1,-1,-1
2,2,329.82,205.95,135.50,397.09,0.94,-1,-1,-1
2,3,999.71,356.42,267.15,385.62,0.92,-1,-1,-1
2,4,505.19,217.46,214.60,499.64,0.93,-1,-1,-1
2,5,967.43,366.75,188.95,311.52,0.91,-1,-1,-1
2,6,222.06,237.64,131.99,350.86,0.93,-1,-1,-1
2,7,-41.91,136.14,313.10,744.59,0.84,-1,-1,-1
2,8,431.10,258.59,91.21,241.04,0.88,-1,-1,-1
2,9,665.10,210.77,131.62,355.63,0.86,-1,-1,-1
2,11,524.25,286.20,53.10,158.85,0.77,-1,-1,-1
3,1,673.28,214.34,182.19,454.99,0.94,-1,-1,-1
3,2,321.07,205.23,139.36,403.29,0.95,-1,-1,-1
3,3,1007.43,355.63,267.52,384.76,0.92,-1,-1,-1
3,4,519.80,215.16,204.14,495.56,0.93,-1,-1,-1
3,5,969.92,365.82,193.46,312.85,0.91,-1,-1,-1
3,6,218.82,237.48,130.99,344.36,0.93,-1,-1,-1
3,7,-65.54,127.51,325.76,795.48,0.82,-1,-1,-1
3,8,427.22,257.49,93.24,243.53,0.87,-1,-1,-1
3,9,666.45,210.52,131.37,360.96,0.86,-1,-1,-1
3,11,523.92,285.52,55.29,161.42,0.70,-1,-1,-1
4,1,674.19,211.71,181.90,459.08,0.94,-1,-1,-1
4,2,313.46,204.66,142.87,409.23,0.95,-1,-1,-1
4,3,1015.98,357.36,268.78,388.25,0.90,-1,-1,-1
4,4,528.88,211.46,195.87,501.71,0.91,-1,-1,-1
4,5,973.96,366.79,198.83,316.40,0.90,-1,-1,-1
4,6,212.32,237.17,132.62,345.32,0.93,-1,-1,-1
4,7,-85.62,120.13,333.53,840.43,0.80,-1,-1,-1
4,8,423.91,255.89,92.76,239.71,0.87,-1,-1,-1
4,9,667.80,210.06,130.03,363.89,0.85,-1,-1,-1
4,11,524.20,286.45,53.01,156.74,0.77,-1,-1,-1
5,1,674.43,207.53,181.81,465.88,0.94,-1,-1,-1
5,2,306.14,204.25,145.86,415.19,0.95,-1,-1,-1
5,3,1027.71,357.36,270.37,383.60,0.86,-1,-1,-1
5,4,535.51,209.66,192.33,505.43,0.92,-1,-1,-1
5,5,977.81,370.99,196.78,310.49,0.91,-1,-1,-1
5,6,204.60,236.11,136.39,357.94,0.93,-1,-1,-1
5,7,-118.54,111.20,352.35,887.64,0.78,-1,-1,-1
5,8,419.51,254.59,93.63,240.19,0.88,-1,-1,-1
5,9,668.49,209.28,128.94,364.71,0.84,-1,-1,-1
5,11,523.19,286.38,52.89,154.80,0.79,-1,-1,-1
6,1,676.69,206.00,179.84,469.58,0.93,-1,-1,-1
6,2,304.32,204.14,143.06,419.84,0.95,-1,-1,-1
6,3,1043.48,357.99,263.23,391.29,0.87,-1,-1,-1
6,4,537.27,207.85,189.49,513.20,0.91,-1,-1,-1
6,5,980.28,369.14,198.30,315.97,0.90,-1,-1,-1
6,6,197.25,235.12,139.90,354.78,0.93,-1,-1,-1
6,7,-131.89,108.30,352.64,915.87,0.65,-1,-1,-1
6,8,416.58,253.71,95.12,243.98,0.88,-1,-1,-1
6,9,669.96,209.28,126.65,362.00,0.80,-1,-1,-1
6,11,522.58,285.64,53.57,155.34,0.76,-1,-1,-1
7,1,675.86,206.15,181.00,472.71,0.93,-1,-1,-1
7,2,300.61,204.69,141.80,425.93,0.94,-1,-1,-1
7,3,1051.93,358.21,261.75,396.44,0.85,-1,-1,-1
7,4,536.82,206.94,190.70,521.63,0.90,-1,-1,-1
7,5,983.47,363.68,199.96,320.79,0.89,-1,-1,-1
7,6,189.34,234.73,142.56,355.59,0.93,-1,-1,-1
7,7,-142.29,110.71,346.24,948.19,0.44,-1,-1,-1
7,8,413.65,252.48,96.07,253.36,0.88,-1,-1,-1
7,9,670.71,210.06,123.96,357.91,0.79,-1,-1,-1
7,11,521.72,285.36,52.50,153.63,0.79,-1,-1,-1
8,1,675.46,208.18,183.44,473.95,0.93,-1,-1,-1
8,2,296.95,203.91,141.12,435.05,0.94,-1,-1,-1
8,3,1055.36,355.28,261.41,397.77,0.83,-1,-1,-1
8,4,537.52,207.37,192.75,519.45,0.85,-1,-1,-1
8,5,987.67,361.87,204.29,327.32,0.89,-1,-1,-1
8,6,183.44,231.87,142.42,363.44,0.93,-1,-1,-1
8,7,-163.32,108.21,354.99,961.36,0.55,-1,-1,-1
8,8,410.24,251.29,96.93,261.99,0.88,-1,-1,-1
8,9,673.04,210.26,121.31,356.31,0.78,-1,-1,-1
8,11,521.66,284.74,53.49,157.03,0.75,-1,-1,-1
9,1,675.73,209.77,184.20,476.41,0.93,-1,-1,-1
9,2,291.89,200.41,142.80,444.86,0.94,-1,-1,-1
9,3,1054.98,354.47,268.45,404.07,0.82,-1,-1,-1
9,4,539.28,208.36,191.63,521.56,0.87,-1,-1,-1
9,5,991.52,366.76,210.48,323.08,0.87,-1,-1,-1
9,6,174.30,229.24,145.78,371.85,0.93,-1,-1,-1
9,7,-155.00,123.07,327.01,888.78,0.42,-1,-1,-1
9,8,406.19,250.52,98.78,266.56,0.89,-1,-1,-1
9,9,673.33,210.64,119.07,358.29,0.76,-1,-1,-1
9,11,520.90,283.53,55.67,170.95,0.80,-1,-1,-1
9,12,12.82,234.45,131.40,357.30,0.79,-1,-1,-1
10,1,677.90,212.67,185.64,476.22,0.92,-1,-1,-1
10,2,284.90,194.23,145.46,458.28,0.94,-1,-1,-1
10,3,1057.01,347.33,280.61,417.17,0.79,-1,-1,-1
10,4,541.52,209.22,190.11,524.63,0.87,-1,-1,-1
10,5,995.21,367.78,216.28,323.78,0.86,-1,-1,-1
10,6,166.87,224.59,146.95,394.41,0.93,-1,-1,-1
10,7,-154.18,138.05,306.60,841.74,0.32,-1,-1,-1
10,8,401.61,249.06,101.66,271.77,0.88,-1,-1,-1
10,9,674.28,211.01,113.98,353.64,0.72,-1,-1,-1
10,11,520.00,282.65,55.83,173.86,0.82,-1,-1,-1
10,12,0.59,232.73,137.74,371.15,0.81,-1,-1,-1
11,1,679.86,215.06,183.85,476.17,0.92,-1,-1,-1
11,2,277.85,191.70,149.18,467.14,0.93,-1,-1,-1
11,3,1052.94,351.25,279.34,424.45,0.79,-1,-1,-1
11,4,537.18,212.05,194.66,538.51,0.87,-1,-1,-1
11,5,999.54,373.35,219.65,317.42,0.84,-1,-1,-1
11,6,149.45,221.87,160.44,414.26,0.89,-1,-1,-1
11,8,398.56,246.57,102.91,279.33,0.86,-1,-1,-1
11,9,674.22,209.62,117.29,382.41,0.72,-1,-1,-1
11,11,519.32,282.58,55.91,172.23,0.77,-1,-1,-1
11,12,-8.70,228.05,138.25,390.36,0.83,-1,-1,-1
12,1,681.54,217.12,183.68,477.19,0.92,-1,-1,-1
12,2,270.35,191.00,151.35,472.25,0.94,-1,-1,-1
12,3,1043.85,349.80,289.37,441.80,0.80,-1,-1,-1
12,4,536.20,213.82,194.50,552.00,0.88,-1,-1,-1
12,5,1006.38,377.20,223.11,317.90,0.83,-1,-1,-1
12,6,148.93,220.21,156.21,401.95,0.92,-1,-1,-1
12,8,394.56,244.70,106.11,292.04,0.89,-1,-1,-1
12,9,674.55,208.49,125.10,401.49,0.70,-1,-1,-1
12,11,518.58,282.34,55.90,166.03,0.78,-1,-1,-1
12,12,-12.84,228.56,130.87,369.47,0.85,-1,-1,-1
13,1,679.61,218.22,182.38,476.00,0.93,-1,-1,-1
13,2,262.58,190.07,153.86,479.08,0.93,-1,-1,-1
13,3,1057.89,355.62,276.53,450.15,0.79,-1,-1,-1
13,4,532.89,215.13,196.28,567.08,0.88,-1,-1,-1
13,5,1008.74,378.48,231.35,322.72,0.84,-1,-1,-1
13,6,127.45,219.57,171.19,418.08,0.90,-1,-1,-1
13,8,392.17,247.53,106.37,293.59,0.89,-1,-1,-1
13,9,674.55,208.75,125.59,391.86,0.66,-1,-1,-1
13,11,516.72,281.54,58.29,173.94,0.80,-1,-1,-1
13,12,-22.39,228.42,127.37,363.39,0.82,-1,-1,-1
14,1,679.14,217.64,178.25,480.55,0.92,-1,-1,-1
14,2,254.69,187.91,157.97,486.70,0.93,-1,-1,-1
14,3,1076.48,359.15,261.58,445.36,0.78,-1,-1,-1
14,4,530.98,217.02,196.36,567.06,0.89,-1,-1,-1
14,5,1015.33,378.53,230.88,334.90,0.87,-1,-1,-1
14,6,129.19,219.85,162.07,421.29,0.92,-1,-1,-1
14,8,387.71,249.35,108.91,295.86,0.89,-1,-1,-1
14,9,674.79,207.44,126.38,380.63,0.68,-1,-1,-1
14,11,516.05,282.20,58.56,176.17,0.81,-1,-1,-1
14,12,-40.37,226.44,130.41,388.24,0.83,-1,-1,-1
14,13,359.55,375.75,95.85,139.05,0.72,-1,-1,-1
15,1,673.52,216.56,182.21,483.09,0.91,-1,-1,-1
15,2,247.95,185.90,162.17,494.51,0.93,-1,-1,-1
15,3,1064.85,363.06,274.40,451.32,0.78,-1,-1,-1
15,4,527.24,218.11,198.28,562.94,0.89,-1,-1,-1
15,5,1020.76,381.04,229.36,333.98,0.85,-1,-1,-1
15,6,124.95,220.43,161.32,424.29,0.90,-1,-1,-1
15,8,383.68,251.04,112.05,300.38,0.89,-1,-1,-1
15,9,674.00,207.91,127.30,361.48,0.70,-1,-1,-1
15,11,514.09,282.54,61.63,179.17,0.82,-1,-1,-1
15,12,-54.71,224.34,131.27,395.53,0.82,-1,-1,-1
15,13,358.05,377.35,94.82,145.96,0.70,-1,-1,-1
16,1,672.08,213.85,182.48,488.30,0.91,-1,-1,-1
16,2,239.60,183.07,165.77,502.24,0.93,-1,-1,-1
16,3,1048.33,368.42,294.28,444.12,0.79,-1,-1,-1
16,4,526.42,219.19,196.65,539.01,0.90,-1,-1,-1
16,5,1024.48,381.29,231.02,334.09,0.85,-1,-1,-1
16,6,114.06,220.14,165.65,427.19,0.89,-1,-1,-1
16,8,382.85,252.09,110.30,306.20,0.88,-1,-1,-1
16,9,673.11,209.64,124.67,347.39,0.72,-1,-1,-1
16,11,513.11,282.77,61.61,180.69,0.85,-1,-1,-1
16,12,-65.66,226.49,127.57,393.59,0.72,-1,-1,-1
16,13,353.42,378.85,96.02,150.19,0.78,-1,-1,-1
17,1,673.61,213.14,180.21,483.96,0.90,-1,-1,-1
17,2,232.02,179.43,166.51,511.11,0.93,-1,-1,-1
17,3,1061.08,383.42,279.79,430.51,0.78,-1,-1,-1
17,4,523.95,219.01,197.28,530.88,0.90,-1,-1,-1
17,5,1029.86,385.51,233.92,331.66,0.83,-1,-1,-1
17,6,102.50,219.37,169.88,433.24,0.88,-1,-1,-1
17,8,379.70,252.54,109.53,306.24,0.90,-1,-1,-1
17,9,672.41,208.77,123.68,346.85,0.77,-1,-1,-1
17,11,511.85,282.15,61.57,184.89,0.86,-1,-1,-1
17,12,-83.02,231.53,130.83,373.50,0.36,-1,-1,-1
17,13,353.80,378.98,92.91,146.15,0.70,-1,-1,-1
17,14,466.20,299.47,43.20,127.35,0.71,-1,-1,-1
18,1,675.09,211.19,178.15,480.50,0.90,-1,-1,-1
18,2,222.79,176.60,169.35,518.01,0.92,-1,-1,-1
18,3,1060.09,389.10,282.09,423.75,0.78,-1,-1,-1
18,4,520.64,218.73,198.13,503.26,0.88,-1,-1,-1
18,5,1033.49,387.26,237.28,327.63,0.84,-1,-1,-1
18,6,86.72,217.77,180.01,439.85,0.87,-1,-1,-1
18,8,375.70,253.27,112.16,308.09,0.91,-1,-1,-1
18,9,671.83,209.55,117.92,340.69,0.61,-1,-1,-1
18,11,511.12,284.08,59.75,184.78,0.87,-1,-1,-1
18,12,-79.59,239.83,115.55,332.00,0.11,-1,-1,-1
18,13,342.80,380.76,99.77,149.22,0.83,-1,-1,-1
18,14,465.49,299.54,44.67,127.76,0.83,-1,-1,-1
19,1,675.31,207.93,179.21,475.68,0.91,-1,-1,-1
19,2,213.67,175.31,171.77,525.34,0.93,-1,-1,-1
19,3,1050.70,376.81,299.53,428.80,0.78,-1,-1,-1
19,4,516.98,216.94,200.27,517.87,0.87,-1,-1,-1
19,5,1035.85,389.34,243.17,334.41,0.84,-1,-1,-1
19,6,66.62,216.78,191.59,450.51,0.87,-1,-1,-1
19,8,370.16,253.28,117.24,307.15,0.89,-1,-1,-1
19,9,672.17,208.03,119.43,340.28,0.34,-1,-1,-1
19,11,509.66,284.40,60.83,185.08,0.86,-1,-1,-1
19,13,336.53,383.41,100.97,148.41,0.77,-1,-1,-1
19,14,466.03,299.75,44.95,128.19,0.86,-1,-1,-1
20,1,673.91,206.96,179.02,468.43,0.92,-1,-1,-1
20,2,204.36,172.05,174.16,540.33,0.93,-1,-1,-1
20,3,1052.98,370.17,302.51,437.30,0.76,-1,-1,-1
20,4,513.25,215.19,201.69,519.33,0.86,-1,-1,-1
20,5,1038.97,389.10,242.98,336.88,0.85,-1,-1,-1
20,6,51.68,216.24,199.09,457.75,0.87,-1,-1,-1
20,8,365.69,252.78,121.90,311.21,0.91,-1,-1,-1
20,9,671.70,207.33,121.19,341.77,0.36,-1,-1,-1
20,11,508.28,286.09,60.04,182.60,0.86,-1,-1,-1
20,13,331.39,384.38,102.87,151.10,0.70,-1,-1,-1
20,14,466.58,299.56,45.04,128.30,0.87,-1,-1,-1
20,15,34.03,270.67,33.13,84.15,0.80,-1,-1,-1
20,16,7.23,275.62,30.94,81.00,0.79,-1,-1,-1
20,17,64.35,275.40,29.59,76.95,0.74,-1,-1,-1
21,1,675.21,202.61,177.18,468.92,0.92,-1,-1,-1
21,2,194.12,169.13,178.53,555.54,0.91,-1,-1,-1
21,4,506.83,212.02,207.00,530.93,0.87,-1,-1,-1
21,5,1044.21,390.49,249.88,346.10,0.81,-1,-1,-1
21,6,42.51,216.85,201.32,464.03,0.88,-1,-1,-1
21,8,361.89,251.30,125.56,319.00,0.92,-1,-1,-1
21,9,673.34,234.00,111.14,309.54,0.39,-1,-1,-1
21,11,507.51,287.82,57.93,182.04,0.87,-1,-1,-1
21,13,328.96,385.19,100.44,147.87,0.71,-1,-1,-1
21,14,469.77,298.84,42.36,129.00,0.89,-1,-1,-1
21,15,33.71,269.32,33.13,84.90,0.75,-1,-1,-1
21,16,7.57,271.57,31.50,84.63,0.84,-1,-1,-1
21,17,63.75,275.48,30.42,76.26,0.80,-1,-1,-1
22,1,675.73,204.18,177.20,467.11,0.92,-1,-1,-1
22,2,184.79,166.90,180.27,568.20,0.91,-1,-1,-1
22,4,500.38,208.95,212.64,529.43,0.90,-1,-1,-1
22,5,1049.07,389.70,251.32,352.39,0.84,-1,-1,-1
22,6,40.34,217.02,195.94,469.04,0.90,-1,-1,-1
22,8,357.84,249.66,128.31,325.62,0.92,-1,-1,-1
22,9,674.01,232.86,112.29,312.43,0.34,-1,-1,-1
22,11,506.12,288.50,57.76,182.96,0.88,-1,-1,-1
22,13,328.89,385.02,96.38,146.76,0.72,-1,-1,-1
22,14,471.51,298.97,40.82,128.87,0.90,-1,-1,-1
22,15,34.25,269.87,31.54,84.35,0.75,-1,-1,-1
22,16,8.46,269.91,30.84,86.34,0.84,-1,-1,-1
22,17,62.60,276.13,28.79,74.03,0.67,-1,-1,-1
23,1,670.53,203.15,183.76,470.63,0.90,-1,-1,-1
23,2,174.70,164.41,183.48,565.25,0.92,-1,-1,-1
23,4,492.34,207.63,218.25,527.62,0.89,-1,-1,-1
23,5,1053.17,387.68,251.73,356.00,0.83,-1,-1,-1
23,6,30.68,212.74,198.75,477.49,0.90,-1,-1,-1
23,8,353.11,247.23,130.43,321.68,0.89,-1,-1,-1
23,11,504.39,289.03,57.08,185.38,0.84,-1,-1,-1
23,13,314.90,385.79,106.62,155.91,0.66,-1,-1,-1
23,14,470.97,298.51,41.66,129.48,0.91,-1,-1,-1
23,15,34.76,269.90,29.58,84.86,0.69,-1,-1,-1
23,16,9.86,271.06,30.35,79.71,0.65,-1,-1,-1
23,17,60.18,275.84,26.50,72.22,0.57,-1,-1,-1
23,18,345.60,276.30,61.65,185.40,0.71,-1,-1,-1
24,1,670.64,202.68,184.95,472.73,0.89,-1,-1,-1
24,2,163.54,161.56,187.10,567.97,0.91,-1,-1,-1
24,4,483.15,205.67,226.71,542.48,0.89,-1,-1,-1
24,5,1058.07,388.56,249.35,358.06,0.84,-1,-1,-1
24,6,18.73,211.47,202.64,492.98,0.91,-1,-1,-1
24,8,349.05,245.38,131.41,331.80,0.90,-1,-1,-1
24,11,502.85,288.47,57.99,188.49,0.85,-1,-1,-1
24,13,306.76,386.31,111.61,165.74,0.73,-1,-1,-1
24,14,471.36,297.87,41.31,130.31,0.91,-1,-1,-1
24,15,35.05,269.65,27.90,79.98,0.75,-1,-1,-1
24,16,10.23,270.55,31.03,79.23,0.79,-1,-1,-1
24,17,58.98,275.32,27.32,74.86,0.53,-1,-1,-1
25,1,674.87,201.89,183.10,476.62,0.91,-1,-1,-1
25,2,153.82,159.40,189.09,575.32,0.92,-1,-1,-1
25,4,475.36,206.26,233.49,536.77,0.92,-1,-1,-1
25,5,1062.79,385.50,250.76,370.95,0.80,-1,-1,-1
25,6,2.01,210.63,213.26,497.57,0.90,-1,-1,-1
25,8,346.17,242.80,129.73,337.55,0.91,-1,-1,-1
25,11,500.86,287.32,58.96,191.55,0.84,-1,-1,-1
25,13,293.01,388.39,119.39,181.13,0.76,-1,-1,-1
25,14,470.54,298.22,42.48,130.28,0.91,-1,-1,-1
25,15,34.96,270.37,25.15,67.27,0.33,-1,-1,-1
25,16,11.11,270.72,32.42,76.82,0.70,-1,-1,-1
26,1,676.78,201.89,180.54,480.31,0.90,-1,-1,-1
26,2,145.26,160.58,190.86,573.65,0.92,-1,-1,-1
26,4,471.79,206.03,236.01,540.45,0.91,-1,-1,-1
26,5,1065.06,387.03,253.57,371.21,0.83,-1,-1,-1
26,6,-12.04,209.47,218.63,509.30,0.91,-1,-1,-1
26,8,340.69,241.46,133.08,343.24,0.91,-1,-1,-1
26,11,496.81,286.39,60.49,193.45,0.85,-1,-1,-1
26,13,289.40,389.56,117.46,173.82,0.76,-1,-1,-1
26,14,470.15,298.31,42.90,130.59,0.90,-1,-1,-1
26,16,12.37,272.30,28.88,68.95,0.24,-1,-1,-1
27,1,677.25,203.90,180.74,483.17,0.91,-1,-1,-1
27,2,134.34,159.59,193.56,586.53,0.91,-1,-1,-1
27,4,469.79,206.79,238.01,540.00,0.89,-1,-1,-1
27,5,1068.68,383.62,258.05,383.54,0.81,-1,-1,-1
27,6,-19.32,207.41,219.48,523.92,0.91,-1,-1,-1
27,8,334.20,241.03,134.28,348.40,0.91,-1,-1,-1
27,11,492.78,285.77,62.83,196.13,0.85,-1,-1,-1
27,13,296.64,390.27,105.86,155.23,0.73,-1,-1,-1
27,14,470.41,298.39,41.85,131.86,0.87,-1,-1,-1
28,1,680.52,208.07,176.82,483.87,0.91,-1,-1,-1
28,2,115.89,158.24,206.11,601.53,0.91,-1,-1,-1
28,4,469.72,208.58,237.76,553.28,0.88,-1,-1,-1
28,5,1074.11,389.31,257.55,386.40,0.78,-1,-1,-1
28,6,-32.16,206.44,223.69,532.95,0.90,-1,-1,-1
28,8,327.64,240.49,139.51,356.87,0.92,-1,-1,-1
28,11,490.12,284.83,67.87,200.75,0.86,-1,-1,-1
28,13,290.84,392.09,106.75,152.72,0.76,-1,-1,-1
28,14,471.42,300.56,39.67,129.97,0.85,-1,-1,-1
29,1,685.53,211.82,172.15,485.71,0.92,-1,-1,-1
29,2,100.22,157.13,214.67,613.30,0.91,-1,-1,-1
29,4,469.45,212.09,237.93,554.10,0.90,-1,-1,-1
29,5,1079.64,396.24,254.71,380.30,0.82,-1,-1,-1
29,6,-43.10,204.50,223.57,541.55,0.90,-1,-1,-1
29,8,324.14,240.43,140.89,364.93,0.92,-1,-1,-1
29,11,481.85,283.30,76.04,203.17,0.87,-1,-1,-1
29,13,282.15,394.63,109.98,161.55,0.74,-1,-1,-1
29,14,472.27,300.92,40.70,130.14,0.77,-1,-1,-1
30,1,680.33,214.55,176.54,483.61,0.92,-1,-1,-1
30,2,82.67,154.14,224.92,633.45,0.93,-1,-1,-1
30,4,469.68,215.53,236.19,551.11,0.90,-1,-1,-1
30,5,1085.16,401.26,257.17,388.47,0.79,-1,-1,-1
30,6,-50.49,203.53,215.60,548.45,0.89,-1,-1,-1
30,8,319.48,240.16,140.79,356.55,0.89,-1,-1,-1
30,11,477.14,283.02,83.73,205.53,0.89,-1,-1,-1
30,13,276.72,397.35,110.30,154.17,0.77,-1,-1,-1
30,14,472.78,300.92,39.87,132.62,0.86,-1,-1,-1
30,19,257.17,265.27,58.95,150.30,0.85,-1,-1,-1
30,20,317.02,275.40,67.05,191.25,0.79,-1,-1,-1
31,1,677.93,215.05,179.90,484.47,0.92,-1,-1,-1
31,2,75.10,150.88,224.68,641.36,0.90,-1,-1,-1
31,4,471.87,217.97,232.41,556.15,0.89,-1,-1,-1
31,5,1087.62,408.35,260.32,383.75,0.80,-1,-1,-1
31,6,-63.92,203.18,212.19,555.22,0.88,-1,-1,-1
31,8,316.81,240.03,140.04,351.91,0.90,-1,-1,-1
31,11,474.95,282.98,86.25,206.10,0.89,-1,-1,-1
31,13,268.05,400.02,114.20,156.52,0.79,-1,-1,-1
31,14,473.75,301.56,40.78,133.47,0.83,-1,-1,-1
31,19,254.38,265.24,61.88,157.59,0.83,-1,-1,-1
31,20,314.08,275.55,69.26,200.01,0.75,-1,-1,-1
32,1,678.53,218.24,181.24,483.59,0.93,-1,-1,-1
32,2,62.49,145.96,232.20,656.67,0.88,-1,-1,-1
32,4,474.62,219.98,228.57,549.85,0.89,-1,-1,-1
32,5,1094.38,410.15,266.23,379.68,0.77,-1,-1,-1
32,6,-72.01,200.87,201.93,570.42,0.87,-1,-1,-1
32,8,314.93,240.25,139.42,351.66,0.92,-1,-1,-1
32,11,471.92,282.61,86.65,207.27,0.89,-1,-1,-1
32,13,261.88,402.84,115.66,156.18,0.77,-1,-1,-1
32,14,473.82,301.86,45.93,134.10,0.59,-1,-1,-1
32,19,252.63,265.67,63.48,156.61,0.83,-1,-1,-1
32,20,312.15,276.01,66.97,195.55,0.74,-1,-1,-1
32,9,678.39,214.78,136.19,347.12,0.83,-1,-1,-1
33,1,680.40,218.19,182.41,487.56,0.93,-1,-1,-1
33,2,57.36,141.63,227.90,669.04,0.91,-1,-1,-1
33,4,481.53,220.24,220.57,527.06,0.89,-1,-1,-1
33,5,1100.36,412.70,275.58,381.28,0.71,-1,-1,-1
33,6,-88.54,201.73,198.33,589.64,0.83,-1,-1,-1
33,8,311.89,240.18,139.78,357.68,0.93,-1,-1,-1
33,11,468.57,283.05,89.64,208.90,0.89,-1,-1,-1
33,13,260.47,405.67,111.21,157.87,0.76,-1,-1,-1
33,14,473.35,302.55,46.69,132.26,0.65,-1,-1,-1
33,19,251.37,265.53,63.35,161.84,0.84,-1,-1,-1
33,20,309.58,275.52,65.80,189.56,0.71,-1,-1,-1
33,9,679.75,213.70,137.41,347.26,0.86,-1,-1,-1
34,1,682.70,219.75,183.97,485.70,0.93,-1,-1,-1
34,2,42.76,137.98,233.78,674.96,0.90,-1,-1,-1
34,4,487.43,219.67,221.08,521.79,0.92,-1,-1,-1
34,5,1108.30,409.74,294.18,398.14,0.48,-1,-1,-1
34,6,-102.01,202.98,192.62,587.54,0.82,-1,-1,-1
34,8,307.89,240.44,140.70,366.79,0.91,-1,-1,-1
34,11,467.26,282.90,87.86,211.42,0.91,-1,-1,-1
34,13,253.49,407.91,113.56,157.38,0.78,-1,-1,-1
34,14,473.05,295.40,51.05,141.09,0.16,-1,-1,-1
34,19,250.78,265.60,63.55,162.11,0.85,-1,-1,-1
34,20,306.36,275.30,65.48,184.87,0.70,-1,-1,-1
34,9,680.96,212.21,140.69,350.90,0.86,-1,-1,-1
35,1,681.75,218.94,188.80,479.53,0.93,-1,-1,-1
35,2,12.20,131.38,263.80,705.21,0.87,-1,-1,-1
35,4,494.93,219.31,214.80,517.12,0.90,-1,-1,-1
35,5,1114.80,422.16,297.93,389.95,0.43,-1,-1,-1
35,6,-132.60,186.94,203.77,630.36,0.34,-1,-1,-1
35,8,303.45,241.78,142.86,372.29,0.91,-1,-1,-1
35,11,466.22,282.88,88.84,213.53,0.91,-1,-1,-1
35,13,240.47,411.31,121.84,177.96,0.76,-1,-1,-1
35,14,474.85,289.62,55.02,149.59,0.18,-1,-1,-1
35,19,249.09,265.33,67.20,168.60,0.85,-1,-1,-1
35,20,305.82,274.44,63.15,179.94,0.69,-1,-1,-1
35,9,681.68,212.27,141.40,354.01,0.86,-1,-1,-1
36,1,680.20,218.07,194.09,469.14,0.93,-1,-1,-1
36,2,-5.72,126.01,269.25,727.30,0.88,-1,-1,-1
36,4,502.33,216.50,208.72,514.33,0.90,-1,-1,-1
36,5,1122.90,422.39,306.12,375.71,0.32,-1,-1,-1
36,6,-128.97,196.91,185.25,574.31,0.19,-1,-1,-1
36,8,298.86,242.51,144.49,371.26,0.91,-1,-1,-1
36,11,465.63,283.08,88.56,216.89,0.92,-1,-1,-1
36,13,242.08,412.75,114.82,171.76,0.80,-1,-1,-1
36,19,248.90,264.53,63.79,165.15,0.84,-1,-1,-1
36,20,303.54,273.75,62.40,176.55,0.67,-1,-1,-1
36,9,682.23,212.12,139.21,348.09,0.86,-1,-1,-1
36,21,354.37,255.60,85.05,235.35,0.75,-1,-1,-1
37,1,682.58,216.20,195.05,463.08,0.94,-1,-1,-1
37,2,-22.06,116.02,272.07,751.75,0.87,-1,-1,-1
37,4,512.01,215.29,199.36,516.52,0.90,-1,-1,-1
37,5,1128.84,447.93,295.41,349.70,0.27,-1,-1,-1
37,8,293.11,241.93,147.82,379.20,0.91,-1,-1,-1
37,11,465.44,282.90,89.03,220.58,0.93,-1,-1,-1
37,13,226.89,413.87,125.05,187.46,0.77,-1,-1,-1
37,19,248.97,263.64,60.55,168.16,0.86,-1,-1,-1
37,20,300.71,273.24,60.96,175.36,0.68,-1,-1,-1
37,9,683.97,212.33,136.01,341.46,0.86,-1,-1,-1
37,21,354.26,255.76,84.49,233.78,0.85,-1,-1,-1
38,1,680.72,214.80,200.67,462.89,0.94,-1,-1,-1
38,2,-39.03,110.95,276.70,764.33,0.88,-1,-1,-1
38,4,520.04,211.66,192.93,525.52,0.91,-1,-1,-1
38,8,284.68,241.29,154.93,383.36,0.90,-1,-1,-1
38,11,466.92,283.26,89.75,221.48,0.93,-1,-1,-1
38,13,213.80,414.70,133.33,201.68,0.79,-1,-1,-1
38,19,248.97,262.72,59.70,163.91,0.85,-1,-1,-1
38,20,298.91,271.96,59.25,175.02,0.53,-1,-1,-1
38,9,684.79,212.70,133.54,341.81,0.86,-1,-1,-1
38,21,351.62,254.51,87.20,235.52,0.87,-1,-1,-1
39,1,681.58,210.89,202.51,467.25,0.94,-1,-1,-1
39,2,-53.94,107.77,280.95,782.32,0.87,-1,-1,-1
39,4,530.98,209.26,184.92,528.78,0.90,-1,-1,-1
39,8,277.49,241.09,159.74,388.81,0.90,-1,-1,-1
39,11,468.05,283.77,88.68,221.08,0.92,-1,-1,-1
39,13,203.84,415.61,137.36,210.74,0.78,-1,-1,-1
39,19,249.08,261.65,58.72,159.41,0.85,-1,-1,-1
39,20,294.03,270.33,59.58,179.37,0.50,-1,-1,-1
39,9,686.98,211.96,131.78,341.14,0.86,-1,-1,-1
39,21,351.64,253.83,86.56,235.61,0.89,-1,-1,-1
40,1,686.36,209.66,202.70,471.28,0.94,-1,-1,-1
40,2,-70.89,95.49,288.00,807.95,0.87,-1,-1,-1
40,4,535.05,205.74,187.26,531.43,0.89,-1,-1,-1
40,8,269.24,240.86,165.14,392.92,0.91,-1,-1,-1
40,11,468.54,284.53,88.26,222.24,0.92,-1,-1,-1
40,13,195.66,416.56,141.04,214.71,0.75,-1,-1,-1
40,19,250.14,260.35,59.04,159.02,0.84,-1,-1,-1
40,20,290.48,270.36,56.06,166.11,0.55,-1,-1,-1
40,9,689.32,212.07,127.59,345.41,0.86,-1,-1,-1
40,21,349.14,253.06,87.65,235.96,0.90,-1,-1,-1
41,1,689.09,208.09,203.81,477.50,0.94,-1,-1,-1
41,2,-94.84,82.93,299.70,831.30,0.85,-1,-1,-1
41,4,542.16,203.31,183.24,534.68,0.89,-1,-1,-1
41,8,262.13,240.66,168.54,389.95,0.91,-1,-1,-1
41,11,468.49,284.86,89.21,223.67,0.91,-1,-1,-1
41,13,166.43,419.58,162.25,217.89,0.71,-1,-1,-1
41,19,250.99,259.92,56.70,150.05,0.85,-1,-1,-1
41,20,286.17,270.31,54.49,160.93,0.47,-1,-1,-1
41,9,691.08,212.90,127.15,349.48,0.85,-1,-1,-1
41,21,346.76,252.24,89.24,238.50,0.89,-1,-1,-1
42,1,693.32,208.23,202.90,480.41,0.94,-1,-1,-1
42,2,-126.29,67.76,318.50,869.12,0.83,-1,-1,-1
42,4,545.46,202.96,183.65,528.87,0.91,-1,-1,-1
42,8,254.90,239.46,171.74,399.28,0.92,-1,-1,-1
42,11,467.91,285.20,91.86,226.36,0.91,-1,-1,-1
42,13,168.08,422.21,154.45,215.45,0.74,-1,-1,-1
42,19,251.02,259.53,54.60,151.34,0.83,-1,-1,-1
42,20,282.13,269.59,53.67,161.13,0.26,-1,-1,-1
42,9,691.96,214.68,128.73,349.91,0.84,-1,-1,-1
42,21,346.31,251.89,88.78,239.15,0.90,-1,-1,-1
43,1,695.78,210.68,202.51,481.54,0.93,-1,-1,-1
43,2,-133.47,69.00,310.20,875.32,0.78,-1,-1,-1
43,4,544.96,202.55,187.57,535.71,0.90,-1,-1,-1
43,8,248.74,238.73,174.08,400.08,0.93,-1,-1,-1
43,11,466.53,285.34,89.91,230.27,0.91,-1,-1,-1
43,13,144.79,424.64,171.66,231.93,0.76,-1,-1,-1
43,19,249.75,259.72,56.06,149.43,0.81,-1,-1,-1
43,20,277.68,270.90,50.02,150.27,0.13,-1,-1,-1
43,9,692.85,216.57,128.14,347.37,0.83,-1,-1,-1
43,21,344.02,252.11,90.45,240.60,0.91,-1,-1,-1
44,1,697.51,212.11,204.67,485.40,0.93,-1,-1,-1
44,2,-148.56,79.21,309.34,879.22,0.75,-1,-1,-1
44,4,546.69,203.52,190.26,540.49,0.91,-1,-1,-1
44,8,242.99,237.01,174.27,404.96,0.93,-1,-1,-1
44,11,464.79,284.53,93.85,234.09,0.93,-1,-1,-1
44,13,151.92,427.29,157.94,223.23,0.80,-1,-1,-1
44,19,249.25,260.44,57.79,147.85,0.81,-1,-1,-1
44,9,692.19,217.93,126.70,349.04,0.84,-1,-1,-1
44,21,340.92,252.84,92.23,241.71,0.91,-1,-1,-1
45,1,696.36,214.02,206.00,488.85,0.93,-1,-1,-1
45,2,-157.76,84.17,299.32,884.05,0.69,-1,-1,-1
45,4,546.89,205.86,195.49,535.40,0.88,-1,-1,-1
45,8,236.82,235.45,175.97,416.81,0.93,-1,-1,-1
45,11,462.40,284.22,96.44,237.57,0.93,-1,-1,-1
45,13,144.78,431.46,158.48,231.78,0.76,-1,-1,-1
45,19,250.83,261.02,56.65,151.90,0.77,-1,-1,-1
45,9,691.32,218.63,125.52,354.02,0.85,-1,-1,-1
45,21,337.23,253.89,94.35,241.95,0.91,-1,-1,-1
46,1,696.36,215.18,212.94,494.70,0.93,-1,-1,-1
46,2,-165.40,100.24,287.62,866.54,0.64,-1,-1,-1
46,4,545.87,209.31,205.16,540.12,0.88,-1,-1,-1
46,8,229.60,235.12,177.37,414.45,0.92,-1,-1,-1
46,11,458.65,283.48,100.45,241.18,0.94,-1,-1,-1
46,13,143.85,436.99,151.83,222.14,0.78,-1,-1,-1
46,19,246.37,257.44,68.07,195.46,0.17,-1,-1,-1
46,9,691.47,218.73,125.06,353.32,0.84,-1,-1,-1
46,21,331.51,253.48,97.78,246.39,0.90,-1,-1,-1
47,1,698.96,219.67,214.46,493.27,0.93,-1,-1,-1
47,2,-170.17,110.06,275.12,873.16,0.36,-1,-1,-1
47,4,542.42,214.25,218.89,537.83,0.88,-1,-1,-1
47,8,221.00,231.00,180.28,438.56,0.92,-1,-1,-1
47,11,454.84,283.01,102.89,244.29,0.94,-1,-1,-1
47,13,131.98,441.03,159.65,234.17,0.69,-1,-1,-1
47,9,692.68,219.64,118.37,345.68,0.86,-1,-1,-1
47,21,327.24,253.90,99.40,248.19,0.91,-1,-1,-1
47,22,53.94,269.32,34.88,92.25,0.80,-1,-1,-1
48,1,700.26,220.97,214.32,493.41,0.93,-1,-1,-1
48,2,-171.90,149.14,269.50,830.24,0.15,-1,-1,-1
48,4,537.35,217.96,234.50,542.02,0.91,-1,-1,-1
48,8,211.92,229.21,183.61,452.21,0.93,-1,-1,-1
48,11,451.04,282.56,106.23,247.54,0.94,-1,-1,-1
48,13,115.34,446.68,165.39,235.59,0.60,-1,-1,-1
48,9,691.93,219.34,117.66,345.57,0.84,-1,-1,-1
48,21,323.19,253.80,101.41,250.70,0.92,-1,-1,-1
48,22,53.62,270.59,38.15,88.01,0.79,-1,-1,-1
48,16,12.36,269.05,33.02,85.00,0.69,-1,-1,-1
49,1,700.44,223.22,213.59,492.17,0.94,-1,-1,-1
49,4,531.34,220.98,249.14,541.28,0.90,-1,-1,-1
49,8,203.13,228.84,186.55,464.57,0.92,-1,-1,-1
49,11,447.49,282.39,109.64,249.84,0.94,-1,-1,-1
49,13,99.68,453.62,171.97,231.69,0.70,-1,-1,-1
49,9,691.66,219.38,115.61,342.05,0.84,-1,-1,-1
49,21,317.96,254.06,104.48,254.25,0.92,-1,-1,-1
49,22,54.40,272.10,39.87,85.77,0.74,-1,-1,-1
49,16,10.29,269.19,35.49,84.80,0.87,-1,-1,-1
50,1,702.22,224.51,210.14,492.10,0.94,-1,-1,-1
50,4,528.10,223.29,255.84,520.35,0.88,-1,-1,-1
50,8,194.50,228.11,187.84,475.84,0.92,-1,-1,-1
50,11,444.36,282.60,112.14,251.58,0.94,-1,-1,-1
50,13,84.77,457.82,179.85,233.06,0.69,-1,-1,-1
50,9,689.40,218.06,117.27,336.71,0.82,-1,-1,-1
50,21,314.86,253.69,105.83,257.54,0.91,-1,-1,-1
50,22,60.36,272.16,35.38,79.63,0.49,-1,-1,-1
50,16,9.40,269.03,36.73,84.08,0.87,-1,-1,-1
51,1,701.65,224.86,208.88,497.77,0.94,-1,-1,-1
51,4,526.20,223.76,257.29,514.55,0.89,-1,-1,-1
51,8,185.79,225.70,190.32,485.72,0.93,-1,-1,-1
51,11,442.36,282.21,113.68,253.88,0.94,-1,-1,-1
51,13,61.11,461.54,195.04,250.57,0.69,-1,-1,-1
51,9,687.96,216.64,117.36,334.16,0.82,-1,-1,-1
51,21,311.31,253.99,107.81,258.08,0.91,-1,-1,-1
51,22,62.87,274.37,33.51,80.04,0.50,-1,-1,-1
51,16,9.09,269.64,36.65,83.45,0.88,-1,-1,-1
52,1,701.32,223.41,206.73,491.05,0.94,-1,-1,-1
52,4,522.11,221.89,265.42,515.14,0.91,-1,-1,-1
52,8,177.35,221.79,191.63,491.26,0.92,-1,-1,-1
52,11,440.66,281.93,114.87,257.51,0.95,-1,-1,-1
52,13,48.19,464.75,198.31,249.61,0.72,-1,-1,-1
52,9,684.94,215.23,119.94,344.08,0.83,-1,-1,-1
52,21,307.54,253.99,109.77,259.29,0.91,-1,-1,-1
52,16,8.41,269.97,36.62,83.20,0.88,-1,-1,-1
52,23,45.39,277.65,30.37,73.80,0.78,-1,-1,-1
52,24,849.60,314.77,62.10,119.70,0.71,-1,-1,-1
53,1,700.33,222.10,205.79,482.43,0.94,-1,-1,-1
53,4,517.49,219.23,271.78,522.64,0.93,-1,-1,-1
53,8,169.19,219.57,192.52,499.83,0.92,-1,-1,-1
53,11,439.37,281.52,116.37,261.37,0.95,-1,-1,-1
53,13,28.60,468.68,206.99,250.68,0.77,-1,-1,-1
53,9,683.91,214.15,122.04,344.09,0.83,-1,-1,-1
53,21,305.98,253.53,109.53,260.64,0.92,-1,-1,-1
53,16,8.58,270.36,36.25,82.77,0.88,-1,-1,-1
53,23,44.73,278.02,31.03,73.48,0.79,-1,-1,-1
53,24,849.97,314.49,63.59,121.56,0.72,-1,-1,-1
54,1,699.12,219.88,205.12,472.31,0.95,-1,-1,-1
54,4,512.76,215.55,272.18,520.59,0.89,-1,-1,-1
54,8,157.18,218.19,198.03,515.82,0.92,-1,-1,-1
54,11,437.86,281.91,118.08,263.01,0.95,-1,-1,-1
54,13,4.23,470.43,221.26,259.26,0.77,-1,-1,-1
54,9,682.42,212.67,127.80,365.60,0.84,-1,-1,-1
54,21,303.01,253.19,110.41,262.97,0.92,-1,-1,-1
54,16,7.76,270.92,36.44,83.51,0.89,-1,-1,-1
54,23,43.33,278.29,31.56,73.44,0.79,-1,-1,-1
54,24,853.50,314.58,63.26,124.02,0.67,-1,-1,-1
54,19,263.11,262.24,63.90,189.91,0.61,-1,-1,-1
55,1,699.79,216.88,203.45,467.94,0.93,-1,-1,-1
55,4,509.22,211.21,273.61,529.85,0.88,-1,-1,-1
55,8,148.53,217.70,200.00,522.08,0.93,-1,-1,-1
55,11,436.27,282.22,120.60,263.88,0.94,-1,-1,-1
55,13,-15.47,473.47,230.89,258.83,0.76,-1,-1,-1
55,9,681.55,211.36,128.67,371.92,0.84,-1,-1,-1
55,21,301.84,251.89,109.70,266.65,0.93,-1,-1,-1
55,16,7.95,271.20,36.33,82.56,0.89,-1,-1,-1
55,23,42.41,278.50,32.63,73.73,0.65,-1,-1,-1
55,24,855.67,314.30,63.06,127.56,0.67,-1,-1,-1
55,19,266.02,261.80,61.59,185.22,0.75,-1,-1,-1
56,1,703.26,214.22,199.77,469.68,0.95,-1,-1,-1
56,4,504.04,208.80,280.39,539.40,0.88,-1,-1,-1
56,8,137.03,216.44,206.70,527.84,0.92,-1,-1,-1
56,11,431.31,282.56,125.85,265.58,0.93,-1,-1,-1
56,13,-11.67,477.33,214.97,239.03,0.79,-1,-1,-1
56,9,682.37,211.42,127.17,368.68,0.86,-1,-1,-1
56,21,300.46,251.01,109.33,267.08,0.94,-1,-1,-1
56,16,7.98,271.34,36.33,81.58,0.89,-1,-1,-1
56,23,40.90,278.11,32.08,73.81,0.68,-1,-1,-1
56,24,855.43,314.47,63.66,126.64,0.69,-1,-1,-1
56,19,263.85,260.82,63.96,188.35,0.80,-1,-1,-1
56,14,487.06,303.10,55.88,160.21,0.69,-1,-1,-1
57,1,706.86,213.25,197.30,471.86,0.95,-1,-1,-1
57,4,498.09,205.68,284.20,540.79,0.89,-1,-1,-1
57,8,126.31,213.97,209.03,537.08,0.92,-1,-1,-1
57,11,427.46,284.51,134.55,267.48,0.94,-1,-1,-1
57,13,-33.44,481.49,222.53,243.98,0.78,-1,-1,-1
57,9,683.20,211.61,126.04,363.79,0.88,-1,-1,-1
57,21,297.04,249.22,111.58,274.45,0.93,-1,-1,-1
57,16,7.47,271.57,36.25,80.64,0.88,-1,-1,-1
57,23,39.00,278.17,30.99,72.88,0.52,-1,-1,-1
57,24,858.17,314.09,71.04,129.18,0.73,-1,-1,-1
57,19,262.89,260.34,63.64,186.58,0.80,-1,-1,-1
57,14,486.08,303.45,55.84,160.36,0.72,-1,-1,-1
58,1,709.47,211.78,195.15,476.29,0.95,-1,-1,-1
58,4,491.57,204.29,286.03,537.94,0.85,-1,-1,-1
58,8,112.30,213.53,217.16,551.01,0.91,-1,-1,-1
58,11,424.86,285.46,137.15,270.59,0.93,-1,-1,-1
58,13,-39.79,485.02,223.89,268.27,0.74,-1,-1,-1
58,9,680.65,211.47,124.36,363.30,0.88,-1,-1,-1
58,21,294.07,247.72,112.67,280.38,0.92,-1,-1,-1
58,16,7.52,271.98,36.00,80.89,0.88,-1,-1,-1
58,23,38.98,278.04,28.76,72.54,0.55,-1,-1,-1
58,24,861.28,314.17,71.43,128.10,0.60,-1,-1,-1
58,19,264.58,259.87,62.59,182.60,0.81,-1,-1,-1
58,14,486.53,303.93,58.87,161.32,0.83,-1,-1,-1
58,25,274.27,342.45,90.45,246.60,0.78,-1,-1,-1
59,1,712.55,211.71,194.27,479.60,0.95,-1,-1,-1
59,4,489.50,203.04,284.66,553.34,0.85,-1,-1,-1
59,8,98.67,213.75,223.61,557.08,0.92,-1,-1,-1
59,11,424.14,286.35,134.36,274.61,0.92,-1,-1,-1
59,13,-51.74,489.58,224.69,281.30,0.69,-1,-1,-1
59,9,681.86,212.80,124.23,362.88,0.86,-1,-1,-1
59,21,292.55,248.12,112.96,279.76,0.93,-1,-1,-1
59,16,8.15,272.15,35.26,80.07,0.87,-1,-1,-1
59,23,38.66,278.36,25.98,71.17,0.50,-1,-1,-1
59,24,863.28,313.90,73.55,132.60,0.69,-1,-1,-1
59,19,266.04,259.43,60.34,181.72,0.82,-1,-1,-1
59,14,485.55,303.88,62.31,162.40,0.82,-1,-1,-1
59,25,275.90,342.69,90.19,248.21,0.84,-1,-1,-1
60,1,714.52,212.92,193.94,482.66,0.95,-1,-1,-1
60,4,489.97,203.95,279.77,546.82,0.86,-1,-1,-1
60,8,84.73,214.16,231.84,569.06,0.93,-1,-1,-1
60,11,422.48,285.80,132.80,281.96,0.93,-1,-1,-1
60,13,-58.08,494.98,211.14,292.72,0.69,-1,-1,-1
60,9,680.81,214.00,127.74,365.59,0.87,-1,-1,-1
60,21,289.99,248.44,113.90,284.29,0.93,-1,-1,-1
60,16,8.09,271.74,34.75,81.27,0.87,-1,-1,-1
60,23,37.00,278.76,26.04,71.32,0.57,-1,-1,-1
60,24,865.41,314.59,73.97,133.57,0.72,-1,-1,-1
60,19,265.75,258.93,62.88,189.60,0.82,-1,-1,-1
60,14,488.37,304.31,61.84,163.82,0.87,-1,-1,-1
60,25,274.99,343.12,93.27,250.64,0.87,-1,-1,-1
60,26,195.75,259.65,117.45,295.20,0.71,-1,-1,-1
61,1,715.20,215.77,195.64,485.01,0.95,-1,-1,-1
61,4,488.18,206.28,277.73,553.57,0.86,-1,-1,-1
61,8,69.36,215.64,240.26,578.49,0.91,-1,-1,-1
61,11,420.03,286.15,127.83,287.02,0.91,-1,-1,-1
61,13,-69.15,502.42,209.02,322.43,0.59,-1,-1,-1
61,9,682.52,216.62,129.03,365.59,0.87,-1,-1,-1
61,21,287.81,249.29,114.20,287.24,0.93,-1,-1,-1
61,16,7.92,271.55,34.43,81.41,0.86,-1,-1,-1
61,23,38.69,278.73,24.88,70.77,0.64,-1,-1,-1
61,24,867.63,315.60,73.14,130.83,0.72,-1,-1,-1
61,19,266.11,258.87,64.07,190.73,0.83,-1,-1,-1
61,14,489.78,304.88,59.21,164.77,0.89,-1,-1,-1
61,25,275.22,344.52,95.98,252.05,0.89,-1,-1,-1
61,26,193.63,261.08,114.58,294.50,0.81,-1,-1,-1
62,1,715.96,218.53,196.88,488.20,0.94,-1,-1,-1
62,4,487.82,209.55,275.05,565.64,0.86,-1,-1,-1
62,8,55.16,216.80,245.70,594.78,0.90,-1,-1,-1
62,11,416.72,286.14,130.01,292.00,0.93,-1,-1,-1
62,13,-59.84,510.31,185.87,325.50,0.47,-1,-1,-1
62,9,682.86,219.27,130.08,366.05,0.88,-1,-1,-1
62,21,285.21,249.76,114.85,294.96,0.92,-1,-1,-1
62,16,7.38,271.59,34.43,81.78,0.85,-1,-1,-1
62,23,38.64,278.68,25.00,69.98,0.42,-1,-1,-1
62,24,870.76,316.78,73.96,144.50,0.76,-1,-1,-1
62,19,266.11,259.27,63.03,189.70,0.85,-1,-1,-1
62,14,489.59,305.98,58.16,166.04,0.89,-1,-1,-1
62,25,275.41,345.58,98.07,251.76,0.90,-1,-1,-1
62,26,188.16,261.20,119.36,297.39,0.83,-1,-1,-1
63,1,716.87,222.35,198.05,490.92,0.93,-1,-1,-1
63,4,488.42,214.47,272.86,552.51,0.88,-1,-1,-1
63,8,40.89,217.59,252.92,604.49,0.90,-1,-1,-1
63,11,411.47,286.27,133.19,296.18,0.93,-1,-1,-1
63,13,-80.16,521.09,180.71,300.97,0.50,-1,-1,-1
63,9,686.04,220.89,127.55,366.88,0.89,-1,-1,-1
63,21,281.83,249.81,116.59,304.30,0.92,-1,-1,-1
63,16,6.89,271.94,34.35,81.63,0.84,-1,-1,-1
63,23,35.85,278.84,27.55,72.47,0.29,-1,-1,-1
63,24,871.98,317.90,68.88,135.95,0.71,-1,-1,-1
63,19,267.15,260.76,61.76,183.93,0.81,-1,-1,-1
63,14,489.86,307.56,57.19,166.95,0.89,-1,-1,-1
63,25,274.40,348.62,100.64,250.95,0.90,-1,-1,-1
63,26,182.01,261.25,122.22,301.75,0.85,-1,-1,-1
64,1,717.72,226.36,196.10,490.98,0.94,-1,-1,-1
64,4,488.99,218.24,270.16,563.22,0.87,-1,-1,-1
64,8,25.76,215.21,261.58,610.78,0.90,-1,-1,-1
64,11,403.94,285.48,137.88,301.02,0.93,-1,-1,-1
64,13,-86.69,532.80,163.94,294.70,0.12,-1,-1,-1
64,9,687.23,222.96,127.16,365.85,0.88,-1,-1,-1
64,21,279.00,250.33,117.80,313.60,0.92,-1,-1,-1
64,16,6.61,271.84,34.06,82.75,0.85,-1,-1,-1
64,24,874.07,318.81,71.74,130.94,0.72,-1,-1,-1
64,19,268.11,261.83,61.59,179.01,0.82,-1,-1,-1
64,14,489.31,308.63,58.04,168.75,0.91,-1,-1,-1
64,25,273.42,350.16,102.38,251.88,0.92,-1,-1,-1
64,26,178.93,261.49,120.07,305.00,0.86,-1,-1,-1
65,1,718.28,228.92,192.19,490.15,0.93,-1,-1,-1
65,4,490.89,219.01,266.46,577.12,0.85,-1,-1,-1
65,8,8.66,213.17,267.37,621.36,0.89,-1,-1,-1
65,11,395.59,284.66,144.61,304.96,0.92,-1,-1,-1
65,9,690.07,223.58,126.27,365.25,0.87,-1,-1,-1
65,21,275.89,250.02,119.00,325.09,0.92,-1,-1,-1
65,16,6.54,271.37,34.29,83.73,0.84,-1,-1,-1
65,24,876.18,319.28,74.76,141.01,0.77,-1,-1,-1
65,19,268.50,262.75,61.78,180.49,0.83,-1,-1,-1
65,14,490.09,309.54,57.70,169.76,0.91,-1,-1,-1
65,25,274.50,351.63,101.60,253.96,0.90,-1,-1,-1
65,26,169.69,260.87,127.58,315.06,0.87,-1,-1,-1
66,1,719.37,231.06,188.55,489.85,0.93,-1,-1,-1
66,4,495.85,220.70,259.89,581.32,0.87,-1,-1,-1
66,8,-9.64,209.88,275.53,637.01,0.89,-1,-1,-1
66,11,385.52,284.47,150.18,307.84,0.92,-1,-1,-1
66,9,690.86,223.81,126.09,368.03,0.87,-1,-1,-1
66,21,271.50,249.79,121.32,320.17,0.92,-1,-1,-1
66,16,6.21,271.47,34.85,84.10,0.84,-1,-1,-1
66,24,877.03,319.73,70.08,129.28,0.73,-1,-1,-1
66,19,268.12,263.69,64.02,181.98,0.76,-1,-1,-1
66,14,490.98,310.57,58.84,171.63,0.91,-1,-1,-1
66,25,277.18,353.22,98.86,255.94,0.91,-1,-1,-1
66,26,163.69,260.21,129.27,317.21,0.89,-1,-1,-1
67,1,720.72,231.25,185.42,490.27,0.94,-1,-1,-1
67,4,502.07,224.76,252.58,554.82,0.84,-1,-1,-1
67,8,-27.07,207.97,284.15,655.96,0.87,-1,-1,-1
67,11,374.56,284.00,161.55,311.30,0.93,-1,-1,-1
67,9,693.61,224.50,124.23,369.02,0.87,-1,-1,-1
67,21,270.03,249.75,120.99,316.45,0.91,-1,-1,-1
67,16,6.42,271.70,35.37,83.63,0.85,-1,-1,-1
67,24,876.97,320.35,69.66,125.24,0.72,-1,-1,-1
67,19,268.67,264.21,68.70,191.24,0.70,-1,-1,-1
67,14,491.99,311.71,59.26,173.32,0.90,-1,-1,-1
67,25,287.34,352.86,88.86,259.04,0.90,-1,-1,-1
67,26,160.59,259.09,132.19,329.79,0.90,-1,-1,-1
68,1,724.73,231.94,185.51,487.60,0.93,-1,-1,-1
68,4,511.61,226.49,243.18,539.54,0.87,-1,-1,-1
68,8,-42.98,205.55,289.52,667.77,0.86,-1,-1,-1
68,11,366.20,283.28,159.20,314.11,0.92,-1,-1,-1
68,9,698.45,223.61,119.91,372.78,0.84,-1,-1,-1
68,21,266.26,248.89,122.87,308.22,0.91,-1,-1,-1
68,16,3.88,271.53,37.99,83.44,0.68,-1,-1,-1
68,24,878.64,320.94,68.89,121.06,0.73,-1,-1,-1
68,19,268.94,265.47,69.02,194.97,0.69,-1,-1,-1
68,14,493.47,312.02,59.41,174.82,0.91,-1,-1,-1
68,25,290.70,352.87,88.20,263.19,0.88,-1,-1,-1
68,26,155.13,258.72,137.16,339.52,0.90,-1,-1,-1
69,1,727.75,231.14,183.87,489.06,0.93,-1,-1,-1
69,4,522.21,226.70,236.83,531.29,0.90,-1,-1,-1
69,8,-53.10,201.64,289.77,682.68,0.84,-1,-1,-1
69,11,365.07,283.42,167.58,317.38,0.88,-1,-1,-1
69,9,705.77,223.23,111.68,344.21,0.81,-1,-1,-1
69,21,265.03,248.70,122.72,304.91,0.91,-1,-1,-1
69,16,2.76,271.04,37.83,86.34,0.14,-1,-1,-1
69,24,882.91,321.30,71.62,127.51,0.70,-1,-1,-1
69,19,268.68,265.75,72.68,210.54,0.55,-1,-1,-1
69,14,494.11,312.03,61.28,176.68,0.91,-1,-1,-1
69,25,290.68,353.22,90.20,266.48,0.91,-1,-1,-1
69,26,150.83,258.14,139.15,348.02,0.92,-1,-1,-1
70,1,726.59,229.07,187.49,485.84,0.93,-1,-1,-1
70,4,532.63,225.89,232.13,534.47,0.88,-1,-1,-1
70,8,-57.64,197.17,281.47,718.27,0.87,-1,-1,-1
70,11,357.92,282.49,178.87,321.42,0.91,-1,-1,-1
70,9,698.99,221.00,119.80,339.29,0.79,-1,-1,-1
70,21,262.54,247.79,123.77,304.91,0.90,-1,-1,-1
70,16,3.16,270.60,37.20,82.70,0.10,-1,-1,-1
70,24,885.79,320.73,74.68,126.82,0.71,-1,-1,-1
70,19,266.79,263.44,76.36,225.85,0.30,-1,-1,-1
70,14,494.84,311.32,62.55,177.91,0.90,-1,-1,-1
70,25,291.31,353.20,90.01,268.81,0.90,-1,-1,-1
70,26,146.46,257.38,141.61,354.69,0.92,-1,-1,-1
70,27,137.92,268.20,32.62,88.65,0.71,-1,-1,-1
71,1,727.62,225.58,188.32,475.39,0.94,-1,-1,-1
71,4,540.25,222.88,230.62,554.97,0.85,-1,-1,-1
71,8,-59.93,191.54,270.07,746.73,0.86,-1,-1,-1
71,11,352.36,282.19,186.97,329.63,0.91,-1,-1,-1
71,9,702.02,219.34,119.07,342.46,0.81,-1,-1,-1
71,21,258.83,246.61,125.65,311.46,0.89,-1,-1,-1
71,24,887.46,320.52,78.20,126.27,0.72,-1,-1,-1
71,14,495.38,310.77,64.22,179.84,0.90,-1,-1,-1
71,25,290.67,353.81,91.19,272.64,0.89,-1,-1,-1
71,26,139.29,257.00,145.73,358.67,0.92,-1,-1,-1
71,27,134.69,269.48,39.50,92.67,0.71,-1,-1,-1
72,1,726.45,222.54,192.24,468.98,0.93,-1,-1,-1
72,4,546.19,218.88,232.01,550.44,0.89,-1,-1,-1
72,8,-76.95,182.34,273.18,776.67,0.85,-1,-1,-1
72,11,347.53,282.04,191.38,335.62,0.92,-1,-1,-1
72,9,704.64,218.54,119.40,337.29,0.81,-1,-1,-1
72,21,257.30,245.24,124.86,314.20,0.91,-1,-1,-1
72,24,888.93,319.65,81.58,133.58,0.71,-1,-1,-1
72,14,496.99,309.78,64.26,180.40,0.91,-1,-1,-1
72,25,291.21,354.57,91.04,275.82,0.91,-1,-1,-1
72,26,135.01,255.05,149.28,363.23,0.93,-1,-1,-1
72,27,139.21,270.78,40.78,94.48,0.74,-1,-1,-1
73,1,728.38,219.34,194.57,469.18,0.94,-1,-1,-1
73,4,554.94,213.76,230.17,565.14,0.86,-1,-1,-1
73,8,-93.07,172.70,274.63,805.33,0.85,-1,-1,-1
73,11,345.12,281.73,193.77,341.16,0.93,-1,-1,-1
73,9,708.30,217.22,117.71,324.85,0.79,-1,-1,-1
73,21,254.82,243.00,125.67,319.19,0.91,-1,-1,-1
73,24,893.47,319.74,82.85,146.75,0.75,-1,-1,-1
73,14,498.00,308.93,64.83,182.12,0.91,-1,-1,-1
73,25,290.81,354.82,92.77,278.63,0.91,-1,-1,-1
73,26,129.28,254.21,153.58,365.92,0.92,-1,-1,-1
74,1,731.39,216.70,193.66,472.65,0.94,-1,-1,-1
74,4,566.12,211.88,229.56,561.19,0.90,-1,-1,-1
74,8,-107.47,165.39,276.12,832.96,0.83,-1,-1,-1
74,11,342.84,281.92,193.09,344.63,0.93,-1,-1,-1
74,9,711.08,216.31,116.47,321.75,0.84,-1,-1,-1
74,21,251.68,241.13,126.82,325.32,0.91,-1,-1,-1
74,24,895.71,319.81,83.29,145.50,0.68,-1,-1,-1
74,14,499.48,308.18,65.02,183.49,0.92,-1,-1,-1
74,25,290.11,354.30,94.59,282.60,0.91,-1,-1,-1
74,26,123.07,252.58,156.73,371.62,0.93,-1,-1,-1
75,1,734.90,215.17,194.48,477.62,0.94,-1,-1,-1
75,4,577.30,211.50,225.78,552.75,0.89,-1,-1,-1
75,8,-111.73,169.84,266.19,832.64,0.80,-1,-1,-1
75,11,342.29,282.59,193.65,347.89,0.94,-1,-1,-1
75,9,713.27,215.86,114.81,316.06,0.82,-1,-1,-1
75,21,249.40,239.41,127.81,332.74,0.92,-1,-1,-1
75,24,898.28,319.44,78.72,137.50,0.73,-1,-1,-1
75,14,500.01,307.76,66.24,184.71,0.92,-1,-1,-1
75,25,288.47,354.96,99.12,284.64,0.92,-1,-1,-1
75,26,112.79,251.37,163.11,380.10,0.93,-1,-1,-1
76,1,738.79,214.93,194.79,482.57,0.94,-1,-1,-1
76,4,587.71,209.94,224.19,558.90,0.90,-1,-1,-1
76,8,-118.92,172.84,261.35,832.10,0.75,-1,-1,-1
76,11,342.70,283.81,194.44,352.65,0.94,-1,-1,-1
76,9,715.16,216.02,113.19,314.71,0.80,-1,-1,-1
76,21,243.86,239.13,131.31,337.42,0.92,-1,-1,-1
76,24,900.43,319.59,76.95,129.22,0.73,-1,-1,-1
76,14,500.33,307.89,67.39,186.11,0.92,-1,-1,-1
76,25,285.82,356.48,103.03,287.83,0.92,-1,-1,-1
76,26,104.88,251.51,166.80,389.62,0.94,-1,-1,-1
77,1,742.05,215.84,196.96,486.96,0.94,-1,-1,-1
77,4,594.72,209.21,224.56,567.70,0.88,-1,-1,-1
77,8,-134.22,180.97,264.57,839.02,0.67,-1,-1,-1
77,11,338.90,283.96,197.14,361.98,0.93,-1,-1,-1
77,9,717.36,216.84,109.99,312.59,0.82,-1,-1,-1
77,21,242.02,238.43,131.21,341.71,0.93,-1,-1,-1
77,24,901.70,320.39,77.38,133.45,0.74,-1,-1,-1
77,14,501.08,307.57,67.69,187.91,0.93,-1,-1,-1
77,25,284.73,358.17,105.80,292.46,0.92,-1,-1,-1
77,26,98.79,252.04,168.79,393.95,0.95,-1,-1,-1
78,1,743.76,218.33,198.95,490.04,0.93,-1,-1,-1
78,4,599.44,210.19,228.98,567.37,0.90,-1,-1,-1
78,8,-145.27,201.83,262.28,818.80,0.60,-1,-1,-1
78,11,335.52,284.64,198.92,371.22,0.93,-1,-1,-1
78,9,720.79,218.42,107.02,311.91,0.80,-1,-1,-1
78,21,239.08,238.09,132.30,345.69,0.92,-1,-1,-1
78,24,906.22,320.86,84.69,152.14,0.77,-1,-1,-1
78,14,501.91,307.93,67.18,189.26,0.93,-1,-1,-1
78,25,283.73,360.30,106.83,298.22,0.94,-1,-1,-1
78,26,92.91,253.65,170.56,398.41,0.95,-1,-1,-1
79,1,748.45,223.80,199.67,491.05,0.93,-1,-1,-1
79,4,602.67,212.24,234.23,563.05,0.88,-1,-1,-1
79,8,-165.65,203.20,264.01,859.34,0.33,-1,-1,-1
79,11,339.76,285.78,193.33,380.60,0.92,-1,-1,-1
79,9,722.22,221.29,105.35,304.50,0.79,-1,-1,-1
79,21,233.44,237.51,135.33,351.78,0.90,-1,-1,-1
79,24,909.31,322.13,84.78,146.79,0.71,-1,-1,-1
79,14,502.96,308.84,66.36,191.12,0.93,-1,-1,-1
79,25,282.26,362.86,107.16,302.20,0.93,-1,-1,-1
79,26,87.06,253.94,172.02,407.98,0.96,-1,-1,-1
80,1,749.57,227.94,201.76,491.85,0.93,-1,-1,-1
80,4,604.51,216.46,240.47,552.12,0.87,-1,-1,-1
80,8,-168.49,236.37,246.80,830.81,0.32,-1,-1,-1
80,11,337.75,286.51,195.37,388.29,0.92,-1,-1,-1
80,9,722.96,224.17,103.61,300.74,0.80,-1,-1,-1
80,21,226.58,237.29,139.93,355.88,0.90,-1,-1,-1
80,24,911.95,322.65,85.08,146.13,0.71,-1,-1,-1
80,14,503.85,310.23,64.26,191.99,0.93,-1,-1,-1
80,25,279.78,365.60,106.09,306.06,0.91,-1,-1,-1
80,26,80.51,255.21,174.02,415.12,0.96,-1,-1,-1
81,1,751.97,232.99,197.89,491.12,0.92,-1,-1,-1
81,4,605.69,221.90,246.77,554.72,0.87,-1,-1,-1
81,11,338.74,286.32,195.73,396.01,0.93,-1,-1,-1
81,9,721.62,225.73,104.78,305.36,0.80,-1,-1,-1
81,21,224.12,236.82,141.89,359.96,0.90,-1,-1,-1
81,24,912.11,323.72,82.70,138.45,0.79,-1,-1,-1
81,14,504.02,311.32,64.59,193.45,0.91,-1,-1,-1
81,25,277.13,368.44,108.20,308.95,0.92,-1,-1,-1
81,26,73.36,257.03,177.40,422.58,0.96,-1,-1,-1
81,28,188.77,270.22,42.97,88.20,0.80,-1,-1,-1
81,19,287.12,261.30,71.02,200.51,0.67,-1,-1,-1
82,1,754.62,236.22,197.62,488.61,0.93,-1,-1,-1
82,4,606.85,224.96,244.48,550.80,0.86,-1,-1,-1
82,11,334.49,286.57,200.55,401.74,0.92,-1,-1,-1
82,9,720.51,228.46,105.87,307.69,0.80,-1,-1,-1
82,21,218.08,236.85,144.59,363.32,0.91,-1,-1,-1
82,24,914.20,325.03,82.06,133.60,0.78,-1,-1,-1
82,14,505.57,312.35,61.73,194.85,0.91,-1,-1,-1
82,25,274.38,372.03,109.57,311.28,0.92,-1,-1,-1
82,26,64.54,258.22,182.11,430.09,0.96,-1,-1,-1
82,28,194.70,272.36,40.48,94.02,0.86,-1,-1,-1
82,19,289.95,261.82,73.57,206.83,0.74,-1,-1,-1
83,1,755.21,237.79,200.27,491.05,0.93,-1,-1,-1
83,4,606.72,226.36,250.19,552.60,0.78,-1,-1,-1
83,11,330.30,285.50,205.60,408.99,0.91,-1,-1,-1
83,9,720.63,229.94,106.35,307.23,0.82,-1,-1,-1
83,21,215.05,237.66,144.81,365.18,0.91,-1,-1,-1
83,24,918.18,325.73,81.52,134.83,0.79,-1,-1,-1
83,14,505.19,313.17,62.49,196.07,0.90,-1,-1,-1
83,25,269.96,376.03,112.74,312.34,0.91,-1,-1,-1
83,26,56.00,258.87,185.27,436.10,0.95,-1,-1,-1
83,28,202.15,271.80,41.33,102.28,0.80,-1,-1,-1
83,19,292.05,262.59,78.49,208.18,0.83,-1,-1,-1
83,29,603.00,230.85,186.30,499.50,0.71,-1,-1,-1
84,1,755.38,238.17,201.84,495.09,0.93,-1,-1,-1
84,4,607.74,231.32,213.97,519.49,0.83,-1,-1,-1
84,11,323.37,284.48,213.75,415.10,0.93,-1,-1,-1
84,9,720.95,230.90,105.97,306.99,0.81,-1,-1,-1
84,21,211.68,237.97,145.42,369.60,0.92,-1,-1,-1
84,24,920.80,326.27,82.49,134.39,0.78,-1,-1,-1
84,14,505.94,313.60,63.97,197.23,0.90,-1,-1,-1
84,25,264.37,379.40,117.43,314.56,0.91,-1,-1,-1
84,26,47.41,258.22,190.58,441.71,0.95,-1,-1,-1
84,28,210.60,270.68,41.76,107.53,0.32,-1,-1,-1
84,19,293.54,263.45,80.30,214.74,0.85,-1,-1,-1
85,1,755.34,236.24,202.41,492.99,0.93,-1,-1,-1
85,4,605.78,232.32,235.95,521.60,0.87,-1,-1,-1
85,11,318.58,284.92,218.82,418.25,0.92,-1,-1,-1
85,9,721.32,230.62,107.06,315.20,0.82,-1,-1,-1
85,21,204.92,238.23,149.41,369.70,0.89,-1,-1,-1
85,24,922.83,326.48,84.02,147.82,0.79,-1,-1,-1
85,14,506.27,313.97,65.71,198.15,0.90,-1,-1,-1
85,25,254.28,381.13,125.58,319.33,0.92,-1,-1,-1
85,26,39.13,257.07,194.55,446.40,0.95,-1,-1,-1
85,19,294.16,264.31,81.28,219.51,0.82,-1,-1,-1
86,1,756.42,234.72,197.87,486.65,0.92,-1,-1,-1
86,4,603.54,231.89,239.38,529.81,0.86,-1,-1,-1
86,11,318.98,283.64,223.47,423.35,0.93,-1,-1,-1
86,9,723.19,229.60,105.11,311.76,0.83,-1,-1,-1
86,21,200.08,237.93,151.78,370.93,0.91,-1,-1,-1
86,24,924.09,326.83,85.77,152.13,0.81,-1,-1,-1
86,14,506.63,314.25,66.97,198.30,0.90,-1,-1,-1
86,25,242.22,383.79,135.29,324.59,0.92,-1,-1,-1
86,26,30.24,255.61,194.28,451.35,0.95,-1,-1,-1
86,19,295.61,264.78,80.75,221.46,0.83,-1,-1,-1
87,1,756.42,232.87,195.81,485.37,0.93,-1,-1,-1
87,4,599.80,229.56,240.13,540.94,0.87,-1,-1,-1
87,11,305.01,282.23,240.87,428.57,0.93,-1,-1,-1
87,9,723.23,228.09,104.99,306.69,0.82,-1,-1,-1
87,21,195.25,237.52,154.02,373.88,0.90,-1,-1,-1
87,24,926.79,326.47,87.59,162.65,0.83,-1,-1,-1
87,14,507.05,314.17,66.85,199.02,0.89,-1,-1,-1
87,25,219.07,384.98,155.17,336.46,0.92,-1,-1,-1
87,26,20.93,253.00,201.91,456.78,0.95,-1,-1,-1
87,19,297.91,264.77,79.03,222.28,0.80,-1,-1,-1
88,1,756.89,229.92,190.85,479.07,0.94,-1,-1,-1
88,4,596.69,226.87,237.44,558.85,0.83,-1,-1,-1
88,11,294.81,280.98,253.46,432.86,0.93,-1,-1,-1
88,9,722.25,225.10,107.99,319.29,0.83,-1,-1,-1
88,21,191.04,235.92,155.77,379.03,0.88,-1,-1,-1
88,24,931.21,326.46,85.92,165.64,0.80,-1,-1,-1
88,14,506.80,313.98,68.57,200.00,0.88,-1,-1,-1
88,25,205.01,386.29,165.82,345.54,0.90,-1,-1,-1
88,26,11.47,250.26,206.63,462.17,0.95,-1,-1,-1
88,19,300.12,264.91,76.25,222.70,0.86,-1,-1,-1
89,1,757.38,226.84,189.92,477.77,0.94,-1,-1,-1
89,4,592.81,223.18,236.40,554.71,0.88,-1,-1,-1
89,11,289.38,280.38,256.49,438.23,0.93,-1,-1,-1
89,9,719.87,222.58,113.86,342.69,0.85,-1,-1,-1
89,21,187.09,234.15,158.08,389.12,0.89,-1,-1,-1
89,24,932.29,326.28,88.81,169.47,0.82,-1,-1,-1
89,14,506.78,313.60,67.45,200.62,0.87,-1,-1,-1
89,25,199.74,386.46,167.12,350.05,0.90,-1,-1,-1
89,26,2.98,248.35,209.66,466.64,0.95,-1,-1,-1
89,19,300.95,264.34,75.20,221.33,0.83,-1,-1,-1
90,1,757.80,223.79,194.18,471.30,0.94,-1,-1,-1
90,4,588.26,220.88,231.89,550.46,0.89,-1,-1,-1
90,11,281.48,278.31,265.05,448.26,0.93,-1,-1,-1
90,9,718.63,221.01,114.36,341.85,0.85,-1,-1,-1
90,21,181.96,232.08,160.49,394.40,0.89,-1,-1,-1
90,24,937.34,326.11,87.55,172.21,0.80,-1,-1,-1
90,14,506.66,313.36,66.42,202.48,0.90,-1,-1,-1
90,25,192.53,385.53,168.62,370.57,0.88,-1,-1,-1
90,26,-6.01,245.95,210.05,472.34,0.95,-1,-1,-1
90,19,302.42,263.43,75.74,217.70,0.83,-1,-1,-1
91,1,757.08,220.86,197.82,471.94,0.94,-1,-1,-1
91,4,582.05,217.02,230.15,548.84,0.87,-1,-1,-1
91,11,266.66,277.79,279.57,453.99,0.92,-1,-1,-1
91,9,717.00,219.45,118.64,339.69,0.86,-1,-1,-1
91,21,176.53,231.57,164.25,397.77,0.89,-1,-1,-1
91,24,937.46,325.62,90.57,171.88,0.79,-1,-1,-1
91,14,505.15,312.80,66.00,204.49,0.89,-1,-1,-1
91,25,182.81,384.67,172.41,377.01,0.85,-1,-1,-1
91,26,-13.98,243.10,210.67,480.94,0.95,-1,-1,-1
91,19,301.01,262.73,79.22,209.71,0.84,-1,-1,-1
92,1,757.96,220.29,203.90,475.41,0.94,-1,-1,-1
92,4,574.03,214.57,230.66,563.93,0.88,-1,-1,-1
92,11,256.98,277.91,285.63,470.96,0.93,-1,-1,-1
92,9,716.98,217.58,117.87,338.92,0.87,-1,-1,-1
92,21,169.40,230.78,167.99,404.82,0.89,-1,-1,-1
92,24,939.20,325.34,92.84,173.84,0.83,-1,-1,-1
92,14,503.37,312.46,66.42,205.97,0.90,-1,-1,-1
92,25,177.72,383.23,160.80,393.11,0.86,-1,-1,-1
92,26,-19.12,241.27,209.64,490.67,0.94,-1,-1,-1
92,19,302.80,261.70,77.55,208.68,0.82,-1,-1,-1
93,1,758.23,218.93,206.19,480.99,0.93,-1,-1,-1
93,4,566.83,212.36,230.28,558.25,0.89,-1,-1,-1
93,11,252.96,278.84,287.51,473.57,0.92,-1,-1,-1
93,9,716.63,216.68,119.89,347.42,0.88,-1,-1,-1
93,21,165.45,230.14,169.30,410.43,0.90,-1,-1,-1
93,24,943.86,325.70,92.51,172.92,0.83,-1,-1,-1
93,14,505.31,312.35,64.19,208.57,0.91,-1,-1,-1
93,25,170.59,380.78,152.24,402.82,0.89,-1,-1,-1
93,26,-23.19,239.71,206.24,502.74,0.92,-1,-1,-1
93,19,304.09,260.57,75.67,207.90,0.80,-1,-1,-1
94,1,757.36,218.92,210.81,485.60,0.94,-1,-1,-1
94,4,556.68,206.48,237.26,587.82,0.87,-1,-1,-1
94,11,244.37,280.06,292.27,494.48,0.92,-1,-1,-1
94,9,717.64,215.94,119.40,349.50,0.87,-1,-1,-1
94,21,155.91,230.53,174.63,396.18,0.89,-1,-1,-1
94,24,943.13,325.86,97.04,175.69,0.84,-1,-1,-1
94,14,506.33,312.87,63.90,210.09,0.91,-1,-1,-1
94,25,156.31,380.13,151.26,416.34,0.90,-1,-1,-1
94,26,-27.41,239.37,197.75,516.76,0.89,-1,-1,-1
94,19,304.52,259.52,75.54,213.64,0.81,-1,-1,-1
95,1,759.01,220.50,208.78,490.20,0.93,-1,-1,-1
95,4,550.18,209.93,243.49,594.00,0.86,-1,-1,-1
95,11,231.26,283.37,300.85,500.31,0.91,-1,-1,-1
95,9,717.67,217.22,119.22,352.70,0.88,-1,-1,-1
95,21,150.88,231.99,175.43,389.92,0.92,-1,-1,-1
95,24,940.50,326.91,103.40,175.57,0.84,-1,-1,-1
95,14,508.66,313.77,62.02,210.70,0.92,-1,-1,-1
95,25,138.24,381.14,158.13,421.56,0.92,-1,-1,-1
95,26,-37.03,240.37,198.24,526.09,0.89,-1,-1,-1
95,19,304.42,259.21,76.42,212.30,0.83,-1,-1,-1
96,1,758.44,225.36,205.02,490.84,0.94,-1,-1,-1
96,4,542.16,211.73,251.81,599.02,0.84,-1,-1,-1
96,11,221.52,286.54,304.74,514.06,0.92,-1,-1,-1
96,9,717.38,218.55,122.73,361.74,0.87,-1,-1,-1
96,21,146.20,234.45,175.54,391.78,0.92,-1,-1,-1
96,24,946.36,327.69,101.28,179.89,0.87,-1,-1,-1
96,14,507.95,314.65,63.77,213.14,0.92,-1,-1,-1
96,25,117.33,385.28,173.99,423.26,0.90,-1,-1,-1
96,26,-44.30,241.92,197.58,526.49,0.89,-1,-1,-1
96,19,304.24,258.90,76.48,210.63,0.84,-1,-1,-1
96,28,288.46,269.75,42.32,111.64,0.73,-1,-1,-1
97,1,761.23,229.13,204.13,494.17,0.93,-1,-1,-1
97,4,537.20,213.15,258.46,604.16,0.85,-1,-1,-1
97,11,209.29,290.32,311.83,528.43,0.91,-1,-1,-1
97,9,715.55,220.13,126.36,372.21,0.88,-1,-1,-1
97,21,140.82,235.17,177.24,396.73,0.91,-1,-1,-1
97,24,946.31,328.69,105.02,180.74,0.84,-1,-1,-1
97,14,508.33,315.82,64.41,214.02,0.91,-1,-1,-1
97,25,94.26,392.08,193.94,425.96,0.90,-1,-1,-1
97,26,-53.60,243.97,198.36,531.31,0.89,-1,-1,-1
97,19,305.23,258.90,75.89,208.96,0.84,-1,-1,-1
97,28,294.48,268.17,45.18,114.85,0.80,-1,-1,-1
98,1,763.35,233.73,203.76,496.52,0.94,-1,-1,-1
98,4,533.90,218.50,264.45,612.23,0.85,-1,-1,-1
98,11,193.34,292.12,322.27,544.00,0.91,-1,-1,-1
98,9,718.28,223.51,121.86,376.46,0.89,-1,-1,-1
98,21,137.09,235.96,175.96,402.64,0.92,-1,-1,-1
98,24,954.28,330.43,100.57,180.07,0.86,-1,-1,-1
98,14,508.40,316.90,65.24,215.91,0.92,-1,-1,-1
98,25,68.48,399.25,215.88,429.05,0.89,-1,-1,-1
98,26,-64.17,246.31,200.37,534.46,0.88,-1,-1,-1
98,19,303.74,259.12,78.67,214.33,0.79,-1,-1,-1
98,28,302.11,266.71,46.35,119.44,0.68,-1,-1,-1
98,30,73.91,283.27,28.80,76.50,0.73,-1,-1,-1
99,1,767.26,236.93,202.35,496.51,0.94,-1,-1,-1
99,4,533.04,224.12,267.18,596.56,0.85,-1,-1,-1
99,11,181.47,293.38,329.77,559.91,0.91,-1,-1,-1
99,9,719.54,225.27,122.38,379.37,0.88,-1,-1,-1
99,21,131.45,236.45,178.29,413.63,0.90,-1,-1,-1
99,24,957.41,331.32,101.06,176.67,0.84,-1,-1,-1
99,14,509.00,317.57,65.54,217.35,0.92,-1,-1,-1
99,25,43.50,406.90,236.57,440.91,0.91,-1,-1,-1
99,26,-73.48,249.34,201.03,535.12,0.86,-1,-1,-1
99,19,306.64,258.79,80.26,211.32,0.64,-1,-1,-1
99,28,309.03,266.32,45.01,117.26,0.27,-1,-1,-1
99,30,75.77,283.24,28.55,72.59,0.81,-1,-1,-1
100,1,768.69,239.40,204.80,494.84,0.95,-1,-1,-1
100,4,534.02,225.03,267.54,618.39,0.84,-1,-1,-1
100,11,164.49,291.32,342.49,570.02,0.91,-1,-1,-1
100,9,719.42,226.91,121.96,381.68,0.89,-1,-1,-1
100,21,123.42,235.54,181.03,440.80,0.92,-1,-1,-1
100,24,958.50,332.18,103.58,173.20,0.86,-1,-1,-1
100,14,509.50,318.50,66.84,218.59,0.92,-1,-1,-1
100,25,17.97,414.95,254.63,436.53,0.90,-1,-1,-1
100,26,-82.15,250.44,202.30,544.00,0.85,-1,-1,-1
100,19,310.96,259.66,81.74,215.11,0.76,-1,-1,-1
100,30,75.42,283.73,29.80,71.82,0.79,-1,-1,-1
100,31,918.00,279.00,48.60,111.15,0.73,-1,-1,-1
101,1,769.21,241.20,207.51,494.42,0.95,-1,-1,-1
101,4,539.01,230.38,264.64,593.75,0.85,-1,-1,-1
101,11,152.52,290.96,350.34,578.91,0.91,-1,-1,-1
101,9,720.58,228.14,121.79,383.27,0.88,-1,-1,-1
101,21,117.50,234.95,181.58,454.77,0.92,-1,-1,-1
101,24,961.80,332.48,104.50,172.73,0.89,-1,-1,-1
101,14,510.90,319.16,66.74,219.88,0.92,-1,-1,-1
101,25,-5.01,421.87,271.18,446.25,0.88,-1,-1,-1
101,26,-86.16,252.68,198.81,534.78,0.83,-1,-1,-1
101,19,315.73,261.07,85.84,232.68,0.81,-1,-1,-1
101,30,78.36,283.86,29.53,71.91,0.81,-1,-1,-1
101,31,921.60,279.13,48.63,116.25,0.73,-1,-1,-1
101,32,940.50,322.20,70.20,121.05,0.71,-1,-1,-1
102,1,772.36,240.87,208.60,492.77,0.95,-1,-1,-1
102,4,544.32,233.46,259.38,568.60,0.87,-1,-1,-1
102,11,140.09,289.66,360.17,589.61,0.89,-1,-1,-1
102,9,720.44,230.67,122.37,381.33,0.88,-1,-1,-1
102,21,111.83,233.29,182.12,463.29,0.93,-1,-1,-1
102,24,965.99,332.95,104.85,172.39,0.86,-1,-1,-1
102,14,512.93,319.23,66.14,221.66,0.91,-1,-1,-1
102,25,-21.78,426.07,279.12,455.77,0.86,-1,-1,-1
102,26,-98.28,253.58,203.91,535.11,0.79,-1,-1,-1
102,19,318.66,261.60,89.16,241.84,0.84,-1,-1,-1
102,30,80.71,284.39,29.23,71.27,0.83,-1,-1,-1
102,31,925.25,278.45,50.04,115.54,0.64,-1,-1,-1
102,32,942.00,322.13,73.13,123.64,0.64,-1,-1,-1
103,1,774.64,238.42,209.54,485.31,0.94,-1,-1,-1
103,4,552.11,235.59,250.07,554.67,0.88,-1,-1,-1
103,11,123.27,286.90,374.89,605.37,0.88,-1,-1,-1
103,9,722.12,231.73,121.94,380.82,0.88,-1,-1,-1
103,21,107.80,230.56,180.37,471.23,0.91,-1,-1,-1
103,24,970.36,333.35,104.91,173.10,0.87,-1,-1,-1
103,14,515.75,319.62,64.69,222.39,0.92,-1,-1,-1
103,25,-31.17,428.65,278.65,467.91,0.85,-1,-1,-1
103,26,-109.09,254.30,204.55,514.34,0.78,-1,-1,-1
103,19,319.93,262.62,92.14,242.14,0.84,-1,-1,-1
103,30,82.67,284.82,29.60,71.06,0.85,-1,-1,-1
103,31,929.49,284.42,50.49,106.14,0.64,-1,-1,-1
103,32,948.59,330.72,87.40,129.14,0.65,-1,-1,-1
104,1,776.04,238.02,211.07,483.70,0.95,-1,-1,-1
104,4,559.62,235.06,247.13,536.32,0.90,-1,-1,-1
104,11,109.36,282.31,386.05,626.26,0.88,-1,-1,-1
104,9,722.44,231.03,123.56,376.53,0.87,-1,-1,-1
104,21,100.29,228.60,182.85,477.29,0.91,-1,-1,-1
104,24,974.29,333.15,106.09,175.14,0.88,-1,-1,-1
104,14,517.38,318.98,64.14,224.25,0.91,-1,-1,-1
104,25,-44.45,429.66,278.70,490.30,0.83,-1,-1,-1
104,26,-123.72,252.87,207.03,531.38,0.58,-1,-1,-1
104,19,321.51,262.55,94.15,246.69,0.85,-1,-1,-1
104,30,85.19,284.60,28.70,71.00,0.84,-1,-1,-1
104,31,931.31,288.02,51.92,107.83,0.59,-1,-1,-1
104,32,954.53,332.75,91.21,130.48,0.59,-1,-1,-1
105,1,778.97,236.08,212.81,479.51,0.95,-1,-1,-1
105,4,569.11,233.78,244.25,540.20,0.88,-1,-1,-1
105,11,96.29,278.13,396.51,641.66,0.88,-1,-1,-1
105,9,725.90,230.63,122.38,368.06,0.87,-1,-1,-1
105,21,95.62,226.03,178.05,480.66,0.92,-1,-1,-1
105,24,979.31,333.09,106.50,176.77,0.87,-1,-1,-1
105,14,516.54,319.06,65.75,225.20,0.91,-1,-1,-1
105,25,-48.58,427.42,271.99,515.17,0.82,-1,-1,-1
105,26,-124.98,257.44,205.84,518.01,0.27,-1,-1,-1
105,19,321.59,262.72,96.92,249.35,0.86,-1,-1,-1
105,30,88.85,285.19,26.86,70.36,0.81,-1,-1,-1
105,31,932.46,286.57,54.93,107.40,0.59,-1,-1,-1
105,32,960.27,333.97,86.96,128.39,0.56,-1,-1,-1
106,1,782.35,232.02,212.95,480.38,0.95,-1,-1,-1
106,4,578.57,230.14,242.71,585.60,0.83,-1,-1,-1
106,11,86.08,274.72,404.10,633.22,0.89,-1,-1,-1
106,9,726.26,229.23,124.36,361.21,0.86,-1,-1,-1
106,21,90.42,224.27,175.29,485.83,0.91,-1,-1,-1
106,24,978.16,332.71,112.57,178.55,0.89,-1,-1,-1
106,14,512.90,318.50,70.53,226.72,0.92,-1,-1,-1
106,25,-57.94,426.73,269.12,518.21,0.82,-1,-1,-1
106,19,320.77,262.83,100.61,247.65,0.86,-1,-1,-1
106,30,89.97,285.46,27.86,70.46,0.79,-1,-1,-1
106,31,937.05,289.45,53.54,109.93,0.18,-1,-1,-1
106,32,963.21,325.82,74.61,130.81,0.67,-1,-1,-1
107,1,786.01,228.72,214.06,480.12,0.96,-1,-1,-1
107,4,590.53,227.05,237.86,581.74,0.86,-1,-1,-1
107,11,77.90,271.87,410.18,642.83,0.90,-1,-1,-1
107,9,728.22,227.28,123.85,354.91,0.85,-1,-1,-1
107,21,85.22,222.82,168.75,490.92,0.92,-1,-1,-1
107,24,981.17,332.59,114.80,180.67,0.89,-1,-1,-1
107,14,509.30,318.26,75.76,227.22,0.93,-1,-1,-1
107,25,-75.49,426.50,275.07,532.61,0.80,-1,-1,-1
107,19,319.07,262.53,105.42,248.04,0.86,-1,-1,-1
107,30,93.10,285.47,25.70,70.19,0.75,-1,-1,-1
107,31,939.26,290.56,55.37,126.13,0.28,-1,-1,-1
107,32,973.12,322.68,63.20,117.14,0.60,-1,-1,-1
107,33,59.17,277.42,28.57,79.20,0.84,-1,-1,-1
108,1,789.67,226.03,215.11,484.33,0.95,-1,-1,-1
108,4,603.59,225.55,234.32,567.37,0.87,-1,-1,-1
108,11,58.32,272.80,424.34,654.92,0.89,-1,-1,-1
108,9,730.08,224.92,123.67,353.40,0.83,-1,-1,-1
108,21,79.50,220.90,175.05,494.24,0.88,-1,-1,-1
108,24,988.68,332.59,112.14,179.69,0.88,-1,-1,-1
108,14,505.23,317.93,81.83,228.30,0.93,-1,-1,-1
108,25,-87.48,429.37,277.81,533.92,0.79,-1,-1,-1
108,19,320.55,261.29,105.85,252.87,0.88,-1,-1,-1
108,30,96.04,285.22,25.73,69.51,0.78,-1,-1,-1
108,31,927.94,286.90,69.28,156.29,0.32,-1,-1,-1
108,32,975.17,321.20,65.16,124.74,0.64,-1,-1,-1
108,33,60.51,277.79,29.95,79.60,0.86,-1,-1,-1
108,28,383.25,269.57,37.26,113.64,0.78,-1,-1,-1
109,1,795.45,223.99,214.52,489.36,0.95,-1,-1,-1
109,4,617.98,221.18,227.55,586.93,0.84,-1,-1,-1
109,11,40.77,270.76,436.64,674.44,0.89,-1,-1,-1
109,9,733.76,222.30,123.53,355.21,0.82,-1,-1,-1
109,21,73.75,217.89,170.75,499.81,0.87,-1,-1,-1
109,24,993.85,332.88,112.18,178.69,0.89,-1,-1,-1
109,14,501.09,318.05,87.59,228.95,0.93,-1,-1,-1
109,25,-101.02,433.49,281.48,523.22,0.75,-1,-1,-1
109,19,321.27,260.16,106.77,256.69,0.88,-1,-1,-1
109,30,98.01,285.32,25.63,68.05,0.17,-1,-1,-1
109,31,939.92,290.02,62.23,137.98,0.37,-1,-1,-1
109,32,980.91,320.74,61.88,114.34,0.65,-1,-1,-1
109,33,61.55,277.48,30.90,79.69,0.86,-1,-1,-1
109,28,391.45,268.63,38.55,114.37,0.80,-1,-1,-1
110,1,799.63,225.38,214.63,491.17,0.95,-1,-1,-1
110,4,629.09,219.33,223.95,563.68,0.84,-1,-1,-1
110,11,13.99,270.92,458.96,685.16,0.88,-1,-1,-1
110,9,736.86,220.49,122.92,356.96,0.83,-1,-1,-1
110,21,66.92,215.03,177.33,508.43,0.87,-1,-1,-1
110,24,999.91,332.94,112.20,179.69,0.89,-1,-1,-1
110,14,497.61,318.48,93.28,230.43,0.93,-1,-1,-1
110,25,-113.22,443.23,284.82,509.55,0.53,-1,-1,-1
110,19,319.68,258.61,109.72,261.42,0.90,-1,-1,-1
110,31,943.59,292.02,63.40,145.80,0.13,-1,-1,-1
110,32,986.50,320.22,62.13,115.45,0.66,-1,-1,-1
110,33,62.86,276.99,32.60,80.41,0.86,-1,-1,-1
110,28,396.90,267.78,39.77,112.23,0.86,-1,-1,-1
111,1,804.05,226.68,216.35,495.04,0.95,-1,-1,-1
111,4,635.39,218.19,222.04,552.83,0.86,-1,-1,-1
111,11,-5.68,271.76,473.98,708.86,0.86,-1,-1,-1
111,9,740.67,219.53,120.84,350.60,0.82,-1,-1,-1
111,21,60.48,212.54,177.83,515.39,0.87,-1,-1,-1
111,24,1001.96,333.48,115.68,180.26,0.88,-1,-1,-1
111,14,496.07,318.30,96.04,232.61,0.93,-1,-1,-1
111,25,-134.29,420.35,303.27,562.43,0.11,-1,-1,-1
111,19,319.24,256.83,111.35,265.65,0.90,-1,-1,-1
111,31,937.16,291.08,75.54,154.91,0.19,-1,-1,-1
111,32,993.77,321.39,59.74,100.09,0.59,-1,-1,-1
111,33,65.41,277.65,31.90,79.25,0.83,-1,-1,-1
111,28,398.51,267.28,48.31,111.71,0.86,-1,-1,-1
112,1,808.59,228.23,218.60,506.08,0.95,-1,-1,-1
112,4,638.38,217.00,223.09,554.40,0.88,-1,-1,-1
112,11,-28.45,275.37,487.42,736.18,0.86,-1,-1,-1
112,9,742.05,218.49,122.35,350.37,0.80,-1,-1,-1
112,21,54.06,212.33,174.90,518.37,0.88,-1,-1,-1
112,24,1007.27,334.59,115.72,181.93,0.89,-1,-1,-1
112,14,495.82,318.73,98.13,233.96,0.94,-1,-1,-1
112,19,320.59,256.04,111.24,269.21,0.90,-1,-1,-1
112,31,944.19,289.85,72.28,126.00,0.72,-1,-1,-1
112,32,991.58,321.75,65.27,105.50,0.70,-1,-1,-1
112,33,68.59,276.57,30.10,82.13,0.78,-1,-1,-1
112,28,402.43,267.15,56.66,113.61,0.91,-1,-1,-1
113,1,813.74,233.07,218.39,498.58,0.95,-1,-1,-1
113,4,640.68,216.57,226.73,566.75,0.83,-1,-1,-1
113,11,-43.13,279.67,493.89,777.57,0.82,-1,-1,-1
113,9,745.16,218.48,121.81,346.31,0.80,-1,-1,-1
113,21,45.39,212.23,175.52,524.15,0.85,-1,-1,-1
113,24,1012.79,335.57,115.76,184.52,0.88,-1,-1,-1
113,14,495.92,319.97,99.54,234.79,0.94,-1,-1,-1
113,19,321.60,255.07,112.09,270.27,0.90,-1,-1,-1
113,31,956.02,292.90,64.75,108.45,0.70,-1,-1,-1
113,32,997.49,321.82,63.59,105.66,0.70,-1,-1,-1
113,33,70.77,277.36,27.12,74.03,0.33,-1,-1,-1
113,28,405.77,268.34,62.21,115.26,0.91,-1,-1,-1
114,1,815.87,237.52,220.33,495.24,0.94,-1,-1,-1
114,4,643.14,214.84,234.10,584.70,0.87,-1,-1,-1
114,11,-70.82,284.65,512.99,824.26,0.82,-1,-1,-1
114,9,748.06,218.99,120.39,339.98,0.80,-1,-1,-1
114,21,38.18,212.56,173.04,538.32,0.83,-1,-1,-1
114,24,1016.52,336.11,118.09,187.23,0.89,-1,-1,-1
114,14,497.17,320.91,99.42,237.41,0.94,-1,-1,-1
114,19,322.74,254.00,112.34,276.43,0.91,-1,-1,-1
114,31,957.50,291.68,68.91,110.16,0.78,-1,-1,-1
114,32,1001.32,322.65,65.41,110.09,0.68,-1,-1,-1
114,28,413.20,269.26,60.20,116.17,0.90,-1,-1,-1
115,1,818.31,243.53,221.53,489.84,0.94,-1,-1,-1
115,4,645.67,217.46,237.37,585.78,0.86,-1,-1,-1
115,11,-71.83,292.68,503.56,846.84,0.82,-1,-1,-1
115,9,749.36,220.67,121.60,339.21,0.80,-1,-1,-1
115,21,28.06,213.85,172.00,530.58,0.83,-1,-1,-1
115,24,1013.01,337.65,127.14,189.82,0.88,-1,-1,-1
115,14,497.73,322.12,100.41,238.31,0.94,-1,-1,-1
115,19,323.22,254.02,113.50,278.19,0.94,-1,-1,-1
115,31,963.22,293.00,68.02,110.39,0.79,-1,-1,-1
115,32,1004.32,322.68,67.25,100.65,0.67,-1,-1,-1
115,28,420.18,270.34,59.31,115.60,0.84,-1,-1,-1
115,34,952.20,280.57,27.00,63.45,0.71,-1,-1,-1
116,1,820.86,247.07,223.70,489.07,0.94,-1,-1,-1
116,4,646.13,221.01,240.37,573.41,0.86,-1,-1,-1
116,11,-81.57,297.41,502.34,860.33,0.80,-1,-1,-1
116,9,750.06,223.08,121.44,336.85,0.81,-1,-1,-1
116,21,17.51,215.71,180.73,533.21,0.80,-1,-1,-1
116,24,1022.50,338.17,123.61,191.92,0.88,-1,-1,-1
116,14,498.28,322.81,100.12,239.46,0.94,-1,-1,-1
116,19,323.72,253.28,114.75,280.32,0.94,-1,-1,-1
116,31,970.04,294.33,65.19,111.39,0.78,-1,-1,-1
116,32,1005.24,323.43,70.33,102.65,0.70,-1,-1,-1
116,28,428.08,271.45,58.74,115.36,0.90,-1,-1,-1
116,34,956.67,281.74,25.57,62.04,0.63,-1,-1,-1
117,1,821.50,248.40,228.40,489.54,0.94,-1,-1,-1
117,4,644.96,223.94,243.36,571.17,0.85,-1,-1,-1
117,11,-64.43,302.05,480.84,853.25,0.79,-1,-1,-1
117,9,751.50,223.82,120.22,340.58,0.83,-1,-1,-1
117,21,7.29,217.37,198.21,553.68,0.77,-1,-1,-1
117,24,1031.03,339.19,120.91,190.82,0.89,-1,-1,-1
117,14,499.08,323.00,99.38,240.66,0.93,-1,-1,-1
117,19,324.68,253.38,115.51,281.71,0.95,-1,-1,-1
117,31,975.64,296.22,65.25,110.90,0.76,-1,-1,-1
117,32,1006.78,323.77,75.03,118.21,0.69,-1,-1,-1
117,28,440.21,272.07,54.99,115.30,0.91,-1,-1,-1
117,34,960.54,281.50,26.70,64.22,0.72,-1,-1,-1
118,1,820.69,247.88,230.45,489.88,0.94,-1,-1,-1
118,4,640.49,226.64,249.22,580.77,0.87,-1,-1,-1
118,11,-47.61,303.13,459.03,875.22,0.77,-1,-1,-1
118,9,752.51,225.53,119.78,346.41,0.83,-1,-1,-1
118,21,-1.36,216.74,199.87,540.28,0.75,-1,-1,-1
118,24,1038.78,339.88,119.83,190.72,0.89,-1,-1,-1
118,14,500.60,322.86,97.27,242.92,0.93,-1,-1,-1
118,19,324.77,252.55,117.82,285.58,0.95,-1,-1,-1
118,31,975.14,296.02,71.19,111.90,0.80,-1,-1,-1
118,32,1008.34,323.64,80.28,126.58,0.71,-1,-1,-1
118,28,454.65,271.08,49.68,114.34,0.88,-1,-1,-1
118,34,964.77,282.68,28.45,62.15,0.57,-1,-1,-1
119,1,820.52,247.31,230.90,491.54,0.94,-1,-1,-1
119,4,634.80,230.14,262.01,582.75,0.87,-1,-1,-1
119,11,-49.32,301.60,436.51,896.13,0.74,-1,-1,-1
119,9,751.27,226.22,121.43,355.72,0.83,-1,-1,-1
119,21,-18.49,217.09,207.82,557.28,0.76,-1,-1,-1
119,24,1045.06,340.56,119.39,190.21,0.90,-1,-1,-1
119,14,501.12,323.08,94.02,243.74,0.93,-1,-1,-1
119,19,324.40,252.08,120.42,288.02,0.95,-1,-1,-1
119,31,978.34,296.05,72.24,114.68,0.82,-1,-1,-1
119,32,1010.54,323.72,81.18,122.51,0.75,-1,-1,-1
119,28,465.86,269.78,47.79,116.68,0.89,-1,-1,-1
119,34,969.18,282.72,27.69,60.71,0.60,-1,-1,-1
120,1,819.99,246.12,228.90,491.17,0.94,-1,-1,-1
120,4,629.06,231.58,275.50,581.69,0.86,-1,-1,-1
120,11,-70.43,296.42,425.64,937.56,0.69,-1,-1,-1
120,9,749.23,227.78,123.81,360.79,0.82,-1,-1,-1
120,21,-44.59,214.43,225.84,616.52,0.74,-1,-1,-1
120,24,1048.93,340.44,120.37,198.26,0.90,-1,-1,-1
120,14,501.63,322.22,89.73,244.84,0.93,-1,-1,-1
120,19,323.11,252.35,123.69,289.81,0.95,-1,-1,-1
120,31,984.04,298.52,71.40,117.77,0.80,-1,-1,-1
120,32,1015.81,323.55,81.47,121.60,0.73,-1,-1,-1
120,28,468.65,268.67,54.45,118.12,0.91,-1,-1,-1
120,34,974.26,281.51,27.33,64.56,0.76,-1,-1,-1
121,1,820.66,242.79,224.24,494.16,0.95,-1,-1,-1
121,4,627.11,232.98,283.01,585.11,0.84,-1,-1,-1
121,11,-109.74,292.10,442.98,983.03,0.57,-1,-1,-1
121,9,747.88,228.86,125.90,363.07,0.81,-1,-1,-1
121,21,-51.92,213.59,226.27,570.01,0.61,-1,-1,-1
121,24,1053.85,340.95,121.91,199.78,0.90,-1,-1,-1
121,14,501.57,322.33,85.67,243.87,0.93,-1,-1,-1
121,19,323.08,252.47,125.78,290.97,0.95,-1,-1,-1
121,31,987.38,298.37,73.37,122.48,0.81,-1,-1,-1
121,32,1024.82,323.32,76.86,115.89,0.79,-1,-1,-1
121,28,473.86,267.36,62.49,119.84,0.90,-1,-1,-1
121,34,979.05,282.18,25.91,61.79,0.69,-1,-1,-1
122,1,820.83,239.12,224.86,497.11,0.94,-1,-1,-1
122,4,626.57,232.57,287.60,593.83,0.82,-1,-1,-1
122,11,-115.34,292.39,423.64,999.00,0.62,-1,-1,-1
122,9,747.33,229.77,126.71,363.71,0.80,-1,-1,-1
122,21,-62.20,214.20,228.22,567.69,0.78,-1,-1,-1
122,24,1060.30,340.83,121.30,202.38,0.90,-1,-1,-1
122,14,500.30,322.67,82.97,243.17,0.92,-1,-1,-1
122,19,323.88,252.54,126.84,294.00,0.95,-1,-1,-1
122,31,990.33,297.70,75.26,124.84,0.76,-1,-1,-1
122,32,1028.18,322.93,79.81,115.18,0.80,-1,-1,-1
122,28,479.41,266.87,65.13,118.72,0.86,-1,-1,-1
122,34,983.04,281.34,26.67,63.55,0.55,-1,-1,-1
122,30,132.46,285.66,25.21,69.30,0.80,-1,-1,-1
123,1,822.63,237.13,223.86,487.51,0.95,-1,-1,-1
123,4,626.04,230.17,290.97,579.78,0.85,-1,-1,-1
123,11,-191.15,232.62,474.97,1126.15,0.54,-1,-1,-1
123,9,749.18,229.43,126.98,358.35,0.81,-1,-1,-1
123,21,-75.42,210.24,232.02,578.58,0.76,-1,-1,-1
123,24,1063.75,340.48,123.40,200.67,0.90,-1,-1,-1
123,14,499.53,321.44,78.94,244.80,0.91,-1,-1,-1
123,19,324.78,252.56,127.75,296.24,0.95,-1,-1,-1
123,31,991.94,298.73,78.28,128.36,0.79,-1,-1,-1
123,32,1031.10,322.65,82.03,116.41,0.81,-1,-1,-1
123,28,486.18,267.72,65.00,114.10,0.46,-1,-1,-1
123,34,987.37,281.50,28.15,63.86,0.39,-1,-1,-1
123,30,135.57,285.30,25.36,69.33,0.84,-1,-1,-1
123,33,99.56,279.23,24.73,66.74,0.64,-1,-1,-1
124,1,825.06,234.56,223.49,482.05,0.95,-1,-1,-1
124,4,625.53,227.09,292.75,570.69,0.83,-1,-1,-1
124,11,-250.89,180.66,507.93,1238.86,0.23,-1,-1,-1
124,9,748.99,228.36,128.86,353.89,0.80,-1,-1,-1
124,21,-96.24,202.01,242.65,621.06,0.67,-1,-1,-1
124,24,1069.66,339.56,124.18,201.57,0.90,-1,-1,-1
124,14,498.96,319.48,72.57,247.76,0.91,-1,-1,-1
124,19,325.99,251.99,128.64,299.07,0.95,-1,-1,-1
124,31,997.71,298.93,78.25,131.13,0.80,-1,-1,-1
124,32,1030.98,322.66,85.20,120.73,0.82,-1,-1,-1
124,34,992.46,281.55,26.31,61.53,0.43,-1,-1,-1
124,30,138.96,285.47,25.26,69.04,0.81,-1,-1,-1
124,33,101.87,279.47,27.14,69.77,0.80,-1,-1,-1
124,35,88.54,287.32,33.07,78.75,0.72,-1,-1,-1
125,1,828.54,232.17,221.22,483.62,0.95,-1,-1,-1
125,4,621.44,220.73,298.53,589.04,0.83,-1,-1,-1
125,11,-229.71,192.57,453.63,1182.79,0.38,-1,-1,-1
125,9,745.89,224.63,127.76,360.03,0.82,-1,-1,-1
125,21,-142.24,169.46,285.49,765.35,0.30,-1,-1,-1
125,24,1074.61,338.67,124.44,202.16,0.90,-1,-1,-1
125,14,498.40,319.37,67.81,252.39,0.91,-1,-1,-1
125,19,327.86,252.11,129.20,301.82,0.95,-1,-1,-1
125,31,1004.46,300.50,75.82,131.27,0.79,-1,-1,-1
125,32,1033.64,322.87,86.38,118.82,0.84,-1,-1,-1
125,34,998.36,280.85,25.55,61.56,0.52,-1,-1,-1
125,30,139.49,285.42,26.71,68.63,0.86,-1,-1,-1
125,33,104.42,279.55,27.39,73.31,0.82,-1,-1,-1
125,35,88.46,288.09,36.15,76.25,0.85,-1,-1,-1
125,28,522.27,268.95,49.43,115.65,0.84,-1,-1,-1
126,1,830.70,230.56,223.65,486.20,0.95,-1,-1,-1
126,4,619.01,219.12,303.54,577.37,0.81,-1,-1,-1
126,11,-229.40,191.89,439.74,1179.92,0.14,-1,-1,-1
126,9,742.62,221.02,130.28,367.21,0.82,-1,-1,-1
126,21,-165.64,157.58,294.67,794.38,0.34,-1,-1,-1
126,24,1079.29,338.63,125.69,203.82,0.90,-1,-1,-1
126,14,497.60,318.74,65.63,254.40,0.91,-1,-1,-1
126,19,330.49,252.46,128.18,302.78,0.94,-1,-1,-1
126,31,1006.94,300.06,78.38,135.38,0.81,-1,-1,-1
126,32,1040.41,322.53,85.63,119.53,0.84,-1,-1,-1
126,34,1002.16,280.31,26.51,62.79,0.64,-1,-1,-1
126,30,141.78,284.64,27.84,69.37,0.86,-1,-1,-1
126,33,107.40,279.27,28.26,76.99,0.85,-1,-1,-1
126,35,92.00,288.75,37.19,75.42,0.90,-1,-1,-1
126,28,536.15,269.55,44.39,116.98,0.86,-1,-1,-1
127,1,831.74,229.44,226.64,489.65,0.95,-1,-1,-1
127,4,615.70,216.04,307.10,586.20,0.85,-1,-1,-1
127,11,-206.62,289.59,369.14,964.21,0.31,-1,-1,-1
127,9,740.20,219.48,132.98,371.66,0.83,-1,-1,-1
127,21,-169.07,157.70,286.95,789.46,0.47,-1,-1,-1
127,24,1085.07,338.55,126.14,206.06,0.90,-1,-1,-1
127,14,494.78,318.56,67.47,256.92,0.91,-1,-1,-1
127,19,334.50,252.64,127.28,308.11,0.94,-1,-1,-1
127,31,1008.40,300.24,82.81,133.43,0.82,-1,-1,-1
127,32,1043.52,322.62,86.47,119.80,0.86,-1,-1,-1
127,34,1007.04,280.33,26.85,62.36,0.40,-1,-1,-1
127,30,144.08,284.24,28.12,69.36,0.86,-1,-1,-1
127,33,110.37,279.19,27.52,76.65,0.83,-1,-1,-1
127,35,94.83,288.08,37.68,76.20,0.88,-1,-1,-1
127,28,551.65,269.51,34.61,118.95,0.85,-1,-1,-1
127,36,131.29,290.25,24.53,62.55,0.73,-1,-1,-1
128,1,834.67,229.66,225.65,490.32,0.94,-1,-1,-1
128,4,611.17,215.97,309.44,573.24,0.84,-1,-1,-1
128,9,738.36,219.00,135.72,376.73,0.83,-1,-1,-1
128,21,-183.70,146.93,286.83,812.84,0.45,-1,-1,-1
128,24,1089.95,339.12,127.45,207.44,0.90,-1,-1,-1
128,14,490.75,319.09,71.19,259.86,0.91,-1,-1,-1
128,19,336.58,252.72,128.06,312.38,0.94,-1,-1,-1
128,31,1016.28,300.74,78.71,130.79,0.82,-1,-1,-1
128,32,1046.25,323.12,87.92,119.88,0.88,-1,-1,-1
128,34,1012.20,280.66,25.78,63.39,0.75,-1,-1,-1
128,30,147.17,284.53,27.77,69.05,0.87,-1,-1,-1
128,33,114.02,279.15,26.31,76.77,0.84,-1,-1,-1
128,35,100.02,288.18,36.28,75.78,0.88,-1,-1,-1
128,28,559.52,269.21,37.75,120.54,0.87,-1,-1,-1
128,36,135.26,290.28,23.45,62.57,0.76,-1,-1,-1
128,37,49.22,291.60,24.86,59.85,0.80,-1,-1,-1
129,1,839.04,230.96,222.04,492.41,0.95,-1,-1,-1
129,4,606.82,214.19,311.46,579.70,0.86,-1,-1,-1
129,9,738.29,217.66,136.79,374.82,0.84,-1,-1,-1
129,21,-198.58,144.91,286.61,849.82,0.40,-1,-1,-1
129,24,1096.45,339.76,127.95,208.97,0.90,-1,-1,-1
129,14,486.64,319.47,75.59,264.63,0.91,-1,-1,-1
129,19,339.37,252.49,126.58,316.59,0.94,-1,-1,-1
129,31,1020.53,302.67,80.55,129.44,0.85,-1,-1,-1
129,32,1046.69,323.00,94.32,121.68,0.85,-1,-1,-1
129,34,1016.42,280.77,26.59,61.99,0.65,-1,-1,-1
129,30,149.91,284.54,27.93,69.23,0.86,-1,-1,-1
129,33,116.88,279.18,26.62,76.50,0.81,-1,-1,-1
129,35,103.75,288.74,36.03,74.98,0.86,-1,-1,-1
129,28,563.40,267.94,40.93,121.43,0.88,-1,-1,-1
129,36,139.18,290.32,22.89,61.54,0.73,-1,-1,-1
129,37,53.60,291.84,24.15,55.55,0.86,-1,-1,-1
130,1,843.29,231.64,216.77,495.42,0.94,-1,-1,-1
130,4,600.77,213.43,313.87,578.97,0.85,-1,-1,-1
130,9,737.40,217.48,141.28,380.82,0.84,-1,-1,-1
130,21,-212.89,143.58,285.62,825.82,0.29,-1,-1,-1
130,24,1103.46,341.49,128.11,211.56,0.91,-1,-1,-1
130,14,483.66,320.96,77.87,266.83,0.91,-1,-1,-1
130,19,341.12,253.31,127.92,318.69,0.95,-1,-1,-1
130,31,1026.12,305.47,80.03,127.71,0.82,-1,-1,-1
130,32,1050.23,323.41,95.59,123.23,0.88,-1,-1,-1
130,34,1021.41,281.12,25.69,61.14,0.61,-1,-1,-1
130,30,153.81,285.03,25.77,68.40,0.83,-1,-1,-1
130,33,120.53,279.52,25.69,76.08,0.83,-1,-1,-1
130,35,108.12,288.62,35.22,75.04,0.84,-1,-1,-1
130,28,567.20,267.33,46.95,122.63,0.90,-1,-1,-1
130,36,142.49,290.50,22.53,61.89,0.76,-1,-1,-1
130,37,58.48,292.62,23.05,53.99,0.86,-1,-1,-1
131,1,844.79,234.51,220.87,502.55,0.94,-1,-1,-1
131,4,595.46,216.05,315.31,585.65,0.83,-1,-1,-1
131,9,734.71,218.00,144.72,386.50,0.85,-1,-1,-1
131,21,-196.22,170.37,251.26,764.34,0.25,-1,-1,-1
131,24,1108.40,343.02,130.54,211.86,0.91,-1,-1,-1
131,14,477.71,322.19,84.65,268.29,0.90,-1,-1,-1
131,19,341.24,252.77,130.48,322.75,0.95,-1,-1,-1
131,31,1031.73,306.61,79.80,128.28,0.83,-1,-1,-1
131,32,1054.50,324.28,96.04,123.86,0.89,-1,-1,-1
131,34,1027.38,281.51,25.34,62.37,0.61,-1,-1,-1
131,30,155.81,284.48,27.51,69.61,0.86,-1,-1,-1
131,33,123.47,279.06,25.18,73.55,0.76,-1,-1,-1
131,35,112.46,288.74,34.32,74.78,0.85,-1,-1,-1
131,28,573.02,267.01,51.51,123.70,0.91,-1,-1,-1
131,36,145.14,290.89,23.30,61.70,0.75,-1,-1,-1
131,37,62.80,291.56,23.05,54.59,0.88,-1,-1,-1
131,38,3.49,303.52,92.70,97.65,0.72,-1,-1,-1
132,1,847.03,238.46,221.14,504.38,0.93,-1,-1,-1
132,4,591.79,219.53,313.29,585.93,0.86,-1,-1,-1
132,9,734.27,217.99,146.57,385.62,0.85,-1,-1,-1
132,24,1115.84,344.15,130.23,212.55,0.91,-1,-1,-1
132,14,471.90,323.59,90.64,269.97,0.92,-1,-1,-1
132,19,341.42,252.51,132.29,325.52,0.95,-1,-1,-1
132,31,1036.56,307.75,79.66,129.31,0.87,-1,-1,-1
132,32,1059.41,324.89,97.30,124.01,0.88,-1,-1,-1
132,34,1032.30,281.96,25.21,65.17,0.67,-1,-1,-1
132,30,159.11,284.67,27.38,69.44,0.85,-1,-1,-1
132,33,125.70,279.15,25.90,72.53,0.75,-1,-1,-1
132,35,115.92,288.57,34.91,74.66,0.83,-1,-1,-1
132,28,578.57,265.92,57.33,124.32,0.91,-1,-1,-1
132,36,148.52,290.80,23.55,62.27,0.75,-1,-1,-1
132,37,67.40,291.37,22.99,54.78,0.88,-1,-1,-1
132,38,4.17,302.86,93.45,98.77,0.85,-1,-1,-1
132,39,981.00,272.70,43.20,101.70,0.72,-1,-1,-1
133,1,851.94,242.79,215.28,501.03,0.94,-1,-1,-1
133,4,588.39,223.10,311.19,595.67,0.85,-1,-1,-1
133,9,735.89,218.60,146.63,382.21,0.85,-1,-1,-1
133,24,1120.25,345.46,132.43,216.31,0.92,-1,-1,-1
133,14,470.80,324.70,91.84,272.31,0.91,-1,-1,-1
133,19,342.31,251.23,134.41,330.00,0.95,-1,-1,-1
133,31,1037.03,301.62,84.32,136.21,0.83,-1,-1,-1
133,32,1062.94,326.01,98.90,125.53,0.89,-1,-1,-1
133,34,1036.94,282.28,25.17,64.17,0.49,-1,-1,-1
133,30,162.57,284.74,26.73,69.37,0.82,-1,-1,-1
133,33,127.92,278.72,26.32,70.35,0.71,-1,-1,-1
133,35,120.77,288.65,34.05,74.93,0.85,-1,-1,-1
133,28,585.37,264.63,64.13,124.52,0.91,-1,-1,-1
133,36,152.14,290.59,23.79,62.47,0.76,-1,-1,-1
133,37,71.36,290.82,23.23,55.50,0.87,-1,-1,-1
133,38,6.23,303.60,94.98,97.26,0.77,-1,-1,-1
133,39,985.53,272.96,44.65,102.82,0.79,-1,-1,-1
134,1,856.73,245.01,211.90,499.72,0.94,-1,-1,-1
134,4,587.48,227.11,305.58,582.78,0.84,-1,-1,-1
134,9,734.20,218.63,150.73,401.31,0.84,-1,-1,-1
134,24,1125.32,346.22,135.61,217.99,0.92,-1,-1,-1
134,14,465.25,325.42,99.24,274.62,0.93,-1,-1,-1
134,19,343.48,250.62,135.80,333.53,0.95,-1,-1,-1
134,31,1045.30,308.04,81.42,130.05,0.83,-1,-1,-1
134,32,1068.31,325.98,99.49,126.97,0.89,-1,-1,-1
134,34,1041.52,281.65,26.36,66.45,0.71,-1,-1,-1
134,30,166.27,285.25,25.87,68.75,0.83,-1,-1,-1
134,33,130.63,278.74,26.18,69.24,0.69,-1,-1,-1
134,35,124.57,288.40,33.91,75.35,0.85,-1,-1,-1
134,28,591.86,264.61,69.09,123.68,0.93,-1,-1,-1
134,36,155.67,290.39,23.56,62.86,0.77,-1,-1,-1
134,37,75.55,290.51,23.64,55.75,0.88,-1,-1,-1
134,38,8.07,302.61,96.58,99.55,0.85,-1,-1,-1
134,39,990.07,273.19,44.94,102.70,0.81,-1,-1,-1
134,40,901.80,284.62,38.70,85.50,0.72,-1,-1,-1
135,1,858.91,245.78,211.84,504.48,0.95,-1,-1,-1
135,4,587.19,229.95,299.11,607.76,0.80,-1,-1,-1
135,9,733.79,219.20,152.80,402.17,0.85,-1,-1,-1
135,24,1131.63,347.04,136.77,219.72,0.92,-1,-1,-1
135,14,463.42,325.93,101.46,277.45,0.93,-1,-1,-1
135,19,345.05,249.62,135.67,336.63,0.95,-1,-1,-1
135,31,1048.85,310.55,83.75,127.78,0.85,-1,-1,-1
135,32,1071.89,326.81,100.81,127.77,0.90,-1,-1,-1
135,34,1045.93,281.97,26.80,66.69,0.59,-1,-1,-1
135,30,169.52,285.24,25.85,69.10,0.84,-1,-1,-1
135,33,132.99,278.25,27.02,71.26,0.71,-1,-1,-1
135,35,129.02,284.94,33.25,78.21,0.84,-1,-1,-1
135,28,600.37,264.43,74.42,124.51,0.93,-1,-1,-1
135,36,159.43,290.88,23.00,62.37,0.79,-1,-1,-1
135,37,79.48,290.21,23.55,56.45,0.88,-1,-1,-1
135,38,10.44,302.57,94.83,97.94,0.84,-1,-1,-1
135,39,995.18,272.51,45.02,102.97,0.83,-1,-1,-1
135,40,904.83,284.86,37.99,80.85,0.70,-1,-1,-1
136,1,860.53,244.87,213.36,498.61,0.95,-1,-1,-1
136,4,589.86,233.77,290.64,593.39,0.81,-1,-1,-1
136,9,733.96,219.52,152.37,399.69,0.84,-1,-1,-1
136,24,1138.62,347.81,136.00,220.51,0.92,-1,-1,-1
136,14,462.19,326.26,103.43,279.82,0.93,-1,-1,-1
136,19,346.74,247.92,135.57,340.25,0.95,-1,-1,-1
136,31,1054.21,311.93,83.43,126.65,0.86,-1,-1,-1
136,32,1076.10,327.00,101.28,127.77,0.92,-1,-1,-1
136,34,1050.42,282.41,26.96,65.30,0.55,-1,-1,-1
136,30,172.49,285.53,25.70,68.64,0.80,-1,-1,-1
136,33,134.90,278.06,27.92,72.30,0.75,-1,-1,-1
136,35,132.92,285.28,33.32,77.80,0.85,-1,-1,-1
136,28,609.75,265.87,74.31,125.11,0.91,-1,-1,-1
136,36,162.96,290.90,22.49,61.89,0.72,-1,-1,-1
136,37,83.56,290.25,23.60,56.09,0.88,-1,-1,-1
136,38,13.17,302.72,94.82,97.37,0.82,-1,-1,-1
136,39,1000.58,272.64,45.04,103.41,0.82,-1,-1,-1
136,40,908.00,285.28,37.50,80.29,0.68,-1,-1,-1
137,1,861.62,244.70,215.16,504.02,0.95,-1,-1,-1
137,4,592.16,236.95,282.63,600.67,0.83,-1,-1,-1
137,9,735.52,220.92,152.72,391.59,0.85,-1,-1,-1
137,24,1144.58,347.98,138.03,224.55,0.92,-1,-1,-1
137,14,462.41,326.02,102.99,281.79,0.93,-1,-1,-1
137,19,347.97,244.74,135.50,344.27,0.95,-1,-1,-1
137,31,1059.03,312.16,83.26,127.71,0.86,-1,-1,-1
137,32,1082.26,327.11,101.40,128.91,0.90,-1,-1,-1
137,34,1055.48,281.60,27.02,67.42,0.66,-1,-1,-1
137,30,176.17,285.76,25.79,68.16,0.83,-1,-1,-1
137,33,137.36,278.27,27.38,69.43,0.76,-1,-1,-1
137,35,136.45,286.45,33.52,77.01,0.86,-1,-1,-1
137,28,620.71,268.00,69.58,123.53,0.91,-1,-1,-1
137,36,166.60,290.41,22.46,61.70,0.72,-1,-1,-1
137,37,87.11,290.11,24.22,56.25,0.88,-1,-1,-1
137,38,15.60,302.27,97.17,99.41,0.84,-1,-1,-1
137,39,1005.99,272.29,45.04,102.88,0.81,-1,-1,-1
137,40,911.01,282.67,40.52,89.67,0.63,-1,-1,-1
138,1,861.64,244.66,217.91,500.65,0.95,-1,-1,-1
138,4,598.26,235.75,276.01,608.03,0.82,-1,-1,-1
138,9,737.62,222.16,149.83,390.39,0.84,-1,-1,-1
138,24,1149.58,348.50,139.92,227.64,0.91,-1,-1,-1
138,14,464.97,325.33,100.39,284.21,0.93,-1,-1,-1
138,19,349.32,244.15,135.42,347.72,0.95,-1,-1,-1
138,31,1062.45,312.69,85.53,126.90,0.85,-1,-1,-1
138,32,1086.81,326.89,102.57,129.60,0.91,-1,-1,-1
138,34,1059.57,282.06,28.22,68.49,0.80,-1,-1,-1
138,30,178.76,285.55,26.87,67.98,0.85,-1,-1,-1
138,33,140.85,278.36,25.97,65.90,0.76,-1,-1,-1
138,35,140.53,287.21,32.84,76.40,0.88,-1,-1,-1
138,28,650.08,269.44,45.09,123.49,0.84,-1,-1,-1
138,36,170.06,290.08,22.45,61.63,0.77,-1,-1,-1
138,37,91.54,290.22,24.49,55.68,0.88,-1,-1,-1
138,38,19.08,302.42,94.90,98.57,0.79,-1,-1,-1
138,39,1011.41,272.20,45.02,102.68,0.82,-1,-1,-1
138,40,913.77,282.20,40.15,89.69,0.72,-1,-1,-1
139,1,861.84,241.37,223.44,499.59,0.95,-1,-1,-1
139,4,604.96,236.27,272.45,612.71,0.82,-1,-1,-1
139,9,741.65,222.63,145.68,387.13,0.84,-1,-1,-1
139,24,1156.68,348.82,140.63,229.48,0.89,-1,-1,-1
139,14,466.44,324.33,96.94,287.13,0.93,-1,-1,-1
139,19,350.27,242.73,135.21,353.52,0.95,-1,-1,-1
139,31,1068.38,312.36,84.04,128.15,0.90,-1,-1,-1
139,32,1092.02,326.76,103.00,129.32,0.93,-1,-1,-1
139,34,1065.15,282.19,27.50,66.87,0.80,-1,-1,-1
139,30,182.02,285.57,27.13,67.35,0.83,-1,-1,-1
139,33,143.20,278.50,25.28,64.95,0.79,-1,-1,-1
139,35,143.94,287.15,32.45,76.51,0.86,-1,-1,-1
139,28,656.99,270.15,46.23,122.92,0.81,-1,-1,-1
139,36,173.81,290.22,22.75,61.64,0.74,-1,-1,-1
139,37,94.87,290.36,24.85,55.19,0.89,-1,-1,-1
139,38,21.75,301.81,93.96,97.69,0.85,-1,-1,-1
139,39,1016.88,272.25,45.02,103.28,0.85,-1,-1,-1
139,40,917.40,281.67,39.62,88.47,0.61,-1,-1,-1
139,41,1.43,302.62,77.43,94.95,0.80,-1,-1,-1
140,1,863.92,237.08,225.83,496.56,0.96,-1,-1,-1
140,4,615.09,235.40,270.05,602.41,0.83,-1,-1,-1
140,9,743.22,223.91,145.90,388.13,0.82,-1,-1,-1
140,24,1163.24,348.61,136.14,230.14,0.90,-1,-1,-1
140,14,466.96,323.50,95.01,289.64,0.93,-1,-1,-1
140,19,352.12,242.86,134.98,357.51,0.95,-1,-1,-1
140,31,1074.58,312.53,83.41,127.96,0.85,-1,-1,-1
140,32,1097.93,326.86,103.11,129.41,0.91,-1,-1,-1
140,34,1069.42,282.27,28.40,66.77,0.83,-1,-1,-1
140,30,185.59,285.36,26.93,67.09,0.84,-1,-1,-1
140,33,146.36,277.87,25.79,67.95,0.79,-1,-1,-1
140,35,147.61,287.51,32.62,75.31,0.86,-1,-1,-1
140,28,671.80,269.19,40.30,124.73,0.87,-1,-1,-1
140,36,177.30,290.05,22.42,61.02,0.74,-1,-1,-1
140,37,98.63,290.67,24.87,54.68,0.87,-1,-1,-1
140,38,25.64,301.23,97.13,99.46,0.83,-1,-1,-1
140,39,1022.90,271.87,43.79,102.22,0.83,-1,-1,-1
140,40,922.62,281.45,35.90,81.21,0.67,-1,-1,-1
140,41,4.86,302.64,86.61,96.42,0.70,-1,-1,-1
141,1,866.06,233.72,226.49,496.81,0.96,-1,-1,-1
141,4,627.41,232.81,269.32,595.17,0.86,-1,-1,-1
141,9,742.49,224.27,147.79,390.56,0.79,-1,-1,-1
141,24,1169.72,348.91,134.39,232.18,0.89,-1,-1,-1
141,14,467.30,322.65,92.48,291.82,0.92,-1,-1,-1
141,19,352.22,242.82,135.79,361.56,0.95,-1,-1,-1
141,31,1080.93,312.95,83.18,128.23,0.87,-1,-1,-1
141,32,1102.42,326.10,104.32,130.37,0.92,-1,-1,-1
141,34,1075.02,282.53,27.57,65.27,0.84,-1,-1,-1
141,30,188.81,285.45,26.56,66.72,0.80,-1,-1,-1
141,33,148.53,277.97,27.17,71.14,0.82,-1,-1,-1
141,35,150.67,287.38,33.15,75.19,0.88,-1,-1,-1
141,28,678.89,267.41,44.00,126.92,0.88,-1,-1,-1
141,36,181.24,289.86,21.70,61.11,0.72,-1,-1,-1
141,37,101.56,290.66,25.62,54.82,0.88,-1,-1,-1
141,38,27.50,300.44,97.86,100.15,0.81,-1,-1,-1
141,39,1026.07,271.81,45.82,104.63,0.80,-1,-1,-1
141,40,927.44,280.35,34.55,82.68,0.44,-1,-1,-1
141,41,6.92,301.79,88.45,98.46,0.70,-1,-1,-1
142,1,868.00,231.25,227.23,505.63,0.96,-1,-1,-1
142,4,638.94,230.90,263.01,594.24,0.85,-1,-1,-1
142,9,751.47,225.94,140.14,370.40,0.71,-1,-1,-1
142,24,1177.20,348.33,133.67,231.02,0.88,-1,-1,-1
142,14,467.38,322.58,89.67,293.02,0.92,-1,-1,-1
142,19,353.20,242.23,135.89,366.92,0.94,-1,-1,-1
142,31,1085.46,312.86,83.04,128.57,0.87,-1,-1,-1
142,32,1106.84,326.77,105.89,130.05,0.92,-1,-1,-1
142,34,1079.27,282.12,27.22,64.66,0.85,-1,-1,-1
142,30,191.86,285.18,26.86,66.56,0.79,-1,-1,-1
142,33,150.86,278.44,28.12,71.74,0.81,-1,-1,-1
142,35,154.47,287.46,33.35,75.41,0.88,-1,-1,-1
142,28,684.69,265.51,49.95,128.86,0.87,-1,-1,-1
142,36,184.30,288.88,22.49,61.72,0.66,-1,-1,-1
142,37,105.92,290.80,25.01,54.54,0.87,-1,-1,-1
142,38,30.16,299.99,97.21,99.14,0.86,-1,-1,-1
142,39,1031.23,272.19,45.33,102.44,0.81,-1,-1,-1
142,40,930.80,279.80,35.39,79.42,0.46,-1,-1,-1
142,41,8.63,301.31,83.11,97.71,0.79,-1,-1,-1
143,1,870.12,230.53,230.75,504.05,0.96,-1,-1,-1
143,4,651.26,226.32,259.56,601.94,0.87,-1,-1,-1
143,9,757.32,226.36,135.95,351.59,0.26,-1,-1,-1
143,24,1182.14,347.82,136.99,234.06,0.83,-1,-1,-1
143,14,466.22,322.59,89.24,295.76,0.92,-1,-1,-1
143,19,351.85,243.10,138.14,370.18,0.95,-1,-1,-1
143,31,1098.87,315.95,77.03,124.52,0.82,-1,-1,-1
143,32,1111.89,327.49,107.63,129.32,0.92,-1,-1,-1
143,34,1084.25,282.28,25.89,62.94,0.85,-1,-1,-1
143,30,195.38,284.81,25.93,66.21,0.79,-1,-1,-1
143,33,152.49,278.52,28.78,70.79,0.75,-1,-1,-1
143,35,158.39,287.23,33.13,75.50,0.88,-1,-1,-1
143,28,690.15,263.94,55.64,130.76,0.87,-1,-1,-1
143,36,187.59,289.15,22.78,61.66,0.66,-1,-1,-1
143,37,109.26,290.59,25.77,54.75,0.89,-1,-1,-1
143,38,34.08,300.78,96.65,98.76,0.84,-1,-1,-1
143,39,1036.55,272.97,43.92,98.87,0.75,-1,-1,-1
143,40,933.05,279.67,36.93,81.95,0.41,-1,-1,-1
143,41,11.65,302.39,77.17,95.72,0.81,-1,-1,-1
144,1,874.41,231.04,232.05,506.55,0.95,-1,-1,-1
144,4,662.27,221.05,254.16,601.88,0.87,-1,-1,-1
144,24,1189.15,348.22,138.22,235.17,0.84,-1,-1,-1
144,14,464.63,322.90,90.28,297.91,0.92,-1,-1,-1
144,19,350.28,243.31,140.30,374.38,0.95,-1,-1,-1
144,31,1106.81,311.23,74.70,130.52,0.84,-1,-1,-1
144,32,1116.63,327.33,108.27,130.81,0.93,-1,-1,-1
144,34,1088.95,282.36,26.61,63.80,0.85,-1,-1,-1
144,30,198.06,284.53,26.17,67.29,0.84,-1,-1,-1
144,33,155.14,278.40,28.88,73.70,0.82,-1,-1,-1
144,35,161.88,286.55,33.05,77.04,0.89,-1,-1,-1
144,28,712.52,263.05,44.26,117.93,0.66,-1,-1,-1
144,36,190.78,289.11,22.00,61.34,0.70,-1,-1,-1
144,37,113.28,290.36,25.02,55.13,0.87,-1,-1,-1
144,38,35.89,299.87,92.73,98.92,0.81,-1,-1,-1
144,39,1041.35,273.28,44.61,98.47,0.76,-1,-1,-1
144,40,936.17,279.19,37.49,84.97,0.42,-1,-1,-1
144,41,14.03,302.76,75.99,92.75,0.82,-1,-1,-1
145,1,877.44,231.34,234.08,514.28,0.95,-1,-1,-1
145,4,673.29,218.96,248.12,613.30,0.87,-1,-1,-1
145,24,1196.48,349.11,138.72,236.84,0.76,-1,-1,-1
145,14,462.96,323.85,91.30,300.44,0.93,-1,-1,-1
145,19,348.32,243.61,141.59,380.33,0.95,-1,-1,-1
145,31,1112.59,310.38,76.35,133.65,0.84,-1,-1,-1
145,32,1122.52,328.29,108.51,131.43,0.91,-1,-1,-1
145,34,1093.61,282.35,26.87,65.05,0.86,-1,-1,-1
145,30,200.23,284.48,26.72,68.03,0.85,-1,-1,-1
145,33,157.51,278.70,27.89,74.52,0.78,-1,-1,-1
145,35,165.28,286.65,32.44,77.06,0.88,-1,-1,-1
145,28,729.38,263.43,40.28,113.46,0.43,-1,-1,-1
145,36,193.26,289.31,20.95,61.25,0.64,-1,-1,-1
145,37,116.24,290.19,25.33,55.90,0.88,-1,-1,-1
145,38,37.10,298.70,90.32,98.43,0.79,-1,-1,-1
145,39,1046.02,273.64,44.88,100.52,0.83,-1,-1,-1
145,40,937.20,278.99,41.33,96.27,0.32,-1,-1,-1
145,41,15.56,302.11,76.61,92.46,0.78,-1,-1,-1
146,1,881.77,234.39,233.25,510.37,0.94,-1,-1,-1
146,4,685.11,220.70,242.30,609.08,0.87,-1,-1,-1
146,24,1204.22,350.19,136.47,238.46,0.77,-1,-1,-1
146,14,461.41,325.04,92.85,302.03,0.93,-1,-1,-1
146,19,346.66,244.90,142.89,384.89,0.95,-1,-1,-1
146,31,1116.82,309.05,76.93,135.94,0.84,-1,-1,-1
146,32,1126.85,327.79,109.70,133.20,0.92,-1,-1,-1
146,34,1098.06,281.96,26.96,66.38,0.87,-1,-1,-1
146,30,203.17,284.60,26.62,68.27,0.85,-1,-1,-1
146,33,159.52,278.96,27.94,74.49,0.83,-1,-1,-1
146,35,168.66,286.53,32.81,77.02,0.89,-1,-1,-1
146,36,196.14,289.37,21.48,61.19,0.72,-1,-1,-1
146,37,120.16,290.11,24.69,56.15,0.86,-1,-1,-1
146,38,39.91,299.16,91.88,99.39,0.79,-1,-1,-1
146,39,1051.68,274.43,43.77,98.84,0.84,-1,-1,-1
146,41,17.72,302.36,78.01,94.57,0.78,-1,-1,-1
147,1,882.99,236.79,233.79,508.96,0.94,-1,-1,-1
147,4,696.68,220.51,240.03,614.99,0.88,-1,-1,-1
147,24,1208.71,350.81,137.99,241.01,0.79,-1,-1,-1
147,14,458.93,326.23,94.62,304.86,0.94,-1,-1,-1
147,19,343.47,245.97,145.42,392.48,0.94,-1,-1,-1
147,31,1122.36,309.47,77.17,136.83,0.82,-1,-1,-1
147,32,1131.88,329.87,110.13,131.97,0.92,-1,-1,-1
147,34,1102.54,282.30,27.00,66.01,0.86,-1,-1,-1
147,30,205.87,284.92,26.81,68.09,0.85,-1,-1,-1
147,33,162.26,278.72,27.36,75.07,0.84,-1,-1,-1
147,35,171.05,286.61,33.10,76.72,0.88,-1,-1,-1
147,36,198.83,289.66,21.22,61.48,0.72,-1,-1,-1
147,37,123.26,289.75,25.04,56.86,0.88,-1,-1,-1
147,38,42.08,300.20,92.71,98.58,0.81,-1,-1,-1
147,39,1055.99,274.92,44.56,99.74,0.85,-1,-1,-1
147,41,19.78,302.71,78.78,92.90,0.73,-1,-1,-1
147,28,740.09,264.86,40.36,119.31,0.70,-1,-1,-1
148,1,889.29,239.44,227.41,508.83,0.92,-1,-1,-1
148,4,704.61,222.66,243.89,618.31,0.86,-1,-1,-1
148,24,1216.64,350.49,133.78,246.42,0.14,-1,-1,-1
148,14,456.39,327.53,97.05,308.12,0.93,-1,-1,-1
148,19,338.74,246.68,149.43,398.35,0.95,-1,-1,-1
148,31,1127.15,313.09,79.65,134.74,0.82,-1,-1,-1
148,32,1138.89,330.87,109.06,132.62,0.91,-1,-1,-1
148,34,1106.98,282.06,27.01,66.74,0.87,-1,-1,-1
148,30,208.32,285.04,26.87,68.29,0.84,-1,-1,-1
148,33,164.90,278.64,27.28,75.25,0.83,-1,-1,-1
148,35,174.48,286.79,33.21,77.18,0.86,-1,-1,-1
148,36,202.45,289.77,21.28,62.17,0.71,-1,-1,-1
148,37,126.67,289.92,24.72,56.51,0.87,-1,-1,-1
148,38,43.93,299.86,93.99,99.44,0.83,-1,-1,-1
148,39,1059.78,274.43,46.04,101.56,0.88,-1,-1,-1
148,41,22.30,302.85,77.74,93.51,0.75,-1,-1,-1
148,28,743.08,264.63,39.26,116.00,0.71,-1,-1,-1
149,1,889.80,242.63,230.99,512.18,0.92,-1,-1,-1
149,4,712.66,225.40,247.25,608.09,0.87,-1,-1,-1
149,14,452.83,329.19,100.33,312.24,0.94,-1,-1,-1
149,19,333.28,250.17,153.45,403.68,0.95,-1,-1,-1
149,31,1133.52,318.89,79.41,129.73,0.83,-1,-1,-1
149,32,1142.59,331.17,111.00,133.73,0.93,-1,-1,-1
149,34,1111.48,282.35,27.02,67.30,0.87,-1,-1,-1
149,30,210.75,285.84,27.20,67.77,0.85,-1,-1,-1
149,33,167.12,278.77,28.15,76.20,0.85,-1,-1,-1
149,35,176.82,287.17,33.86,77.35,0.89,-1,-1,-1
149,36,204.94,289.98,20.86,62.14,0.62,-1,-1,-1
149,37,129.73,289.71,25.20,56.97,0.88,-1,-1,-1
149,38,45.88,301.10,94.32,98.86,0.81,-1,-1,-1
149,39,1064.60,274.62,46.61,99.86,0.88,-1,-1,-1
149,41,24.45,303.07,80.68,94.05,0.73,-1,-1,-1
149,28,744.13,264.84,40.10,123.45,0.77,-1,-1,-1
