0,1,657.90,322.20,69.30,147.15,0.93,-1,-1,-1
0,2,723.60,314.77,63.90,182.47,0.92,-1,-1,-1
0,3,765.00,294.97,84.60,200.92,0.92,-1,-1,-1
0,4,585.45,321.07,38.70,103.95,0.91,-1,-1,-1
0,5,618.30,323.32,53.10,135.45,0.90,-1,-1,-1
0,6,543.60,321.30,36.90,96.30,0.88,-1,-1,-1
0,7,78.07,326.25,23.96,54.45,0.88,-1,-1,-1
0,8,608.85,319.27,30.60,97.65,0.86,-1,-1,-1
0,9,47.14,330.52,21.94,51.75,0.85,-1,-1,-1
0,10,22.20,325.57,22.63,58.50,0.85,-1,-1,-1
0,11,665.10,309.15,47.70,121.05,0.83,-1,-1,-1
0,12,716.40,312.97,21.60,59.40,0.79,-1,-1,-1
0,13,467.55,330.52,19.80,52.20,0.75,-1,-1,-1
1,1,657.89,321.77,69.34,147.62,0.92,-1,-1,-1
1,2,723.63,314.93,63.94,185.11,0.92,-1,-1,-1
1,3,765.44,293.16,85.43,202.79,0.92,-1,-1,-1
1,4,584.62,320.45,38.72,104.40,0.90,-1,-1,-1
1,5,616.71,322.70,54.70,135.91,0.90,-1,-1,-1
1,6,540.40,321.46,40.05,96.35,0.87,-1,-1,-1
1,7,77.45,326.03,23.29,54.48,0.88,-1,-1,-1
1,8,608.42,319.04,30.62,98.48,0.85,-1,-1,-1
1,9,45.27,330.70,22.39,51.78,0.84,-1,-1,-1
1,10,20.56,325.36,23.31,58.53,0.84,-1,-1,-1
1,11,664.70,308.13,47.73,118.38,0.78,-1,-1,-1
1,12,716.42,312.93,20.83,56.31,0.81,-1,-1,-1
1,13,466.65,329.52,19.03,51.84,0.68,-1,-1,-1
1,14,649.35,315.45,22.50,58.95,0.75,-1,-1,-1
2,1,658.29,321.19,68.67,147.55,0.92,-1,-1,-1
2,2,724.05,314.96,63.97,187.00,0.92,-1,-1,-1
2,3,765.59,291.10,84.91,205.24,0.92,-1,-1,-1
2,4,583.46,319.84,39.44,105.19,0.91,-1,-1,-1
2,5,616.13,321.56,54.99,136.72,0.91,-1,-1,-1
2,6,535.80,321.33,41.97,97.43,0.87,-1,-1,-1
2,7,76.65,326.23,23.36,54.14,0.87,-1,-1,-1
2,8,607.69,318.67,30.63,98.64,0.85,-1,-1,-1
2,9,44.15,330.79,22.26,51.09,0.83,-1,-1,-1
2,10,19.52,325.03,22.58,58.55,0.83,-1,-1,-1
2,11,665.39,307.44,46.34,113.68,0.76,-1,-1,-1
2,12,716.48,312.04,23.56,63.33,0.82,-1,-1,-1
2,13,467.24,329.55,18.91,51.08,0.66,-1,-1,-1
2,14,649.38,315.42,22.52,57.92,0.76,-1,-1,-1
3,1,659.13,321.04,67.73,147.11,0.92,-1,-1,-1
3,2,724.18,314.32,63.95,189.87,0.93,-1,-1,-1
3,3,765.60,288.82,78.47,208.64,0.91,-1,-1,-1
3,4,581.80,319.17,40.33,106.08,0.91,-1,-1,-1
3,5,616.02,320.73,55.71,137.94,0.91,-1,-1,-1
3,6,533.02,321.49,43.22,98.42,0.89,-1,-1,-1
3,7,76.35,325.60,22.87,54.70,0.86,-1,-1,-1
3,8,607.17,318.41,30.62,97.27,0.85,-1,-1,-1
3,9,43.07,331.33,22.41,50.16,0.85,-1,-1,-1
3,10,19.41,324.76,21.43,58.53,0.82,-1,-1,-1
3,11,666.68,306.93,43.79,106.27,0.70,-1,-1,-1
3,12,716.53,311.96,24.40,65.13,0.84,-1,-1,-1
3,13,467.18,329.25,21.65,50.48,0.74,-1,-1,-1
3,14,649.08,315.08,22.53,57.01,0.72,-1,-1,-1
4,1,660.31,320.93,65.43,146.51,0.91,-1,-1,-1
4,2,724.47,313.55,64.60,192.44,0.93,-1,-1,-1
4,3,765.53,287.57,79.90,210.73,0.91,-1,-1,-1
4,4,579.21,318.72,41.92,106.71,0.91,-1,-1,-1
4,5,615.57,320.73,57.24,138.02,0.92,-1,-1,-1
4,6,530.78,321.45,43.58,99.07,0.90,-1,-1,-1
4,7,75.45,325.76,22.46,54.57,0.85,-1,-1,-1
4,8,606.26,318.08,31.28,96.84,0.86,-1,-1,-1
4,9,42.18,331.35,21.94,49.90,0.85,-1,-1,-1
4,10,16.85,324.70,22.38,58.54,0.82,-1,-1,-1
4,11,667.66,306.36,42.36,103.91,0.70,-1,-1,-1
4,12,716.45,311.58,24.62,65.27,0.85,-1,-1,-1
4,13,467.32,327.89,21.90,48.31,0.75,-1,-1,-1
4,14,648.88,315.22,22.52,55.65,0.68,-1,-1,-1
4,15,340.65,328.72,11.25,27.00,0.71,-1,-1,-1
4,16,510.30,327.37,17.10,45.00,0.71,-1,-1,-1
5,1,661.66,320.76,64.04,145.84,0.92,-1,-1,-1
5,2,725.85,312.52,63.51,195.31,0.93,-1,-1,-1
5,3,766.17,287.25,81.67,212.62,0.92,-1,-1,-1
5,4,577.42,318.60,42.43,107.21,0.92,-1,-1,-1
5,5,616.71,321.11,55.83,138.01,0.92,-1,-1,-1
5,6,529.18,321.93,43.63,99.26,0.90,-1,-1,-1
5,7,75.06,325.31,21.51,54.85,0.84,-1,-1,-1
5,8,605.97,318.98,31.49,98.66,0.87,-1,-1,-1
5,9,40.65,330.99,22.02,50.49,0.82,-1,-1,-1
5,10,14.13,324.50,24.02,59.19,0.83,-1,-1,-1
5,11,666.94,306.89,43.31,105.38,0.73,-1,-1,-1
5,12,716.43,311.01,24.64,66.45,0.85,-1,-1,-1
5,13,467.38,327.45,22.55,51.29,0.72,-1,-1,-1
5,14,648.84,315.29,21.83,54.91,0.69,-1,-1,-1
5,16,509.45,327.46,17.83,45.40,0.76,-1,-1,-1
6,1,664.15,320.83,61.68,146.04,0.93,-1,-1,-1
6,2,726.43,311.98,63.74,197.26,0.94,-1,-1,-1
6,3,767.12,287.17,81.67,215.32,0.92,-1,-1,-1
6,4,576.39,318.71,42.57,107.64,0.92,-1,-1,-1
6,5,616.98,321.07,55.89,138.88,0.93,-1,-1,-1
6,6,527.04,322.06,43.58,99.89,0.87,-1,-1,-1
6,7,75.04,325.46,20.80,54.61,0.86,-1,-1,-1
6,8,605.74,320.04,31.55,98.96,0.87,-1,-1,-1
6,9,38.95,330.85,22.80,51.01,0.83,-1,-1,-1
6,10,13.29,324.27,24.23,59.71,0.84,-1,-1,-1
6,11,666.49,307.86,43.00,105.62,0.74,-1,-1,-1
6,12,715.92,310.47,25.22,68.63,0.86,-1,-1,-1
6,13,467.93,327.61,22.74,50.06,0.78,-1,-1,-1
6,14,648.62,315.44,21.60,54.37,0.69,-1,-1,-1
6,16,509.74,327.30,17.97,46.17,0.80,-1,-1,-1
7,1,667.13,321.00,59.66,146.33,0.92,-1,-1,-1
7,2,726.25,311.17,64.47,199.46,0.93,-1,-1,-1
7,3,767.71,286.85,84.85,219.34,0.93,-1,-1,-1
7,4,573.83,318.59,43.83,108.10,0.92,-1,-1,-1
7,5,617.61,321.67,55.29,138.90,0.92,-1,-1,-1
7,6,527.48,322.23,42.31,100.12,0.87,-1,-1,-1
7,7,74.76,324.89,20.43,55.15,0.86,-1,-1,-1
7,8,604.97,320.25,32.19,100.32,0.88,-1,-1,-1
7,9,37.66,330.94,22.37,50.90,0.84,-1,-1,-1
7,10,11.60,324.33,24.90,59.59,0.82,-1,-1,-1
7,11,666.56,308.34,44.21,106.47,0.76,-1,-1,-1
7,12,715.67,309.96,25.42,69.39,0.85,-1,-1,-1
7,13,467.68,327.83,24.00,51.50,0.79,-1,-1,-1
7,14,648.48,315.48,21.54,52.63,0.68,-1,-1,-1
7,16,509.77,326.68,18.02,47.47,0.72,-1,-1,-1
8,1,668.43,320.77,59.02,147.02,0.92,-1,-1,-1
8,2,724.94,309.07,67.79,203.17,0.93,-1,-1,-1
8,3,769.12,288.31,84.15,219.46,0.92,-1,-1,-1
8,4,572.38,318.57,44.86,108.53,0.92,-1,-1,-1
8,5,618.48,322.37,55.67,139.77,0.93,-1,-1,-1
8,6,527.82,321.69,39.94,101.07,0.88,-1,-1,-1
8,7,74.31,324.85,20.24,55.03,0.85,-1,-1,-1
8,8,604.74,320.48,32.41,100.48,0.87,-1,-1,-1
8,9,37.76,330.68,21.09,50.86,0.85,-1,-1,-1
8,10,10.20,324.23,25.15,59.53,0.83,-1,-1,-1
8,11,666.59,309.92,44.65,109.62,0.74,-1,-1,-1
8,12,715.29,309.20,26.06,69.28,0.86,-1,-1,-1
8,13,468.25,328.86,23.86,48.34,0.78,-1,-1,-1
8,14,648.46,315.34,21.53,54.30,0.54,-1,-1,-1
8,16,509.50,325.66,18.70,46.85,0.79,-1,-1,-1
8,17,312.97,324.22,15.30,36.90,0.71,-1,-1,-1
9,1,668.83,320.79,59.51,147.45,0.92,-1,-1,-1
9,2,724.18,307.50,70.23,206.46,0.93,-1,-1,-1
9,3,771.19,289.43,83.91,221.55,0.92,-1,-1,-1
9,4,571.89,318.37,44.64,109.59,0.92,-1,-1,-1
9,5,619.41,323.03,55.83,139.64,0.91,-1,-1,-1
9,6,526.47,320.84,39.07,102.33,0.88,-1,-1,-1
9,7,74.00,324.54,20.12,55.29,0.85,-1,-1,-1
9,8,604.68,320.35,32.50,101.76,0.87,-1,-1,-1
9,9,36.95,330.13,20.95,51.46,0.85,-1,-1,-1
9,10,8.53,323.74,25.31,60.11,0.85,-1,-1,-1
9,11,666.31,310.43,46.06,116.58,0.73,-1,-1,-1
9,12,715.47,308.71,26.29,70.07,0.86,-1,-1,-1
9,13,468.74,328.91,23.77,47.14,0.77,-1,-1,-1
9,14,648.47,314.93,21.54,56.75,0.48,-1,-1,-1
9,16,509.08,325.62,18.92,46.60,0.81,-1,-1,-1
9,17,312.72,324.63,14.96,36.58,0.68,-1,-1,-1
10,1,669.80,320.29,59.69,148.30,0.91,-1,-1,-1
10,2,724.10,306.74,71.06,209.14,0.93,-1,-1,-1
10,3,773.04,291.65,83.74,222.12,0.93,-1,-1,-1
10,4,571.49,318.08,44.48,110.82,0.91,-1,-1,-1
10,5,620.03,323.06,56.44,139.65,0.90,-1,-1,-1
10,6,524.84,319.54,39.35,103.62,0.88,-1,-1,-1
10,7,74.11,324.45,20.39,55.05,0.86,-1,-1,-1
10,8,604.36,320.08,33.09,102.46,0.88,-1,-1,-1
10,9,35.45,329.93,21.98,51.35,0.86,-1,-1,-1
10,10,8.69,323.57,24.60,60.29,0.85,-1,-1,-1
10,11,666.15,310.40,45.34,114.66,0.63,-1,-1,-1
10,12,714.87,308.20,26.93,71.18,0.86,-1,-1,-1
10,13,468.99,328.38,23.69,49.51,0.66,-1,-1,-1
10,14,647.52,314.58,22.15,59.75,0.42,-1,-1,-1
10,16,509.61,325.72,18.35,47.11,0.73,-1,-1,-1
10,17,312.74,324.13,15.23,37.20,0.72,-1,-1,-1
11,1,671.38,320.21,59.22,148.16,0.91,-1,-1,-1
11,2,723.54,305.83,74.97,212.75,0.94,-1,-1,-1
11,3,774.97,291.22,83.74,224.67,0.93,-1,-1,-1
11,4,570.54,318.26,45.02,110.96,0.92,-1,-1,-1
11,5,622.10,323.03,56.09,139.04,0.90,-1,-1,-1
11,6,524.04,318.59,38.88,104.69,0.87,-1,-1,-1
11,7,74.14,323.91,20.51,55.57,0.85,-1,-1,-1
11,8,604.31,319.19,33.33,103.92,0.89,-1,-1,-1
11,9,34.32,329.51,22.37,51.62,0.86,-1,-1,-1
11,10,7.42,323.32,25.98,60.36,0.84,-1,-1,-1
11,11,666.45,310.63,42.07,102.11,0.64,-1,-1,-1
11,12,715.31,307.66,27.17,72.15,0.86,-1,-1,-1
11,13,470.60,327.59,21.86,50.35,0.67,-1,-1,-1
11,14,647.54,314.11,22.39,60.57,0.38,-1,-1,-1
11,16,510.78,326.69,16.88,45.10,0.65,-1,-1,-1
11,17,312.67,323.81,15.33,37.40,0.74,-1,-1,-1
12,1,672.25,319.83,59.12,148.15,0.90,-1,-1,-1
12,2,722.54,306.79,77.64,215.13,0.94,-1,-1,-1
12,3,776.03,289.79,86.80,228.31,0.93,-1,-1,-1
12,4,569.96,317.99,45.23,111.31,0.92,-1,-1,-1
12,5,623.81,322.06,55.38,139.14,0.90,-1,-1,-1
12,6,522.30,317.45,40.56,105.69,0.85,-1,-1,-1
12,7,73.49,323.86,20.96,55.17,0.85,-1,-1,-1
12,8,604.04,318.20,34.63,105.07,0.89,-1,-1,-1
12,9,33.61,329.06,22.34,51.73,0.87,-1,-1,-1
12,10,7.00,323.09,25.95,59.79,0.85,-1,-1,-1
12,11,666.60,310.33,38.37,97.94,0.73,-1,-1,-1
12,12,715.55,307.26,27.26,73.09,0.86,-1,-1,-1
12,13,471.50,326.81,21.13,51.59,0.61,-1,-1,-1
12,14,648.20,313.88,21.89,57.61,0.56,-1,-1,-1
12,16,511.21,326.89,15.71,43.73,0.63,-1,-1,-1
12,17,312.63,323.53,15.35,36.77,0.72,-1,-1,-1
13,1,672.80,319.43,60.31,148.40,0.88,-1,-1,-1
13,2,721.52,307.83,80.36,215.58,0.93,-1,-1,-1
13,3,776.95,287.81,89.08,231.92,0.94,-1,-1,-1
13,4,569.79,317.33,45.27,111.99,0.92,-1,-1,-1
13,5,624.40,321.73,54.48,139.13,0.90,-1,-1,-1
13,6,520.23,316.77,42.94,106.31,0.87,-1,-1,-1
13,7,72.84,324.16,21.58,54.40,0.83,-1,-1,-1
13,8,603.95,317.27,35.09,105.75,0.89,-1,-1,-1
13,9,32.88,328.45,22.54,52.06,0.87,-1,-1,-1
13,10,6.11,322.11,26.47,60.76,0.86,-1,-1,-1
13,11,666.62,310.26,36.43,95.61,0.75,-1,-1,-1
13,12,715.61,307.02,27.85,73.67,0.87,-1,-1,-1
13,13,471.22,325.36,21.47,52.94,0.49,-1,-1,-1
13,14,648.75,313.55,21.69,56.41,0.43,-1,-1,-1
13,16,511.35,326.98,15.32,42.00,0.56,-1,-1,-1
13,17,312.55,323.30,15.34,36.54,0.73,-1,-1,-1
14,1,675.37,319.57,59.61,147.94,0.89,-1,-1,-1
14,2,720.57,308.52,84.34,215.42,0.92,-1,-1,-1
14,3,779.06,285.83,90.60,235.66,0.94,-1,-1,-1
14,4,570.03,316.79,44.71,112.56,0.92,-1,-1,-1
14,5,626.09,320.70,53.58,137.36,0.90,-1,-1,-1
14,6,518.84,316.83,45.05,106.84,0.85,-1,-1,-1
14,7,71.63,323.90,22.64,54.43,0.83,-1,-1,-1
14,8,603.60,316.31,35.88,105.72,0.90,-1,-1,-1
14,9,31.92,328.01,22.82,52.79,0.87,-1,-1,-1
14,10,5.06,321.54,27.20,60.83,0.85,-1,-1,-1
14,11,665.67,308.34,40.25,110.08,0.75,-1,-1,-1
14,12,715.94,306.62,28.09,74.17,0.87,-1,-1,-1
14,13,471.94,325.28,21.61,52.57,0.67,-1,-1,-1
14,14,649.55,312.96,21.02,54.17,0.19,-1,-1,-1
14,16,511.34,326.40,15.84,41.10,0.36,-1,-1,-1
14,17,312.09,323.10,15.67,36.47,0.66,-1,-1,-1
15,1,675.73,318.60,61.17,147.92,0.89,-1,-1,-1
15,2,720.27,309.71,87.00,217.65,0.90,-1,-1,-1
15,3,780.78,282.30,94.11,240.72,0.94,-1,-1,-1
15,4,570.22,316.46,44.46,113.05,0.92,-1,-1,-1
15,5,627.64,318.97,52.03,136.69,0.91,-1,-1,-1
15,6,515.78,317.03,49.35,106.72,0.88,-1,-1,-1
15,7,71.15,323.35,23.05,54.44,0.83,-1,-1,-1
15,8,603.83,314.93,36.16,106.58,0.90,-1,-1,-1
15,9,30.85,327.70,23.04,53.07,0.85,-1,-1,-1
15,10,3.87,321.17,27.95,60.56,0.86,-1,-1,-1
15,11,665.12,306.67,40.93,112.71,0.78,-1,-1,-1
15,12,716.72,306.66,27.57,73.13,0.87,-1,-1,-1
15,13,472.85,325.42,21.06,51.22,0.76,-1,-1,-1
15,14,650.50,313.39,20.17,53.04,0.14,-1,-1,-1
15,16,511.39,326.37,15.41,38.32,0.33,-1,-1,-1
15,17,312.30,323.04,15.47,36.13,0.51,-1,-1,-1
16,1,677.63,317.22,59.94,148.63,0.89,-1,-1,-1
16,2,720.17,310.06,86.21,220.89,0.92,-1,-1,-1
16,3,781.40,278.80,97.73,245.61,0.93,-1,-1,-1
16,4,570.06,315.76,44.94,113.79,0.92,-1,-1,-1
16,5,628.19,317.30,55.10,137.34,0.91,-1,-1,-1
16,6,514.68,317.58,50.41,106.32,0.87,-1,-1,-1
16,7,71.45,323.71,22.89,53.54,0.82,-1,-1,-1
16,8,603.95,313.70,36.82,107.16,0.90,-1,-1,-1
16,9,30.40,327.39,22.92,52.56,0.85,-1,-1,-1
16,10,3.49,320.70,27.60,60.43,0.86,-1,-1,-1
16,11,665.82,305.30,41.20,116.69,0.85,-1,-1,-1
16,12,717.92,306.58,26.73,72.67,0.88,-1,-1,-1
16,13,473.52,325.05,21.44,50.69,0.74,-1,-1,-1
16,14,650.86,313.88,19.85,52.94,0.15,-1,-1,-1
16,16,512.05,326.21,14.64,37.03,0.34,-1,-1,-1
16,17,312.47,323.01,15.38,35.70,0.45,-1,-1,-1
17,1,678.85,316.62,58.27,148.17,0.89,-1,-1,-1
17,2,720.39,309.38,86.97,224.45,0.94,-1,-1,-1
17,3,786.81,275.66,97.33,249.62,0.94,-1,-1,-1
17,4,570.26,315.41,44.50,114.37,0.92,-1,-1,-1
17,5,629.22,316.00,55.02,138.80,0.91,-1,-1,-1
17,6,513.67,317.85,51.95,106.16,0.86,-1,-1,-1
17,7,71.18,323.56,22.90,53.51,0.82,-1,-1,-1
17,8,604.25,312.86,37.06,107.97,0.90,-1,-1,-1
17,9,29.69,326.24,22.86,53.27,0.86,-1,-1,-1
17,10,2.85,320.68,27.96,60.09,0.85,-1,-1,-1
17,11,667.24,304.40,40.70,116.45,0.86,-1,-1,-1
17,12,718.92,306.63,26.39,71.29,0.87,-1,-1,-1
17,13,473.98,325.42,21.57,50.50,0.79,-1,-1,-1
17,14,649.09,313.97,21.58,59.00,0.16,-1,-1,-1
17,16,512.52,325.89,14.37,36.94,0.30,-1,-1,-1
17,17,312.46,322.42,15.34,35.86,0.50,-1,-1,-1
18,1,682.24,316.66,54.58,145.08,0.91,-1,-1,-1
18,2,720.43,307.46,89.50,229.18,0.93,-1,-1,-1
18,3,791.16,273.29,100.01,253.17,0.94,-1,-1,-1
18,4,570.68,315.08,44.30,114.81,0.91,-1,-1,-1
18,5,629.85,315.47,55.55,138.99,0.91,-1,-1,-1
18,6,512.78,317.90,54.23,106.64,0.88,-1,-1,-1
18,7,70.45,324.76,23.33,51.98,0.82,-1,-1,-1
18,8,604.36,312.65,37.10,108.50,0.90,-1,-1,-1
18,9,28.73,326.16,23.46,53.21,0.85,-1,-1,-1
18,10,1.74,320.43,29.15,60.54,0.87,-1,-1,-1
18,11,668.34,303.87,39.89,115.66,0.87,-1,-1,-1
18,12,719.83,306.76,25.64,71.30,0.86,-1,-1,-1
18,13,474.48,324.44,22.21,51.62,0.83,-1,-1,-1
18,16,512.09,325.38,14.90,38.48,0.18,-1,-1,-1
18,17,312.73,322.11,15.32,36.22,0.46,-1,-1,-1
19,1,685.02,316.43,52.02,144.87,0.91,-1,-1,-1
19,2,721.69,305.90,91.02,233.04,0.94,-1,-1,-1
19,3,795.20,272.03,100.41,255.81,0.95,-1,-1,-1
19,4,571.49,314.72,43.62,115.29,0.91,-1,-1,-1
19,5,630.99,315.65,56.35,139.40,0.91,-1,-1,-1
19,6,512.20,318.11,52.22,106.82,0.85,-1,-1,-1
19,7,69.49,325.08,23.79,51.43,0.82,-1,-1,-1
19,8,605.04,312.63,36.52,109.30,0.91,-1,-1,-1
19,9,28.56,326.31,22.95,52.90,0.86,-1,-1,-1
19,10,1.21,320.37,29.06,60.42,0.86,-1,-1,-1
19,11,669.71,303.44,39.60,115.36,0.89,-1,-1,-1
19,12,720.83,306.87,25.36,70.72,0.86,-1,-1,-1
19,13,475.85,323.98,21.86,51.15,0.83,-1,-1,-1
19,16,512.25,325.40,14.50,37.55,0.25,-1,-1,-1
19,17,312.95,321.89,15.01,36.06,0.51,-1,-1,-1
20,1,686.15,316.38,52.37,144.47,0.92,-1,-1,-1
20,2,722.67,304.15,92.08,236.42,0.94,-1,-1,-1
20,3,796.86,271.49,104.59,258.27,0.94,-1,-1,-1
20,4,571.45,314.30,43.94,116.02,0.91,-1,-1,-1
20,5,631.32,315.29,57.80,140.41,0.92,-1,-1,-1
20,6,512.90,318.34,51.90,107.15,0.88,-1,-1,-1
20,7,69.69,324.99,23.14,51.53,0.82,-1,-1,-1
20,8,605.24,312.95,36.25,110.15,0.91,-1,-1,-1
20,9,28.43,326.78,22.21,52.16,0.85,-1,-1,-1
20,10,-0.42,320.15,29.54,60.36,0.85,-1,-1,-1
20,11,670.42,303.31,39.49,115.18,0.90,-1,-1,-1
20,12,721.99,307.09,24.63,68.96,0.86,-1,-1,-1
20,13,476.30,323.35,22.30,50.96,0.84,-1,-1,-1
20,16,512.26,324.95,14.96,37.22,0.30,-1,-1,-1
20,17,313.04,321.63,14.88,35.69,0.46,-1,-1,-1
21,1,687.50,315.85,53.77,145.91,0.91,-1,-1,-1
21,2,724.62,302.11,91.30,240.70,0.95,-1,-1,-1
21,3,800.80,271.26,113.76,262.62,0.93,-1,-1,-1
21,4,571.47,314.38,44.07,116.63,0.92,-1,-1,-1
21,5,631.46,316.31,58.96,140.26,0.92,-1,-1,-1
21,6,512.90,318.66,51.78,107.62,0.89,-1,-1,-1
21,7,70.15,324.43,21.69,52.21,0.83,-1,-1,-1
21,8,605.35,313.32,36.76,111.10,0.91,-1,-1,-1
21,9,27.45,326.74,22.17,52.51,0.85,-1,-1,-1
21,10,-1.85,320.59,29.97,60.07,0.87,-1,-1,-1
21,11,670.44,303.65,39.47,115.16,0.90,-1,-1,-1
21,12,723.10,307.26,24.37,68.63,0.87,-1,-1,-1
21,13,476.73,323.22,21.88,50.31,0.82,-1,-1,-1
21,16,512.55,324.71,14.54,36.84,0.25,-1,-1,-1
21,17,312.96,321.62,14.85,35.28,0.30,-1,-1,-1
22,1,688.76,315.19,53.07,147.16,0.91,-1,-1,-1
22,2,726.45,300.45,90.28,245.10,0.94,-1,-1,-1
22,3,804.15,271.66,120.61,268.36,0.94,-1,-1,-1
22,4,571.13,314.38,44.09,117.40,0.92,-1,-1,-1
22,5,632.00,317.57,58.18,140.15,0.92,-1,-1,-1
22,6,513.50,318.44,50.49,108.34,0.86,-1,-1,-1
22,7,70.62,324.73,20.28,51.85,0.84,-1,-1,-1
22,8,605.33,314.33,36.91,111.10,0.91,-1,-1,-1
22,9,26.63,327.08,22.02,52.62,0.85,-1,-1,-1
22,10,-2.06,320.38,29.77,60.24,0.88,-1,-1,-1
22,11,670.04,304.52,40.05,114.49,0.89,-1,-1,-1
22,12,723.99,307.16,24.27,66.07,0.85,-1,-1,-1
22,13,475.94,323.58,22.90,49.15,0.81,-1,-1,-1
22,16,512.62,323.98,14.99,38.23,0.14,-1,-1,-1
22,17,313.28,321.25,14.52,34.81,0.28,-1,-1,-1
23,1,688.51,315.66,53.45,147.75,0.91,-1,-1,-1
23,2,728.88,300.38,89.25,247.21,0.94,-1,-1,-1
23,3,807.06,274.16,124.42,269.22,0.95,-1,-1,-1
23,4,571.32,314.36,44.10,117.93,0.92,-1,-1,-1
23,5,632.76,318.02,57.86,140.37,0.92,-1,-1,-1
23,6,514.69,318.18,48.17,109.46,0.87,-1,-1,-1
23,7,70.66,324.71,19.39,52.01,0.84,-1,-1,-1
23,8,605.31,315.28,36.97,110.45,0.92,-1,-1,-1
23,9,25.69,327.09,22.46,52.95,0.84,-1,-1,-1
23,10,-2.56,320.33,29.83,60.28,0.86,-1,-1,-1
23,11,669.86,305.41,40.88,114.19,0.89,-1,-1,-1
23,12,724.87,306.77,24.24,65.10,0.85,-1,-1,-1
23,13,477.72,323.25,20.92,48.71,0.74,-1,-1,-1
23,16,512.96,323.25,15.75,39.63,0.17,-1,-1,-1
23,17,313.61,320.82,14.40,33.42,0.30,-1,-1,-1
24,1,687.45,317.01,55.43,147.66,0.91,-1,-1,-1
24,2,731.85,300.35,88.83,250.83,0.94,-1,-1,-1
24,3,810.13,275.72,126.74,271.75,0.93,-1,-1,-1
24,4,571.08,314.34,44.11,119.00,0.92,-1,-1,-1
24,5,633.29,319.36,57.74,139.54,0.92,-1,-1,-1
24,6,514.56,317.48,47.28,110.75,0.85,-1,-1,-1
24,7,70.25,324.43,18.78,52.38,0.82,-1,-1,-1
24,8,604.98,315.77,36.99,110.18,0.92,-1,-1,-1
24,9,25.04,326.98,22.62,53.07,0.84,-1,-1,-1
24,10,-3.17,320.19,30.05,60.60,0.86,-1,-1,-1
24,11,670.06,306.77,40.60,112.86,0.89,-1,-1,-1
24,12,725.45,306.44,24.23,64.45,0.85,-1,-1,-1
24,13,478.99,323.73,20.13,48.25,0.77,-1,-1,-1
24,16,513.06,322.96,16.04,40.76,0.11,-1,-1,-1
24,17,313.86,320.82,14.06,32.91,0.27,-1,-1,-1
25,1,686.12,317.31,57.38,147.80,0.91,-1,-1,-1
25,2,735.92,300.28,86.90,255.69,0.94,-1,-1,-1
25,3,812.13,276.98,133.10,273.10,0.94,-1,-1,-1
25,4,570.65,314.43,44.13,119.70,0.92,-1,-1,-1
25,5,633.73,319.95,57.72,139.84,0.93,-1,-1,-1
25,6,511.15,316.41,45.16,112.13,0.85,-1,-1,-1
25,7,69.26,324.15,19.13,52.83,0.82,-1,-1,-1
25,8,604.82,316.04,36.41,110.97,0.91,-1,-1,-1
25,9,24.08,327.08,22.51,52.82,0.85,-1,-1,-1
25,10,-3.65,320.14,29.13,60.72,0.85,-1,-1,-1
25,11,671.00,307.66,40.52,112.37,0.89,-1,-1,-1
25,12,725.93,305.65,23.65,63.33,0.85,-1,-1,-1
25,13,479.66,323.56,19.85,49.91,0.76,-1,-1,-1
25,17,313.70,320.63,13.95,33.36,0.17,-1,-1,-1
26,1,685.61,318.07,60.49,147.06,0.90,-1,-1,-1
26,2,738.94,301.06,85.53,259.11,0.93,-1,-1,-1
26,3,813.70,277.08,137.50,279.00,0.95,-1,-1,-1
26,4,570.57,314.53,44.14,120.20,0.92,-1,-1,-1
26,5,634.22,320.08,57.70,139.90,0.93,-1,-1,-1
26,6,509.08,315.49,44.98,113.18,0.87,-1,-1,-1
26,7,69.01,323.73,18.96,52.98,0.82,-1,-1,-1
26,8,604.83,315.90,36.18,111.22,0.92,-1,-1,-1
26,9,23.78,327.10,22.21,52.41,0.86,-1,-1,-1
26,10,-3.21,320.27,27.51,60.75,0.86,-1,-1,-1
26,11,671.69,308.05,40.49,111.84,0.89,-1,-1,-1
26,12,726.10,304.81,24.04,63.22,0.85,-1,-1,-1
26,13,480.59,322.99,19.76,49.91,0.74,-1,-1,-1
26,17,313.93,320.22,13.61,33.82,0.26,-1,-1,-1
27,1,684.47,317.83,62.27,147.24,0.90,-1,-1,-1
27,2,741.18,301.89,85.62,261.82,0.94,-1,-1,-1
27,3,813.91,276.01,142.33,284.57,0.95,-1,-1,-1
27,4,570.18,314.35,44.74,120.68,0.92,-1,-1,-1
27,5,634.32,319.44,58.29,140.84,0.92,-1,-1,-1
27,6,507.38,314.92,45.54,113.87,0.88,-1,-1,-1
27,7,67.65,324.10,20.06,52.45,0.82,-1,-1,-1
27,8,604.17,315.02,36.70,112.20,0.92,-1,-1,-1
27,9,22.97,326.74,22.54,52.26,0.86,-1,-1,-1
27,10,-3.37,319.95,26.21,61.06,0.85,-1,-1,-1
27,11,672.18,307.95,40.49,111.36,0.88,-1,-1,-1
27,12,726.09,303.68,24.79,62.90,0.84,-1,-1,-1
27,13,481.12,322.40,19.74,48.73,0.68,-1,-1,-1
28,1,683.23,317.84,66.49,146.87,0.89,-1,-1,-1
28,2,743.56,302.15,88.70,264.81,0.92,-1,-1,-1
28,3,815.47,273.90,145.08,290.55,0.95,-1,-1,-1
28,4,570.13,313.81,44.40,121.43,0.92,-1,-1,-1
28,5,634.72,318.86,58.55,139.70,0.92,-1,-1,-1
28,6,505.38,314.11,46.38,115.59,0.88,-1,-1,-1
28,7,66.46,324.16,21.06,52.26,0.83,-1,-1,-1
28,8,603.42,313.91,37.51,113.16,0.91,-1,-1,-1
28,9,22.33,326.54,22.61,52.20,0.87,-1,-1,-1
28,10,-3.33,319.47,23.92,61.47,0.85,-1,-1,-1
28,11,673.04,307.41,40.52,110.88,0.89,-1,-1,-1
28,12,726.48,303.36,24.49,62.20,0.85,-1,-1,-1
28,13,481.97,321.58,19.14,48.28,0.75,-1,-1,-1
29,1,684.71,317.28,67.52,147.32,0.90,-1,-1,-1
29,2,745.53,302.89,88.67,267.88,0.94,-1,-1,-1
29,3,815.66,270.94,148.06,296.37,0.95,-1,-1,-1
29,4,570.38,313.05,43.67,121.98,0.92,-1,-1,-1
29,5,634.80,318.07,59.82,139.86,0.91,-1,-1,-1
29,6,505.22,313.40,45.50,117.09,0.88,-1,-1,-1
29,7,67.03,323.47,20.64,52.48,0.83,-1,-1,-1
29,8,602.50,312.63,38.99,114.39,0.92,-1,-1,-1
29,9,21.79,326.20,22.33,52.18,0.85,-1,-1,-1
29,10,-3.45,319.03,22.74,61.92,0.85,-1,-1,-1
29,11,673.60,306.93,40.53,110.70,0.88,-1,-1,-1
29,12,726.84,302.85,24.98,63.17,0.84,-1,-1,-1
29,13,482.52,321.47,19.54,49.02,0.74,-1,-1,-1
30,1,685.85,316.49,70.78,147.46,0.89,-1,-1,-1
30,2,747.08,301.73,88.59,273.30,0.94,-1,-1,-1
30,3,818.22,267.80,147.62,300.77,0.95,-1,-1,-1
30,4,570.19,312.63,43.37,122.14,0.92,-1,-1,-1
30,5,634.81,316.59,60.86,139.29,0.91,-1,-1,-1
30,6,504.65,313.44,45.15,117.62,0.88,-1,-1,-1
30,7,67.62,323.33,20.61,52.26,0.83,-1,-1,-1
30,8,602.75,311.87,38.37,115.10,0.92,-1,-1,-1
30,9,20.91,325.44,22.52,52.47,0.84,-1,-1,-1
30,10,-3.30,318.39,21.53,62.37,0.84,-1,-1,-1
30,11,674.98,305.72,39.92,110.32,0.88,-1,-1,-1
30,12,726.94,302.54,25.74,65.63,0.85,-1,-1,-1
30,13,483.33,321.59,18.47,48.99,0.76,-1,-1,-1
31,1,686.92,315.49,69.71,147.98,0.90,-1,-1,-1
31,2,748.27,299.14,90.93,280.45,0.94,-1,-1,-1
31,3,820.98,263.73,147.32,306.18,0.95,-1,-1,-1
31,4,569.57,311.79,43.86,123.39,0.92,-1,-1,-1
31,5,635.73,314.75,61.25,138.80,0.92,-1,-1,-1
31,6,503.01,313.82,46.23,116.32,0.88,-1,-1,-1
31,7,67.78,324.07,20.83,50.99,0.86,-1,-1,-1
31,8,602.31,310.90,39.29,115.08,0.92,-1,-1,-1
31,9,20.54,325.20,22.11,52.28,0.83,-1,-1,-1
31,10,-3.74,317.89,20.39,62.25,0.83,-1,-1,-1
31,11,675.84,304.57,39.69,110.50,0.89,-1,-1,-1
31,12,727.62,302.48,25.44,63.90,0.84,-1,-1,-1
31,13,484.23,320.79,18.08,50.19,0.81,-1,-1,-1
32,1,688.78,314.74,69.21,147.14,0.89,-1,-1,-1
32,2,749.54,297.04,93.55,286.61,0.94,-1,-1,-1
32,3,822.84,259.48,147.37,311.81,0.95,-1,-1,-1
32,4,568.73,311.22,44.64,124.15,0.93,-1,-1,-1
32,5,636.34,314.12,62.56,138.33,0.93,-1,-1,-1
32,6,500.92,313.42,47.81,116.40,0.89,-1,-1,-1
32,7,67.55,323.90,21.65,50.82,0.86,-1,-1,-1
32,8,602.13,310.15,39.63,115.65,0.92,-1,-1,-1
32,9,20.09,324.81,21.80,52.22,0.84,-1,-1,-1
32,10,-5.12,317.40,20.99,62.51,0.82,-1,-1,-1
32,11,676.42,303.59,39.60,110.58,0.89,-1,-1,-1
32,12,728.14,302.55,25.31,64.13,0.85,-1,-1,-1
32,13,484.50,320.24,17.33,49.76,0.79,-1,-1,-1
32,18,261.90,324.67,12.15,34.20,0.71,-1,-1,-1
33,1,690.62,314.10,67.20,146.83,0.90,-1,-1,-1
33,2,750.24,295.92,96.84,290.50,0.94,-1,-1,-1
33,3,825.23,255.81,146.07,317.23,0.95,-1,-1,-1
33,4,568.09,311.10,44.32,124.13,0.92,-1,-1,-1
33,5,637.12,313.98,62.44,138.47,0.92,-1,-1,-1
33,6,499.55,314.55,48.40,116.41,0.88,-1,-1,-1
33,7,67.16,323.99,22.76,50.77,0.85,-1,-1,-1
33,8,601.46,309.81,40.32,116.15,0.92,-1,-1,-1
33,9,19.44,324.68,21.91,52.50,0.83,-1,-1,-1
33,10,-5.71,317.38,20.59,62.60,0.81,-1,-1,-1
33,11,676.89,303.03,40.16,110.33,0.89,-1,-1,-1
33,12,728.60,302.83,25.26,65.13,0.84,-1,-1,-1
33,13,484.84,320.26,17.06,49.29,0.80,-1,-1,-1
33,18,261.38,324.56,12.52,34.59,0.69,-1,-1,-1
34,1,693.08,313.16,64.59,146.43,0.90,-1,-1,-1
34,2,751.04,293.04,100.41,295.52,0.94,-1,-1,-1
34,3,826.95,252.72,144.57,322.12,0.95,-1,-1,-1
34,4,566.36,311.24,45.38,124.39,0.93,-1,-1,-1
34,5,637.98,312.78,61.18,139.72,0.93,-1,-1,-1
34,6,500.25,314.85,46.83,116.69,0.89,-1,-1,-1
34,7,66.67,323.72,23.83,51.06,0.84,-1,-1,-1
34,8,601.49,310.17,40.56,116.32,0.92,-1,-1,-1
34,9,19.18,324.63,21.92,52.61,0.83,-1,-1,-1
34,10,-6.70,317.37,21.20,61.74,0.78,-1,-1,-1
34,11,677.04,301.80,40.37,111.14,0.90,-1,-1,-1
34,12,728.45,303.12,25.83,66.70,0.84,-1,-1,-1
34,13,484.92,320.15,16.98,49.12,0.76,-1,-1,-1
34,18,261.23,324.38,12.60,34.67,0.64,-1,-1,-1
35,1,695.48,312.41,62.97,146.30,0.89,-1,-1,-1
35,2,752.18,289.53,101.72,301.01,0.93,-1,-1,-1
35,3,830.21,251.07,141.21,327.11,0.95,-1,-1,-1
35,4,564.82,311.33,46.95,124.79,0.93,-1,-1,-1
35,5,639.47,312.38,60.67,140.52,0.93,-1,-1,-1
35,6,498.16,314.25,48.02,118.59,0.88,-1,-1,-1
35,7,66.09,323.75,23.66,50.89,0.86,-1,-1,-1
35,8,601.21,310.21,40.63,117.27,0.92,-1,-1,-1
35,9,18.50,324.29,22.43,52.95,0.83,-1,-1,-1
35,10,-7.59,317.20,21.25,62.01,0.77,-1,-1,-1
35,11,677.37,300.96,40.44,112.06,0.90,-1,-1,-1
35,12,729.27,303.44,25.44,66.12,0.85,-1,-1,-1
35,13,485.22,319.40,17.57,50.26,0.69,-1,-1,-1
35,18,261.08,324.46,12.27,34.33,0.62,-1,-1,-1
36,1,698.74,311.81,60.53,148.06,0.92,-1,-1,-1
36,2,753.15,286.87,106.25,307.39,0.93,-1,-1,-1
36,3,832.86,250.64,138.32,335.94,0.95,-1,-1,-1
36,4,563.36,311.48,48.11,125.52,0.93,-1,-1,-1
36,5,641.20,313.55,58.65,140.52,0.93,-1,-1,-1
36,6,497.41,313.08,47.25,121.06,0.87,-1,-1,-1
36,7,65.28,324.25,23.20,50.83,0.84,-1,-1,-1
36,8,601.11,310.79,41.23,117.62,0.92,-1,-1,-1
36,9,17.53,324.20,22.74,53.08,0.83,-1,-1,-1
36,10,-8.61,317.17,21.60,62.71,0.79,-1,-1,-1
36,11,678.37,300.91,39.26,112.71,0.91,-1,-1,-1
36,12,730.46,303.98,24.08,64.69,0.83,-1,-1,-1
36,13,485.30,319.06,17.78,51.58,0.32,-1,-1,-1
36,18,260.73,324.69,12.15,34.22,0.59,-1,-1,-1
37,1,701.39,311.88,60.26,149.03,0.92,-1,-1,-1
37,2,753.75,285.87,109.13,313.24,0.93,-1,-1,-1
37,3,836.74,251.97,135.41,343.88,0.95,-1,-1,-1
37,4,562.19,311.24,49.15,126.67,0.93,-1,-1,-1
37,5,642.69,316.99,58.51,137.84,0.92,-1,-1,-1
37,6,495.33,312.79,47.56,122.88,0.88,-1,-1,-1
37,7,64.48,320.11,21.83,55.31,0.82,-1,-1,-1
37,8,600.74,311.60,42.04,118.03,0.92,-1,-1,-1
37,9,16.28,324.50,22.96,53.14,0.81,-1,-1,-1
37,10,-9.45,317.19,21.38,63.27,0.78,-1,-1,-1
37,11,678.69,301.05,38.82,114.15,0.91,-1,-1,-1
37,12,731.46,304.47,22.96,63.25,0.82,-1,-1,-1
37,13,485.85,319.10,17.88,51.49,0.12,-1,-1,-1
37,18,260.41,324.77,12.45,34.52,0.63,-1,-1,-1
38,1,703.61,312.20,60.16,149.67,0.92,-1,-1,-1
38,2,753.73,285.80,114.25,319.40,0.93,-1,-1,-1
38,3,840.88,253.41,134.58,349.67,0.95,-1,-1,-1
38,4,560.70,311.28,50.11,127.97,0.93,-1,-1,-1
38,5,644.51,317.37,57.85,138.61,0.93,-1,-1,-1
38,6,494.12,311.92,47.66,125.00,0.89,-1,-1,-1
38,7,63.92,318.43,24.72,57.82,0.83,-1,-1,-1
38,8,601.01,312.19,42.33,118.75,0.92,-1,-1,-1
38,9,15.67,324.44,23.15,53.74,0.82,-1,-1,-1
38,10,-10.03,317.33,21.55,63.77,0.74,-1,-1,-1
38,11,678.58,301.39,39.26,114.97,0.91,-1,-1,-1
38,12,732.20,304.78,22.56,63.32,0.82,-1,-1,-1
38,18,260.29,325.09,12.56,34.30,0.65,-1,-1,-1
39,1,705.52,312.92,60.72,150.17,0.92,-1,-1,-1
39,2,753.34,286.83,117.87,327.25,0.93,-1,-1,-1
39,3,845.25,255.19,135.43,355.15,0.95,-1,-1,-1
39,4,558.96,311.57,52.21,128.70,0.93,-1,-1,-1
39,5,646.31,318.08,56.98,139.17,0.93,-1,-1,-1
39,6,493.11,311.58,47.09,126.05,0.90,-1,-1,-1
39,7,63.81,318.76,25.78,57.33,0.81,-1,-1,-1
39,8,601.68,312.84,41.83,119.27,0.92,-1,-1,-1
39,9,15.05,324.39,22.70,54.55,0.75,-1,-1,-1
39,10,-10.06,318.10,20.94,63.34,0.64,-1,-1,-1
39,11,679.07,302.56,39.42,114.95,0.91,-1,-1,-1
39,12,732.69,305.03,22.42,62.13,0.78,-1,-1,-1
39,18,260.30,325.17,12.28,34.22,0.66,-1,-1,-1
40,1,706.82,313.58,62.18,150.52,0.93,-1,-1,-1
40,2,752.92,289.09,126.83,334.11,0.95,-1,-1,-1
40,3,850.45,257.14,137.03,359.61,0.95,-1,-1,-1
40,4,558.34,311.65,53.04,129.86,0.93,-1,-1,-1
40,5,648.19,318.89,56.71,139.40,0.93,-1,-1,-1
40,6,491.89,311.14,47.50,127.02,0.89,-1,-1,-1
40,7,63.19,320.90,26.36,55.63,0.15,-1,-1,-1
40,8,602.28,313.19,41.65,120.06,0.92,-1,-1,-1
40,9,14.40,325.03,23.32,54.27,0.77,-1,-1,-1
40,10,-11.05,319.06,20.64,62.58,0.60,-1,-1,-1
40,11,679.59,303.69,39.51,114.05,0.91,-1,-1,-1
40,12,733.51,304.90,22.39,60.80,0.78,-1,-1,-1
40,18,260.28,325.06,12.18,34.50,0.68,-1,-1,-1
41,1,707.87,313.91,63.33,151.07,0.93,-1,-1,-1
41,2,751.34,290.79,134.26,340.05,0.96,-1,-1,-1
41,3,855.57,258.87,137.33,366.51,0.95,-1,-1,-1
41,4,557.60,311.62,53.92,131.15,0.92,-1,-1,-1
41,5,650.38,319.71,55.41,138.57,0.93,-1,-1,-1
41,6,490.33,311.51,48.25,127.33,0.90,-1,-1,-1
41,7,62.30,321.27,26.72,54.65,0.71,-1,-1,-1
41,8,602.54,313.25,42.17,120.92,0.91,-1,-1,-1
41,9,13.87,325.11,23.48,54.44,0.82,-1,-1,-1
41,10,-11.44,319.56,20.50,61.98,0.62,-1,-1,-1
41,11,680.38,305.10,40.15,112.78,0.91,-1,-1,-1
41,12,733.50,304.46,23.00,61.53,0.74,-1,-1,-1
41,18,260.19,325.13,12.15,34.30,0.68,-1,-1,-1
42,1,709.02,314.73,64.34,150.49,0.92,-1,-1,-1
42,2,750.87,293.91,137.12,343.99,0.95,-1,-1,-1
42,3,861.16,258.78,138.29,374.33,0.95,-1,-1,-1
42,4,557.58,312.01,54.23,131.58,0.92,-1,-1,-1
42,5,652.59,319.66,54.32,138.83,0.92,-1,-1,-1
42,6,490.05,311.32,47.93,128.27,0.89,-1,-1,-1
42,7,60.67,320.15,28.08,55.76,0.82,-1,-1,-1
42,8,602.29,312.78,42.94,121.79,0.92,-1,-1,-1
42,9,13.50,325.38,23.19,54.19,0.80,-1,-1,-1
42,10,-12.01,320.43,20.53,61.14,0.55,-1,-1,-1
42,11,681.19,305.58,40.38,111.98,0.90,-1,-1,-1
42,12,733.70,303.96,23.22,60.89,0.71,-1,-1,-1
42,18,260.33,325.10,11.83,34.22,0.68,-1,-1,-1
43,1,710.87,315.14,64.15,150.41,0.92,-1,-1,-1
43,2,750.35,295.51,141.63,348.68,0.95,-1,-1,-1
43,3,866.99,256.20,140.78,385.20,0.94,-1,-1,-1
43,4,558.18,312.27,53.75,132.01,0.93,-1,-1,-1
43,5,654.55,319.28,54.56,138.93,0.92,-1,-1,-1
43,6,490.87,311.37,47.22,128.88,0.89,-1,-1,-1
43,7,61.35,321.69,27.44,54.39,0.85,-1,-1,-1
43,8,602.77,312.40,43.24,122.10,0.92,-1,-1,-1
43,9,13.08,325.20,23.48,54.39,0.81,-1,-1,-1
43,10,-12.67,319.57,20.78,62.94,0.51,-1,-1,-1
43,11,682.35,306.45,39.89,111.08,0.89,-1,-1,-1
43,12,734.04,303.11,23.32,62.18,0.72,-1,-1,-1
43,18,260.20,325.23,11.72,33.88,0.71,-1,-1,-1
44,1,713.15,314.08,64.70,151.60,0.92,-1,-1,-1
44,2,752.02,296.69,146.84,359.17,0.94,-1,-1,-1
44,3,871.04,252.39,147.70,396.45,0.94,-1,-1,-1
44,4,558.55,312.22,54.75,133.07,0.93,-1,-1,-1
44,5,656.86,318.82,54.69,136.61,0.92,-1,-1,-1
44,6,491.02,311.85,48.77,129.12,0.89,-1,-1,-1
44,7,61.51,322.95,26.36,53.26,0.85,-1,-1,-1
44,8,603.37,312.10,43.96,122.22,0.92,-1,-1,-1
44,9,12.71,325.20,22.77,54.47,0.80,-1,-1,-1
44,10,-13.78,319.61,21.53,62.73,0.36,-1,-1,-1
44,11,682.61,306.75,40.32,110.77,0.88,-1,-1,-1
44,12,734.90,302.33,23.37,62.37,0.55,-1,-1,-1
44,18,260.18,325.32,11.69,33.77,0.70,-1,-1,-1
45,1,716.01,313.41,63.10,151.73,0.93,-1,-1,-1
45,2,754.36,296.59,151.08,369.45,0.94,-1,-1,-1
45,3,875.36,248.93,153.80,404.96,0.95,-1,-1,-1
45,4,559.87,312.08,54.51,133.43,0.93,-1,-1,-1
45,5,658.84,318.36,55.35,135.44,0.92,-1,-1,-1
45,6,491.38,312.37,48.75,130.05,0.89,-1,-1,-1
45,7,61.66,323.13,26.00,53.13,0.85,-1,-1,-1
45,8,603.87,311.42,44.21,122.84,0.92,-1,-1,-1
45,9,12.21,325.21,22.14,54.50,0.80,-1,-1,-1
45,10,-14.75,319.63,22.10,63.83,0.32,-1,-1,-1
45,11,682.97,306.43,41.07,110.96,0.88,-1,-1,-1
45,12,735.48,302.37,23.39,61.56,0.59,-1,-1,-1
45,18,260.17,325.52,11.68,33.73,0.70,-1,-1,-1
45,19,547.20,322.42,13.50,31.50,0.70,-1,-1,-1
46,1,718.78,312.37,61.89,152.81,0.92,-1,-1,-1
46,2,756.09,294.46,152.10,379.61,0.94,-1,-1,-1
46,3,880.06,243.61,162.26,412.82,0.95,-1,-1,-1
46,4,561.26,311.55,53.81,134.12,0.93,-1,-1,-1
46,5,660.38,317.69,55.62,135.60,0.92,-1,-1,-1
46,6,490.33,312.83,50.53,130.66,0.89,-1,-1,-1
46,7,61.80,323.35,25.18,52.78,0.86,-1,-1,-1
46,8,604.61,310.69,43.71,123.33,0.92,-1,-1,-1
46,9,11.40,325.22,22.89,54.50,0.82,-1,-1,-1
46,10,-15.82,320.09,22.84,64.54,0.25,-1,-1,-1
46,11,683.63,305.96,40.77,111.03,0.89,-1,-1,-1
46,12,735.63,302.20,24.00,60.95,0.46,-1,-1,-1
46,18,260.15,325.43,11.68,34.02,0.70,-1,-1,-1
46,19,547.73,322.44,13.52,31.53,0.63,-1,-1,-1
47,1,721.24,312.02,60.82,152.01,0.91,-1,-1,-1
47,2,758.47,291.63,155.23,388.00,0.95,-1,-1,-1
47,3,887.24,237.85,173.85,421.76,0.95,-1,-1,-1
47,4,562.09,310.79,54.11,134.96,0.93,-1,-1,-1
47,5,661.78,317.48,55.72,135.98,0.91,-1,-1,-1
47,6,487.31,313.33,53.53,130.87,0.89,-1,-1,-1
47,7,61.26,322.98,24.63,53.26,0.86,-1,-1,-1
47,8,605.18,310.15,44.09,124.10,0.92,-1,-1,-1
47,9,10.64,325.07,23.61,54.20,0.83,-1,-1,-1
47,11,683.25,304.76,41.24,113.16,0.88,-1,-1,-1
47,12,736.55,302.18,23.63,57.71,0.50,-1,-1,-1
47,18,260.15,325.41,11.68,34.13,0.70,-1,-1,-1
47,19,547.87,322.29,13.53,31.88,0.65,-1,-1,-1
47,14,654.75,309.43,22.51,56.74,0.72,-1,-1,-1
48,1,724.19,312.25,59.81,149.91,0.91,-1,-1,-1
48,2,761.99,286.95,158.62,397.93,0.95,-1,-1,-1
48,3,893.41,233.12,184.57,429.39,0.95,-1,-1,-1
48,4,563.00,310.09,54.19,136.15,0.93,-1,-1,-1
48,5,663.74,316.55,55.14,137.04,0.91,-1,-1,-1
48,6,485.59,313.55,55.82,131.51,0.90,-1,-1,-1
48,7,61.01,320.41,24.73,56.14,0.85,-1,-1,-1
48,8,605.98,309.69,44.21,125.27,0.92,-1,-1,-1
48,9,10.21,324.98,23.27,54.09,0.82,-1,-1,-1
48,11,683.99,304.22,40.80,111.88,0.88,-1,-1,-1
48,12,737.19,302.25,23.48,57.44,0.67,-1,-1,-1
48,18,260.14,325.39,11.68,34.17,0.71,-1,-1,-1
48,19,548.17,322.59,13.52,31.99,0.66,-1,-1,-1
48,14,655.55,309.65,22.52,57.34,0.77,-1,-1,-1
49,1,726.41,312.12,59.43,149.74,0.93,-1,-1,-1
49,2,766.53,281.59,160.67,407.59,0.95,-1,-1,-1
49,3,901.20,228.52,194.70,437.42,0.95,-1,-1,-1
49,4,563.64,309.44,54.20,137.49,0.93,-1,-1,-1
49,5,665.90,315.52,54.32,138.67,0.91,-1,-1,-1
49,6,484.05,313.38,56.69,132.64,0.89,-1,-1,-1
49,7,60.73,318.72,24.61,58.10,0.85,-1,-1,-1
49,8,606.57,309.59,44.24,126.90,0.92,-1,-1,-1
49,9,9.52,324.49,23.57,54.65,0.81,-1,-1,-1
49,11,684.85,303.78,40.62,113.81,0.88,-1,-1,-1
49,12,738.01,302.81,23.42,55.55,0.66,-1,-1,-1
49,18,259.93,325.55,11.98,34.20,0.67,-1,-1,-1
49,19,548.22,322.72,13.51,31.68,0.62,-1,-1,-1
49,14,655.81,309.44,22.52,57.82,0.83,-1,-1,-1
50,1,727.91,311.96,59.26,150.06,0.93,-1,-1,-1
50,2,773.04,277.83,159.16,413.80,0.95,-1,-1,-1
50,3,908.19,225.97,206.15,443.34,0.95,-1,-1,-1
50,4,564.40,309.07,54.14,138.49,0.93,-1,-1,-1
50,5,667.42,315.16,53.98,139.51,0.92,-1,-1,-1
50,6,483.76,312.87,55.20,134.16,0.89,-1,-1,-1
50,7,60.99,316.99,23.86,59.99,0.85,-1,-1,-1
50,8,607.58,309.88,43.60,127.73,0.92,-1,-1,-1
50,9,9.56,323.05,22.77,56.02,0.69,-1,-1,-1
50,11,685.62,303.50,39.92,111.79,0.89,-1,-1,-1
50,12,738.14,303.36,23.98,58.84,0.61,-1,-1,-1
50,18,260.10,325.73,11.78,33.89,0.68,-1,-1,-1
50,19,548.83,322.75,12.84,31.55,0.61,-1,-1,-1
50,14,656.38,309.56,22.50,57.97,0.85,-1,-1,-1
51,1,729.00,312.45,59.81,149.78,0.92,-1,-1,-1
51,2,781.73,274.47,154.61,422.50,0.96,-1,-1,-1
51,3,915.17,224.35,218.84,454.79,0.96,-1,-1,-1
51,4,565.25,309.17,54.11,139.18,0.93,-1,-1,-1
51,5,669.13,315.13,53.87,140.47,0.91,-1,-1,-1
51,6,482.16,312.76,56.96,135.63,0.91,-1,-1,-1
51,7,61.70,316.54,21.91,60.72,0.80,-1,-1,-1
51,8,607.93,310.38,43.95,128.94,0.92,-1,-1,-1
51,9,8.54,323.75,21.32,55.37,0.60,-1,-1,-1
51,11,686.20,303.04,40.26,111.05,0.89,-1,-1,-1
51,12,738.19,304.10,24.78,60.02,0.70,-1,-1,-1
51,18,259.75,325.87,12.01,34.38,0.69,-1,-1,-1
51,19,549.00,322.99,13.27,31.51,0.53,-1,-1,-1
51,14,656.58,310.15,22.49,57.43,0.84,-1,-1,-1
52,1,729.92,312.76,60.04,150.42,0.93,-1,-1,-1
52,2,790.93,271.73,150.96,433.20,0.95,-1,-1,-1
52,3,924.60,224.07,221.52,473.25,0.94,-1,-1,-1
52,4,565.55,309.20,54.70,140.00,0.93,-1,-1,-1
52,5,670.28,316.29,54.45,140.52,0.92,-1,-1,-1
52,6,480.69,312.56,58.19,137.05,0.91,-1,-1,-1
52,7,63.55,320.07,18.77,51.87,0.62,-1,-1,-1
52,8,608.63,311.59,44.09,128.49,0.92,-1,-1,-1
52,9,7.98,323.74,21.67,57.20,0.25,-1,-1,-1
52,11,686.97,302.99,40.40,111.07,0.89,-1,-1,-1
52,12,738.77,304.80,25.09,60.49,0.70,-1,-1,-1
52,18,259.45,325.91,12.40,34.87,0.71,-1,-1,-1
52,19,549.03,323.04,13.42,31.82,0.58,-1,-1,-1
52,14,656.62,310.50,22.49,56.92,0.85,-1,-1,-1
53,1,730.10,313.16,61.90,150.91,0.93,-1,-1,-1
53,2,799.28,270.86,149.73,446.70,0.95,-1,-1,-1
53,3,932.08,225.35,238.36,486.82,0.94,-1,-1,-1
53,4,565.92,309.48,55.48,141.12,0.93,-1,-1,-1
53,5,671.19,318.20,54.64,139.89,0.92,-1,-1,-1
53,6,479.57,311.55,58.62,139.29,0.90,-1,-1,-1
53,7,64.42,323.38,15.96,42.55,0.37,-1,-1,-1
53,8,608.83,312.62,44.11,128.83,0.92,-1,-1,-1
53,11,687.47,303.11,41.03,110.75,0.88,-1,-1,-1
53,12,739.18,305.04,25.19,59.46,0.67,-1,-1,-1
53,18,259.42,326.02,12.53,35.04,0.68,-1,-1,-1
53,19,549.32,323.02,13.46,32.22,0.55,-1,-1,-1
53,14,656.87,310.45,22.48,57.33,0.84,-1,-1,-1
54,1,729.58,313.59,64.40,151.74,0.93,-1,-1,-1
54,2,806.52,272.58,152.27,455.03,0.95,-1,-1,-1
54,3,936.72,227.92,255.06,494.60,0.95,-1,-1,-1
54,4,566.06,310.04,55.79,142.45,0.94,-1,-1,-1
54,5,671.80,320.11,55.35,139.09,0.92,-1,-1,-1
54,6,478.28,311.18,57.60,141.03,0.91,-1,-1,-1
54,7,64.60,324.07,15.11,38.36,0.12,-1,-1,-1
54,8,609.51,313.45,43.54,129.87,0.92,-1,-1,-1
54,11,687.98,303.60,41.28,110.67,0.87,-1,-1,-1
54,12,739.68,305.71,25.23,60.59,0.73,-1,-1,-1
54,18,259.17,326.82,12.29,34.52,0.72,-1,-1,-1
54,19,549.11,323.47,13.49,32.38,0.54,-1,-1,-1
54,14,656.99,310.72,22.49,57.20,0.85,-1,-1,-1
55,1,728.45,314.63,67.12,152.04,0.93,-1,-1,-1
55,2,813.25,276.79,154.97,464.38,0.95,-1,-1,-1
55,3,944.05,228.82,262.74,506.47,0.93,-1,-1,-1
55,4,566.39,310.68,55.89,143.52,0.94,-1,-1,-1
55,5,671.96,321.70,56.22,138.78,0.92,-1,-1,-1
55,6,476.34,310.28,58.97,143.42,0.92,-1,-1,-1
55,8,609.44,314.03,43.92,131.13,0.92,-1,-1,-1
55,11,689.33,304.51,40.78,110.35,0.87,-1,-1,-1
55,12,740.43,305.93,25.25,61.30,0.72,-1,-1,-1
55,18,258.92,326.81,12.50,34.91,0.70,-1,-1,-1
55,19,549.63,323.61,13.50,32.43,0.52,-1,-1,-1
55,14,657.31,310.96,23.10,57.75,0.84,-1,-1,-1
56,1,728.19,316.32,68.73,151.39,0.94,-1,-1,-1
56,2,819.12,279.89,157.71,473.19,0.94,-1,-1,-1
56,3,951.85,229.91,274.67,513.17,0.93,-1,-1,-1
56,4,566.17,311.33,56.51,144.46,0.94,-1,-1,-1
56,5,672.22,323.14,56.54,137.75,0.92,-1,-1,-1
56,6,475.03,310.65,59.45,144.27,0.92,-1,-1,-1
56,8,609.35,314.50,44.05,132.15,0.93,-1,-1,-1
56,11,690.07,305.57,40.59,108.72,0.88,-1,-1,-1
56,12,740.64,305.96,25.25,63.35,0.77,-1,-1,-1
56,18,258.83,327.07,12.28,35.06,0.75,-1,-1,-1
56,19,549.78,323.93,13.50,32.44,0.54,-1,-1,-1
56,14,657.97,311.30,22.72,57.96,0.85,-1,-1,-1
57,1,728.35,317.33,70.49,151.23,0.94,-1,-1,-1
57,2,824.71,282.95,162.22,483.89,0.93,-1,-1,-1
57,3,960.96,229.60,280.28,523.87,0.91,-1,-1,-1
57,4,566.42,311.67,56.13,145.92,0.93,-1,-1,-1
57,5,672.58,323.15,57.24,138.07,0.92,-1,-1,-1
57,6,473.47,310.89,60.79,145.68,0.92,-1,-1,-1
57,8,609.05,314.91,44.69,132.77,0.92,-1,-1,-1
57,11,690.93,306.80,39.91,107.48,0.86,-1,-1,-1
57,12,741.00,305.76,26.43,64.09,0.71,-1,-1,-1
57,18,258.94,327.27,12.19,34.80,0.75,-1,-1,-1
57,19,549.58,324.29,14.10,32.13,0.55,-1,-1,-1
57,14,658.53,311.37,22.57,58.01,0.84,-1,-1,-1
58,1,728.12,318.54,72.34,149.98,0.94,-1,-1,-1
58,2,829.96,284.51,167.18,491.68,0.93,-1,-1,-1
58,3,969.59,227.66,283.47,548.08,0.91,-1,-1,-1
58,4,566.84,311.91,55.40,146.74,0.93,-1,-1,-1
58,5,673.01,323.37,57.53,138.19,0.92,-1,-1,-1
58,6,472.35,311.26,61.30,146.47,0.92,-1,-1,-1
58,8,609.25,315.01,44.95,133.28,0.93,-1,-1,-1
58,11,691.56,308.10,39.67,106.43,0.86,-1,-1,-1
58,12,741.73,305.46,25.71,63.78,0.79,-1,-1,-1
58,18,258.85,327.49,12.46,34.40,0.79,-1,-1,-1
58,19,549.82,324.23,13.74,32.01,0.53,-1,-1,-1
58,14,659.06,311.49,22.52,58.03,0.84,-1,-1,-1
58,20,266.85,330.07,15.30,32.85,0.71,-1,-1,-1
59,1,728.10,319.18,73.65,149.53,0.94,-1,-1,-1
59,2,834.27,284.70,172.66,501.77,0.93,-1,-1,-1
59,3,976.97,223.74,292.71,562.29,0.92,-1,-1,-1
59,4,566.45,311.78,55.15,147.92,0.93,-1,-1,-1
59,5,673.22,323.51,58.26,137.52,0.92,-1,-1,-1
59,6,471.42,311.51,60.92,148.51,0.92,-1,-1,-1
59,8,609.09,314.51,45.67,134.06,0.93,-1,-1,-1
59,11,692.46,308.79,39.61,105.78,0.84,-1,-1,-1
59,12,742.40,304.94,24.83,62.46,0.78,-1,-1,-1
59,18,258.66,327.56,12.57,34.55,0.78,-1,-1,-1
59,19,549.96,324.14,14.20,31.97,0.48,-1,-1,-1
59,14,659.33,311.61,22.52,58.05,0.84,-1,-1,-1
59,20,266.75,330.32,15.32,32.87,0.71,-1,-1,-1
60,1,728.87,319.77,73.50,148.46,0.94,-1,-1,-1
60,2,839.48,281.95,178.38,512.92,0.93,-1,-1,-1
60,3,984.18,218.45,298.27,574.56,0.93,-1,-1,-1
60,4,566.25,311.77,54.42,148.33,0.93,-1,-1,-1
60,5,673.49,323.30,57.91,137.26,0.92,-1,-1,-1
60,6,469.90,311.92,61.30,149.24,0.92,-1,-1,-1
60,8,608.67,313.77,46.49,134.91,0.93,-1,-1,-1
60,11,693.01,309.24,39.57,106.45,0.84,-1,-1,-1
60,12,743.78,304.67,23.87,61.05,0.80,-1,-1,-1
60,18,258.59,327.56,12.60,34.61,0.78,-1,-1,-1
60,19,550.26,323.99,14.36,32.85,0.54,-1,-1,-1
60,14,659.66,311.55,21.91,58.05,0.85,-1,-1,-1
60,20,266.53,330.36,15.67,32.88,0.73,-1,-1,-1
61,1,730.93,319.61,71.69,148.08,0.94,-1,-1,-1
61,2,845.16,275.98,187.92,529.14,0.91,-1,-1,-1
61,3,993.78,212.51,291.16,587.75,0.91,-1,-1,-1
61,4,565.84,311.72,54.78,148.77,0.93,-1,-1,-1
61,5,674.16,322.85,57.80,136.89,0.92,-1,-1,-1
61,6,468.73,312.65,60.88,149.49,0.92,-1,-1,-1
61,8,608.49,313.44,47.43,135.52,0.93,-1,-1,-1
61,11,692.89,308.88,40.78,109.44,0.84,-1,-1,-1
61,12,743.67,304.19,24.14,61.43,0.78,-1,-1,-1
61,18,258.32,327.58,12.62,34.64,0.79,-1,-1,-1
61,19,550.93,323.90,14.43,33.19,0.59,-1,-1,-1
61,14,659.76,311.78,21.69,58.06,0.85,-1,-1,-1
61,20,266.46,330.36,15.78,32.87,0.74,-1,-1,-1
62,1,732.86,319.43,69.72,147.47,0.94,-1,-1,-1
62,2,851.49,271.56,196.92,544.43,0.91,-1,-1,-1
62,3,1001.88,203.38,291.34,607.48,0.90,-1,-1,-1
62,4,565.11,311.29,55.48,149.60,0.94,-1,-1,-1
62,5,674.96,322.11,57.72,136.13,0.92,-1,-1,-1
62,6,467.49,312.96,61.26,150.39,0.92,-1,-1,-1
62,8,608.72,313.05,47.75,135.70,0.93,-1,-1,-1
62,11,694.59,308.93,39.44,104.01,0.83,-1,-1,-1
62,12,744.19,303.92,24.23,61.56,0.79,-1,-1,-1
62,18,258.32,327.58,12.62,34.64,0.79,-1,-1,-1
62,19,551.21,324.04,14.44,33.00,0.62,-1,-1,-1
62,14,659.78,311.90,21.60,58.05,0.86,-1,-1,-1
62,20,266.71,330.34,15.13,33.20,0.73,-1,-1,-1
63,1,735.04,318.90,67.75,147.10,0.93,-1,-1,-1
63,2,857.27,264.07,208.39,566.32,0.89,-1,-1,-1
63,3,1011.20,193.84,280.64,625.77,0.89,-1,-1,-1
63,4,563.94,310.98,56.34,150.34,0.93,-1,-1,-1
63,5,674.93,320.18,58.28,137.35,0.92,-1,-1,-1
63,6,466.47,313.08,60.79,150.99,0.92,-1,-1,-1
63,8,608.50,312.46,48.44,136.03,0.93,-1,-1,-1
63,11,695.21,307.88,40.12,113.79,0.83,-1,-1,-1
63,12,744.66,303.83,24.27,61.61,0.78,-1,-1,-1
63,18,258.17,327.43,12.92,34.94,0.79,-1,-1,-1
63,19,551.30,324.25,14.44,32.03,0.51,-1,-1,-1
63,14,660.07,311.80,21.57,58.34,0.86,-1,-1,-1
63,20,266.47,330.32,15.23,33.30,0.71,-1,-1,-1
64,1,737.08,317.88,65.80,146.43,0.93,-1,-1,-1
64,2,862.94,256.08,221.94,591.47,0.90,-1,-1,-1
64,3,1011.62,184.33,285.78,646.51,0.87,-1,-1,-1
64,4,562.90,310.48,57.84,151.37,0.93,-1,-1,-1
64,5,675.51,319.08,58.49,138.76,0.92,-1,-1,-1
64,6,464.62,312.43,61.19,152.56,0.92,-1,-1,-1
64,8,608.73,311.72,48.69,137.37,0.93,-1,-1,-1
64,11,696.06,306.99,39.78,116.96,0.83,-1,-1,-1
64,12,745.48,303.88,24.28,62.54,0.76,-1,-1,-1
64,18,257.88,327.55,13.03,35.06,0.77,-1,-1,-1
64,19,551.91,324.54,13.85,30.46,0.53,-1,-1,-1
64,14,660.20,311.99,21.56,58.17,0.86,-1,-1,-1
64,20,265.69,330.50,15.91,33.34,0.72,-1,-1,-1
65,1,739.23,317.78,63.24,145.85,0.93,-1,-1,-1
65,2,866.07,248.97,235.10,616.93,0.91,-1,-1,-1
65,3,1016.76,174.11,280.45,665.30,0.87,-1,-1,-1
65,4,561.90,310.15,58.39,152.14,0.93,-1,-1,-1
65,5,675.65,318.08,58.55,139.85,0.91,-1,-1,-1
65,6,463.67,311.59,60.72,153.37,0.92,-1,-1,-1
65,8,608.48,311.44,49.36,139.00,0.93,-1,-1,-1
65,11,697.19,306.93,39.04,114.06,0.81,-1,-1,-1
65,12,745.39,304.05,24.88,64.06,0.77,-1,-1,-1
65,18,257.97,327.74,12.77,35.10,0.76,-1,-1,-1
65,19,552.42,324.65,13.00,29.87,0.46,-1,-1,-1
65,14,660.19,311.90,21.56,58.39,0.87,-1,-1,-1
65,20,265.47,330.71,16.14,33.34,0.73,-1,-1,-1
66,1,741.48,317.23,61.67,146.85,0.93,-1,-1,-1
66,2,868.28,241.63,249.18,645.93,0.91,-1,-1,-1
66,3,1035.12,173.13,274.50,678.41,0.87,-1,-1,-1
66,4,560.63,309.95,59.16,153.43,0.94,-1,-1,-1
66,5,675.96,317.79,60.33,140.85,0.91,-1,-1,-1
66,6,462.47,310.89,61.10,155.26,0.92,-1,-1,-1
66,8,608.66,311.86,48.98,140.18,0.93,-1,-1,-1
66,11,697.87,306.10,38.75,108.99,0.83,-1,-1,-1
66,12,745.91,304.51,24.50,64.04,0.76,-1,-1,-1
66,18,257.87,327.70,12.96,35.41,0.75,-1,-1,-1
66,19,552.58,324.60,13.31,30.88,0.43,-1,-1,-1
66,14,660.46,312.25,21.55,58.17,0.86,-1,-1,-1
66,20,265.40,330.97,16.22,33.34,0.68,-1,-1,-1
67,1,744.16,317.11,59.93,148.52,0.93,-1,-1,-1
67,2,870.05,239.29,264.68,669.86,0.90,-1,-1,-1
67,3,1051.64,170.46,275.85,707.14,0.85,-1,-1,-1
67,4,558.95,309.66,60.65,155.47,0.94,-1,-1,-1
67,5,676.98,318.37,61.02,141.61,0.92,-1,-1,-1
67,6,461.39,310.11,62.45,157.52,0.92,-1,-1,-1
67,8,608.44,312.55,50.03,141.28,0.93,-1,-1,-1
67,11,697.85,305.25,39.87,111.06,0.83,-1,-1,-1
67,12,746.48,305.21,23.77,64.06,0.77,-1,-1,-1
67,18,257.18,328.19,13.04,35.25,0.74,-1,-1,-1
67,19,552.61,324.96,13.42,31.27,0.41,-1,-1,-1
67,14,660.59,312.76,21.56,58.72,0.86,-1,-1,-1
67,20,265.05,331.43,15.64,33.35,0.65,-1,-1,-1
68,1,746.88,317.21,59.31,149.59,0.93,-1,-1,-1
68,2,873.11,238.20,274.30,692.25,0.89,-1,-1,-1
68,3,1065.20,171.60,279.78,725.61,0.84,-1,-1,-1
68,4,557.14,309.54,62.94,156.78,0.94,-1,-1,-1
68,5,677.91,319.94,61.26,140.82,0.91,-1,-1,-1
68,6,459.84,309.21,64.12,160.38,0.92,-1,-1,-1
68,8,609.52,313.54,49.81,141.94,0.92,-1,-1,-1
68,11,697.49,305.24,40.86,112.69,0.85,-1,-1,-1
68,12,747.55,306.36,22.27,60.18,0.77,-1,-1,-1
68,18,256.67,328.35,13.36,35.77,0.71,-1,-1,-1
68,19,553.19,325.52,12.86,30.23,0.32,-1,-1,-1
68,14,660.60,312.94,21.56,59.51,0.86,-1,-1,-1
68,20,264.82,332.01,15.41,33.35,0.64,-1,-1,-1
69,1,748.14,317.63,59.71,150.38,0.93,-1,-1,-1
69,2,876.46,237.69,292.68,717.73,0.88,-1,-1,-1
69,3,1083.00,175.35,274.02,741.63,0.82,-1,-1,-1
69,4,556.57,309.60,63.21,158.22,0.94,-1,-1,-1
69,5,678.61,321.52,61.32,140.91,0.91,-1,-1,-1
69,6,458.54,308.24,64.14,162.85,0.92,-1,-1,-1
69,8,610.02,314.76,50.30,142.41,0.93,-1,-1,-1
69,11,696.50,305.34,42.42,118.61,0.85,-1,-1,-1
69,12,748.27,307.35,21.72,56.82,0.78,-1,-1,-1
69,18,256.67,328.67,13.18,35.96,0.75,-1,-1,-1
69,19,553.81,325.98,12.65,30.43,0.43,-1,-1,-1
69,14,661.27,312.95,20.96,60.38,0.86,-1,-1,-1
69,20,264.94,332.19,15.02,33.64,0.72,-1,-1,-1
70,1,748.78,318.34,61.08,150.94,0.93,-1,-1,-1
70,2,878.99,243.58,303.35,729.08,0.88,-1,-1,-1
70,3,1100.02,175.92,276.44,759.19,0.80,-1,-1,-1
70,4,555.47,309.29,64.45,159.88,0.94,-1,-1,-1
70,5,679.68,323.26,61.91,140.30,0.91,-1,-1,-1
70,6,457.65,307.98,65.15,164.14,0.91,-1,-1,-1
70,8,610.46,315.32,50.46,143.11,0.93,-1,-1,-1
70,11,696.34,305.92,43.00,119.04,0.85,-1,-1,-1
70,12,748.74,307.65,22.14,57.45,0.76,-1,-1,-1
70,18,256.58,328.58,13.40,36.61,0.72,-1,-1,-1
70,19,554.00,326.25,13.18,31.10,0.40,-1,-1,-1
70,14,661.16,312.90,21.34,60.69,0.86,-1,-1,-1
70,20,265.03,332.34,15.18,34.03,0.67,-1,-1,-1
71,1,749.26,319.20,62.80,151.15,0.93,-1,-1,-1
71,2,884.13,252.81,320.73,750.39,0.87,-1,-1,-1
71,3,1122.68,180.73,261.80,779.58,0.76,-1,-1,-1
71,4,554.78,309.17,65.49,161.65,0.94,-1,-1,-1
71,5,681.84,324.65,61.53,139.62,0.91,-1,-1,-1
71,6,456.03,307.89,65.66,165.46,0.91,-1,-1,-1
71,8,610.92,315.67,51.10,144.24,0.93,-1,-1,-1
71,11,697.74,307.03,42.03,114.15,0.84,-1,-1,-1
71,12,749.20,308.05,22.90,61.31,0.77,-1,-1,-1
71,18,256.70,328.84,13.48,36.85,0.72,-1,-1,-1
71,19,554.36,326.48,12.78,30.16,0.40,-1,-1,-1
71,14,661.41,313.17,21.48,60.21,0.86,-1,-1,-1
71,20,265.37,332.54,15.24,34.18,0.70,-1,-1,-1
72,1,750.03,320.20,64.07,150.78,0.93,-1,-1,-1
72,2,889.51,251.47,342.24,794.85,0.85,-1,-1,-1
72,3,1142.97,176.35,259.88,832.63,0.55,-1,-1,-1
72,4,554.57,309.39,65.89,163.77,0.94,-1,-1,-1
72,5,684.16,325.86,60.80,138.62,0.90,-1,-1,-1
72,6,453.71,308.14,67.05,167.10,0.92,-1,-1,-1
72,8,610.83,315.45,51.94,145.24,0.93,-1,-1,-1
72,11,698.31,307.86,42.26,110.11,0.83,-1,-1,-1
72,12,749.10,307.98,23.79,64.78,0.77,-1,-1,-1
72,18,256.46,328.94,13.81,36.94,0.71,-1,-1,-1
72,19,554.51,326.38,12.63,31.01,0.22,-1,-1,-1
72,14,661.84,313.37,21.54,60.31,0.86,-1,-1,-1
72,20,265.50,332.76,15.27,34.23,0.69,-1,-1,-1
73,1,750.88,320.84,65.17,150.64,0.93,-1,-1,-1
73,2,898.06,257.49,359.43,825.80,0.87,-1,-1,-1
73,4,554.52,309.90,66.03,164.98,0.94,-1,-1,-1
73,5,686.21,326.42,60.53,138.40,0.91,-1,-1,-1
73,6,452.27,309.12,68.16,167.68,0.92,-1,-1,-1
73,8,611.38,315.20,52.85,146.19,0.93,-1,-1,-1
73,11,699.12,308.14,42.35,107.70,0.83,-1,-1,-1
73,12,749.36,307.92,24.73,66.42,0.80,-1,-1,-1
73,18,256.20,329.27,13.65,36.97,0.70,-1,-1,-1
73,19,554.86,326.76,12.58,30.14,0.19,-1,-1,-1
73,14,662.30,313.86,20.98,58.86,0.86,-1,-1,-1
73,20,265.38,332.98,15.59,34.25,0.70,-1,-1,-1
74,1,752.08,320.83,65.02,150.75,0.93,-1,-1,-1
74,2,908.51,258.82,380.08,846.03,0.83,-1,-1,-1
74,4,554.54,310.03,66.67,165.71,0.94,-1,-1,-1
74,5,687.87,326.38,60.45,138.19,0.91,-1,-1,-1
74,6,450.89,310.49,70.36,167.42,0.93,-1,-1,-1
74,8,611.31,314.27,53.80,147.28,0.93,-1,-1,-1
74,11,700.33,308.61,42.40,108.35,0.80,-1,-1,-1
74,12,749.19,307.49,25.10,65.88,0.81,-1,-1,-1
74,18,255.92,329.51,13.58,36.68,0.70,-1,-1,-1
74,19,555.29,326.54,12.57,30.41,0.22,-1,-1,-1
74,14,662.49,313.66,21.38,58.91,0.85,-1,-1,-1
74,20,265.16,332.88,15.71,34.55,0.69,-1,-1,-1
75,1,753.62,320.99,64.34,150.01,0.92,-1,-1,-1
75,2,919.82,251.92,403.75,874.43,0.81,-1,-1,-1
75,4,554.26,310.25,67.46,166.35,0.94,-1,-1,-1
75,5,689.01,326.06,60.39,135.39,0.90,-1,-1,-1
75,6,449.68,311.62,72.47,168.41,0.93,-1,-1,-1
75,8,611.55,313.78,54.72,148.37,0.93,-1,-1,-1
75,11,701.03,309.85,42.39,107.68,0.79,-1,-1,-1
75,12,749.35,306.90,25.23,67.11,0.83,-1,-1,-1
75,18,255.72,329.74,13.55,36.26,0.71,-1,-1,-1
75,19,555.73,326.61,12.57,29.91,0.28,-1,-1,-1
75,14,662.81,313.90,21.52,58.92,0.85,-1,-1,-1
75,20,264.98,332.82,15.75,34.65,0.71,-1,-1,-1
76,1,755.71,320.95,62.90,150.31,0.92,-1,-1,-1
76,2,936.09,242.49,412.01,910.99,0.80,-1,-1,-1
76,4,553.66,310.86,69.53,166.83,0.94,-1,-1,-1
76,5,692.44,325.40,58.00,134.33,0.90,-1,-1,-1
76,6,449.48,311.86,74.30,169.17,0.92,-1,-1,-1
76,8,611.70,313.09,55.66,148.89,0.92,-1,-1,-1
76,11,701.63,309.92,42.40,110.15,0.79,-1,-1,-1
76,12,749.75,306.14,25.28,68.14,0.84,-1,-1,-1
76,18,255.73,329.81,13.54,36.09,0.70,-1,-1,-1
76,19,556.25,326.58,12.57,30.62,0.30,-1,-1,-1
76,14,662.99,313.62,21.58,59.22,0.84,-1,-1,-1
76,20,264.99,332.64,15.77,34.69,0.70,-1,-1,-1
77,1,757.97,320.48,61.17,149.70,0.92,-1,-1,-1
77,2,955.67,219.89,414.95,963.23,0.77,-1,-1,-1
77,4,553.73,310.95,70.32,167.43,0.94,-1,-1,-1
77,5,694.91,323.78,57.09,135.18,0.91,-1,-1,-1
77,6,448.56,311.95,75.00,171.81,0.93,-1,-1,-1
77,8,612.05,312.08,56.60,150.11,0.93,-1,-1,-1
77,11,701.86,309.93,42.41,109.59,0.81,-1,-1,-1
77,12,749.92,305.55,25.89,69.99,0.85,-1,-1,-1
77,18,255.70,329.69,13.54,36.03,0.70,-1,-1,-1
77,19,556.73,326.71,12.58,30.30,0.39,-1,-1,-1
77,14,663.36,313.50,21.61,59.34,0.85,-1,-1,-1
77,20,264.95,332.57,15.48,34.70,0.69,-1,-1,-1
77,21,57.94,321.30,21.71,61.65,0.79,-1,-1,-1
78,1,759.24,320.41,61.07,149.75,0.92,-1,-1,-1
78,2,990.73,206.11,391.08,976.81,0.73,-1,-1,-1
78,4,554.01,310.91,71.11,168.33,0.94,-1,-1,-1
78,5,696.86,322.67,56.11,136.10,0.92,-1,-1,-1
78,6,447.34,311.42,76.33,174.22,0.93,-1,-1,-1
78,8,611.80,311.20,58.06,151.40,0.93,-1,-1,-1
78,11,702.12,309.89,42.37,107.57,0.81,-1,-1,-1
78,12,750.45,305.45,26.09,71.25,0.86,-1,-1,-1
78,18,255.69,329.77,13.52,36.01,0.67,-1,-1,-1
78,19,556.82,326.67,13.17,30.47,0.32,-1,-1,-1
78,14,663.70,313.55,21.60,59.38,0.84,-1,-1,-1
78,20,264.94,332.52,15.96,34.69,0.64,-1,-1,-1
78,21,56.15,326.02,22.90,57.36,0.81,-1,-1,-1
79,1,760.78,319.48,60.44,147.95,0.93,-1,-1,-1
79,2,1028.48,139.61,411.61,1080.18,0.62,-1,-1,-1
79,4,554.39,309.70,71.96,170.09,0.94,-1,-1,-1
79,5,698.06,321.50,55.75,137.62,0.92,-1,-1,-1
79,6,446.01,310.48,77.38,176.68,0.93,-1,-1,-1
79,8,612.53,310.72,58.59,152.28,0.93,-1,-1,-1
79,11,702.43,309.25,41.74,104.99,0.80,-1,-1,-1
79,12,750.56,305.12,26.75,72.29,0.86,-1,-1,-1
79,18,255.86,329.94,13.21,35.69,0.69,-1,-1,-1
79,19,556.81,326.80,13.39,30.23,0.28,-1,-1,-1
79,14,664.05,313.72,21.59,59.67,0.84,-1,-1,-1
79,20,265.25,332.49,15.83,34.38,0.67,-1,-1,-1
79,21,56.43,323.58,22.51,59.71,0.84,-1,-1,-1
80,1,762.21,318.72,59.61,147.74,0.93,-1,-1,-1
80,2,1078.54,127.97,379.90,1097.57,0.25,-1,-1,-1
80,4,554.25,309.13,72.84,171.77,0.94,-1,-1,-1
80,5,699.66,321.27,55.63,138.52,0.91,-1,-1,-1
80,6,445.38,309.85,78.18,178.76,0.93,-1,-1,-1
80,8,612.80,310.59,59.34,153.48,0.93,-1,-1,-1
80,11,703.13,308.60,41.50,105.27,0.79,-1,-1,-1
80,12,751.19,305.19,26.40,71.49,0.85,-1,-1,-1
80,18,255.73,330.02,13.10,35.57,0.70,-1,-1,-1
80,19,557.37,326.88,12.88,29.25,0.38,-1,-1,-1
80,14,664.48,313.82,22.18,60.09,0.84,-1,-1,-1
80,20,265.33,332.50,15.19,34.27,0.70,-1,-1,-1
80,21,56.44,321.75,22.38,61.48,0.85,-1,-1,-1
80,22,679.50,324.90,27.00,58.05,0.76,-1,-1,-1
81,1,763.13,316.91,59.94,150.29,0.93,-1,-1,-1
81,4,554.84,308.57,73.18,173.20,0.94,-1,-1,-1
81,5,700.91,322.19,56.23,138.04,0.91,-1,-1,-1
81,6,444.44,308.83,79.22,181.37,0.92,-1,-1,-1
81,8,613.56,310.51,59.64,155.61,0.93,-1,-1,-1
81,11,703.20,307.56,41.42,105.75,0.76,-1,-1,-1
81,12,751.57,305.33,26.27,71.48,0.87,-1,-1,-1
81,18,255.44,330.29,13.06,35.55,0.67,-1,-1,-1
81,19,557.92,326.86,12.69,28.90,0.36,-1,-1,-1
81,14,664.74,314.11,23.00,60.28,0.83,-1,-1,-1
81,20,264.96,332.60,14.64,34.84,0.63,-1,-1,-1
81,21,56.32,321.11,21.77,62.34,0.85,-1,-1,-1
81,22,680.07,324.97,26.30,58.45,0.76,-1,-1,-1
82,1,764.02,316.85,60.66,150.95,0.94,-1,-1,-1
82,4,554.51,308.23,74.44,174.72,0.94,-1,-1,-1
82,5,701.62,323.46,57.05,137.55,0.91,-1,-1,-1
82,6,442.24,307.86,81.77,183.77,0.93,-1,-1,-1
82,8,614.74,310.95,59.12,157.41,0.93,-1,-1,-1
82,11,702.61,305.99,43.19,112.23,0.83,-1,-1,-1
82,12,751.70,305.71,26.20,72.04,0.87,-1,-1,-1
82,18,255.22,330.39,13.04,35.54,0.64,-1,-1,-1
82,19,558.73,327.32,12.01,27.87,0.39,-1,-1,-1
82,14,665.42,314.39,23.31,60.04,0.82,-1,-1,-1
82,20,264.56,332.49,13.83,35.05,0.46,-1,-1,-1
82,21,55.72,320.96,22.00,62.87,0.85,-1,-1,-1
82,22,679.51,323.98,26.17,59.92,0.67,-1,-1,-1
83,1,763.64,317.17,62.13,151.18,0.94,-1,-1,-1
83,4,554.94,308.14,74.30,176.14,0.94,-1,-1,-1
83,5,702.07,323.98,57.95,137.65,0.91,-1,-1,-1
83,6,440.38,307.23,81.68,185.50,0.92,-1,-1,-1
83,8,615.14,311.45,58.88,158.64,0.93,-1,-1,-1
83,11,702.92,305.75,43.24,113.74,0.85,-1,-1,-1
83,12,751.98,306.34,26.17,71.64,0.87,-1,-1,-1
83,18,254.97,330.43,12.73,35.54,0.65,-1,-1,-1
83,19,558.97,327.96,11.76,27.19,0.33,-1,-1,-1
83,14,665.91,314.67,23.42,59.95,0.83,-1,-1,-1
83,20,262.53,333.35,12.61,33.63,0.25,-1,-1,-1
83,21,55.63,321.12,21.59,62.99,0.86,-1,-1,-1
83,22,680.25,323.97,26.11,60.05,0.79,-1,-1,-1
84,1,762.89,317.97,63.87,151.90,0.94,-1,-1,-1
84,4,554.79,308.30,74.20,177.72,0.95,-1,-1,-1
84,5,702.20,324.67,58.29,139.97,0.92,-1,-1,-1
84,6,438.92,307.32,83.21,187.92,0.92,-1,-1,-1
84,8,615.56,313.18,58.77,159.11,0.93,-1,-1,-1
84,11,703.03,307.05,43.25,112.58,0.85,-1,-1,-1
84,12,752.69,307.08,25.55,71.78,0.87,-1,-1,-1
84,18,254.64,330.61,12.92,35.55,0.58,-1,-1,-1
84,19,558.72,327.93,13.50,29.70,0.29,-1,-1,-1
84,14,665.80,314.82,23.45,60.52,0.84,-1,-1,-1
84,21,55.04,321.98,21.67,62.68,0.83,-1,-1,-1
84,22,679.78,323.69,26.09,60.72,0.74,-1,-1,-1
85,1,761.63,318.47,66.30,152.71,0.94,-1,-1,-1
85,4,555.04,309.19,74.15,178.50,0.94,-1,-1,-1
85,5,702.46,327.07,58.43,139.16,0.92,-1,-1,-1
85,6,439.17,306.73,82.74,190.48,0.90,-1,-1,-1
85,8,616.29,314.51,58.12,159.34,0.93,-1,-1,-1
85,11,703.32,307.32,43.26,106.40,0.85,-1,-1,-1
85,12,752.89,307.42,25.92,71.79,0.87,-1,-1,-1
85,18,254.45,330.65,12.99,35.24,0.35,-1,-1,-1
85,19,558.92,328.01,14.11,30.30,0.33,-1,-1,-1
85,14,666.30,314.95,22.87,60.42,0.84,-1,-1,-1
85,21,54.54,325.42,21.34,59.43,0.82,-1,-1,-1
85,22,679.92,323.87,26.09,60.58,0.75,-1,-1,-1
86,1,761.16,318.51,68.98,153.72,0.94,-1,-1,-1
86,4,554.33,309.40,74.69,180.64,0.94,-1,-1,-1
86,5,702.26,328.42,59.07,138.66,0.92,-1,-1,-1
86,6,436.91,306.98,83.24,192.68,0.90,-1,-1,-1
86,8,616.01,314.72,58.46,161.13,0.93,-1,-1,-1
86,11,704.06,308.34,43.25,104.92,0.83,-1,-1,-1
86,12,753.29,307.84,25.46,71.76,0.86,-1,-1,-1
86,18,254.37,330.68,13.32,35.42,0.51,-1,-1,-1
86,19,559.64,328.19,13.77,29.93,0.27,-1,-1,-1
86,14,666.24,315.14,22.64,60.36,0.84,-1,-1,-1
86,21,54.45,328.31,20.91,56.61,0.83,-1,-1,-1
86,22,680.32,323.94,25.45,61.44,0.71,-1,-1,-1
87,1,760.48,320.39,70.55,152.75,0.94,-1,-1,-1
87,4,553.91,309.68,74.26,182.58,0.94,-1,-1,-1
87,5,701.98,330.03,59.88,137.56,0.91,-1,-1,-1
87,6,433.45,307.86,80.86,194.91,0.91,-1,-1,-1
87,8,615.74,314.85,58.55,162.50,0.92,-1,-1,-1
87,11,704.46,309.09,43.23,103.48,0.83,-1,-1,-1
87,12,753.56,308.66,25.27,71.13,0.86,-1,-1,-1
87,18,254.37,331.17,12.55,33.10,0.21,-1,-1,-1
87,19,560.06,328.45,13.62,29.49,0.22,-1,-1,-1
87,14,666.34,315.27,21.94,60.03,0.84,-1,-1,-1
87,21,54.11,330.13,20.61,54.97,0.84,-1,-1,-1
87,22,680.63,323.91,25.22,61.72,0.69,-1,-1,-1
88,1,759.58,321.45,72.32,151.89,0.94,-1,-1,-1
88,4,553.14,309.87,74.68,184.86,0.95,-1,-1,-1
88,5,701.22,330.52,60.79,137.13,0.91,-1,-1,-1
88,6,429.93,308.60,80.67,196.40,0.93,-1,-1,-1
88,8,615.00,314.67,59.18,163.69,0.92,-1,-1,-1
88,11,704.27,309.28,43.82,103.56,0.83,-1,-1,-1
88,12,753.61,308.87,25.81,71.17,0.86,-1,-1,-1
88,14,666.34,315.23,21.69,60.20,0.85,-1,-1,-1
88,21,53.94,330.91,20.59,54.41,0.85,-1,-1,-1
88,22,680.08,323.98,25.77,61.80,0.73,-1,-1,-1
89,1,758.61,321.55,73.56,152.47,0.93,-1,-1,-1
89,4,552.25,309.79,74.82,187.61,0.94,-1,-1,-1
89,5,701.17,330.53,61.12,136.83,0.91,-1,-1,-1
89,6,427.30,309.16,79.83,198.97,0.93,-1,-1,-1
89,8,615.28,314.44,58.81,164.27,0.92,-1,-1,-1
89,11,705.05,309.94,42.85,101.52,0.82,-1,-1,-1
89,12,753.60,308.50,26.00,71.48,0.86,-1,-1,-1
89,14,666.31,315.21,21.59,60.26,0.85,-1,-1,-1
89,21,53.81,331.11,20.51,54.23,0.84,-1,-1,-1
89,22,679.55,324.18,25.36,61.81,0.67,-1,-1,-1
90,1,758.57,321.95,73.44,151.64,0.93,-1,-1,-1
90,4,551.37,309.26,75.47,189.34,0.94,-1,-1,-1
90,5,701.49,331.19,60.67,135.67,0.91,-1,-1,-1
90,6,424.94,309.78,79.51,200.32,0.92,-1,-1,-1
90,8,613.95,313.25,60.47,165.77,0.92,-1,-1,-1
90,11,704.50,310.12,43.69,104.10,0.82,-1,-1,-1
90,12,754.23,308.27,25.49,71.29,0.86,-1,-1,-1
90,14,666.35,314.99,21.57,60.58,0.85,-1,-1,-1
90,21,53.59,330.25,20.58,55.11,0.83,-1,-1,-1
90,22,680.03,323.89,25.83,62.40,0.76,-1,-1,-1
91,1,758.82,320.58,73.35,152.50,0.93,-1,-1,-1
91,4,550.16,309.18,75.69,190.66,0.94,-1,-1,-1
91,5,701.56,330.35,60.47,134.49,0.91,-1,-1,-1
91,6,422.79,310.43,78.92,200.60,0.91,-1,-1,-1
91,8,612.55,311.59,62.24,167.77,0.92,-1,-1,-1
91,11,704.86,310.31,43.99,106.24,0.78,-1,-1,-1
91,12,754.45,307.87,25.89,70.90,0.85,-1,-1,-1
91,14,666.34,314.58,21.56,60.70,0.85,-1,-1,-1
91,21,53.48,329.86,20.45,55.44,0.83,-1,-1,-1
91,22,680.18,323.47,26.00,62.61,0.70,-1,-1,-1
92,1,759.89,318.98,72.16,152.82,0.93,-1,-1,-1
92,4,548.89,308.89,75.23,191.25,0.94,-1,-1,-1
92,5,702.85,327.76,59.25,134.65,0.91,-1,-1,-1
92,6,420.90,309.87,78.76,205.80,0.89,-1,-1,-1
92,8,612.09,309.79,63.56,169.23,0.93,-1,-1,-1
92,11,705.95,310.80,42.36,100.24,0.76,-1,-1,-1
92,12,754.60,306.94,26.06,71.05,0.85,-1,-1,-1
92,14,666.41,314.13,21.58,60.44,0.86,-1,-1,-1
92,21,53.56,329.29,20.21,55.88,0.83,-1,-1,-1
92,22,679.71,323.02,26.69,62.67,0.75,-1,-1,-1
93,1,761.74,318.73,70.44,152.21,0.93,-1,-1,-1
93,4,548.08,308.33,74.39,193.22,0.94,-1,-1,-1
93,5,703.27,325.76,58.74,135.35,0.92,-1,-1,-1
93,6,418.13,309.75,78.64,207.16,0.91,-1,-1,-1
93,8,610.69,308.68,65.17,170.65,0.93,-1,-1,-1
93,11,708.44,311.33,39.88,94.57,0.74,-1,-1,-1
93,12,754.90,306.48,26.10,70.81,0.86,-1,-1,-1
93,14,666.98,314.13,20.97,60.35,0.86,-1,-1,-1
93,21,53.53,329.51,19.73,55.46,0.84,-1,-1,-1
93,22,679.48,322.89,25.74,62.09,0.70,-1,-1,-1
94,1,762.45,316.99,68.59,153.03,0.93,-1,-1,-1
94,4,546.01,307.38,75.27,194.96,0.94,-1,-1,-1
94,5,703.72,325.31,58.57,135.33,0.91,-1,-1,-1
94,6,416.86,308.39,76.22,210.41,0.89,-1,-1,-1
94,8,609.59,307.68,66.37,172.04,0.93,-1,-1,-1
94,11,709.06,310.43,38.97,95.02,0.73,-1,-1,-1
94,12,754.43,305.56,26.72,71.32,0.85,-1,-1,-1
94,14,667.21,313.98,20.75,60.32,0.86,-1,-1,-1
94,21,53.63,329.77,19.09,55.32,0.82,-1,-1,-1
94,22,679.42,322.84,25.37,61.86,0.68,-1,-1,-1
95,1,763.28,316.96,67.27,151.86,0.93,-1,-1,-1
95,4,543.45,305.71,76.77,196.90,0.95,-1,-1,-1
95,5,703.84,324.87,58.49,135.93,0.92,-1,-1,-1
95,6,413.59,306.84,76.34,213.49,0.90,-1,-1,-1
95,8,609.15,306.59,66.79,173.86,0.93,-1,-1,-1
95,11,709.54,309.83,38.04,90.67,0.75,-1,-1,-1
95,12,754.22,304.95,27.53,70.92,0.85,-1,-1,-1
95,14,666.96,313.65,21.28,60.90,0.86,-1,-1,-1
95,21,53.69,330.12,18.28,54.97,0.82,-1,-1,-1
95,22,679.06,323.31,24.63,60.87,0.63,-1,-1,-1
96,1,764.19,317.05,66.17,151.39,0.93,-1,-1,-1
96,4,541.37,304.72,77.90,198.60,0.94,-1,-1,-1
96,5,704.19,324.20,58.46,136.75,0.92,-1,-1,-1
96,6,409.06,305.30,78.33,216.49,0.90,-1,-1,-1
96,8,608.14,306.13,67.51,175.81,0.93,-1,-1,-1
96,11,710.63,309.36,37.71,91.87,0.73,-1,-1,-1
96,12,754.15,304.21,27.84,71.94,0.87,-1,-1,-1
96,14,666.89,313.61,21.47,61.11,0.86,-1,-1,-1
96,21,53.25,326.71,18.44,58.45,0.81,-1,-1,-1
96,22,679.26,322.82,24.96,61.39,0.68,-1,-1,-1
97,1,765.96,316.81,64.55,151.51,0.93,-1,-1,-1
97,4,537.02,304.22,80.67,199.92,0.94,-1,-1,-1
97,5,704.55,323.37,58.45,137.95,0.92,-1,-1,-1
97,6,404.57,303.41,80.10,219.75,0.90,-1,-1,-1
97,8,608.01,306.73,67.74,176.07,0.93,-1,-1,-1
97,11,710.95,308.92,38.22,95.05,0.75,-1,-1,-1
97,12,754.06,303.81,27.94,72.62,0.88,-1,-1,-1
97,14,666.80,313.46,21.54,61.19,0.86,-1,-1,-1
97,21,52.30,324.29,19.04,60.89,0.83,-1,-1,-1
97,22,678.98,322.51,25.08,61.58,0.74,-1,-1,-1
98,1,767.58,317.41,63.35,151.59,0.93,-1,-1,-1
98,4,534.56,303.52,81.70,201.88,0.94,-1,-1,-1
98,5,704.43,323.46,59.04,138.72,0.92,-1,-1,-1
98,6,401.64,302.46,81.20,222.43,0.89,-1,-1,-1
98,8,608.03,307.35,67.80,177.32,0.94,-1,-1,-1
98,11,711.71,308.69,38.41,94.78,0.79,-1,-1,-1
98,12,754.39,304.05,27.97,72.88,0.87,-1,-1,-1
98,14,666.82,313.49,21.57,61.53,0.86,-1,-1,-1
98,21,51.15,326.30,21.18,58.93,0.82,-1,-1,-1
98,22,678.93,322.63,25.13,61.66,0.77,-1,-1,-1
99,1,769.08,317.72,62.33,152.26,0.93,-1,-1,-1
99,4,532.46,303.33,81.49,203.51,0.94,-1,-1,-1
99,5,703.78,324.47,59.86,138.45,0.91,-1,-1,-1
99,6,397.90,301.43,83.69,225.63,0.89,-1,-1,-1
99,8,606.56,308.11,69.57,178.54,0.94,-1,-1,-1
99,11,710.48,308.37,40.90,98.02,0.80,-1,-1,-1
99,12,754.84,304.53,27.39,72.40,0.87,-1,-1,-1
99,14,666.53,313.72,21.58,61.37,0.86,-1,-1,-1
99,21,49.98,328.63,22.92,56.94,0.85,-1,-1,-1
99,22,678.62,322.75,25.15,62.30,0.78,-1,-1,-1
100,1,769.64,317.64,63.19,153.53,0.93,-1,-1,-1
100,4,530.00,303.24,81.98,205.52,0.94,-1,-1,-1
100,5,703.57,324.81,60.77,138.92,0.91,-1,-1,-1
100,6,392.38,300.73,88.29,228.80,0.91,-1,-1,-1
100,8,604.91,308.96,71.99,180.71,0.94,-1,-1,-1
100,11,710.94,307.91,40.07,97.46,0.80,-1,-1,-1
100,12,754.74,304.96,27.76,72.20,0.87,-1,-1,-1
100,14,666.46,313.76,21.58,61.30,0.86,-1,-1,-1
100,21,49.25,329.52,24.10,56.48,0.86,-1,-1,-1
100,22,678.56,322.60,25.76,62.82,0.79,-1,-1,-1
101,1,770.41,316.98,63.52,155.18,0.93,-1,-1,-1
101,4,528.26,303.48,82.13,206.80,0.95,-1,-1,-1
101,5,704.36,326.09,60.51,138.48,0.92,-1,-1,-1
101,6,385.88,300.75,94.52,232.84,0.92,-1,-1,-1
101,8,604.29,309.40,73.47,182.21,0.94,-1,-1,-1
101,11,709.90,307.70,41.53,99.62,0.80,-1,-1,-1
101,12,754.99,305.24,27.29,72.11,0.87,-1,-1,-1
101,14,666.74,313.74,21.59,61.26,0.86,-1,-1,-1
101,21,48.26,328.30,25.35,57.81,0.86,-1,-1,-1
101,22,678.53,322.66,25.99,63.01,0.84,-1,-1,-1
101,23,698.85,315.90,18.00,54.90,0.70,-1,-1,-1
102,1,770.99,317.01,63.66,155.79,0.92,-1,-1,-1
102,4,526.52,303.58,82.77,209.27,0.95,-1,-1,-1
102,5,705.29,326.56,59.82,138.90,0.92,-1,-1,-1
102,6,381.90,301.95,98.21,235.46,0.90,-1,-1,-1
102,8,604.41,309.12,74.61,184.64,0.95,-1,-1,-1
102,11,709.25,307.61,42.66,99.83,0.82,-1,-1,-1
102,12,755.71,305.47,27.12,71.77,0.86,-1,-1,-1
102,14,666.88,313.71,21.59,63.03,0.86,-1,-1,-1
102,21,47.72,329.81,25.85,56.52,0.88,-1,-1,-1
102,22,678.57,322.67,26.08,63.37,0.86,-1,-1,-1
102,23,698.95,316.31,18.01,55.29,0.67,-1,-1,-1
103,1,771.78,318.87,63.75,154.06,0.93,-1,-1,-1
103,4,525.32,303.43,83.02,212.36,0.95,-1,-1,-1
103,5,706.22,326.96,59.57,138.74,0.93,-1,-1,-1
103,6,379.29,303.28,100.53,240.17,0.91,-1,-1,-1
103,8,604.47,308.95,75.63,186.68,0.95,-1,-1,-1
103,11,709.28,307.50,43.11,100.50,0.83,-1,-1,-1
103,12,756.57,305.93,26.46,71.33,0.87,-1,-1,-1
103,14,666.92,313.64,21.60,62.21,0.82,-1,-1,-1
103,21,47.26,329.94,26.17,56.61,0.88,-1,-1,-1
103,22,678.58,322.60,26.12,63.19,0.87,-1,-1,-1
103,23,698.99,316.18,18.01,56.06,0.67,-1,-1,-1
104,1,772.33,316.90,63.77,156.40,0.92,-1,-1,-1
104,4,522.83,303.50,84.84,215.71,0.95,-1,-1,-1
104,5,707.14,326.80,59.45,139.00,0.93,-1,-1,-1
104,6,374.30,305.35,104.53,242.06,0.93,-1,-1,-1
104,8,604.79,308.57,76.54,188.32,0.95,-1,-1,-1
104,11,709.56,307.47,43.25,101.65,0.84,-1,-1,-1
104,12,756.57,305.81,26.80,71.48,0.87,-1,-1,-1
104,14,666.62,313.31,22.19,63.98,0.83,-1,-1,-1
104,21,46.57,329.87,26.50,56.66,0.88,-1,-1,-1
104,22,678.57,322.58,26.12,63.13,0.86,-1,-1,-1
104,23,698.58,316.47,18.71,56.66,0.64,-1,-1,-1
105,1,772.53,317.58,63.21,155.78,0.92,-1,-1,-1
105,4,520.50,303.80,86.72,218.09,0.95,-1,-1,-1
105,5,707.20,325.64,60.03,137.73,0.92,-1,-1,-1
105,6,369.89,306.31,108.09,245.16,0.93,-1,-1,-1
105,8,605.25,307.65,77.48,189.91,0.95,-1,-1,-1
105,11,710.29,307.70,43.32,99.11,0.83,-1,-1,-1
105,12,756.89,305.55,26.94,71.53,0.87,-1,-1,-1
105,14,666.24,313.13,22.42,64.62,0.81,-1,-1,-1
105,21,46.14,330.34,26.48,56.08,0.88,-1,-1,-1
105,22,678.59,322.51,26.13,63.09,0.85,-1,-1,-1
105,23,698.46,316.53,18.93,57.82,0.58,-1,-1,-1
106,1,773.49,317.98,61.82,155.39,0.92,-1,-1,-1
106,4,518.47,303.76,88.01,219.98,0.95,-1,-1,-1
106,5,707.80,324.44,60.25,136.82,0.91,-1,-1,-1
106,6,366.07,306.07,110.73,248.04,0.93,-1,-1,-1
106,8,605.72,306.26,78.39,191.22,0.94,-1,-1,-1
106,11,710.56,308.08,43.33,99.94,0.83,-1,-1,-1
106,12,757.01,305.44,27.00,71.26,0.87,-1,-1,-1
106,14,666.09,313.20,22.51,62.80,0.80,-1,-1,-1
106,21,45.49,330.79,26.37,55.27,0.88,-1,-1,-1
106,22,678.61,322.48,26.73,62.78,0.87,-1,-1,-1
106,23,698.43,316.37,18.99,57.23,0.55,-1,-1,-1
107,1,773.81,317.51,61.30,154.92,0.92,-1,-1,-1
107,4,516.62,303.44,89.65,221.79,0.94,-1,-1,-1
107,5,708.03,323.51,60.33,137.06,0.91,-1,-1,-1
107,6,362.43,305.52,113.14,252.68,0.92,-1,-1,-1
107,8,606.82,304.82,78.13,192.82,0.94,-1,-1,-1
107,11,710.96,308.20,43.33,100.83,0.79,-1,-1,-1
107,12,757.35,305.07,26.42,71.15,0.87,-1,-1,-1
107,14,666.05,312.76,22.54,63.27,0.80,-1,-1,-1
107,21,44.75,330.79,26.46,55.26,0.88,-1,-1,-1
107,22,678.62,322.15,26.95,62.95,0.88,-1,-1,-1
107,23,698.42,315.81,19.63,58.24,0.62,-1,-1,-1
108,1,773.92,316.75,61.12,155.04,0.92,-1,-1,-1
108,4,515.38,302.88,90.25,224.33,0.95,-1,-1,-1
108,5,707.80,321.84,61.55,138.36,0.91,-1,-1,-1
108,6,358.80,304.57,114.30,256.58,0.92,-1,-1,-1
108,8,606.37,303.56,79.75,194.12,0.94,-1,-1,-1
108,11,711.11,308.25,43.32,99.98,0.79,-1,-1,-1
108,12,757.17,304.80,26.20,70.81,0.87,-1,-1,-1
108,14,666.04,312.60,22.55,61.07,0.79,-1,-1,-1
108,21,43.76,330.18,26.55,55.57,0.87,-1,-1,-1
108,22,678.64,321.59,27.63,63.02,0.87,-1,-1,-1
108,23,698.43,315.47,19.24,55.80,0.56,-1,-1,-1
109,1,774.56,315.99,60.50,153.75,0.91,-1,-1,-1
109,4,513.51,301.80,92.25,227.30,0.95,-1,-1,-1
109,5,708.32,320.76,61.44,139.45,0.92,-1,-1,-1
109,6,354.74,302.48,116.04,261.20,0.93,-1,-1,-1
109,8,606.22,301.90,80.38,196.64,0.94,-1,-1,-1
109,11,711.78,307.81,43.33,97.86,0.79,-1,-1,-1
109,12,757.73,304.22,26.13,70.99,0.86,-1,-1,-1
109,14,666.06,312.39,22.56,59.32,0.80,-1,-1,-1
109,21,42.76,329.57,26.82,56.29,0.87,-1,-1,-1
109,22,679.26,320.92,27.89,63.64,0.87,-1,-1,-1
109,23,697.84,314.86,20.31,56.43,0.63,-1,-1,-1
110,1,775.00,315.62,60.24,152.20,0.92,-1,-1,-1
110,4,512.22,300.53,93.52,229.82,0.95,-1,-1,-1
110,5,708.43,319.96,61.35,139.85,0.92,-1,-1,-1
110,6,349.48,299.46,118.90,265.64,0.94,-1,-1,-1
110,8,606.11,300.73,81.13,198.71,0.95,-1,-1,-1
110,11,711.66,307.54,43.90,97.36,0.78,-1,-1,-1
110,12,757.56,303.47,25.49,71.35,0.87,-1,-1,-1
110,14,666.01,312.05,22.55,59.58,0.80,-1,-1,-1
110,21,41.58,324.80,27.11,60.72,0.88,-1,-1,-1
110,22,679.72,320.27,27.38,64.16,0.88,-1,-1,-1
110,23,698.16,314.23,20.68,57.26,0.58,-1,-1,-1
111,1,775.11,315.39,60.15,151.78,0.93,-1,-1,-1
111,4,511.17,299.49,94.54,232.19,0.95,-1,-1,-1
111,5,709.03,319.73,60.11,140.00,0.92,-1,-1,-1
111,6,344.20,295.99,122.10,271.34,0.93,-1,-1,-1
111,8,606.04,300.05,81.95,201.51,0.95,-1,-1,-1
111,11,711.87,307.19,44.10,96.58,0.80,-1,-1,-1
111,12,757.45,302.94,25.25,70.89,0.87,-1,-1,-1
111,14,665.96,311.82,22.53,59.69,0.80,-1,-1,-1
111,21,40.83,322.00,27.02,63.24,0.88,-1,-1,-1
111,22,679.87,320.07,27.17,64.06,0.88,-1,-1,-1
111,23,698.55,313.74,20.81,59.98,0.62,-1,-1,-1
112,1,774.20,315.41,61.92,151.91,0.93,-1,-1,-1
112,4,509.07,299.20,96.05,233.58,0.95,-1,-1,-1
112,5,708.91,319.61,59.62,140.63,0.92,-1,-1,-1
112,6,338.95,293.15,125.71,275.89,0.93,-1,-1,-1
112,8,606.31,299.91,82.22,203.98,0.94,-1,-1,-1
112,11,711.92,307.16,44.16,96.29,0.79,-1,-1,-1
112,12,757.38,302.55,25.76,71.02,0.87,-1,-1,-1
112,14,665.92,311.84,22.52,59.43,0.80,-1,-1,-1
112,21,40.26,321.13,27.09,64.21,0.88,-1,-1,-1
112,22,680.20,320.10,27.08,64.01,0.88,-1,-1,-1
112,23,698.39,313.66,20.83,59.79,0.69,-1,-1,-1
113,1,772.97,315.48,63.79,152.32,0.94,-1,-1,-1
113,4,507.07,298.86,97.20,235.89,0.94,-1,-1,-1
113,5,708.56,319.94,60.06,141.06,0.92,-1,-1,-1
113,6,334.86,290.36,126.22,280.54,0.91,-1,-1,-1
113,8,606.08,300.96,82.90,204.78,0.94,-1,-1,-1
113,11,712.52,306.90,43.59,98.03,0.79,-1,-1,-1
113,12,757.06,302.47,26.56,71.09,0.87,-1,-1,-1
113,14,665.89,311.90,22.52,59.66,0.80,-1,-1,-1
113,21,39.46,320.71,26.82,64.88,0.87,-1,-1,-1
113,22,679.71,319.89,27.65,64.30,0.89,-1,-1,-1
113,23,698.62,313.85,20.24,58.81,0.73,-1,-1,-1
114,1,771.60,315.91,65.66,152.60,0.94,-1,-1,-1
114,4,504.95,297.94,98.16,238.56,0.94,-1,-1,-1
114,5,707.82,320.31,60.80,141.19,0.93,-1,-1,-1
114,6,326.37,288.81,130.95,285.22,0.92,-1,-1,-1
114,8,606.03,301.92,83.10,207.04,0.94,-1,-1,-1
114,11,713.34,306.16,43.35,100.15,0.82,-1,-1,-1
114,12,756.64,302.25,26.85,71.40,0.87,-1,-1,-1
114,14,665.90,311.87,22.51,59.45,0.80,-1,-1,-1
114,21,38.83,321.66,26.29,63.93,0.85,-1,-1,-1
114,22,679.54,319.75,27.85,64.40,0.89,-1,-1,-1
114,23,698.42,313.86,20.60,58.41,0.75,-1,-1,-1
115,1,770.17,316.16,66.95,153.29,0.94,-1,-1,-1
115,4,502.45,297.10,99.65,241.82,0.94,-1,-1,-1
115,5,707.23,321.14,61.07,141.20,0.93,-1,-1,-1
115,6,317.90,288.93,132.39,292.70,0.93,-1,-1,-1
115,8,606.01,302.82,83.13,209.14,0.95,-1,-1,-1
115,11,713.33,305.53,43.26,100.35,0.82,-1,-1,-1
115,12,756.46,302.25,26.96,71.80,0.87,-1,-1,-1
115,14,665.89,311.79,22.50,59.06,0.81,-1,-1,-1
115,21,38.00,321.10,26.43,65.00,0.85,-1,-1,-1
115,22,679.46,319.64,27.92,64.71,0.88,-1,-1,-1
115,23,698.34,313.95,20.72,58.54,0.77,-1,-1,-1
116,1,768.06,316.70,69.21,153.71,0.93,-1,-1,-1
116,4,499.68,297.25,100.79,244.34,0.95,-1,-1,-1
116,5,706.90,322.81,61.18,140.76,0.93,-1,-1,-1
116,6,309.37,289.61,130.84,297.81,0.93,-1,-1,-1
116,8,605.31,304.07,83.13,211.37,0.95,-1,-1,-1
116,11,712.92,304.99,43.82,101.61,0.83,-1,-1,-1
116,12,756.30,302.26,27.60,71.96,0.87,-1,-1,-1
116,14,665.50,311.77,23.10,62.53,0.80,-1,-1,-1
116,21,36.61,322.12,27.36,64.51,0.85,-1,-1,-1
116,22,679.92,319.90,27.35,64.83,0.86,-1,-1,-1
116,23,698.21,313.99,20.76,59.48,0.74,-1,-1,-1
117,1,766.72,317.72,70.62,153.56,0.93,-1,-1,-1
117,4,497.59,297.81,100.56,245.78,0.94,-1,-1,-1
117,5,706.24,324.41,61.20,140.13,0.93,-1,-1,-1
117,6,302.25,291.11,127.43,302.69,0.91,-1,-1,-1
117,8,604.53,304.91,83.08,213.75,0.94,-1,-1,-1
117,11,712.52,304.42,44.61,102.96,0.83,-1,-1,-1
117,12,755.99,302.34,27.83,71.72,0.88,-1,-1,-1
117,14,665.41,311.83,23.32,64.38,0.79,-1,-1,-1
117,21,35.55,324.61,27.55,62.21,0.85,-1,-1,-1
117,22,679.86,319.92,27.12,64.87,0.85,-1,-1,-1
117,23,698.52,314.08,20.77,59.53,0.69,-1,-1,-1
118,1,765.57,320.05,71.74,151.55,0.93,-1,-1,-1
118,4,495.93,298.38,99.86,249.47,0.94,-1,-1,-1
118,5,705.34,325.62,61.81,138.98,0.93,-1,-1,-1
118,6,292.86,293.54,127.56,311.98,0.92,-1,-1,-1
118,8,603.29,304.96,83.06,216.64,0.95,-1,-1,-1
118,11,712.59,304.09,44.92,103.16,0.85,-1,-1,-1
118,12,755.81,302.54,27.91,71.61,0.87,-1,-1,-1
118,14,664.73,311.88,23.99,66.26,0.75,-1,-1,-1
118,21,34.17,323.87,27.99,63.11,0.87,-1,-1,-1
118,22,680.38,319.81,26.44,64.87,0.82,-1,-1,-1
118,23,698.58,314.13,20.17,58.64,0.70,-1,-1,-1
119,1,765.13,320.69,70.99,151.21,0.92,-1,-1,-1
119,4,493.64,297.82,99.56,253.84,0.95,-1,-1,-1
119,5,704.71,326.13,61.45,138.67,0.93,-1,-1,-1
119,6,285.45,295.91,128.75,313.33,0.91,-1,-1,-1
119,8,601.66,304.33,83.63,218.81,0.95,-1,-1,-1
119,11,713.21,303.89,44.44,102.90,0.85,-1,-1,-1
119,12,755.75,302.69,27.95,71.26,0.87,-1,-1,-1
119,14,664.19,311.68,24.25,67.84,0.76,-1,-1,-1
119,21,33.20,322.26,28.01,64.90,0.87,-1,-1,-1
119,22,680.29,319.69,26.18,64.85,0.82,-1,-1,-1
119,23,698.32,313.78,20.54,58.87,0.70,-1,-1,-1
120,1,764.67,322.08,70.65,149.58,0.94,-1,-1,-1
120,4,491.06,298.02,99.40,258.48,0.95,-1,-1,-1
120,5,703.86,325.68,60.10,138.54,0.93,-1,-1,-1
120,6,276.38,296.53,130.91,319.47,0.92,-1,-1,-1
120,8,598.98,302.57,86.19,221.31,0.95,-1,-1,-1
120,11,713.13,303.94,44.24,101.00,0.84,-1,-1,-1
120,12,755.40,302.72,26.17,71.12,0.88,-1,-1,-1
120,14,663.97,311.42,23.75,67.25,0.80,-1,-1,-1
120,21,32.04,325.28,28.61,61.44,0.87,-1,-1,-1
120,22,679.33,319.92,26.69,64.24,0.85,-1,-1,-1
120,23,698.20,313.76,19.49,58.06,0.53,-1,-1,-1
121,1,764.25,322.27,70.49,149.26,0.93,-1,-1,-1
121,4,489.64,298.38,98.71,261.01,0.95,-1,-1,-1
121,5,703.30,325.93,59.58,138.33,0.93,-1,-1,-1
121,6,269.85,297.34,133.14,323.39,0.92,-1,-1,-1
121,8,596.57,301.30,88.30,222.75,0.95,-1,-1,-1
121,11,712.83,303.97,44.16,99.35,0.84,-1,-1,-1
121,12,755.32,302.87,25.48,70.76,0.89,-1,-1,-1
121,14,663.35,311.16,24.14,67.28,0.76,-1,-1,-1
121,21,31.41,323.76,28.81,63.08,0.87,-1,-1,-1
121,22,679.02,319.84,26.88,64.29,0.83,-1,-1,-1
121,23,697.90,313.90,19.68,58.34,0.46,-1,-1,-1
122,1,764.38,321.33,69.30,149.84,0.93,-1,-1,-1
122,4,485.71,299.05,99.72,263.22,0.95,-1,-1,-1
122,5,702.44,325.04,58.85,136.84,0.93,-1,-1,-1
122,6,259.73,296.74,137.91,329.02,0.93,-1,-1,-1
122,8,593.77,299.71,90.35,224.98,0.94,-1,-1,-1
122,11,714.44,304.19,41.78,97.29,0.83,-1,-1,-1
122,12,755.27,302.68,25.25,70.67,0.89,-1,-1,-1
122,14,662.74,310.83,24.31,67.31,0.77,-1,-1,-1
122,21,29.56,322.34,29.20,64.29,0.88,-1,-1,-1
122,22,678.23,319.74,27.57,64.35,0.82,-1,-1,-1
122,23,697.43,313.86,19.77,58.77,0.37,-1,-1,-1
123,1,764.21,320.05,68.22,150.07,0.93,-1,-1,-1
123,4,481.68,298.70,100.66,265.13,0.95,-1,-1,-1
123,5,701.58,323.32,58.58,137.33,0.93,-1,-1,-1
123,6,248.82,295.30,141.70,335.12,0.93,-1,-1,-1
123,8,591.60,297.61,91.69,227.52,0.95,-1,-1,-1
123,11,715.73,304.27,40.25,96.22,0.83,-1,-1,-1
123,12,754.99,302.59,25.18,70.34,0.89,-1,-1,-1
123,14,661.38,310.10,25.55,68.49,0.80,-1,-1,-1
123,21,28.17,321.46,29.49,64.75,0.88,-1,-1,-1
123,22,677.68,319.38,27.83,64.37,0.86,-1,-1,-1
123,23,697.30,313.38,19.80,60.12,0.56,-1,-1,-1
124,1,764.17,319.21,65.99,149.51,0.93,-1,-1,-1
124,4,477.97,298.38,100.38,268.17,0.96,-1,-1,-1
124,5,700.40,321.44,58.47,138.38,0.93,-1,-1,-1
124,6,236.70,292.82,145.12,342.30,0.92,-1,-1,-1
124,8,587.94,295.31,94.49,229.81,0.95,-1,-1,-1
124,11,716.81,304.26,38.47,94.90,0.82,-1,-1,-1
124,12,754.30,302.22,25.75,70.50,0.89,-1,-1,-1
124,14,660.91,309.78,25.42,68.01,0.81,-1,-1,-1
124,21,27.40,321.55,29.32,64.00,0.88,-1,-1,-1
124,22,676.63,319.50,28.51,63.76,0.87,-1,-1,-1
124,23,696.99,312.71,20.41,60.31,0.52,-1,-1,-1
125,1,763.83,317.03,64.54,148.87,0.94,-1,-1,-1
125,4,473.04,297.02,100.84,272.92,0.95,-1,-1,-1
125,5,698.73,319.33,58.43,139.67,0.94,-1,-1,-1
125,6,224.04,286.26,145.79,352.05,0.92,-1,-1,-1
125,8,584.77,293.95,96.11,232.08,0.95,-1,-1,-1
125,11,717.76,304.65,37.23,94.13,0.83,-1,-1,-1
125,12,754.00,301.87,25.96,70.56,0.89,-1,-1,-1
125,14,661.29,309.46,24.77,66.62,0.82,-1,-1,-1
125,21,26.42,322.56,28.65,62.80,0.88,-1,-1,-1
125,22,675.60,319.19,28.76,63.82,0.86,-1,-1,-1
125,23,697.11,312.55,20.04,60.37,0.42,-1,-1,-1
126,1,763.68,315.82,62.80,148.82,0.94,-1,-1,-1
126,4,466.43,295.94,102.17,275.88,0.95,-1,-1,-1
126,5,696.58,317.25,59.02,141.67,0.93,-1,-1,-1
126,6,211.51,283.44,145.07,357.48,0.93,-1,-1,-1
126,8,581.48,292.61,97.27,235.87,0.95,-1,-1,-1
126,11,716.81,304.70,37.42,95.40,0.84,-1,-1,-1
126,12,753.56,301.80,26.04,70.00,0.87,-1,-1,-1
126,14,661.10,309.39,23.90,66.39,0.81,-1,-1,-1
126,21,25.12,321.59,28.20,63.56,0.88,-1,-1,-1
126,22,674.57,319.12,28.85,63.27,0.85,-1,-1,-1
126,23,696.53,312.54,21.09,64.56,0.48,-1,-1,-1
127,1,764.31,314.59,60.32,149.67,0.94,-1,-1,-1
127,4,458.70,294.47,104.84,278.89,0.95,-1,-1,-1
127,5,694.68,316.30,59.22,142.69,0.94,-1,-1,-1
127,6,197.57,278.70,146.06,364.54,0.90,-1,-1,-1
127,8,577.74,292.54,98.81,238.94,0.95,-1,-1,-1
127,11,716.52,304.68,37.49,97.95,0.86,-1,-1,-1
127,12,753.46,301.74,25.47,69.48,0.87,-1,-1,-1
127,14,660.84,309.18,23.57,66.57,0.84,-1,-1,-1
127,21,24.20,321.32,27.86,63.82,0.87,-1,-1,-1
127,22,673.97,319.36,28.87,63.04,0.87,-1,-1,-1
127,23,695.79,312.79,21.47,65.80,0.57,-1,-1,-1
128,1,764.55,314.05,58.80,150.18,0.94,-1,-1,-1
128,4,452.15,293.34,105.94,282.05,0.95,-1,-1,-1
128,5,692.18,315.27,60.48,143.97,0.93,-1,-1,-1
128,6,185.06,275.68,149.34,370.94,0.90,-1,-1,-1
128,8,574.57,292.86,100.49,240.38,0.95,-1,-1,-1
128,11,716.68,304.72,36.92,98.93,0.86,-1,-1,-1
128,12,753.12,301.48,25.24,69.30,0.87,-1,-1,-1
128,14,659.22,309.15,24.64,66.94,0.85,-1,-1,-1
128,21,22.96,321.00,27.73,64.22,0.85,-1,-1,-1
128,22,672.85,319.05,28.86,63.57,0.86,-1,-1,-1
128,23,694.90,312.80,22.18,67.45,0.38,-1,-1,-1
129,1,763.46,313.73,59.52,151.70,0.93,-1,-1,-1
129,4,443.05,291.49,110.47,286.36,0.96,-1,-1,-1
129,5,690.14,316.26,60.95,143.85,0.92,-1,-1,-1
129,6,168.20,273.03,160.80,378.29,0.93,-1,-1,-1
129,8,571.71,293.63,102.87,243.18,0.95,-1,-1,-1
129,11,714.95,304.47,37.95,100.19,0.87,-1,-1,-1
129,12,752.74,301.10,25.17,68.64,0.86,-1,-1,-1
129,14,658.67,308.87,24.44,67.97,0.85,-1,-1,-1
129,21,21.48,321.40,27.49,64.07,0.85,-1,-1,-1
129,22,672.18,318.96,28.85,63.77,0.87,-1,-1,-1
129,23,693.73,312.69,21.87,65.72,0.23,-1,-1,-1
130,1,762.12,314.44,60.44,152.20,0.93,-1,-1,-1
130,4,433.95,290.88,112.82,289.23,0.95,-1,-1,-1
130,5,688.43,317.49,61.17,143.25,0.92,-1,-1,-1
130,6,150.40,271.71,174.10,389.14,0.94,-1,-1,-1
130,8,568.78,295.20,104.39,246.93,0.95,-1,-1,-1
130,11,713.64,304.44,38.36,101.30,0.88,-1,-1,-1
130,12,752.26,300.88,25.16,68.43,0.86,-1,-1,-1
130,14,658.38,309.00,24.38,68.97,0.85,-1,-1,-1
130,21,19.60,321.54,27.46,64.33,0.87,-1,-1,-1
130,22,671.86,319.15,28.27,63.88,0.87,-1,-1,-1
130,23,692.91,312.87,22.35,65.93,0.42,-1,-1,-1
130,24,541.35,327.82,14.40,33.75,0.70,-1,-1,-1
131,1,760.54,315.60,61.97,152.04,0.93,-1,-1,-1
131,4,424.68,290.61,116.53,293.07,0.96,-1,-1,-1
131,5,687.67,319.13,61.21,142.67,0.93,-1,-1,-1
131,6,132.25,274.06,187.90,402.32,0.94,-1,-1,-1
131,8,566.74,296.95,105.44,249.98,0.95,-1,-1,-1
131,11,712.38,303.82,39.09,102.27,0.88,-1,-1,-1
131,12,751.90,300.78,25.14,67.44,0.85,-1,-1,-1
131,14,657.25,309.02,24.93,66.66,0.84,-1,-1,-1
131,21,18.97,321.17,27.17,64.70,0.86,-1,-1,-1
131,22,671.01,319.19,28.62,64.20,0.85,-1,-1,-1
131,23,692.46,313.05,20.15,59.17,0.15,-1,-1,-1
131,24,540.82,327.87,14.40,33.77,0.71,-1,-1,-1
132,1,759.39,317.38,62.58,151.55,0.93,-1,-1,-1
132,4,414.53,290.28,122.63,295.64,0.96,-1,-1,-1
132,5,686.84,320.51,61.25,142.01,0.92,-1,-1,-1
132,6,114.86,277.42,200.06,413.10,0.94,-1,-1,-1
132,8,564.85,297.95,106.43,253.73,0.95,-1,-1,-1
132,11,711.63,303.58,39.40,101.76,0.87,-1,-1,-1
132,12,751.50,300.74,25.75,68.59,0.86,-1,-1,-1
132,14,656.54,309.04,25.15,65.46,0.84,-1,-1,-1
132,21,18.30,321.14,26.17,65.14,0.85,-1,-1,-1
132,22,671.01,319.07,27.58,64.03,0.82,-1,-1,-1
132,24,539.98,327.92,15.10,34.47,0.66,-1,-1,-1
133,1,757.80,318.90,63.98,151.01,0.92,-1,-1,-1
133,4,404.28,290.10,128.33,300.23,0.95,-1,-1,-1
133,5,686.32,321.72,60.63,141.26,0.92,-1,-1,-1
133,6,97.93,281.30,210.74,423.29,0.91,-1,-1,-1
133,8,564.00,297.99,106.11,259.10,0.95,-1,-1,-1
133,11,710.50,302.85,40.68,102.99,0.88,-1,-1,-1
133,12,751.08,300.25,25.37,68.70,0.84,-1,-1,-1
133,14,655.46,309.15,26.39,66.49,0.82,-1,-1,-1
133,21,18.17,320.72,25.67,65.87,0.81,-1,-1,-1
133,22,670.49,319.12,27.76,64.24,0.84,-1,-1,-1
133,24,539.85,327.85,15.33,34.69,0.59,-1,-1,-1
134,1,757.20,319.89,63.35,150.69,0.92,-1,-1,-1
134,4,394.42,290.19,133.30,306.50,0.96,-1,-1,-1
134,5,685.24,322.75,61.02,140.70,0.93,-1,-1,-1
134,6,80.49,284.17,222.37,432.48,0.93,-1,-1,-1
134,8,563.69,297.69,105.40,263.76,0.95,-1,-1,-1
134,11,710.34,301.96,40.59,104.06,0.89,-1,-1,-1
134,12,750.91,300.03,25.24,69.06,0.85,-1,-1,-1
134,14,655.02,309.17,26.87,67.48,0.82,-1,-1,-1
134,21,18.34,320.47,24.86,65.86,0.82,-1,-1,-1
134,22,669.08,319.41,28.44,63.73,0.86,-1,-1,-1
134,24,539.79,328.00,14.72,34.41,0.60,-1,-1,-1
134,25,521.10,321.07,17.10,42.30,0.72,-1,-1,-1
135,1,757.38,320.45,61.94,150.29,0.92,-1,-1,-1
135,4,384.29,289.89,138.84,314.38,0.95,-1,-1,-1
135,5,684.34,322.89,61.19,140.95,0.93,-1,-1,-1
135,6,63.08,285.71,231.76,443.82,0.91,-1,-1,-1
135,8,563.40,297.79,105.12,264.60,0.95,-1,-1,-1
135,11,709.77,301.24,41.17,103.88,0.88,-1,-1,-1
135,12,750.33,299.71,25.80,70.10,0.85,-1,-1,-1
135,14,654.93,309.10,26.48,66.67,0.83,-1,-1,-1
135,21,18.21,320.96,23.21,65.25,0.83,-1,-1,-1
135,22,668.62,319.44,28.12,63.25,0.87,-1,-1,-1
135,24,540.18,327.99,13.84,33.32,0.60,-1,-1,-1
135,25,520.94,321.25,17.11,42.32,0.73,-1,-1,-1
136,1,757.20,320.15,60.79,150.55,0.93,-1,-1,-1
136,4,374.89,289.75,144.63,321.31,0.95,-1,-1,-1
136,5,683.80,321.99,61.23,141.61,0.93,-1,-1,-1
136,6,47.78,285.55,238.26,452.35,0.90,-1,-1,-1
136,8,562.26,296.61,105.55,266.49,0.95,-1,-1,-1
136,11,709.31,300.93,41.37,104.65,0.89,-1,-1,-1
136,12,749.85,299.25,25.41,70.48,0.84,-1,-1,-1
136,14,654.98,309.18,26.30,65.44,0.83,-1,-1,-1
136,21,17.79,321.70,22.31,64.40,0.82,-1,-1,-1
136,22,667.93,319.25,27.98,63.35,0.84,-1,-1,-1
136,24,540.07,327.63,14.20,33.90,0.75,-1,-1,-1
136,25,521.28,321.59,16.42,42.33,0.74,-1,-1,-1
137,1,757.47,319.65,59.18,150.66,0.93,-1,-1,-1
137,4,366.93,290.22,148.44,325.05,0.96,-1,-1,-1
137,5,683.04,321.27,61.25,141.28,0.93,-1,-1,-1
137,6,28.33,283.97,249.53,465.61,0.91,-1,-1,-1
137,8,560.70,294.75,106.29,269.35,0.95,-1,-1,-1
137,11,709.16,301.03,41.45,104.94,0.90,-1,-1,-1
137,12,749.40,299.15,25.27,70.62,0.85,-1,-1,-1
137,14,655.02,308.84,25.64,64.08,0.81,-1,-1,-1
137,21,17.89,321.63,21.14,64.38,0.84,-1,-1,-1
137,22,667.40,318.66,27.93,63.70,0.85,-1,-1,-1
137,24,539.71,327.29,14.32,34.10,0.75,-1,-1,-1
137,25,521.10,321.85,16.18,41.62,0.73,-1,-1,-1
138,1,757.28,318.85,57.99,150.71,0.93,-1,-1,-1
138,4,359.39,289.98,153.01,330.59,0.96,-1,-1,-1
138,5,682.48,319.95,61.27,141.60,0.92,-1,-1,-1
138,6,8.59,280.32,260.23,479.63,0.91,-1,-1,-1
138,8,558.96,291.40,106.55,274.17,0.95,-1,-1,-1
138,11,708.81,301.08,41.48,104.74,0.90,-1,-1,-1
138,12,748.63,299.27,25.22,69.79,0.85,-1,-1,-1
138,14,654.74,308.71,25.38,64.19,0.81,-1,-1,-1
138,21,17.96,322.21,20.22,63.48,0.83,-1,-1,-1
138,22,666.61,318.43,27.32,63.83,0.85,-1,-1,-1
138,24,539.57,327.02,14.37,34.49,0.75,-1,-1,-1
138,25,520.71,321.76,16.82,41.05,0.72,-1,-1,-1
139,1,756.91,318.08,57.59,150.03,0.93,-1,-1,-1
139,4,352.61,288.71,156.92,334.73,0.96,-1,-1,-1
139,5,681.97,318.69,61.29,140.87,0.92,-1,-1,-1
139,6,-10.94,275.55,269.94,489.75,0.89,-1,-1,-1
139,8,557.09,288.49,107.25,277.92,0.95,-1,-1,-1
139,11,708.95,301.09,40.90,104.67,0.90,-1,-1,-1
139,12,748.33,299.45,25.21,69.19,0.86,-1,-1,-1
139,14,654.60,308.65,24.69,62.75,0.79,-1,-1,-1
139,21,16.92,321.82,20.35,63.16,0.80,-1,-1,-1
139,22,665.69,318.04,27.10,64.20,0.87,-1,-1,-1
139,24,538.83,327.07,14.39,34.33,0.76,-1,-1,-1
139,25,520.84,321.55,16.39,40.57,0.74,-1,-1,-1
139,26,230.85,327.82,12.60,36.90,0.71,-1,-1,-1
139,27,238.27,329.62,17.10,36.00,0.70,-1,-1,-1
140,1,757.07,317.18,56.85,149.18,0.93,-1,-1,-1
140,4,345.84,286.44,160.37,344.39,0.96,-1,-1,-1
140,5,681.49,317.01,60.69,141.79,0.92,-1,-1,-1
140,6,-0.80,268.87,248.07,504.87,0.87,-1,-1,-1
140,8,554.65,285.90,108.66,282.78,0.96,-1,-1,-1
140,11,708.70,300.79,40.68,104.94,0.90,-1,-1,-1
140,12,747.92,299.67,25.20,68.37,0.86,-1,-1,-1
140,14,653.94,307.86,25.64,64.34,0.81,-1,-1,-1
140,21,16.27,321.93,20.00,60.34,0.76,-1,-1,-1
140,22,665.05,317.58,27.62,64.64,0.86,-1,-1,-1
140,24,538.55,326.47,14.40,34.88,0.77,-1,-1,-1
140,25,520.57,319.52,17.52,42.03,0.80,-1,-1,-1
140,26,229.99,326.98,13.24,38.01,0.70,-1,-1,-1
140,27,237.87,329.51,17.47,36.39,0.68,-1,-1,-1
141,1,756.26,315.09,57.84,149.78,0.93,-1,-1,-1
141,4,339.32,284.51,163.70,351.79,0.96,-1,-1,-1
141,5,681.05,315.25,60.49,142.15,0.92,-1,-1,-1
141,6,-15.86,260.64,248.05,529.62,0.88,-1,-1,-1
141,8,551.99,284.71,110.40,286.92,0.96,-1,-1,-1
141,11,708.33,300.59,40.61,105.04,0.91,-1,-1,-1
141,12,747.49,299.80,25.22,67.47,0.87,-1,-1,-1
141,14,653.71,307.03,25.99,66.12,0.82,-1,-1,-1
141,21,15.21,323.94,20.44,57.46,0.13,-1,-1,-1
141,22,664.83,316.72,27.82,64.81,0.88,-1,-1,-1
141,24,538.44,326.48,13.80,34.48,0.78,-1,-1,-1
141,25,520.16,319.04,17.91,42.24,0.80,-1,-1,-1
141,26,229.23,326.86,13.11,37.54,0.64,-1,-1,-1
141,27,237.31,329.52,16.52,36.12,0.53,-1,-1,-1
142,1,754.44,313.81,59.37,150.89,0.93,-1,-1,-1
142,4,333.59,283.79,165.94,356.20,0.96,-1,-1,-1
142,5,680.60,313.63,59.77,142.86,0.92,-1,-1,-1
142,6,-31.03,253.25,245.60,545.71,0.87,-1,-1,-1
142,8,549.28,284.05,112.14,290.42,0.95,-1,-1,-1
142,11,707.88,300.75,40.55,104.75,0.91,-1,-1,-1
142,12,747.61,299.79,24.60,67.13,0.85,-1,-1,-1
142,14,653.32,306.79,26.11,66.50,0.83,-1,-1,-1
142,22,664.46,316.33,27.88,64.86,0.87,-1,-1,-1
142,24,538.43,326.53,13.57,34.02,0.75,-1,-1,-1
142,25,520.03,318.76,18.04,42.61,0.80,-1,-1,-1
142,26,228.76,326.67,13.41,37.36,0.58,-1,-1,-1
142,27,236.55,329.20,17.26,36.02,0.46,-1,-1,-1
143,1,752.13,313.30,61.72,151.70,0.94,-1,-1,-1
143,4,328.72,283.08,168.09,359.34,0.96,-1,-1,-1
143,5,680.33,313.16,59.48,143.07,0.93,-1,-1,-1
143,6,-48.23,246.79,236.19,558.09,0.87,-1,-1,-1
143,8,546.47,283.66,113.91,294.75,0.95,-1,-1,-1
143,11,706.98,300.79,41.11,104.59,0.92,-1,-1,-1
143,12,747.52,299.91,23.76,66.69,0.85,-1,-1,-1
143,14,653.67,306.98,24.95,65.13,0.80,-1,-1,-1
143,22,664.52,316.30,27.90,64.55,0.88,-1,-1,-1
143,24,538.64,326.36,13.48,33.83,0.73,-1,-1,-1
143,25,520.21,318.63,17.47,42.74,0.79,-1,-1,-1
143,26,228.85,327.38,12.58,35.95,0.68,-1,-1,-1
143,27,235.78,329.02,16.48,35.98,0.62,-1,-1,-1
144,1,749.70,313.16,63.77,151.69,0.94,-1,-1,-1
144,4,323.96,282.72,169.21,362.52,0.96,-1,-1,-1
144,5,679.57,312.74,59.37,143.73,0.93,-1,-1,-1
144,6,-64.44,243.49,214.60,568.56,0.88,-1,-1,-1
144,8,543.62,283.59,115.70,300.37,0.95,-1,-1,-1
144,11,706.85,300.84,40.13,104.21,0.91,-1,-1,-1
144,12,747.09,299.69,24.06,67.43,0.87,-1,-1,-1
144,14,653.42,306.64,25.10,66.09,0.80,-1,-1,-1
144,22,663.87,316.33,28.49,65.02,0.88,-1,-1,-1
144,24,538.04,326.33,14.06,34.06,0.74,-1,-1,-1
144,25,520.82,318.61,17.24,42.47,0.82,-1,-1,-1
144,26,228.37,326.62,13.13,36.50,0.58,-1,-1,-1
144,27,234.84,328.98,15.88,37.93,0.34,-1,-1,-1
145,1,747.35,313.18,65.71,152.31,0.94,-1,-1,-1
145,4,320.73,281.12,167.30,367.46,0.96,-1,-1,-1
145,5,679.02,312.35,58.12,144.89,0.92,-1,-1,-1
145,6,-74.54,244.68,181.49,565.00,0.84,-1,-1,-1
145,8,541.13,283.61,116.91,306.57,0.95,-1,-1,-1
145,11,706.54,300.92,39.74,104.09,0.91,-1,-1,-1
145,12,746.06,299.51,24.16,67.42,0.87,-1,-1,-1
145,14,653.35,306.56,23.96,63.49,0.78,-1,-1,-1
145,22,663.65,316.25,28.12,64.91,0.88,-1,-1,-1
145,24,537.82,326.34,14.27,34.15,0.74,-1,-1,-1
145,25,521.04,318.78,17.15,42.07,0.81,-1,-1,-1
145,26,227.79,326.36,13.70,36.70,0.63,-1,-1,-1
146,1,745.60,313.90,67.03,152.55,0.94,-1,-1,-1
146,4,317.24,279.88,165.09,373.19,0.96,-1,-1,-1
146,5,678.24,313.07,58.86,145.33,0.92,-1,-1,-1
146,6,-97.24,245.19,183.56,579.92,0.74,-1,-1,-1
146,8,538.77,284.33,117.32,311.49,0.95,-1,-1,-1
146,11,706.74,300.45,38.99,104.34,0.91,-1,-1,-1
146,12,745.69,299.70,24.21,66.24,0.85,-1,-1,-1
146,14,652.72,306.63,24.74,63.70,0.79,-1,-1,-1
146,22,662.99,316.32,28.57,64.87,0.86,-1,-1,-1
146,24,537.43,326.44,14.35,34.19,0.72,-1,-1,-1
146,25,521.11,319.09,17.11,41.92,0.81,-1,-1,-1
146,26,227.34,326.18,13.52,36.48,0.30,-1,-1,-1
147,1,744.37,314.74,67.55,152.98,0.94,-1,-1,-1
147,4,314.20,278.52,162.45,380.63,0.96,-1,-1,-1
147,5,677.64,315.85,59.17,143.75,0.92,-1,-1,-1
147,6,-107.64,266.91,171.63,533.88,0.36,-1,-1,-1
147,8,535.79,286.94,118.08,315.12,0.95,-1,-1,-1
147,11,706.20,299.19,39.34,103.57,0.90,-1,-1,-1
147,12,745.26,299.57,24.24,64.62,0.84,-1,-1,-1
147,14,652.46,306.63,25.03,62.61,0.81,-1,-1,-1
147,22,662.42,316.32,28.15,64.88,0.84,-1,-1,-1
147,24,536.91,326.31,14.39,34.22,0.72,-1,-1,-1
147,25,520.44,319.64,17.71,41.28,0.78,-1,-1,-1
148,1,742.41,315.76,68.88,152.30,0.94,-1,-1,-1
148,4,310.67,279.05,159.94,384.41,0.96,-1,-1,-1
148,5,676.23,317.93,59.86,142.45,0.93,-1,-1,-1
148,8,532.44,287.80,119.46,321.60,0.95,-1,-1,-1
148,11,706.27,298.38,38.86,102.02,0.90,-1,-1,-1
148,12,745.06,298.87,23.65,64.89,0.84,-1,-1,-1
148,14,652.37,306.74,24.54,57.94,0.81,-1,-1,-1
148,22,661.92,316.43,27.98,64.54,0.83,-1,-1,-1
148,24,536.19,326.07,14.99,34.50,0.76,-1,-1,-1
148,25,519.97,319.96,17.92,41.32,0.80,-1,-1,-1
149,1,741.43,317.16,68.77,151.57,0.94,-1,-1,-1
149,4,307.71,278.82,156.08,392.52,0.96,-1,-1,-1
149,5,675.75,319.58,60.12,141.19,0.93,-1,-1,-1
149,8,528.05,288.27,121.11,326.09,0.95,-1,-1,-1
149,11,705.74,297.76,39.28,102.92,0.90,-1,-1,-1
149,12,744.11,298.30,24.03,65.00,0.84,-1,-1,-1
149,14,652.08,306.45,24.35,57.75,0.81,-1,-1,-1
149,22,661.49,316.29,28.51,64.70,0.83,-1,-1,-1
149,24,536.57,326.10,14.63,33.71,0.73,-1,-1,-1
149,25,519.84,319.60,18.00,41.63,0.80,-1,-1,-1
