0,1,789.30,382.50,34.20,78.30,0.90,-1,-1,-1
0,2,47.62,383.40,25.40,45.00,0.81,-1,-1,-1
0,3,598.95,391.72,29.70,66.15,0.81,-1,-1,-1
0,4,344.70,384.30,20.70,52.65,0.80,-1,-1,-1
0,5,717.75,389.70,19.80,48.15,0.70,-1,-1,-1
1,1,789.25,382.65,34.20,79.12,0.91,-1,-1,-1
1,2,46.61,384.59,24.64,44.24,0.81,-1,-1,-1
1,3,599.22,391.06,29.70,67.35,0.81,-1,-1,-1
1,4,343.50,384.18,21.48,53.07,0.81,-1,-1,-1
1,5,717.28,389.45,19.80,48.95,0.77,-1,-1,-1
1,6,150.19,383.85,25.87,57.60,0.74,-1,-1,-1
2,1,789.19,382.89,34.20,79.46,0.91,-1,-1,-1
2,2,45.28,385.08,24.54,43.42,0.81,-1,-1,-1
2,3,599.15,390.44,29.70,67.94,0.83,-1,-1,-1
2,4,342.38,383.60,21.96,53.86,0.83,-1,-1,-1
2,5,717.12,389.61,19.09,49.11,0.75,-1,-1,-1
2,6,148.25,384.20,26.05,57.29,0.75,-1,-1,-1
3,1,789.59,383.01,33.52,79.34,0.91,-1,-1,-1
3,2,44.51,384.78,24.58,43.85,0.82,-1,-1,-1
3,3,597.92,390.19,30.39,68.06,0.82,-1,-1,-1
3,4,341.84,384.29,22.11,53.39,0.83,-1,-1,-1
3,5,716.50,390.59,18.88,48.09,0.76,-1,-1,-1
3,6,147.19,384.85,25.40,56.53,0.81,-1,-1,-1
4,1,789.98,383.27,32.62,79.45,0.92,-1,-1,-1
4,2,42.55,384.96,24.73,43.68,0.78,-1,-1,-1
4,3,596.78,390.32,31.26,68.07,0.82,-1,-1,-1
4,4,340.79,384.36,22.13,53.54,0.82,-1,-1,-1
4,5,715.57,389.78,19.50,49.42,0.78,-1,-1,-1
4,6,145.04,384.67,26.06,56.96,0.83,-1,-1,-1
5,1,789.80,383.24,33.01,79.49,0.91,-1,-1,-1
5,2,40.98,384.67,24.87,43.95,0.81,-1,-1,-1
5,3,595.14,390.46,30.93,68.40,0.84,-1,-1,-1
5,4,339.79,383.68,22.13,54.24,0.82,-1,-1,-1
5,5,714.96,389.40,19.72,50.19,0.80,-1,-1,-1
5,6,142.22,385.08,26.28,57.12,0.84,-1,-1,-1
6,1,790.04,382.96,32.52,79.33,0.91,-1,-1,-1
6,2,39.48,384.37,24.90,44.36,0.82,-1,-1,-1
6,3,593.98,390.11,31.41,69.11,0.83,-1,-1,-1
6,4,338.74,383.69,21.50,53.84,0.80,-1,-1,-1
6,5,714.47,389.80,19.17,49.20,0.76,-1,-1,-1
6,6,142.00,384.67,24.73,57.49,0.83,-1,-1,-1
7,1,789.49,382.57,32.98,79.27,0.91,-1,-1,-1
7,2,38.17,384.64,24.49,43.90,0.79,-1,-1,-1
7,3,593.27,390.45,31.57,69.06,0.84,-1,-1,-1
7,4,338.07,383.81,20.94,49.96,0.64,-1,-1,-1
7,5,713.37,390.12,18.96,48.51,0.72,-1,-1,-1
7,6,140.99,384.14,23.36,57.94,0.82,-1,-1,-1
8,1,789.49,381.58,33.17,80.03,0.91,-1,-1,-1
8,2,36.39,384.91,25.02,43.73,0.76,-1,-1,-1
8,3,592.59,390.53,31.63,68.73,0.84,-1,-1,-1
8,4,336.90,383.37,19.82,46.31,0.45,-1,-1,-1
8,5,712.58,389.85,18.90,48.26,0.71,-1,-1,-1
8,6,139.06,384.26,23.09,57.47,0.84,-1,-1,-1
9,1,789.61,381.52,32.62,79.97,0.91,-1,-1,-1
9,2,34.07,384.39,25.84,44.26,0.79,-1,-1,-1
9,3,591.70,390.40,32.23,68.25,0.86,-1,-1,-1
9,4,336.09,383.23,19.73,44.73,0.45,-1,-1,-1
9,5,712.16,389.75,18.87,48.15,0.71,-1,-1,-1
9,6,136.90,384.31,23.96,57.26,0.82,-1,-1,-1
9,7,452.92,392.40,18.22,43.65,0.76,-1,-1,-1
10,1,789.33,380.29,32.42,80.53,0.90,-1,-1,-1
10,2,32.65,384.12,25.54,44.45,0.79,-1,-1,-1
10,3,591.70,390.68,30.65,67.45,0.84,-1,-1,-1
10,4,334.94,382.76,19.71,42.65,0.47,-1,-1,-1
10,5,711.11,388.64,19.48,49.63,0.77,-1,-1,-1
10,6,135.17,383.78,24.43,57.79,0.72,-1,-1,-1
10,7,451.49,391.83,18.59,45.11,0.79,-1,-1,-1
11,1,787.69,379.72,34.20,80.67,0.90,-1,-1,-1
11,2,30.05,384.05,25.14,44.27,0.76,-1,-1,-1
11,3,590.30,390.48,30.65,67.53,0.83,-1,-1,-1
11,4,333.30,382.23,18.80,40.45,0.26,-1,-1,-1
11,5,710.34,388.25,19.71,50.23,0.77,-1,-1,-1
11,6,131.90,382.58,24.17,58.96,0.80,-1,-1,-1
11,7,449.66,391.68,17.80,45.78,0.78,-1,-1,-1
11,8,1146.60,386.10,19.80,52.20,0.72,-1,-1,-1
12,1,786.86,379.66,34.83,80.05,0.89,-1,-1,-1
12,2,27.45,384.67,26.57,43.26,0.75,-1,-1,-1
12,3,589.74,389.64,30.63,68.72,0.82,-1,-1,-1
12,4,331.95,383.01,18.16,37.82,0.17,-1,-1,-1
12,5,709.61,387.96,19.79,50.71,0.79,-1,-1,-1
12,6,129.85,381.56,25.74,59.93,0.83,-1,-1,-1
12,7,448.54,391.76,17.53,45.95,0.78,-1,-1,-1
12,8,1147.39,386.07,19.80,51.88,0.61,-1,-1,-1
13,1,786.44,379.75,34.48,79.83,0.88,-1,-1,-1
13,2,25.17,384.92,27.22,43.20,0.62,-1,-1,-1
13,3,589.71,390.16,28.82,68.28,0.82,-1,-1,-1
13,5,708.34,387.95,20.41,50.90,0.79,-1,-1,-1
13,6,126.69,382.11,27.05,59.72,0.83,-1,-1,-1
13,7,447.64,391.98,16.95,44.99,0.80,-1,-1,-1
13,8,1147.55,386.18,19.81,51.84,0.67,-1,-1,-1
14,1,786.10,379.43,33.73,80.05,0.87,-1,-1,-1
14,2,23.57,383.92,26.00,47.40,0.45,-1,-1,-1
14,3,588.95,389.86,28.74,68.41,0.83,-1,-1,-1
14,5,707.39,387.60,20.06,51.26,0.80,-1,-1,-1
14,6,125.07,382.00,25.50,59.92,0.84,-1,-1,-1
14,7,446.69,392.18,16.96,44.98,0.77,-1,-1,-1
14,8,1147.63,386.58,19.81,51.79,0.65,-1,-1,-1
15,1,785.46,378.93,34.65,80.40,0.88,-1,-1,-1
15,2,22.34,383.23,25.39,49.49,0.70,-1,-1,-1
15,3,588.21,389.07,29.33,68.43,0.83,-1,-1,-1
15,5,706.87,387.38,19.31,51.08,0.79,-1,-1,-1
15,6,123.25,381.77,24.71,59.67,0.82,-1,-1,-1
15,7,444.79,391.86,18.10,44.96,0.76,-1,-1,-1
15,8,1148.28,387.26,19.80,51.08,0.63,-1,-1,-1
16,1,784.43,378.96,34.39,81.10,0.87,-1,-1,-1
16,3,588.40,389.00,28.35,67.81,0.85,-1,-1,-1
16,5,706.51,387.81,19.02,50.68,0.77,-1,-1,-1
16,6,120.21,382.71,26.24,59.24,0.83,-1,-1,-1
16,7,442.81,391.79,19.11,44.95,0.71,-1,-1,-1
16,8,1148.46,387.44,19.80,50.84,0.76,-1,-1,-1
17,1,784.30,378.87,34.32,81.90,0.89,-1,-1,-1
17,3,587.34,388.56,28.61,68.55,0.85,-1,-1,-1
17,5,705.67,388.02,18.94,50.88,0.78,-1,-1,-1
17,6,117.12,383.06,26.95,59.73,0.83,-1,-1,-1
17,7,441.10,391.94,18.45,45.00,0.71,-1,-1,-1
17,8,1148.17,387.22,19.82,51.46,0.80,-1,-1,-1
18,1,784.38,379.16,34.28,81.70,0.90,-1,-1,-1
18,3,586.90,388.44,28.71,68.49,0.84,-1,-1,-1
18,5,705.24,388.13,18.90,50.92,0.80,-1,-1,-1
18,6,114.99,383.45,27.11,59.58,0.86,-1,-1,-1
18,7,440.68,391.59,17.87,45.30,0.73,-1,-1,-1
18,8,1148.60,387.27,19.82,51.34,0.81,-1,-1,-1
19,1,784.63,379.56,33.06,81.62,0.89,-1,-1,-1
19,3,586.06,388.97,28.74,66.97,0.81,-1,-1,-1
19,5,704.41,388.60,19.49,50.62,0.79,-1,-1,-1
19,6,113.15,383.80,27.38,59.52,0.84,-1,-1,-1
19,7,440.21,391.56,17.34,45.11,0.72,-1,-1,-1
19,8,1148.02,387.62,21.05,51.30,0.80,-1,-1,-1
20,1,785.43,380.30,31.39,80.92,0.90,-1,-1,-1
20,3,585.68,389.23,29.37,67.25,0.85,-1,-1,-1
20,5,703.98,388.64,19.72,50.77,0.79,-1,-1,-1
20,6,112.19,384.04,27.33,59.45,0.85,-1,-1,-1
20,7,439.43,391.97,17.77,45.00,0.75,-1,-1,-1
20,8,1148.31,389.73,20.31,48.80,0.71,-1,-1,-1
21,1,785.59,380.90,31.38,80.42,0.91,-1,-1,-1
21,3,584.69,389.40,29.59,67.41,0.85,-1,-1,-1
21,5,703.33,388.48,19.79,51.17,0.78,-1,-1,-1
21,6,109.83,383.05,27.33,60.36,0.85,-1,-1,-1
21,7,438.24,392.28,17.62,44.70,0.78,-1,-1,-1
21,8,1149.09,390.54,19.99,47.60,0.66,-1,-1,-1
21,4,320.80,384.15,19.75,50.07,0.67,-1,-1,-1
22,1,785.58,381.24,31.36,80.03,0.90,-1,-1,-1
22,3,583.49,389.72,30.25,67.13,0.84,-1,-1,-1
22,5,702.79,388.08,19.80,51.58,0.77,-1,-1,-1
22,6,108.44,382.76,26.86,60.67,0.86,-1,-1,-1
22,7,437.21,392.18,17.85,44.56,0.81,-1,-1,-1
22,8,1149.10,390.93,18.64,46.25,0.63,-1,-1,-1
22,4,318.71,384.68,21.04,52.14,0.82,-1,-1,-1
23,1,784.56,380.18,33.18,80.92,0.88,-1,-1,-1
23,3,582.96,389.59,29.92,67.32,0.83,-1,-1,-1
23,5,702.51,387.81,19.81,51.73,0.77,-1,-1,-1
23,6,107.21,382.34,26.49,60.77,0.83,-1,-1,-1
23,7,436.62,391.62,17.95,45.11,0.79,-1,-1,-1
23,8,1150.52,390.24,18.14,45.78,0.33,-1,-1,-1
23,4,317.78,383.99,21.49,53.50,0.84,-1,-1,-1
24,1,786.11,379.82,34.45,80.72,0.87,-1,-1,-1
24,3,582.49,390.01,29.79,67.45,0.77,-1,-1,-1
24,5,701.91,387.15,20.42,52.41,0.80,-1,-1,-1
24,6,105.56,381.97,25.95,60.85,0.85,-1,-1,-1
24,7,435.15,391.41,19.18,45.35,0.78,-1,-1,-1
24,8,1152.00,389.78,17.98,43.21,0.52,-1,-1,-1
24,4,316.97,383.83,21.38,53.76,0.84,-1,-1,-1
25,1,786.14,379.67,32.59,80.34,0.88,-1,-1,-1
25,3,581.81,389.40,28.55,66.29,0.78,-1,-1,-1
25,5,701.16,386.74,20.05,52.65,0.79,-1,-1,-1
25,6,103.65,381.24,26.91,61.45,0.84,-1,-1,-1
25,7,433.98,391.03,19.35,45.73,0.74,-1,-1,-1
25,8,1152.19,389.41,17.93,43.86,0.46,-1,-1,-1
25,4,316.38,383.19,21.02,54.38,0.78,-1,-1,-1
26,1,786.83,379.14,31.83,80.14,0.88,-1,-1,-1
26,3,581.77,388.87,27.46,66.72,0.82,-1,-1,-1
26,5,701.02,386.72,19.90,52.41,0.80,-1,-1,-1
26,6,102.35,381.03,26.26,61.34,0.85,-1,-1,-1
26,7,433.54,391.19,18.81,45.25,0.74,-1,-1,-1
26,8,1152.73,389.80,16.69,39.20,0.18,-1,-1,-1
26,4,316.23,383.56,19.38,53.98,0.78,-1,-1,-1
27,1,786.72,380.33,31.58,78.02,0.87,-1,-1,-1
27,3,581.61,388.55,27.08,66.92,0.77,-1,-1,-1
27,5,700.28,386.60,20.45,52.34,0.79,-1,-1,-1
27,6,99.99,381.26,26.01,61.03,0.83,-1,-1,-1
27,7,433.01,391.28,18.30,45.10,0.71,-1,-1,-1
27,4,314.69,383.73,19.06,53.51,0.65,-1,-1,-1
28,1,786.51,378.90,32.69,79.03,0.88,-1,-1,-1
28,3,581.10,388.21,27.55,67.89,0.80,-1,-1,-1
28,5,700.16,386.79,20.65,52.00,0.80,-1,-1,-1
28,6,97.74,381.12,26.82,61.20,0.84,-1,-1,-1
28,7,432.55,391.24,18.71,45.03,0.78,-1,-1,-1
28,4,313.09,383.58,18.64,53.58,0.49,-1,-1,-1
29,1,785.47,378.41,33.11,79.11,0.89,-1,-1,-1
29,3,580.54,387.98,27.14,68.56,0.83,-1,-1,-1
29,5,700.06,386.90,20.14,51.88,0.79,-1,-1,-1
29,6,96.26,381.15,26.98,61.26,0.86,-1,-1,-1
29,7,431.12,391.44,20.65,45.01,0.79,-1,-1,-1
30,1,784.46,378.71,34.44,78.54,0.89,-1,-1,-1
30,3,579.77,387.47,27.59,69.40,0.85,-1,-1,-1
30,5,699.43,386.97,19.92,51.52,0.80,-1,-1,-1
30,6,94.81,380.83,26.35,60.97,0.84,-1,-1,-1
30,7,430.20,391.95,19.93,44.40,0.81,-1,-1,-1
31,1,784.69,379.20,34.35,77.70,0.87,-1,-1,-1
31,3,579.29,387.21,27.15,68.79,0.84,-1,-1,-1
31,5,698.97,386.93,19.24,51.37,0.75,-1,-1,-1
31,6,92.50,380.68,25.73,60.84,0.81,-1,-1,-1
31,7,429.43,391.78,19.60,44.46,0.84,-1,-1,-1
32,1,785.10,379.40,34.31,78.02,0.90,-1,-1,-1
32,3,577.57,386.97,28.81,69.47,0.83,-1,-1,-1
32,5,697.89,386.77,18.99,51.62,0.78,-1,-1,-1
32,6,90.23,380.73,26.79,60.80,0.74,-1,-1,-1
32,7,428.34,391.41,20.07,45.10,0.84,-1,-1,-1
33,1,784.89,379.70,34.33,79.11,0.90,-1,-1,-1
33,3,574.37,386.10,30.03,71.26,0.83,-1,-1,-1
33,5,697.08,387.10,19.52,51.76,0.79,-1,-1,-1
33,6,86.76,381.51,26.61,60.24,0.78,-1,-1,-1
33,7,426.26,391.84,20.86,45.07,0.75,-1,-1,-1
34,1,785.42,380.49,34.29,78.63,0.90,-1,-1,-1
34,3,572.92,385.63,29.88,71.34,0.82,-1,-1,-1
34,5,697.11,387.57,18.50,51.21,0.34,-1,-1,-1
34,6,86.01,380.87,26.66,61.52,0.81,-1,-1,-1
34,7,425.29,392.25,20.84,45.06,0.79,-1,-1,-1
34,4,307.43,383.16,20.16,54.55,0.78,-1,-1,-1
35,1,785.51,381.12,33.68,77.78,0.88,-1,-1,-1
35,3,572.12,385.40,28.04,70.42,0.85,-1,-1,-1
35,5,695.89,389.01,19.34,50.96,0.12,-1,-1,-1
35,6,83.79,380.59,26.30,61.95,0.82,-1,-1,-1
35,7,424.04,392.23,21.12,45.32,0.83,-1,-1,-1
35,4,305.69,383.65,20.89,53.90,0.83,-1,-1,-1
36,1,785.97,381.11,32.83,77.46,0.88,-1,-1,-1
36,3,571.14,384.92,27.92,70.03,0.85,-1,-1,-1
36,6,80.19,380.65,26.31,61.80,0.76,-1,-1,-1
36,7,423.38,392.11,20.62,45.71,0.83,-1,-1,-1
36,4,304.16,383.87,21.72,53.98,0.84,-1,-1,-1
37,1,786.26,381.12,31.91,75.82,0.87,-1,-1,-1
37,3,570.37,384.50,27.88,70.75,0.84,-1,-1,-1
37,7,422.62,392.27,20.12,45.54,0.81,-1,-1,-1
37,4,302.79,383.58,21.74,54.59,0.83,-1,-1,-1
38,1,785.92,381.08,32.18,75.20,0.88,-1,-1,-1
38,3,570.31,383.73,26.07,71.01,0.84,-1,-1,-1
38,7,421.22,392.02,20.53,45.77,0.82,-1,-1,-1
38,4,301.93,383.75,21.45,53.92,0.83,-1,-1,-1
39,1,785.72,379.52,32.27,78.00,0.90,-1,-1,-1
39,3,569.08,382.66,25.37,70.80,0.82,-1,-1,-1
39,7,419.69,391.70,20.96,45.85,0.82,-1,-1,-1
39,4,301.36,384.34,20.72,53.65,0.81,-1,-1,-1
40,1,785.93,378.92,32.32,77.88,0.88,-1,-1,-1
40,3,567.62,381.05,25.15,71.93,0.84,-1,-1,-1
40,7,417.90,392.17,20.55,45.60,0.55,-1,-1,-1
40,4,299.58,383.49,21.34,54.47,0.84,-1,-1,-1
41,1,786.31,377.19,32.34,79.92,0.87,-1,-1,-1
41,3,566.54,379.98,25.07,72.94,0.84,-1,-1,-1
41,7,416.25,391.69,20.97,45.80,0.79,-1,-1,-1
41,4,298.24,382.95,21.56,54.48,0.85,-1,-1,-1
41,8,1161.01,387.85,21.54,52.51,0.66,-1,-1,-1
42,1,785.97,375.26,34.16,80.76,0.86,-1,-1,-1
42,3,565.20,379.47,25.67,73.09,0.84,-1,-1,-1
42,7,414.56,391.83,21.14,45.62,0.65,-1,-1,-1
42,4,296.57,382.59,21.95,54.53,0.85,-1,-1,-1
42,8,1161.46,386.58,20.56,54.13,0.65,-1,-1,-1
43,1,786.34,374.25,33.07,81.05,0.87,-1,-1,-1
43,3,564.43,378.88,25.30,73.40,0.84,-1,-1,-1
43,7,413.43,392.06,20.90,44.93,0.48,-1,-1,-1
43,4,295.48,382.50,22.09,54.23,0.85,-1,-1,-1
43,8,1161.94,386.34,20.13,54.44,0.72,-1,-1,-1
44,1,786.53,374.14,32.63,80.20,0.87,-1,-1,-1
44,3,563.45,378.82,25.77,73.46,0.83,-1,-1,-1
44,7,412.11,392.45,20.80,44.65,0.44,-1,-1,-1
44,4,294.54,382.80,22.13,54.37,0.82,-1,-1,-1
44,8,1162.54,385.72,21.15,55.06,0.73,-1,-1,-1
44,6,64.16,379.62,28.38,63.03,0.76,-1,-1,-1
45,1,786.19,373.25,33.65,80.75,0.89,-1,-1,-1
45,3,562.75,378.69,26.54,73.46,0.83,-1,-1,-1
45,7,410.28,392.61,21.05,44.53,0.25,-1,-1,-1
45,4,293.17,382.47,22.43,55.02,0.81,-1,-1,-1
45,8,1162.57,386.26,21.52,54.68,0.80,-1,-1,-1
45,6,62.31,379.88,28.57,63.06,0.84,-1,-1,-1
46,1,785.57,372.85,33.45,80.67,0.90,-1,-1,-1
46,3,561.69,379.17,26.24,72.86,0.83,-1,-1,-1
46,4,292.11,382.56,22.54,55.26,0.81,-1,-1,-1
46,8,1163.32,386.98,21.66,53.63,0.72,-1,-1,-1
46,6,59.96,380.02,29.30,63.37,0.82,-1,-1,-1
47,1,785.06,372.32,32.77,80.92,0.88,-1,-1,-1
47,3,560.48,379.28,26.13,72.32,0.83,-1,-1,-1
47,4,290.49,382.81,22.87,55.05,0.83,-1,-1,-1
47,8,1164.19,387.02,21.70,53.48,0.72,-1,-1,-1
47,6,57.97,379.86,29.35,63.48,0.85,-1,-1,-1
48,1,783.89,371.87,33.11,81.01,0.89,-1,-1,-1
48,3,559.67,379.36,26.09,72.12,0.83,-1,-1,-1
48,4,289.35,382.63,22.70,55.27,0.83,-1,-1,-1
48,8,1164.47,387.20,21.72,53.12,0.66,-1,-1,-1
48,6,54.69,379.23,30.20,64.41,0.86,-1,-1,-1
49,1,782.66,372.22,33.84,80.43,0.87,-1,-1,-1
49,3,558.93,379.33,26.08,72.33,0.83,-1,-1,-1
49,4,288.09,382.81,22.92,55.04,0.80,-1,-1,-1
49,8,1165.78,387.14,20.53,53.54,0.73,-1,-1,-1
49,6,53.30,379.71,29.39,64.15,0.86,-1,-1,-1
50,1,782.79,372.60,33.51,80.84,0.89,-1,-1,-1
50,3,558.00,379.06,26.67,73.33,0.84,-1,-1,-1
50,4,286.13,381.95,24.18,56.46,0.79,-1,-1,-1
50,8,1167.00,387.60,20.05,53.71,0.76,-1,-1,-1
50,6,50.43,379.51,30.09,64.36,0.86,-1,-1,-1
51,1,781.59,372.38,33.99,83.36,0.88,-1,-1,-1
51,3,557.05,379.06,26.90,73.69,0.85,-1,-1,-1
51,4,284.40,381.62,24.07,56.99,0.82,-1,-1,-1
51,8,1167.30,386.75,19.88,54.64,0.80,-1,-1,-1
51,6,47.60,379.46,30.73,65.02,0.85,-1,-1,-1
52,1,780.45,372.60,35.35,84.31,0.88,-1,-1,-1
52,3,556.87,379.06,26.99,73.24,0.84,-1,-1,-1
52,4,282.70,381.62,24.31,57.19,0.80,-1,-1,-1
52,8,1166.44,387.19,21.03,54.69,0.80,-1,-1,-1
52,6,45.47,380.01,30.31,64.68,0.86,-1,-1,-1
53,1,780.59,373.15,34.68,83.45,0.89,-1,-1,-1
53,3,555.41,379.25,28.79,72.73,0.82,-1,-1,-1
53,4,281.83,381.96,24.09,56.93,0.81,-1,-1,-1
53,8,1166.53,387.50,21.44,54.66,0.82,-1,-1,-1
53,6,44.20,380.41,30.12,64.21,0.86,-1,-1,-1
54,1,779.93,373.60,35.01,82.81,0.89,-1,-1,-1
54,3,556.18,379.25,27.15,71.95,0.78,-1,-1,-1
54,4,280.91,381.86,24.00,57.13,0.83,-1,-1,-1
54,8,1166.46,387.25,21.60,54.94,0.83,-1,-1,-1
54,6,42.83,380.64,28.56,64.04,0.82,-1,-1,-1
55,1,779.84,373.42,35.12,81.66,0.89,-1,-1,-1
55,3,557.00,378.61,27.07,72.25,0.85,-1,-1,-1
55,4,279.88,382.09,23.96,56.60,0.80,-1,-1,-1
55,8,1167.72,387.54,20.47,54.44,0.79,-1,-1,-1
55,6,40.64,381.14,28.54,63.37,0.76,-1,-1,-1
56,1,780.03,373.33,36.35,81.54,0.87,-1,-1,-1
56,3,556.89,380.87,25.25,69.40,0.78,-1,-1,-1
56,4,278.58,382.41,23.35,56.41,0.75,-1,-1,-1
56,8,1168.82,387.36,20.03,54.25,0.81,-1,-1,-1
56,6,38.51,380.95,28.50,63.43,0.82,-1,-1,-1
57,1,779.89,372.98,40.91,80.86,0.87,-1,-1,-1
57,3,557.00,379.46,25.77,71.02,0.81,-1,-1,-1
57,4,277.46,380.60,23.10,58.41,0.79,-1,-1,-1
57,8,1168.55,387.40,21.07,54.14,0.74,-1,-1,-1
57,6,36.80,379.84,28.67,64.62,0.86,-1,-1,-1
58,1,779.46,372.76,39.24,81.24,0.85,-1,-1,-1
58,3,556.90,378.99,27.16,71.34,0.86,-1,-1,-1
58,4,276.24,379.81,23.91,58.87,0.80,-1,-1,-1
58,8,1169.66,387.63,21.45,53.22,0.73,-1,-1,-1
58,6,34.44,379.45,28.69,64.80,0.85,-1,-1,-1
59,1,781.75,372.24,36.11,80.80,0.86,-1,-1,-1
59,3,556.64,378.52,27.09,72.07,0.81,-1,-1,-1
59,4,275.42,379.79,22.44,58.75,0.77,-1,-1,-1
59,8,1170.75,387.46,20.41,53.47,0.75,-1,-1,-1
59,6,32.17,380.47,29.21,63.67,0.82,-1,-1,-1
60,1,782.70,371.96,36.70,80.93,0.86,-1,-1,-1
60,3,556.61,378.71,25.28,71.46,0.79,-1,-1,-1
60,4,274.76,380.47,21.55,57.80,0.77,-1,-1,-1
60,8,1173.04,388.03,20.00,52.97,0.54,-1,-1,-1
60,6,30.56,379.29,29.45,64.74,0.85,-1,-1,-1
61,1,784.05,371.27,34.53,81.56,0.89,-1,-1,-1
61,3,557.37,377.76,26.41,72.70,0.85,-1,-1,-1
61,4,274.14,379.57,22.15,58.91,0.78,-1,-1,-1
61,8,1175.10,386.89,19.85,53.66,0.75,-1,-1,-1
61,6,28.78,378.46,29.88,65.71,0.86,-1,-1,-1
61,9,235.35,384.97,19.80,50.85,0.70,-1,-1,-1
61,5,680.84,384.96,22.49,54.90,0.72,-1,-1,-1
62,1,783.73,371.24,34.29,81.21,0.89,-1,-1,-1
62,3,556.54,378.05,26.80,72.28,0.85,-1,-1,-1
62,4,273.27,379.85,22.96,58.43,0.76,-1,-1,-1
62,8,1176.24,387.01,19.80,53.62,0.76,-1,-1,-1
62,6,26.98,377.54,29.79,66.68,0.87,-1,-1,-1
62,9,234.41,385.03,19.81,50.89,0.63,-1,-1,-1
62,5,681.32,384.67,21.34,54.96,0.77,-1,-1,-1
63,1,784.30,370.88,33.61,82.01,0.89,-1,-1,-1
63,3,555.33,377.67,27.55,72.44,0.86,-1,-1,-1
63,4,272.11,379.75,21.79,58.56,0.74,-1,-1,-1
63,8,1178.07,386.86,19.78,53.33,0.73,-1,-1,-1
63,6,25.03,377.58,29.96,66.17,0.87,-1,-1,-1
63,9,233.02,384.50,19.81,51.26,0.61,-1,-1,-1
63,5,681.56,384.52,20.92,55.30,0.79,-1,-1,-1
64,1,784.49,370.24,33.36,82.90,0.88,-1,-1,-1
64,3,554.86,377.77,27.84,71.90,0.85,-1,-1,-1
64,4,270.96,378.94,22.25,59.50,0.74,-1,-1,-1
64,8,1179.31,387.32,19.79,52.02,0.71,-1,-1,-1
64,6,22.34,377.44,30.43,66.26,0.84,-1,-1,-1
64,9,232.45,384.38,19.11,51.36,0.57,-1,-1,-1
64,5,681.64,384.72,20.77,55.42,0.78,-1,-1,-1
65,1,783.94,371.11,33.86,82.88,0.88,-1,-1,-1
65,3,555.14,378.75,26.74,71.66,0.84,-1,-1,-1
65,4,270.13,378.51,22.40,60.40,0.77,-1,-1,-1
65,8,1180.09,387.43,20.97,53.00,0.76,-1,-1,-1
65,6,17.77,378.42,33.55,65.95,0.85,-1,-1,-1
65,9,231.62,383.44,19.57,51.69,0.48,-1,-1,-1
65,5,681.74,385.13,20.70,55.42,0.82,-1,-1,-1
66,1,784.40,372.11,34.04,82.58,0.87,-1,-1,-1
66,3,554.71,380.82,26.31,70.37,0.85,-1,-1,-1
66,4,269.14,378.54,22.75,60.44,0.78,-1,-1,-1
66,8,1181.62,388.14,20.24,53.37,0.75,-1,-1,-1
66,6,14.34,378.68,35.63,66.13,0.86,-1,-1,-1
66,9,230.93,384.34,19.72,51.47,0.68,-1,-1,-1
66,5,681.84,385.50,20.67,55.42,0.78,-1,-1,-1
67,1,785.08,372.67,36.53,82.46,0.88,-1,-1,-1
67,3,553.85,381.23,26.76,70.80,0.84,-1,-1,-1
67,4,268.22,379.13,22.60,60.15,0.80,-1,-1,-1
67,8,1183.31,388.98,19.95,52.91,0.71,-1,-1,-1
67,6,13.69,378.95,34.89,66.79,0.87,-1,-1,-1
67,9,230.14,385.46,19.46,50.74,0.70,-1,-1,-1
67,5,681.79,385.55,19.47,55.42,0.72,-1,-1,-1
68,1,785.32,373.12,35.68,82.10,0.88,-1,-1,-1
68,3,553.59,381.74,26.92,70.05,0.83,-1,-1,-1
68,4,267.73,380.60,21.93,58.83,0.82,-1,-1,-1
68,8,1184.40,389.26,19.83,52.42,0.79,-1,-1,-1
68,6,12.74,379.37,34.90,66.43,0.87,-1,-1,-1
68,9,229.23,385.92,19.68,50.47,0.66,-1,-1,-1
68,5,680.86,385.64,19.63,54.80,0.26,-1,-1,-1
69,1,784.17,373.42,38.94,81.99,0.86,-1,-1,-1
69,3,551.87,380.56,29.38,71.00,0.86,-1,-1,-1
69,4,267.15,381.76,21.09,57.74,0.78,-1,-1,-1
69,8,1185.51,388.87,19.81,53.17,0.78,-1,-1,-1
69,6,11.57,379.70,32.79,66.31,0.84,-1,-1,-1
69,9,228.19,385.62,19.77,50.71,0.68,-1,-1,-1
69,5,681.06,386.11,18.49,52.78,0.20,-1,-1,-1
70,1,784.79,374.09,36.08,81.35,0.88,-1,-1,-1
70,3,552.02,379.61,27.97,71.95,0.83,-1,-1,-1
70,4,266.36,382.41,20.77,57.03,0.79,-1,-1,-1
70,8,1186.31,387.99,19.79,54.93,0.80,-1,-1,-1
70,6,9.42,379.57,32.88,66.85,0.83,-1,-1,-1
70,9,227.39,385.43,19.79,50.80,0.75,-1,-1,-1
70,5,681.07,385.95,18.06,54.15,0.30,-1,-1,-1
71,1,785.06,374.34,36.68,81.41,0.89,-1,-1,-1
71,3,550.65,379.55,28.57,71.72,0.85,-1,-1,-1
71,4,265.35,382.51,20.97,57.07,0.79,-1,-1,-1
71,8,1187.18,387.33,19.78,56.18,0.83,-1,-1,-1
71,6,8.17,378.94,32.78,67.64,0.83,-1,-1,-1
71,9,226.46,385.08,19.88,51.44,0.76,-1,-1,-1
71,5,681.09,386.18,17.31,50.47,0.23,-1,-1,-1
72,1,785.74,374.70,35.10,81.09,0.89,-1,-1,-1
72,3,549.67,380.41,28.78,70.99,0.82,-1,-1,-1
72,4,264.66,382.08,21.04,57.66,0.74,-1,-1,-1
72,8,1187.25,387.35,20.97,56.02,0.81,-1,-1,-1
72,6,6.57,379.00,32.62,67.90,0.83,-1,-1,-1
72,9,225.38,384.79,20.66,51.65,0.65,-1,-1,-1
73,1,786.65,374.77,33.88,80.97,0.90,-1,-1,-1
73,3,549.67,379.50,28.85,72.51,0.83,-1,-1,-1
73,4,263.89,382.05,21.37,57.58,0.76,-1,-1,-1
73,8,1188.46,387.25,20.25,55.36,0.72,-1,-1,-1
73,6,5.42,378.89,32.32,67.99,0.76,-1,-1,-1
73,9,224.61,384.68,20.50,52.03,0.64,-1,-1,-1
74,1,787.00,374.10,34.65,81.55,0.89,-1,-1,-1
74,3,549.03,379.48,29.47,72.21,0.84,-1,-1,-1
74,4,262.43,382.04,21.80,57.57,0.77,-1,-1,-1
74,8,1189.66,387.18,21.15,55.12,0.71,-1,-1,-1
74,6,3.54,378.07,31.72,68.63,0.85,-1,-1,-1
74,9,223.58,384.63,20.59,51.88,0.54,-1,-1,-1
75,1,787.42,373.71,34.31,81.46,0.89,-1,-1,-1
75,3,549.19,379.14,29.08,72.68,0.78,-1,-1,-1
75,4,261.34,381.32,22.24,58.16,0.81,-1,-1,-1
75,8,1191.72,386.65,20.29,55.01,0.74,-1,-1,-1
75,6,1.38,377.16,32.63,69.45,0.83,-1,-1,-1
75,9,222.29,384.81,20.97,51.51,0.65,-1,-1,-1
76,1,788.19,373.66,33.60,81.41,0.90,-1,-1,-1
76,3,548.41,378.90,27.75,72.84,0.83,-1,-1,-1
76,4,260.26,382.07,22.42,57.18,0.79,-1,-1,-1
76,8,1193.08,386.14,19.96,54.66,0.76,-1,-1,-1
76,6,-0.48,377.02,32.90,69.44,0.84,-1,-1,-1
76,9,221.59,385.17,20.83,51.36,0.61,-1,-1,-1
77,1,788.79,373.32,32.74,81.10,0.89,-1,-1,-1
77,3,546.65,378.96,27.24,72.89,0.73,-1,-1,-1
77,4,259.33,382.36,22.50,56.80,0.79,-1,-1,-1
77,8,1194.17,385.61,21.05,55.11,0.73,-1,-1,-1
77,6,-1.41,376.41,31.81,70.31,0.77,-1,-1,-1
77,9,220.65,385.31,20.48,51.30,0.60,-1,-1,-1
78,1,789.67,373.23,32.44,81.00,0.89,-1,-1,-1
78,3,546.03,378.56,26.46,73.52,0.79,-1,-1,-1
78,4,258.19,382.49,23.12,56.68,0.81,-1,-1,-1
78,8,1195.90,386.05,20.28,53.22,0.50,-1,-1,-1
78,6,-2.81,377.98,31.21,69.17,0.70,-1,-1,-1
78,9,219.94,385.55,20.20,51.00,0.57,-1,-1,-1
79,1,789.29,372.46,32.94,81.27,0.89,-1,-1,-1
79,3,545.73,378.11,26.17,73.76,0.80,-1,-1,-1
79,4,257.23,382.21,22.76,57.25,0.79,-1,-1,-1
79,8,1197.65,384.16,22.37,57.02,0.80,-1,-1,-1
79,6,-4.04,380.79,30.17,66.03,0.70,-1,-1,-1
79,9,218.02,385.01,20.76,51.48,0.66,-1,-1,-1
80,1,789.80,372.16,32.53,81.34,0.89,-1,-1,-1
80,3,546.39,377.81,26.07,73.82,0.79,-1,-1,-1
80,4,256.57,382.15,22.91,57.44,0.78,-1,-1,-1
80,8,1198.77,383.56,24.26,58.36,0.77,-1,-1,-1
80,6,-2.63,388.61,26.29,58.13,0.37,-1,-1,-1
80,9,217.77,384.99,20.52,51.35,0.66,-1,-1,-1
81,1,789.65,371.57,33.00,82.00,0.89,-1,-1,-1
81,3,546.24,377.83,26.65,73.26,0.81,-1,-1,-1
81,4,255.39,382.71,23.27,56.94,0.80,-1,-1,-1
81,8,1200.45,382.71,23.88,58.90,0.74,-1,-1,-1
81,6,-7.57,379.65,26.19,65.97,0.18,-1,-1,-1
81,9,215.60,385.29,21.56,51.01,0.54,-1,-1,-1
82,1,788.96,371.82,32.55,81.94,0.89,-1,-1,-1
82,3,545.93,378.26,25.66,73.34,0.81,-1,-1,-1
82,4,254.75,382.52,22.50,57.64,0.78,-1,-1,-1
82,8,1202.14,383.83,24.85,59.08,0.49,-1,-1,-1
82,9,215.92,385.44,20.46,51.49,0.56,-1,-1,-1
82,5,678.18,385.29,21.50,56.13,0.64,-1,-1,-1
83,1,789.01,372.22,32.39,81.61,0.89,-1,-1,-1
83,3,545.85,378.88,25.28,73.06,0.83,-1,-1,-1
83,4,253.99,382.47,22.20,57.90,0.80,-1,-1,-1
83,8,1203.33,385.75,25.22,57.65,0.78,-1,-1,-1
83,9,215.24,385.07,20.77,52.25,0.64,-1,-1,-1
83,5,678.44,386.01,21.69,56.06,0.81,-1,-1,-1
84,1,789.32,372.47,32.34,81.49,0.89,-1,-1,-1
84,3,545.52,378.77,25.76,73.55,0.84,-1,-1,-1
84,4,253.39,382.70,21.79,57.71,0.81,-1,-1,-1
84,8,1204.37,387.18,25.35,55.60,0.58,-1,-1,-1
84,9,214.09,385.04,21.19,52.54,0.68,-1,-1,-1
84,5,678.26,386.23,21.75,56.34,0.82,-1,-1,-1
84,6,-7.21,392.44,24.56,55.57,0.66,-1,-1,-1
85,1,789.44,372.65,32.93,81.44,0.89,-1,-1,-1
85,3,544.55,378.38,27.14,74.02,0.82,-1,-1,-1
85,4,252.67,382.89,21.64,57.33,0.82,-1,-1,-1
85,8,1205.86,387.17,26.55,55.71,0.40,-1,-1,-1
85,9,213.75,384.98,21.04,52.65,0.65,-1,-1,-1
85,5,677.93,386.09,22.34,56.42,0.82,-1,-1,-1
85,6,-7.82,393.06,24.36,55.14,0.52,-1,-1,-1
86,1,789.36,372.52,33.15,81.40,0.89,-1,-1,-1
86,3,545.01,378.32,26.47,73.59,0.82,-1,-1,-1
86,4,251.68,382.75,21.88,57.47,0.81,-1,-1,-1
86,8,1207.32,387.43,27.00,56.04,0.37,-1,-1,-1
86,9,213.37,384.90,20.68,52.97,0.69,-1,-1,-1
86,5,677.71,385.84,21.98,56.42,0.83,-1,-1,-1
86,6,-9.28,393.06,24.13,54.67,0.43,-1,-1,-1
87,1,789.71,372.65,32.65,81.41,0.89,-1,-1,-1
87,3,544.94,378.05,26.22,74.03,0.83,-1,-1,-1
87,4,251.15,382.60,21.69,57.54,0.80,-1,-1,-1
87,8,1208.64,387.37,27.16,57.07,0.53,-1,-1,-1
87,9,212.91,384.93,20.70,53.09,0.67,-1,-1,-1
87,5,677.99,385.49,21.83,56.71,0.83,-1,-1,-1
87,6,-10.50,393.86,23.20,53.93,0.28,-1,-1,-1
88,1,789.20,372.54,33.05,81.70,0.89,-1,-1,-1
88,3,545.22,378.07,25.52,73.90,0.84,-1,-1,-1
88,4,249.50,382.49,22.81,57.86,0.83,-1,-1,-1
88,8,1210.77,387.36,26.03,56.86,0.81,-1,-1,-1
88,9,212.41,384.30,20.78,53.73,0.71,-1,-1,-1
88,5,677.49,385.78,22.34,56.51,0.83,-1,-1,-1
88,6,-11.92,394.34,23.07,52.78,0.11,-1,-1,-1
89,1,789.18,372.61,33.21,81.54,0.89,-1,-1,-1
89,3,544.83,377.87,26.47,73.27,0.83,-1,-1,-1
89,4,248.02,382.38,22.63,57.70,0.84,-1,-1,-1
89,8,1212.15,386.90,25.58,57.39,0.76,-1,-1,-1
89,9,210.08,384.14,21.92,53.68,0.75,-1,-1,-1
89,5,676.84,385.71,22.54,56.44,0.83,-1,-1,-1
90,1,789.60,371.40,33.27,82.36,0.89,-1,-1,-1
90,3,545.18,377.51,25.64,73.01,0.81,-1,-1,-1
90,4,246.71,382.24,22.87,57.33,0.79,-1,-1,-1
90,8,1215.05,387.64,24.21,56.09,0.66,-1,-1,-1
90,9,209.56,384.14,21.55,52.75,0.55,-1,-1,-1
90,5,676.77,385.95,22.02,55.80,0.83,-1,-1,-1
91,1,790.94,370.51,32.70,82.66,0.88,-1,-1,-1
91,3,544.72,376.77,25.92,73.81,0.79,-1,-1,-1
91,4,245.37,381.12,23.24,57.48,0.40,-1,-1,-1
91,8,1217.89,384.51,22.46,58.89,0.72,-1,-1,-1
91,9,208.81,384.27,21.47,52.09,0.38,-1,-1,-1
91,5,676.45,385.90,21.80,55.54,0.83,-1,-1,-1
92,1,791.77,369.87,32.48,83.39,0.88,-1,-1,-1
92,3,544.83,376.62,26.62,74.12,0.84,-1,-1,-1
92,4,243.77,380.50,23.09,55.47,0.13,-1,-1,-1
92,8,1219.58,383.82,21.81,60.21,0.76,-1,-1,-1
92,9,207.94,383.97,21.58,52.46,0.34,-1,-1,-1
92,5,675.74,386.01,22.31,55.45,0.84,-1,-1,-1
93,1,792.06,369.50,32.40,83.94,0.88,-1,-1,-1
93,3,544.61,376.44,26.29,74.23,0.82,-1,-1,-1
93,4,243.41,380.75,21.84,52.28,0.11,-1,-1,-1
93,8,1221.29,384.00,22.82,60.41,0.76,-1,-1,-1
93,9,206.75,384.03,22.36,52.58,0.16,-1,-1,-1
93,5,675.49,386.07,22.50,55.41,0.85,-1,-1,-1
94,1,791.89,369.11,32.38,84.17,0.89,-1,-1,-1
94,3,544.21,376.40,26.76,74.58,0.82,-1,-1,-1
94,8,1223.19,383.26,23.18,61.08,0.73,-1,-1,-1
94,9,206.15,383.92,22.51,52.35,0.11,-1,-1,-1
94,5,675.42,385.68,22.56,55.70,0.86,-1,-1,-1
95,1,791.79,368.80,32.37,84.83,0.89,-1,-1,-1
95,3,544.07,376.69,28.12,74.11,0.81,-1,-1,-1
95,8,1224.97,383.39,23.32,61.01,0.66,-1,-1,-1
95,5,674.80,385.52,22.58,56.10,0.84,-1,-1,-1
96,1,792.09,368.58,32.97,85.39,0.90,-1,-1,-1
96,3,544.01,378.60,29.22,72.15,0.79,-1,-1,-1
96,8,1226.91,382.78,20.99,58.33,0.36,-1,-1,-1
96,5,674.59,385.33,22.58,56.56,0.84,-1,-1,-1
97,1,791.79,368.57,33.77,85.58,0.90,-1,-1,-1
97,3,543.03,378.75,28.46,72.31,0.78,-1,-1,-1
97,8,1227.97,382.69,20.07,57.87,0.33,-1,-1,-1
97,5,674.12,385.01,22.57,57.02,0.84,-1,-1,-1
98,1,791.32,368.99,34.08,85.67,0.89,-1,-1,-1
98,3,541.66,379.95,28.15,72.09,0.81,-1,-1,-1
98,8,1228.93,383.25,19.77,53.82,0.32,-1,-1,-1
98,5,673.29,385.15,23.15,57.79,0.86,-1,-1,-1
99,1,791.19,369.63,34.19,85.33,0.90,-1,-1,-1
99,3,541.37,380.78,26.83,71.97,0.81,-1,-1,-1
99,8,1229.63,384.32,18.45,49.47,0.14,-1,-1,-1
99,5,673.11,385.41,23.37,58.33,0.86,-1,-1,-1
100,1,791.18,369.85,34.25,85.55,0.90,-1,-1,-1
100,3,540.25,380.59,29.37,73.16,0.77,-1,-1,-1
100,5,672.44,385.62,22.87,57.98,0.83,-1,-1,-1
101,1,791.10,370.02,34.86,86.20,0.90,-1,-1,-1
101,3,539.22,380.46,33.15,73.60,0.74,-1,-1,-1
101,5,671.83,385.94,23.26,57.52,0.84,-1,-1,-1
102,1,791.11,370.06,35.07,86.11,0.90,-1,-1,-1
102,3,538.99,380.54,34.61,73.73,0.75,-1,-1,-1
102,5,671.72,385.89,23.40,57.91,0.85,-1,-1,-1
103,1,791.11,370.47,35.16,86.11,0.91,-1,-1,-1
103,3,539.06,380.92,36.34,74.13,0.75,-1,-1,-1
103,5,671.32,385.96,23.45,58.39,0.84,-1,-1,-1
104,1,791.13,370.64,35.77,87.23,0.91,-1,-1,-1
104,3,538.44,381.42,31.86,73.62,0.79,-1,-1,-1
104,5,671.29,385.86,23.46,59.11,0.85,-1,-1,-1
105,1,791.09,370.66,35.99,87.94,0.91,-1,-1,-1
105,3,537.57,381.25,30.51,74.03,0.81,-1,-1,-1
105,5,670.96,385.64,23.46,59.67,0.84,-1,-1,-1
106,1,790.74,371.24,36.08,87.04,0.90,-1,-1,-1
106,3,536.55,381.61,28.83,73.31,0.83,-1,-1,-1
106,5,671.06,385.53,22.86,59.89,0.84,-1,-1,-1
107,1,790.64,371.43,36.69,86.36,0.90,-1,-1,-1
107,3,536.00,381.25,28.81,73.31,0.82,-1,-1,-1
107,5,670.89,385.16,22.63,60.24,0.84,-1,-1,-1
108,1,791.19,371.55,36.34,85.78,0.90,-1,-1,-1
108,3,535.54,380.18,28.21,74.19,0.81,-1,-1,-1
108,5,669.95,385.39,23.75,59.76,0.85,-1,-1,-1
109,1,791.39,371.59,36.18,85.88,0.90,-1,-1,-1
109,3,533.82,379.71,29.18,74.54,0.79,-1,-1,-1
109,5,669.57,385.46,23.57,59.58,0.85,-1,-1,-1
110,1,791.51,371.64,36.11,85.32,0.90,-1,-1,-1
110,3,532.37,379.12,30.73,75.26,0.79,-1,-1,-1
110,5,669.49,385.67,23.49,59.51,0.85,-1,-1,-1
111,1,791.54,371.51,36.67,86.00,0.90,-1,-1,-1
111,3,532.72,378.90,29.55,75.53,0.79,-1,-1,-1
111,5,669.47,385.60,23.45,59.47,0.85,-1,-1,-1
112,1,791.57,371.06,36.89,87.19,0.90,-1,-1,-1
112,3,532.81,379.31,27.88,75.66,0.81,-1,-1,-1
112,5,669.44,386.23,23.44,58.88,0.85,-1,-1,-1
113,1,791.88,371.00,36.96,87.30,0.90,-1,-1,-1
113,3,532.99,379.44,27.24,75.96,0.82,-1,-1,-1
113,5,669.49,386.42,23.43,58.63,0.85,-1,-1,-1
114,1,791.97,371.28,36.98,87.04,0.90,-1,-1,-1
114,3,533.04,380.10,27.02,75.48,0.84,-1,-1,-1
114,5,669.20,386.51,24.02,59.13,0.85,-1,-1,-1
115,1,792.01,371.25,36.97,87.23,0.90,-1,-1,-1
115,3,532.80,380.05,27.54,75.88,0.83,-1,-1,-1
115,5,669.40,386.69,24.24,59.61,0.85,-1,-1,-1
116,1,792.01,371.10,37.55,87.59,0.89,-1,-1,-1
116,3,532.42,380.33,28.33,76.02,0.82,-1,-1,-1
116,5,669.48,386.61,24.31,60.09,0.84,-1,-1,-1
117,1,792.36,371.30,37.78,87.13,0.90,-1,-1,-1
117,3,532.34,380.41,28.64,76.37,0.82,-1,-1,-1
117,5,669.87,386.26,24.34,60.86,0.85,-1,-1,-1
118,1,792.49,371.07,38.44,87.56,0.90,-1,-1,-1
118,3,532.30,380.87,28.76,75.91,0.82,-1,-1,-1
118,5,670.30,385.96,24.35,61.15,0.85,-1,-1,-1
119,1,792.79,371.02,38.70,87.43,0.90,-1,-1,-1
119,3,532.51,381.23,28.21,75.74,0.82,-1,-1,-1
119,5,671.01,386.03,23.76,61.26,0.86,-1,-1,-1
120,1,792.93,371.43,38.78,86.77,0.91,-1,-1,-1
120,3,532.68,380.59,28.59,76.55,0.81,-1,-1,-1
120,5,671.63,386.03,23.52,60.99,0.86,-1,-1,-1
121,1,792.96,371.43,38.80,86.51,0.91,-1,-1,-1
121,3,532.45,380.49,28.74,76.85,0.81,-1,-1,-1
121,5,672.14,385.89,23.44,61.47,0.86,-1,-1,-1
122,1,793.27,371.29,38.80,86.41,0.91,-1,-1,-1
122,3,532.67,380.01,28.19,77.26,0.79,-1,-1,-1
122,5,672.93,385.68,22.80,61.35,0.85,-1,-1,-1
123,1,793.38,371.22,38.79,86.38,0.91,-1,-1,-1
123,3,532.44,379.81,27.99,77.41,0.78,-1,-1,-1
123,5,673.51,385.45,22.57,61.59,0.86,-1,-1,-1
124,1,793.45,370.76,38.80,86.72,0.91,-1,-1,-1
124,3,531.95,379.17,28.52,77.80,0.77,-1,-1,-1
124,5,673.68,385.39,23.10,61.72,0.86,-1,-1,-1
125,1,793.44,370.54,39.36,87.38,0.90,-1,-1,-1
125,3,531.95,377.97,29.29,78.48,0.78,-1,-1,-1
125,5,674.40,385.15,23.28,61.71,0.84,-1,-1,-1
126,1,793.80,370.36,39.59,88.24,0.90,-1,-1,-1
126,3,531.94,377.60,29.60,78.74,0.78,-1,-1,-1
126,5,674.69,385.28,23.36,61.72,0.86,-1,-1,-1
127,1,794.16,370.32,39.66,88.55,0.90,-1,-1,-1
127,3,531.92,377.32,30.29,78.82,0.77,-1,-1,-1
127,5,675.04,385.34,23.38,61.71,0.86,-1,-1,-1
127,10,208.46,378.90,22.39,63.00,0.72,-1,-1,-1
128,1,795.21,370.04,38.49,88.38,0.91,-1,-1,-1
128,3,532.52,376.96,30.55,79.15,0.80,-1,-1,-1
128,5,675.77,385.55,23.39,61.70,0.86,-1,-1,-1
128,10,207.43,379.63,21.94,62.29,0.80,-1,-1,-1
128,11,227.81,388.35,21.04,49.50,0.71,-1,-1,-1
129,1,795.92,369.91,38.04,88.31,0.91,-1,-1,-1
129,3,533.03,376.81,30.65,79.57,0.81,-1,-1,-1
129,5,676.04,385.76,23.40,61.71,0.86,-1,-1,-1
129,10,206.32,379.07,22.03,63.21,0.79,-1,-1,-1
129,11,227.83,388.00,20.05,49.87,0.70,-1,-1,-1
129,12,175.72,384.30,22.05,54.45,0.76,-1,-1,-1
130,1,796.26,369.85,38.49,88.60,0.91,-1,-1,-1
130,3,532.67,376.61,31.28,79.73,0.83,-1,-1,-1
130,5,676.79,385.97,23.41,61.71,0.85,-1,-1,-1
130,10,204.49,378.37,22.59,63.86,0.82,-1,-1,-1
130,11,227.65,388.46,19.51,49.26,0.75,-1,-1,-1
130,12,173.56,384.67,24.76,53.75,0.77,-1,-1,-1
131,1,796.53,370.16,38.04,88.37,0.92,-1,-1,-1
131,3,532.78,376.73,31.50,79.76,0.83,-1,-1,-1
131,5,677.55,386.09,22.81,62.29,0.85,-1,-1,-1
131,10,203.92,378.35,22.42,63.35,0.82,-1,-1,-1
131,11,227.13,388.62,19.69,49.03,0.76,-1,-1,-1
131,12,172.18,384.42,26.09,54.30,0.82,-1,-1,-1
132,1,796.92,370.51,37.86,88.88,0.91,-1,-1,-1
132,3,532.23,377.27,33.34,79.76,0.81,-1,-1,-1
132,5,677.51,386.19,23.18,63.10,0.86,-1,-1,-1
132,10,202.64,378.20,23.16,64.46,0.84,-1,-1,-1
132,11,226.55,388.83,20.68,49.32,0.74,-1,-1,-1
132,12,172.27,384.49,25.91,54.48,0.75,-1,-1,-1
133,1,796.77,370.73,37.81,88.77,0.92,-1,-1,-1
133,3,532.90,377.44,33.46,80.35,0.82,-1,-1,-1
133,5,677.79,385.88,23.32,63.99,0.85,-1,-1,-1
133,10,201.08,379.42,23.72,64.19,0.83,-1,-1,-1
133,11,226.46,389.21,20.13,49.10,0.77,-1,-1,-1
133,12,172.21,384.86,25.64,54.86,0.76,-1,-1,-1
134,1,796.37,370.79,38.39,89.33,0.91,-1,-1,-1
134,3,532.81,377.94,32.90,80.27,0.84,-1,-1,-1
134,5,678.15,386.04,23.38,63.74,0.85,-1,-1,-1
134,10,199.01,379.85,24.22,64.40,0.85,-1,-1,-1
134,11,225.26,389.15,21.20,49.35,0.76,-1,-1,-1
134,12,171.73,385.13,24.24,54.97,0.79,-1,-1,-1
135,1,795.91,371.09,39.20,89.52,0.91,-1,-1,-1
135,3,532.81,378.27,32.67,80.23,0.84,-1,-1,-1
135,5,677.97,385.79,23.99,64.21,0.84,-1,-1,-1
135,10,197.45,380.16,24.40,63.83,0.86,-1,-1,-1
135,11,224.23,389.28,21.79,49.13,0.78,-1,-1,-1
135,12,171.17,385.22,23.74,54.68,0.82,-1,-1,-1
136,1,795.71,371.21,39.50,89.00,0.91,-1,-1,-1
136,3,533.06,378.39,32.57,80.50,0.83,-1,-1,-1
136,5,677.86,385.54,24.81,64.69,0.84,-1,-1,-1
136,10,195.73,380.71,25.19,63.31,0.87,-1,-1,-1
136,11,223.13,389.29,22.68,49.36,0.69,-1,-1,-1
136,12,169.92,385.22,24.37,54.87,0.83,-1,-1,-1
137,1,795.96,370.95,39.61,88.80,0.91,-1,-1,-1
137,3,533.21,378.58,32.52,80.60,0.83,-1,-1,-1
137,5,678.16,385.45,25.70,64.85,0.83,-1,-1,-1
137,10,194.03,381.07,25.78,62.81,0.88,-1,-1,-1
137,11,223.40,389.76,22.41,49.14,0.68,-1,-1,-1
137,12,169.26,385.39,24.45,54.63,0.82,-1,-1,-1
138,1,796.04,370.98,38.47,88.71,0.88,-1,-1,-1
138,3,532.96,378.65,32.50,80.62,0.83,-1,-1,-1
138,5,678.54,385.55,25.46,64.60,0.84,-1,-1,-1
138,10,191.74,380.89,27.17,63.22,0.89,-1,-1,-1
138,11,222.96,389.48,21.98,49.36,0.69,-1,-1,-1
138,12,168.75,385.14,24.63,54.53,0.82,-1,-1,-1
139,1,796.66,370.82,37.43,88.38,0.88,-1,-1,-1
139,3,532.25,378.50,33.08,80.33,0.83,-1,-1,-1
139,5,678.66,385.41,25.95,64.80,0.84,-1,-1,-1
139,10,189.76,380.36,28.42,63.68,0.89,-1,-1,-1
139,11,222.39,389.20,21.43,49.45,0.75,-1,-1,-1
139,12,168.15,384.43,25.31,55.40,0.82,-1,-1,-1
140,1,796.89,370.62,38.84,89.16,0.89,-1,-1,-1
140,3,531.96,378.13,32.70,80.82,0.81,-1,-1,-1
140,5,679.27,384.92,25.54,65.47,0.87,-1,-1,-1
140,10,188.62,379.65,28.16,64.46,0.89,-1,-1,-1
140,11,221.85,388.59,21.51,50.09,0.76,-1,-1,-1
140,12,167.45,383.36,25.41,56.33,0.83,-1,-1,-1
141,1,796.97,370.24,39.36,89.74,0.91,-1,-1,-1
141,3,531.88,377.85,32.55,80.99,0.80,-1,-1,-1
141,5,679.51,384.73,25.37,65.71,0.87,-1,-1,-1
141,10,187.88,379.70,27.88,64.44,0.88,-1,-1,-1
141,11,221.06,388.68,21.31,49.72,0.73,-1,-1,-1
141,12,166.84,382.84,25.59,56.67,0.81,-1,-1,-1
142,1,796.97,370.14,38.98,89.67,0.90,-1,-1,-1
142,3,531.20,377.66,32.50,81.06,0.81,-1,-1,-1
142,5,679.86,384.87,25.31,65.50,0.87,-1,-1,-1
142,10,187.41,380.12,27.32,64.14,0.88,-1,-1,-1
142,11,220.39,388.37,20.64,50.19,0.73,-1,-1,-1
142,12,165.71,382.90,26.27,56.79,0.84,-1,-1,-1
143,1,797.60,369.66,38.22,90.53,0.90,-1,-1,-1
143,3,531.29,377.41,32.46,81.08,0.81,-1,-1,-1
143,5,680.60,384.61,24.68,65.71,0.87,-1,-1,-1
143,10,186.82,380.06,26.04,64.02,0.88,-1,-1,-1
143,11,220.30,388.63,20.15,49.76,0.75,-1,-1,-1
143,12,165.34,382.41,25.77,57.42,0.83,-1,-1,-1
144,1,798.42,368.71,37.93,91.14,0.92,-1,-1,-1
144,3,531.35,376.70,32.45,81.67,0.82,-1,-1,-1
144,5,681.18,384.34,24.44,65.77,0.85,-1,-1,-1
144,10,185.66,380.02,26.44,64.26,0.88,-1,-1,-1
144,11,220.48,388.42,19.21,49.89,0.75,-1,-1,-1
144,12,164.32,381.92,26.02,57.94,0.84,-1,-1,-1
145,1,798.72,368.53,37.83,91.37,0.92,-1,-1,-1
145,3,531.35,376.48,32.44,81.89,0.81,-1,-1,-1
145,5,681.37,384.13,24.95,66.09,0.86,-1,-1,-1
145,10,184.70,379.60,26.29,64.65,0.88,-1,-1,-1
145,11,220.15,388.08,19.25,50.24,0.78,-1,-1,-1
145,12,163.61,381.79,25.52,57.83,0.85,-1,-1,-1
146,1,798.77,368.49,37.19,91.45,0.92,-1,-1,-1
146,3,530.71,376.26,33.03,82.26,0.82,-1,-1,-1
146,5,681.68,384.37,24.54,65.91,0.86,-1,-1,-1
146,10,183.15,379.14,26.37,65.09,0.89,-1,-1,-1
146,11,218.87,387.95,19.65,50.37,0.73,-1,-1,-1
146,12,162.44,381.89,25.32,57.48,0.85,-1,-1,-1
147,1,798.80,368.02,37.56,92.06,0.91,-1,-1,-1
147,3,529.90,376.47,32.66,82.40,0.80,-1,-1,-1
147,5,682.10,384.60,23.79,61.07,0.83,-1,-1,-1
147,10,181.21,379.12,27.14,65.55,0.88,-1,-1,-1
147,11,217.59,388.06,19.87,50.12,0.79,-1,-1,-1
147,12,161.20,381.79,24.95,57.93,0.83,-1,-1,-1
148,1,799.45,367.87,37.70,92.72,0.90,-1,-1,-1
148,3,529.37,377.31,31.32,81.84,0.83,-1,-1,-1
148,5,682.60,385.01,22.90,57.97,0.82,-1,-1,-1
148,10,179.52,379.28,28.60,66.31,0.88,-1,-1,-1
148,11,216.71,387.67,20.04,50.92,0.75,-1,-1,-1
148,12,160.96,381.93,24.05,58.09,0.82,-1,-1,-1
149,1,800.56,368.28,37.74,92.51,0.90,-1,-1,-1
149,3,528.88,377.94,30.80,81.62,0.83,-1,-1,-1
149,5,683.37,385.17,21.96,55.64,0.82,-1,-1,-1
149,10,178.56,379.18,28.13,66.59,0.88,-1,-1,-1
149,11,215.60,387.96,20.47,50.91,0.79,-1,-1,-1
149,12,160.16,382.27,24.02,57.84,0.83,-1,-1,-1
