0,1,105.52,271.80,187.42,439.20,0.95,-1,-1,-1
0,2,1076.40,374.85,97.20,183.60,0.94,-1,-1,-1
0,3,1197.90,399.37,86.40,200.93,0.93,-1,-1,-1
0,4,1005.30,383.40,45.00,121.95,0.93,-1,-1,-1
0,5,469.35,380.92,37.80,94.27,0.91,-1,-1,-1
0,6,1166.40,375.30,70.20,209.70,0.87,-1,-1,-1
0,7,-39.94,341.77,173.02,354.82,0.87,-1,-1,-1
0,8,691.65,394.42,23.40,55.35,0.85,-1,-1,-1
0,9,573.30,392.17,16.20,42.75,0.84,-1,-1,-1
0,10,660.60,391.50,22.50,57.60,0.81,-1,-1,-1
0,11,504.45,391.50,26.10,53.10,0.71,-1,-1,-1
1,1,106.92,273.79,188.59,442.46,0.95,-1,-1,-1
1,2,1083.89,375.07,95.68,186.20,0.95,-1,-1,-1
1,3,1203.87,400.77,83.32,202.35,0.92,-1,-1,-1
1,4,1008.86,383.82,48.14,123.16,0.93,-1,-1,-1
1,5,471.56,380.79,37.82,94.50,0.91,-1,-1,-1
1,6,1173.14,375.32,68.67,212.11,0.88,-1,-1,-1
1,7,-35.66,341.65,172.52,347.71,0.88,-1,-1,-1
1,8,693.54,393.89,25.75,56.15,0.84,-1,-1,-1
1,9,574.76,392.03,16.21,43.15,0.83,-1,-1,-1
1,10,661.31,391.94,22.51,57.23,0.80,-1,-1,-1
1,11,506.67,392.34,25.33,52.34,0.46,-1,-1,-1
2,1,108.36,276.95,189.63,441.65,0.95,-1,-1,-1
2,2,1093.08,375.66,92.60,190.67,0.95,-1,-1,-1
2,3,1222.12,401.57,72.81,203.13,0.86,-1,-1,-1
2,4,1013.10,385.32,52.79,124.43,0.92,-1,-1,-1
2,5,472.76,381.14,38.52,94.54,0.91,-1,-1,-1
2,6,1182.93,375.35,67.00,214.63,0.87,-1,-1,-1
2,7,-35.89,342.17,175.86,348.46,0.88,-1,-1,-1
2,8,696.77,394.87,25.49,55.59,0.87,-1,-1,-1
2,9,575.14,392.04,17.61,42.88,0.79,-1,-1,-1
2,10,663.67,391.34,21.81,57.87,0.83,-1,-1,-1
2,11,509.28,393.92,25.91,51.50,0.37,-1,-1,-1
3,1,109.06,280.24,190.89,441.26,0.95,-1,-1,-1
3,2,1102.47,376.33,90.25,193.55,0.95,-1,-1,-1
3,3,1219.50,401.59,86.07,203.50,0.87,-1,-1,-1
3,4,1016.87,385.07,55.61,126.84,0.93,-1,-1,-1
3,5,473.98,382.04,39.41,94.02,0.92,-1,-1,-1
3,6,1188.98,376.71,67.88,216.04,0.88,-1,-1,-1
3,7,-30.70,345.68,175.07,344.62,0.86,-1,-1,-1
3,8,699.31,395.48,24.65,55.39,0.88,-1,-1,-1
3,9,576.43,391.63,17.40,43.46,0.81,-1,-1,-1
3,10,664.18,391.08,22.98,58.07,0.84,-1,-1,-1
3,11,511.28,392.40,26.09,53.34,0.57,-1,-1,-1
4,1,108.92,283.98,192.08,438.43,0.94,-1,-1,-1
4,2,1111.78,376.82,86.93,193.38,0.95,-1,-1,-1
4,3,1232.92,402.85,77.03,204.22,0.85,-1,-1,-1
4,4,1021.82,385.26,57.78,128.23,0.93,-1,-1,-1
4,5,475.27,382.21,39.70,93.68,0.91,-1,-1,-1
4,6,1195.23,377.43,68.23,217.07,0.89,-1,-1,-1
4,7,-31.99,346.09,174.10,350.95,0.85,-1,-1,-1
4,8,701.63,396.51,24.37,54.33,0.86,-1,-1,-1
4,9,577.44,391.55,17.27,43.98,0.81,-1,-1,-1
4,10,664.93,391.21,23.36,58.12,0.87,-1,-1,-1
4,11,513.44,391.14,25.49,54.91,0.54,-1,-1,-1
5,1,109.50,286.29,191.63,436.19,0.94,-1,-1,-1
5,2,1120.21,377.96,83.29,194.14,0.95,-1,-1,-1
5,3,1242.83,402.81,67.66,206.86,0.81,-1,-1,-1
5,4,1025.19,385.96,59.65,128.64,0.94,-1,-1,-1
5,5,476.19,382.51,40.40,93.90,0.91,-1,-1,-1
5,6,1202.69,378.65,68.32,218.62,0.88,-1,-1,-1
5,7,-31.95,346.03,176.28,353.73,0.86,-1,-1,-1
5,8,703.48,396.64,24.92,54.96,0.87,-1,-1,-1
5,9,578.28,391.79,17.21,43.82,0.82,-1,-1,-1
5,10,664.39,391.55,24.74,58.12,0.86,-1,-1,-1
5,11,515.92,390.49,24.61,55.43,0.63,-1,-1,-1
6,1,110.33,287.87,190.15,434.77,0.94,-1,-1,-1
6,2,1126.38,378.49,82.20,194.77,0.95,-1,-1,-1
6,3,1251.48,401.83,63.38,210.23,0.75,-1,-1,-1
6,4,1029.21,386.18,59.02,129.64,0.93,-1,-1,-1
6,5,477.40,382.87,40.61,94.28,0.91,-1,-1,-1
6,6,1209.30,378.12,67.07,221.58,0.88,-1,-1,-1
6,7,-32.14,346.83,180.27,352.75,0.85,-1,-1,-1
6,8,705.56,396.62,25.11,54.55,0.87,-1,-1,-1
6,9,579.45,392.16,17.17,43.44,0.74,-1,-1,-1
6,10,666.26,391.63,23.99,58.11,0.88,-1,-1,-1
6,11,518.58,390.54,24.31,55.58,0.60,-1,-1,-1
7,1,111.80,287.75,186.92,436.25,0.94,-1,-1,-1
7,2,1131.53,378.54,81.99,196.20,0.94,-1,-1,-1
7,3,1256.00,401.48,67.56,212.22,0.64,-1,-1,-1
7,4,1032.59,386.77,59.90,128.43,0.91,-1,-1,-1
7,5,478.16,383.31,41.31,93.51,0.91,-1,-1,-1
7,6,1216.59,378.07,67.94,222.63,0.88,-1,-1,-1
7,7,-34.50,346.26,186.04,356.74,0.86,-1,-1,-1
7,8,708.81,396.73,24.58,54.42,0.87,-1,-1,-1
7,9,581.16,391.99,15.92,42.98,0.73,-1,-1,-1
7,10,665.19,391.49,25.54,58.42,0.86,-1,-1,-1
7,11,522.64,389.36,21.08,57.45,0.80,-1,-1,-1
8,1,114.17,286.04,181.08,436.18,0.95,-1,-1,-1
8,2,1137.31,377.58,80.75,197.26,0.94,-1,-1,-1
8,3,1263.53,391.26,70.13,215.91,0.15,-1,-1,-1
8,4,1037.24,386.32,57.77,128.53,0.93,-1,-1,-1
8,5,479.89,383.57,41.54,92.75,0.91,-1,-1,-1
8,6,1223.16,376.78,69.48,225.36,0.84,-1,-1,-1
8,7,-32.33,345.68,185.97,357.51,0.84,-1,-1,-1
8,8,711.70,396.56,24.37,54.69,0.88,-1,-1,-1
8,9,582.32,391.58,15.45,43.12,0.75,-1,-1,-1
8,10,662.10,391.40,29.06,58.52,0.87,-1,-1,-1
8,11,526.18,389.05,19.27,52.70,0.75,-1,-1,-1
9,1,117.66,283.94,171.77,433.70,0.94,-1,-1,-1
9,2,1140.50,376.38,82.83,198.71,0.94,-1,-1,-1
9,4,1041.48,385.89,58.00,129.39,0.92,-1,-1,-1
9,5,481.91,383.48,40.97,92.29,0.92,-1,-1,-1
9,6,1229.09,375.78,69.98,226.20,0.85,-1,-1,-1
9,7,-31.77,343.24,184.77,346.65,0.85,-1,-1,-1
9,8,715.51,395.88,22.44,55.07,0.86,-1,-1,-1
9,9,582.86,391.88,15.91,42.55,0.75,-1,-1,-1
9,10,661.86,391.38,29.79,58.52,0.86,-1,-1,-1
9,11,527.41,389.28,20.04,54.20,0.73,-1,-1,-1
10,1,120.91,280.15,161.68,444.06,0.92,-1,-1,-1
10,2,1143.15,374.65,86.15,204.76,0.94,-1,-1,-1
10,4,1046.95,385.09,56.93,131.28,0.92,-1,-1,-1
10,5,483.22,383.67,41.39,91.74,0.91,-1,-1,-1
10,6,1236.43,374.41,70.27,229.00,0.82,-1,-1,-1
10,7,-34.02,342.77,184.08,347.66,0.84,-1,-1,-1
10,8,719.78,395.51,21.13,55.56,0.86,-1,-1,-1
10,9,583.40,391.30,16.09,43.58,0.80,-1,-1,-1
10,10,663.94,392.03,28.92,57.95,0.87,-1,-1,-1
10,11,529.99,389.58,20.30,53.54,0.72,-1,-1,-1
11,1,125.69,277.10,150.40,439.19,0.92,-1,-1,-1
11,2,1144.96,372.73,89.79,211.65,0.95,-1,-1,-1
11,4,1051.12,384.41,56.46,132.22,0.92,-1,-1,-1
11,5,484.31,383.38,40.93,91.82,0.90,-1,-1,-1
11,6,1242.93,373.52,69.15,228.12,0.83,-1,-1,-1
11,7,-34.50,337.76,174.68,349.13,0.87,-1,-1,-1
11,8,723.64,395.31,19.43,55.72,0.86,-1,-1,-1
11,9,583.88,391.03,16.16,44.25,0.77,-1,-1,-1
11,10,663.89,392.52,30.29,57.11,0.88,-1,-1,-1
11,11,532.39,389.21,20.43,52.96,0.75,-1,-1,-1
11,12,369.00,394.20,14.85,32.40,0.72,-1,-1,-1
12,1,127.47,279.26,143.91,423.80,0.93,-1,-1,-1
12,2,1146.41,370.31,94.80,213.21,0.94,-1,-1,-1
12,4,1058.80,383.64,55.10,133.54,0.92,-1,-1,-1
12,5,485.98,382.76,39.57,92.53,0.89,-1,-1,-1
12,6,1248.53,377.89,68.77,221.76,0.76,-1,-1,-1
12,7,-31.47,332.82,162.18,349.21,0.87,-1,-1,-1
12,8,727.06,394.88,19.52,56.43,0.85,-1,-1,-1
12,9,584.82,390.89,16.20,44.53,0.73,-1,-1,-1
12,10,666.42,392.65,29.08,56.84,0.88,-1,-1,-1
12,11,532.71,389.33,23.57,55.83,0.77,-1,-1,-1
12,12,370.04,394.66,14.15,32.06,0.67,-1,-1,-1
13,1,125.38,279.46,143.80,422.02,0.93,-1,-1,-1
13,2,1147.62,369.06,100.12,213.40,0.94,-1,-1,-1
13,4,1063.64,383.28,58.12,135.27,0.93,-1,-1,-1
13,5,487.91,382.35,38.39,92.90,0.90,-1,-1,-1
13,6,1255.34,377.88,62.51,213.33,0.70,-1,-1,-1
13,7,-33.43,332.28,154.72,353.98,0.91,-1,-1,-1
13,8,729.65,394.74,20.16,56.66,0.86,-1,-1,-1
13,9,585.50,390.69,16.20,44.60,0.79,-1,-1,-1
13,10,668.34,392.71,28.51,56.70,0.88,-1,-1,-1
13,11,535.82,389.97,22.93,55.94,0.75,-1,-1,-1
13,12,371.62,394.40,14.00,32.34,0.71,-1,-1,-1
14,1,118.64,280.03,149.76,423.47,0.92,-1,-1,-1
14,2,1149.84,369.24,104.51,219.71,0.94,-1,-1,-1
14,4,1067.20,382.74,62.76,136.40,0.92,-1,-1,-1
14,5,489.33,381.73,37.97,93.84,0.91,-1,-1,-1
14,7,-30.04,332.05,144.58,351.16,0.91,-1,-1,-1
14,8,731.05,394.84,20.41,57.66,0.85,-1,-1,-1
14,9,586.51,391.07,16.20,44.05,0.73,-1,-1,-1
14,10,668.97,392.57,28.87,56.99,0.88,-1,-1,-1
14,11,537.41,390.37,23.86,56.29,0.78,-1,-1,-1
14,12,372.38,394.61,15.02,32.43,0.69,-1,-1,-1
15,1,112.93,280.59,156.53,427.12,0.92,-1,-1,-1
15,2,1154.18,369.88,108.50,218.38,0.94,-1,-1,-1
15,4,1072.07,382.94,66.83,137.10,0.92,-1,-1,-1
15,5,490.50,381.87,38.42,94.20,0.91,-1,-1,-1
15,7,-26.51,332.35,136.78,351.29,0.91,-1,-1,-1
15,8,733.06,395.12,21.12,57.15,0.85,-1,-1,-1
15,9,586.07,391.89,17.40,44.13,0.67,-1,-1,-1
15,10,669.89,392.60,29.00,57.70,0.89,-1,-1,-1
15,11,540.69,391.34,23.02,54.93,0.65,-1,-1,-1
15,12,373.47,395.06,14.68,32.11,0.72,-1,-1,-1
16,1,111.67,282.63,160.81,428.89,0.94,-1,-1,-1
16,2,1157.71,368.52,111.11,222.50,0.93,-1,-1,-1
16,4,1074.12,382.71,70.66,139.03,0.91,-1,-1,-1
16,5,491.21,382.05,38.57,94.13,0.91,-1,-1,-1
16,7,-26.01,334.45,133.23,353.99,0.89,-1,-1,-1
16,8,735.11,395.95,21.98,56.61,0.86,-1,-1,-1
16,9,587.90,391.28,16.09,44.73,0.66,-1,-1,-1
16,10,670.74,392.29,28.42,58.24,0.90,-1,-1,-1
16,11,543.06,391.84,22.07,54.96,0.60,-1,-1,-1
16,12,374.49,395.17,14.84,32.64,0.70,-1,-1,-1
17,1,112.47,284.32,164.10,434.95,0.93,-1,-1,-1
17,2,1161.84,367.17,113.26,226.76,0.91,-1,-1,-1
17,4,1077.08,382.67,74.44,141.64,0.93,-1,-1,-1
17,5,492.03,382.24,38.64,93.35,0.91,-1,-1,-1
17,7,-29.45,336.79,136.66,352.31,0.88,-1,-1,-1
17,8,736.09,397.09,23.49,55.80,0.87,-1,-1,-1
17,9,587.07,391.15,17.99,44.96,0.78,-1,-1,-1
17,10,671.64,392.41,27.58,58.14,0.90,-1,-1,-1
17,11,544.45,391.69,21.73,54.96,0.59,-1,-1,-1
17,12,375.73,395.04,14.58,33.14,0.73,-1,-1,-1
17,13,598.50,396.45,16.20,38.70,0.71,-1,-1,-1
18,1,116.82,285.21,168.80,437.61,0.92,-1,-1,-1
18,2,1166.63,365.77,121.00,234.06,0.84,-1,-1,-1
18,4,1080.86,382.51,80.45,142.66,0.92,-1,-1,-1
18,5,492.44,381.85,39.87,93.61,0.91,-1,-1,-1
18,7,-31.84,337.82,150.85,354.94,0.90,-1,-1,-1
18,8,738.20,397.30,24.07,55.46,0.85,-1,-1,-1
18,9,585.78,391.51,20.36,44.42,0.80,-1,-1,-1
18,10,672.64,392.25,26.65,58.06,0.90,-1,-1,-1
18,11,547.42,391.01,21.61,56.72,0.60,-1,-1,-1
18,12,376.93,395.00,14.79,33.29,0.73,-1,-1,-1
18,13,599.97,396.24,15.49,38.70,0.68,-1,-1,-1
19,1,118.35,286.85,174.75,440.17,0.93,-1,-1,-1
19,2,1170.93,365.57,127.37,238.15,0.89,-1,-1,-1
19,4,1084.15,382.31,91.82,145.35,0.92,-1,-1,-1
19,5,492.60,381.92,40.91,93.04,0.91,-1,-1,-1
19,7,-35.25,338.34,166.76,357.39,0.91,-1,-1,-1
19,8,741.18,397.83,23.12,55.68,0.85,-1,-1,-1
19,9,585.89,390.86,21.30,45.44,0.82,-1,-1,-1
19,10,672.55,392.18,26.30,58.09,0.89,-1,-1,-1
19,11,549.43,390.69,20.36,52.71,0.48,-1,-1,-1
19,12,377.60,395.33,14.86,32.76,0.79,-1,-1,-1
19,13,601.25,396.77,15.35,38.38,0.69,-1,-1,-1
20,1,119.88,288.78,180.35,438.51,0.93,-1,-1,-1
20,2,1175.22,365.64,133.27,240.07,0.87,-1,-1,-1
20,4,1089.72,382.82,93.02,147.86,0.91,-1,-1,-1
20,5,493.37,382.40,40.14,93.22,0.91,-1,-1,-1
20,7,-36.57,338.57,178.94,356.18,0.90,-1,-1,-1
20,8,743.47,397.96,23.33,56.04,0.85,-1,-1,-1
20,9,586.62,391.19,21.10,44.91,0.78,-1,-1,-1
20,10,672.87,392.25,26.17,57.76,0.88,-1,-1,-1
20,11,550.18,390.55,21.13,49.54,0.70,-1,-1,-1
20,12,378.60,394.87,15.50,32.84,0.74,-1,-1,-1
20,13,601.57,396.74,15.31,38.60,0.66,-1,-1,-1
21,1,120.52,288.60,183.91,440.42,0.92,-1,-1,-1
21,2,1180.36,365.50,132.15,237.85,0.88,-1,-1,-1
21,4,1094.81,383.12,91.12,148.54,0.92,-1,-1,-1
21,5,493.76,382.65,38.64,93.03,0.89,-1,-1,-1
21,7,-41.65,340.16,191.07,355.54,0.87,-1,-1,-1
21,8,746.86,397.94,22.24,56.19,0.84,-1,-1,-1
21,9,587.93,391.26,20.42,45.31,0.79,-1,-1,-1
21,10,672.59,392.21,26.73,57.67,0.88,-1,-1,-1
21,11,552.08,390.43,20.81,47.81,0.66,-1,-1,-1
21,12,379.18,394.76,16.03,33.18,0.79,-1,-1,-1
21,13,602.50,397.11,14.61,38.01,0.66,-1,-1,-1
22,1,120.96,288.54,183.50,439.71,0.93,-1,-1,-1
22,2,1185.05,363.80,131.54,239.09,0.90,-1,-1,-1
22,4,1100.11,383.21,91.36,149.10,0.92,-1,-1,-1
22,5,494.97,382.83,39.28,92.77,0.89,-1,-1,-1
22,7,-40.36,342.76,196.02,344.19,0.87,-1,-1,-1
22,8,750.25,397.80,21.81,56.52,0.84,-1,-1,-1
22,9,588.01,391.34,20.73,45.14,0.77,-1,-1,-1
22,10,673.20,391.65,25.75,58.20,0.89,-1,-1,-1
22,11,555.59,390.16,20.09,46.58,0.62,-1,-1,-1
22,12,380.65,394.97,15.64,32.99,0.74,-1,-1,-1
22,13,602.53,396.48,15.07,39.45,0.64,-1,-1,-1
23,1,120.97,286.82,184.69,439.59,0.93,-1,-1,-1
23,2,1189.05,362.11,133.52,243.13,0.89,-1,-1,-1
23,4,1106.64,383.19,90.21,149.48,0.91,-1,-1,-1
23,5,496.09,383.13,39.50,91.81,0.90,-1,-1,-1
23,7,-39.55,344.28,194.78,341.67,0.90,-1,-1,-1
23,8,753.09,397.60,21.04,56.67,0.85,-1,-1,-1
23,9,588.43,391.04,20.83,45.08,0.79,-1,-1,-1
23,10,673.86,391.43,24.75,58.42,0.88,-1,-1,-1
23,11,557.85,389.56,19.82,47.10,0.72,-1,-1,-1
23,12,381.53,394.67,15.46,33.22,0.72,-1,-1,-1
23,13,602.37,396.39,15.21,39.32,0.71,-1,-1,-1
23,14,618.75,394.65,16.20,40.95,0.73,-1,-1,-1
24,1,122.17,285.27,184.68,440.61,0.93,-1,-1,-1
24,2,1193.36,361.48,136.51,245.70,0.85,-1,-1,-1
24,4,1113.12,382.14,84.97,150.27,0.91,-1,-1,-1
24,5,497.22,383.24,40.77,91.43,0.90,-1,-1,-1
24,7,-36.56,346.18,194.23,339.65,0.89,-1,-1,-1
24,8,755.93,397.06,21.37,56.71,0.85,-1,-1,-1
24,9,589.30,391.07,20.85,44.75,0.72,-1,-1,-1
24,10,674.50,391.34,24.38,58.19,0.88,-1,-1,-1
24,11,559.92,389.19,21.55,48.82,0.69,-1,-1,-1
24,12,382.74,394.70,15.69,33.00,0.71,-1,-1,-1
24,13,603.01,395.89,16.51,39.56,0.52,-1,-1,-1
24,14,619.11,394.43,16.93,40.96,0.61,-1,-1,-1
25,1,121.59,282.64,187.02,444.52,0.94,-1,-1,-1
25,2,1199.65,358.87,143.41,247.75,0.61,-1,-1,-1
25,4,1119.11,381.70,86.41,152.29,0.91,-1,-1,-1
25,5,498.36,382.84,41.25,91.14,0.90,-1,-1,-1
25,7,-33.16,345.74,189.10,337.70,0.91,-1,-1,-1
25,8,759.72,395.51,20.29,58.20,0.85,-1,-1,-1
25,9,591.24,391.25,20.26,44.32,0.80,-1,-1,-1
25,10,675.45,391.01,24.26,58.10,0.87,-1,-1,-1
25,11,562.86,388.32,21.01,49.46,0.69,-1,-1,-1
25,12,384.50,394.73,14.88,32.91,0.75,-1,-1,-1
25,13,604.57,395.87,16.38,39.33,0.59,-1,-1,-1
25,14,620.74,394.02,17.08,41.66,0.62,-1,-1,-1
25,15,631.35,393.75,16.20,42.30,0.72,-1,-1,-1
26,1,122.58,280.60,188.22,440.72,0.94,-1,-1,-1
26,2,1208.32,337.55,156.35,309.60,0.32,-1,-1,-1
26,4,1125.34,380.31,88.06,152.03,0.89,-1,-1,-1
26,5,499.56,382.04,42.00,91.96,0.89,-1,-1,-1
26,7,-33.13,342.95,187.86,344.32,0.93,-1,-1,-1
26,8,763.09,394.93,21.11,59.07,0.84,-1,-1,-1
26,9,592.19,390.68,18.82,44.46,0.72,-1,-1,-1
26,10,676.33,390.73,24.21,58.08,0.87,-1,-1,-1
26,11,564.69,389.30,21.38,50.32,0.64,-1,-1,-1
26,12,385.61,394.37,15.17,32.88,0.71,-1,-1,-1
26,13,604.76,395.07,15.71,39.85,0.48,-1,-1,-1
26,14,621.70,392.85,16.42,42.59,0.59,-1,-1,-1
26,15,632.49,393.14,16.21,42.32,0.60,-1,-1,-1
27,1,125.01,276.78,188.07,451.34,0.92,-1,-1,-1
27,2,1219.02,344.90,147.81,297.93,0.21,-1,-1,-1
27,4,1132.29,379.22,86.31,153.35,0.92,-1,-1,-1
27,5,500.89,381.65,38.75,92.71,0.89,-1,-1,-1
27,7,-35.37,340.50,194.28,351.58,0.92,-1,-1,-1
27,8,766.06,395.06,21.40,59.10,0.86,-1,-1,-1
27,9,592.53,391.13,18.87,43.63,0.73,-1,-1,-1
27,10,676.96,390.53,24.81,58.07,0.88,-1,-1,-1
27,11,567.12,389.59,20.93,49.47,0.68,-1,-1,-1
27,12,386.76,394.46,15.27,32.57,0.74,-1,-1,-1
27,13,605.72,394.99,15.44,39.74,0.28,-1,-1,-1
27,14,623.26,393.36,15.52,41.86,0.46,-1,-1,-1
27,15,633.51,393.39,16.22,41.98,0.63,-1,-1,-1
28,1,129.44,273.09,186.20,464.85,0.91,-1,-1,-1
28,2,1232.67,354.14,140.42,295.32,0.11,-1,-1,-1
28,4,1139.56,378.00,83.21,155.33,0.90,-1,-1,-1
28,5,501.80,381.60,36.86,92.43,0.88,-1,-1,-1
28,7,-30.17,339.23,196.06,350.14,0.93,-1,-1,-1
28,8,768.80,395.05,21.52,59.12,0.86,-1,-1,-1
28,9,593.73,391.09,18.90,43.62,0.72,-1,-1,-1
28,10,677.69,390.85,25.05,57.78,0.88,-1,-1,-1
28,11,569.91,389.66,20.16,47.65,0.55,-1,-1,-1
28,12,387.86,394.59,15.01,32.46,0.67,-1,-1,-1
28,13,606.55,394.45,16.57,40.31,0.22,-1,-1,-1
28,14,623.92,393.80,15.26,41.26,0.55,-1,-1,-1
28,15,634.24,393.20,16.22,42.56,0.65,-1,-1,-1
29,1,142.36,268.65,177.69,455.00,0.91,-1,-1,-1
29,4,1146.80,378.61,79.54,154.10,0.92,-1,-1,-1
29,5,503.38,380.84,36.78,92.76,0.87,-1,-1,-1
29,7,-15.47,337.26,189.43,350.97,0.93,-1,-1,-1
29,8,771.21,395.06,22.16,59.69,0.86,-1,-1,-1
29,9,594.50,390.93,17.71,43.91,0.72,-1,-1,-1
29,10,678.86,390.68,25.13,57.96,0.88,-1,-1,-1
29,11,572.42,389.98,19.87,46.67,0.45,-1,-1,-1
29,12,389.22,394.63,14.91,32.42,0.59,-1,-1,-1
29,13,606.89,393.36,16.38,40.80,0.16,-1,-1,-1
29,14,624.44,393.80,15.84,40.72,0.55,-1,-1,-1
29,15,636.10,393.63,15.53,41.73,0.61,-1,-1,-1
30,1,152.14,266.26,173.08,455.20,0.92,-1,-1,-1
30,4,1154.30,377.05,69.65,157.03,0.89,-1,-1,-1
30,5,504.23,380.64,37.37,92.31,0.90,-1,-1,-1
30,7,4.73,337.46,178.12,351.68,0.96,-1,-1,-1
30,8,773.91,395.62,22.99,59.63,0.86,-1,-1,-1
30,9,595.71,390.66,18.48,44.34,0.73,-1,-1,-1
30,10,678.75,391.01,26.96,57.75,0.87,-1,-1,-1
30,11,574.80,390.80,19.77,44.52,0.36,-1,-1,-1
30,12,390.87,395.03,14.57,32.41,0.60,-1,-1,-1
30,14,624.63,393.56,18.54,42.13,0.75,-1,-1,-1
30,15,637.34,393.68,15.98,41.79,0.59,-1,-1,-1
31,1,170.95,266.19,158.83,446.96,0.95,-1,-1,-1
31,4,1160.37,375.84,68.48,158.54,0.91,-1,-1,-1
31,5,505.98,380.36,37.02,92.58,0.91,-1,-1,-1
31,7,15.62,338.03,174.81,355.02,0.95,-1,-1,-1
31,8,776.28,395.72,25.07,60.18,0.86,-1,-1,-1
31,9,597.59,390.19,16.98,44.79,0.74,-1,-1,-1
31,10,679.83,390.60,27.06,58.26,0.87,-1,-1,-1
31,11,577.67,391.33,21.56,48.04,0.18,-1,-1,-1
31,12,392.32,394.54,14.45,32.70,0.75,-1,-1,-1
31,14,624.98,393.09,18.34,42.61,0.71,-1,-1,-1
31,15,638.31,393.61,16.13,41.81,0.64,-1,-1,-1
32,1,178.06,265.66,155.81,446.31,0.95,-1,-1,-1
32,4,1166.55,375.85,75.47,162.80,0.92,-1,-1,-1
32,5,507.39,380.21,36.84,92.41,0.91,-1,-1,-1
32,7,23.07,337.63,180.68,359.34,0.94,-1,-1,-1
32,8,778.17,395.85,26.41,59.80,0.87,-1,-1,-1
32,9,598.46,390.45,16.37,44.38,0.71,-1,-1,-1
32,10,680.12,390.64,27.07,58.46,0.87,-1,-1,-1
32,11,580.03,391.51,21.02,48.10,0.25,-1,-1,-1
32,12,393.44,394.24,14.69,32.82,0.71,-1,-1,-1
32,14,626.14,392.63,18.20,43.10,0.64,-1,-1,-1
32,15,640.06,394.07,16.17,41.21,0.54,-1,-1,-1
32,16,535.05,394.42,21.60,48.60,0.74,-1,-1,-1
33,1,180.12,265.89,158.53,451.18,0.95,-1,-1,-1
33,4,1173.48,376.27,77.89,164.35,0.92,-1,-1,-1
33,5,508.04,380.77,37.39,92.47,0.90,-1,-1,-1
33,7,27.04,338.32,183.78,363.24,0.94,-1,-1,-1
33,8,780.69,396.63,28.08,59.63,0.88,-1,-1,-1
33,9,599.81,391.01,16.16,43.91,0.74,-1,-1,-1
33,10,681.53,390.95,25.88,58.82,0.87,-1,-1,-1
33,11,583.09,391.73,20.80,45.14,0.19,-1,-1,-1
33,12,394.91,394.31,14.49,32.56,0.66,-1,-1,-1
33,14,628.19,393.05,16.94,42.97,0.64,-1,-1,-1
33,15,641.70,394.06,16.18,41.92,0.60,-1,-1,-1
33,16,537.26,392.92,20.89,50.43,0.76,-1,-1,-1
34,1,178.45,268.78,164.54,452.74,0.95,-1,-1,-1
34,4,1179.33,376.44,81.23,169.32,0.92,-1,-1,-1
34,5,508.94,381.65,37.62,92.50,0.91,-1,-1,-1
34,7,29.33,340.48,183.86,365.89,0.94,-1,-1,-1
34,8,782.58,398.16,29.30,59.56,0.88,-1,-1,-1
34,9,600.08,391.12,16.10,44.33,0.64,-1,-1,-1
34,10,681.86,391.12,26.02,58.96,0.88,-1,-1,-1
34,11,586.04,392.45,18.93,44.01,0.21,-1,-1,-1
34,12,395.65,394.56,15.01,32.46,0.74,-1,-1,-1
34,14,628.75,394.03,17.06,42.90,0.64,-1,-1,-1
34,15,642.99,394.56,16.81,42.18,0.64,-1,-1,-1
34,16,539.03,392.89,21.46,51.14,0.80,-1,-1,-1
34,17,651.15,397.80,18.90,38.70,0.72,-1,-1,-1
35,1,176.20,271.89,170.98,452.47,0.95,-1,-1,-1
35,4,1185.16,377.05,87.22,171.33,0.93,-1,-1,-1
35,5,509.68,382.30,37.72,92.38,0.90,-1,-1,-1
35,7,27.79,342.71,184.50,369.84,0.93,-1,-1,-1
35,8,784.88,398.72,30.93,59.53,0.87,-1,-1,-1
35,9,600.61,391.33,16.10,44.80,0.55,-1,-1,-1
35,10,683.34,391.18,24.90,58.42,0.86,-1,-1,-1
35,11,588.39,391.97,18.84,45.76,0.33,-1,-1,-1
35,12,397.20,394.55,14.92,32.73,0.71,-1,-1,-1
35,14,629.69,394.25,17.72,42.58,0.73,-1,-1,-1
35,15,645.09,394.60,16.44,41.98,0.66,-1,-1,-1
35,16,542.69,393.75,19.56,50.33,0.64,-1,-1,-1
36,1,173.86,274.62,177.07,453.08,0.95,-1,-1,-1
36,4,1189.95,377.89,92.96,173.60,0.92,-1,-1,-1
36,5,510.50,382.96,38.36,91.55,0.90,-1,-1,-1
36,7,28.74,344.78,180.88,372.35,0.93,-1,-1,-1
36,8,787.62,398.69,30.99,59.80,0.88,-1,-1,-1
36,9,602.85,391.95,15.50,43.47,0.37,-1,-1,-1
36,10,684.70,390.69,24.47,58.79,0.86,-1,-1,-1
36,11,591.55,392.49,17.60,44.29,0.26,-1,-1,-1
36,12,398.80,394.67,14.88,32.82,0.80,-1,-1,-1
36,14,629.97,394.88,19.14,41.83,0.78,-1,-1,-1
36,15,646.37,394.85,16.30,41.59,0.69,-1,-1,-1
36,16,545.75,394.50,18.21,49.68,0.67,-1,-1,-1
37,1,171.41,276.82,182.84,455.69,0.95,-1,-1,-1
37,4,1195.63,378.83,96.33,175.58,0.89,-1,-1,-1
37,5,511.61,383.04,38.60,91.99,0.91,-1,-1,-1
37,7,26.95,347.30,179.88,375.61,0.93,-1,-1,-1
37,8,790.59,398.52,30.40,60.49,0.88,-1,-1,-1
37,9,604.82,392.78,14.67,42.66,0.16,-1,-1,-1
37,10,685.43,390.80,24.31,58.93,0.87,-1,-1,-1
37,11,593.46,392.22,19.64,47.39,0.12,-1,-1,-1
37,12,400.20,394.39,15.46,33.15,0.75,-1,-1,-1
37,14,631.17,394.95,19.10,41.24,0.71,-1,-1,-1
37,15,647.34,395.09,16.24,41.14,0.51,-1,-1,-1
37,16,548.87,395.87,17.17,48.50,0.74,-1,-1,-1
38,1,169.70,280.36,187.31,452.65,0.95,-1,-1,-1
38,4,1204.91,379.96,92.97,175.77,0.91,-1,-1,-1
38,5,512.54,383.68,39.27,91.24,0.91,-1,-1,-1
38,7,27.07,350.02,177.72,376.68,0.93,-1,-1,-1
38,8,793.85,398.61,29.55,61.32,0.89,-1,-1,-1
38,10,686.48,391.01,23.65,58.96,0.87,-1,-1,-1
38,11,595.82,391.26,21.48,54.05,0.51,-1,-1,-1
38,12,401.41,394.60,15.68,32.97,0.79,-1,-1,-1
38,14,632.40,394.84,19.06,41.62,0.64,-1,-1,-1
38,15,648.77,395.03,16.82,41.88,0.54,-1,-1,-1
38,16,552.67,394.87,16.21,50.04,0.55,-1,-1,-1
39,1,170.04,282.28,189.09,452.09,0.94,-1,-1,-1
39,4,1213.26,381.27,86.83,172.68,0.89,-1,-1,-1
39,5,514.16,383.27,39.55,91.57,0.90,-1,-1,-1
39,7,27.94,351.95,176.10,374.08,0.94,-1,-1,-1
39,8,797.84,398.26,28.62,61.93,0.88,-1,-1,-1
39,10,687.29,391.02,23.42,58.98,0.89,-1,-1,-1
39,11,598.55,391.83,21.07,50.65,0.38,-1,-1,-1
39,12,403.11,394.66,15.17,32.60,0.75,-1,-1,-1
39,14,633.58,395.03,19.04,41.77,0.69,-1,-1,-1
39,15,650.60,395.25,16.45,41.85,0.57,-1,-1,-1
39,16,555.48,393.86,15.97,51.20,0.70,-1,-1,-1
40,1,170.79,282.63,190.58,452.77,0.95,-1,-1,-1
40,4,1222.72,381.62,83.18,168.89,0.88,-1,-1,-1
40,5,515.58,383.08,37.86,91.69,0.90,-1,-1,-1
40,7,29.39,352.45,174.97,375.25,0.93,-1,-1,-1
40,8,801.57,398.24,28.25,62.15,0.87,-1,-1,-1
40,10,688.41,390.85,23.34,59.28,0.89,-1,-1,-1
40,11,601.21,390.99,20.88,50.62,0.61,-1,-1,-1
40,12,404.55,394.94,14.97,32.46,0.74,-1,-1,-1
40,14,635.43,394.63,17.84,42.42,0.73,-1,-1,-1
40,15,652.07,395.15,16.30,42.15,0.66,-1,-1,-1
40,16,557.84,394.21,15.92,50.10,0.78,-1,-1,-1
41,1,172.75,282.78,190.86,451.72,0.95,-1,-1,-1
41,4,1231.99,380.98,77.00,165.26,0.87,-1,-1,-1
41,5,517.36,383.57,37.22,90.83,0.90,-1,-1,-1
41,7,31.25,351.17,174.08,370.50,0.93,-1,-1,-1
41,8,806.79,397.71,26.32,62.21,0.86,-1,-1,-1
41,10,688.56,390.57,23.93,59.38,0.89,-1,-1,-1
41,11,602.80,390.34,22.00,52.96,0.72,-1,-1,-1
41,12,406.19,394.88,14.90,32.70,0.78,-1,-1,-1
41,14,636.76,394.86,17.37,42.36,0.73,-1,-1,-1
41,15,653.55,395.05,16.24,42.25,0.77,-1,-1,-1
41,16,559.55,394.15,16.57,49.99,0.79,-1,-1,-1
42,1,174.62,281.56,191.15,451.35,0.93,-1,-1,-1
42,4,1241.23,380.65,69.72,164.95,0.83,-1,-1,-1
42,5,519.17,383.14,38.18,90.82,0.90,-1,-1,-1
42,7,33.44,348.19,174.60,366.29,0.90,-1,-1,-1
42,8,812.89,397.82,23.11,62.22,0.83,-1,-1,-1
42,10,687.69,390.18,25.94,59.72,0.90,-1,-1,-1
42,11,605.38,390.68,21.83,52.08,0.54,-1,-1,-1
42,12,407.78,394.54,15.77,33.10,0.73,-1,-1,-1
42,14,638.12,395.26,17.19,41.44,0.53,-1,-1,-1
42,15,654.93,394.72,16.22,42.59,0.68,-1,-1,-1
42,16,561.90,394.43,17.43,49.64,0.79,-1,-1,-1
43,1,176.90,279.95,190.11,452.99,0.93,-1,-1,-1
43,4,1248.49,381.92,65.90,166.03,0.62,-1,-1,-1
43,5,520.60,382.55,37.96,91.27,0.90,-1,-1,-1
43,7,35.00,345.48,176.97,356.14,0.92,-1,-1,-1
43,8,816.72,397.68,21.30,61.92,0.84,-1,-1,-1
43,10,687.28,390.17,28.44,59.55,0.91,-1,-1,-1
43,11,608.25,390.97,21.17,54.08,0.63,-1,-1,-1
43,12,409.27,394.75,15.51,32.65,0.79,-1,-1,-1
43,14,639.09,394.95,17.74,42.00,0.61,-1,-1,-1
43,15,656.21,393.99,16.82,43.31,0.68,-1,-1,-1
43,16,563.19,393.02,18.96,51.35,0.84,-1,-1,-1
44,1,180.60,278.12,186.02,454.10,0.94,-1,-1,-1
44,4,1256.18,384.81,63.37,168.79,0.39,-1,-1,-1
44,5,522.27,382.01,37.86,91.42,0.90,-1,-1,-1
44,7,36.83,342.29,180.14,352.26,0.93,-1,-1,-1
44,8,819.37,397.17,21.98,62.09,0.85,-1,-1,-1
44,10,687.05,390.33,29.97,59.17,0.90,-1,-1,-1
44,11,610.70,391.51,20.90,51.59,0.35,-1,-1,-1
44,12,410.53,394.65,15.40,32.47,0.74,-1,-1,-1
44,14,639.97,394.83,17.93,41.89,0.68,-1,-1,-1
44,15,657.19,393.71,17.03,43.28,0.72,-1,-1,-1
44,16,565.05,396.51,19.53,47.78,0.76,-1,-1,-1
45,1,184.01,276.64,182.08,443.19,0.92,-1,-1,-1
45,5,524.60,381.21,37.24,91.81,0.91,-1,-1,-1
45,7,39.19,339.91,178.35,352.19,0.94,-1,-1,-1
45,8,822.13,397.13,23.43,62.48,0.86,-1,-1,-1
45,10,687.54,390.54,30.01,59.04,0.91,-1,-1,-1
45,11,612.11,389.77,24.40,59.92,0.81,-1,-1,-1
45,12,411.91,394.62,15.36,32.42,0.70,-1,-1,-1
45,14,641.47,394.19,16.82,42.17,0.64,-1,-1,-1
45,15,659.01,393.76,17.71,42.98,0.67,-1,-1,-1
45,16,566.53,393.73,20.93,50.73,0.84,-1,-1,-1
46,1,187.07,275.33,177.71,447.78,0.94,-1,-1,-1
46,5,525.92,381.25,37.58,91.64,0.91,-1,-1,-1
46,7,44.03,337.21,177.84,355.71,0.93,-1,-1,-1
46,8,824.30,397.50,23.96,61.99,0.85,-1,-1,-1
46,10,688.12,390.39,29.98,58.97,0.90,-1,-1,-1
46,11,612.79,389.33,26.75,61.99,0.82,-1,-1,-1
46,12,413.22,394.17,15.03,32.98,0.77,-1,-1,-1
46,14,642.44,394.15,16.37,41.96,0.67,-1,-1,-1
46,15,660.08,393.84,17.37,42.84,0.72,-1,-1,-1
46,16,567.78,393.38,22.03,51.43,0.84,-1,-1,-1
47,1,191.67,272.84,171.55,448.06,0.95,-1,-1,-1
47,5,527.38,380.77,37.71,91.88,0.91,-1,-1,-1
47,7,50.44,335.39,167.19,358.89,0.93,-1,-1,-1
47,8,826.64,398.06,25.36,62.11,0.85,-1,-1,-1
47,10,688.77,390.59,30.54,58.95,0.90,-1,-1,-1
47,11,615.66,389.42,27.15,61.94,0.52,-1,-1,-1
47,12,414.66,394.24,14.91,32.91,0.71,-1,-1,-1
47,14,643.19,394.54,16.22,41.59,0.63,-1,-1,-1
47,15,661.46,395.02,16.63,41.90,0.61,-1,-1,-1
47,16,570.06,391.88,22.45,53.49,0.84,-1,-1,-1
48,1,197.61,270.35,163.87,450.97,0.95,-1,-1,-1
48,5,528.14,379.75,37.79,92.45,0.91,-1,-1,-1
48,7,58.02,334.42,157.86,361.39,0.94,-1,-1,-1
48,8,829.86,398.43,26.49,61.27,0.84,-1,-1,-1
48,10,690.20,390.25,30.17,58.96,0.90,-1,-1,-1
48,11,619.90,389.80,23.85,53.11,0.32,-1,-1,-1
48,12,415.68,394.05,15.17,32.88,0.65,-1,-1,-1
48,14,643.43,395.02,17.39,41.16,0.70,-1,-1,-1
48,15,662.55,395.66,15.75,41.25,0.58,-1,-1,-1
48,16,572.32,392.68,22.05,53.09,0.81,-1,-1,-1
49,1,202.40,270.29,157.89,454.16,0.95,-1,-1,-1
49,5,528.90,379.76,38.37,92.36,0.92,-1,-1,-1
49,7,66.96,334.29,148.15,365.93,0.94,-1,-1,-1
49,8,832.32,398.76,27.48,62.45,0.85,-1,-1,-1
49,10,691.23,390.42,29.98,58.96,0.89,-1,-1,-1
49,11,622.58,390.39,23.01,51.31,0.36,-1,-1,-1
49,12,417.14,394.02,14.96,32.87,0.63,-1,-1,-1
49,14,643.70,395.34,17.79,41.00,0.49,-1,-1,-1
49,15,663.40,397.54,15.40,39.50,0.30,-1,-1,-1
49,16,574.79,392.81,21.25,53.21,0.83,-1,-1,-1
49,18,594.00,384.75,24.30,56.25,0.75,-1,-1,-1
50,1,204.71,271.87,155.54,454.48,0.94,-1,-1,-1
50,5,529.38,380.30,38.00,91.88,0.92,-1,-1,-1
50,7,76.44,336.60,146.41,369.57,0.94,-1,-1,-1
50,8,833.99,398.52,29.60,63.62,0.86,-1,-1,-1
50,10,692.14,390.57,28.71,59.26,0.89,-1,-1,-1
50,11,626.13,389.91,21.51,50.09,0.37,-1,-1,-1
50,12,418.34,394.40,15.18,32.87,0.70,-1,-1,-1
50,14,644.30,395.38,17.36,40.94,0.55,-1,-1,-1
50,15,664.52,396.47,15.29,40.69,0.57,-1,-1,-1
50,16,577.98,392.21,19.14,54.14,0.81,-1,-1,-1
50,9,613.42,390.62,14.42,39.68,0.66,-1,-1,-1
51,1,206.60,273.32,153.93,456.11,0.93,-1,-1,-1
51,5,530.41,380.28,37.27,91.85,0.91,-1,-1,-1
51,7,86.00,338.51,150.87,372.02,0.94,-1,-1,-1
51,8,836.61,398.46,30.42,64.81,0.88,-1,-1,-1
51,10,692.78,390.52,27.62,59.38,0.88,-1,-1,-1
51,11,628.87,390.72,20.34,46.91,0.63,-1,-1,-1
51,12,419.47,394.92,14.67,32.27,0.69,-1,-1,-1
51,14,645.71,395.60,16.59,40.93,0.56,-1,-1,-1
51,15,665.20,396.30,15.86,40.83,0.57,-1,-1,-1
51,16,580.61,392.35,17.71,54.48,0.78,-1,-1,-1
51,9,614.38,390.48,14.41,38.94,0.69,-1,-1,-1
52,1,206.97,275.56,154.20,457.08,0.93,-1,-1,-1
52,5,531.25,380.24,37.63,92.21,0.91,-1,-1,-1
52,7,91.55,339.79,151.18,376.17,0.94,-1,-1,-1
52,8,839.73,397.94,30.77,65.74,0.87,-1,-1,-1
52,10,693.95,390.61,25.41,59.17,0.89,-1,-1,-1
52,11,630.04,390.05,21.17,49.19,0.72,-1,-1,-1
52,12,420.26,395.09,14.48,32.07,0.78,-1,-1,-1
52,14,646.81,394.44,16.93,42.46,0.46,-1,-1,-1
52,15,666.02,395.88,16.68,41.22,0.43,-1,-1,-1
52,16,582.65,392.37,17.86,54.65,0.82,-1,-1,-1
52,9,615.25,390.71,15.02,40.28,0.66,-1,-1,-1
52,19,436.72,394.42,13.95,34.20,0.71,-1,-1,-1
53,1,208.41,277.96,154.81,457.19,0.93,-1,-1,-1
53,5,532.71,380.76,37.73,91.64,0.91,-1,-1,-1
53,7,93.27,340.85,149.23,378.44,0.93,-1,-1,-1
53,8,843.68,397.37,29.67,66.01,0.85,-1,-1,-1
53,10,694.44,390.42,23.31,58.72,0.88,-1,-1,-1
53,11,632.67,390.34,21.44,50.23,0.71,-1,-1,-1
53,12,421.67,394.62,14.71,32.86,0.69,-1,-1,-1
53,14,648.53,395.26,14.64,41.49,0.16,-1,-1,-1
53,15,667.90,397.44,15.21,39.52,0.33,-1,-1,-1
53,16,585.03,391.85,17.89,54.93,0.82,-1,-1,-1
53,9,616.33,390.43,15.82,42.21,0.59,-1,-1,-1
53,20,830.70,397.80,19.80,48.15,0.71,-1,-1,-1
54,1,208.71,280.16,156.84,456.12,0.90,-1,-1,-1
54,5,533.82,382.16,37.76,90.70,0.90,-1,-1,-1
54,7,94.42,342.69,148.66,379.49,0.92,-1,-1,-1
54,8,848.13,397.19,26.84,66.25,0.83,-1,-1,-1
54,10,694.62,390.37,21.96,58.86,0.88,-1,-1,-1
54,11,635.39,390.33,20.95,50.34,0.72,-1,-1,-1
54,12,423.03,395.04,15.09,32.87,0.78,-1,-1,-1
54,14,649.46,394.55,14.38,42.33,0.33,-1,-1,-1
54,15,669.52,396.68,15.23,40.72,0.44,-1,-1,-1
54,16,587.66,392.87,17.91,54.14,0.82,-1,-1,-1
54,9,614.70,390.49,18.47,46.79,0.71,-1,-1,-1
54,20,833.08,398.63,21.98,47.83,0.76,-1,-1,-1
54,21,438.75,394.42,13.95,34.20,0.75,-1,-1,-1
55,1,209.31,282.68,158.07,453.37,0.90,-1,-1,-1
55,5,534.74,382.76,37.78,90.51,0.90,-1,-1,-1
55,7,91.16,344.36,150.26,379.15,0.93,-1,-1,-1
55,8,852.70,397.47,27.58,65.60,0.83,-1,-1,-1
55,10,694.95,390.26,21.52,59.23,0.88,-1,-1,-1
55,11,637.47,389.93,21.37,53.09,0.75,-1,-1,-1
55,12,424.18,395.12,14.94,32.87,0.74,-1,-1,-1
55,15,670.63,396.02,15.25,41.16,0.54,-1,-1,-1
55,16,590.01,392.28,17.93,55.03,0.84,-1,-1,-1
55,9,615.17,390.86,18.92,46.24,0.74,-1,-1,-1
55,20,834.40,398.41,23.07,48.47,0.78,-1,-1,-1
55,21,439.89,394.89,13.97,34.23,0.73,-1,-1,-1
55,22,86.29,378.45,22.84,57.15,0.77,-1,-1,-1
56,1,208.44,284.21,162.01,454.03,0.90,-1,-1,-1
56,5,536.32,382.90,37.21,90.12,0.89,-1,-1,-1
56,7,87.70,345.88,154.40,380.66,0.92,-1,-1,-1
56,8,857.28,397.29,24.88,65.76,0.84,-1,-1,-1
56,10,694.78,390.11,22.02,59.36,0.87,-1,-1,-1
56,11,640.62,389.83,22.73,57.32,0.47,-1,-1,-1
56,12,425.56,394.94,14.88,33.17,0.73,-1,-1,-1
56,15,671.97,395.20,15.86,41.91,0.67,-1,-1,-1
56,16,591.76,391.82,19.76,55.36,0.85,-1,-1,-1
56,9,616.28,390.77,18.51,46.24,0.75,-1,-1,-1
56,20,835.27,397.86,25.48,49.36,0.81,-1,-1,-1
56,21,440.91,394.78,13.98,34.23,0.73,-1,-1,-1
56,22,87.06,378.59,22.69,57.19,0.80,-1,-1,-1
57,1,208.10,285.65,164.55,454.96,0.85,-1,-1,-1
57,5,538.04,382.76,36.37,90.09,0.90,-1,-1,-1
57,7,84.36,345.67,162.63,379.99,0.91,-1,-1,-1
57,8,861.12,396.73,23.79,66.53,0.85,-1,-1,-1
57,10,694.01,389.86,24.03,59.38,0.88,-1,-1,-1
57,11,643.14,389.18,24.39,62.37,0.76,-1,-1,-1
57,12,427.09,395.28,14.56,32.66,0.78,-1,-1,-1
57,15,672.93,395.00,16.09,42.18,0.68,-1,-1,-1
57,16,593.50,391.46,20.99,55.44,0.85,-1,-1,-1
57,9,617.52,390.85,18.90,47.38,0.77,-1,-1,-1
57,20,836.90,397.84,25.02,49.26,0.81,-1,-1,-1
57,21,442.16,395.03,13.96,33.86,0.79,-1,-1,-1
57,22,87.72,377.57,22.75,58.23,0.85,-1,-1,-1
58,1,208.72,283.74,166.57,460.05,0.86,-1,-1,-1
58,5,538.92,382.43,36.64,90.39,0.90,-1,-1,-1
58,7,85.56,343.87,165.50,380.09,0.93,-1,-1,-1
58,8,863.82,396.04,25.26,66.81,0.83,-1,-1,-1
58,10,694.57,389.85,24.16,59.38,0.87,-1,-1,-1
58,11,644.31,388.97,26.17,63.48,0.75,-1,-1,-1
58,12,428.52,394.96,14.12,32.77,0.76,-1,-1,-1
58,15,673.81,394.85,16.16,42.57,0.61,-1,-1,-1
58,16,595.24,390.93,22.61,55.45,0.85,-1,-1,-1
58,9,619.11,390.49,18.44,45.74,0.72,-1,-1,-1
58,20,838.31,397.29,26.00,50.17,0.81,-1,-1,-1
58,21,443.32,394.43,13.95,34.08,0.73,-1,-1,-1
58,22,87.89,378.33,23.70,57.17,0.84,-1,-1,-1
58,23,607.50,385.20,18.90,50.85,0.71,-1,-1,-1
59,1,206.65,282.14,172.70,457.10,0.83,-1,-1,-1
59,5,539.87,382.10,37.41,90.68,0.91,-1,-1,-1
59,7,87.95,341.85,167.90,385.58,0.93,-1,-1,-1
59,8,868.25,395.57,25.22,67.52,0.86,-1,-1,-1
59,10,695.24,389.57,24.25,59.40,0.87,-1,-1,-1
59,11,647.40,387.92,29.76,65.93,0.75,-1,-1,-1
59,12,430.21,394.70,14.29,32.82,0.74,-1,-1,-1
59,15,675.43,396.01,15.03,41.24,0.48,-1,-1,-1
59,16,597.12,391.25,24.42,54.88,0.86,-1,-1,-1
59,9,621.01,389.81,19.46,46.88,0.73,-1,-1,-1
59,20,840.20,397.39,25.74,49.85,0.83,-1,-1,-1
59,21,444.30,394.22,14.62,33.84,0.68,-1,-1,-1
59,22,88.52,377.02,24.20,58.51,0.86,-1,-1,-1
60,1,210.56,282.13,173.36,455.15,0.90,-1,-1,-1
60,5,542.87,380.66,35.88,91.81,0.89,-1,-1,-1
60,7,96.20,339.27,166.89,380.94,0.94,-1,-1,-1
60,8,871.14,394.89,26.99,68.36,0.86,-1,-1,-1
60,10,694.82,389.22,25.46,59.69,0.89,-1,-1,-1
60,11,649.95,387.71,31.70,67.39,0.75,-1,-1,-1
60,12,431.59,394.29,14.34,33.13,0.70,-1,-1,-1
60,15,677.15,396.22,14.57,40.72,0.44,-1,-1,-1
60,16,599.78,391.57,24.54,54.62,0.85,-1,-1,-1
60,9,622.26,389.89,18.66,46.68,0.38,-1,-1,-1
60,20,841.31,395.67,24.96,50.94,0.80,-1,-1,-1
60,21,445.42,393.51,14.83,34.07,0.69,-1,-1,-1
60,22,89.56,376.52,24.00,58.59,0.85,-1,-1,-1
61,1,211.94,280.90,176.80,457.48,0.91,-1,-1,-1
61,5,545.10,380.16,34.68,92.24,0.89,-1,-1,-1
61,7,107.80,336.48,164.47,372.59,0.94,-1,-1,-1
61,8,874.17,394.73,29.39,68.97,0.87,-1,-1,-1
61,10,695.50,389.16,25.32,59.80,0.87,-1,-1,-1
61,11,653.12,389.28,27.97,62.43,0.46,-1,-1,-1
61,12,432.88,394.17,14.66,33.25,0.73,-1,-1,-1
61,15,678.89,395.00,14.41,41.73,0.34,-1,-1,-1
61,16,601.27,390.84,25.14,55.43,0.84,-1,-1,-1
61,9,622.36,390.43,18.31,44.81,0.62,-1,-1,-1
61,20,843.15,395.13,25.25,51.33,0.81,-1,-1,-1
61,21,446.49,392.98,14.90,34.47,0.66,-1,-1,-1
61,22,90.99,375.72,23.67,59.25,0.85,-1,-1,-1
62,1,217.92,278.53,175.72,447.81,0.92,-1,-1,-1
62,5,546.72,379.86,34.25,91.68,0.90,-1,-1,-1
62,7,119.13,334.87,160.25,367.66,0.93,-1,-1,-1
62,8,876.96,394.87,32.60,69.64,0.87,-1,-1,-1
62,10,696.30,389.64,25.26,59.55,0.87,-1,-1,-1
62,11,656.28,389.23,26.89,62.76,0.61,-1,-1,-1
62,12,434.13,394.02,14.49,33.30,0.75,-1,-1,-1
62,15,680.04,394.44,15.57,42.12,0.37,-1,-1,-1
62,16,602.89,390.91,24.78,56.03,0.86,-1,-1,-1
62,9,621.12,390.53,18.77,44.68,0.67,-1,-1,-1
62,20,844.95,395.29,24.74,51.15,0.76,-1,-1,-1
62,21,447.68,393.45,14.61,34.00,0.63,-1,-1,-1
62,22,92.36,374.85,23.30,60.09,0.84,-1,-1,-1
63,1,231.33,277.42,167.60,440.55,0.93,-1,-1,-1
63,5,547.82,379.97,34.72,91.63,0.90,-1,-1,-1
63,7,123.27,333.75,160.19,366.50,0.93,-1,-1,-1
63,8,880.55,395.14,34.44,69.74,0.89,-1,-1,-1
63,10,696.88,389.43,25.84,59.76,0.89,-1,-1,-1
63,11,657.94,388.53,31.29,66.43,0.80,-1,-1,-1
63,12,435.24,394.19,14.42,33.02,0.75,-1,-1,-1
63,15,681.31,394.15,14.82,42.86,0.46,-1,-1,-1
63,16,604.28,390.72,25.21,56.55,0.86,-1,-1,-1
63,9,621.21,389.44,18.35,46.13,0.71,-1,-1,-1
63,20,846.78,397.24,22.70,48.95,0.76,-1,-1,-1
63,21,448.79,393.39,14.65,34.13,0.72,-1,-1,-1
63,22,93.07,374.64,23.44,60.09,0.80,-1,-1,-1
64,1,243.60,275.39,160.65,443.90,0.94,-1,-1,-1
64,5,547.90,379.84,36.67,91.46,0.91,-1,-1,-1
64,7,124.83,333.81,158.02,366.68,0.94,-1,-1,-1
64,8,882.99,395.61,36.27,69.45,0.90,-1,-1,-1
64,10,697.68,389.97,26.62,59.24,0.88,-1,-1,-1
64,11,661.11,388.86,29.47,66.05,0.53,-1,-1,-1
64,12,436.70,394.04,14.69,32.91,0.74,-1,-1,-1
64,15,685.06,394.65,16.33,42.55,0.29,-1,-1,-1
64,16,606.52,390.49,24.18,56.74,0.85,-1,-1,-1
64,9,623.02,389.62,18.16,45.78,0.68,-1,-1,-1
64,20,847.95,394.96,24.41,51.48,0.79,-1,-1,-1
64,21,450.10,392.86,14.65,34.49,0.70,-1,-1,-1
64,22,93.68,374.12,23.73,60.67,0.78,-1,-1,-1
64,24,32.06,371.92,26.77,60.75,0.72,-1,-1,-1
65,1,249.89,272.89,159.89,444.34,0.94,-1,-1,-1
65,5,548.58,379.70,38.04,91.31,0.91,-1,-1,-1
65,7,123.74,334.29,155.35,369.44,0.93,-1,-1,-1
65,8,885.98,396.51,37.89,69.23,0.90,-1,-1,-1
65,10,699.07,389.89,26.37,59.38,0.86,-1,-1,-1
65,11,664.52,388.88,28.07,66.77,0.75,-1,-1,-1
65,12,437.93,394.08,14.81,32.89,0.72,-1,-1,-1
65,15,688.63,395.17,16.30,42.15,0.50,-1,-1,-1
65,16,608.91,391.04,23.78,56.54,0.86,-1,-1,-1
65,9,625.03,389.74,16.92,45.96,0.49,-1,-1,-1
65,20,849.30,394.59,25.61,52.12,0.78,-1,-1,-1
65,21,451.00,392.76,15.12,34.64,0.63,-1,-1,-1
65,22,93.50,373.96,25.08,60.91,0.87,-1,-1,-1
65,24,32.54,372.67,25.96,62.25,0.83,-1,-1,-1
66,1,251.34,272.31,162.39,445.96,0.94,-1,-1,-1
66,5,549.67,380.38,37.99,90.99,0.92,-1,-1,-1
66,7,118.55,335.75,161.43,376.07,0.94,-1,-1,-1
66,8,887.79,397.46,41.66,70.21,0.89,-1,-1,-1
66,10,697.59,390.15,28.05,59.77,0.84,-1,-1,-1
66,11,667.27,388.30,26.31,67.64,0.77,-1,-1,-1
66,12,438.75,394.68,14.86,32.60,0.69,-1,-1,-1
66,15,690.04,396.56,16.29,41.12,0.30,-1,-1,-1
66,16,610.67,389.47,23.63,59.17,0.86,-1,-1,-1
66,9,625.81,389.03,17.05,46.64,0.59,-1,-1,-1
66,20,851.37,396.26,24.31,50.88,0.76,-1,-1,-1
66,21,451.72,393.15,15.15,34.71,0.61,-1,-1,-1
66,22,92.91,374.02,25.00,61.61,0.86,-1,-1,-1
66,24,31.91,373.79,25.95,61.89,0.86,-1,-1,-1
67,1,250.96,272.86,166.96,445.80,0.95,-1,-1,-1
67,5,550.70,381.16,37.90,90.54,0.92,-1,-1,-1
67,7,113.64,338.02,169.31,378.87,0.92,-1,-1,-1
67,8,890.84,397.89,41.11,70.55,0.90,-1,-1,-1
67,10,696.99,390.08,27.47,60.19,0.85,-1,-1,-1
67,11,669.68,387.60,27.43,69.68,0.75,-1,-1,-1
67,12,439.73,394.46,15.15,33.08,0.72,-1,-1,-1
67,15,691.96,396.45,15.66,40.71,0.40,-1,-1,-1
67,16,613.07,388.83,23.53,60.12,0.86,-1,-1,-1
67,9,626.08,388.72,17.67,47.47,0.67,-1,-1,-1
67,20,852.56,395.74,23.12,51.57,0.77,-1,-1,-1
67,21,452.82,393.47,14.98,34.72,0.60,-1,-1,-1
67,22,93.06,373.77,25.09,61.84,0.86,-1,-1,-1
67,24,32.32,373.48,25.71,62.76,0.86,-1,-1,-1
68,1,248.48,272.67,172.61,455.71,0.93,-1,-1,-1
68,5,552.23,381.56,37.88,90.80,0.92,-1,-1,-1
68,7,108.28,339.24,174.50,382.51,0.92,-1,-1,-1
68,8,894.47,398.51,39.95,70.34,0.89,-1,-1,-1
68,10,698.51,389.98,25.45,60.62,0.84,-1,-1,-1
68,11,672.26,388.00,27.23,68.67,0.72,-1,-1,-1
68,12,440.66,394.66,15.27,33.25,0.72,-1,-1,-1
68,15,693.19,396.47,15.42,41.16,0.24,-1,-1,-1
68,16,615.67,387.64,24.09,61.35,0.83,-1,-1,-1
68,9,625.55,387.79,19.09,51.01,0.51,-1,-1,-1
68,20,852.88,394.99,25.14,52.71,0.78,-1,-1,-1
68,21,453.96,393.87,14.77,34.71,0.62,-1,-1,-1
68,22,93.35,374.19,25.54,61.89,0.86,-1,-1,-1
68,24,32.48,373.90,25.58,62.35,0.88,-1,-1,-1
69,1,246.89,274.42,175.65,458.24,0.93,-1,-1,-1
69,5,553.42,382.17,37.27,90.75,0.91,-1,-1,-1
69,7,101.35,341.66,179.57,384.30,0.93,-1,-1,-1
69,8,898.18,398.45,38.28,71.44,0.89,-1,-1,-1
69,10,699.75,389.94,24.05,61.08,0.85,-1,-1,-1
69,11,674.69,387.88,26.55,70.00,0.77,-1,-1,-1
69,12,441.77,394.89,14.71,33.02,0.75,-1,-1,-1
69,15,694.55,396.49,14.73,41.62,0.20,-1,-1,-1
69,16,617.83,388.39,23.71,60.62,0.81,-1,-1,-1
69,9,626.26,388.34,18.47,49.46,0.46,-1,-1,-1
69,20,854.23,395.61,25.26,52.53,0.80,-1,-1,-1
69,21,454.70,394.03,14.69,34.71,0.65,-1,-1,-1
69,22,92.90,374.54,26.66,61.89,0.87,-1,-1,-1
69,24,31.75,374.86,26.72,61.54,0.89,-1,-1,-1
70,1,244.20,276.02,179.89,460.19,0.91,-1,-1,-1
70,5,554.23,383.48,37.60,90.04,0.91,-1,-1,-1
70,7,94.83,344.92,186.11,383.35,0.93,-1,-1,-1
70,8,902.48,397.83,35.18,72.51,0.88,-1,-1,-1
70,10,700.48,390.10,22.30,60.29,0.86,-1,-1,-1
70,11,676.07,387.86,25.66,64.23,0.74,-1,-1,-1
70,12,442.21,394.87,14.49,33.19,0.77,-1,-1,-1
70,15,694.64,394.27,14.46,43.25,0.11,-1,-1,-1
70,16,620.99,389.02,21.73,59.95,0.83,-1,-1,-1
70,20,856.27,397.21,25.28,51.50,0.78,-1,-1,-1
70,21,455.14,393.83,14.94,34.67,0.72,-1,-1,-1
70,22,92.11,374.61,27.79,62.12,0.88,-1,-1,-1
70,24,31.57,375.59,26.57,60.89,0.89,-1,-1,-1
71,1,241.72,278.10,183.10,460.26,0.92,-1,-1,-1
71,5,554.78,384.14,38.35,89.98,0.91,-1,-1,-1
71,7,88.79,347.97,188.62,384.35,0.93,-1,-1,-1
71,8,907.82,397.43,32.17,73.08,0.87,-1,-1,-1
71,10,699.26,390.02,22.94,60.03,0.87,-1,-1,-1
71,11,678.98,388.18,25.34,61.61,0.63,-1,-1,-1
71,12,442.71,395.05,14.42,32.38,0.77,-1,-1,-1
71,16,623.97,391.37,19.75,57.32,0.82,-1,-1,-1
71,20,858.07,398.26,24.11,51.12,0.77,-1,-1,-1
71,21,455.51,393.79,14.75,34.67,0.71,-1,-1,-1
71,22,91.24,375.01,28.28,62.22,0.90,-1,-1,-1
71,24,30.83,375.73,26.22,61.02,0.86,-1,-1,-1
72,1,238.39,280.98,186.79,457.08,0.93,-1,-1,-1
72,5,555.27,384.35,39.85,89.98,0.91,-1,-1,-1
72,7,83.90,348.86,194.85,384.19,0.92,-1,-1,-1
72,8,914.08,397.04,28.59,74.34,0.86,-1,-1,-1
72,10,699.50,390.09,22.58,59.94,0.86,-1,-1,-1
72,11,681.23,388.25,24.64,60.99,0.79,-1,-1,-1
72,12,443.15,394.96,14.40,32.38,0.69,-1,-1,-1
72,16,625.60,392.38,19.06,56.32,0.82,-1,-1,-1
72,20,858.52,396.32,25.48,53.69,0.80,-1,-1,-1
72,21,455.91,393.47,14.99,34.98,0.68,-1,-1,-1
72,22,90.65,375.83,28.58,61.67,0.90,-1,-1,-1
72,24,30.26,375.36,25.52,61.71,0.88,-1,-1,-1
73,1,236.69,282.35,189.59,459.13,0.92,-1,-1,-1
73,5,556.34,384.31,39.76,89.57,0.91,-1,-1,-1
73,7,81.71,348.73,200.95,385.38,0.91,-1,-1,-1
73,8,918.24,396.80,26.00,74.41,0.86,-1,-1,-1
73,10,699.44,389.71,23.03,59.83,0.86,-1,-1,-1
73,11,683.05,388.33,24.34,59.79,0.78,-1,-1,-1
73,12,444.07,394.79,14.38,32.34,0.73,-1,-1,-1
73,16,626.65,391.89,19.43,56.80,0.80,-1,-1,-1
73,20,857.98,395.95,28.28,53.98,0.81,-1,-1,-1
73,21,456.36,392.92,15.20,35.35,0.67,-1,-1,-1
73,22,91.46,375.98,28.45,61.36,0.90,-1,-1,-1
73,24,30.22,374.89,24.87,61.90,0.89,-1,-1,-1
74,1,236.09,282.90,191.70,459.46,0.94,-1,-1,-1
74,5,558.03,383.56,39.16,90.20,0.92,-1,-1,-1
74,7,80.53,348.49,202.97,385.34,0.92,-1,-1,-1
74,8,922.96,396.95,23.90,74.15,0.84,-1,-1,-1
74,10,701.70,389.88,20.83,59.80,0.84,-1,-1,-1
74,11,686.23,390.34,22.44,56.33,0.75,-1,-1,-1
74,12,445.05,394.64,14.38,32.34,0.72,-1,-1,-1
74,16,628.34,392.31,20.20,56.40,0.78,-1,-1,-1
74,20,859.17,395.62,27.66,54.09,0.81,-1,-1,-1
74,21,456.88,393.22,15.29,34.90,0.70,-1,-1,-1
74,22,91.99,376.33,28.23,60.97,0.89,-1,-1,-1
74,24,29.65,374.39,25.40,62.30,0.90,-1,-1,-1
75,1,237.39,282.09,191.41,455.12,0.94,-1,-1,-1
75,5,558.83,382.95,38.89,90.45,0.90,-1,-1,-1
75,7,80.31,347.61,204.12,385.33,0.92,-1,-1,-1
75,8,926.16,397.24,23.23,73.29,0.85,-1,-1,-1
75,10,703.11,390.11,19.34,59.80,0.79,-1,-1,-1
75,11,688.10,390.65,23.60,59.73,0.71,-1,-1,-1
75,12,445.42,394.08,14.38,32.65,0.69,-1,-1,-1
75,16,629.97,393.06,20.47,55.95,0.82,-1,-1,-1
75,20,860.07,395.13,26.76,54.42,0.83,-1,-1,-1
75,21,457.09,392.84,15.46,35.03,0.70,-1,-1,-1
75,22,92.03,375.85,27.52,61.12,0.89,-1,-1,-1
75,24,28.47,373.73,25.93,62.45,0.89,-1,-1,-1
76,1,239.89,279.38,189.40,456.28,0.94,-1,-1,-1
76,5,560.26,381.78,37.58,90.51,0.89,-1,-1,-1
76,7,81.87,343.98,203.41,382.76,0.92,-1,-1,-1
76,8,929.49,397.29,25.58,73.83,0.83,-1,-1,-1
76,10,704.79,392.69,17.58,54.10,0.16,-1,-1,-1
76,11,690.14,389.50,25.19,63.26,0.70,-1,-1,-1
76,12,445.86,393.83,14.07,32.75,0.63,-1,-1,-1
76,16,631.07,393.14,21.78,56.07,0.82,-1,-1,-1
76,20,861.45,393.84,26.39,55.11,0.80,-1,-1,-1
76,21,457.01,392.66,15.97,35.36,0.72,-1,-1,-1
76,22,91.40,374.46,27.79,62.35,0.89,-1,-1,-1
76,24,27.79,373.32,26.27,62.79,0.90,-1,-1,-1
76,25,948.60,396.67,30.60,82.12,0.82,-1,-1,-1
77,1,240.92,275.72,188.20,460.82,0.93,-1,-1,-1
77,5,562.00,381.39,37.13,90.59,0.90,-1,-1,-1
77,7,84.05,341.52,199.97,383.15,0.92,-1,-1,-1
77,8,932.02,396.82,27.58,74.81,0.86,-1,-1,-1
77,11,692.42,389.51,28.74,64.94,0.65,-1,-1,-1
77,12,446.40,393.37,13.67,33.10,0.57,-1,-1,-1
77,16,632.38,393.49,22.29,55.25,0.84,-1,-1,-1
77,20,862.43,393.79,27.47,54.79,0.80,-1,-1,-1
77,21,456.79,392.67,16.32,35.50,0.74,-1,-1,-1
77,22,90.40,374.24,28.13,62.54,0.89,-1,-1,-1
77,24,25.52,373.16,27.84,62.95,0.89,-1,-1,-1
77,25,949.74,396.21,32.08,82.17,0.81,-1,-1,-1
77,9,626.28,389.31,17.20,46.12,0.71,-1,-1,-1
78,1,242.68,273.15,186.31,461.79,0.94,-1,-1,-1
78,5,563.41,381.13,36.92,90.74,0.90,-1,-1,-1
78,7,87.71,338.74,194.05,381.99,0.93,-1,-1,-1
78,8,933.77,397.36,29.51,73.66,0.88,-1,-1,-1
78,11,693.09,388.56,30.63,65.85,0.72,-1,-1,-1
78,12,446.66,393.20,13.52,33.23,0.57,-1,-1,-1
78,16,632.68,393.52,23.64,55.23,0.83,-1,-1,-1
78,20,863.13,392.85,29.01,55.53,0.81,-1,-1,-1
78,21,457.06,392.83,16.29,35.25,0.74,-1,-1,-1
78,22,90.00,374.67,27.53,61.99,0.89,-1,-1,-1
78,24,24.05,372.26,28.36,63.88,0.88,-1,-1,-1
78,25,951.23,397.04,32.35,80.60,0.79,-1,-1,-1
78,9,626.20,389.06,17.10,46.20,0.76,-1,-1,-1
79,1,245.32,271.49,183.56,450.27,0.93,-1,-1,-1
79,5,564.40,380.64,37.53,90.75,0.90,-1,-1,-1
79,7,93.69,336.99,189.25,375.96,0.94,-1,-1,-1
79,8,935.61,397.51,33.81,73.59,0.85,-1,-1,-1
79,11,697.66,389.24,25.77,60.34,0.70,-1,-1,-1
79,12,447.25,393.40,13.49,32.72,0.45,-1,-1,-1
79,16,635.09,393.11,22.46,55.88,0.84,-1,-1,-1
79,20,865.71,394.69,27.92,53.79,0.80,-1,-1,-1
79,21,457.24,393.15,16.30,35.18,0.73,-1,-1,-1
79,22,89.03,374.60,27.64,62.14,0.89,-1,-1,-1
79,24,22.38,371.86,29.16,64.59,0.88,-1,-1,-1
79,25,954.13,396.24,35.25,83.31,0.81,-1,-1,-1
79,9,626.41,388.86,17.71,46.27,0.81,-1,-1,-1
80,1,249.90,269.87,177.43,450.86,0.93,-1,-1,-1
80,5,565.24,380.51,38.30,90.70,0.91,-1,-1,-1
80,7,99.69,334.19,184.43,377.69,0.93,-1,-1,-1
80,8,937.62,396.96,36.55,75.74,0.84,-1,-1,-1
80,11,699.48,388.82,24.79,61.18,0.73,-1,-1,-1
80,12,447.59,393.65,13.31,32.80,0.55,-1,-1,-1
80,16,636.10,393.91,22.53,55.20,0.85,-1,-1,-1
80,20,867.27,396.00,26.81,52.16,0.79,-1,-1,-1
80,21,457.42,393.29,16.43,35.14,0.77,-1,-1,-1
80,22,88.38,374.51,28.61,62.16,0.89,-1,-1,-1
80,24,20.86,371.48,29.74,64.82,0.85,-1,-1,-1
80,25,955.31,395.75,36.14,84.79,0.76,-1,-1,-1
80,9,626.65,388.70,18.51,46.57,0.80,-1,-1,-1
81,1,254.23,269.27,170.39,455.42,0.93,-1,-1,-1
81,5,566.16,379.98,38.62,90.86,0.90,-1,-1,-1
81,7,107.23,332.59,174.26,379.65,0.94,-1,-1,-1
81,8,940.23,397.42,39.94,77.01,0.76,-1,-1,-1
81,11,700.16,388.17,25.09,60.30,0.74,-1,-1,-1
81,12,448.00,393.57,13.87,33.14,0.42,-1,-1,-1
81,16,637.41,393.87,21.98,54.97,0.83,-1,-1,-1
81,20,867.67,394.75,27.60,53.39,0.78,-1,-1,-1
81,21,457.93,393.18,16.34,35.43,0.69,-1,-1,-1
81,22,87.95,373.91,28.10,62.77,0.88,-1,-1,-1
81,24,18.74,371.22,30.61,65.21,0.90,-1,-1,-1
81,25,955.77,395.67,37.67,84.78,0.68,-1,-1,-1
81,9,627.12,388.45,19.41,47.01,0.79,-1,-1,-1
82,1,257.63,268.52,164.06,459.35,0.92,-1,-1,-1
82,5,565.17,380.34,38.20,90.25,0.88,-1,-1,-1
82,7,115.23,332.16,168.00,382.54,0.93,-1,-1,-1
82,8,943.75,398.11,39.11,75.61,0.69,-1,-1,-1
82,11,704.27,388.49,24.03,59.72,0.70,-1,-1,-1
82,12,448.35,393.99,13.94,32.70,0.35,-1,-1,-1
82,16,639.89,392.31,21.19,56.43,0.79,-1,-1,-1
82,20,868.59,393.64,26.16,55.07,0.76,-1,-1,-1
82,21,457.75,392.98,16.76,35.87,0.56,-1,-1,-1
82,22,86.51,374.01,27.93,62.76,0.89,-1,-1,-1
82,24,14.78,371.76,32.97,65.12,0.90,-1,-1,-1
82,25,958.56,396.99,39.45,84.16,0.62,-1,-1,-1
82,9,627.82,388.62,18.61,46.91,0.80,-1,-1,-1
83,1,258.33,268.20,160.32,459.62,0.93,-1,-1,-1
83,5,563.89,380.46,40.91,89.91,0.89,-1,-1,-1
83,7,124.61,332.21,154.88,386.25,0.93,-1,-1,-1
83,11,705.53,388.04,24.77,58.83,0.62,-1,-1,-1
83,12,449.29,394.17,13.63,32.49,0.53,-1,-1,-1
83,16,643.09,389.95,21.43,59.58,0.76,-1,-1,-1
83,20,868.70,393.07,25.49,56.22,0.80,-1,-1,-1
83,21,458.17,393.08,16.57,35.69,0.57,-1,-1,-1
83,22,85.89,372.97,28.07,63.85,0.88,-1,-1,-1
83,24,12.30,371.89,35.61,65.28,0.90,-1,-1,-1
83,25,952.31,397.47,38.75,82.39,0.70,-1,-1,-1
83,9,627.13,388.53,18.82,47.41,0.84,-1,-1,-1
84,1,257.90,266.88,158.43,463.14,0.94,-1,-1,-1
84,5,562.17,380.27,43.63,90.50,0.90,-1,-1,-1
84,7,134.03,334.17,144.90,387.35,0.93,-1,-1,-1
84,11,708.49,387.79,23.83,57.58,0.67,-1,-1,-1
84,12,449.74,394.31,13.36,32.40,0.49,-1,-1,-1
84,16,645.30,390.28,20.91,58.99,0.62,-1,-1,-1
84,20,869.75,394.67,24.64,54.86,0.80,-1,-1,-1
84,21,458.73,393.18,16.34,35.00,0.53,-1,-1,-1
84,22,85.31,372.98,27.82,63.94,0.87,-1,-1,-1
84,24,10.66,372.65,35.66,64.71,0.90,-1,-1,-1
84,25,956.89,397.07,38.40,83.73,0.80,-1,-1,-1
84,9,627.07,388.86,18.89,46.99,0.84,-1,-1,-1
85,1,257.54,267.30,156.34,462.96,0.94,-1,-1,-1
85,5,561.52,380.34,45.83,90.87,0.91,-1,-1,-1
85,7,139.81,335.53,142.47,388.95,0.94,-1,-1,-1
85,11,710.78,387.36,24.09,57.74,0.59,-1,-1,-1
85,12,450.22,394.19,13.56,32.37,0.47,-1,-1,-1
85,16,647.61,389.51,20.72,59.33,0.70,-1,-1,-1
85,20,869.56,393.61,24.95,55.82,0.78,-1,-1,-1
85,21,459.27,393.36,16.25,34.44,0.54,-1,-1,-1
85,22,84.53,373.00,27.72,63.96,0.88,-1,-1,-1
85,24,9.69,372.66,35.76,64.78,0.91,-1,-1,-1
85,25,962.27,396.72,37.02,84.66,0.75,-1,-1,-1
85,9,627.69,388.66,18.32,47.43,0.85,-1,-1,-1
85,15,694.91,388.55,21.52,55.65,0.67,-1,-1,-1
86,1,258.19,268.42,153.91,463.84,0.93,-1,-1,-1
86,5,563.44,380.55,45.55,90.87,0.90,-1,-1,-1
86,7,142.87,337.90,143.00,393.18,0.94,-1,-1,-1
86,11,712.92,386.63,24.19,58.72,0.73,-1,-1,-1
86,12,451.11,393.75,13.65,32.96,0.44,-1,-1,-1
86,16,649.46,389.25,20.67,60.05,0.77,-1,-1,-1
86,20,871.47,395.01,26.27,54.70,0.71,-1,-1,-1
86,21,459.90,393.02,16.23,34.84,0.53,-1,-1,-1
86,22,84.21,373.68,27.47,63.38,0.87,-1,-1,-1
86,24,9.31,373.04,36.16,64.52,0.90,-1,-1,-1
86,25,965.09,396.89,37.70,84.71,0.82,-1,-1,-1
86,9,628.10,388.76,18.10,47.30,0.84,-1,-1,-1
86,15,695.43,388.04,22.29,57.74,0.74,-1,-1,-1
87,1,257.15,269.78,154.87,466.77,0.91,-1,-1,-1
87,5,564.12,380.51,45.97,91.31,0.90,-1,-1,-1
87,7,146.34,341.76,141.04,391.12,0.94,-1,-1,-1
87,11,713.84,386.26,25.43,61.18,0.71,-1,-1,-1
87,12,451.67,393.59,13.97,33.18,0.48,-1,-1,-1
87,16,650.59,388.75,21.24,61.19,0.83,-1,-1,-1
87,20,873.21,395.61,27.34,54.55,0.80,-1,-1,-1
87,21,460.22,393.06,16.36,34.69,0.60,-1,-1,-1
87,22,84.84,373.93,26.46,63.44,0.87,-1,-1,-1
87,24,8.99,373.45,35.13,64.11,0.89,-1,-1,-1
87,25,966.52,398.83,39.11,83.19,0.84,-1,-1,-1
87,9,628.77,388.83,17.41,47.25,0.83,-1,-1,-1
87,15,695.26,388.03,24.85,59.10,0.71,-1,-1,-1
88,1,257.17,271.47,157.78,465.66,0.92,-1,-1,-1
88,5,564.20,380.67,47.30,91.06,0.92,-1,-1,-1
88,7,147.95,345.03,140.87,390.45,0.94,-1,-1,-1
88,11,717.24,387.61,24.72,58.59,0.33,-1,-1,-1
88,12,452.38,393.71,13.96,32.98,0.38,-1,-1,-1
88,16,652.59,388.89,21.47,61.64,0.84,-1,-1,-1
88,20,875.26,396.14,24.83,54.51,0.77,-1,-1,-1
88,21,460.40,392.95,16.41,34.95,0.59,-1,-1,-1
88,22,83.00,373.76,27.46,64.08,0.88,-1,-1,-1
88,24,9.09,372.89,34.23,65.17,0.90,-1,-1,-1
88,25,969.04,397.43,38.46,85.37,0.89,-1,-1,-1
88,9,628.84,389.02,17.77,47.25,0.85,-1,-1,-1
88,15,696.76,388.64,21.42,54.13,0.65,-1,-1,-1
89,1,257.31,273.33,162.86,464.52,0.93,-1,-1,-1
89,5,564.78,380.51,47.81,91.09,0.91,-1,-1,-1
89,7,145.82,346.99,147.23,389.36,0.94,-1,-1,-1
89,11,720.21,387.76,23.84,59.97,0.74,-1,-1,-1
89,12,453.37,393.27,13.51,33.19,0.49,-1,-1,-1
89,16,654.44,388.13,22.75,62.37,0.87,-1,-1,-1
89,20,875.94,395.91,25.05,54.78,0.82,-1,-1,-1
89,21,461.50,392.86,16.29,35.04,0.65,-1,-1,-1
89,22,82.30,373.72,27.68,64.30,0.88,-1,-1,-1
89,24,9.52,371.98,33.67,66.14,0.89,-1,-1,-1
89,25,971.06,396.03,40.58,86.89,0.90,-1,-1,-1
89,9,629.75,388.57,17.32,47.83,0.85,-1,-1,-1
89,15,696.16,388.50,23.47,56.28,0.79,-1,-1,-1
89,26,1024.20,386.55,34.20,98.55,0.74,-1,-1,-1
90,1,258.51,275.11,163.51,463.96,0.92,-1,-1,-1
90,5,565.62,380.20,47.95,91.53,0.90,-1,-1,-1
90,7,146.15,346.21,150.10,386.60,0.94,-1,-1,-1
90,11,723.94,388.03,22.28,58.68,0.62,-1,-1,-1
90,12,454.37,392.98,13.63,33.26,0.42,-1,-1,-1
90,16,655.98,387.46,24.38,63.22,0.87,-1,-1,-1
90,20,876.42,395.46,26.91,54.87,0.80,-1,-1,-1
90,21,462.55,392.56,16.23,35.06,0.52,-1,-1,-1
90,22,82.50,373.84,27.83,64.07,0.87,-1,-1,-1
90,24,10.55,371.31,32.51,66.79,0.88,-1,-1,-1
90,25,972.87,394.99,40.16,87.88,0.87,-1,-1,-1
90,9,630.70,388.45,17.13,47.45,0.82,-1,-1,-1
90,15,695.97,388.51,24.16,56.73,0.77,-1,-1,-1
90,26,1025.34,386.33,34.22,99.12,0.80,-1,-1,-1
91,1,260.31,276.11,159.53,465.91,0.91,-1,-1,-1
91,5,568.16,380.01,46.94,91.68,0.90,-1,-1,-1
91,7,143.82,343.99,154.36,389.73,0.94,-1,-1,-1
91,11,727.46,388.43,22.39,57.67,0.50,-1,-1,-1
91,12,455.46,393.16,13.56,32.74,0.59,-1,-1,-1
91,16,658.33,387.83,26.80,63.04,0.84,-1,-1,-1
91,20,878.79,395.52,28.25,54.98,0.80,-1,-1,-1
91,21,463.83,392.59,15.65,34.83,0.72,-1,-1,-1
91,22,81.08,374.18,29.00,64.07,0.88,-1,-1,-1
91,24,10.38,371.08,31.32,67.12,0.90,-1,-1,-1
91,25,976.16,395.24,38.89,87.03,0.85,-1,-1,-1
91,9,632.23,388.16,17.12,47.67,0.83,-1,-1,-1
91,15,697.19,388.54,22.78,56.08,0.80,-1,-1,-1
91,26,1029.07,384.95,34.30,100.20,0.86,-1,-1,-1
91,8,985.80,396.18,32.80,79.56,0.68,-1,-1,-1
92,1,263.08,276.18,157.06,464.09,0.91,-1,-1,-1
92,5,569.95,379.78,46.42,91.79,0.91,-1,-1,-1
92,7,144.22,341.54,157.27,394.09,0.92,-1,-1,-1
92,11,731.75,390.14,19.97,52.41,0.39,-1,-1,-1
92,12,456.95,393.33,13.36,32.81,0.56,-1,-1,-1
92,16,659.63,387.27,28.83,63.47,0.86,-1,-1,-1
92,20,880.40,395.79,28.14,54.66,0.78,-1,-1,-1
92,21,464.33,392.54,16.01,35.30,0.75,-1,-1,-1
92,22,81.93,374.29,27.69,63.40,0.86,-1,-1,-1
92,24,11.46,370.52,30.30,67.18,0.88,-1,-1,-1
92,25,978.57,395.02,38.29,87.35,0.83,-1,-1,-1
92,9,632.94,388.21,17.08,47.71,0.83,-1,-1,-1
92,15,697.72,388.89,22.72,55.45,0.73,-1,-1,-1
92,26,1031.54,384.83,35.64,100.27,0.88,-1,-1,-1
92,8,990.29,395.16,36.47,80.22,0.78,-1,-1,-1
93,1,264.29,275.60,158.66,462.41,0.91,-1,-1,-1
93,5,574.39,379.39,43.77,91.46,0.90,-1,-1,-1
93,7,150.98,339.37,155.06,388.83,0.94,-1,-1,-1
93,11,732.91,388.91,22.22,56.97,0.61,-1,-1,-1
93,12,457.64,393.19,13.42,33.11,0.56,-1,-1,-1
93,16,661.89,387.06,28.46,63.56,0.85,-1,-1,-1
93,20,882.67,396.21,25.08,54.19,0.78,-1,-1,-1
93,21,465.41,392.47,16.12,35.45,0.74,-1,-1,-1
93,22,84.01,374.23,26.22,63.10,0.86,-1,-1,-1
93,24,12.87,369.14,29.66,68.32,0.89,-1,-1,-1
93,25,981.34,396.78,36.80,85.89,0.84,-1,-1,-1
93,9,633.65,387.91,17.05,47.68,0.83,-1,-1,-1
93,15,696.83,388.88,25.02,57.55,0.78,-1,-1,-1
93,26,1033.79,384.70,38.67,100.37,0.88,-1,-1,-1
93,8,993.85,394.85,39.68,81.57,0.83,-1,-1,-1
94,1,266.33,274.51,160.56,464.06,0.91,-1,-1,-1
94,5,578.43,378.12,40.94,91.96,0.90,-1,-1,-1
94,7,156.01,337.12,153.78,382.17,0.94,-1,-1,-1
94,11,737.53,389.45,20.58,54.96,0.41,-1,-1,-1
94,12,458.84,393.22,13.90,32.94,0.56,-1,-1,-1
94,16,663.31,386.76,28.29,63.60,0.79,-1,-1,-1
94,20,884.19,396.12,24.50,54.04,0.80,-1,-1,-1
94,21,466.62,392.53,16.17,34.93,0.72,-1,-1,-1
94,22,84.05,374.14,26.61,63.01,0.87,-1,-1,-1
94,24,13.59,368.57,28.73,68.77,0.90,-1,-1,-1
94,25,981.81,395.55,39.90,87.01,0.83,-1,-1,-1
94,9,634.50,388.32,17.05,47.09,0.83,-1,-1,-1
94,15,698.24,388.65,25.32,58.04,0.73,-1,-1,-1
94,26,1037.13,384.72,39.70,101.07,0.88,-1,-1,-1
94,8,997.56,395.98,42.08,81.21,0.84,-1,-1,-1
95,1,270.18,272.29,161.89,462.88,0.91,-1,-1,-1
95,5,581.07,377.91,39.29,91.55,0.90,-1,-1,-1
95,7,157.35,335.35,159.61,378.48,0.93,-1,-1,-1
95,11,741.31,388.56,20.55,56.30,0.73,-1,-1,-1
95,12,460.16,392.90,13.79,32.27,0.42,-1,-1,-1
95,16,665.25,387.07,28.79,63.31,0.83,-1,-1,-1
95,20,886.21,396.35,24.30,53.69,0.79,-1,-1,-1
95,21,467.65,392.38,16.78,34.73,0.65,-1,-1,-1
95,22,84.91,373.79,25.86,62.68,0.87,-1,-1,-1
95,24,13.98,368.35,28.48,69.22,0.89,-1,-1,-1
95,25,986.63,400.12,37.51,82.36,0.81,-1,-1,-1
95,9,635.39,388.30,17.05,47.17,0.83,-1,-1,-1
95,15,699.39,388.83,23.09,58.20,0.72,-1,-1,-1
95,26,1040.11,384.53,40.02,100.81,0.90,-1,-1,-1
95,8,1001.76,396.08,43.02,81.64,0.86,-1,-1,-1
96,1,274.84,269.38,163.78,455.81,0.93,-1,-1,-1
96,5,582.60,377.27,39.37,92.05,0.90,-1,-1,-1
96,7,155.80,333.88,169.87,379.75,0.93,-1,-1,-1
96,11,745.13,388.98,21.79,56.23,0.62,-1,-1,-1
96,12,461.33,392.54,14.20,33.24,0.39,-1,-1,-1
96,16,666.91,386.91,29.58,64.11,0.82,-1,-1,-1
96,20,888.02,396.11,25.47,53.88,0.76,-1,-1,-1
96,21,468.87,392.53,16.44,34.67,0.55,-1,-1,-1
96,22,85.16,373.62,25.75,63.18,0.86,-1,-1,-1
96,24,13.51,367.96,28.61,69.42,0.89,-1,-1,-1
96,25,990.54,398.18,37.76,84.86,0.83,-1,-1,-1
96,9,636.38,388.16,17.07,47.22,0.81,-1,-1,-1
96,15,700.54,388.31,24.00,58.87,0.81,-1,-1,-1
96,26,1043.24,384.57,40.12,100.91,0.90,-1,-1,-1
96,8,1006.47,396.38,42.25,82.41,0.87,-1,-1,-1
97,1,280.55,268.06,165.46,458.61,0.92,-1,-1,-1
97,5,585.46,377.42,37.54,91.88,0.91,-1,-1,-1
97,7,152.32,333.20,173.56,382.28,0.93,-1,-1,-1
97,11,747.47,388.96,23.98,57.98,0.76,-1,-1,-1
97,12,462.63,392.90,13.75,32.99,0.61,-1,-1,-1
97,16,670.27,389.04,28.09,62.59,0.76,-1,-1,-1
97,20,890.17,396.17,24.09,54.23,0.76,-1,-1,-1
97,21,470.49,392.48,15.68,34.93,0.72,-1,-1,-1
97,22,85.33,372.32,25.69,64.83,0.87,-1,-1,-1
97,24,13.46,367.47,29.09,69.74,0.90,-1,-1,-1
97,25,994.56,397.23,35.41,86.46,0.75,-1,-1,-1
97,9,635.11,388.50,19.46,46.93,0.83,-1,-1,-1
97,15,700.81,388.68,23.11,58.49,0.74,-1,-1,-1
97,26,1046.36,386.03,40.05,99.65,0.88,-1,-1,-1
97,8,1009.52,396.98,43.04,82.66,0.82,-1,-1,-1
98,1,287.75,267.85,165.85,460.60,0.94,-1,-1,-1
98,5,586.39,377.59,38.13,91.38,0.90,-1,-1,-1
98,7,146.67,332.80,183.76,385.24,0.93,-1,-1,-1
98,11,749.74,387.28,25.97,62.77,0.75,-1,-1,-1
98,12,463.63,393.01,13.58,33.19,0.49,-1,-1,-1
98,16,672.95,390.27,28.07,62.00,0.84,-1,-1,-1
98,20,890.00,395.39,24.78,55.26,0.74,-1,-1,-1
98,21,471.31,392.43,16.01,35.33,0.70,-1,-1,-1
98,22,84.96,371.97,25.75,65.16,0.87,-1,-1,-1
98,24,13.14,367.87,29.31,69.27,0.90,-1,-1,-1
98,25,996.57,397.53,38.19,86.34,0.84,-1,-1,-1
98,9,634.37,388.88,21.45,46.82,0.85,-1,-1,-1
98,26,1048.64,385.42,42.40,101.19,0.88,-1,-1,-1
98,8,1014.68,397.74,42.16,81.85,0.86,-1,-1,-1
98,27,654.30,394.65,18.90,40.50,0.79,-1,-1,-1
98,10,699.35,388.13,25.17,60.73,0.82,-1,-1,-1
99,1,295.56,267.12,165.57,462.64,0.94,-1,-1,-1
99,5,586.27,377.77,40.78,91.36,0.90,-1,-1,-1
99,7,140.09,332.91,195.73,389.42,0.93,-1,-1,-1
99,11,752.45,386.60,27.33,64.87,0.75,-1,-1,-1
99,12,464.43,392.85,13.51,33.28,0.60,-1,-1,-1
99,16,674.98,391.43,28.06,60.89,0.79,-1,-1,-1
99,20,891.05,395.93,26.23,55.07,0.74,-1,-1,-1
99,21,472.05,392.36,15.53,35.49,0.75,-1,-1,-1
99,22,84.83,371.94,25.71,65.29,0.88,-1,-1,-1
99,24,12.76,367.84,28.74,69.08,0.90,-1,-1,-1
99,25,998.41,397.00,40.34,87.19,0.85,-1,-1,-1
99,9,634.22,388.68,22.26,47.09,0.85,-1,-1,-1
99,26,1051.17,384.99,43.27,101.91,0.89,-1,-1,-1
99,8,1017.63,397.23,42.99,82.29,0.86,-1,-1,-1
99,27,655.33,395.06,18.19,39.80,0.80,-1,-1,-1
99,10,698.91,388.35,27.02,60.55,0.81,-1,-1,-1
100,1,301.19,266.76,167.52,466.67,0.94,-1,-1,-1
100,5,588.43,378.42,40.64,91.16,0.91,-1,-1,-1
100,7,133.19,335.35,204.40,389.68,0.93,-1,-1,-1
100,11,755.27,386.76,27.91,64.60,0.71,-1,-1,-1
100,12,464.74,393.12,14.11,33.94,0.54,-1,-1,-1
100,16,678.35,390.93,26.31,62.04,0.78,-1,-1,-1
100,20,892.00,396.70,27.39,55.06,0.72,-1,-1,-1
100,21,472.35,392.51,15.98,35.89,0.70,-1,-1,-1
100,22,84.01,372.29,25.74,66.01,0.89,-1,-1,-1
100,24,11.60,368.65,28.23,69.09,0.89,-1,-1,-1
100,25,1001.81,397.20,40.07,88.05,0.83,-1,-1,-1
100,9,634.95,388.59,22.04,47.84,0.87,-1,-1,-1
100,26,1053.72,385.35,43.63,102.29,0.89,-1,-1,-1
100,8,1022.62,397.58,41.00,82.53,0.86,-1,-1,-1
100,27,656.25,395.51,18.08,39.70,0.71,-1,-1,-1
100,10,699.63,388.27,27.24,60.85,0.81,-1,-1,-1
101,1,303.00,265.98,173.12,469.26,0.94,-1,-1,-1
101,5,591.09,379.99,39.31,89.45,0.93,-1,-1,-1
101,7,128.10,337.61,210.24,398.10,0.92,-1,-1,-1
101,11,758.98,386.80,28.64,65.53,0.70,-1,-1,-1
101,12,465.68,393.59,13.72,33.55,0.47,-1,-1,-1
101,16,681.90,390.71,24.35,62.38,0.82,-1,-1,-1
101,20,893.66,395.92,23.71,56.45,0.74,-1,-1,-1
101,21,473.58,392.79,15.52,35.39,0.69,-1,-1,-1
101,22,83.42,371.88,26.16,67.06,0.88,-1,-1,-1
101,24,11.13,369.01,29.07,69.28,0.89,-1,-1,-1
101,25,1004.80,398.45,38.68,86.60,0.85,-1,-1,-1
101,9,635.25,388.81,22.47,47.76,0.86,-1,-1,-1
101,26,1055.10,385.50,44.83,103.02,0.90,-1,-1,-1
101,8,1027.31,396.66,37.70,84.28,0.87,-1,-1,-1
101,27,656.72,395.07,18.71,40.66,0.79,-1,-1,-1
101,10,702.43,388.36,23.78,60.26,0.81,-1,-1,-1
102,1,302.33,266.31,179.07,474.12,0.94,-1,-1,-1
102,5,590.51,380.94,41.88,89.18,0.91,-1,-1,-1
102,7,122.72,341.53,216.08,396.77,0.90,-1,-1,-1
102,11,761.33,386.58,31.84,68.85,0.82,-1,-1,-1
102,12,466.21,393.72,14.18,33.42,0.50,-1,-1,-1
102,16,684.70,390.38,23.03,63.14,0.84,-1,-1,-1
102,20,896.01,397.31,24.70,55.24,0.68,-1,-1,-1
102,21,474.24,393.29,15.97,34.92,0.64,-1,-1,-1
102,22,81.82,372.61,27.76,66.62,0.89,-1,-1,-1
102,24,10.21,369.88,29.32,69.09,0.90,-1,-1,-1
102,25,1007.93,398.96,36.96,87.29,0.87,-1,-1,-1
102,9,636.26,388.82,22.64,48.05,0.86,-1,-1,-1
102,26,1057.08,385.28,46.48,103.95,0.90,-1,-1,-1
102,8,1035.32,395.47,34.02,86.75,0.87,-1,-1,-1
102,27,657.85,395.66,18.25,40.31,0.67,-1,-1,-1
102,10,704.29,389.07,22.36,59.77,0.83,-1,-1,-1
103,1,300.71,267.21,185.17,471.13,0.95,-1,-1,-1
103,5,590.83,381.42,42.75,89.02,0.91,-1,-1,-1
103,7,119.41,342.49,220.44,396.52,0.88,-1,-1,-1
103,11,765.40,387.80,30.21,66.86,0.81,-1,-1,-1
103,12,467.34,393.55,13.74,32.74,0.32,-1,-1,-1
103,16,687.97,390.09,21.92,63.68,0.83,-1,-1,-1
103,20,897.43,397.86,23.81,55.32,0.77,-1,-1,-1
103,21,474.81,393.42,16.11,34.42,0.62,-1,-1,-1
103,22,78.79,372.17,31.60,67.28,0.90,-1,-1,-1
103,24,9.48,369.48,29.84,69.56,0.90,-1,-1,-1
103,25,1009.22,398.44,37.49,88.68,0.89,-1,-1,-1
103,9,637.15,388.94,22.08,47.83,0.85,-1,-1,-1
103,26,1060.25,385.86,45.86,103.76,0.90,-1,-1,-1
103,8,1042.00,394.32,30.14,87.61,0.85,-1,-1,-1
103,27,658.75,395.22,18.72,40.80,0.73,-1,-1,-1
103,10,704.52,389.47,21.82,59.23,0.84,-1,-1,-1
103,28,724.50,395.10,15.30,42.30,0.75,-1,-1,-1
104,1,298.70,268.01,189.86,478.12,0.94,-1,-1,-1
104,5,591.38,381.87,43.10,88.67,0.91,-1,-1,-1
104,7,114.99,344.35,225.81,396.36,0.89,-1,-1,-1
104,11,767.98,387.51,28.88,68.08,0.80,-1,-1,-1
104,12,467.32,393.02,14.17,33.39,0.40,-1,-1,-1
104,16,689.86,389.79,22.18,64.17,0.84,-1,-1,-1
104,20,898.41,398.30,22.87,55.04,0.80,-1,-1,-1
104,21,475.47,393.60,15.57,34.23,0.59,-1,-1,-1
104,22,76.79,372.33,33.70,67.21,0.90,-1,-1,-1
104,24,8.80,369.66,28.99,69.43,0.89,-1,-1,-1
104,25,1010.11,400.38,38.88,86.97,0.89,-1,-1,-1
104,9,637.68,388.81,21.86,48.04,0.85,-1,-1,-1
104,26,1063.06,386.30,45.57,103.97,0.91,-1,-1,-1
104,8,1047.17,394.99,27.56,87.33,0.85,-1,-1,-1
104,27,659.23,394.89,19.51,41.28,0.75,-1,-1,-1
104,10,703.88,388.23,22.25,61.13,0.84,-1,-1,-1
104,28,724.70,395.33,16.75,42.32,0.74,-1,-1,-1
104,29,675.45,391.05,18.00,46.35,0.70,-1,-1,-1
105,1,296.48,271.19,193.29,476.93,0.95,-1,-1,-1
105,5,592.17,382.07,42.62,88.83,0.91,-1,-1,-1
105,7,112.63,346.40,224.62,393.97,0.90,-1,-1,-1
105,11,770.34,388.35,28.94,67.04,0.82,-1,-1,-1
105,12,467.65,393.16,14.32,33.03,0.38,-1,-1,-1
105,16,691.69,389.73,22.27,64.64,0.83,-1,-1,-1
105,20,899.62,398.97,23.14,54.93,0.81,-1,-1,-1
105,21,476.06,393.86,15.36,34.46,0.64,-1,-1,-1
105,22,75.71,373.45,33.82,65.98,0.89,-1,-1,-1
105,24,7.73,369.75,29.88,69.66,0.89,-1,-1,-1
105,25,1012.10,400.46,39.38,87.63,0.89,-1,-1,-1
105,9,638.78,389.26,21.16,47.81,0.85,-1,-1,-1
105,26,1064.59,386.10,45.42,104.77,0.90,-1,-1,-1
105,8,1051.20,395.78,26.76,85.85,0.86,-1,-1,-1
105,27,660.01,394.83,19.78,41.43,0.78,-1,-1,-1
105,10,704.25,388.13,22.39,61.82,0.83,-1,-1,-1
105,28,725.14,396.11,17.02,41.62,0.70,-1,-1,-1
105,29,676.00,391.31,18.01,46.00,0.71,-1,-1,-1
105,30,1158.30,400.50,25.20,63.45,0.73,-1,-1,-1
106,1,294.57,272.08,195.65,473.81,0.95,-1,-1,-1
106,5,596.41,381.96,40.06,89.36,0.90,-1,-1,-1
106,7,111.46,347.16,222.05,393.09,0.89,-1,-1,-1
106,11,771.58,387.88,30.73,70.18,0.82,-1,-1,-1
106,12,468.72,393.06,14.39,33.79,0.46,-1,-1,-1
106,16,694.21,388.93,21.11,65.11,0.82,-1,-1,-1
106,20,900.48,398.55,22.95,55.19,0.84,-1,-1,-1
106,21,476.34,393.48,15.29,34.85,0.64,-1,-1,-1
106,22,75.32,374.36,32.91,65.21,0.89,-1,-1,-1
106,24,7.13,370.10,28.66,69.75,0.89,-1,-1,-1
106,25,1014.15,399.95,39.59,88.03,0.90,-1,-1,-1
106,9,639.32,389.24,21.49,48.03,0.85,-1,-1,-1
106,26,1068.83,386.24,44.17,104.47,0.91,-1,-1,-1
106,8,1054.43,396.01,29.10,85.88,0.87,-1,-1,-1
106,27,660.98,394.78,19.27,41.79,0.78,-1,-1,-1
106,10,705.72,388.50,21.27,61.20,0.76,-1,-1,-1
106,28,726.62,396.47,16.43,41.03,0.52,-1,-1,-1
106,29,675.86,391.52,18.01,46.29,0.73,-1,-1,-1
106,30,1161.59,400.69,25.22,64.01,0.87,-1,-1,-1
107,1,292.24,272.06,197.91,471.10,0.95,-1,-1,-1
107,5,599.11,381.87,39.07,88.97,0.92,-1,-1,-1
107,7,111.19,346.30,222.32,393.81,0.90,-1,-1,-1
107,11,777.11,388.69,28.51,71.05,0.79,-1,-1,-1
107,12,470.21,392.67,13.82,34.08,0.37,-1,-1,-1
107,16,696.49,390.81,20.07,63.50,0.82,-1,-1,-1
107,20,901.28,398.51,22.28,55.29,0.82,-1,-1,-1
107,21,476.34,392.69,15.87,35.30,0.69,-1,-1,-1
107,22,75.71,374.32,31.93,65.22,0.89,-1,-1,-1
107,24,6.47,370.01,28.40,69.48,0.90,-1,-1,-1
107,25,1018.33,400.92,38.47,86.99,0.87,-1,-1,-1
107,9,640.61,389.04,20.43,48.11,0.84,-1,-1,-1
107,26,1071.48,385.53,43.65,105.69,0.90,-1,-1,-1
107,8,1057.82,397.27,32.28,86.47,0.87,-1,-1,-1
107,27,661.84,395.03,18.45,41.30,0.79,-1,-1,-1
107,10,704.99,389.20,22.05,60.35,0.69,-1,-1,-1
107,28,726.96,396.01,16.23,41.21,0.58,-1,-1,-1
107,29,676.67,391.36,17.31,46.37,0.72,-1,-1,-1
107,30,1164.32,400.54,29.38,64.30,0.87,-1,-1,-1
108,1,291.15,272.46,198.68,470.25,0.95,-1,-1,-1
108,5,600.65,381.54,38.75,89.41,0.91,-1,-1,-1
108,7,115.26,343.30,222.16,393.21,0.88,-1,-1,-1
108,11,781.28,388.83,27.58,70.75,0.80,-1,-1,-1
108,12,470.77,392.58,13.60,33.58,0.34,-1,-1,-1
108,16,697.81,391.97,21.60,62.57,0.85,-1,-1,-1
108,20,903.03,398.27,21.74,55.02,0.83,-1,-1,-1
108,21,476.34,392.15,16.09,35.76,0.72,-1,-1,-1
108,22,75.57,374.03,32.22,65.80,0.88,-1,-1,-1
108,24,5.74,369.88,28.56,69.66,0.88,-1,-1,-1
108,25,1022.20,399.09,36.85,88.66,0.88,-1,-1,-1
108,9,641.40,388.83,20.02,48.13,0.83,-1,-1,-1
108,26,1074.13,385.13,43.47,105.81,0.91,-1,-1,-1
108,8,1061.27,397.32,33.50,85.18,0.88,-1,-1,-1
108,27,662.73,394.83,17.53,41.40,0.79,-1,-1,-1
108,10,705.30,388.86,22.35,60.91,0.74,-1,-1,-1
108,28,727.34,396.00,17.49,40.96,0.46,-1,-1,-1
108,29,677.58,391.12,17.78,46.38,0.75,-1,-1,-1
108,30,1167.02,400.21,28.26,64.89,0.85,-1,-1,-1
109,1,290.25,272.48,198.31,468.80,0.95,-1,-1,-1
109,5,603.24,381.39,36.80,88.40,0.91,-1,-1,-1
109,7,115.89,340.91,216.78,390.22,0.90,-1,-1,-1
109,11,783.89,388.75,27.82,70.32,0.76,-1,-1,-1
109,12,470.92,392.48,12.91,32.20,0.17,-1,-1,-1
109,16,699.12,392.55,22.70,62.23,0.83,-1,-1,-1
109,20,903.91,398.38,21.85,54.63,0.82,-1,-1,-1
109,21,476.29,391.73,16.17,36.23,0.74,-1,-1,-1
109,22,75.61,373.73,31.49,66.03,0.88,-1,-1,-1
109,24,4.49,369.02,29.23,70.33,0.87,-1,-1,-1
109,25,1022.31,398.78,38.65,89.00,0.90,-1,-1,-1
109,9,641.35,388.72,20.46,48.14,0.85,-1,-1,-1
109,26,1076.81,384.81,43.36,106.16,0.90,-1,-1,-1
109,8,1064.18,398.80,36.32,83.94,0.87,-1,-1,-1
109,27,663.30,394.45,17.19,41.74,0.78,-1,-1,-1
109,10,706.89,389.48,21.85,59.94,0.68,-1,-1,-1
109,28,728.03,396.31,17.90,40.56,0.41,-1,-1,-1
109,29,677.81,390.71,17.93,46.71,0.72,-1,-1,-1
109,30,1169.12,400.24,27.54,65.07,0.87,-1,-1,-1
110,1,289.44,270.63,196.97,473.88,0.95,-1,-1,-1
110,5,605.37,381.19,35.48,89.12,0.90,-1,-1,-1
110,7,117.81,336.98,210.28,389.90,0.92,-1,-1,-1
110,11,787.53,389.05,27.91,70.16,0.79,-1,-1,-1
110,12,471.18,392.01,12.66,32.60,0.19,-1,-1,-1
110,16,700.48,392.64,24.32,61.84,0.84,-1,-1,-1
110,20,904.95,396.97,22.51,56.00,0.83,-1,-1,-1
110,21,476.79,391.15,16.20,37.31,0.74,-1,-1,-1
110,22,75.43,372.55,29.72,67.04,0.88,-1,-1,-1
110,24,1.92,368.22,31.02,70.91,0.88,-1,-1,-1
110,25,1023.71,398.57,40.48,89.62,0.90,-1,-1,-1
110,9,641.63,388.26,20.03,48.47,0.85,-1,-1,-1
110,26,1080.96,384.74,42.13,106.33,0.89,-1,-1,-1
110,8,1066.60,398.66,38.55,85.16,0.85,-1,-1,-1
110,27,664.42,394.19,17.08,42.18,0.76,-1,-1,-1
110,10,709.06,391.70,21.06,55.99,0.12,-1,-1,-1
110,28,729.54,396.45,17.43,40.77,0.40,-1,-1,-1
110,29,677.89,390.75,18.62,47.16,0.70,-1,-1,-1
110,30,1171.86,399.81,27.27,65.31,0.87,-1,-1,-1
111,1,289.58,268.66,194.34,477.85,0.94,-1,-1,-1
111,5,607.40,380.52,33.81,89.36,0.90,-1,-1,-1
111,7,121.95,333.66,207.17,385.92,0.92,-1,-1,-1
111,11,790.05,387.20,28.54,73.47,0.78,-1,-1,-1
111,16,701.33,391.88,25.52,62.57,0.84,-1,-1,-1
111,20,906.22,397.27,23.06,55.91,0.83,-1,-1,-1
111,21,477.10,390.80,16.81,37.42,0.73,-1,-1,-1
111,22,75.40,371.89,28.95,67.40,0.88,-1,-1,-1
111,24,0.69,367.72,30.86,71.40,0.89,-1,-1,-1
111,25,1025.93,398.27,41.18,89.96,0.89,-1,-1,-1
111,9,642.12,387.93,19.87,48.57,0.85,-1,-1,-1
111,26,1084.21,384.19,41.66,106.80,0.90,-1,-1,-1
111,8,1069.71,398.07,39.43,86.62,0.86,-1,-1,-1
111,27,665.50,394.52,17.04,41.44,0.73,-1,-1,-1
111,10,710.84,392.06,20.77,55.10,0.15,-1,-1,-1
111,28,730.74,396.46,17.25,40.53,0.29,-1,-1,-1
111,29,678.90,390.43,18.25,47.29,0.70,-1,-1,-1
111,30,1173.91,399.73,27.16,65.19,0.87,-1,-1,-1
112,1,289.77,266.17,191.17,481.10,0.94,-1,-1,-1
112,5,608.52,380.00,33.23,89.76,0.90,-1,-1,-1
112,7,125.92,331.71,200.26,389.97,0.93,-1,-1,-1
112,11,793.10,386.40,29.36,73.38,0.79,-1,-1,-1
112,16,703.16,392.98,25.40,60.76,0.83,-1,-1,-1
112,20,906.20,395.80,24.75,57.35,0.84,-1,-1,-1
112,21,477.06,390.71,17.03,37.74,0.76,-1,-1,-1
112,22,74.94,371.22,27.99,68.12,0.88,-1,-1,-1
112,24,-0.85,367.27,31.56,71.58,0.89,-1,-1,-1
112,25,1027.71,397.91,41.44,90.07,0.90,-1,-1,-1
112,9,642.44,387.70,19.80,48.61,0.84,-1,-1,-1
112,26,1084.53,383.14,43.88,107.85,0.88,-1,-1,-1
112,8,1072.91,397.15,39.75,87.31,0.80,-1,-1,-1
112,27,666.01,394.70,17.04,41.14,0.71,-1,-1,-1
112,28,731.60,396.65,17.17,40.14,0.22,-1,-1,-1
112,29,679.71,390.51,18.10,47.02,0.67,-1,-1,-1
112,30,1175.59,399.29,28.35,65.30,0.87,-1,-1,-1
113,1,291.52,264.39,185.40,481.81,0.94,-1,-1,-1
113,5,608.08,379.24,34.29,90.83,0.87,-1,-1,-1
113,7,130.76,330.19,194.11,392.77,0.94,-1,-1,-1
113,11,797.31,385.97,29.09,70.97,0.80,-1,-1,-1
113,16,705.75,392.21,24.77,62.80,0.77,-1,-1,-1
113,20,907.00,395.12,24.82,58.49,0.84,-1,-1,-1
113,21,477.15,390.58,17.12,37.86,0.72,-1,-1,-1
113,22,74.00,370.47,27.20,69.29,0.88,-1,-1,-1
113,24,-3.53,367.49,33.08,71.65,0.89,-1,-1,-1
113,25,1030.36,398.52,41.55,89.09,0.89,-1,-1,-1
113,9,642.41,387.80,19.79,48.63,0.84,-1,-1,-1
113,26,1087.83,383.19,43.55,108.11,0.88,-1,-1,-1
113,8,1077.82,395.76,38.71,89.80,0.82,-1,-1,-1
113,27,666.93,394.50,17.05,41.64,0.70,-1,-1,-1
113,28,732.96,397.35,16.54,39.40,0.21,-1,-1,-1
113,29,679.84,391.03,18.66,46.62,0.67,-1,-1,-1
113,30,1178.23,399.27,28.79,65.80,0.87,-1,-1,-1
114,1,293.86,262.40,179.94,478.56,0.93,-1,-1,-1
114,5,608.76,378.39,35.27,91.51,0.87,-1,-1,-1
114,7,136.84,329.33,185.70,399.73,0.93,-1,-1,-1
114,11,799.33,385.40,30.16,75.38,0.79,-1,-1,-1
114,16,708.39,391.07,24.51,64.72,0.70,-1,-1,-1
114,20,908.35,395.21,24.23,58.03,0.83,-1,-1,-1
114,21,477.45,390.55,17.15,37.60,0.66,-1,-1,-1
114,22,73.28,370.01,26.07,69.71,0.88,-1,-1,-1
114,24,-4.98,367.39,32.73,71.96,0.87,-1,-1,-1
114,25,1033.55,397.77,40.37,89.74,0.90,-1,-1,-1
114,9,642.94,387.86,19.18,48.33,0.86,-1,-1,-1
114,26,1090.66,384.18,43.38,107.59,0.88,-1,-1,-1
114,8,1082.39,396.33,37.08,88.81,0.78,-1,-1,-1
114,27,668.10,394.75,16.45,41.22,0.65,-1,-1,-1
114,28,734.90,396.40,16.91,40.06,0.34,-1,-1,-1
114,29,679.52,391.25,18.26,45.85,0.57,-1,-1,-1
114,30,1178.98,399.04,30.13,65.05,0.85,-1,-1,-1
115,1,295.43,259.36,174.46,478.38,0.93,-1,-1,-1
115,5,610.16,378.01,36.26,91.48,0.90,-1,-1,-1
115,7,143.89,329.28,177.17,401.21,0.93,-1,-1,-1
115,11,802.68,384.41,29.97,77.43,0.78,-1,-1,-1
115,16,711.42,392.34,23.22,63.99,0.69,-1,-1,-1
115,20,909.46,395.33,24.01,58.14,0.82,-1,-1,-1
115,21,478.73,390.63,16.56,37.50,0.70,-1,-1,-1
115,22,72.29,369.79,25.51,69.87,0.89,-1,-1,-1
115,24,-3.06,367.31,29.77,72.07,0.87,-1,-1,-1
115,25,1036.52,396.09,39.92,91.92,0.88,-1,-1,-1
115,9,643.13,387.68,18.96,48.23,0.86,-1,-1,-1
115,26,1092.29,384.05,44.51,107.54,0.87,-1,-1,-1
115,8,1088.80,391.89,35.24,94.21,0.47,-1,-1,-1
115,27,669.42,395.54,15.62,40.16,0.57,-1,-1,-1
115,28,735.58,396.59,18.85,39.41,0.14,-1,-1,-1
115,29,679.08,391.42,18.71,45.26,0.67,-1,-1,-1
115,30,1180.44,398.90,32.98,65.99,0.86,-1,-1,-1
115,31,1260.90,404.32,19.80,53.10,0.77,-1,-1,-1
115,10,703.96,387.94,19.92,60.53,0.69,-1,-1,-1
116,1,294.69,260.15,171.65,483.55,0.93,-1,-1,-1
116,5,610.94,378.58,36.63,91.44,0.90,-1,-1,-1
116,7,150.34,329.98,173.81,404.61,0.93,-1,-1,-1
116,11,807.64,384.45,28.09,76.87,0.79,-1,-1,-1
116,16,714.56,393.39,21.49,63.08,0.68,-1,-1,-1
116,20,910.66,396.25,23.61,57.86,0.82,-1,-1,-1
116,21,479.24,390.92,16.93,37.44,0.73,-1,-1,-1
116,22,71.59,369.94,25.32,69.90,0.88,-1,-1,-1
116,24,-7.01,367.35,33.25,72.39,0.86,-1,-1,-1
116,25,1038.63,396.33,40.92,92.56,0.87,-1,-1,-1
116,9,643.79,387.72,18.87,48.47,0.85,-1,-1,-1
116,26,1094.47,383.99,44.91,108.22,0.91,-1,-1,-1
116,8,1094.53,394.16,32.10,91.82,0.12,-1,-1,-1
116,27,670.46,395.64,15.31,40.35,0.62,-1,-1,-1
116,28,736.66,397.22,18.40,38.85,0.22,-1,-1,-1
116,29,678.88,391.58,18.86,45.04,0.62,-1,-1,-1
116,30,1182.52,399.29,34.05,66.01,0.85,-1,-1,-1
116,31,1263.48,404.56,19.81,53.12,0.76,-1,-1,-1
116,10,703.08,387.68,22.35,62.11,0.79,-1,-1,-1
117,1,293.40,259.73,169.79,488.08,0.93,-1,-1,-1
117,5,611.46,379.41,37.97,91.44,0.91,-1,-1,-1
117,7,157.35,332.65,169.69,402.98,0.92,-1,-1,-1
117,11,809.69,383.89,29.18,76.62,0.79,-1,-1,-1
117,16,716.83,393.49,21.49,63.64,0.56,-1,-1,-1
117,20,911.70,396.62,24.66,58.06,0.83,-1,-1,-1
117,21,479.67,391.34,17.06,37.13,0.67,-1,-1,-1
117,22,70.49,369.87,25.65,70.51,0.89,-1,-1,-1
117,24,-9.38,367.68,33.85,72.51,0.87,-1,-1,-1
117,25,1041.19,395.12,41.30,94.73,0.88,-1,-1,-1
117,9,644.31,387.90,18.85,48.57,0.83,-1,-1,-1
117,26,1097.64,383.39,45.06,109.38,0.90,-1,-1,-1
117,27,671.10,397.04,15.22,40.14,0.50,-1,-1,-1
117,28,737.03,396.85,18.20,39.57,0.21,-1,-1,-1
117,29,679.38,391.80,18.32,45.27,0.62,-1,-1,-1
117,30,1185.10,399.90,36.77,66.18,0.85,-1,-1,-1
117,31,1266.89,404.46,18.43,53.47,0.73,-1,-1,-1
117,10,702.78,386.89,23.69,63.27,0.83,-1,-1,-1
118,1,287.09,259.42,173.80,502.69,0.91,-1,-1,-1
118,5,609.55,380.71,41.42,90.40,0.90,-1,-1,-1
118,7,164.46,335.49,164.10,408.86,0.92,-1,-1,-1
118,11,814.52,384.35,28.40,77.68,0.78,-1,-1,-1
118,16,719.70,393.01,21.50,64.15,0.79,-1,-1,-1
118,20,912.38,396.07,25.35,59.02,0.83,-1,-1,-1
118,21,480.08,391.47,17.12,37.00,0.71,-1,-1,-1
118,22,67.74,370.17,27.15,70.73,0.87,-1,-1,-1
118,24,-11.91,367.70,34.93,72.85,0.86,-1,-1,-1
118,25,1044.47,394.40,40.27,95.69,0.90,-1,-1,-1
118,9,644.47,387.91,18.85,48.61,0.83,-1,-1,-1
118,26,1100.57,383.63,45.13,109.52,0.90,-1,-1,-1
118,27,671.59,395.40,15.81,42.46,0.44,-1,-1,-1
118,28,738.31,396.64,17.53,39.85,0.39,-1,-1,-1
118,29,679.55,391.06,18.12,46.26,0.34,-1,-1,-1
118,30,1186.67,400.14,36.68,65.78,0.86,-1,-1,-1
118,31,1269.18,404.30,17.97,53.94,0.59,-1,-1,-1
118,10,702.67,386.23,23.65,63.39,0.84,-1,-1,-1
119,1,284.79,258.96,174.69,507.59,0.91,-1,-1,-1
119,5,609.70,381.30,42.15,89.55,0.91,-1,-1,-1
119,7,170.37,337.95,162.28,408.11,0.91,-1,-1,-1
119,11,819.26,384.49,27.49,77.18,0.81,-1,-1,-1
119,16,721.90,392.62,22.72,64.05,0.82,-1,-1,-1
119,20,913.22,395.52,26.20,59.67,0.85,-1,-1,-1
119,21,480.84,391.15,17.13,37.26,0.76,-1,-1,-1
119,22,67.01,369.46,27.11,71.40,0.88,-1,-1,-1
119,24,-11.17,368.06,32.65,72.97,0.85,-1,-1,-1
119,25,1046.85,395.13,41.06,95.31,0.89,-1,-1,-1
119,9,645.45,388.16,18.26,48.63,0.81,-1,-1,-1
119,26,1102.22,383.40,47.51,110.45,0.91,-1,-1,-1
119,27,672.36,395.46,15.43,42.73,0.53,-1,-1,-1
119,28,740.29,395.76,16.66,40.55,0.18,-1,-1,-1
119,29,679.32,390.73,18.04,46.94,0.52,-1,-1,-1
119,30,1188.98,400.36,37.75,65.47,0.83,-1,-1,-1
119,31,1271.78,404.24,17.87,53.06,0.21,-1,-1,-1
119,10,702.09,386.53,23.61,62.83,0.86,-1,-1,-1
120,1,282.90,259.46,174.70,510.53,0.91,-1,-1,-1
120,5,610.86,381.30,41.25,89.83,0.89,-1,-1,-1
120,7,173.80,339.37,160.10,406.71,0.91,-1,-1,-1
120,11,822.06,384.79,28.34,77.70,0.82,-1,-1,-1
120,16,723.22,390.91,25.52,66.39,0.86,-1,-1,-1
120,20,914.92,397.20,25.64,58.43,0.86,-1,-1,-1
120,21,481.99,391.40,16.54,36.75,0.65,-1,-1,-1
120,22,65.97,368.63,26.42,72.52,0.88,-1,-1,-1
120,24,-12.27,367.77,32.26,74.20,0.84,-1,-1,-1
120,25,1049.99,395.40,40.15,95.57,0.89,-1,-1,-1
120,9,646.07,388.34,17.42,48.33,0.79,-1,-1,-1
120,26,1105.06,383.15,48.38,111.38,0.90,-1,-1,-1
120,27,673.50,397.35,14.68,40.16,0.26,-1,-1,-1
120,28,741.55,395.67,16.33,40.53,0.17,-1,-1,-1
120,29,678.90,390.98,18.61,46.89,0.67,-1,-1,-1
120,30,1190.33,400.87,41.60,65.06,0.87,-1,-1,-1
120,10,701.57,387.34,23.58,62.28,0.86,-1,-1,-1
121,1,282.51,259.97,174.15,510.29,0.91,-1,-1,-1
121,5,614.49,381.40,37.92,89.77,0.88,-1,-1,-1
121,7,174.79,339.60,162.75,410.55,0.90,-1,-1,-1
121,11,825.62,385.30,28.07,76.83,0.80,-1,-1,-1
121,16,725.08,390.67,26.57,66.95,0.85,-1,-1,-1
121,20,916.08,397.64,25.41,58.23,0.85,-1,-1,-1
121,21,482.38,391.31,16.91,36.85,0.64,-1,-1,-1
121,22,66.01,368.33,25.71,72.93,0.88,-1,-1,-1
121,24,-12.65,367.68,31.56,74.64,0.85,-1,-1,-1
121,25,1052.19,395.14,41.00,96.23,0.90,-1,-1,-1
121,9,646.87,388.66,17.13,47.91,0.79,-1,-1,-1
121,26,1106.58,383.13,48.71,111.25,0.84,-1,-1,-1
121,27,674.45,394.23,15.65,42.50,0.36,-1,-1,-1
121,28,742.53,395.73,15.61,40.51,0.17,-1,-1,-1
121,29,678.70,391.33,18.82,46.57,0.72,-1,-1,-1
121,30,1192.99,401.12,40.82,65.04,0.84,-1,-1,-1
121,10,700.45,387.62,24.14,62.04,0.85,-1,-1,-1
122,1,285.13,260.21,172.04,513.47,0.91,-1,-1,-1
122,5,613.21,381.64,40.91,89.31,0.89,-1,-1,-1
122,7,168.99,339.98,164.30,402.62,0.90,-1,-1,-1
122,11,828.75,385.50,29.18,78.85,0.77,-1,-1,-1
122,16,726.15,390.75,28.74,67.16,0.87,-1,-1,-1
122,20,917.21,396.58,25.33,59.34,0.83,-1,-1,-1
122,21,483.80,391.09,16.47,37.19,0.72,-1,-1,-1
122,22,62.49,369.03,28.73,72.78,0.88,-1,-1,-1
122,24,-12.20,368.19,29.10,74.79,0.82,-1,-1,-1
122,25,1055.47,394.84,40.16,96.31,0.89,-1,-1,-1
122,9,647.24,388.53,17.04,48.06,0.70,-1,-1,-1
122,26,1111.34,382.75,42.98,111.46,0.80,-1,-1,-1
122,28,743.87,395.03,15.97,41.10,0.17,-1,-1,-1
122,29,678.15,391.21,19.51,46.44,0.78,-1,-1,-1
122,30,1195.32,400.66,41.60,65.47,0.89,-1,-1,-1
122,10,698.12,387.17,26.71,62.53,0.85,-1,-1,-1
122,8,1122.25,394.19,45.93,97.80,0.83,-1,-1,-1
123,1,284.01,261.40,173.51,512.35,0.91,-1,-1,-1
123,5,614.56,381.58,40.76,89.13,0.90,-1,-1,-1
123,7,167.46,339.26,163.85,395.31,0.91,-1,-1,-1
123,11,831.30,385.49,30.15,80.18,0.79,-1,-1,-1
123,16,727.11,390.53,31.26,67.22,0.87,-1,-1,-1
123,20,918.48,397.00,26.17,58.86,0.85,-1,-1,-1
123,21,484.37,390.37,16.89,37.91,0.70,-1,-1,-1
123,22,61.98,369.17,29.42,72.99,0.88,-1,-1,-1
123,24,-12.14,368.36,28.00,74.24,0.81,-1,-1,-1
123,25,1058.96,393.96,39.80,97.36,0.91,-1,-1,-1
123,9,648.00,388.05,17.01,48.41,0.75,-1,-1,-1
123,26,1112.35,382.44,41.85,111.98,0.85,-1,-1,-1
123,29,678.54,391.03,19.16,46.39,0.74,-1,-1,-1
123,30,1197.83,400.64,40.69,65.19,0.86,-1,-1,-1
123,10,699.82,386.60,25.39,62.69,0.84,-1,-1,-1
123,8,1124.68,393.95,53.58,98.34,0.90,-1,-1,-1
124,1,279.15,261.70,179.69,508.66,0.91,-1,-1,-1
124,5,615.61,380.50,41.26,89.81,0.91,-1,-1,-1
124,7,170.34,337.60,165.91,397.20,0.89,-1,-1,-1
124,11,834.17,385.49,31.69,80.66,0.81,-1,-1,-1
124,16,730.22,390.45,32.25,67.81,0.87,-1,-1,-1
124,20,918.56,393.45,27.94,61.95,0.86,-1,-1,-1
124,21,484.84,389.35,17.63,38.76,0.70,-1,-1,-1
124,22,62.36,368.59,28.22,73.64,0.88,-1,-1,-1
124,24,-12.21,367.93,27.29,74.32,0.78,-1,-1,-1
124,25,1062.49,395.73,39.65,95.66,0.89,-1,-1,-1
124,9,648.52,387.71,17.00,48.83,0.77,-1,-1,-1
124,26,1118.67,382.37,49.99,110.99,0.63,-1,-1,-1
124,29,678.65,390.22,19.02,46.96,0.79,-1,-1,-1
124,30,1200.39,400.06,39.09,65.37,0.85,-1,-1,-1
124,10,697.57,386.54,28.35,62.14,0.87,-1,-1,-1
124,8,1126.60,390.18,59.99,102.81,0.86,-1,-1,-1
125,1,277.42,262.10,183.19,504.43,0.91,-1,-1,-1
125,5,618.38,379.60,40.26,89.90,0.91,-1,-1,-1
125,7,174.25,335.02,163.14,396.82,0.89,-1,-1,-1
125,11,838.10,384.99,32.27,79.77,0.79,-1,-1,-1
125,16,734.01,390.66,32.05,67.42,0.89,-1,-1,-1
125,20,918.89,390.74,28.90,64.24,0.87,-1,-1,-1
125,21,485.65,388.91,17.91,38.49,0.64,-1,-1,-1
125,22,61.95,368.06,28.11,73.57,0.89,-1,-1,-1
125,24,-12.88,366.71,27.13,75.22,0.70,-1,-1,-1
125,25,1064.90,394.10,40.79,97.22,0.90,-1,-1,-1
125,9,649.34,387.38,17.61,49.29,0.75,-1,-1,-1
125,26,1118.12,381.81,65.13,111.94,0.81,-1,-1,-1
125,29,679.33,390.00,18.36,46.57,0.80,-1,-1,-1
125,30,1203.05,399.31,39.63,66.18,0.85,-1,-1,-1
125,10,696.52,386.17,29.99,61.91,0.87,-1,-1,-1
125,8,1130.55,392.33,62.67,99.94,0.89,-1,-1,-1
126,1,276.46,261.73,187.22,503.43,0.91,-1,-1,-1
126,5,621.21,377.98,39.28,90.70,0.89,-1,-1,-1
126,7,180.70,331.74,163.10,396.74,0.91,-1,-1,-1
126,11,842.47,384.71,31.91,78.08,0.81,-1,-1,-1
126,16,736.63,390.51,32.52,67.56,0.89,-1,-1,-1
126,20,920.18,388.31,28.12,66.29,0.86,-1,-1,-1
126,21,487.11,389.13,16.84,38.08,0.70,-1,-1,-1
126,22,61.84,368.25,28.30,73.24,0.89,-1,-1,-1
126,24,-14.38,366.33,27.29,74.38,0.71,-1,-1,-1
126,25,1067.57,392.36,41.23,98.68,0.91,-1,-1,-1
126,9,650.53,387.32,17.24,48.57,0.70,-1,-1,-1
126,26,1124.39,381.51,52.12,112.40,0.75,-1,-1,-1
126,29,679.90,389.99,18.72,46.73,0.79,-1,-1,-1
126,30,1207.02,399.08,38.65,66.19,0.85,-1,-1,-1
126,10,696.71,386.55,30.07,61.22,0.86,-1,-1,-1
126,8,1134.37,393.11,64.84,99.20,0.89,-1,-1,-1
127,1,274.77,260.87,192.39,489.17,0.91,-1,-1,-1
127,5,624.88,377.27,37.09,91.14,0.90,-1,-1,-1
127,7,184.22,329.04,159.59,396.73,0.92,-1,-1,-1
127,11,844.87,384.36,34.11,76.22,0.81,-1,-1,-1
127,16,738.40,390.64,33.26,67.61,0.90,-1,-1,-1
127,20,921.50,387.58,28.67,67.06,0.84,-1,-1,-1
127,21,487.59,388.95,17.01,38.22,0.69,-1,-1,-1
127,22,61.60,367.75,27.84,73.70,0.89,-1,-1,-1
127,24,-15.75,368.45,27.24,71.66,0.62,-1,-1,-1
127,25,1070.22,391.32,42.57,99.38,0.91,-1,-1,-1
127,9,651.83,387.64,17.11,47.70,0.67,-1,-1,-1
127,26,1128.22,381.17,46.38,111.68,0.64,-1,-1,-1
127,29,680.66,390.03,18.25,46.19,0.77,-1,-1,-1
127,30,1209.00,398.46,38.24,67.09,0.86,-1,-1,-1
127,10,697.93,386.01,29.49,61.84,0.88,-1,-1,-1
127,8,1138.01,391.24,66.78,102.33,0.84,-1,-1,-1
128,1,278.60,259.83,192.73,492.04,0.92,-1,-1,-1
128,5,627.65,376.89,36.28,91.76,0.90,-1,-1,-1
128,7,184.34,326.57,164.01,398.56,0.91,-1,-1,-1
128,11,850.85,383.21,32.05,76.72,0.80,-1,-1,-1
128,16,740.41,390.87,33.53,67.92,0.89,-1,-1,-1
128,20,923.67,386.33,27.70,68.22,0.85,-1,-1,-1
128,21,487.97,389.07,17.67,38.28,0.66,-1,-1,-1
128,22,60.81,367.29,28.41,73.87,0.89,-1,-1,-1
128,24,-18.56,369.57,27.63,70.93,0.11,-1,-1,-1
128,25,1072.87,392.90,43.07,98.29,0.90,-1,-1,-1
128,9,652.22,387.19,17.66,48.27,0.55,-1,-1,-1
128,26,1130.04,380.63,46.84,113.35,0.86,-1,-1,-1
128,29,681.48,389.48,18.07,46.89,0.82,-1,-1,-1
128,30,1212.61,398.41,38.06,67.57,0.86,-1,-1,-1
128,10,696.91,385.98,30.41,61.49,0.87,-1,-1,-1
128,8,1145.53,391.46,60.72,101.43,0.87,-1,-1,-1
128,32,716.40,389.92,20.70,47.70,0.75,-1,-1,-1
129,1,286.01,259.03,190.45,495.11,0.92,-1,-1,-1
129,5,629.22,376.79,35.99,92.01,0.91,-1,-1,-1
129,7,183.83,325.10,173.09,398.13,0.91,-1,-1,-1
129,11,853.09,382.39,34.77,77.81,0.75,-1,-1,-1
129,16,742.31,390.57,33.61,68.92,0.89,-1,-1,-1
129,20,923.93,385.49,28.50,69.52,0.87,-1,-1,-1
129,21,488.40,389.31,17.92,38.00,0.71,-1,-1,-1
129,22,59.74,366.26,28.25,74.82,0.88,-1,-1,-1
129,25,1075.03,392.23,44.44,99.21,0.90,-1,-1,-1
129,9,653.55,387.67,17.87,47.60,0.42,-1,-1,-1
129,26,1132.52,380.49,48.19,114.57,0.90,-1,-1,-1
129,29,682.10,389.17,18.01,47.45,0.83,-1,-1,-1
129,30,1216.35,398.31,35.61,67.61,0.88,-1,-1,-1
129,10,697.43,386.33,30.74,61.05,0.86,-1,-1,-1
129,8,1151.98,392.65,56.86,100.32,0.88,-1,-1,-1
129,32,717.05,390.88,22.15,47.36,0.68,-1,-1,-1
130,1,295.37,257.64,186.34,495.06,0.93,-1,-1,-1
130,5,630.62,376.95,35.91,91.64,0.91,-1,-1,-1
130,7,183.56,324.98,183.88,401.54,0.92,-1,-1,-1
130,11,858.22,381.35,34.61,80.44,0.82,-1,-1,-1
130,16,744.71,390.91,33.63,68.99,0.90,-1,-1,-1
130,20,925.76,385.48,28.80,69.70,0.85,-1,-1,-1
130,21,489.70,389.31,17.43,38.48,0.75,-1,-1,-1
130,22,59.34,366.00,28.35,74.87,0.88,-1,-1,-1
130,25,1078.70,392.70,43.80,99.38,0.90,-1,-1,-1
130,9,654.91,387.88,17.37,47.04,0.30,-1,-1,-1
130,26,1134.55,380.55,49.88,115.17,0.88,-1,-1,-1
130,29,682.91,389.38,18.59,47.66,0.81,-1,-1,-1
130,30,1220.06,398.23,35.88,67.91,0.86,-1,-1,-1
130,10,700.26,386.94,28.53,60.57,0.83,-1,-1,-1
130,8,1156.03,393.36,56.58,100.17,0.87,-1,-1,-1
130,32,718.27,391.09,21.08,47.30,0.65,-1,-1,-1
131,1,303.60,255.42,183.31,492.27,0.93,-1,-1,-1
131,5,632.64,376.73,35.88,91.81,0.91,-1,-1,-1
131,7,180.96,325.19,187.69,407.61,0.91,-1,-1,-1
131,11,864.57,380.87,33.33,82.16,0.81,-1,-1,-1
131,16,746.79,391.67,33.02,69.02,0.89,-1,-1,-1
131,20,927.08,385.42,28.90,70.04,0.88,-1,-1,-1
131,21,490.81,389.30,17.23,38.37,0.72,-1,-1,-1
131,22,58.57,365.67,28.60,75.18,0.86,-1,-1,-1
131,25,1081.86,391.94,44.70,100.49,0.90,-1,-1,-1
131,9,655.44,387.67,17.77,46.54,0.24,-1,-1,-1
131,26,1141.18,379.80,46.97,116.57,0.89,-1,-1,-1
131,29,683.84,389.34,18.80,48.04,0.76,-1,-1,-1
131,30,1224.42,398.31,34.76,68.03,0.87,-1,-1,-1
131,10,701.77,386.59,27.60,61.00,0.79,-1,-1,-1
131,8,1164.59,392.99,54.07,101.46,0.89,-1,-1,-1
131,32,717.82,391.67,18.55,46.21,0.46,-1,-1,-1
132,1,312.35,254.34,180.04,492.70,0.93,-1,-1,-1
132,5,633.33,377.15,36.48,92.01,0.90,-1,-1,-1
132,7,175.36,326.81,195.25,415.21,0.91,-1,-1,-1
132,11,869.23,380.90,33.40,85.31,0.82,-1,-1,-1
132,16,750.46,391.26,30.98,70.35,0.86,-1,-1,-1
132,20,929.91,386.22,27.74,70.43,0.85,-1,-1,-1
132,21,491.21,389.63,17.75,37.14,0.61,-1,-1,-1
132,22,57.86,365.43,28.61,74.69,0.84,-1,-1,-1
132,25,1085.90,392.90,43.84,100.29,0.90,-1,-1,-1
132,9,655.33,387.18,18.51,47.87,0.23,-1,-1,-1
132,26,1146.02,380.02,45.76,117.82,0.89,-1,-1,-1
132,29,684.49,389.66,18.29,47.88,0.75,-1,-1,-1
132,30,1228.92,399.01,34.34,68.06,0.84,-1,-1,-1
132,10,703.24,386.06,25.45,61.75,0.80,-1,-1,-1
132,8,1174.84,392.47,49.43,102.96,0.90,-1,-1,-1
132,32,718.64,391.34,17.13,47.59,0.63,-1,-1,-1
133,1,321.59,255.14,175.93,489.80,0.94,-1,-1,-1
133,5,634.84,377.87,36.10,92.07,0.91,-1,-1,-1
133,7,170.75,329.20,199.51,416.79,0.91,-1,-1,-1
133,11,872.70,380.88,32.82,84.73,0.82,-1,-1,-1
133,16,754.27,390.92,27.74,70.97,0.86,-1,-1,-1
133,20,930.70,386.36,28.47,70.83,0.87,-1,-1,-1
133,21,491.78,389.72,17.93,38.16,0.67,-1,-1,-1
133,22,57.23,366.21,27.84,75.37,0.86,-1,-1,-1
133,25,1088.24,392.50,44.68,101.52,0.89,-1,-1,-1
133,9,655.97,387.56,18.78,48.65,0.16,-1,-1,-1
133,26,1149.22,380.82,45.29,117.51,0.91,-1,-1,-1
133,29,685.12,390.20,18.08,47.80,0.80,-1,-1,-1
133,30,1231.99,399.68,34.18,67.90,0.86,-1,-1,-1
133,10,703.91,385.83,24.00,61.73,0.77,-1,-1,-1
133,8,1184.92,392.09,43.92,104.83,0.91,-1,-1,-1
133,32,719.06,391.36,16.81,46.74,0.35,-1,-1,-1
134,1,326.68,255.74,175.38,489.77,0.94,-1,-1,-1
134,5,636.00,379.20,35.98,91.07,0.92,-1,-1,-1
134,7,164.90,333.10,207.28,416.28,0.90,-1,-1,-1
134,11,877.26,381.49,32.60,85.96,0.84,-1,-1,-1
134,16,758.12,391.25,26.53,71.07,0.84,-1,-1,-1
134,20,934.06,390.13,26.39,67.44,0.80,-1,-1,-1
134,21,491.98,389.77,18.60,38.55,0.72,-1,-1,-1
134,22,54.97,366.37,29.23,76.54,0.87,-1,-1,-1
134,25,1091.01,394.58,45.00,100.37,0.88,-1,-1,-1
134,26,1153.50,381.58,45.13,117.85,0.90,-1,-1,-1
134,29,685.71,391.01,18.02,47.19,0.77,-1,-1,-1
134,30,1235.05,399.64,32.93,68.75,0.84,-1,-1,-1
134,10,703.58,385.16,24.74,62.63,0.83,-1,-1,-1
134,8,1195.38,392.10,38.14,105.99,0.89,-1,-1,-1
134,32,720.22,391.05,16.76,48.04,0.72,-1,-1,-1
135,1,329.54,256.58,177.15,492.19,0.94,-1,-1,-1
135,5,636.74,380.92,36.54,90.09,0.89,-1,-1,-1
135,7,158.70,337.86,213.16,410.68,0.89,-1,-1,-1
135,11,881.28,383.08,33.70,87.15,0.78,-1,-1,-1
135,16,761.91,397.17,26.12,65.62,0.79,-1,-1,-1
135,20,935.96,389.67,23.10,63.67,0.62,-1,-1,-1
135,21,492.39,389.95,18.26,38.99,0.74,-1,-1,-1
135,22,51.41,367.47,32.15,76.67,0.90,-1,-1,-1
135,25,1094.39,394.37,45.11,101.85,0.90,-1,-1,-1
135,26,1156.83,382.20,47.47,118.26,0.90,-1,-1,-1
135,29,687.17,392.23,17.39,46.35,0.72,-1,-1,-1
135,30,1238.53,400.41,30.03,67.73,0.76,-1,-1,-1
135,10,704.73,388.19,23.20,60.30,0.81,-1,-1,-1
135,8,1203.16,392.44,34.89,106.72,0.86,-1,-1,-1
135,32,720.95,391.43,16.78,48.50,0.62,-1,-1,-1
135,33,939.60,398.25,23.40,59.85,0.83,-1,-1,-1
136,1,329.94,258.01,181.32,496.47,0.94,-1,-1,-1
136,5,638.05,379.47,37.35,92.11,0.88,-1,-1,-1
136,7,164.91,341.39,205.28,407.36,0.86,-1,-1,-1
136,11,886.07,383.37,32.95,94.02,0.79,-1,-1,-1
136,16,764.58,393.00,25.38,70.82,0.83,-1,-1,-1
136,20,938.96,395.57,24.45,62.26,0.83,-1,-1,-1
136,21,493.02,390.04,18.13,39.45,0.75,-1,-1,-1
136,22,47.72,367.99,35.55,77.29,0.91,-1,-1,-1
136,25,1096.60,394.52,46.33,102.67,0.88,-1,-1,-1
136,26,1159.60,382.96,47.16,118.37,0.90,-1,-1,-1
136,29,686.98,392.23,17.77,46.94,0.70,-1,-1,-1
136,30,1241.95,400.91,31.50,67.92,0.83,-1,-1,-1
136,10,705.05,387.40,23.24,61.49,0.84,-1,-1,-1
136,8,1209.78,393.08,36.53,107.84,0.85,-1,-1,-1
136,32,721.07,392.02,16.83,47.73,0.74,-1,-1,-1
137,1,330.13,258.65,185.20,502.21,0.95,-1,-1,-1
137,5,640.90,380.46,37.06,91.78,0.88,-1,-1,-1
137,7,167.88,343.95,202.69,406.39,0.87,-1,-1,-1
137,11,890.36,384.68,32.92,88.11,0.81,-1,-1,-1
137,16,767.25,392.06,25.12,71.71,0.83,-1,-1,-1
137,20,941.07,397.60,24.87,62.34,0.84,-1,-1,-1
137,21,493.63,389.83,18.07,39.89,0.73,-1,-1,-1
137,22,43.89,367.94,39.21,78.38,0.91,-1,-1,-1
137,25,1098.97,394.47,46.77,103.52,0.91,-1,-1,-1
137,26,1162.73,383.00,47.01,118.80,0.90,-1,-1,-1
137,29,687.22,392.56,18.50,47.13,0.71,-1,-1,-1
137,30,1244.72,401.13,30.78,68.11,0.79,-1,-1,-1
137,10,703.95,387.45,24.47,61.91,0.87,-1,-1,-1
137,8,1214.18,393.81,35.81,106.72,0.85,-1,-1,-1
137,32,721.09,392.14,17.49,48.03,0.78,-1,-1,-1
138,1,329.97,259.28,187.42,505.48,0.94,-1,-1,-1
138,5,642.30,381.10,36.95,91.37,0.87,-1,-1,-1
138,7,168.10,344.22,202.26,403.11,0.86,-1,-1,-1
138,11,895.21,385.49,32.02,85.27,0.82,-1,-1,-1
138,16,769.72,392.83,24.44,70.87,0.80,-1,-1,-1
138,20,941.32,393.77,26.24,66.91,0.83,-1,-1,-1
138,21,494.48,389.71,18.04,40.06,0.75,-1,-1,-1
138,22,42.15,368.17,40.67,78.78,0.91,-1,-1,-1
138,25,1101.69,395.17,46.92,103.10,0.91,-1,-1,-1
138,26,1165.72,382.99,48.14,119.56,0.90,-1,-1,-1
138,29,687.08,392.95,18.77,46.92,0.75,-1,-1,-1
138,30,1247.58,401.65,30.52,67.74,0.75,-1,-1,-1
138,10,703.92,387.14,24.93,62.66,0.86,-1,-1,-1
138,8,1219.28,394.81,41.84,107.03,0.90,-1,-1,-1
138,32,721.46,392.46,17.73,47.84,0.78,-1,-1,-1
139,1,329.09,257.85,190.14,515.10,0.93,-1,-1,-1
139,5,643.66,382.64,37.49,89.86,0.85,-1,-1,-1
139,7,168.38,343.47,200.52,399.59,0.85,-1,-1,-1
139,11,898.93,386.36,31.96,85.99,0.83,-1,-1,-1
139,16,772.01,394.74,24.81,68.29,0.77,-1,-1,-1
139,20,943.68,395.99,25.58,64.48,0.81,-1,-1,-1
139,21,494.80,389.33,18.62,40.71,0.76,-1,-1,-1
139,22,41.88,368.50,40.02,78.32,0.91,-1,-1,-1
139,25,1107.30,395.87,44.60,102.76,0.89,-1,-1,-1
139,26,1169.64,384.45,47.36,118.92,0.89,-1,-1,-1
139,29,686.70,392.61,19.47,47.13,0.74,-1,-1,-1
139,30,1252.09,401.52,26.80,66.10,0.64,-1,-1,-1
139,10,702.41,387.14,27.48,62.65,0.89,-1,-1,-1
139,8,1223.40,394.58,48.48,108.90,0.92,-1,-1,-1
139,32,720.96,391.94,18.44,48.67,0.53,-1,-1,-1
140,1,328.14,257.34,191.75,519.22,0.94,-1,-1,-1
140,5,645.06,382.01,37.70,89.89,0.87,-1,-1,-1
140,7,160.90,340.93,216.10,398.11,0.87,-1,-1,-1
140,11,903.19,386.51,32.54,85.20,0.84,-1,-1,-1
140,16,775.51,398.32,24.96,65.63,0.80,-1,-1,-1
140,20,943.94,391.57,26.52,68.60,0.84,-1,-1,-1
140,21,495.84,389.05,18.25,40.94,0.74,-1,-1,-1
140,22,42.95,368.66,38.71,78.41,0.89,-1,-1,-1
140,25,1108.12,394.76,47.31,104.54,0.92,-1,-1,-1
140,26,1172.19,383.18,48.24,120.74,0.91,-1,-1,-1
140,29,687.18,392.77,19.73,46.02,0.70,-1,-1,-1
140,30,1256.72,401.13,24.14,62.16,0.34,-1,-1,-1
140,10,699.89,387.13,31.29,62.63,0.89,-1,-1,-1
140,8,1228.28,396.37,53.36,108.54,0.91,-1,-1,-1
140,32,720.21,391.59,20.49,49.27,0.40,-1,-1,-1
141,1,326.54,257.27,193.14,522.97,0.94,-1,-1,-1
141,5,647.82,381.44,36.61,90.80,0.88,-1,-1,-1
141,7,156.43,339.07,222.61,396.99,0.90,-1,-1,-1
141,11,907.55,385.75,32.77,85.04,0.83,-1,-1,-1
141,16,777.24,397.77,27.45,66.79,0.82,-1,-1,-1
141,20,946.90,395.16,25.69,64.26,0.81,-1,-1,-1
141,21,497.01,389.07,17.51,40.73,0.74,-1,-1,-1
141,22,42.89,368.90,38.01,78.14,0.89,-1,-1,-1
141,25,1111.86,394.11,47.12,105.05,0.88,-1,-1,-1
141,26,1175.39,382.91,48.58,121.11,0.90,-1,-1,-1
141,29,687.57,392.64,19.24,45.59,0.74,-1,-1,-1
141,30,1255.51,398.73,27.18,73.60,0.15,-1,-1,-1
141,10,699.10,387.10,32.24,62.32,0.89,-1,-1,-1
141,8,1231.18,397.11,55.37,108.52,0.91,-1,-1,-1
141,32,721.29,391.72,20.69,49.20,0.49,-1,-1,-1
142,1,325.37,256.97,193.85,525.41,0.94,-1,-1,-1
142,5,649.13,381.67,36.17,90.39,0.89,-1,-1,-1
142,7,156.91,335.95,220.87,399.54,0.90,-1,-1,-1
142,11,912.90,385.05,32.55,85.70,0.78,-1,-1,-1
142,16,779.60,397.57,28.92,67.80,0.87,-1,-1,-1
142,20,949.15,396.65,25.35,62.77,0.81,-1,-1,-1
142,21,498.08,388.79,17.83,40.93,0.74,-1,-1,-1
142,22,42.97,368.65,37.09,78.31,0.89,-1,-1,-1
142,25,1114.92,394.51,47.01,104.62,0.87,-1,-1,-1
142,26,1178.79,382.86,48.68,121.22,0.89,-1,-1,-1
142,29,688.03,392.60,19.04,45.43,0.68,-1,-1,-1
142,10,699.39,387.11,32.59,62.48,0.90,-1,-1,-1
142,8,1235.45,396.99,54.99,108.32,0.90,-1,-1,-1
142,32,720.86,391.79,22.51,48.85,0.24,-1,-1,-1
142,34,639.00,388.12,18.90,49.05,0.74,-1,-1,-1
143,1,324.96,256.95,193.82,517.12,0.94,-1,-1,-1
143,5,651.56,381.61,34.82,90.12,0.88,-1,-1,-1
143,7,160.33,333.10,213.39,403.19,0.90,-1,-1,-1
143,11,918.02,385.25,31.57,83.14,0.76,-1,-1,-1
143,16,782.10,397.06,29.51,68.95,0.84,-1,-1,-1
143,20,948.72,391.92,26.43,70.27,0.73,-1,-1,-1
143,21,498.30,388.54,17.94,41.31,0.79,-1,-1,-1
143,22,42.64,368.07,35.63,78.69,0.89,-1,-1,-1
143,25,1119.58,394.25,45.78,105.22,0.89,-1,-1,-1
143,26,1182.99,382.29,48.72,121.88,0.92,-1,-1,-1
143,29,688.69,392.44,18.37,46.30,0.60,-1,-1,-1
143,10,700.01,387.12,32.13,62.57,0.89,-1,-1,-1
143,8,1241.64,397.43,54.78,106.93,0.90,-1,-1,-1
143,32,718.33,389.73,20.92,51.42,0.25,-1,-1,-1
143,34,638.12,388.15,20.35,48.71,0.80,-1,-1,-1
144,1,323.45,256.23,194.63,512.36,0.93,-1,-1,-1
144,5,652.19,381.57,36.13,89.70,0.90,-1,-1,-1
144,7,165.88,329.97,205.19,404.77,0.92,-1,-1,-1
144,11,923.10,384.09,32.10,85.75,0.82,-1,-1,-1
144,16,783.93,399.34,29.72,66.55,0.85,-1,-1,-1
144,20,949.14,388.63,28.01,75.64,0.75,-1,-1,-1
144,21,499.09,388.88,17.99,39.96,0.70,-1,-1,-1
144,22,42.37,367.26,34.75,79.40,0.89,-1,-1,-1
144,25,1123.61,394.42,45.29,104.81,0.87,-1,-1,-1
144,26,1186.22,381.73,49.90,122.67,0.91,-1,-1,-1
144,29,689.32,392.06,17.50,45.12,0.49,-1,-1,-1
144,10,701.24,386.81,31.33,62.58,0.84,-1,-1,-1
144,8,1248.47,396.20,51.15,106.50,0.87,-1,-1,-1
144,32,717.65,387.93,20.83,54.99,0.48,-1,-1,-1
144,34,639.78,388.15,19.95,48.99,0.72,-1,-1,-1
145,1,322.16,255.58,194.81,507.84,0.94,-1,-1,-1
145,5,652.83,381.64,37.21,89.57,0.89,-1,-1,-1
145,7,172.74,328.74,196.16,408.00,0.92,-1,-1,-1
145,11,926.56,382.72,33.49,88.06,0.81,-1,-1,-1
145,16,787.06,397.13,29.22,69.10,0.81,-1,-1,-1
145,20,952.69,392.42,26.29,71.35,0.66,-1,-1,-1
145,21,499.48,389.11,18.60,39.14,0.70,-1,-1,-1
145,22,41.45,367.06,33.69,79.98,0.90,-1,-1,-1
145,25,1124.38,394.27,48.71,104.97,0.88,-1,-1,-1
145,26,1184.98,381.60,55.06,122.99,0.90,-1,-1,-1
145,29,689.10,391.86,17.80,45.29,0.65,-1,-1,-1
145,10,701.59,386.93,31.60,62.89,0.84,-1,-1,-1
145,8,1255.05,395.66,47.28,107.41,0.76,-1,-1,-1
145,32,717.28,387.77,21.39,54.64,0.47,-1,-1,-1
145,34,639.05,388.02,21.21,49.43,0.76,-1,-1,-1
146,1,324.27,253.97,192.05,504.65,0.94,-1,-1,-1
146,5,654.56,381.86,36.48,89.38,0.88,-1,-1,-1
146,7,180.41,328.62,188.97,411.47,0.93,-1,-1,-1
146,11,931.37,382.03,32.87,89.08,0.75,-1,-1,-1
146,16,790.33,395.61,27.85,70.77,0.85,-1,-1,-1
146,20,955.95,393.11,25.60,69.19,0.55,-1,-1,-1
146,21,499.92,389.44,18.84,39.44,0.73,-1,-1,-1
146,22,41.07,366.89,32.13,80.19,0.88,-1,-1,-1
146,25,1128.27,393.86,47.68,105.61,0.87,-1,-1,-1
146,26,1185.81,380.59,58.18,123.99,0.91,-1,-1,-1
146,29,689.38,391.82,17.93,45.66,0.59,-1,-1,-1
146,10,702.67,387.02,29.36,62.71,0.68,-1,-1,-1
146,8,1262.27,395.36,43.40,108.34,0.22,-1,-1,-1
146,32,717.80,388.35,21.61,53.58,0.44,-1,-1,-1
146,34,639.80,388.00,20.96,49.56,0.71,-1,-1,-1
146,28,777.14,396.20,18.89,40.07,0.69,-1,-1,-1
147,1,326.51,250.83,189.58,504.56,0.91,-1,-1,-1
147,5,655.28,381.84,36.75,89.30,0.89,-1,-1,-1
147,7,188.18,327.66,181.78,416.40,0.92,-1,-1,-1
147,11,935.46,380.42,34.98,99.33,0.82,-1,-1,-1
147,16,794.24,392.59,26.69,73.16,0.81,-1,-1,-1
147,20,955.92,391.54,26.53,76.74,0.47,-1,-1,-1
147,21,501.13,389.13,18.92,39.54,0.65,-1,-1,-1
147,22,40.63,366.43,30.98,79.95,0.89,-1,-1,-1
147,25,1136.18,394.02,43.62,105.82,0.86,-1,-1,-1
147,26,1194.02,380.40,54.78,124.47,0.90,-1,-1,-1
147,29,690.18,391.42,17.96,46.10,0.52,-1,-1,-1
147,10,703.83,386.82,28.43,62.33,0.74,-1,-1,-1
147,32,719.89,388.07,19.90,52.23,0.12,-1,-1,-1
147,34,641.44,388.72,19.54,48.60,0.71,-1,-1,-1
147,28,779.18,395.88,17.74,39.72,0.66,-1,-1,-1
148,1,328.65,250.48,186.95,500.52,0.90,-1,-1,-1
148,5,656.66,381.75,35.66,89.13,0.89,-1,-1,-1
148,7,196.66,328.25,173.44,417.06,0.93,-1,-1,-1
148,11,939.21,380.20,39.23,102.57,0.80,-1,-1,-1
148,16,798.88,399.28,24.43,66.90,0.79,-1,-1,-1
148,20,957.04,393.36,28.04,77.74,0.11,-1,-1,-1
148,21,502.13,389.23,18.94,39.88,0.74,-1,-1,-1
148,22,39.81,366.00,30.44,81.33,0.88,-1,-1,-1
148,25,1138.36,393.74,45.73,106.94,0.87,-1,-1,-1
148,26,1199.54,380.30,53.30,125.37,0.89,-1,-1,-1
148,29,689.55,391.20,19.17,47.75,0.75,-1,-1,-1
148,10,704.82,386.53,26.87,63.08,0.85,-1,-1,-1
148,32,721.29,387.90,19.22,55.90,0.44,-1,-1,-1
148,34,641.92,389.19,19.67,48.91,0.78,-1,-1,-1
148,28,781.97,395.55,16.70,40.22,0.46,-1,-1,-1
149,1,326.61,248.59,188.07,512.23,0.91,-1,-1,-1
149,5,657.65,382.50,34.64,88.92,0.90,-1,-1,-1
149,7,206.16,331.50,170.21,414.92,0.92,-1,-1,-1
149,11,942.80,380.32,41.99,100.80,0.80,-1,-1,-1
149,16,800.66,392.97,26.10,74.31,0.87,-1,-1,-1
149,21,502.69,389.45,19.54,40.01,0.76,-1,-1,-1
149,22,38.12,366.31,30.54,81.55,0.88,-1,-1,-1
149,25,1139.66,393.68,47.64,107.95,0.88,-1,-1,-1
149,26,1199.64,380.61,57.50,126.01,0.87,-1,-1,-1
149,29,690.69,391.90,18.45,47.20,0.78,-1,-1,-1
149,10,705.72,386.75,24.45,62.77,0.87,-1,-1,-1
149,32,722.93,388.03,17.75,54.05,0.65,-1,-1,-1
149,34,641.67,388.60,20.35,49.95,0.82,-1,-1,-1
149,28,784.09,395.02,16.33,40.71,0.43,-1,-1,-1
