0,1,118.46,286.42,197.44,552.38,0.89,-1,-1,-1
0,2,504.45,220.50,286.20,715.50,0.88,-1,-1,-1
0,3,331.20,400.95,131.40,117.90,0.83,-1,-1,-1
0,4,269.55,397.57,157.50,132.52,0.80,-1,-1,-1
0,5,784.35,383.85,24.30,60.75,0.76,-1,-1,-1
0,6,759.60,376.42,26.10,73.35,0.74,-1,-1,-1
1,1,112.47,284.58,204.06,552.25,0.88,-1,-1,-1
1,2,503.39,217.11,299.13,726.97,0.88,-1,-1,-1
1,3,325.23,400.66,136.79,117.53,0.86,-1,-1,-1
1,4,267.64,397.11,162.33,133.91,0.81,-1,-1,-1
1,5,786.25,382.60,24.34,62.34,0.82,-1,-1,-1
1,6,761.09,375.37,26.14,74.16,0.82,-1,-1,-1
2,1,106.78,282.26,211.74,555.91,0.87,-1,-1,-1
2,2,503.80,212.75,310.60,738.66,0.87,-1,-1,-1
2,3,323.46,399.92,139.04,120.35,0.87,-1,-1,-1
2,4,268.44,396.17,159.47,133.00,0.80,-1,-1,-1
2,5,787.02,382.71,25.77,62.31,0.82,-1,-1,-1
2,6,761.42,375.16,26.87,74.00,0.83,-1,-1,-1
3,1,103.21,280.41,222.72,565.21,0.85,-1,-1,-1
3,2,507.25,211.89,319.65,738.18,0.88,-1,-1,-1
3,3,323.59,399.61,139.14,120.13,0.84,-1,-1,-1
3,4,268.35,395.44,155.62,128.44,0.74,-1,-1,-1
3,5,788.15,382.39,26.23,62.57,0.83,-1,-1,-1
3,6,761.07,375.25,27.79,73.55,0.84,-1,-1,-1
4,1,116.96,280.44,221.27,566.13,0.86,-1,-1,-1
4,2,510.64,211.28,328.44,741.65,0.87,-1,-1,-1
4,3,321.96,398.69,140.86,120.97,0.85,-1,-1,-1
4,4,266.51,394.70,154.73,130.40,0.75,-1,-1,-1
4,5,789.07,381.46,26.97,63.69,0.85,-1,-1,-1
4,6,762.49,375.12,27.38,73.45,0.85,-1,-1,-1
5,1,117.96,279.85,229.57,573.83,0.83,-1,-1,-1
5,2,515.97,212.85,332.94,745.85,0.86,-1,-1,-1
5,3,322.63,399.34,139.07,121.30,0.84,-1,-1,-1
5,4,266.47,395.59,160.01,131.65,0.72,-1,-1,-1
5,5,789.30,380.45,27.82,64.97,0.86,-1,-1,-1
5,6,763.25,375.18,27.20,74.02,0.85,-1,-1,-1
5,7,515.70,343.35,47.70,129.60,0.74,-1,-1,-1
6,1,120.27,281.35,216.47,585.33,0.83,-1,-1,-1
6,2,519.57,219.89,337.27,737.42,0.88,-1,-1,-1
6,3,320.96,400.07,139.83,123.04,0.86,-1,-1,-1
6,4,251.30,397.36,182.61,133.46,0.65,-1,-1,-1
6,5,790.25,380.85,27.49,65.44,0.86,-1,-1,-1
6,6,763.45,375.61,27.75,75.85,0.82,-1,-1,-1
6,7,517.47,344.69,47.11,126.58,0.81,-1,-1,-1
7,1,116.63,283.22,216.49,602.06,0.83,-1,-1,-1
7,2,525.48,225.59,336.87,723.48,0.88,-1,-1,-1
7,3,319.17,401.46,140.56,123.59,0.82,-1,-1,-1
7,4,253.17,398.83,179.24,137.17,0.68,-1,-1,-1
7,5,790.99,381.09,27.34,65.87,0.83,-1,-1,-1
7,6,763.32,376.01,28.58,76.49,0.80,-1,-1,-1
7,7,515.24,344.75,48.42,121.46,0.82,-1,-1,-1
8,1,121.99,284.89,214.56,600.35,0.83,-1,-1,-1
8,2,529.73,232.00,339.75,710.77,0.90,-1,-1,-1
8,3,309.82,402.63,149.60,123.64,0.82,-1,-1,-1
8,4,244.09,403.99,206.12,134.71,0.47,-1,-1,-1
8,5,791.94,381.40,27.24,65.33,0.86,-1,-1,-1
8,6,763.99,376.37,28.85,78.79,0.79,-1,-1,-1
8,7,515.12,344.28,50.86,129.55,0.84,-1,-1,-1
8,8,-108.00,227.47,168.97,593.33,0.70,-1,-1,-1
8,9,505.35,371.25,20.70,59.40,0.70,-1,-1,-1
9,1,126.27,285.57,215.91,601.91,0.84,-1,-1,-1
9,2,536.37,235.59,340.00,705.82,0.90,-1,-1,-1
9,3,309.96,403.97,147.24,124.31,0.81,-1,-1,-1
9,4,235.70,413.73,205.66,129.06,0.20,-1,-1,-1
9,5,792.99,381.30,27.18,65.44,0.86,-1,-1,-1
9,6,764.94,377.03,29.55,83.72,0.80,-1,-1,-1
9,7,515.79,344.66,51.60,132.51,0.88,-1,-1,-1
9,8,-97.38,230.20,157.61,576.03,0.67,-1,-1,-1
9,10,815.40,382.72,18.00,54.45,0.80,-1,-1,-1
10,1,135.02,285.36,211.56,616.39,0.84,-1,-1,-1
10,2,543.27,235.68,340.18,708.94,0.90,-1,-1,-1
10,3,315.33,404.18,143.69,126.23,0.85,-1,-1,-1
10,5,794.18,381.15,27.12,66.68,0.86,-1,-1,-1
10,6,764.91,377.31,29.76,84.22,0.74,-1,-1,-1
10,7,517.00,344.92,53.01,134.85,0.89,-1,-1,-1
10,8,-92.85,229.91,154.86,572.78,0.68,-1,-1,-1
10,10,816.65,383.04,18.04,55.26,0.79,-1,-1,-1
11,1,148.36,285.58,203.49,611.57,0.85,-1,-1,-1
11,2,548.50,233.39,337.10,716.44,0.89,-1,-1,-1
11,3,320.97,404.61,138.94,125.82,0.84,-1,-1,-1
11,5,794.98,381.12,27.10,66.21,0.86,-1,-1,-1
11,6,765.86,377.42,29.23,84.62,0.37,-1,-1,-1
11,7,517.89,345.09,54.08,135.70,0.89,-1,-1,-1
11,8,-88.76,228.10,152.58,576.30,0.66,-1,-1,-1
11,10,817.20,382.22,19.44,57.16,0.81,-1,-1,-1
12,1,157.87,287.17,201.09,614.79,0.86,-1,-1,-1
12,2,553.87,230.46,331.36,713.78,0.90,-1,-1,-1
12,3,327.99,405.19,132.43,124.38,0.84,-1,-1,-1
12,5,795.88,381.28,26.46,65.91,0.86,-1,-1,-1
12,6,769.29,380.19,26.58,76.54,0.24,-1,-1,-1
12,7,519.16,345.47,53.78,135.40,0.89,-1,-1,-1
12,8,-86.93,228.40,160.20,573.48,0.65,-1,-1,-1
12,10,817.86,382.59,20.57,56.67,0.82,-1,-1,-1
13,1,166.10,287.67,194.75,610.27,0.86,-1,-1,-1
13,2,558.68,231.24,324.90,705.70,0.88,-1,-1,-1
13,3,329.92,405.57,130.72,124.20,0.84,-1,-1,-1
13,5,796.56,381.59,27.43,66.14,0.86,-1,-1,-1
13,7,520.48,345.65,53.61,136.04,0.90,-1,-1,-1
13,8,-84.03,226.97,152.73,557.53,0.68,-1,-1,-1
13,10,818.73,383.01,20.92,56.12,0.80,-1,-1,-1
14,1,173.67,284.40,191.10,627.94,0.83,-1,-1,-1
14,2,560.38,230.08,307.60,697.18,0.89,-1,-1,-1
14,3,331.03,405.12,129.94,124.72,0.86,-1,-1,-1
14,5,798.02,381.24,27.17,67.09,0.85,-1,-1,-1
14,7,521.36,345.66,53.46,136.04,0.91,-1,-1,-1
14,8,-82.60,226.55,149.87,548.52,0.67,-1,-1,-1
14,10,819.29,383.35,20.97,55.58,0.81,-1,-1,-1
15,1,177.44,281.10,191.33,637.40,0.83,-1,-1,-1
15,2,561.03,227.67,291.39,688.50,0.90,-1,-1,-1
15,3,320.23,406.81,141.18,125.27,0.67,-1,-1,-1
15,5,799.45,381.05,27.13,67.80,0.85,-1,-1,-1
15,7,522.24,345.41,53.51,136.55,0.90,-1,-1,-1
15,8,-83.80,223.59,148.01,553.76,0.65,-1,-1,-1
15,10,820.10,383.69,21.62,55.44,0.81,-1,-1,-1
16,1,178.41,277.66,194.29,641.57,0.85,-1,-1,-1
16,2,563.17,227.79,277.21,680.77,0.90,-1,-1,-1
16,3,308.45,406.22,152.67,127.14,0.75,-1,-1,-1
16,5,801.31,381.00,26.47,67.46,0.84,-1,-1,-1
16,7,523.06,344.19,52.83,137.45,0.90,-1,-1,-1
16,8,-87.16,220.29,149.22,550.33,0.68,-1,-1,-1
16,10,820.82,383.24,21.81,56.01,0.80,-1,-1,-1
17,1,179.35,271.97,197.53,649.07,0.85,-1,-1,-1
17,2,565.24,225.84,258.85,661.45,0.91,-1,-1,-1
17,3,313.78,407.40,148.10,128.20,0.69,-1,-1,-1
17,5,804.55,382.07,24.43,65.12,0.73,-1,-1,-1
17,7,523.70,342.93,53.81,138.79,0.89,-1,-1,-1
17,8,-103.55,211.54,165.82,570.51,0.62,-1,-1,-1
17,10,822.09,384.61,21.27,54.60,0.73,-1,-1,-1
18,1,177.54,268.00,203.18,660.02,0.84,-1,-1,-1
18,2,568.35,226.45,243.99,648.39,0.90,-1,-1,-1
18,3,308.26,403.77,151.48,133.56,0.62,-1,-1,-1
18,5,804.51,381.35,24.87,68.56,0.67,-1,-1,-1
18,7,524.10,341.84,54.68,139.69,0.89,-1,-1,-1
18,8,-119.63,206.17,182.97,592.36,0.54,-1,-1,-1
18,10,823.19,384.77,20.38,54.14,0.69,-1,-1,-1
19,1,170.44,265.02,214.82,686.20,0.82,-1,-1,-1
19,2,571.49,229.35,240.79,646.92,0.84,-1,-1,-1
19,3,301.59,401.62,156.99,135.66,0.69,-1,-1,-1
19,5,808.32,380.96,22.02,64.53,0.49,-1,-1,-1
19,7,524.50,340.72,55.06,141.14,0.89,-1,-1,-1
19,8,-125.01,200.62,201.41,635.54,0.17,-1,-1,-1
19,10,824.71,385.14,20.06,53.40,0.70,-1,-1,-1
19,11,580.05,329.85,53.10,162.00,0.74,-1,-1,-1
20,1,164.67,259.68,224.76,702.29,0.79,-1,-1,-1
20,2,573.73,232.07,242.08,658.21,0.84,-1,-1,-1
20,3,294.11,401.64,164.39,137.56,0.35,-1,-1,-1
20,5,810.11,381.05,20.96,62.89,0.58,-1,-1,-1
20,7,524.35,340.34,55.23,141.78,0.88,-1,-1,-1
20,8,-140.47,196.55,226.32,738.71,0.51,-1,-1,-1
20,10,825.30,385.48,19.95,52.83,0.72,-1,-1,-1
20,11,580.26,330.00,50.41,159.58,0.74,-1,-1,-1
21,1,163.09,257.99,225.77,708.12,0.81,-1,-1,-1
21,2,575.46,234.39,241.06,663.32,0.84,-1,-1,-1
21,3,299.29,400.45,158.76,139.26,0.51,-1,-1,-1
21,5,809.78,381.22,22.48,69.88,0.70,-1,-1,-1
21,7,525.10,339.60,55.15,143.13,0.89,-1,-1,-1
21,8,-137.54,198.94,224.44,776.63,0.51,-1,-1,-1
21,10,825.83,384.50,19.87,54.41,0.73,-1,-1,-1
21,11,579.13,329.41,52.64,163.93,0.75,-1,-1,-1
22,1,164.10,256.55,225.91,713.22,0.80,-1,-1,-1
22,2,581.42,233.35,237.76,658.32,0.81,-1,-1,-1
22,5,810.14,381.37,22.37,66.81,0.71,-1,-1,-1
22,7,524.36,339.37,56.87,144.50,0.88,-1,-1,-1
22,8,-134.22,195.92,222.35,789.39,0.58,-1,-1,-1
22,10,826.17,384.07,19.82,55.29,0.67,-1,-1,-1
22,11,576.92,327.31,56.77,191.52,0.69,-1,-1,-1
23,1,161.35,254.96,246.46,718.14,0.80,-1,-1,-1
23,2,581.32,232.98,234.85,656.46,0.81,-1,-1,-1
23,5,808.79,380.62,24.22,67.73,0.85,-1,-1,-1
23,7,524.01,338.83,57.03,145.77,0.89,-1,-1,-1
23,8,-140.48,197.87,226.61,785.18,0.50,-1,-1,-1
23,10,826.38,383.26,20.45,56.00,0.72,-1,-1,-1
23,11,572.42,325.64,61.42,200.65,0.75,-1,-1,-1
24,1,162.15,258.66,250.58,713.37,0.77,-1,-1,-1
24,2,579.06,234.33,229.99,650.43,0.86,-1,-1,-1
24,5,806.66,380.75,26.62,68.61,0.88,-1,-1,-1
24,7,523.68,339.31,56.98,146.10,0.89,-1,-1,-1
24,8,-144.98,198.53,228.82,750.04,0.64,-1,-1,-1
24,10,826.57,383.50,20.65,56.23,0.80,-1,-1,-1
24,11,556.35,326.30,75.91,204.38,0.87,-1,-1,-1
25,1,165.42,263.98,234.26,708.59,0.78,-1,-1,-1
25,2,579.36,233.09,223.49,635.05,0.85,-1,-1,-1
25,5,805.83,381.07,27.54,69.23,0.88,-1,-1,-1
25,7,523.54,339.90,57.53,146.49,0.88,-1,-1,-1
25,8,-140.47,200.07,222.94,731.57,0.65,-1,-1,-1
25,10,826.93,384.00,20.12,56.31,0.80,-1,-1,-1
25,11,549.23,327.82,81.85,206.16,0.86,-1,-1,-1
26,1,169.44,267.73,222.35,708.88,0.84,-1,-1,-1
26,2,580.03,236.03,225.00,637.91,0.79,-1,-1,-1
26,5,805.15,380.98,28.47,70.03,0.89,-1,-1,-1
26,7,523.53,340.35,58.88,147.31,0.89,-1,-1,-1
26,8,-135.14,202.98,211.89,722.90,0.70,-1,-1,-1
26,10,827.01,384.26,20.51,56.92,0.80,-1,-1,-1
26,11,544.81,328.95,83.43,207.35,0.87,-1,-1,-1
26,3,309.52,403.46,140.24,144.89,0.72,-1,-1,-1
27,1,170.46,270.86,219.95,709.04,0.82,-1,-1,-1
27,2,578.95,235.59,236.21,648.56,0.82,-1,-1,-1
27,5,805.23,380.98,28.25,70.33,0.88,-1,-1,-1
27,7,522.88,340.72,59.41,147.93,0.89,-1,-1,-1
27,8,-128.06,211.25,204.02,708.74,0.74,-1,-1,-1
27,10,826.78,384.24,20.66,57.46,0.81,-1,-1,-1
27,11,541.51,329.44,84.97,208.84,0.89,-1,-1,-1
27,3,305.60,405.12,143.40,144.65,0.75,-1,-1,-1
28,1,174.79,274.75,216.58,701.85,0.83,-1,-1,-1
28,2,580.67,237.76,245.13,650.71,0.85,-1,-1,-1
28,5,805.29,381.19,28.73,70.42,0.88,-1,-1,-1
28,7,522.12,340.51,60.18,149.28,0.88,-1,-1,-1
28,8,-119.96,215.23,196.37,705.68,0.74,-1,-1,-1
28,10,826.70,383.54,20.71,58.25,0.81,-1,-1,-1
28,11,539.61,330.17,86.54,209.93,0.87,-1,-1,-1
28,3,306.65,405.65,140.57,146.93,0.75,-1,-1,-1
29,1,180.11,275.53,210.86,696.67,0.83,-1,-1,-1
29,2,580.51,237.95,256.30,654.68,0.86,-1,-1,-1
29,5,805.63,381.00,28.32,70.68,0.88,-1,-1,-1
29,7,521.43,340.24,61.64,149.66,0.88,-1,-1,-1
29,8,-121.06,215.15,200.95,710.87,0.65,-1,-1,-1
29,10,826.97,383.59,20.73,58.20,0.80,-1,-1,-1
29,11,538.36,330.87,86.97,211.41,0.87,-1,-1,-1
29,3,308.76,405.80,137.67,148.40,0.64,-1,-1,-1
30,1,180.46,274.47,216.74,705.70,0.81,-1,-1,-1
30,2,579.76,238.64,268.86,651.48,0.88,-1,-1,-1
30,5,805.49,381.02,28.14,71.09,0.87,-1,-1,-1
30,7,520.80,340.07,63.36,149.81,0.86,-1,-1,-1
30,8,-113.60,215.35,194.25,674.18,0.72,-1,-1,-1
30,10,827.09,384.60,20.14,57.29,0.79,-1,-1,-1
30,11,535.39,330.91,89.29,213.75,0.84,-1,-1,-1
31,1,179.18,270.43,227.94,717.30,0.81,-1,-1,-1
31,2,578.30,236.34,282.00,656.24,0.87,-1,-1,-1
31,5,805.48,380.84,28.08,70.92,0.87,-1,-1,-1
31,7,520.04,340.05,64.03,149.36,0.88,-1,-1,-1
31,8,-117.49,211.53,199.69,676.48,0.73,-1,-1,-1
31,10,827.16,384.94,20.53,56.93,0.79,-1,-1,-1
31,11,535.28,330.22,87.82,216.16,0.85,-1,-1,-1
32,1,176.43,268.63,249.17,721.53,0.80,-1,-1,-1
32,2,578.96,238.69,288.78,658.06,0.86,-1,-1,-1
32,5,804.94,380.76,28.59,70.76,0.87,-1,-1,-1
32,7,519.59,339.83,63.54,148.83,0.88,-1,-1,-1
32,8,-121.92,208.97,205.09,690.29,0.73,-1,-1,-1
32,10,826.92,384.60,20.62,57.02,0.79,-1,-1,-1
32,11,535.01,329.46,86.22,217.99,0.85,-1,-1,-1
33,1,172.99,266.11,243.69,722.39,0.81,-1,-1,-1
33,2,577.34,237.35,299.10,653.85,0.89,-1,-1,-1
33,5,804.94,380.72,28.26,71.02,0.87,-1,-1,-1
33,7,519.37,339.65,64.09,150.18,0.87,-1,-1,-1
33,8,-132.75,204.91,216.02,694.05,0.73,-1,-1,-1
33,10,827.05,384.73,20.72,56.79,0.80,-1,-1,-1
33,11,527.62,328.41,92.23,220.42,0.85,-1,-1,-1
33,12,869.40,378.67,28.80,67.95,0.72,-1,-1,-1
34,1,167.57,260.51,263.03,723.47,0.82,-1,-1,-1
34,2,576.69,239.44,307.57,658.44,0.90,-1,-1,-1
34,5,804.52,380.90,28.71,70.61,0.87,-1,-1,-1
34,7,518.58,337.31,67.21,153.27,0.75,-1,-1,-1
34,8,-131.91,197.75,212.62,681.77,0.72,-1,-1,-1
34,10,827.28,384.71,20.74,56.47,0.82,-1,-1,-1
34,11,520.73,326.21,99.61,223.43,0.87,-1,-1,-1
34,12,870.58,378.81,28.15,68.06,0.74,-1,-1,-1
35,1,161.78,251.60,259.68,732.95,0.82,-1,-1,-1
35,2,578.22,239.95,310.47,656.86,0.89,-1,-1,-1
35,5,803.90,380.92,28.90,70.43,0.88,-1,-1,-1
35,7,518.97,336.21,66.70,155.40,0.37,-1,-1,-1
35,8,-128.12,191.26,203.33,637.61,0.71,-1,-1,-1
35,10,827.20,384.93,20.77,56.04,0.81,-1,-1,-1
35,11,515.61,324.42,106.55,225.26,0.91,-1,-1,-1
35,12,871.13,378.79,28.76,68.44,0.78,-1,-1,-1
36,1,155.12,244.21,259.46,747.49,0.82,-1,-1,-1
36,2,579.62,240.90,311.50,657.06,0.90,-1,-1,-1
36,5,804.18,381.02,28.50,70.59,0.86,-1,-1,-1
36,8,-126.22,182.13,196.57,608.84,0.14,-1,-1,-1
36,10,827.39,384.29,21.48,57.97,0.82,-1,-1,-1
36,11,512.59,322.32,105.24,227.74,0.91,-1,-1,-1
36,12,871.27,377.74,29.00,69.18,0.77,-1,-1,-1
37,1,148.86,239.33,260.80,756.29,0.82,-1,-1,-1
37,2,582.05,240.35,306.35,657.58,0.91,-1,-1,-1
37,5,803.85,380.09,28.80,71.01,0.87,-1,-1,-1
37,8,-135.11,174.27,204.83,658.50,0.62,-1,-1,-1
37,10,827.00,382.82,21.65,59.00,0.82,-1,-1,-1
37,11,511.63,319.35,105.10,229.63,0.91,-1,-1,-1
37,12,871.42,377.42,28.94,70.43,0.78,-1,-1,-1
38,1,142.83,236.03,262.57,767.10,0.81,-1,-1,-1
38,2,583.38,237.07,302.75,662.20,0.91,-1,-1,-1
38,5,803.20,379.63,29.01,72.03,0.83,-1,-1,-1
38,8,-148.59,170.59,219.33,706.92,0.54,-1,-1,-1
38,10,826.63,383.04,22.38,59.68,0.81,-1,-1,-1
38,11,510.11,318.53,104.11,231.29,0.93,-1,-1,-1
38,12,871.83,376.96,28.32,69.82,0.81,-1,-1,-1
39,1,135.48,232.81,264.52,775.43,0.80,-1,-1,-1
39,2,586.40,237.61,296.85,659.74,0.90,-1,-1,-1
39,5,802.77,378.92,28.93,72.45,0.84,-1,-1,-1
39,8,-158.51,166.54,225.27,704.71,0.50,-1,-1,-1
39,10,826.58,383.52,21.94,59.04,0.81,-1,-1,-1
39,11,509.74,316.12,100.10,233.13,0.92,-1,-1,-1
39,12,872.74,376.38,26.68,69.60,0.80,-1,-1,-1
39,13,892.35,387.67,17.10,45.90,0.78,-1,-1,-1
40,1,127.78,230.70,269.92,779.33,0.80,-1,-1,-1
40,2,588.58,231.63,294.68,658.54,0.90,-1,-1,-1
40,5,803.29,378.41,27.71,71.78,0.84,-1,-1,-1
40,8,-150.74,168.39,212.65,688.60,0.42,-1,-1,-1
40,10,826.05,383.01,22.97,58.87,0.84,-1,-1,-1
40,11,510.77,313.51,91.85,235.74,0.92,-1,-1,-1
40,12,873.48,376.41,26.13,68.95,0.83,-1,-1,-1
40,13,892.89,387.99,17.88,46.02,0.80,-1,-1,-1
41,1,120.99,230.67,273.65,787.87,0.81,-1,-1,-1
41,2,590.06,229.05,293.36,657.10,0.89,-1,-1,-1
41,5,803.03,378.06,27.19,72.33,0.83,-1,-1,-1
41,8,-163.77,160.17,230.79,752.75,0.22,-1,-1,-1
41,10,825.66,382.96,23.31,59.63,0.84,-1,-1,-1
41,11,510.99,312.43,87.16,239.66,0.92,-1,-1,-1
41,12,873.49,376.70,25.93,68.95,0.83,-1,-1,-1
41,13,893.28,388.16,18.03,46.03,0.78,-1,-1,-1
42,1,115.98,231.84,277.60,792.13,0.79,-1,-1,-1
42,2,591.19,229.90,291.43,656.61,0.89,-1,-1,-1
42,5,802.32,378.88,26.98,71.94,0.83,-1,-1,-1
42,8,-164.25,170.67,223.32,725.05,0.15,-1,-1,-1
42,10,824.89,383.60,23.42,59.61,0.87,-1,-1,-1
42,11,509.36,312.61,83.53,240.48,0.93,-1,-1,-1
42,12,873.77,376.71,25.87,69.57,0.80,-1,-1,-1
42,13,892.81,388.17,18.04,46.34,0.64,-1,-1,-1
43,1,118.72,239.98,278.79,767.96,0.80,-1,-1,-1
43,2,591.24,230.30,288.35,662.82,0.84,-1,-1,-1
43,5,801.38,379.26,26.92,72.95,0.84,-1,-1,-1
43,10,824.22,384.05,24.05,59.86,0.87,-1,-1,-1
43,11,508.32,312.49,81.01,241.26,0.93,-1,-1,-1
43,12,874.06,378.89,24.62,67.91,0.79,-1,-1,-1
43,13,892.49,388.68,18.04,46.06,0.68,-1,-1,-1
43,14,571.50,330.30,65.70,211.05,0.79,-1,-1,-1
44,1,120.93,249.80,276.34,778.70,0.80,-1,-1,-1
44,2,593.26,232.55,279.58,654.81,0.85,-1,-1,-1
44,5,801.05,379.38,25.66,67.85,0.74,-1,-1,-1
44,10,824.24,384.17,23.67,59.88,0.86,-1,-1,-1
44,11,507.44,312.65,79.41,242.08,0.92,-1,-1,-1
44,12,874.73,379.98,23.54,66.91,0.81,-1,-1,-1
44,13,892.61,388.68,18.01,45.92,0.69,-1,-1,-1
44,14,568.07,331.42,68.69,203.93,0.72,-1,-1,-1
44,15,568.35,336.15,96.30,236.25,0.73,-1,-1,-1
45,1,125.70,251.78,276.10,801.58,0.77,-1,-1,-1
45,2,595.84,229.97,268.25,643.06,0.86,-1,-1,-1
45,5,801.55,379.85,24.56,63.38,0.73,-1,-1,-1
45,10,823.93,384.48,24.09,59.55,0.86,-1,-1,-1
45,11,507.01,312.57,77.59,247.54,0.93,-1,-1,-1
45,12,874.90,380.49,22.55,66.22,0.81,-1,-1,-1
45,13,892.56,388.37,17.99,46.18,0.70,-1,-1,-1
45,14,565.36,331.92,73.37,210.92,0.73,-1,-1,-1
45,15,568.92,340.25,95.69,233.93,0.84,-1,-1,-1
46,1,130.77,252.10,276.80,804.81,0.79,-1,-1,-1
46,2,596.49,234.98,258.23,637.16,0.87,-1,-1,-1
46,5,802.21,379.60,24.21,66.19,0.72,-1,-1,-1
46,10,823.97,384.79,24.26,59.73,0.85,-1,-1,-1
46,11,505.18,312.37,77.03,252.21,0.92,-1,-1,-1
46,12,875.10,380.70,22.89,66.30,0.78,-1,-1,-1
46,13,892.38,388.00,18.62,46.59,0.70,-1,-1,-1
46,14,564.23,332.78,70.95,204.77,0.66,-1,-1,-1
46,15,565.95,331.72,99.10,247.11,0.79,-1,-1,-1
46,16,147.49,400.72,109.91,197.78,0.71,-1,-1,-1
47,1,138.03,251.85,277.02,801.61,0.81,-1,-1,-1
47,2,599.82,240.63,242.06,623.36,0.85,-1,-1,-1
47,5,801.80,379.78,24.74,67.81,0.70,-1,-1,-1
47,10,823.98,385.47,24.34,59.24,0.86,-1,-1,-1
47,11,502.45,312.84,77.57,255.17,0.92,-1,-1,-1
47,12,876.10,380.86,22.43,66.70,0.80,-1,-1,-1
47,13,892.95,387.83,18.25,47.69,0.66,-1,-1,-1
47,14,564.47,333.06,64.50,192.28,0.29,-1,-1,-1
47,15,563.09,326.27,105.08,258.24,0.85,-1,-1,-1
47,16,144.43,402.08,97.62,172.27,0.77,-1,-1,-1
48,1,146.73,248.18,275.57,812.95,0.81,-1,-1,-1
48,2,600.74,243.99,228.53,608.29,0.88,-1,-1,-1
48,5,801.88,379.87,24.29,68.39,0.68,-1,-1,-1
48,10,823.90,385.29,24.32,59.32,0.87,-1,-1,-1
48,11,500.77,312.26,77.05,261.49,0.92,-1,-1,-1
48,12,876.33,381.12,22.26,66.22,0.81,-1,-1,-1
48,13,893.01,387.55,18.07,48.07,0.67,-1,-1,-1
48,14,562.72,331.65,66.37,198.29,0.55,-1,-1,-1
48,15,563.35,322.76,105.48,266.32,0.88,-1,-1,-1
48,16,141.52,402.40,95.58,170.68,0.80,-1,-1,-1
49,1,156.16,248.41,275.59,822.78,0.83,-1,-1,-1
49,2,602.29,249.45,219.51,599.42,0.83,-1,-1,-1
49,5,800.66,378.83,25.42,72.55,0.27,-1,-1,-1
49,10,824.16,385.34,24.36,59.37,0.85,-1,-1,-1
49,11,499.04,311.87,76.46,262.02,0.91,-1,-1,-1
49,12,877.30,380.68,22.88,66.39,0.83,-1,-1,-1
49,13,893.94,387.69,18.04,47.61,0.73,-1,-1,-1
49,14,561.00,331.23,64.50,188.63,0.47,-1,-1,-1
49,15,563.00,325.62,103.01,267.35,0.88,-1,-1,-1
49,16,137.08,403.06,97.35,180.26,0.80,-1,-1,-1
50,1,161.76,246.89,274.14,825.55,0.82,-1,-1,-1
50,2,605.33,253.01,212.51,606.29,0.83,-1,-1,-1
50,5,800.92,380.95,25.18,71.39,0.15,-1,-1,-1
50,10,824.06,385.08,24.32,59.34,0.85,-1,-1,-1
50,11,496.50,311.12,77.93,263.03,0.91,-1,-1,-1
50,12,877.38,380.26,23.07,66.39,0.83,-1,-1,-1
50,13,894.60,387.82,17.38,46.77,0.74,-1,-1,-1
50,14,560.52,329.84,63.74,186.41,0.66,-1,-1,-1
50,15,561.44,321.91,103.68,274.85,0.90,-1,-1,-1
50,16,133.07,402.76,92.31,189.68,0.77,-1,-1,-1
51,1,164.56,237.95,273.32,852.92,0.81,-1,-1,-1
51,2,607.78,256.76,209.87,602.77,0.70,-1,-1,-1
51,5,799.53,382.41,25.71,73.93,0.30,-1,-1,-1
51,10,824.62,384.84,23.71,59.65,0.84,-1,-1,-1
51,11,493.69,309.65,78.52,266.39,0.91,-1,-1,-1
51,12,877.71,380.12,23.16,66.13,0.83,-1,-1,-1
51,13,895.16,388.22,17.14,45.87,0.74,-1,-1,-1
51,14,560.93,330.96,59.13,170.68,0.60,-1,-1,-1
51,15,559.59,320.35,107.63,278.96,0.91,-1,-1,-1
51,16,127.86,402.02,93.91,186.42,0.79,-1,-1,-1
51,7,526.17,334.63,47.32,163.21,0.62,-1,-1,-1
52,1,165.65,234.14,274.79,856.90,0.80,-1,-1,-1
52,2,611.70,257.38,206.33,615.63,0.77,-1,-1,-1
52,5,799.47,380.66,26.53,77.84,0.42,-1,-1,-1
52,10,824.41,384.06,24.71,61.59,0.81,-1,-1,-1
52,11,490.01,308.32,80.05,272.10,0.92,-1,-1,-1
52,12,878.00,379.05,23.84,66.97,0.81,-1,-1,-1
52,13,895.85,388.57,17.08,45.25,0.54,-1,-1,-1
52,14,558.30,330.19,59.52,168.59,0.40,-1,-1,-1
52,15,559.60,319.09,109.12,282.69,0.90,-1,-1,-1
52,16,122.78,401.14,99.17,187.90,0.83,-1,-1,-1
52,7,525.10,333.06,48.14,164.51,0.24,-1,-1,-1
53,1,165.52,228.11,278.48,863.80,0.82,-1,-1,-1
53,2,613.32,257.62,205.07,611.30,0.82,-1,-1,-1
53,5,797.52,380.02,26.81,79.99,0.51,-1,-1,-1
53,10,824.74,383.82,24.45,61.08,0.83,-1,-1,-1
53,11,487.59,307.12,80.50,276.35,0.92,-1,-1,-1
53,12,878.17,377.83,24.06,67.85,0.81,-1,-1,-1
53,13,896.15,388.34,17.03,45.00,0.57,-1,-1,-1
53,14,556.53,326.83,64.59,189.87,0.49,-1,-1,-1
53,15,558.49,316.20,108.83,286.35,0.89,-1,-1,-1
53,16,118.28,400.37,98.43,190.19,0.83,-1,-1,-1
53,7,525.38,332.09,48.06,165.72,0.47,-1,-1,-1
54,1,162.64,211.03,287.31,902.22,0.81,-1,-1,-1
54,2,614.77,256.08,203.27,605.91,0.85,-1,-1,-1
54,5,796.65,379.44,27.54,80.09,0.48,-1,-1,-1
54,10,825.05,383.84,24.37,61.49,0.84,-1,-1,-1
54,11,485.29,306.58,80.80,280.60,0.91,-1,-1,-1
54,12,879.01,377.30,23.58,68.79,0.81,-1,-1,-1
54,13,896.13,387.87,17.04,45.23,0.60,-1,-1,-1
54,14,554.19,324.94,66.46,200.04,0.46,-1,-1,-1
54,15,556.65,314.46,105.17,290.23,0.90,-1,-1,-1
54,16,113.21,399.50,97.74,186.64,0.81,-1,-1,-1
54,7,524.83,331.33,48.79,166.80,0.60,-1,-1,-1
55,1,159.53,204.23,295.27,914.84,0.82,-1,-1,-1
55,2,616.70,254.07,198.95,603.13,0.86,-1,-1,-1
55,5,800.63,380.56,26.60,76.83,0.50,-1,-1,-1
55,10,825.34,383.71,24.31,61.63,0.84,-1,-1,-1
55,11,482.40,306.34,80.81,283.82,0.91,-1,-1,-1
55,12,879.16,377.59,23.98,68.24,0.80,-1,-1,-1
55,13,896.56,387.89,17.03,45.31,0.55,-1,-1,-1
55,14,553.00,323.89,62.93,207.85,0.54,-1,-1,-1
55,15,555.07,312.38,102.97,294.40,0.89,-1,-1,-1
55,16,108.26,399.60,99.84,179.61,0.84,-1,-1,-1
55,7,523.96,331.01,49.04,166.26,0.77,-1,-1,-1
56,1,156.45,199.94,301.72,930.13,0.84,-1,-1,-1
56,2,614.04,251.67,203.28,599.28,0.86,-1,-1,-1
56,5,801.27,380.12,25.04,74.69,0.20,-1,-1,-1
56,10,825.72,384.30,24.30,61.13,0.84,-1,-1,-1
56,11,479.31,305.48,81.45,288.41,0.92,-1,-1,-1
56,12,879.52,378.19,24.14,68.09,0.76,-1,-1,-1
56,13,897.04,388.10,17.04,45.38,0.47,-1,-1,-1
56,14,549.33,324.35,65.28,211.46,0.54,-1,-1,-1
56,15,550.95,309.99,99.75,299.00,0.92,-1,-1,-1
56,16,102.69,399.46,102.32,178.30,0.85,-1,-1,-1
56,7,524.31,331.19,50.43,165.72,0.75,-1,-1,-1
56,17,599.85,303.75,68.40,245.25,0.76,-1,-1,-1
57,1,153.35,196.70,306.90,951.81,0.85,-1,-1,-1
57,2,613.80,250.69,208.43,594.45,0.88,-1,-1,-1
57,5,801.53,379.80,25.06,72.31,0.54,-1,-1,-1
57,10,826.15,384.21,24.28,61.18,0.86,-1,-1,-1
57,11,475.53,305.39,82.23,291.27,0.91,-1,-1,-1
57,12,879.88,378.41,24.19,67.97,0.78,-1,-1,-1
57,13,897.43,388.31,17.03,45.37,0.54,-1,-1,-1
57,14,545.57,321.37,69.65,217.16,0.56,-1,-1,-1
57,15,547.26,308.93,100.92,301.62,0.91,-1,-1,-1
57,16,98.33,399.27,101.79,178.26,0.84,-1,-1,-1
57,7,524.36,331.33,50.30,165.80,0.42,-1,-1,-1
57,17,599.03,304.09,69.88,250.44,0.70,-1,-1,-1
58,1,148.97,200.55,313.68,952.80,0.84,-1,-1,-1
58,2,613.16,249.13,217.26,598.76,0.89,-1,-1,-1
58,5,802.81,378.62,26.30,71.18,0.64,-1,-1,-1
58,10,825.72,384.92,25.49,60.65,0.87,-1,-1,-1
58,11,472.08,304.15,82.61,294.73,0.92,-1,-1,-1
58,12,879.46,378.19,26.63,68.28,0.84,-1,-1,-1
58,13,897.93,387.79,17.05,45.42,0.59,-1,-1,-1
58,14,541.30,320.80,71.93,219.92,0.61,-1,-1,-1
58,15,541.51,309.14,105.06,305.22,0.93,-1,-1,-1
58,16,90.99,400.14,108.46,180.06,0.85,-1,-1,-1
58,7,526.84,331.06,46.04,159.23,0.68,-1,-1,-1
58,17,598.01,303.85,72.28,252.66,0.78,-1,-1,-1
58,18,869.40,389.92,15.30,39.60,0.77,-1,-1,-1
59,1,146.86,210.78,317.88,945.37,0.84,-1,-1,-1
59,2,616.75,248.77,224.78,600.36,0.88,-1,-1,-1
59,5,804.15,378.22,26.17,71.06,0.69,-1,-1,-1
59,10,825.84,385.98,25.94,60.44,0.87,-1,-1,-1
59,11,467.64,304.09,85.73,298.97,0.91,-1,-1,-1
59,12,879.27,379.04,27.52,67.79,0.84,-1,-1,-1
59,13,898.09,388.53,17.06,44.53,0.60,-1,-1,-1
59,14,534.18,320.40,72.81,223.05,0.32,-1,-1,-1
59,15,537.38,308.65,108.98,309.30,0.92,-1,-1,-1
59,16,85.90,399.96,115.36,206.14,0.79,-1,-1,-1
59,7,526.26,331.51,46.97,160.95,0.68,-1,-1,-1
59,17,595.03,303.73,74.45,257.93,0.75,-1,-1,-1
59,18,869.82,390.16,15.32,40.00,0.76,-1,-1,-1
60,1,147.26,223.70,320.58,935.37,0.85,-1,-1,-1
60,2,619.74,249.58,234.04,607.03,0.88,-1,-1,-1
60,5,805.61,378.64,25.50,68.56,0.29,-1,-1,-1
60,10,826.51,386.16,25.50,61.21,0.85,-1,-1,-1
60,11,464.00,303.52,86.85,303.32,0.92,-1,-1,-1
60,12,878.88,379.31,27.85,67.85,0.84,-1,-1,-1
60,13,897.80,388.29,17.66,45.37,0.63,-1,-1,-1
60,14,534.12,325.44,68.37,221.91,0.11,-1,-1,-1
60,15,531.72,307.22,113.33,313.97,0.92,-1,-1,-1
60,16,80.44,401.16,123.06,220.54,0.80,-1,-1,-1
60,7,526.29,332.29,49.71,164.02,0.76,-1,-1,-1
60,17,595.92,305.08,71.07,258.18,0.80,-1,-1,-1
60,18,869.90,390.30,16.01,39.37,0.75,-1,-1,-1
61,1,148.41,231.33,323.33,939.57,0.86,-1,-1,-1
61,2,622.56,251.07,242.91,611.57,0.89,-1,-1,-1
61,5,805.88,379.31,25.86,71.32,0.31,-1,-1,-1
61,10,826.80,387.01,25.33,61.51,0.86,-1,-1,-1
61,11,458.65,303.05,89.50,307.61,0.91,-1,-1,-1
61,12,878.77,379.90,27.97,67.59,0.84,-1,-1,-1
61,13,897.74,387.96,17.88,45.99,0.62,-1,-1,-1
61,14,529.35,327.73,63.57,217.58,0.38,-1,-1,-1
61,15,526.06,307.05,117.92,318.05,0.93,-1,-1,-1
61,16,76.77,402.25,127.17,225.21,0.86,-1,-1,-1
61,7,525.34,332.91,48.94,161.34,0.71,-1,-1,-1
61,17,594.64,306.04,72.45,259.33,0.81,-1,-1,-1
61,18,870.26,390.30,15.56,39.51,0.72,-1,-1,-1
62,1,150.57,236.70,323.22,945.72,0.87,-1,-1,-1
62,2,625.00,255.69,251.68,607.86,0.90,-1,-1,-1
62,5,805.66,379.73,26.01,71.13,0.23,-1,-1,-1
62,10,826.92,387.06,25.87,61.93,0.86,-1,-1,-1
62,11,453.41,302.82,92.89,311.36,0.91,-1,-1,-1
62,12,879.62,380.13,26.85,68.10,0.83,-1,-1,-1
62,13,898.90,389.04,16.79,45.04,0.68,-1,-1,-1
62,14,525.53,329.42,60.61,215.40,0.52,-1,-1,-1
62,15,520.71,307.11,120.89,321.23,0.93,-1,-1,-1
62,16,71.10,404.87,131.40,230.93,0.87,-1,-1,-1
62,7,524.91,333.37,49.28,165.00,0.67,-1,-1,-1
62,17,593.56,306.56,73.57,260.43,0.82,-1,-1,-1
62,18,870.70,390.46,15.38,39.90,0.73,-1,-1,-1
63,1,158.73,237.32,317.78,937.91,0.85,-1,-1,-1
63,2,625.10,258.61,260.05,607.58,0.90,-1,-1,-1
63,5,805.23,379.55,25.45,70.43,0.17,-1,-1,-1
63,10,826.62,386.73,26.05,62.35,0.87,-1,-1,-1
63,11,448.88,301.67,93.06,315.47,0.91,-1,-1,-1
63,12,879.88,380.04,26.38,68.27,0.84,-1,-1,-1
63,13,899.27,389.28,16.35,44.66,0.66,-1,-1,-1
63,15,517.11,307.45,118.95,324.63,0.93,-1,-1,-1
63,16,64.28,406.15,138.32,233.48,0.87,-1,-1,-1
63,7,523.65,333.34,49.96,167.47,0.67,-1,-1,-1
63,17,592.98,306.25,75.12,263.12,0.83,-1,-1,-1
63,18,870.77,390.36,15.31,40.02,0.72,-1,-1,-1
64,1,164.06,233.39,315.19,944.89,0.85,-1,-1,-1
64,2,625.66,263.57,266.22,609.36,0.90,-1,-1,-1
64,5,805.40,379.66,24.64,69.58,0.47,-1,-1,-1
64,10,826.84,386.77,26.12,62.51,0.88,-1,-1,-1
64,11,442.68,300.41,95.92,319.89,0.91,-1,-1,-1
64,12,879.72,380.17,26.81,68.63,0.83,-1,-1,-1
64,13,899.45,389.23,16.20,45.13,0.61,-1,-1,-1
64,15,512.31,307.51,119.34,330.37,0.94,-1,-1,-1
64,16,58.44,406.43,149.17,237.22,0.85,-1,-1,-1
64,7,524.06,333.96,47.86,161.29,0.56,-1,-1,-1
64,17,591.28,305.53,75.69,269.26,0.83,-1,-1,-1
64,18,870.81,390.49,15.29,40.06,0.70,-1,-1,-1
65,1,168.74,228.47,313.62,957.12,0.84,-1,-1,-1
65,2,627.56,268.17,268.37,603.65,0.90,-1,-1,-1
65,5,803.90,379.83,26.16,70.48,0.63,-1,-1,-1
65,10,826.88,386.30,26.13,63.46,0.87,-1,-1,-1
65,11,438.97,299.57,96.03,323.21,0.91,-1,-1,-1
65,12,879.61,380.20,26.95,68.47,0.83,-1,-1,-1
65,13,899.45,389.05,16.14,45.60,0.60,-1,-1,-1
65,15,509.14,307.50,116.40,336.52,0.93,-1,-1,-1
65,16,52.53,406.91,154.65,239.68,0.86,-1,-1,-1
65,7,523.30,333.52,46.40,156.17,0.17,-1,-1,-1
65,17,589.46,305.20,77.02,274.76,0.85,-1,-1,-1
65,18,870.76,390.53,15.28,40.07,0.67,-1,-1,-1
65,14,517.28,331.73,67.25,229.18,0.60,-1,-1,-1
66,1,173.28,230.34,313.27,951.62,0.81,-1,-1,-1
66,2,629.10,273.83,269.87,602.48,0.91,-1,-1,-1
66,5,802.81,379.81,27.30,71.42,0.62,-1,-1,-1
66,10,826.95,386.20,26.15,64.12,0.87,-1,-1,-1
66,11,433.07,299.41,98.91,326.74,0.90,-1,-1,-1
66,12,880.22,379.97,26.42,69.01,0.83,-1,-1,-1
66,13,899.50,389.19,16.14,44.90,0.57,-1,-1,-1
66,15,504.47,307.66,117.11,344.05,0.92,-1,-1,-1
66,16,45.72,408.22,158.16,240.48,0.87,-1,-1,-1
66,7,520.56,332.88,53.24,176.20,0.38,-1,-1,-1
66,17,587.91,304.43,81.75,275.72,0.86,-1,-1,-1
66,18,870.79,390.91,15.29,38.84,0.71,-1,-1,-1
66,14,514.81,329.46,70.76,233.63,0.65,-1,-1,-1
67,1,176.35,227.10,313.09,951.50,0.81,-1,-1,-1
67,2,630.13,276.65,271.39,596.14,0.91,-1,-1,-1
67,5,804.26,380.84,24.81,67.28,0.21,-1,-1,-1
67,10,826.78,385.55,26.73,65.21,0.86,-1,-1,-1
67,11,429.48,298.38,98.77,328.98,0.91,-1,-1,-1
67,12,880.53,379.87,26.21,68.89,0.84,-1,-1,-1
67,13,899.88,389.38,16.13,44.91,0.63,-1,-1,-1
67,15,501.02,305.88,117.88,352.46,0.93,-1,-1,-1
67,16,38.34,408.39,162.89,242.99,0.83,-1,-1,-1
67,17,586.10,303.26,83.47,278.66,0.88,-1,-1,-1
67,18,870.86,391.20,15.28,38.05,0.74,-1,-1,-1
67,14,511.29,326.58,77.24,239.66,0.75,-1,-1,-1
68,1,168.03,217.87,322.63,964.95,0.80,-1,-1,-1
68,2,633.03,277.50,272.59,595.62,0.91,-1,-1,-1
68,10,826.70,385.20,27.55,66.52,0.86,-1,-1,-1
68,11,424.57,296.59,99.90,331.56,0.92,-1,-1,-1
68,12,881.54,379.87,25.54,68.85,0.85,-1,-1,-1
68,13,900.33,389.64,16.15,44.93,0.60,-1,-1,-1
68,15,496.18,304.10,119.40,360.89,0.94,-1,-1,-1
68,16,31.87,408.41,184.74,246.08,0.80,-1,-1,-1
68,17,584.75,301.38,83.54,281.52,0.89,-1,-1,-1
68,18,871.18,391.04,15.29,39.95,0.78,-1,-1,-1
68,14,505.62,320.71,84.87,248.83,0.47,-1,-1,-1
69,1,162.96,209.01,328.23,978.82,0.79,-1,-1,-1
69,2,636.99,276.04,272.91,593.92,0.91,-1,-1,-1
69,10,826.64,384.62,27.85,67.31,0.83,-1,-1,-1
69,11,420.00,293.97,100.71,335.54,0.92,-1,-1,-1
69,12,881.89,379.57,25.28,69.14,0.85,-1,-1,-1
69,13,900.76,389.74,16.15,44.94,0.60,-1,-1,-1
69,15,492.06,303.84,120.50,365.02,0.94,-1,-1,-1
69,16,28.95,408.31,194.82,245.97,0.83,-1,-1,-1
69,17,582.18,300.04,84.08,281.64,0.89,-1,-1,-1
69,18,871.26,391.12,15.29,40.63,0.79,-1,-1,-1
69,14,501.70,321.32,88.43,249.96,0.20,-1,-1,-1
70,1,153.65,196.56,339.86,1006.90,0.78,-1,-1,-1
70,2,640.11,273.05,273.61,596.48,0.90,-1,-1,-1
70,10,827.15,385.49,27.38,64.07,0.84,-1,-1,-1
70,11,412.79,291.72,103.51,341.00,0.91,-1,-1,-1
70,12,882.27,379.81,24.60,68.97,0.84,-1,-1,-1
70,13,900.87,389.98,16.16,44.36,0.62,-1,-1,-1
70,15,488.43,303.98,120.93,368.99,0.94,-1,-1,-1
70,16,25.95,408.05,203.19,245.24,0.82,-1,-1,-1
70,17,579.35,300.04,84.26,283.27,0.89,-1,-1,-1
70,18,871.54,391.36,14.69,40.30,0.80,-1,-1,-1
70,14,496.38,316.08,93.80,257.95,0.40,-1,-1,-1
71,1,152.38,190.17,342.70,1010.50,0.78,-1,-1,-1
71,2,641.34,268.86,274.28,594.28,0.92,-1,-1,-1
71,10,827.10,385.18,27.77,64.27,0.83,-1,-1,-1
71,11,407.89,290.43,103.49,343.55,0.93,-1,-1,-1
71,12,882.73,379.70,23.73,68.87,0.85,-1,-1,-1
71,13,900.92,390.01,16.16,44.43,0.66,-1,-1,-1
71,15,482.93,304.18,123.38,374.42,0.94,-1,-1,-1
71,16,20.89,408.46,206.19,247.09,0.80,-1,-1,-1
71,17,575.21,299.88,86.62,282.65,0.90,-1,-1,-1
71,18,871.65,391.54,14.46,39.85,0.79,-1,-1,-1
71,14,491.71,313.19,97.54,263.71,0.66,-1,-1,-1
72,1,146.72,188.74,347.59,1010.79,0.79,-1,-1,-1
72,2,640.21,263.54,275.06,592.24,0.92,-1,-1,-1
72,10,827.94,386.02,27.33,62.26,0.83,-1,-1,-1
72,11,402.86,289.59,103.73,347.83,0.93,-1,-1,-1
72,12,883.19,380.32,23.42,68.55,0.84,-1,-1,-1
72,13,900.92,390.08,16.76,45.06,0.62,-1,-1,-1
72,15,477.67,302.73,125.46,393.20,0.94,-1,-1,-1
72,16,16.34,408.36,208.03,230.03,0.65,-1,-1,-1
72,17,572.17,298.11,88.66,286.82,0.90,-1,-1,-1
72,18,871.37,391.66,14.99,40.29,0.80,-1,-1,-1
73,1,142.40,187.42,350.15,1020.35,0.78,-1,-1,-1
73,2,639.83,260.47,271.35,587.22,0.91,-1,-1,-1
73,10,828.22,386.39,27.17,63.34,0.79,-1,-1,-1
73,11,397.25,288.89,105.05,349.98,0.92,-1,-1,-1
73,12,883.32,380.44,23.33,68.76,0.84,-1,-1,-1
73,13,901.20,390.60,17.00,44.73,0.57,-1,-1,-1
73,15,472.29,301.64,128.09,402.80,0.93,-1,-1,-1
73,16,11.49,409.17,212.88,212.17,0.71,-1,-1,-1
73,17,568.21,296.72,90.65,288.34,0.91,-1,-1,-1
73,18,871.24,391.90,15.20,40.17,0.80,-1,-1,-1
73,19,-64.41,358.20,202.56,303.30,0.73,-1,-1,-1
74,1,139.36,190.29,353.33,1027.45,0.78,-1,-1,-1
74,2,640.91,258.47,261.85,578.76,0.91,-1,-1,-1
74,10,828.38,387.25,27.08,63.75,0.73,-1,-1,-1
74,11,382.52,287.73,114.38,350.87,0.89,-1,-1,-1
74,12,883.72,380.63,23.29,68.56,0.85,-1,-1,-1
74,13,901.66,390.34,17.67,45.21,0.61,-1,-1,-1
74,15,467.52,300.20,131.26,411.04,0.92,-1,-1,-1
74,16,4.07,407.89,214.67,218.37,0.69,-1,-1,-1
74,17,563.03,294.46,94.19,292.57,0.92,-1,-1,-1
74,18,871.54,392.13,15.26,40.73,0.79,-1,-1,-1
74,19,-67.45,377.59,200.35,287.72,0.64,-1,-1,-1
75,1,143.74,195.67,353.57,1011.92,0.79,-1,-1,-1
75,2,637.69,257.96,254.74,574.31,0.91,-1,-1,-1
75,10,828.19,387.07,27.66,68.04,0.82,-1,-1,-1
75,11,372.64,287.19,118.25,352.69,0.87,-1,-1,-1
75,12,884.20,380.33,23.30,68.75,0.86,-1,-1,-1
75,13,902.15,390.17,17.93,45.37,0.65,-1,-1,-1
75,15,460.56,299.80,136.50,420.80,0.91,-1,-1,-1
75,16,-3.71,408.02,218.41,214.08,0.68,-1,-1,-1
75,17,557.44,292.53,98.50,298.11,0.92,-1,-1,-1
75,18,871.69,391.99,15.30,41.51,0.80,-1,-1,-1
75,19,-73.78,382.49,197.63,291.45,0.72,-1,-1,-1
76,1,154.81,203.27,348.22,1008.59,0.80,-1,-1,-1
76,2,639.79,259.69,238.91,573.07,0.91,-1,-1,-1
76,10,828.21,387.46,27.29,67.06,0.83,-1,-1,-1
76,11,357.02,286.81,126.57,361.76,0.83,-1,-1,-1
76,12,884.50,380.68,23.32,68.86,0.86,-1,-1,-1
76,13,902.46,390.71,18.62,44.57,0.67,-1,-1,-1
76,15,456.57,297.76,138.11,428.66,0.91,-1,-1,-1
76,16,-7.12,409.26,224.89,215.78,0.77,-1,-1,-1
76,17,552.65,291.79,101.34,303.10,0.91,-1,-1,-1
76,18,871.26,392.40,15.91,41.23,0.81,-1,-1,-1
76,19,-77.38,403.74,194.18,280.04,0.69,-1,-1,-1
77,1,163.59,208.51,348.10,1019.31,0.80,-1,-1,-1
77,2,636.87,264.58,227.72,572.20,0.90,-1,-1,-1
77,10,828.35,387.69,27.10,66.86,0.82,-1,-1,-1
77,11,333.78,276.95,142.09,402.31,0.70,-1,-1,-1
77,12,884.67,381.66,23.30,67.93,0.86,-1,-1,-1
77,13,902.63,391.62,18.85,43.61,0.70,-1,-1,-1
77,15,451.38,297.22,140.16,431.61,0.91,-1,-1,-1
77,16,-10.14,410.32,235.59,215.66,0.79,-1,-1,-1
77,17,549.31,292.25,101.62,306.82,0.91,-1,-1,-1
77,18,870.89,392.64,16.12,41.08,0.80,-1,-1,-1
77,19,-74.98,403.48,179.77,285.31,0.71,-1,-1,-1
77,20,123.07,417.82,118.35,193.27,0.72,-1,-1,-1
78,1,171.33,218.87,353.37,1012.94,0.78,-1,-1,-1
78,2,639.77,268.82,212.30,558.99,0.90,-1,-1,-1
78,10,828.47,387.51,27.05,67.10,0.84,-1,-1,-1
78,11,321.64,273.04,147.87,427.88,0.43,-1,-1,-1
78,12,884.52,381.89,23.92,68.52,0.86,-1,-1,-1
78,13,902.79,390.31,18.95,45.99,0.65,-1,-1,-1
78,15,446.93,295.50,141.75,426.95,0.91,-1,-1,-1
78,16,-15.61,412.25,242.49,224.56,0.73,-1,-1,-1
78,17,545.41,293.67,103.51,309.44,0.91,-1,-1,-1
78,18,871.13,392.60,16.21,41.33,0.81,-1,-1,-1
78,19,-80.14,406.53,183.72,288.42,0.70,-1,-1,-1
78,20,96.80,418.37,148.27,207.79,0.73,-1,-1,-1
79,1,176.70,223.85,362.50,1039.47,0.80,-1,-1,-1
79,2,646.49,274.85,194.94,553.83,0.88,-1,-1,-1
79,10,828.83,387.07,27.02,67.17,0.86,-1,-1,-1
79,12,884.77,381.77,24.73,69.03,0.86,-1,-1,-1
79,13,903.74,390.95,18.68,44.80,0.61,-1,-1,-1
79,15,443.85,294.61,142.65,417.58,0.90,-1,-1,-1
79,16,-20.71,412.01,258.28,232.15,0.71,-1,-1,-1
79,17,543.49,294.44,103.53,310.60,0.91,-1,-1,-1
79,18,871.54,392.52,16.23,41.42,0.82,-1,-1,-1
79,19,-85.84,413.26,188.04,287.75,0.67,-1,-1,-1
79,20,98.83,418.57,138.89,195.81,0.72,-1,-1,-1
79,21,634.50,337.05,72.90,225.45,0.79,-1,-1,-1
80,1,186.46,225.13,366.94,1052.10,0.82,-1,-1,-1
80,2,647.79,279.46,189.85,561.68,0.87,-1,-1,-1
80,10,828.92,386.73,27.00,68.07,0.87,-1,-1,-1
80,12,884.80,381.84,25.04,69.21,0.86,-1,-1,-1
80,13,904.34,391.34,18.27,44.32,0.62,-1,-1,-1
80,15,441.20,292.54,142.80,419.06,0.89,-1,-1,-1
80,16,-29.88,416.63,265.94,227.95,0.33,-1,-1,-1
80,17,540.20,294.47,104.07,313.26,0.91,-1,-1,-1
80,18,871.64,392.61,16.23,41.14,0.82,-1,-1,-1
80,19,-67.31,416.81,158.15,267.88,0.56,-1,-1,-1
80,20,80.54,419.66,152.58,210.09,0.76,-1,-1,-1
80,21,631.54,337.81,75.82,226.64,0.85,-1,-1,-1
81,1,197.13,227.92,370.71,1060.74,0.83,-1,-1,-1
81,2,643.50,284.38,194.62,570.92,0.85,-1,-1,-1
81,10,828.97,386.88,27.59,68.40,0.87,-1,-1,-1
81,12,885.41,381.70,25.16,69.57,0.85,-1,-1,-1
81,13,904.57,391.31,18.11,44.44,0.65,-1,-1,-1
81,15,440.56,291.05,141.15,428.17,0.88,-1,-1,-1
81,16,-33.69,418.39,270.01,231.59,0.42,-1,-1,-1
81,17,537.92,295.38,104.20,314.14,0.91,-1,-1,-1
81,18,871.99,392.48,16.23,41.33,0.82,-1,-1,-1
81,19,-62.07,417.97,130.91,262.54,0.23,-1,-1,-1
81,20,59.76,421.26,173.03,222.23,0.73,-1,-1,-1
81,21,628.93,336.91,80.50,231.38,0.85,-1,-1,-1
82,1,206.78,228.05,379.93,1076.46,0.83,-1,-1,-1
82,2,644.13,288.25,195.82,577.13,0.84,-1,-1,-1
82,10,829.29,387.08,27.81,68.50,0.89,-1,-1,-1
82,12,885.64,381.93,25.20,69.70,0.85,-1,-1,-1
82,13,904.94,391.14,18.35,45.08,0.63,-1,-1,-1
82,15,443.48,289.21,136.30,422.20,0.84,-1,-1,-1
82,16,-44.53,419.92,284.39,237.05,0.28,-1,-1,-1
82,17,538.35,295.74,101.25,315.83,0.90,-1,-1,-1
82,18,871.82,392.42,16.82,41.69,0.81,-1,-1,-1
82,19,-58.20,423.51,116.68,265.24,0.25,-1,-1,-1
82,20,49.94,422.43,183.33,228.26,0.74,-1,-1,-1
82,21,627.72,336.59,84.13,232.92,0.86,-1,-1,-1
83,1,214.59,219.41,392.69,1115.78,0.84,-1,-1,-1
83,2,635.75,290.05,204.39,572.10,0.86,-1,-1,-1
83,10,830.29,387.32,27.30,69.14,0.88,-1,-1,-1
83,12,886.61,382.64,24.62,68.58,0.86,-1,-1,-1
83,13,905.08,391.25,19.02,45.33,0.63,-1,-1,-1
83,15,433.41,288.50,142.35,436.44,0.83,-1,-1,-1
83,16,-65.61,419.80,296.64,236.23,0.16,-1,-1,-1
83,17,536.80,298.96,101.23,314.84,0.89,-1,-1,-1
83,18,872.05,392.42,17.04,41.54,0.81,-1,-1,-1
83,20,47.64,423.21,179.89,229.50,0.74,-1,-1,-1
83,21,627.03,335.83,84.58,233.63,0.85,-1,-1,-1
84,1,224.53,209.19,403.15,1147.95,0.84,-1,-1,-1
84,2,631.00,290.53,209.45,568.54,0.89,-1,-1,-1
84,10,830.46,387.58,27.71,68.78,0.86,-1,-1,-1
84,12,887.07,382.91,25.00,68.14,0.87,-1,-1,-1
84,13,905.52,391.30,18.99,45.13,0.68,-1,-1,-1
84,15,425.64,284.67,147.96,454.70,0.72,-1,-1,-1
84,17,534.61,298.92,101.23,303.81,0.86,-1,-1,-1
84,18,872.53,392.58,17.13,41.48,0.81,-1,-1,-1
84,20,58.16,422.96,194.10,220.18,0.72,-1,-1,-1
84,21,626.00,335.63,83.95,235.36,0.85,-1,-1,-1
85,1,230.46,208.33,415.54,1155.72,0.85,-1,-1,-1
85,2,639.03,288.92,203.12,555.73,0.88,-1,-1,-1
85,10,830.81,388.22,27.26,68.33,0.88,-1,-1,-1
85,12,887.53,382.66,25.14,68.59,0.87,-1,-1,-1
85,13,905.97,391.41,18.67,44.75,0.62,-1,-1,-1
85,15,423.93,283.46,147.16,453.74,0.54,-1,-1,-1
85,17,530.90,299.13,103.57,295.59,0.86,-1,-1,-1
85,18,873.01,392.59,17.74,41.75,0.82,-1,-1,-1
85,20,78.04,423.19,190.30,218.09,0.82,-1,-1,-1
85,21,625.06,333.95,83.61,238.41,0.87,-1,-1,-1
85,11,292.99,276.24,106.10,354.45,0.70,-1,-1,-1
86,1,233.37,190.29,431.00,1185.28,0.86,-1,-1,-1
86,2,652.40,287.10,195.83,545.45,0.91,-1,-1,-1
86,10,830.83,388.60,27.68,68.75,0.85,-1,-1,-1
86,12,887.88,382.71,25.18,68.46,0.87,-1,-1,-1
86,13,907.22,392.50,17.94,43.12,0.51,-1,-1,-1
86,15,421.61,276.77,147.27,455.76,0.28,-1,-1,-1
86,17,524.77,295.37,108.50,305.98,0.86,-1,-1,-1
86,18,873.08,392.88,17.97,41.85,0.82,-1,-1,-1
86,20,79.82,423.40,194.99,218.51,0.80,-1,-1,-1
86,21,623.45,332.23,82.76,240.53,0.88,-1,-1,-1
86,11,287.35,273.66,100.15,342.54,0.80,-1,-1,-1
87,1,234.22,180.81,448.27,1199.46,0.86,-1,-1,-1
87,2,660.70,284.73,197.54,540.10,0.91,-1,-1,-1
87,10,832.37,389.05,26.64,68.31,0.81,-1,-1,-1
87,12,888.65,383.04,25.20,68.42,0.85,-1,-1,-1
87,13,908.03,393.39,17.36,42.20,0.51,-1,-1,-1
87,17,517.60,292.24,113.27,308.59,0.82,-1,-1,-1
87,18,873.45,393.31,18.63,41.89,0.79,-1,-1,-1
87,20,83.10,423.03,193.08,220.57,0.85,-1,-1,-1
87,21,623.27,330.28,83.63,244.43,0.87,-1,-1,-1
87,11,275.48,270.53,107.94,372.18,0.82,-1,-1,-1
88,1,234.63,177.66,469.19,1209.39,0.87,-1,-1,-1
88,2,668.75,282.98,201.34,541.27,0.91,-1,-1,-1
88,10,834.79,389.56,25.05,65.15,0.75,-1,-1,-1
88,12,888.96,383.34,25.81,68.40,0.85,-1,-1,-1
88,13,908.34,393.73,17.16,42.18,0.56,-1,-1,-1
88,17,511.71,286.39,118.04,316.08,0.74,-1,-1,-1
88,18,874.50,393.21,18.31,42.20,0.76,-1,-1,-1
88,20,81.27,422.90,198.73,223.51,0.82,-1,-1,-1
88,21,622.65,328.61,86.39,251.08,0.86,-1,-1,-1
88,11,265.68,268.26,118.67,391.56,0.82,-1,-1,-1
89,1,234.73,171.83,495.48,1230.30,0.86,-1,-1,-1
89,2,672.32,281.13,210.55,540.24,0.90,-1,-1,-1
89,10,836.44,389.57,23.84,59.73,0.33,-1,-1,-1
89,12,889.53,384.05,26.04,67.25,0.85,-1,-1,-1
89,13,908.32,393.71,17.69,42.51,0.18,-1,-1,-1
89,17,511.49,280.03,116.94,312.19,0.70,-1,-1,-1
89,18,874.76,393.46,18.76,42.64,0.74,-1,-1,-1
89,20,79.73,422.60,200.46,225.35,0.85,-1,-1,-1
89,21,622.18,327.15,83.78,234.43,0.80,-1,-1,-1
89,11,254.64,265.33,128.87,412.33,0.83,-1,-1,-1
90,1,240.04,167.79,516.85,1272.19,0.86,-1,-1,-1
90,2,674.15,280.48,221.14,541.57,0.91,-1,-1,-1
90,12,890.52,384.99,26.12,66.17,0.84,-1,-1,-1
90,13,910.27,394.22,16.70,42.01,0.15,-1,-1,-1
90,17,509.92,274.93,119.38,318.71,0.62,-1,-1,-1
90,18,875.35,394.09,18.93,42.77,0.75,-1,-1,-1
90,20,81.74,422.51,200.66,225.77,0.87,-1,-1,-1
90,21,621.18,326.88,85.77,240.77,0.83,-1,-1,-1
90,11,247.04,261.93,139.28,431.76,0.86,-1,-1,-1
91,1,242.88,161.72,536.76,1298.12,0.86,-1,-1,-1
91,2,678.59,280.20,227.42,534.69,0.91,-1,-1,-1
91,12,891.09,385.84,27.33,65.74,0.86,-1,-1,-1
91,13,913.65,396.41,14.17,38.80,0.23,-1,-1,-1
91,18,875.20,394.22,19.56,42.79,0.80,-1,-1,-1
91,20,81.90,422.82,200.03,229.16,0.86,-1,-1,-1
91,21,620.02,327.20,85.25,242.41,0.82,-1,-1,-1
91,11,242.13,259.00,147.57,458.57,0.88,-1,-1,-1
92,1,246.85,173.73,554.77,1296.16,0.86,-1,-1,-1
92,2,682.61,281.11,234.00,530.89,0.90,-1,-1,-1
92,12,892.23,386.51,27.20,64.97,0.86,-1,-1,-1
92,13,914.24,397.11,13.89,37.90,0.27,-1,-1,-1
92,18,875.78,394.33,19.22,42.78,0.80,-1,-1,-1
92,20,85.40,422.70,197.61,231.04,0.87,-1,-1,-1
92,21,618.50,327.33,86.85,244.87,0.74,-1,-1,-1
92,11,236.70,256.39,149.16,461.81,0.89,-1,-1,-1
93,1,256.63,174.13,560.39,1291.82,0.86,-1,-1,-1
93,2,685.33,283.65,240.74,536.85,0.90,-1,-1,-1
93,12,892.58,387.01,27.16,64.72,0.86,-1,-1,-1
93,13,914.38,397.62,13.81,37.62,0.33,-1,-1,-1
93,18,876.20,394.78,19.09,42.79,0.80,-1,-1,-1
93,20,79.64,422.74,200.14,232.94,0.87,-1,-1,-1
93,21,615.99,327.40,89.27,244.05,0.75,-1,-1,-1
93,11,229.69,253.50,151.23,485.81,0.90,-1,-1,-1
94,1,262.47,176.88,570.49,1297.31,0.86,-1,-1,-1
94,2,686.21,286.63,247.31,536.35,0.90,-1,-1,-1
94,12,893.40,386.78,27.10,65.25,0.86,-1,-1,-1
94,13,914.49,397.55,14.40,38.15,0.32,-1,-1,-1
94,18,876.77,394.84,19.01,42.79,0.82,-1,-1,-1
94,20,68.21,422.48,206.80,235.44,0.81,-1,-1,-1
94,21,616.47,326.62,91.20,252.65,0.67,-1,-1,-1
94,11,223.47,251.10,152.20,508.06,0.90,-1,-1,-1
95,1,268.86,182.64,576.56,1288.78,0.85,-1,-1,-1
95,2,689.05,290.10,250.08,538.63,0.90,-1,-1,-1
95,12,893.36,386.46,27.66,66.03,0.86,-1,-1,-1
95,13,913.28,397.12,15.82,40.16,0.12,-1,-1,-1
95,18,876.94,394.93,19.57,44.56,0.78,-1,-1,-1
95,20,50.26,420.95,217.35,240.52,0.61,-1,-1,-1
95,21,619.93,328.84,86.04,255.75,0.70,-1,-1,-1
95,11,215.71,250.41,153.09,523.29,0.90,-1,-1,-1
95,15,388.53,266.94,154.67,468.74,0.79,-1,-1,-1
96,1,284.66,193.16,577.74,1279.84,0.86,-1,-1,-1
96,2,692.74,294.16,250.11,539.81,0.90,-1,-1,-1
96,12,894.63,386.67,26.13,65.73,0.84,-1,-1,-1
96,13,912.67,396.55,17.52,42.09,0.38,-1,-1,-1
96,18,877.42,395.16,19.79,45.80,0.75,-1,-1,-1
96,20,44.20,416.74,220.85,252.19,0.11,-1,-1,-1
96,21,628.09,330.47,79.21,248.86,0.57,-1,-1,-1
96,11,206.70,249.60,156.75,532.41,0.90,-1,-1,-1
96,15,375.08,266.92,164.00,511.99,0.80,-1,-1,-1
97,1,299.43,204.89,573.34,1268.50,0.86,-1,-1,-1
97,2,699.15,299.25,247.82,537.68,0.90,-1,-1,-1
97,12,895.51,386.85,26.11,66.25,0.85,-1,-1,-1
97,13,913.12,397.02,17.61,42.55,0.23,-1,-1,-1
97,18,877.70,395.35,20.45,47.46,0.76,-1,-1,-1
97,21,634.62,333.05,78.44,240.52,0.32,-1,-1,-1
97,11,194.87,249.74,162.01,537.39,0.90,-1,-1,-1
97,15,355.47,267.29,187.66,554.24,0.81,-1,-1,-1
98,1,317.84,208.53,572.86,1261.91,0.84,-1,-1,-1
98,2,704.21,302.11,248.38,529.25,0.89,-1,-1,-1
98,12,896.88,387.06,26.19,66.27,0.85,-1,-1,-1
98,13,913.75,397.29,17.11,42.01,0.24,-1,-1,-1
98,18,879.21,395.59,20.18,48.52,0.69,-1,-1,-1
98,21,633.82,340.91,77.89,227.65,0.13,-1,-1,-1
98,11,187.27,251.68,165.97,535.87,0.90,-1,-1,-1
98,15,343.88,268.33,194.82,573.21,0.85,-1,-1,-1
98,22,704.70,338.40,71.10,202.05,0.80,-1,-1,-1
98,23,-110.25,133.20,434.02,938.70,0.74,-1,-1,-1
99,1,337.39,212.40,565.79,1247.69,0.85,-1,-1,-1
99,2,707.71,303.50,250.08,529.88,0.89,-1,-1,-1
99,12,896.47,386.53,26.41,67.01,0.84,-1,-1,-1
99,13,914.55,397.43,16.84,41.59,0.27,-1,-1,-1
99,18,879.42,395.35,19.98,49.60,0.67,-1,-1,-1
99,21,648.39,343.84,67.62,203.16,0.24,-1,-1,-1
99,11,179.67,249.04,165.04,543.52,0.90,-1,-1,-1
99,15,333.08,266.42,197.35,585.43,0.87,-1,-1,-1
99,22,704.17,337.36,72.57,210.28,0.84,-1,-1,-1
99,23,-105.09,126.59,445.82,987.78,0.70,-1,-1,-1
99,17,469.28,265.87,132.01,419.12,0.64,-1,-1,-1
100,1,354.78,208.11,567.23,1266.00,0.84,-1,-1,-1
100,2,713.30,303.31,251.20,535.46,0.88,-1,-1,-1
100,12,896.39,386.86,26.79,67.05,0.85,-1,-1,-1
100,13,913.75,397.44,16.43,41.77,0.21,-1,-1,-1
100,18,879.26,395.20,19.89,50.05,0.40,-1,-1,-1
100,11,162.38,248.44,174.11,549.77,0.84,-1,-1,-1
100,15,321.48,263.57,201.26,604.47,0.90,-1,-1,-1
100,22,703.20,336.12,72.82,207.16,0.85,-1,-1,-1
100,23,-107.71,130.15,438.26,1016.33,0.69,-1,-1,-1
100,17,474.99,268.39,115.94,393.19,0.69,-1,-1,-1
101,1,361.86,209.42,583.19,1265.26,0.83,-1,-1,-1
101,2,708.96,303.15,262.89,552.94,0.84,-1,-1,-1
101,12,896.45,386.73,26.94,67.92,0.81,-1,-1,-1
101,13,913.54,396.42,16.28,43.30,0.32,-1,-1,-1
101,11,145.70,246.69,184.52,571.92,0.80,-1,-1,-1
101,15,310.40,259.90,204.14,622.81,0.90,-1,-1,-1
101,22,702.96,336.64,70.85,205.10,0.81,-1,-1,-1
101,23,-101.28,121.52,426.70,1061.45,0.70,-1,-1,-1
101,17,475.54,267.46,114.61,404.32,0.76,-1,-1,-1
102,1,376.53,211.67,587.62,1256.04,0.80,-1,-1,-1
102,2,715.31,302.00,263.14,560.58,0.85,-1,-1,-1
102,12,897.02,386.99,26.99,67.09,0.79,-1,-1,-1
102,13,913.43,395.92,16.22,44.18,0.19,-1,-1,-1
102,11,138.30,243.16,189.59,574.00,0.81,-1,-1,-1
102,15,298.17,255.46,207.22,632.61,0.88,-1,-1,-1
102,22,702.83,335.67,71.56,203.60,0.78,-1,-1,-1
102,23,-100.55,119.82,431.42,1113.53,0.67,-1,-1,-1
102,17,470.20,266.00,126.82,407.94,0.77,-1,-1,-1
103,1,388.31,204.67,594.21,1249.38,0.82,-1,-1,-1
103,2,718.13,299.59,263.77,564.48,0.84,-1,-1,-1
103,12,897.46,387.60,26.72,65.01,0.72,-1,-1,-1
103,13,913.34,395.94,16.20,44.83,0.25,-1,-1,-1
103,11,136.25,239.72,179.05,562.37,0.76,-1,-1,-1
103,15,285.07,248.93,209.93,649.82,0.86,-1,-1,-1
103,22,700.08,332.27,78.34,233.91,0.43,-1,-1,-1
103,23,-99.77,127.97,419.32,1101.02,0.68,-1,-1,-1
103,17,464.58,263.98,136.38,415.15,0.77,-1,-1,-1
104,1,399.02,195.80,600.11,1262.79,0.83,-1,-1,-1
104,2,724.26,296.90,256.52,555.67,0.86,-1,-1,-1
104,12,898.93,388.28,26.01,63.30,0.65,-1,-1,-1
104,13,914.61,396.23,16.19,45.05,0.24,-1,-1,-1
104,11,129.29,233.96,170.60,557.98,0.71,-1,-1,-1
104,15,271.09,240.72,212.45,671.00,0.88,-1,-1,-1
104,23,-95.63,118.46,409.45,1127.29,0.72,-1,-1,-1
104,17,460.96,263.88,139.56,422.29,0.79,-1,-1,-1
105,1,405.05,196.92,606.78,1244.92,0.83,-1,-1,-1
105,2,729.69,295.54,246.13,548.04,0.86,-1,-1,-1
105,12,901.51,389.74,23.03,56.93,0.39,-1,-1,-1
105,13,915.91,396.65,17.08,44.83,0.41,-1,-1,-1
105,11,101.53,224.25,193.67,623.43,0.61,-1,-1,-1
105,15,245.22,233.52,226.39,685.84,0.83,-1,-1,-1
105,23,-91.58,113.19,409.92,1104.86,0.62,-1,-1,-1
105,17,451.17,262.41,147.13,424.29,0.83,-1,-1,-1
106,1,409.82,189.65,618.20,1267.07,0.84,-1,-1,-1
106,2,732.81,295.76,235.59,524.88,0.86,-1,-1,-1
106,12,904.06,390.55,20.34,53.30,0.32,-1,-1,-1
106,13,917.00,396.92,16.84,44.73,0.28,-1,-1,-1
106,15,243.28,226.24,217.72,680.69,0.77,-1,-1,-1
106,23,-95.55,92.44,436.50,1167.14,0.67,-1,-1,-1
106,17,442.93,261.63,151.78,423.02,0.86,-1,-1,-1
107,1,416.32,175.64,620.66,1297.39,0.85,-1,-1,-1
107,2,730.06,296.11,229.24,538.98,0.81,-1,-1,-1
107,13,917.34,397.32,16.73,42.91,0.27,-1,-1,-1
107,15,223.61,211.24,231.50,739.55,0.74,-1,-1,-1
107,23,-96.34,77.43,438.35,1200.46,0.64,-1,-1,-1
107,17,438.81,258.95,152.34,427.10,0.85,-1,-1,-1
108,1,424.90,170.46,615.71,1290.28,0.84,-1,-1,-1
108,2,729.63,296.86,222.16,548.74,0.79,-1,-1,-1
108,15,210.90,207.89,227.22,735.41,0.74,-1,-1,-1
108,23,-89.83,78.78,434.70,1200.10,0.66,-1,-1,-1
108,17,436.92,258.35,149.00,425.48,0.86,-1,-1,-1
109,1,421.36,164.56,638.43,1305.52,0.84,-1,-1,-1
109,2,735.44,300.38,202.50,519.59,0.72,-1,-1,-1
109,15,208.49,206.38,240.72,789.62,0.71,-1,-1,-1
109,23,-84.38,76.11,451.26,1208.77,0.64,-1,-1,-1
109,17,429.78,256.93,153.16,432.75,0.86,-1,-1,-1
110,1,423.28,145.41,641.86,1350.65,0.84,-1,-1,-1
110,15,210.13,196.35,220.12,785.80,0.71,-1,-1,-1
110,23,-89.79,74.35,485.48,1231.60,0.66,-1,-1,-1
110,17,427.68,252.57,151.41,449.86,0.86,-1,-1,-1
110,24,328.50,278.32,135.00,412.87,0.83,-1,-1,-1
111,1,428.73,153.69,644.78,1320.25,0.84,-1,-1,-1
111,15,277.46,243.39,168.51,560.14,0.86,-1,-1,-1
111,23,-102.22,52.69,504.62,1263.76,0.62,-1,-1,-1
111,17,422.07,249.42,151.77,469.81,0.88,-1,-1,-1
112,1,437.86,148.16,648.89,1318.16,0.79,-1,-1,-1
112,15,291.28,262.34,156.07,473.96,0.81,-1,-1,-1
112,23,-119.29,28.38,522.93,1319.37,0.62,-1,-1,-1
112,17,407.02,244.98,160.17,491.35,0.88,-1,-1,-1
112,25,589.05,322.65,90.00,270.90,0.80,-1,-1,-1
113,1,448.30,139.43,648.46,1346.40,0.77,-1,-1,-1
113,15,285.24,260.54,158.42,468.29,0.79,-1,-1,-1
113,23,-108.58,26.11,519.94,1272.79,0.54,-1,-1,-1
113,17,394.43,240.35,166.36,503.03,0.89,-1,-1,-1
113,25,588.02,322.26,90.76,274.53,0.82,-1,-1,-1
114,1,455.94,157.08,672.10,1301.68,0.73,-1,-1,-1
114,15,278.12,260.41,162.16,474.73,0.76,-1,-1,-1
114,23,-97.31,19.62,514.27,1229.73,0.55,-1,-1,-1
114,17,391.64,236.95,164.85,517.10,0.89,-1,-1,-1
114,25,585.26,322.29,93.18,277.50,0.80,-1,-1,-1
115,1,469.59,164.59,687.74,1302.77,0.78,-1,-1,-1
115,15,282.87,264.05,151.54,452.40,0.67,-1,-1,-1
115,23,-106.67,23.74,516.58,1275.69,0.56,-1,-1,-1
115,17,388.80,236.37,159.90,525.04,0.87,-1,-1,-1
115,25,579.74,321.36,99.93,301.16,0.83,-1,-1,-1
115,21,637.57,318.61,88.87,287.97,0.75,-1,-1,-1
116,1,497.18,182.30,705.62,1263.62,0.72,-1,-1,-1
116,15,288.03,270.09,140.04,436.88,0.49,-1,-1,-1
116,23,-118.61,30.43,534.61,1294.17,0.54,-1,-1,-1
116,17,384.49,237.61,156.84,529.96,0.84,-1,-1,-1
116,25,573.19,320.51,106.41,317.49,0.85,-1,-1,-1
116,21,637.99,320.91,85.19,280.65,0.77,-1,-1,-1
116,26,537.30,331.87,45.00,155.02,0.74,-1,-1,-1
116,22,686.10,315.06,105.84,293.50,0.73,-1,-1,-1
117,1,509.79,189.79,740.40,1265.18,0.65,-1,-1,-1
117,15,287.70,271.56,122.99,404.21,0.72,-1,-1,-1
117,23,-103.67,15.44,546.26,1195.24,0.43,-1,-1,-1
117,17,368.85,230.58,164.98,548.39,0.84,-1,-1,-1
117,25,575.12,318.62,101.28,325.58,0.85,-1,-1,-1
117,21,636.72,317.88,82.93,281.46,0.75,-1,-1,-1
117,26,536.37,330.90,47.21,165.95,0.69,-1,-1,-1
117,22,686.43,319.27,107.97,293.89,0.81,-1,-1,-1
118,1,518.37,189.61,776.10,1267.68,0.69,-1,-1,-1
118,15,279.29,271.03,121.49,397.15,0.72,-1,-1,-1
118,23,-106.75,13.52,568.17,1125.41,0.46,-1,-1,-1
118,17,359.70,221.73,170.66,560.68,0.86,-1,-1,-1
118,25,575.51,317.78,99.48,329.28,0.87,-1,-1,-1
118,21,635.74,317.23,81.87,276.38,0.77,-1,-1,-1
118,26,537.70,331.12,49.16,162.78,0.64,-1,-1,-1
118,22,687.23,321.35,104.65,280.95,0.85,-1,-1,-1
119,1,562.45,184.08,743.08,1278.89,0.68,-1,-1,-1
119,15,266.76,268.18,130.46,421.42,0.78,-1,-1,-1
119,23,-109.76,1.68,598.84,1159.20,0.53,-1,-1,-1
119,17,353.90,215.42,171.13,565.99,0.85,-1,-1,-1
119,25,571.39,314.97,99.80,345.91,0.87,-1,-1,-1
119,21,633.74,317.08,83.04,278.69,0.77,-1,-1,-1
119,26,538.90,330.69,49.46,163.46,0.72,-1,-1,-1
119,22,686.17,320.67,107.62,282.30,0.85,-1,-1,-1
120,1,594.19,175.44,736.90,1303.11,0.72,-1,-1,-1
120,15,264.58,267.68,135.51,423.36,0.76,-1,-1,-1
120,23,-114.34,12.26,617.18,1108.32,0.45,-1,-1,-1
120,17,347.87,211.38,176.86,569.97,0.87,-1,-1,-1
120,25,568.31,313.06,102.30,366.35,0.90,-1,-1,-1
120,21,634.30,319.01,82.76,271.22,0.84,-1,-1,-1
120,26,540.74,330.62,53.05,168.41,0.64,-1,-1,-1
120,22,687.02,319.78,110.87,285.47,0.86,-1,-1,-1
121,1,625.19,183.21,725.47,1283.02,0.63,-1,-1,-1
121,15,255.12,265.17,147.27,446.69,0.72,-1,-1,-1
121,23,-74.35,4.15,576.84,1141.71,0.56,-1,-1,-1
121,17,342.78,208.84,177.21,576.98,0.87,-1,-1,-1
121,25,562.50,311.53,105.94,378.68,0.90,-1,-1,-1
121,21,628.83,317.70,85.96,279.86,0.86,-1,-1,-1
121,26,539.32,330.92,54.77,163.75,0.45,-1,-1,-1
121,22,687.44,318.52,113.16,290.43,0.86,-1,-1,-1
122,1,630.77,160.32,677.17,1337.91,0.70,-1,-1,-1
122,15,257.46,265.77,146.38,436.31,0.72,-1,-1,-1
122,23,-57.56,1.90,569.85,1117.74,0.52,-1,-1,-1
122,17,346.88,207.39,179.57,577.07,0.84,-1,-1,-1
122,25,562.58,308.75,108.80,381.31,0.90,-1,-1,-1
122,21,631.16,317.90,86.21,277.43,0.88,-1,-1,-1
122,26,535.18,333.82,75.42,204.63,0.66,-1,-1,-1
122,22,690.37,316.68,114.60,291.37,0.89,-1,-1,-1
123,1,649.07,144.51,640.76,1347.18,0.78,-1,-1,-1
123,15,254.61,264.40,150.76,425.43,0.74,-1,-1,-1
123,23,-63.59,25.40,586.34,1132.85,0.47,-1,-1,-1
123,17,355.45,205.84,198.78,568.78,0.79,-1,-1,-1
123,25,559.53,304.85,111.79,383.84,0.89,-1,-1,-1
123,21,630.42,317.80,87.69,275.86,0.89,-1,-1,-1
123,26,536.32,330.87,82.09,218.78,0.60,-1,-1,-1
123,22,690.35,314.74,117.60,298.02,0.88,-1,-1,-1
124,1,666.29,139.71,626.28,1354.92,0.79,-1,-1,-1
124,15,247.04,258.52,152.51,437.49,0.54,-1,-1,-1
124,23,-79.55,22.70,620.09,1166.40,0.49,-1,-1,-1
124,17,356.38,203.35,188.99,557.39,0.79,-1,-1,-1
124,25,557.64,300.80,112.67,387.71,0.89,-1,-1,-1
124,21,631.45,316.96,87.50,279.02,0.87,-1,-1,-1
124,26,538.60,329.83,83.08,225.06,0.59,-1,-1,-1
124,22,691.16,312.57,119.13,304.21,0.89,-1,-1,-1
125,1,676.89,135.88,636.78,1370.26,0.74,-1,-1,-1
125,15,231.86,253.39,157.38,461.36,0.34,-1,-1,-1
125,23,-116.39,12.12,663.49,1211.20,0.44,-1,-1,-1
125,17,351.24,204.93,173.05,545.47,0.79,-1,-1,-1
125,25,550.91,299.66,112.68,395.89,0.89,-1,-1,-1
125,21,626.60,317.63,87.12,284.76,0.88,-1,-1,-1
125,26,531.78,330.18,85.87,228.15,0.60,-1,-1,-1
125,22,688.88,312.47,118.00,314.34,0.90,-1,-1,-1
126,1,689.14,133.12,650.99,1344.98,0.70,-1,-1,-1
126,23,-143.33,9.58,713.40,1311.44,0.47,-1,-1,-1
126,17,356.36,215.77,159.79,528.98,0.56,-1,-1,-1
126,25,542.76,295.38,118.45,404.66,0.86,-1,-1,-1
126,21,623.14,316.50,89.26,290.37,0.87,-1,-1,-1
126,26,528.08,325.04,91.94,261.78,0.30,-1,-1,-1
126,22,686.96,311.74,120.35,325.83,0.92,-1,-1,-1
127,1,734.38,131.96,623.10,1331.03,0.69,-1,-1,-1
127,23,-134.41,17.06,711.62,1360.63,0.56,-1,-1,-1
127,17,332.37,212.16,184.09,545.03,0.28,-1,-1,-1
127,25,536.91,277.55,121.60,425.19,0.85,-1,-1,-1
127,21,621.08,316.06,91.12,295.45,0.87,-1,-1,-1
127,26,525.25,323.83,94.72,269.42,0.18,-1,-1,-1
127,22,686.63,311.03,122.82,335.95,0.93,-1,-1,-1
127,2,791.50,312.65,140.59,419.87,0.67,-1,-1,-1
128,1,734.96,112.96,656.89,1384.65,0.67,-1,-1,-1
128,23,-104.08,-5.33,713.08,1425.06,0.51,-1,-1,-1
128,25,535.56,279.92,123.26,426.07,0.85,-1,-1,-1
128,21,620.77,317.23,89.40,296.67,0.88,-1,-1,-1
128,22,686.05,309.78,124.24,345.49,0.94,-1,-1,-1
128,2,795.17,314.07,147.89,414.86,0.72,-1,-1,-1
128,27,743.40,335.70,84.60,279.00,0.76,-1,-1,-1
129,1,747.54,117.47,647.22,1379.34,0.71,-1,-1,-1
129,23,-47.08,-15.84,668.49,1463.72,0.65,-1,-1,-1
129,25,536.42,272.68,125.77,436.73,0.80,-1,-1,-1
129,21,619.62,318.84,90.02,298.63,0.88,-1,-1,-1
129,22,685.89,309.23,125.46,353.54,0.94,-1,-1,-1
129,2,799.60,315.61,150.83,410.87,0.81,-1,-1,-1
129,27,742.77,336.02,85.35,263.15,0.83,-1,-1,-1
130,1,765.46,118.29,628.01,1390.10,0.71,-1,-1,-1
130,23,-22.18,-18.42,666.95,1480.95,0.67,-1,-1,-1
130,25,540.53,283.85,119.19,410.31,0.74,-1,-1,-1
130,21,617.28,318.84,91.47,301.50,0.87,-1,-1,-1
130,22,686.24,308.96,128.85,359.83,0.93,-1,-1,-1
130,2,804.55,317.87,149.92,418.49,0.65,-1,-1,-1
130,27,744.08,335.88,86.23,267.96,0.81,-1,-1,-1
131,1,778.87,103.40,636.25,1419.42,0.68,-1,-1,-1
131,23,22.61,-27.57,660.72,1516.10,0.70,-1,-1,-1
131,21,614.49,313.77,96.09,307.11,0.87,-1,-1,-1
131,22,686.76,309.37,130.07,360.24,0.94,-1,-1,-1
131,2,803.24,316.91,187.10,546.20,0.14,-1,-1,-1
131,27,744.83,335.57,89.27,273.79,0.84,-1,-1,-1
132,1,795.42,100.58,621.76,1418.54,0.73,-1,-1,-1
132,23,47.18,-37.00,662.43,1522.89,0.68,-1,-1,-1
132,21,609.51,312.35,100.55,309.64,0.79,-1,-1,-1
132,22,686.50,309.49,129.67,365.90,0.93,-1,-1,-1
132,2,806.50,316.28,189.89,575.12,0.13,-1,-1,-1
132,27,745.35,334.46,92.08,283.15,0.83,-1,-1,-1
133,1,806.38,131.14,606.79,1371.93,0.75,-1,-1,-1
133,23,82.69,-25.84,647.85,1518.58,0.63,-1,-1,-1
133,22,686.77,309.38,128.30,370.67,0.94,-1,-1,-1
133,2,821.10,317.82,161.19,461.58,0.84,-1,-1,-1
133,27,746.76,333.15,92.99,279.80,0.83,-1,-1,-1
134,1,817.19,133.45,615.18,1387.84,0.69,-1,-1,-1
134,23,98.19,-43.79,667.17,1524.20,0.71,-1,-1,-1
134,22,689.47,311.34,127.52,361.90,0.93,-1,-1,-1
134,2,831.14,319.30,153.06,410.64,0.50,-1,-1,-1
134,27,750.20,332.11,93.91,278.05,0.87,-1,-1,-1
135,1,827.16,156.72,592.17,1343.97,0.71,-1,-1,-1
135,23,161.56,-20.10,608.32,1458.62,0.51,-1,-1,-1
135,22,686.86,311.48,128.11,362.76,0.92,-1,-1,-1
135,2,836.41,318.79,154.90,407.15,0.85,-1,-1,-1
135,27,750.35,331.80,95.38,282.48,0.86,-1,-1,-1
135,15,107.16,229.37,211.42,557.78,0.74,-1,-1,-1
136,1,843.35,172.60,576.61,1334.19,0.70,-1,-1,-1
136,23,126.36,-37.91,657.74,1513.54,0.11,-1,-1,-1
136,22,689.13,313.04,123.90,344.25,0.86,-1,-1,-1
136,2,839.05,316.37,155.29,425.01,0.85,-1,-1,-1
136,27,753.05,332.32,95.69,284.56,0.86,-1,-1,-1
136,15,94.28,226.56,218.70,595.52,0.79,-1,-1,-1
137,1,847.66,169.14,579.16,1358.28,0.74,-1,-1,-1
137,23,185.74,-33.73,641.97,1482.53,0.55,-1,-1,-1
137,22,687.73,315.02,123.68,342.47,0.76,-1,-1,-1
137,2,841.34,317.53,159.28,436.50,0.80,-1,-1,-1
137,27,755.57,333.97,97.13,287.25,0.85,-1,-1,-1
137,15,80.06,224.89,233.00,635.30,0.79,-1,-1,-1
138,1,854.43,203.20,552.91,1301.06,0.71,-1,-1,-1
138,23,251.87,-52.10,602.84,1521.37,0.59,-1,-1,-1
138,2,844.35,316.69,155.22,437.94,0.79,-1,-1,-1
138,27,755.17,332.43,101.87,293.65,0.85,-1,-1,-1
138,15,67.71,218.17,238.30,666.73,0.79,-1,-1,-1
139,1,861.86,190.96,551.56,1319.73,0.71,-1,-1,-1
139,23,303.51,-54.06,588.90,1539.06,0.56,-1,-1,-1
139,2,850.25,315.81,149.93,437.72,0.66,-1,-1,-1
139,27,757.00,327.61,105.92,296.31,0.44,-1,-1,-1
139,15,53.77,217.76,247.29,687.28,0.81,-1,-1,-1
140,1,878.95,230.70,493.64,1227.82,0.70,-1,-1,-1
140,23,351.47,-58.33,579.43,1545.06,0.58,-1,-1,-1
140,27,763.09,321.29,111.12,328.69,0.11,-1,-1,-1
140,15,42.89,214.08,251.42,717.33,0.83,-1,-1,-1
141,1,893.16,218.23,496.15,1242.14,0.65,-1,-1,-1
141,23,376.15,-67.14,579.78,1410.78,0.20,-1,-1,-1
141,15,19.11,209.51,258.05,736.87,0.86,-1,-1,-1
141,17,163.90,120.73,274.28,864.60,0.67,-1,-1,-1
142,1,914.61,197.94,501.74,1238.75,0.56,-1,-1,-1
142,23,334.11,-107.95,659.27,1454.28,0.36,-1,-1,-1
142,15,-0.84,202.99,263.29,748.79,0.84,-1,-1,-1
142,17,152.85,117.68,286.79,873.73,0.71,-1,-1,-1
143,1,934.61,168.83,471.07,1254.39,0.44,-1,-1,-1
143,23,364.58,-105.16,673.75,1548.10,0.48,-1,-1,-1
143,15,-16.19,198.08,271.35,751.23,0.82,-1,-1,-1
143,17,149.22,111.93,294.67,896.66,0.67,-1,-1,-1
144,1,965.40,164.17,456.61,1257.35,0.49,-1,-1,-1
144,23,362.20,-108.76,717.00,1607.77,0.48,-1,-1,-1
144,15,-23.79,195.65,274.93,786.12,0.83,-1,-1,-1
144,17,141.85,104.86,299.62,931.61,0.72,-1,-1,-1
145,1,965.53,176.45,473.87,1179.26,0.23,-1,-1,-1
145,23,397.56,-93.10,735.45,1413.82,0.34,-1,-1,-1
145,15,-33.90,193.39,273.83,803.72,0.77,-1,-1,-1
145,17,133.04,98.54,305.89,952.26,0.71,-1,-1,-1
146,1,862.29,162.79,595.42,1105.09,0.14,-1,-1,-1
146,23,440.24,-88.93,742.62,1336.13,0.35,-1,-1,-1
146,15,-42.46,187.03,268.64,817.62,0.78,-1,-1,-1
146,17,120.57,86.07,322.32,980.60,0.69,-1,-1,-1
147,23,464.61,-94.92,767.66,1285.51,0.29,-1,-1,-1
147,15,-57.43,171.41,263.11,821.11,0.73,-1,-1,-1
147,17,102.38,73.34,327.60,987.25,0.75,-1,-1,-1
148,23,511.89,-122.91,792.88,1360.59,0.23,-1,-1,-1
148,15,-63.08,151.74,272.64,869.14,0.70,-1,-1,-1
148,17,98.84,59.95,341.26,1001.68,0.77,-1,-1,-1
149,23,574.42,-107.43,751.14,1296.37,0.33,-1,-1,-1
149,15,-76.11,139.93,277.61,893.10,0.71,-1,-1,-1
149,17,75.96,54.05,355.07,1000.00,0.76,-1,-1,-1
