0,1,630.45,394.65,63.90,130.05,0.91,-1,-1,-1
0,2,738.00,360.67,63.90,184.27,0.91,-1,-1,-1
0,3,699.30,373.05,51.30,175.50,0.86,-1,-1,-1
0,4,664.20,377.10,44.10,126.00,0.85,-1,-1,-1
0,5,511.20,387.90,29.70,63.00,0.80,-1,-1,-1
0,6,566.10,392.40,20.70,52.65,0.77,-1,-1,-1
0,7,955.80,254.47,136.80,529.42,0.72,-1,-1,-1
1,1,630.05,391.50,59.23,133.98,0.90,-1,-1,-1
1,2,738.01,359.66,63.92,184.90,0.92,-1,-1,-1
1,3,698.91,377.31,50.53,170.07,0.87,-1,-1,-1
1,4,661.07,376.87,46.45,132.86,0.89,-1,-1,-1
1,5,509.99,388.65,29.71,61.06,0.81,-1,-1,-1
1,6,565.68,392.17,20.71,53.05,0.79,-1,-1,-1
1,7,961.32,276.28,132.15,479.55,0.77,-1,-1,-1
1,8,233.55,371.25,54.45,172.80,0.83,-1,-1,-1
2,1,629.96,390.24,46.86,134.35,0.90,-1,-1,-1
2,2,738.37,356.30,63.93,188.20,0.92,-1,-1,-1
2,3,694.60,374.28,53.95,171.49,0.88,-1,-1,-1
2,4,660.51,376.12,45.50,135.46,0.90,-1,-1,-1
2,5,509.38,387.87,29.01,60.74,0.78,-1,-1,-1
2,6,565.93,391.77,20.01,53.13,0.77,-1,-1,-1
2,7,965.16,261.66,138.51,496.05,0.70,-1,-1,-1
2,8,232.25,370.84,53.04,172.88,0.86,-1,-1,-1
3,1,628.00,386.86,35.12,136.42,0.85,-1,-1,-1
3,2,738.07,354.46,64.61,190.07,0.92,-1,-1,-1
3,3,690.87,370.07,56.33,174.91,0.88,-1,-1,-1
3,4,660.35,375.24,45.80,136.17,0.90,-1,-1,-1
3,5,508.85,388.70,26.70,60.33,0.62,-1,-1,-1
3,6,564.93,391.51,20.48,53.83,0.77,-1,-1,-1
3,7,970.91,257.40,145.85,508.72,0.77,-1,-1,-1
3,8,228.59,370.40,53.81,173.26,0.87,-1,-1,-1
4,1,623.31,387.37,30.95,136.26,0.85,-1,-1,-1
4,2,738.43,352.87,64.82,191.79,0.92,-1,-1,-1
4,3,688.20,369.17,57.73,174.74,0.86,-1,-1,-1
4,4,660.11,374.56,45.90,135.49,0.90,-1,-1,-1
4,6,564.71,391.34,20.64,54.39,0.78,-1,-1,-1
4,7,978.07,254.96,150.79,518.87,0.73,-1,-1,-1
4,8,223.76,370.67,54.66,173.03,0.86,-1,-1,-1
5,1,615.01,386.97,37.07,136.78,0.89,-1,-1,-1
5,2,738.59,351.72,64.92,192.92,0.92,-1,-1,-1
5,3,679.90,371.66,63.82,173.15,0.89,-1,-1,-1
5,4,660.10,373.84,45.31,136.61,0.88,-1,-1,-1
5,6,564.38,391.45,20.71,53.60,0.78,-1,-1,-1
5,7,981.10,242.40,163.74,549.21,0.60,-1,-1,-1
5,8,220.63,370.31,53.01,173.77,0.87,-1,-1,-1
5,9,705.15,373.95,44.10,139.05,0.75,-1,-1,-1
6,1,603.41,388.73,47.59,134.07,0.92,-1,-1,-1
6,2,738.92,350.74,64.91,193.54,0.93,-1,-1,-1
6,3,670.11,373.21,73.07,173.50,0.91,-1,-1,-1
6,4,660.40,372.78,45.08,138.98,0.86,-1,-1,-1
6,6,563.94,391.27,20.72,53.62,0.77,-1,-1,-1
6,7,988.03,230.74,171.84,587.21,0.39,-1,-1,-1
6,8,217.83,369.94,52.39,174.81,0.85,-1,-1,-1
6,9,704.13,372.31,44.85,142.21,0.81,-1,-1,-1
7,1,592.25,391.08,57.74,131.79,0.94,-1,-1,-1
7,2,739.31,350.10,65.50,194.78,0.93,-1,-1,-1
7,3,662.36,371.25,80.58,176.57,0.92,-1,-1,-1
7,4,660.81,372.84,44.36,138.57,0.85,-1,-1,-1
7,6,563.77,391.16,20.71,53.93,0.78,-1,-1,-1
7,7,994.66,227.31,186.47,640.89,0.67,-1,-1,-1
7,8,215.74,369.55,50.89,174.85,0.84,-1,-1,-1
7,9,703.24,371.90,44.98,145.08,0.85,-1,-1,-1
8,1,582.38,392.50,66.46,131.45,0.94,-1,-1,-1
8,2,738.74,350.48,66.34,195.62,0.93,-1,-1,-1
8,3,655.84,371.11,86.96,178.12,0.93,-1,-1,-1
8,4,659.64,373.91,44.74,139.87,0.80,-1,-1,-1
8,6,563.63,391.39,19.49,53.73,0.77,-1,-1,-1
8,7,1001.02,229.41,203.58,666.65,0.70,-1,-1,-1
8,8,213.10,371.61,56.06,174.04,0.85,-1,-1,-1
8,9,701.45,371.98,46.43,148.26,0.83,-1,-1,-1
8,5,503.56,392.52,19.15,53.43,0.61,-1,-1,-1
9,1,575.08,392.93,73.40,131.96,0.94,-1,-1,-1
9,2,739.04,350.61,66.62,196.19,0.93,-1,-1,-1
9,3,650.76,372.52,92.24,179.28,0.92,-1,-1,-1
9,4,659.43,375.02,44.27,138.35,0.81,-1,-1,-1
9,6,563.81,391.40,19.03,53.34,0.75,-1,-1,-1
9,7,1004.26,203.23,220.35,733.50,0.69,-1,-1,-1
9,8,210.24,371.48,59.37,175.43,0.86,-1,-1,-1
9,9,699.75,371.80,48.86,148.36,0.86,-1,-1,-1
9,5,501.22,386.92,18.04,53.64,0.14,-1,-1,-1
9,10,551.70,380.70,19.80,61.20,0.75,-1,-1,-1
9,11,895.50,364.27,57.60,128.47,0.72,-1,-1,-1
10,1,570.75,393.82,76.22,131.68,0.93,-1,-1,-1
10,2,739.32,350.70,66.70,197.51,0.93,-1,-1,-1
10,3,651.83,376.52,93.11,177.08,0.93,-1,-1,-1
10,4,659.86,372.54,47.14,144.82,0.73,-1,-1,-1
10,6,563.17,391.39,19.49,53.49,0.73,-1,-1,-1
10,7,1015.93,208.13,234.72,742.90,0.75,-1,-1,-1
10,8,206.56,371.10,55.88,177.14,0.87,-1,-1,-1
10,9,698.15,370.92,51.54,157.80,0.87,-1,-1,-1
10,5,499.27,386.45,19.07,56.16,0.36,-1,-1,-1
10,10,551.29,380.42,19.81,62.32,0.79,-1,-1,-1
10,11,896.76,364.92,57.26,129.10,0.66,-1,-1,-1
10,12,979.20,328.95,77.40,246.60,0.70,-1,-1,-1
11,1,567.88,392.79,76.12,134.16,0.93,-1,-1,-1
11,2,740.03,351.09,67.31,199.15,0.93,-1,-1,-1
11,3,651.11,377.45,92.10,177.41,0.93,-1,-1,-1
11,4,660.03,374.49,46.99,141.70,0.42,-1,-1,-1
11,6,562.66,391.26,19.65,54.15,0.73,-1,-1,-1
11,7,1024.48,206.60,250.40,761.93,0.71,-1,-1,-1
11,8,203.82,372.49,54.71,177.44,0.86,-1,-1,-1
11,9,695.80,370.66,53.69,160.69,0.87,-1,-1,-1
11,5,498.38,385.56,20.02,59.46,0.66,-1,-1,-1
11,10,551.22,380.75,19.81,62.20,0.78,-1,-1,-1
11,11,897.38,364.75,57.54,133.75,0.76,-1,-1,-1
12,1,565.34,391.33,76.48,136.72,0.94,-1,-1,-1
12,2,740.00,351.25,68.13,200.90,0.93,-1,-1,-1
12,3,650.46,379.87,93.83,177.50,0.94,-1,-1,-1
12,4,658.03,373.30,49.32,142.03,0.25,-1,-1,-1
12,6,562.21,391.65,20.33,54.08,0.72,-1,-1,-1
12,7,1035.64,205.17,263.21,782.21,0.66,-1,-1,-1
12,8,201.91,371.80,57.93,179.91,0.84,-1,-1,-1
12,9,691.97,370.42,58.04,161.12,0.88,-1,-1,-1
12,5,497.23,385.54,20.38,60.11,0.67,-1,-1,-1
12,10,551.23,380.98,19.80,62.13,0.78,-1,-1,-1
12,11,898.19,365.48,59.03,133.37,0.83,-1,-1,-1
12,13,850.95,376.87,43.20,92.02,0.80,-1,-1,-1
12,14,983.70,329.40,75.60,234.90,0.74,-1,-1,-1
13,1,563.94,391.78,71.37,135.19,0.93,-1,-1,-1
13,2,739.38,351.14,69.04,203.21,0.92,-1,-1,-1
13,3,644.82,381.33,95.58,179.97,0.91,-1,-1,-1
13,4,649.93,373.44,56.64,144.24,0.25,-1,-1,-1
13,6,562.00,391.92,20.58,53.47,0.70,-1,-1,-1
13,7,1040.65,204.87,281.70,813.07,0.59,-1,-1,-1
13,8,199.56,372.70,55.49,180.29,0.86,-1,-1,-1
13,9,690.54,370.60,60.24,162.08,0.90,-1,-1,-1
13,5,495.27,386.11,21.75,60.07,0.51,-1,-1,-1
13,10,551.20,381.68,19.81,61.11,0.70,-1,-1,-1
13,11,899.44,365.51,59.16,133.27,0.71,-1,-1,-1
13,14,987.58,331.84,78.51,245.70,0.71,-1,-1,-1
14,1,563.23,389.95,64.94,136.18,0.92,-1,-1,-1
14,2,739.42,351.06,69.95,204.84,0.93,-1,-1,-1
14,3,647.66,381.78,89.78,179.02,0.93,-1,-1,-1
14,6,562.27,391.96,20.08,53.52,0.68,-1,-1,-1
14,7,1050.77,202.02,286.60,837.38,0.58,-1,-1,-1
14,8,197.86,373.01,55.31,180.92,0.83,-1,-1,-1
14,9,691.51,370.78,58.11,160.92,0.92,-1,-1,-1
14,5,493.76,387.20,22.85,60.31,0.64,-1,-1,-1
14,10,551.24,382.36,19.15,60.09,0.68,-1,-1,-1
14,11,901.05,365.78,57.21,129.54,0.77,-1,-1,-1
14,14,988.32,331.27,79.06,248.78,0.69,-1,-1,-1
14,15,847.35,375.52,51.30,94.72,0.73,-1,-1,-1
15,1,563.33,390.57,56.26,134.91,0.92,-1,-1,-1
15,2,740.34,351.16,70.28,205.86,0.93,-1,-1,-1
15,3,648.51,382.48,87.81,178.03,0.91,-1,-1,-1
15,6,561.81,391.79,20.49,54.44,0.71,-1,-1,-1
15,7,1055.85,174.87,285.80,884.40,0.60,-1,-1,-1
15,8,195.16,373.97,54.26,181.13,0.86,-1,-1,-1
15,9,689.65,371.58,60.10,163.22,0.92,-1,-1,-1
15,5,492.67,390.40,22.10,56.23,0.65,-1,-1,-1
15,10,550.30,382.70,20.22,59.77,0.69,-1,-1,-1
15,11,902.55,365.36,56.18,125.80,0.60,-1,-1,-1
15,14,989.85,327.37,86.19,264.81,0.77,-1,-1,-1
16,1,561.82,389.28,48.49,135.89,0.90,-1,-1,-1
16,2,740.88,350.61,70.35,206.75,0.93,-1,-1,-1
16,3,646.17,381.35,81.60,178.97,0.91,-1,-1,-1
16,6,561.87,391.84,20.03,53.58,0.44,-1,-1,-1
16,7,1066.11,165.37,282.57,911.92,0.63,-1,-1,-1
16,8,192.83,374.12,53.75,181.30,0.88,-1,-1,-1
16,9,689.19,372.32,59.61,162.94,0.91,-1,-1,-1
16,5,491.06,391.16,21.17,56.47,0.62,-1,-1,-1
16,10,549.93,382.46,19.96,58.73,0.62,-1,-1,-1
16,11,903.84,364.90,57.39,126.10,0.69,-1,-1,-1
16,14,992.76,327.59,88.43,266.15,0.77,-1,-1,-1
16,16,138.82,381.82,63.67,149.62,0.81,-1,-1,-1
16,17,847.35,378.00,44.10,95.85,0.76,-1,-1,-1
16,4,664.31,376.86,45.01,140.14,0.67,-1,-1,-1
17,1,557.48,386.77,42.57,134.93,0.88,-1,-1,-1
17,2,741.77,349.53,70.41,207.81,0.94,-1,-1,-1
17,3,644.33,380.78,74.26,179.33,0.92,-1,-1,-1
17,6,561.97,391.91,19.27,52.35,0.10,-1,-1,-1
17,7,1082.24,157.25,274.18,931.53,0.62,-1,-1,-1
17,8,189.57,373.23,55.49,182.86,0.87,-1,-1,-1
17,9,687.69,371.88,59.97,163.36,0.91,-1,-1,-1
17,5,489.66,390.13,21.45,59.27,0.17,-1,-1,-1
17,10,549.56,381.80,19.87,59.33,0.52,-1,-1,-1
17,11,904.69,363.81,60.00,129.52,0.58,-1,-1,-1
17,14,995.14,326.17,94.16,278.82,0.79,-1,-1,-1
17,16,136.08,380.86,66.04,159.61,0.79,-1,-1,-1
17,17,847.86,376.71,42.68,96.80,0.80,-1,-1,-1
17,4,665.15,375.91,48.10,141.35,0.57,-1,-1,-1
18,1,552.68,385.45,41.31,137.39,0.90,-1,-1,-1
18,2,742.67,348.17,70.40,209.49,0.94,-1,-1,-1
18,3,642.25,378.67,65.25,183.48,0.89,-1,-1,-1
18,7,1091.16,132.24,279.85,988.65,0.52,-1,-1,-1
18,8,186.72,372.02,55.16,184.32,0.85,-1,-1,-1
18,9,684.20,371.35,62.40,165.39,0.92,-1,-1,-1
18,5,487.98,385.97,22.14,64.13,0.18,-1,-1,-1
18,10,549.41,381.61,19.22,57.72,0.70,-1,-1,-1
18,11,904.93,362.89,62.15,131.98,0.73,-1,-1,-1
18,14,997.13,324.26,92.49,272.35,0.75,-1,-1,-1
18,16,140.74,378.97,61.86,161.86,0.49,-1,-1,-1
18,17,848.32,376.85,43.80,97.00,0.74,-1,-1,-1
18,4,666.01,372.80,44.64,141.90,0.49,-1,-1,-1
19,1,546.23,383.76,44.15,139.47,0.89,-1,-1,-1
19,2,743.34,347.04,70.99,210.94,0.93,-1,-1,-1
19,3,639.19,376.51,56.27,185.44,0.88,-1,-1,-1
19,7,1105.98,118.57,270.28,977.86,0.60,-1,-1,-1
19,8,184.20,371.44,55.19,184.67,0.87,-1,-1,-1
19,9,682.39,370.51,63.31,168.45,0.92,-1,-1,-1
19,10,548.82,381.83,18.98,55.28,0.35,-1,-1,-1
19,11,905.61,361.74,62.96,135.45,0.74,-1,-1,-1
19,14,1000.86,323.08,90.40,273.87,0.76,-1,-1,-1
19,16,137.77,377.83,62.41,166.21,0.62,-1,-1,-1
19,17,848.08,380.51,44.86,93.00,0.43,-1,-1,-1
19,4,666.34,373.69,42.12,137.61,0.68,-1,-1,-1
20,1,536.50,384.28,52.42,139.84,0.90,-1,-1,-1
20,2,744.22,346.57,71.22,211.96,0.93,-1,-1,-1
20,3,636.04,376.81,51.35,185.77,0.88,-1,-1,-1
20,7,1120.50,113.79,268.53,994.58,0.57,-1,-1,-1
20,8,181.43,371.15,55.50,185.28,0.88,-1,-1,-1
20,9,678.84,370.89,65.96,168.72,0.92,-1,-1,-1
20,11,906.23,361.13,63.55,138.27,0.75,-1,-1,-1
20,14,1003.50,320.20,99.31,279.95,0.76,-1,-1,-1
20,16,132.34,376.59,65.70,168.58,0.76,-1,-1,-1
20,17,848.02,383.11,44.51,89.00,0.42,-1,-1,-1
20,4,664.55,373.99,43.16,136.17,0.81,-1,-1,-1
21,1,525.48,384.37,62.25,140.39,0.92,-1,-1,-1
21,2,745.35,345.98,71.29,212.73,0.93,-1,-1,-1
21,3,632.16,374.57,51.22,191.19,0.91,-1,-1,-1
21,7,1132.67,105.57,258.21,984.87,0.53,-1,-1,-1
21,8,179.03,370.91,57.48,186.21,0.83,-1,-1,-1
21,9,676.58,370.76,66.94,169.62,0.93,-1,-1,-1
21,11,907.82,361.07,64.64,142.13,0.80,-1,-1,-1
21,14,1007.26,320.24,103.66,283.39,0.78,-1,-1,-1
21,16,129.77,376.06,67.44,167.49,0.73,-1,-1,-1
21,17,848.56,376.41,34.56,94.91,0.72,-1,-1,-1
21,4,663.56,374.11,43.53,135.65,0.83,-1,-1,-1
22,1,516.77,385.37,70.08,140.28,0.92,-1,-1,-1
22,2,746.42,345.71,71.28,213.40,0.93,-1,-1,-1
22,3,627.24,373.80,54.40,196.71,0.91,-1,-1,-1
22,7,1144.75,70.62,268.33,1033.74,0.41,-1,-1,-1
22,8,177.14,370.99,60.99,186.97,0.81,-1,-1,-1
22,9,675.84,370.92,65.50,170.94,0.93,-1,-1,-1
22,11,908.44,361.15,65.00,145.61,0.80,-1,-1,-1
22,14,1011.04,319.96,104.08,282.25,0.73,-1,-1,-1
22,16,128.12,375.62,68.17,169.49,0.73,-1,-1,-1
22,17,846.26,374.04,30.26,87.09,0.55,-1,-1,-1
22,4,664.45,374.36,43.09,133.82,0.84,-1,-1,-1
23,1,509.93,386.09,76.09,140.56,0.92,-1,-1,-1
23,2,747.11,345.53,71.26,215.61,0.93,-1,-1,-1
23,3,617.05,376.49,63.44,196.47,0.91,-1,-1,-1
23,7,1162.12,-7.37,278.99,930.02,0.16,-1,-1,-1
23,8,172.70,370.71,62.46,188.18,0.84,-1,-1,-1
23,9,674.73,372.22,65.45,170.84,0.94,-1,-1,-1
23,11,911.06,360.97,63.93,144.60,0.79,-1,-1,-1
23,14,1015.45,319.38,104.07,283.81,0.73,-1,-1,-1
23,16,124.93,375.16,68.71,170.50,0.76,-1,-1,-1
23,17,843.94,372.89,29.92,90.68,0.66,-1,-1,-1
23,4,664.45,374.50,44.16,136.51,0.80,-1,-1,-1
24,1,505.63,385.55,79.15,141.91,0.94,-1,-1,-1
24,2,747.53,345.96,71.88,217.24,0.93,-1,-1,-1
24,3,605.42,377.62,74.79,195.81,0.94,-1,-1,-1
24,8,168.73,370.85,65.24,189.74,0.82,-1,-1,-1
24,9,673.92,369.96,64.84,175.43,0.93,-1,-1,-1
24,11,912.58,361.40,64.72,147.91,0.73,-1,-1,-1
24,14,1018.24,319.22,96.95,282.33,0.76,-1,-1,-1
24,16,119.47,374.51,69.38,172.09,0.73,-1,-1,-1
24,17,843.90,373.19,29.21,91.90,0.60,-1,-1,-1
24,4,664.89,374.60,45.20,138.19,0.82,-1,-1,-1
24,6,560.31,391.04,20.64,56.52,0.68,-1,-1,-1
25,1,503.03,386.75,80.24,141.58,0.93,-1,-1,-1
25,2,747.50,346.54,72.65,218.56,0.93,-1,-1,-1
25,3,594.41,378.71,85.94,197.15,0.94,-1,-1,-1
25,8,165.85,371.85,67.33,190.18,0.83,-1,-1,-1
25,9,673.57,370.35,64.52,177.60,0.94,-1,-1,-1
25,11,913.73,362.99,63.77,148.58,0.80,-1,-1,-1
25,14,1020.30,320.22,101.22,290.08,0.73,-1,-1,-1
25,16,117.17,375.26,68.34,173.11,0.77,-1,-1,-1
25,17,842.04,373.56,32.33,98.29,0.76,-1,-1,-1
25,4,666.42,374.41,45.57,139.64,0.80,-1,-1,-1
25,6,559.96,391.51,21.33,57.10,0.67,-1,-1,-1
25,18,724.50,386.55,21.60,56.70,0.83,-1,-1,-1
26,1,502.45,385.53,76.57,143.93,0.93,-1,-1,-1
26,2,748.53,347.47,72.92,220.29,0.93,-1,-1,-1
26,3,586.29,379.95,93.83,198.76,0.94,-1,-1,-1
26,8,162.81,373.10,64.49,192.06,0.86,-1,-1,-1
26,9,671.61,371.21,65.54,178.46,0.94,-1,-1,-1
26,11,913.96,363.86,65.76,150.51,0.82,-1,-1,-1
26,14,1020.84,322.21,102.71,285.00,0.70,-1,-1,-1
26,16,114.98,376.45,68.40,176.40,0.77,-1,-1,-1
26,17,841.61,374.11,28.48,87.73,0.47,-1,-1,-1
26,4,667.49,367.15,48.10,146.10,0.82,-1,-1,-1
26,6,559.78,391.65,21.57,57.88,0.78,-1,-1,-1
26,18,724.60,386.90,22.33,57.09,0.85,-1,-1,-1
26,19,954.00,359.77,61.20,161.77,0.76,-1,-1,-1
27,1,503.42,385.36,70.26,143.61,0.93,-1,-1,-1
27,2,748.90,348.11,73.60,222.38,0.93,-1,-1,-1
27,3,580.03,381.57,99.28,201.10,0.94,-1,-1,-1
27,8,160.34,374.14,72.15,192.71,0.88,-1,-1,-1
27,9,670.03,369.89,65.31,181.53,0.93,-1,-1,-1
27,11,915.47,364.75,65.02,147.36,0.80,-1,-1,-1
27,14,1025.05,325.07,109.12,287.34,0.70,-1,-1,-1
27,16,117.02,377.18,65.20,178.78,0.74,-1,-1,-1
27,17,837.99,375.28,38.11,95.00,0.69,-1,-1,-1
27,4,667.57,370.57,48.46,146.18,0.68,-1,-1,-1
27,6,559.70,391.84,21.66,58.16,0.73,-1,-1,-1
27,18,724.63,387.00,22.47,57.18,0.87,-1,-1,-1
27,19,955.67,361.76,61.22,157.19,0.71,-1,-1,-1
27,20,851.85,370.12,29.70,86.85,0.73,-1,-1,-1
28,1,502.92,386.11,62.86,143.80,0.91,-1,-1,-1
28,2,748.76,348.60,74.43,224.06,0.93,-1,-1,-1
28,3,575.98,381.37,103.12,204.50,0.95,-1,-1,-1
28,8,157.79,374.86,75.05,193.13,0.87,-1,-1,-1
28,9,669.52,369.62,64.00,183.57,0.93,-1,-1,-1
28,11,916.98,365.65,62.62,145.81,0.80,-1,-1,-1
28,14,1029.01,325.97,114.97,301.13,0.76,-1,-1,-1
28,16,114.95,377.81,66.42,178.89,0.70,-1,-1,-1
28,17,833.83,376.52,44.19,96.83,0.73,-1,-1,-1
28,4,667.90,374.54,46.22,143.25,0.75,-1,-1,-1
28,6,559.69,391.84,21.68,58.27,0.74,-1,-1,-1
28,18,724.27,386.74,23.21,57.54,0.88,-1,-1,-1
28,19,956.78,361.98,62.61,162.11,0.82,-1,-1,-1
28,20,850.61,370.65,30.43,89.61,0.76,-1,-1,-1
29,1,503.35,386.37,53.85,143.53,0.90,-1,-1,-1
29,2,748.96,348.73,75.34,225.79,0.93,-1,-1,-1
29,3,574.53,382.85,102.88,205.57,0.94,-1,-1,-1
29,8,154.77,375.27,68.36,195.48,0.86,-1,-1,-1
29,9,669.07,369.92,61.68,184.70,0.92,-1,-1,-1
29,11,917.14,366.21,64.41,146.36,0.80,-1,-1,-1
29,14,1032.72,326.82,114.92,300.96,0.74,-1,-1,-1
29,16,111.08,377.17,68.66,180.33,0.15,-1,-1,-1
29,17,832.33,377.68,40.18,93.53,0.51,-1,-1,-1
29,4,667.98,376.32,45.36,140.27,0.62,-1,-1,-1
29,6,559.40,391.94,21.68,58.28,0.77,-1,-1,-1
29,18,724.44,386.77,23.44,57.64,0.88,-1,-1,-1
29,19,956.97,361.76,65.85,164.18,0.76,-1,-1,-1
29,20,849.70,371.44,29.88,90.49,0.69,-1,-1,-1
30,1,500.61,385.40,45.43,145.02,0.90,-1,-1,-1
30,2,748.91,348.74,75.67,226.95,0.92,-1,-1,-1
30,3,571.54,383.36,102.64,207.64,0.94,-1,-1,-1
30,8,151.57,375.11,74.39,196.86,0.85,-1,-1,-1
30,9,666.47,370.15,63.21,186.35,0.93,-1,-1,-1
30,11,917.64,366.50,65.65,147.55,0.79,-1,-1,-1
30,14,1035.08,326.50,118.27,310.10,0.77,-1,-1,-1
30,16,108.41,378.11,69.83,180.18,0.11,-1,-1,-1
30,17,832.04,378.83,41.23,93.57,0.11,-1,-1,-1
30,4,667.01,375.74,47.46,140.62,0.36,-1,-1,-1
30,6,559.22,392.09,21.68,57.96,0.75,-1,-1,-1
30,18,724.42,386.58,23.50,57.98,0.88,-1,-1,-1
30,19,958.18,361.45,66.86,167.17,0.76,-1,-1,-1
30,20,847.80,371.77,30.39,89.88,0.61,-1,-1,-1
31,1,498.32,385.29,39.33,144.96,0.88,-1,-1,-1
31,2,749.44,349.02,75.17,227.92,0.92,-1,-1,-1
31,3,570.83,383.80,100.69,208.37,0.94,-1,-1,-1
31,8,149.33,375.13,67.60,197.81,0.87,-1,-1,-1
31,9,665.52,372.86,63.15,186.32,0.93,-1,-1,-1
31,11,917.46,366.44,65.21,148.71,0.78,-1,-1,-1
31,14,1037.60,326.37,120.63,311.70,0.79,-1,-1,-1
31,16,105.25,377.38,69.36,185.86,0.18,-1,-1,-1
31,17,830.15,379.53,37.52,92.08,0.39,-1,-1,-1
31,6,558.85,392.12,21.67,56.63,0.70,-1,-1,-1
31,18,724.71,386.65,22.87,57.77,0.87,-1,-1,-1
31,19,958.54,361.66,69.66,170.30,0.77,-1,-1,-1
31,20,846.18,372.16,33.24,93.36,0.68,-1,-1,-1
32,1,494.22,386.27,36.88,143.86,0.89,-1,-1,-1
32,2,749.70,349.05,75.58,228.21,0.92,-1,-1,-1
32,3,570.56,384.93,95.17,207.83,0.93,-1,-1,-1
32,8,145.48,374.83,74.86,198.68,0.84,-1,-1,-1
32,9,662.33,371.63,65.52,188.74,0.94,-1,-1,-1
32,11,918.61,366.02,66.23,150.60,0.81,-1,-1,-1
32,14,1040.29,325.62,123.82,309.78,0.76,-1,-1,-1
32,16,100.61,378.29,72.42,191.47,0.64,-1,-1,-1
32,17,829.00,377.89,34.77,94.53,0.72,-1,-1,-1
32,6,558.20,392.23,22.26,56.71,0.70,-1,-1,-1
32,18,724.88,386.63,22.64,57.68,0.87,-1,-1,-1
32,19,958.08,361.65,75.54,170.95,0.78,-1,-1,-1
32,20,843.55,372.36,36.68,94.00,0.75,-1,-1,-1
32,10,542.72,382.70,19.79,53.60,0.64,-1,-1,-1
33,1,486.84,386.74,42.83,143.28,0.90,-1,-1,-1
33,2,749.51,348.10,76.93,229.47,0.92,-1,-1,-1
33,3,572.83,384.54,71.41,207.14,0.84,-1,-1,-1
33,8,141.64,374.09,76.83,200.19,0.82,-1,-1,-1
33,9,660.60,370.94,67.01,191.82,0.94,-1,-1,-1
33,11,920.54,365.46,65.15,151.00,0.77,-1,-1,-1
33,14,1042.46,324.34,125.02,307.14,0.77,-1,-1,-1
33,16,96.71,378.90,74.45,195.91,0.55,-1,-1,-1
33,17,828.69,379.13,31.31,82.08,0.40,-1,-1,-1
33,6,558.56,392.21,21.90,56.44,0.71,-1,-1,-1
33,18,725.58,386.25,21.94,57.96,0.87,-1,-1,-1
33,19,959.11,360.64,74.13,176.95,0.80,-1,-1,-1
33,20,837.28,372.50,42.70,88.36,0.79,-1,-1,-1
33,10,542.24,382.42,19.82,53.54,0.70,-1,-1,-1
34,1,477.28,386.48,52.33,143.79,0.93,-1,-1,-1
34,2,749.11,347.16,78.00,230.50,0.92,-1,-1,-1
34,3,569.42,382.75,72.92,210.24,0.89,-1,-1,-1
34,8,138.92,373.92,71.89,200.87,0.84,-1,-1,-1
34,9,658.51,369.80,68.73,194.12,0.94,-1,-1,-1
34,11,921.51,365.28,63.80,149.04,0.79,-1,-1,-1
34,14,1043.76,322.41,127.70,315.52,0.73,-1,-1,-1
34,16,91.56,377.65,74.32,192.87,0.18,-1,-1,-1
34,17,828.03,378.73,29.42,78.70,0.49,-1,-1,-1
34,6,558.10,391.60,22.34,56.33,0.69,-1,-1,-1
34,18,725.50,385.97,22.30,58.05,0.87,-1,-1,-1
34,19,957.65,360.01,76.99,182.97,0.82,-1,-1,-1
34,20,837.94,373.20,40.49,86.55,0.73,-1,-1,-1
34,10,542.07,382.31,19.83,53.83,0.72,-1,-1,-1
35,1,468.02,386.09,61.00,143.99,0.92,-1,-1,-1
35,2,748.95,346.22,78.41,231.45,0.92,-1,-1,-1
35,3,565.83,382.51,67.82,211.54,0.89,-1,-1,-1
35,8,136.62,372.83,67.72,201.85,0.85,-1,-1,-1
35,9,656.00,370.40,70.55,192.45,0.92,-1,-1,-1
35,11,921.86,364.16,63.30,151.10,0.79,-1,-1,-1
35,14,1047.70,319.91,127.51,316.86,0.76,-1,-1,-1
35,16,91.86,379.40,70.22,189.06,0.32,-1,-1,-1
35,17,825.36,377.19,27.54,77.61,0.51,-1,-1,-1
35,6,558.51,392.29,21.91,55.70,0.31,-1,-1,-1
35,18,725.46,385.89,22.43,58.09,0.85,-1,-1,-1
35,19,958.89,359.17,78.01,185.75,0.80,-1,-1,-1
35,20,836.38,371.86,39.89,89.09,0.79,-1,-1,-1
35,10,542.00,382.13,19.83,53.94,0.71,-1,-1,-1
36,1,459.77,387.46,68.44,142.25,0.93,-1,-1,-1
36,2,749.04,345.05,79.08,232.93,0.92,-1,-1,-1
36,3,558.70,378.61,63.40,216.11,0.89,-1,-1,-1
36,8,132.97,372.39,66.25,202.17,0.86,-1,-1,-1
36,9,652.62,369.96,72.35,190.08,0.93,-1,-1,-1
36,11,923.00,363.40,63.07,152.59,0.82,-1,-1,-1
36,14,1048.96,317.03,130.79,324.31,0.73,-1,-1,-1
36,16,96.32,375.40,62.99,188.27,0.14,-1,-1,-1
36,17,823.11,375.95,28.17,80.04,0.57,-1,-1,-1
36,6,557.38,390.64,22.33,57.85,0.47,-1,-1,-1
36,18,725.31,385.93,22.47,57.79,0.86,-1,-1,-1
36,19,960.97,358.38,77.08,178.92,0.81,-1,-1,-1
36,20,833.92,371.61,42.56,92.88,0.73,-1,-1,-1
36,10,541.59,381.80,19.82,54.58,0.61,-1,-1,-1
37,1,453.54,387.41,71.56,142.52,0.91,-1,-1,-1
37,2,749.21,343.40,79.97,234.97,0.92,-1,-1,-1
37,3,549.86,375.66,65.78,220.18,0.90,-1,-1,-1
37,8,128.88,370.22,66.82,204.36,0.84,-1,-1,-1
37,9,650.63,369.04,73.65,191.09,0.93,-1,-1,-1
37,11,922.36,362.02,64.23,151.52,0.82,-1,-1,-1
37,14,1052.48,314.98,128.56,321.82,0.70,-1,-1,-1
37,16,91.14,372.95,64.07,190.18,0.16,-1,-1,-1
37,17,821.28,374.72,29.02,88.78,0.42,-1,-1,-1
37,6,554.70,389.30,23.08,61.01,0.38,-1,-1,-1
37,18,725.39,386.08,22.50,57.38,0.86,-1,-1,-1
37,19,963.13,357.72,77.87,176.71,0.79,-1,-1,-1
37,20,827.70,370.72,49.90,99.82,0.67,-1,-1,-1
37,10,541.25,381.84,19.83,54.82,0.69,-1,-1,-1
38,1,448.87,386.83,75.44,143.21,0.91,-1,-1,-1
38,2,749.32,341.94,80.28,237.47,0.92,-1,-1,-1
38,3,542.42,371.36,68.43,225.20,0.91,-1,-1,-1
38,8,125.28,369.60,67.77,205.89,0.85,-1,-1,-1
38,9,649.11,366.51,74.71,199.00,0.93,-1,-1,-1
38,11,923.35,361.25,62.28,148.99,0.80,-1,-1,-1
38,14,1056.75,313.09,129.94,324.84,0.69,-1,-1,-1
38,16,87.86,370.89,64.89,193.83,0.14,-1,-1,-1
38,17,820.43,373.87,27.54,90.40,0.63,-1,-1,-1
38,6,552.57,389.12,22.19,58.72,0.15,-1,-1,-1
38,18,725.47,386.33,22.51,56.92,0.86,-1,-1,-1
38,19,963.38,356.94,80.48,177.93,0.79,-1,-1,-1
38,20,829.75,370.41,40.63,98.35,0.75,-1,-1,-1
38,10,541.19,381.16,20.43,55.81,0.44,-1,-1,-1
39,1,445.39,386.68,77.24,144.08,0.86,-1,-1,-1
39,2,749.63,341.17,81.58,239.88,0.92,-1,-1,-1
39,3,534.41,370.67,73.06,227.67,0.91,-1,-1,-1
39,8,120.97,368.86,69.48,206.45,0.86,-1,-1,-1
39,9,647.97,363.29,75.10,204.88,0.92,-1,-1,-1
39,11,923.07,360.42,62.75,151.32,0.83,-1,-1,-1
39,14,1060.64,311.55,131.60,334.78,0.70,-1,-1,-1
39,17,818.96,374.20,28.87,98.40,0.52,-1,-1,-1
39,18,725.46,386.48,22.52,57.06,0.86,-1,-1,-1
39,19,964.63,356.85,81.45,177.30,0.81,-1,-1,-1
39,20,828.26,369.31,37.82,103.49,0.50,-1,-1,-1
40,1,442.91,386.11,71.48,144.60,0.87,-1,-1,-1
40,2,749.80,340.70,82.06,240.95,0.92,-1,-1,-1
40,3,520.97,371.85,83.04,228.01,0.93,-1,-1,-1
40,8,117.81,368.19,70.42,206.09,0.83,-1,-1,-1
40,9,646.17,361.71,76.38,208.33,0.93,-1,-1,-1
40,11,923.65,359.50,64.12,155.18,0.79,-1,-1,-1
40,14,1063.95,309.80,135.71,344.42,0.73,-1,-1,-1
40,17,817.35,373.57,29.34,101.59,0.70,-1,-1,-1
40,18,725.51,386.50,22.52,57.13,0.86,-1,-1,-1
40,19,967.54,355.62,82.93,183.03,0.80,-1,-1,-1
40,20,827.25,367.69,33.15,103.38,0.67,-1,-1,-1
41,1,442.05,388.26,65.15,141.68,0.88,-1,-1,-1
41,2,749.44,340.68,83.28,242.93,0.92,-1,-1,-1
41,3,504.72,375.51,95.81,226.24,0.94,-1,-1,-1
41,8,113.32,367.67,78.41,206.47,0.82,-1,-1,-1
41,9,644.83,360.93,76.74,212.07,0.94,-1,-1,-1
41,11,923.68,357.32,66.93,169.15,0.78,-1,-1,-1
41,14,1067.88,309.89,137.05,349.20,0.70,-1,-1,-1
41,17,815.45,373.81,27.68,92.11,0.44,-1,-1,-1
41,18,725.38,386.77,22.49,57.76,0.86,-1,-1,-1
41,19,968.47,355.40,83.35,189.43,0.81,-1,-1,-1
41,20,827.83,367.82,28.15,93.07,0.36,-1,-1,-1
41,21,246.15,369.90,74.25,128.70,0.81,-1,-1,-1
42,1,438.80,385.17,61.79,144.11,0.85,-1,-1,-1
42,2,749.04,340.91,84.37,244.73,0.92,-1,-1,-1
42,3,489.00,378.82,109.81,223.79,0.94,-1,-1,-1
42,8,109.91,367.74,73.93,207.89,0.83,-1,-1,-1
42,9,643.87,362.20,76.89,213.80,0.94,-1,-1,-1
42,11,923.69,355.51,69.19,180.66,0.71,-1,-1,-1
42,14,1070.43,308.62,139.91,360.16,0.70,-1,-1,-1
42,17,813.64,373.48,27.71,84.74,0.27,-1,-1,-1
42,18,725.09,386.63,22.49,58.27,0.86,-1,-1,-1
42,19,968.79,355.32,83.49,193.08,0.80,-1,-1,-1
42,20,825.90,368.37,27.12,86.69,0.42,-1,-1,-1
42,21,245.90,370.51,74.64,128.61,0.64,-1,-1,-1
43,1,435.78,387.92,53.78,140.90,0.87,-1,-1,-1
43,2,748.98,340.94,85.45,246.64,0.92,-1,-1,-1
43,3,475.49,381.26,122.25,223.49,0.94,-1,-1,-1
43,8,105.65,368.01,74.34,210.10,0.83,-1,-1,-1
43,9,642.73,361.52,77.59,216.81,0.94,-1,-1,-1
43,11,922.68,357.99,73.63,183.40,0.64,-1,-1,-1
43,14,1073.31,307.13,143.44,360.88,0.74,-1,-1,-1
43,18,725.37,386.68,21.92,58.49,0.87,-1,-1,-1
43,19,970.25,355.34,85.93,201.38,0.79,-1,-1,-1
43,20,825.11,369.44,25.56,81.97,0.12,-1,-1,-1
43,21,242.58,369.30,77.19,130.37,0.77,-1,-1,-1
44,1,430.34,387.09,48.78,141.17,0.88,-1,-1,-1
44,2,749.29,341.05,86.41,248.95,0.93,-1,-1,-1
44,3,464.03,380.16,133.43,225.58,0.94,-1,-1,-1
44,8,102.00,368.47,85.53,212.25,0.89,-1,-1,-1
44,9,642.11,361.35,77.82,218.34,0.94,-1,-1,-1
44,11,922.93,356.94,74.17,192.78,0.51,-1,-1,-1
44,14,1078.47,308.45,141.23,353.18,0.71,-1,-1,-1
44,18,725.21,386.34,22.30,58.57,0.86,-1,-1,-1
44,19,969.67,354.86,90.33,205.23,0.75,-1,-1,-1
44,20,822.40,370.08,26.34,80.34,0.29,-1,-1,-1
44,21,242.50,366.69,79.75,133.35,0.88,-1,-1,-1
44,6,552.66,391.34,24.19,60.30,0.75,-1,-1,-1
44,17,810.54,381.23,30.67,93.96,0.74,-1,-1,-1
45,1,422.91,384.78,49.14,145.53,0.86,-1,-1,-1
45,2,749.02,341.58,87.24,249.77,0.93,-1,-1,-1
45,3,457.95,379.98,138.95,227.99,0.95,-1,-1,-1
45,8,98.56,369.00,89.41,213.34,0.89,-1,-1,-1
45,9,640.72,359.98,78.97,219.43,0.94,-1,-1,-1
45,11,923.37,357.02,74.25,194.63,0.73,-1,-1,-1
45,14,1081.81,308.37,146.01,363.01,0.78,-1,-1,-1
45,18,725.07,386.35,22.42,58.56,0.86,-1,-1,-1
45,19,972.06,355.48,89.57,203.72,0.81,-1,-1,-1
45,21,242.80,368.67,80.11,132.01,0.87,-1,-1,-1
45,6,553.16,391.48,23.71,60.05,0.77,-1,-1,-1
45,17,811.02,381.77,31.94,99.63,0.78,-1,-1,-1
46,1,417.25,383.93,51.64,147.71,0.88,-1,-1,-1
46,2,748.86,341.86,88.23,251.40,0.92,-1,-1,-1
46,3,454.06,381.24,140.68,229.63,0.94,-1,-1,-1
46,8,95.10,369.40,79.48,215.68,0.83,-1,-1,-1
46,9,640.10,360.90,79.48,221.26,0.95,-1,-1,-1
46,11,925.09,357.57,70.81,178.68,0.55,-1,-1,-1
46,14,1087.02,308.95,147.94,368.06,0.76,-1,-1,-1
46,18,725.53,386.46,21.90,58.60,0.86,-1,-1,-1
46,19,973.41,355.79,90.47,199.61,0.81,-1,-1,-1
46,21,245.21,372.51,75.70,129.58,0.35,-1,-1,-1
46,6,553.41,391.68,23.57,60.62,0.76,-1,-1,-1
46,17,810.69,383.09,37.10,101.70,0.34,-1,-1,-1
47,1,408.28,380.99,60.16,150.93,0.88,-1,-1,-1
47,2,748.84,342.27,89.06,252.39,0.92,-1,-1,-1
47,3,449.37,383.09,143.32,230.06,0.95,-1,-1,-1
47,8,91.83,368.80,74.55,217.56,0.86,-1,-1,-1
47,9,638.87,361.38,80.72,222.17,0.95,-1,-1,-1
47,11,924.75,357.68,71.74,178.69,0.57,-1,-1,-1
47,14,1091.94,308.84,149.59,371.82,0.75,-1,-1,-1
47,18,724.86,386.46,22.27,58.57,0.87,-1,-1,-1
47,19,974.06,356.24,93.01,200.46,0.80,-1,-1,-1
47,21,247.86,374.19,72.02,128.15,0.86,-1,-1,-1
47,6,553.71,391.81,22.89,60.78,0.77,-1,-1,-1
47,17,812.76,384.14,39.02,103.54,0.59,-1,-1,-1
48,1,402.07,383.36,60.92,149.19,0.90,-1,-1,-1
48,2,749.48,341.82,90.60,254.59,0.92,-1,-1,-1
48,3,447.83,383.42,143.17,232.49,0.94,-1,-1,-1
48,8,88.49,369.80,85.92,217.59,0.86,-1,-1,-1
48,9,637.92,359.98,81.24,224.18,0.94,-1,-1,-1
48,11,926.44,358.25,69.75,169.57,0.48,-1,-1,-1
48,14,1096.68,303.84,149.09,378.35,0.71,-1,-1,-1
48,18,724.99,386.30,22.43,58.54,0.87,-1,-1,-1
48,19,974.92,356.18,95.16,198.01,0.83,-1,-1,-1
48,21,247.37,374.91,70.82,128.11,0.30,-1,-1,-1
48,6,554.20,391.75,22.64,60.83,0.76,-1,-1,-1
48,17,815.76,383.91,42.64,105.78,0.67,-1,-1,-1
48,22,603.00,384.75,22.50,64.35,0.77,-1,-1,-1
48,4,668.71,375.49,49.50,142.05,0.76,-1,-1,-1
48,10,535.55,382.72,20.71,55.00,0.60,-1,-1,-1
49,1,393.58,384.69,65.23,148.59,0.91,-1,-1,-1
49,2,749.95,340.91,91.69,256.95,0.93,-1,-1,-1
49,3,445.52,378.58,142.30,238.22,0.94,-1,-1,-1
49,8,85.36,369.20,91.36,219.29,0.88,-1,-1,-1
49,9,636.10,359.14,82.53,227.19,0.95,-1,-1,-1
49,11,928.77,358.52,65.32,163.54,0.42,-1,-1,-1
49,14,1101.17,303.62,149.90,368.45,0.68,-1,-1,-1
49,18,724.97,386.08,22.48,58.82,0.86,-1,-1,-1
49,19,979.17,355.60,93.55,201.15,0.82,-1,-1,-1
49,21,248.31,374.12,68.84,129.64,0.25,-1,-1,-1
49,6,554.66,391.53,21.94,61.12,0.72,-1,-1,-1
49,17,821.91,384.67,37.33,101.91,0.59,-1,-1,-1
49,22,603.39,384.78,22.51,64.39,0.79,-1,-1,-1
49,4,669.09,375.63,48.91,141.54,0.77,-1,-1,-1
49,10,535.41,382.52,20.71,55.23,0.79,-1,-1,-1
50,1,385.12,386.06,74.93,147.19,0.83,-1,-1,-1
50,2,750.20,339.88,92.73,258.44,0.93,-1,-1,-1
50,3,444.45,376.11,136.51,242.15,0.94,-1,-1,-1
50,8,82.90,369.42,79.74,219.50,0.84,-1,-1,-1
50,9,634.90,358.46,83.05,230.67,0.95,-1,-1,-1
50,11,930.34,359.11,64.90,161.34,0.59,-1,-1,-1
50,14,1105.26,303.73,151.43,373.41,0.66,-1,-1,-1
50,18,725.33,385.91,21.91,58.64,0.86,-1,-1,-1
50,19,981.52,354.95,91.72,202.90,0.81,-1,-1,-1
50,21,268.84,372.87,49.36,129.62,0.77,-1,-1,-1
50,6,554.86,391.24,22.30,61.84,0.81,-1,-1,-1
50,17,826.58,384.25,48.79,102.08,0.66,-1,-1,-1
50,22,603.50,384.57,21.83,64.41,0.79,-1,-1,-1
50,4,671.08,375.58,47.54,140.80,0.83,-1,-1,-1
50,10,534.79,382.24,20.72,55.91,0.81,-1,-1,-1
50,16,52.43,375.38,58.81,197.93,0.62,-1,-1,-1
51,1,378.54,387.48,77.88,146.35,0.92,-1,-1,-1
51,2,750.61,338.29,93.11,260.13,0.93,-1,-1,-1
51,3,442.49,375.89,130.08,243.45,0.94,-1,-1,-1
51,8,76.95,367.14,90.16,221.91,0.88,-1,-1,-1
51,9,632.75,357.91,83.24,236.05,0.95,-1,-1,-1
51,11,930.31,359.61,68.40,172.98,0.19,-1,-1,-1
51,14,1107.32,302.27,155.51,383.46,0.70,-1,-1,-1
51,18,725.49,385.83,22.30,58.87,0.85,-1,-1,-1
51,19,987.16,356.31,89.79,197.15,0.82,-1,-1,-1
51,21,260.26,370.55,56.10,130.84,0.84,-1,-1,-1
51,6,554.65,390.97,22.43,61.80,0.81,-1,-1,-1
51,17,830.56,383.91,53.72,102.26,0.86,-1,-1,-1
51,22,605.30,384.66,20.88,61.24,0.67,-1,-1,-1
51,4,673.04,375.24,46.43,141.13,0.83,-1,-1,-1
51,10,534.59,381.52,20.73,56.46,0.85,-1,-1,-1
51,16,47.34,374.89,61.77,199.81,0.54,-1,-1,-1
52,1,373.85,384.24,79.60,148.85,0.92,-1,-1,-1
52,2,750.78,336.45,93.83,261.88,0.94,-1,-1,-1
52,3,440.73,372.24,121.36,246.80,0.93,-1,-1,-1
52,8,72.62,365.38,87.29,223.35,0.84,-1,-1,-1
52,9,631.11,357.52,83.88,238.75,0.95,-1,-1,-1
52,11,931.48,362.04,70.87,175.42,0.17,-1,-1,-1
52,14,1105.07,293.72,165.24,397.14,0.64,-1,-1,-1
52,18,725.57,385.59,22.45,58.95,0.86,-1,-1,-1
52,19,988.63,354.08,90.22,200.55,0.82,-1,-1,-1
52,21,266.50,368.77,50.06,132.47,0.89,-1,-1,-1
52,6,554.60,390.97,22.49,61.18,0.81,-1,-1,-1
52,17,835.09,383.85,55.83,101.53,0.86,-1,-1,-1
52,22,606.18,384.49,19.93,60.24,0.68,-1,-1,-1
52,4,674.07,374.76,49.08,141.25,0.81,-1,-1,-1
52,10,534.26,381.06,20.73,56.66,0.85,-1,-1,-1
52,16,45.28,374.88,62.12,195.16,0.27,-1,-1,-1
53,1,370.94,380.16,80.49,152.73,0.89,-1,-1,-1
53,2,751.71,335.87,94.66,263.65,0.93,-1,-1,-1
53,3,435.99,369.49,114.47,250.34,0.91,-1,-1,-1
53,8,70.05,364.84,78.28,223.81,0.87,-1,-1,-1
53,9,627.00,357.92,87.64,241.88,0.95,-1,-1,-1
53,11,936.00,383.66,68.29,163.44,0.60,-1,-1,-1
53,14,1114.45,289.69,166.62,396.97,0.69,-1,-1,-1
53,18,725.88,385.60,22.51,58.37,0.85,-1,-1,-1
53,19,990.28,352.74,91.55,203.54,0.82,-1,-1,-1
53,21,277.97,367.47,41.04,134.71,0.86,-1,-1,-1
53,6,554.58,390.92,22.51,60.93,0.81,-1,-1,-1
53,17,840.90,383.46,53.83,101.34,0.89,-1,-1,-1
53,22,606.74,384.00,19.67,58.65,0.76,-1,-1,-1
53,4,675.03,374.37,49.44,141.58,0.82,-1,-1,-1
53,10,534.16,380.84,20.73,56.73,0.85,-1,-1,-1
53,16,42.27,373.31,59.98,194.13,0.35,-1,-1,-1
54,1,370.31,373.28,76.90,159.52,0.90,-1,-1,-1
54,2,751.89,334.83,95.36,265.61,0.93,-1,-1,-1
54,3,433.34,367.29,104.22,252.85,0.92,-1,-1,-1
54,8,66.49,363.69,75.56,225.62,0.87,-1,-1,-1
54,9,625.90,358.52,87.72,245.94,0.95,-1,-1,-1
54,11,938.11,391.17,68.34,161.75,0.31,-1,-1,-1
54,14,1122.55,290.53,156.23,384.21,0.63,-1,-1,-1
54,18,726.11,385.78,21.89,58.16,0.84,-1,-1,-1
54,19,992.41,351.55,91.90,208.06,0.83,-1,-1,-1
54,21,281.76,366.44,40.02,137.49,0.87,-1,-1,-1
54,6,554.10,390.37,22.48,61.44,0.80,-1,-1,-1
54,17,844.49,383.24,52.23,102.15,0.87,-1,-1,-1
54,22,607.08,384.08,19.58,57.87,0.65,-1,-1,-1
54,4,675.78,374.52,47.10,141.87,0.83,-1,-1,-1
54,10,533.67,380.82,20.70,56.75,0.86,-1,-1,-1
54,16,37.56,371.45,60.07,199.63,0.40,-1,-1,-1
55,1,369.74,380.35,70.95,151.86,0.91,-1,-1,-1
55,2,752.01,333.72,96.22,268.48,0.93,-1,-1,-1
55,3,429.83,369.47,91.88,251.92,0.91,-1,-1,-1
55,8,62.97,363.07,82.84,227.39,0.85,-1,-1,-1
55,9,624.45,358.63,88.32,248.10,0.95,-1,-1,-1
55,11,940.09,393.44,68.38,161.74,0.43,-1,-1,-1
55,14,1126.13,293.44,137.55,356.40,0.68,-1,-1,-1
55,18,725.96,385.85,22.87,57.77,0.84,-1,-1,-1
55,19,993.79,350.78,92.02,210.59,0.82,-1,-1,-1
55,21,283.36,366.13,44.03,139.38,0.88,-1,-1,-1
55,6,553.41,390.04,23.07,61.91,0.80,-1,-1,-1
55,17,848.83,383.28,48.63,101.97,0.81,-1,-1,-1
55,22,607.55,383.32,19.59,59.89,0.70,-1,-1,-1
55,4,676.71,373.99,51.09,142.54,0.84,-1,-1,-1
55,10,533.29,380.99,20.69,56.45,0.84,-1,-1,-1
55,16,33.79,368.33,60.65,204.47,0.36,-1,-1,-1
56,1,367.54,379.12,65.29,153.53,0.89,-1,-1,-1
56,2,751.77,333.03,97.17,270.71,0.94,-1,-1,-1
56,3,425.07,366.43,82.55,257.55,0.90,-1,-1,-1
56,8,58.75,361.81,87.19,230.42,0.87,-1,-1,-1
56,9,619.84,357.69,92.70,254.58,0.95,-1,-1,-1
56,11,939.06,368.60,73.20,188.22,0.39,-1,-1,-1
56,14,1122.24,290.13,138.05,366.44,0.69,-1,-1,-1
56,18,725.93,385.59,23.24,58.53,0.85,-1,-1,-1
56,19,995.49,351.05,92.10,210.63,0.85,-1,-1,-1
56,21,284.01,366.13,47.14,139.51,0.89,-1,-1,-1
56,6,552.56,389.97,23.90,62.09,0.81,-1,-1,-1
56,17,855.58,387.75,41.80,98.30,0.70,-1,-1,-1
56,22,607.70,382.63,20.88,63.39,0.73,-1,-1,-1
56,4,677.64,373.96,47.87,142.36,0.89,-1,-1,-1
56,10,532.86,381.11,20.70,56.34,0.84,-1,-1,-1
56,16,28.61,366.85,62.63,208.83,0.45,-1,-1,-1
57,1,364.48,379.74,58.56,153.14,0.89,-1,-1,-1
57,2,751.76,332.82,98.69,272.76,0.94,-1,-1,-1
57,3,419.19,368.10,79.33,260.73,0.91,-1,-1,-1
57,8,54.54,361.62,91.58,231.60,0.87,-1,-1,-1
57,9,617.88,357.66,93.77,257.05,0.95,-1,-1,-1
57,11,939.96,362.35,76.15,197.48,0.52,-1,-1,-1
57,14,1135.03,291.54,140.66,367.86,0.71,-1,-1,-1
57,18,726.28,385.69,23.39,58.83,0.85,-1,-1,-1
57,19,997.41,350.78,92.11,212.27,0.83,-1,-1,-1
57,21,283.31,367.04,55.28,138.66,0.92,-1,-1,-1
57,6,552.26,390.12,23.63,61.88,0.81,-1,-1,-1
57,17,861.26,383.45,37.22,104.15,0.84,-1,-1,-1
57,22,607.78,382.56,20.73,65.31,0.78,-1,-1,-1
57,4,678.31,374.29,46.53,141.74,0.89,-1,-1,-1
57,10,532.72,381.33,20.71,56.31,0.85,-1,-1,-1
57,16,24.71,366.58,64.86,211.12,0.35,-1,-1,-1
58,1,358.40,378.91,54.52,155.19,0.86,-1,-1,-1
58,2,751.33,332.45,100.40,275.23,0.94,-1,-1,-1
58,3,410.49,365.07,79.85,267.57,0.91,-1,-1,-1
58,8,49.99,361.82,87.60,231.98,0.82,-1,-1,-1
58,9,614.45,360.72,95.87,256.25,0.96,-1,-1,-1
58,11,941.29,362.62,74.94,198.59,0.56,-1,-1,-1
58,14,1125.69,285.01,169.19,379.06,0.68,-1,-1,-1
58,18,726.88,386.15,22.84,58.35,0.84,-1,-1,-1
58,19,1000.89,350.55,90.89,216.22,0.83,-1,-1,-1
58,21,281.13,367.36,62.53,137.69,0.92,-1,-1,-1
58,6,551.46,390.15,24.11,62.08,0.80,-1,-1,-1
58,17,860.14,381.31,38.80,107.42,0.87,-1,-1,-1
58,22,607.98,382.80,20.68,64.53,0.67,-1,-1,-1
58,4,679.02,374.09,46.65,142.08,0.89,-1,-1,-1
58,10,531.69,381.23,21.30,56.59,0.84,-1,-1,-1
58,16,22.51,366.74,64.73,208.97,0.25,-1,-1,-1
59,1,352.92,381.11,50.00,153.89,0.83,-1,-1,-1
59,2,750.92,333.39,102.17,277.31,0.94,-1,-1,-1
59,3,393.98,366.88,88.27,269.67,0.90,-1,-1,-1
59,8,43.16,362.61,94.87,233.85,0.86,-1,-1,-1
59,9,610.32,358.97,98.36,261.60,0.96,-1,-1,-1
59,11,942.41,360.63,75.59,202.38,0.76,-1,-1,-1
59,14,1142.06,287.49,158.22,367.97,0.63,-1,-1,-1
59,18,726.56,386.19,23.82,58.76,0.85,-1,-1,-1
59,19,1002.80,350.96,90.38,214.16,0.80,-1,-1,-1
59,21,278.08,368.22,69.96,138.81,0.91,-1,-1,-1
59,6,551.49,390.61,23.69,61.56,0.80,-1,-1,-1
59,17,866.17,380.80,33.87,109.12,0.83,-1,-1,-1
59,22,608.07,383.66,20.66,58.79,0.61,-1,-1,-1
59,4,679.91,374.18,45.48,143.12,0.88,-1,-1,-1
59,10,531.35,381.35,21.52,57.00,0.85,-1,-1,-1
59,16,15.34,373.50,65.50,206.31,0.11,-1,-1,-1
60,1,347.21,375.06,49.14,160.77,0.80,-1,-1,-1
60,2,750.44,335.04,103.40,278.98,0.94,-1,-1,-1
60,3,376.33,363.74,100.54,277.35,0.93,-1,-1,-1
60,8,39.55,362.92,88.88,236.24,0.83,-1,-1,-1
60,9,607.64,357.95,100.45,265.22,0.96,-1,-1,-1
60,11,943.32,364.16,74.63,201.35,0.59,-1,-1,-1
60,14,1134.49,286.08,178.13,376.03,0.68,-1,-1,-1
60,18,726.42,386.13,24.18,59.20,0.86,-1,-1,-1
60,19,1005.74,352.98,93.77,214.24,0.85,-1,-1,-1
60,21,277.88,369.70,75.74,138.28,0.93,-1,-1,-1
60,6,551.85,390.72,22.92,61.64,0.80,-1,-1,-1
60,17,872.12,379.93,32.59,110.57,0.79,-1,-1,-1
60,22,609.02,384.22,20.66,54.37,0.58,-1,-1,-1
60,4,680.50,375.04,45.66,143.17,0.89,-1,-1,-1
60,10,530.98,381.63,21.60,57.14,0.84,-1,-1,-1
60,16,12.33,375.00,63.45,207.45,0.37,-1,-1,-1
61,1,343.48,379.39,53.93,157.28,0.88,-1,-1,-1
61,2,750.59,336.08,105.02,280.84,0.94,-1,-1,-1
61,3,357.93,369.55,117.11,272.57,0.93,-1,-1,-1
61,8,36.04,363.63,87.07,237.07,0.82,-1,-1,-1
61,9,605.28,354.29,102.38,271.77,0.96,-1,-1,-1
61,11,946.62,381.23,73.05,185.94,0.59,-1,-1,-1
61,14,1134.14,285.96,180.75,371.09,0.68,-1,-1,-1
61,18,726.12,385.90,24.90,59.65,0.86,-1,-1,-1
61,19,1008.57,353.38,93.85,213.61,0.85,-1,-1,-1
61,21,277.83,371.14,79.48,136.84,0.94,-1,-1,-1
61,6,552.05,391.03,22.63,61.37,0.79,-1,-1,-1
61,17,874.98,378.81,39.13,112.10,0.87,-1,-1,-1
61,22,609.71,384.22,20.66,53.48,0.54,-1,-1,-1
61,4,681.34,375.47,44.53,143.31,0.89,-1,-1,-1
61,10,530.91,381.55,21.63,57.47,0.84,-1,-1,-1
61,16,9.25,375.10,63.63,206.19,0.29,-1,-1,-1
62,1,335.82,381.75,54.68,156.20,0.85,-1,-1,-1
62,2,750.64,337.11,106.20,282.18,0.95,-1,-1,-1
62,3,340.98,368.15,131.63,277.01,0.93,-1,-1,-1
62,8,30.07,363.59,89.31,240.37,0.81,-1,-1,-1
62,9,604.10,352.05,103.08,276.63,0.96,-1,-1,-1
62,11,948.47,389.06,71.24,180.55,0.27,-1,-1,-1
62,14,1134.55,285.58,192.06,387.38,0.69,-1,-1,-1
62,18,726.56,386.02,24.59,59.25,0.86,-1,-1,-1
62,19,1010.25,354.35,96.24,213.25,0.84,-1,-1,-1
62,21,277.72,371.83,79.26,136.79,0.91,-1,-1,-1
62,6,551.76,391.02,22.53,61.28,0.78,-1,-1,-1
62,17,876.08,380.96,44.70,111.06,0.89,-1,-1,-1
62,4,681.28,375.82,45.95,143.26,0.89,-1,-1,-1
62,10,530.52,381.40,21.64,58.22,0.82,-1,-1,-1
63,1,326.29,383.46,64.32,156.03,0.91,-1,-1,-1
63,2,750.51,337.11,106.61,284.33,0.95,-1,-1,-1
63,3,326.39,368.15,144.53,279.15,0.93,-1,-1,-1
63,8,25.31,363.38,97.11,241.66,0.84,-1,-1,-1
63,9,601.56,351.99,105.05,279.49,0.96,-1,-1,-1
63,11,950.13,392.78,70.55,177.78,0.55,-1,-1,-1
63,14,1140.14,284.62,189.49,395.52,0.66,-1,-1,-1
63,18,726.90,386.10,23.86,58.78,0.86,-1,-1,-1
63,19,1012.38,355.04,95.95,212.88,0.85,-1,-1,-1
63,21,278.85,372.15,78.21,138.08,0.90,-1,-1,-1
63,6,551.55,391.08,22.49,61.23,0.78,-1,-1,-1
63,17,876.82,381.83,53.15,109.84,0.91,-1,-1,-1
63,4,681.41,376.45,45.87,142.61,0.90,-1,-1,-1
63,10,529.69,381.40,21.64,58.18,0.82,-1,-1,-1
64,1,316.62,385.71,70.33,154.88,0.90,-1,-1,-1
64,2,750.46,336.77,108.49,286.81,0.95,-1,-1,-1
64,3,316.98,370.04,152.96,281.75,0.92,-1,-1,-1
64,8,20.74,362.26,101.31,245.46,0.83,-1,-1,-1
64,9,599.22,351.07,106.93,282.18,0.95,-1,-1,-1
64,11,949.48,393.86,72.71,178.67,0.30,-1,-1,-1
64,14,1153.34,284.95,181.19,403.96,0.59,-1,-1,-1
64,18,726.74,385.93,24.18,58.89,0.86,-1,-1,-1
64,19,1014.28,355.53,96.99,207.01,0.84,-1,-1,-1
64,21,281.07,372.39,75.10,139.28,0.88,-1,-1,-1
64,6,550.61,390.90,23.08,61.81,0.79,-1,-1,-1
64,17,878.43,382.26,57.39,109.48,0.84,-1,-1,-1
64,4,681.75,377.67,45.25,141.29,0.90,-1,-1,-1
64,10,529.43,381.66,21.63,58.15,0.79,-1,-1,-1
65,1,308.30,375.19,75.61,165.82,0.88,-1,-1,-1
65,2,750.15,336.06,109.77,289.48,0.95,-1,-1,-1
65,3,309.80,366.21,157.43,288.12,0.93,-1,-1,-1
65,8,17.42,361.56,103.69,245.69,0.86,-1,-1,-1
65,9,596.64,350.61,109.36,283.84,0.96,-1,-1,-1
65,11,950.99,395.10,69.95,177.82,0.22,-1,-1,-1
65,14,1152.42,282.79,184.92,403.00,0.61,-1,-1,-1
65,18,726.97,385.89,23.70,58.94,0.85,-1,-1,-1
65,19,1014.94,354.37,97.36,210.63,0.88,-1,-1,-1
65,21,282.00,371.74,72.92,139.28,0.85,-1,-1,-1
65,6,550.26,391.00,23.30,62.02,0.78,-1,-1,-1
65,17,884.03,383.32,53.01,110.52,0.61,-1,-1,-1
65,4,682.15,378.59,45.02,140.06,0.89,-1,-1,-1
65,10,528.74,381.77,21.63,58.14,0.77,-1,-1,-1
66,1,303.27,367.55,73.82,173.62,0.85,-1,-1,-1
66,2,750.21,334.18,110.90,292.80,0.95,-1,-1,-1
66,3,303.29,368.29,161.89,287.53,0.93,-1,-1,-1
66,8,12.07,361.38,105.23,248.08,0.86,-1,-1,-1
66,9,593.54,349.93,112.10,285.98,0.95,-1,-1,-1
66,11,952.94,395.76,68.93,177.34,0.50,-1,-1,-1
66,14,1179.78,285.15,153.60,401.14,0.55,-1,-1,-1
66,18,727.24,386.20,22.93,58.06,0.85,-1,-1,-1
66,19,1017.70,355.52,96.37,208.69,0.86,-1,-1,-1
66,6,550.29,390.97,22.81,62.40,0.77,-1,-1,-1
66,17,892.92,383.27,43.94,109.10,0.35,-1,-1,-1
66,4,683.66,379.27,44.39,136.75,0.89,-1,-1,-1
66,10,528.36,383.69,21.05,56.04,0.73,-1,-1,-1
67,1,298.84,367.02,73.20,171.80,0.86,-1,-1,-1
67,2,750.72,332.64,111.80,295.69,0.95,-1,-1,-1
67,3,297.35,367.60,166.00,290.36,0.92,-1,-1,-1
67,8,7.63,360.37,108.45,251.23,0.86,-1,-1,-1
67,9,591.20,348.85,113.60,288.38,0.95,-1,-1,-1
67,11,950.42,381.75,72.13,191.68,0.42,-1,-1,-1
67,14,1169.42,281.92,166.98,403.35,0.56,-1,-1,-1
67,18,726.93,386.22,22.63,57.71,0.85,-1,-1,-1
67,19,1019.08,354.57,97.09,210.58,0.86,-1,-1,-1
67,6,549.36,390.97,23.20,62.23,0.77,-1,-1,-1
67,17,893.20,383.76,49.90,108.66,0.40,-1,-1,-1
67,4,684.41,379.55,43.52,134.59,0.88,-1,-1,-1
67,10,527.88,385.04,20.81,54.92,0.75,-1,-1,-1
68,1,295.53,370.43,70.33,167.72,0.84,-1,-1,-1
68,2,750.62,331.21,113.36,298.07,0.95,-1,-1,-1
68,3,292.24,366.46,165.59,292.23,0.93,-1,-1,-1
68,8,1.62,359.01,111.53,254.01,0.87,-1,-1,-1
68,9,589.48,348.38,114.79,289.79,0.95,-1,-1,-1
68,11,948.93,373.39,75.71,200.28,0.58,-1,-1,-1
68,14,1192.81,279.94,141.94,408.83,0.55,-1,-1,-1
68,18,726.82,385.97,23.13,57.89,0.85,-1,-1,-1
68,19,1020.76,353.89,97.41,212.34,0.84,-1,-1,-1
68,6,549.01,390.76,23.36,62.76,0.77,-1,-1,-1
68,17,892.64,382.90,56.12,109.68,0.24,-1,-1,-1
68,4,684.66,378.18,43.85,133.98,0.89,-1,-1,-1
68,10,527.40,383.80,21.34,56.34,0.73,-1,-1,-1
69,1,291.95,366.19,68.80,172.81,0.80,-1,-1,-1
69,2,750.78,329.38,113.83,301.10,0.95,-1,-1,-1
69,3,288.53,363.89,159.35,296.11,0.93,-1,-1,-1
69,8,-3.63,357.62,110.78,256.92,0.85,-1,-1,-1
69,9,587.64,347.78,116.28,290.95,0.95,-1,-1,-1
69,11,948.78,366.39,77.02,206.80,0.51,-1,-1,-1
69,14,1205.77,275.64,130.02,412.18,0.40,-1,-1,-1
69,18,726.37,385.90,23.31,57.96,0.85,-1,-1,-1
69,19,1020.60,351.79,99.82,214.62,0.85,-1,-1,-1
69,6,548.20,390.51,24.00,62.96,0.77,-1,-1,-1
69,17,906.49,383.08,45.41,111.68,0.13,-1,-1,-1
69,4,684.02,377.52,44.54,133.63,0.89,-1,-1,-1
69,10,527.44,382.71,21.52,57.45,0.75,-1,-1,-1
70,1,288.81,380.53,65.54,158.86,0.30,-1,-1,-1
70,2,751.50,326.92,113.44,304.04,0.94,-1,-1,-1
70,3,284.52,365.17,147.91,295.37,0.92,-1,-1,-1
70,8,-7.87,358.04,110.37,257.44,0.88,-1,-1,-1
70,9,586.45,346.25,116.85,293.60,0.95,-1,-1,-1
70,11,947.67,354.52,81.08,218.49,0.76,-1,-1,-1
70,14,1199.19,270.42,146.61,427.11,0.26,-1,-1,-1
70,18,725.97,385.14,23.39,58.91,0.85,-1,-1,-1
70,19,1021.24,349.64,100.77,217.76,0.86,-1,-1,-1
70,6,547.61,390.14,24.25,63.35,0.74,-1,-1,-1
70,4,683.52,375.78,45.43,137.49,0.88,-1,-1,-1
70,10,525.99,381.58,23.39,58.78,0.78,-1,-1,-1
71,1,283.82,380.04,60.63,159.16,0.26,-1,-1,-1
71,2,750.86,325.09,115.01,306.84,0.94,-1,-1,-1
71,3,278.67,361.50,135.75,300.88,0.92,-1,-1,-1
71,8,-12.23,357.01,109.51,260.51,0.86,-1,-1,-1
71,9,585.17,343.90,118.17,298.63,0.96,-1,-1,-1
71,11,948.35,350.07,80.29,223.08,0.61,-1,-1,-1
71,14,1214.24,265.56,133.09,424.42,0.18,-1,-1,-1
71,18,725.79,384.97,22.82,58.67,0.85,-1,-1,-1
71,19,1022.55,348.07,101.10,223.20,0.86,-1,-1,-1
71,6,546.79,389.67,24.93,64.08,0.73,-1,-1,-1
71,4,683.28,374.80,45.76,137.14,0.89,-1,-1,-1
71,10,524.85,380.97,24.08,59.28,0.83,-1,-1,-1
72,1,278.46,370.63,62.83,169.93,0.30,-1,-1,-1
72,2,751.24,323.27,115.04,310.32,0.94,-1,-1,-1
72,3,271.92,363.03,124.12,302.88,0.90,-1,-1,-1
72,8,-17.74,356.92,108.46,263.96,0.83,-1,-1,-1
72,9,583.91,340.58,119.86,311.64,0.95,-1,-1,-1
72,11,949.25,361.19,90.57,213.01,0.34,-1,-1,-1
72,18,726.07,385.39,22.61,57.97,0.83,-1,-1,-1
72,19,1023.04,347.91,104.79,226.12,0.85,-1,-1,-1
72,6,546.82,390.01,24.61,63.16,0.73,-1,-1,-1
72,4,683.52,374.32,45.32,138.21,0.89,-1,-1,-1
72,10,524.74,381.24,24.35,59.46,0.76,-1,-1,-1
73,2,751.62,322.86,115.43,312.57,0.94,-1,-1,-1
73,3,264.37,363.22,111.91,304.14,0.89,-1,-1,-1
73,8,-21.12,357.54,106.10,262.25,0.69,-1,-1,-1
73,9,582.59,337.47,121.45,316.06,0.96,-1,-1,-1
73,11,950.58,365.06,89.73,210.54,0.46,-1,-1,-1
73,18,725.50,385.33,23.11,57.71,0.84,-1,-1,-1
73,19,1025.39,346.92,103.69,228.36,0.86,-1,-1,-1
73,6,546.22,390.28,24.44,62.50,0.74,-1,-1,-1
73,4,684.43,374.06,43.88,138.16,0.89,-1,-1,-1
73,10,524.69,381.79,24.41,59.22,0.77,-1,-1,-1
74,2,751.97,321.79,116.11,315.03,0.94,-1,-1,-1
74,3,253.97,359.25,100.65,309.62,0.88,-1,-1,-1
74,8,-28.46,355.05,98.55,264.40,0.64,-1,-1,-1
74,9,581.22,334.62,123.74,323.84,0.96,-1,-1,-1
74,11,950.39,366.77,89.25,208.90,0.33,-1,-1,-1
74,18,725.20,385.37,22.09,57.30,0.83,-1,-1,-1
74,19,1027.86,347.96,103.19,222.89,0.86,-1,-1,-1
74,6,545.07,390.15,24.97,61.33,0.67,-1,-1,-1
74,4,684.69,373.60,43.93,138.71,0.89,-1,-1,-1
74,10,524.66,383.25,23.24,57.32,0.74,-1,-1,-1
74,21,317.03,365.63,56.61,143.56,0.83,-1,-1,-1
75,2,752.28,321.36,117.03,318.32,0.95,-1,-1,-1
75,3,243.17,362.76,99.34,310.21,0.90,-1,-1,-1
75,8,-30.93,355.47,98.10,267.71,0.79,-1,-1,-1
75,9,579.65,328.12,126.44,333.95,0.96,-1,-1,-1
75,11,951.23,364.72,89.09,212.67,0.48,-1,-1,-1
75,18,725.27,385.52,21.73,57.49,0.82,-1,-1,-1
75,19,1028.54,347.88,103.06,224.45,0.84,-1,-1,-1
75,6,543.51,390.25,25.77,61.24,0.75,-1,-1,-1
75,4,684.91,373.70,44.00,136.78,0.88,-1,-1,-1
75,10,524.70,382.60,22.80,58.13,0.79,-1,-1,-1
75,21,314.29,366.34,66.54,142.85,0.86,-1,-1,-1
76,2,752.22,321.00,117.26,321.95,0.95,-1,-1,-1
76,3,232.89,365.63,100.82,308.94,0.89,-1,-1,-1
76,8,-35.87,355.94,101.17,266.37,0.74,-1,-1,-1
76,9,578.46,323.53,128.49,343.49,0.96,-1,-1,-1
76,11,951.23,362.55,85.37,216.57,0.51,-1,-1,-1
76,18,725.14,385.75,20.97,57.53,0.77,-1,-1,-1
76,19,1030.17,347.33,104.10,229.33,0.84,-1,-1,-1
76,6,542.87,390.30,25.46,62.37,0.79,-1,-1,-1
76,4,684.84,374.23,43.40,135.51,0.89,-1,-1,-1
76,10,524.39,384.90,22.61,56.61,0.75,-1,-1,-1
76,21,313.75,366.60,73.61,143.14,0.88,-1,-1,-1
76,23,737.10,369.45,34.20,103.95,0.75,-1,-1,-1
77,2,751.56,320.95,119.78,325.60,0.95,-1,-1,-1
77,3,212.01,359.45,117.58,318.74,0.91,-1,-1,-1
77,8,-43.20,355.56,104.32,270.65,0.77,-1,-1,-1
77,9,577.36,320.14,131.08,352.27,0.96,-1,-1,-1
77,11,952.77,361.36,85.14,220.15,0.52,-1,-1,-1
77,18,725.04,385.18,20.11,58.17,0.76,-1,-1,-1
77,19,1031.12,345.26,105.74,237.73,0.86,-1,-1,-1
77,6,542.53,390.43,25.36,62.82,0.79,-1,-1,-1
77,4,685.03,374.23,43.81,135.56,0.89,-1,-1,-1
77,10,523.85,384.98,23.16,57.26,0.72,-1,-1,-1
77,21,307.18,368.92,85.08,142.56,0.90,-1,-1,-1
77,23,732.53,369.73,39.27,115.40,0.82,-1,-1,-1
78,2,752.25,320.83,120.11,328.83,0.95,-1,-1,-1
78,3,186.43,358.02,132.35,323.85,0.90,-1,-1,-1
78,8,-48.19,353.80,105.16,270.90,0.39,-1,-1,-1
78,9,575.58,318.91,134.35,357.27,0.96,-1,-1,-1
78,11,953.98,364.64,87.41,219.54,0.42,-1,-1,-1
78,18,724.74,384.24,19.80,59.01,0.34,-1,-1,-1
78,19,1032.09,345.97,107.52,239.15,0.86,-1,-1,-1
78,6,542.76,390.34,24.71,63.30,0.79,-1,-1,-1
78,4,685.43,374.70,43.97,135.45,0.89,-1,-1,-1
78,10,522.50,385.02,24.54,57.80,0.74,-1,-1,-1
78,21,303.31,367.87,91.85,145.47,0.78,-1,-1,-1
78,23,727.46,369.67,40.89,118.77,0.83,-1,-1,-1
79,2,751.92,320.65,122.55,332.63,0.95,-1,-1,-1
79,3,162.39,359.71,147.91,325.13,0.91,-1,-1,-1
79,8,-51.29,354.21,103.77,271.54,0.54,-1,-1,-1
79,9,574.74,317.34,136.12,361.77,0.96,-1,-1,-1
79,11,955.54,366.19,90.59,219.70,0.38,-1,-1,-1
79,19,1035.26,346.21,106.97,238.32,0.89,-1,-1,-1
79,6,542.97,390.43,24.46,63.15,0.77,-1,-1,-1
79,4,685.91,374.84,44.03,134.76,0.89,-1,-1,-1
79,10,522.11,385.44,25.06,57.68,0.74,-1,-1,-1
79,21,302.69,368.66,94.01,146.20,0.89,-1,-1,-1
79,23,722.13,368.71,44.16,121.08,0.81,-1,-1,-1
80,2,752.28,320.54,123.96,336.56,0.95,-1,-1,-1
80,3,138.64,359.80,168.15,330.43,0.93,-1,-1,-1
80,8,-56.08,356.51,104.72,272.64,0.50,-1,-1,-1
80,9,573.70,315.22,137.81,368.83,0.96,-1,-1,-1
80,11,957.57,368.18,94.08,219.99,0.30,-1,-1,-1
80,19,1037.32,348.18,107.86,239.87,0.86,-1,-1,-1
80,6,542.51,390.48,24.35,62.53,0.76,-1,-1,-1
80,4,685.30,374.98,47.02,138.94,0.82,-1,-1,-1
80,10,522.02,383.96,25.24,59.77,0.75,-1,-1,-1
80,21,302.90,369.47,93.31,147.31,0.90,-1,-1,-1
80,23,719.56,369.72,47.77,121.31,0.87,-1,-1,-1
80,24,1147.50,352.80,81.00,239.40,0.81,-1,-1,-1
81,2,752.36,320.88,125.09,339.45,0.95,-1,-1,-1
81,3,120.07,359.36,180.03,335.48,0.92,-1,-1,-1
81,8,-63.94,352.26,107.92,280.35,0.36,-1,-1,-1
81,9,572.54,312.56,139.61,383.92,0.95,-1,-1,-1
81,11,959.59,369.49,95.41,220.15,0.43,-1,-1,-1
81,19,1038.70,349.01,108.19,243.00,0.87,-1,-1,-1
81,6,541.27,390.31,24.91,63.14,0.76,-1,-1,-1
81,4,684.51,371.23,46.97,144.25,0.85,-1,-1,-1
81,10,521.83,384.10,25.30,59.91,0.70,-1,-1,-1
81,21,302.78,369.98,92.91,147.87,0.91,-1,-1,-1
81,23,717.85,370.98,49.04,119.42,0.88,-1,-1,-1
81,24,1147.22,352.93,82.49,238.88,0.81,-1,-1,-1
81,1,221.72,387.07,66.21,160.02,0.69,-1,-1,-1
82,2,752.01,320.49,126.63,343.10,0.95,-1,-1,-1
82,3,106.54,357.50,188.49,340.83,0.92,-1,-1,-1
82,8,-68.78,352.66,108.23,278.38,0.32,-1,-1,-1
82,9,571.56,311.51,141.36,383.01,0.96,-1,-1,-1
82,11,959.60,370.61,99.36,219.60,0.35,-1,-1,-1
82,19,1040.16,348.48,108.26,244.17,0.86,-1,-1,-1
82,6,539.05,389.98,26.90,63.04,0.71,-1,-1,-1
82,4,684.43,368.08,46.93,148.40,0.85,-1,-1,-1
82,10,522.39,383.01,25.31,60.52,0.70,-1,-1,-1
82,21,306.63,370.97,87.96,147.70,0.92,-1,-1,-1
82,23,715.50,372.28,50.60,120.24,0.88,-1,-1,-1
82,24,1147.09,352.20,84.16,245.70,0.84,-1,-1,-1
82,1,211.83,388.42,71.29,159.42,0.79,-1,-1,-1
83,2,752.50,320.17,127.17,345.68,0.95,-1,-1,-1
83,3,94.99,359.28,194.30,341.70,0.92,-1,-1,-1
83,8,-70.71,349.84,105.28,281.65,0.16,-1,-1,-1
83,9,570.40,306.17,143.14,389.35,0.95,-1,-1,-1
83,11,960.76,370.09,100.84,221.71,0.24,-1,-1,-1
83,19,1042.45,348.07,108.26,242.89,0.86,-1,-1,-1
83,6,538.29,389.67,27.06,63.60,0.73,-1,-1,-1
83,4,682.36,362.74,49.87,153.77,0.84,-1,-1,-1
83,10,523.55,382.55,24.71,60.44,0.75,-1,-1,-1
83,21,310.55,367.73,83.21,151.77,0.90,-1,-1,-1
83,23,712.99,372.53,53.50,120.33,0.87,-1,-1,-1
83,24,1144.10,350.68,88.85,250.49,0.85,-1,-1,-1
83,1,201.46,388.05,76.36,160.27,0.78,-1,-1,-1
84,2,752.48,319.28,129.15,348.49,0.95,-1,-1,-1
84,3,83.07,358.67,199.33,347.07,0.91,-1,-1,-1
84,9,568.62,302.71,145.56,395.70,0.95,-1,-1,-1
84,19,1043.37,347.56,109.45,247.99,0.87,-1,-1,-1
84,6,538.68,389.23,27.11,63.51,0.69,-1,-1,-1
84,4,685.74,371.31,46.92,146.04,0.86,-1,-1,-1
84,10,524.38,382.06,24.48,60.40,0.74,-1,-1,-1
84,21,312.93,366.65,79.87,152.84,0.84,-1,-1,-1
84,23,711.62,371.34,53.39,121.58,0.86,-1,-1,-1
84,24,1143.18,349.63,91.66,251.32,0.85,-1,-1,-1
84,1,192.85,387.88,77.55,160.60,0.84,-1,-1,-1
85,2,752.14,317.57,131.05,351.65,0.95,-1,-1,-1
85,3,54.42,361.07,221.81,351.93,0.87,-1,-1,-1
85,9,566.78,297.76,148.20,403.34,0.95,-1,-1,-1
85,19,1045.40,345.97,108.71,248.23,0.88,-1,-1,-1
85,6,537.35,389.03,28.90,61.98,0.59,-1,-1,-1
85,4,688.28,374.30,45.09,142.12,0.86,-1,-1,-1
85,10,525.56,381.83,23.80,59.78,0.50,-1,-1,-1
85,21,317.52,366.50,74.67,152.61,0.90,-1,-1,-1
85,23,710.60,369.02,55.01,123.83,0.87,-1,-1,-1
85,24,1140.94,347.97,98.86,256.55,0.88,-1,-1,-1
85,1,186.69,387.45,72.39,158.33,0.84,-1,-1,-1
86,2,752.63,315.45,131.77,355.15,0.95,-1,-1,-1
86,3,46.52,364.68,217.36,347.81,0.86,-1,-1,-1
86,9,564.38,293.15,150.94,412.99,0.95,-1,-1,-1
86,19,1047.98,345.65,107.23,247.09,0.87,-1,-1,-1
86,6,537.46,388.96,28.99,59.59,0.58,-1,-1,-1
86,4,689.24,374.81,55.32,128.95,0.68,-1,-1,-1
86,10,527.52,381.01,22.33,59.85,0.38,-1,-1,-1
86,21,324.21,365.72,67.19,152.65,0.90,-1,-1,-1
86,23,707.70,367.85,50.33,121.94,0.57,-1,-1,-1
86,24,1139.62,346.00,102.60,262.48,0.87,-1,-1,-1
86,1,182.63,386.07,63.71,161.75,0.87,-1,-1,-1
87,2,753.17,312.89,133.20,358.76,0.95,-1,-1,-1
87,3,46.43,361.35,200.10,350.82,0.89,-1,-1,-1
87,9,560.92,289.99,154.29,424.70,0.95,-1,-1,-1
87,19,1051.95,344.34,105.47,249.57,0.87,-1,-1,-1
87,6,535.23,388.35,30.18,59.02,0.62,-1,-1,-1
87,4,690.77,374.70,48.34,122.08,0.79,-1,-1,-1
87,10,528.89,380.71,21.17,59.57,0.12,-1,-1,-1
87,21,330.96,364.70,59.75,153.99,0.89,-1,-1,-1
87,23,707.38,366.82,49.52,121.80,0.73,-1,-1,-1
87,24,1138.63,345.31,106.27,266.93,0.84,-1,-1,-1
87,1,175.97,384.95,58.84,164.23,0.86,-1,-1,-1
88,2,753.31,311.17,134.19,362.97,0.95,-1,-1,-1
88,3,34.37,352.33,193.71,359.58,0.87,-1,-1,-1
88,9,558.42,288.08,156.56,434.83,0.95,-1,-1,-1
88,19,1053.87,344.63,103.53,248.69,0.84,-1,-1,-1
88,6,533.45,388.18,32.35,60.04,0.32,-1,-1,-1
88,4,691.59,374.28,47.40,134.20,0.78,-1,-1,-1
88,21,340.36,363.44,50.75,155.95,0.86,-1,-1,-1
88,23,703.64,365.64,44.34,124.74,0.52,-1,-1,-1
88,24,1138.76,344.24,108.65,269.16,0.85,-1,-1,-1
89,2,753.32,309.56,135.71,366.98,0.95,-1,-1,-1
89,3,25.79,347.07,180.95,368.53,0.89,-1,-1,-1
89,9,555.14,285.45,159.71,443.18,0.95,-1,-1,-1
89,19,1056.29,343.31,97.99,250.67,0.86,-1,-1,-1
89,6,533.61,388.47,32.04,59.23,0.29,-1,-1,-1
89,4,692.15,370.21,45.87,139.92,0.83,-1,-1,-1
89,21,347.06,361.84,46.94,157.56,0.85,-1,-1,-1
89,23,702.99,364.96,39.79,120.46,0.28,-1,-1,-1
89,24,1138.24,342.10,111.78,271.62,0.86,-1,-1,-1
90,2,753.92,308.31,136.82,370.70,0.95,-1,-1,-1
90,3,11.67,352.65,170.13,367.27,0.83,-1,-1,-1
90,9,549.82,283.97,164.91,448.62,0.95,-1,-1,-1
90,19,1057.76,341.60,105.74,256.33,0.87,-1,-1,-1
90,4,693.21,367.65,45.27,143.23,0.85,-1,-1,-1
90,21,349.02,362.00,48.88,160.09,0.85,-1,-1,-1
90,23,704.17,369.33,49.69,116.06,0.67,-1,-1,-1
90,24,1139.31,341.15,110.51,276.05,0.84,-1,-1,-1
90,25,1211.40,351.45,73.80,250.20,0.77,-1,-1,-1
91,2,753.81,307.07,138.42,374.75,0.95,-1,-1,-1
91,3,-1.25,343.86,155.52,386.20,0.85,-1,-1,-1
91,9,546.05,280.99,168.07,457.85,0.94,-1,-1,-1
91,19,1062.91,341.74,99.09,255.16,0.86,-1,-1,-1
91,4,693.86,368.97,45.08,141.83,0.87,-1,-1,-1
91,21,350.07,360.90,52.65,161.60,0.87,-1,-1,-1
91,24,1125.50,341.30,126.46,276.95,0.81,-1,-1,-1
91,25,1215.38,351.42,73.85,248.20,0.75,-1,-1,-1
91,18,731.10,381.32,27.77,66.06,0.74,-1,-1,-1
91,1,145.93,382.91,65.20,168.63,0.60,-1,-1,-1
92,2,753.80,306.65,140.72,382.23,0.94,-1,-1,-1
92,3,-13.74,341.96,141.08,389.32,0.86,-1,-1,-1
92,9,541.22,280.95,172.06,467.30,0.95,-1,-1,-1
92,19,1065.47,342.45,97.59,260.12,0.86,-1,-1,-1
92,4,693.81,369.51,46.19,140.21,0.84,-1,-1,-1
92,21,350.25,363.12,61.26,159.62,0.90,-1,-1,-1
92,24,1133.90,341.58,118.86,283.69,0.84,-1,-1,-1
92,25,1219.01,351.19,73.85,242.96,0.73,-1,-1,-1
92,18,731.30,382.40,28.06,66.28,0.67,-1,-1,-1
92,1,134.91,385.39,80.49,168.65,0.82,-1,-1,-1
93,2,754.04,307.27,142.08,384.36,0.95,-1,-1,-1
93,3,-22.22,339.72,130.57,399.55,0.83,-1,-1,-1
93,9,534.45,281.31,176.94,478.12,0.94,-1,-1,-1
93,19,1067.46,343.22,95.82,263.71,0.85,-1,-1,-1
93,4,697.58,370.46,42.43,130.61,0.85,-1,-1,-1
93,21,349.28,363.96,72.70,159.24,0.92,-1,-1,-1
93,24,1135.28,342.81,117.48,292.61,0.81,-1,-1,-1
93,25,1217.83,350.86,76.61,259.60,0.70,-1,-1,-1
93,18,731.01,383.83,27.57,65.47,0.58,-1,-1,-1
93,1,127.14,386.91,76.29,168.67,0.84,-1,-1,-1
94,2,753.89,308.99,143.77,386.26,0.95,-1,-1,-1
94,3,-34.84,347.96,132.19,396.93,0.79,-1,-1,-1
94,9,527.59,279.76,182.26,483.86,0.94,-1,-1,-1
94,19,1068.19,340.40,91.57,268.43,0.84,-1,-1,-1
94,4,697.21,371.59,42.82,131.38,0.85,-1,-1,-1
94,21,347.61,366.06,83.63,157.31,0.95,-1,-1,-1
94,24,1134.75,345.03,115.72,288.90,0.82,-1,-1,-1
94,25,1223.40,351.69,78.81,264.75,0.68,-1,-1,-1
94,18,730.95,384.50,27.36,65.75,0.69,-1,-1,-1
94,1,121.42,389.11,77.24,167.92,0.79,-1,-1,-1
95,2,753.37,309.57,146.11,389.83,0.95,-1,-1,-1
95,3,-53.89,343.74,132.94,406.29,0.79,-1,-1,-1
95,9,519.62,276.93,187.70,499.13,0.94,-1,-1,-1
95,19,1070.04,343.20,86.35,263.87,0.87,-1,-1,-1
95,4,696.90,371.44,43.56,139.34,0.86,-1,-1,-1
95,21,344.57,367.47,93.38,157.01,0.94,-1,-1,-1
95,24,1133.84,347.90,122.06,296.13,0.81,-1,-1,-1
95,25,1222.56,353.38,82.05,276.32,0.75,-1,-1,-1
95,18,729.57,385.24,26.68,65.25,0.61,-1,-1,-1
95,1,117.05,382.62,71.30,175.09,0.79,-1,-1,-1
95,23,675.70,367.87,49.65,130.26,0.78,-1,-1,-1
96,2,752.91,310.21,146.98,393.18,0.95,-1,-1,-1
96,3,-70.81,342.78,141.67,414.87,0.75,-1,-1,-1
96,9,512.94,272.25,190.89,514.67,0.94,-1,-1,-1
96,19,1073.70,346.59,79.57,255.96,0.86,-1,-1,-1
96,4,696.21,371.04,45.05,141.94,0.89,-1,-1,-1
96,21,342.54,368.59,99.88,156.85,0.95,-1,-1,-1
96,24,1129.98,348.00,138.31,298.08,0.82,-1,-1,-1
96,25,1222.72,353.72,81.92,271.68,0.73,-1,-1,-1
96,18,729.68,385.31,25.81,65.33,0.65,-1,-1,-1
96,1,110.55,384.76,74.21,173.44,0.79,-1,-1,-1
96,23,670.95,368.40,49.53,130.83,0.82,-1,-1,-1
96,26,435.15,384.97,28.80,69.75,0.71,-1,-1,-1
96,27,480.60,381.82,19.80,54.90,0.71,-1,-1,-1
97,2,752.09,309.84,147.88,397.90,0.95,-1,-1,-1
97,9,505.15,272.06,194.97,517.15,0.94,-1,-1,-1
97,19,1076.14,346.78,74.76,258.18,0.84,-1,-1,-1
97,4,694.40,371.30,46.21,142.51,0.88,-1,-1,-1
97,21,340.41,369.58,103.35,157.08,0.94,-1,-1,-1
97,24,1125.67,348.27,124.41,298.14,0.87,-1,-1,-1
97,25,1222.69,353.46,80.56,262.70,0.73,-1,-1,-1
97,18,729.37,385.74,24.27,65.06,0.61,-1,-1,-1
97,1,103.80,386.66,75.15,169.92,0.82,-1,-1,-1
97,23,668.10,368.71,45.89,130.58,0.79,-1,-1,-1
97,26,434.22,385.76,28.81,66.56,0.64,-1,-1,-1
97,27,480.05,382.07,19.81,54.94,0.70,-1,-1,-1
98,2,751.22,309.56,148.75,402.61,0.95,-1,-1,-1
98,9,495.08,265.67,202.81,535.77,0.95,-1,-1,-1
98,19,1077.50,347.57,73.22,256.11,0.80,-1,-1,-1
98,4,694.32,371.84,45.47,141.34,0.84,-1,-1,-1
98,21,340.14,370.83,102.96,157.14,0.94,-1,-1,-1
98,24,1124.53,346.28,116.64,296.77,0.83,-1,-1,-1
98,25,1226.26,354.27,76.28,241.13,0.76,-1,-1,-1
98,18,727.77,385.44,23.68,65.83,0.60,-1,-1,-1
98,1,93.61,382.13,74.57,174.37,0.77,-1,-1,-1
98,23,666.37,368.68,43.29,130.55,0.82,-1,-1,-1
98,26,434.39,385.21,29.16,71.56,0.62,-1,-1,-1
98,27,478.57,381.95,21.20,55.64,0.28,-1,-1,-1
99,2,750.59,309.01,149.64,405.92,0.95,-1,-1,-1
99,9,487.81,258.78,206.92,552.42,0.94,-1,-1,-1
99,19,1078.52,345.45,72.80,258.29,0.80,-1,-1,-1
99,4,694.57,372.33,44.58,142.97,0.88,-1,-1,-1
99,21,340.51,370.69,102.10,158.35,0.93,-1,-1,-1
99,24,1119.33,345.20,118.58,302.66,0.84,-1,-1,-1
99,25,1226.92,354.23,77.13,235.64,0.75,-1,-1,-1
99,18,727.79,385.61,21.65,64.93,0.62,-1,-1,-1
99,1,86.17,380.91,71.93,178.51,0.69,-1,-1,-1
99,23,663.42,367.93,49.20,132.71,0.83,-1,-1,-1
99,26,433.47,384.16,30.67,76.25,0.64,-1,-1,-1
99,27,477.09,381.00,23.70,66.31,0.25,-1,-1,-1
100,2,749.54,308.27,151.18,409.03,0.95,-1,-1,-1
100,9,477.61,250.87,214.29,576.07,0.94,-1,-1,-1
100,19,1080.17,345.12,72.79,260.33,0.79,-1,-1,-1
100,4,692.92,373.32,47.27,139.73,0.87,-1,-1,-1
100,21,342.92,369.38,98.52,160.31,0.93,-1,-1,-1
100,24,1117.04,344.07,125.23,314.85,0.87,-1,-1,-1
100,25,1229.09,353.46,78.68,245.69,0.76,-1,-1,-1
100,18,726.02,386.18,21.53,64.59,0.35,-1,-1,-1
100,1,80.64,378.52,72.09,180.53,0.70,-1,-1,-1
100,23,660.07,367.42,55.83,133.95,0.82,-1,-1,-1
100,26,432.22,385.70,39.36,75.44,0.65,-1,-1,-1
100,11,988.99,337.24,97.32,278.25,0.61,-1,-1,-1
101,2,748.20,306.83,153.42,413.46,0.95,-1,-1,-1
101,9,470.68,243.59,218.10,595.70,0.94,-1,-1,-1
101,19,1081.71,345.30,74.07,259.18,0.78,-1,-1,-1
101,4,691.68,373.39,48.82,139.30,0.85,-1,-1,-1
101,21,345.69,369.29,96.06,160.52,0.92,-1,-1,-1
101,24,1111.92,342.92,138.12,322.33,0.88,-1,-1,-1
101,25,1230.18,352.73,78.00,243.89,0.74,-1,-1,-1
101,18,724.75,386.38,21.49,64.43,0.46,-1,-1,-1
101,1,77.69,382.16,68.08,175.73,0.83,-1,-1,-1
101,23,658.50,366.48,55.60,132.41,0.87,-1,-1,-1
101,26,431.83,386.44,41.79,74.22,0.46,-1,-1,-1
101,11,990.65,335.07,98.44,282.58,0.46,-1,-1,-1
102,2,746.51,304.34,155.43,419.04,0.95,-1,-1,-1
102,9,459.70,233.44,225.85,620.55,0.93,-1,-1,-1
102,19,1082.23,343.24,73.39,259.94,0.72,-1,-1,-1
102,4,693.22,374.12,45.91,137.81,0.85,-1,-1,-1
102,21,351.36,368.92,89.45,160.60,0.92,-1,-1,-1
102,24,1108.29,340.54,144.22,320.31,0.87,-1,-1,-1
102,25,1230.57,351.36,80.14,244.32,0.72,-1,-1,-1
102,18,723.68,385.81,22.70,64.38,0.49,-1,-1,-1
102,1,67.31,365.61,71.23,194.49,0.78,-1,-1,-1
102,23,657.16,367.44,56.03,128.36,0.85,-1,-1,-1
102,26,431.50,386.51,38.96,74.01,0.58,-1,-1,-1
102,11,992.38,332.94,96.36,284.90,0.39,-1,-1,-1
103,2,745.56,302.36,156.15,422.36,0.95,-1,-1,-1
103,9,446.93,228.84,234.52,632.65,0.93,-1,-1,-1
103,19,1085.97,344.53,73.21,247.70,0.42,-1,-1,-1
103,4,694.44,374.08,44.12,139.04,0.88,-1,-1,-1
103,21,358.30,367.12,80.44,161.95,0.92,-1,-1,-1
103,24,1101.15,337.99,154.60,330.09,0.85,-1,-1,-1
103,25,1231.83,350.23,80.93,245.09,0.62,-1,-1,-1
103,18,723.86,386.03,21.37,60.77,0.18,-1,-1,-1
103,1,58.88,355.76,71.77,201.97,0.78,-1,-1,-1
103,23,654.40,367.66,56.17,129.03,0.88,-1,-1,-1
103,26,436.74,385.89,32.78,76.67,0.16,-1,-1,-1
103,11,992.33,332.15,98.03,286.84,0.42,-1,-1,-1
104,2,744.67,299.61,156.97,427.63,0.95,-1,-1,-1
104,9,437.54,223.05,239.53,650.67,0.93,-1,-1,-1
104,19,1087.31,342.36,84.12,263.66,0.44,-1,-1,-1
104,4,693.71,373.51,45.29,140.40,0.88,-1,-1,-1
104,21,364.37,365.75,71.75,163.49,0.91,-1,-1,-1
104,24,1096.74,336.35,162.01,339.96,0.87,-1,-1,-1
104,25,1232.31,350.17,80.02,239.38,0.67,-1,-1,-1
104,18,722.19,385.70,22.08,60.92,0.32,-1,-1,-1
104,1,53.35,362.05,69.75,195.34,0.75,-1,-1,-1
104,23,651.42,367.50,53.85,131.05,0.85,-1,-1,-1
104,11,992.30,330.20,99.86,290.42,0.25,-1,-1,-1
105,2,743.15,297.29,158.44,431.47,0.95,-1,-1,-1
105,9,421.15,215.31,251.34,674.84,0.92,-1,-1,-1
105,19,1087.82,342.90,86.84,270.09,0.12,-1,-1,-1
105,4,692.22,372.57,46.90,140.18,0.88,-1,-1,-1
105,21,372.67,364.38,62.02,165.25,0.89,-1,-1,-1
105,24,1094.51,335.18,163.76,330.86,0.89,-1,-1,-1
105,25,1234.87,349.27,77.26,228.77,0.65,-1,-1,-1
105,18,724.56,384.86,21.74,62.20,0.37,-1,-1,-1
105,1,50.69,373.08,66.93,188.37,0.57,-1,-1,-1
105,23,647.69,366.88,48.73,132.10,0.80,-1,-1,-1
105,11,996.43,328.94,99.38,294.06,0.15,-1,-1,-1
106,2,742.12,295.21,160.68,437.31,0.94,-1,-1,-1
106,9,407.82,210.36,259.05,700.06,0.91,-1,-1,-1
106,4,690.90,371.54,48.09,142.31,0.88,-1,-1,-1
106,21,381.86,363.49,56.47,166.33,0.80,-1,-1,-1
106,24,1089.79,333.99,167.68,327.55,0.91,-1,-1,-1
106,25,1235.83,349.22,78.60,238.84,0.55,-1,-1,-1
106,18,723.81,385.52,21.00,60.89,0.24,-1,-1,-1
106,1,39.40,364.50,73.74,198.21,0.82,-1,-1,-1
106,23,645.99,365.84,42.41,136.02,0.81,-1,-1,-1
106,11,997.43,327.74,101.56,298.25,0.34,-1,-1,-1
106,28,656.55,364.27,51.30,126.67,0.83,-1,-1,-1
107,2,740.19,293.88,158.53,439.41,0.95,-1,-1,-1
107,9,393.21,207.57,268.79,716.87,0.92,-1,-1,-1
107,4,689.12,370.88,49.71,143.70,0.90,-1,-1,-1
107,21,388.94,362.72,52.52,168.34,0.80,-1,-1,-1
107,24,1076.99,333.90,179.45,329.76,0.91,-1,-1,-1
107,25,1238.43,348.79,74.30,222.94,0.45,-1,-1,-1
107,18,724.36,385.03,21.95,60.70,0.53,-1,-1,-1
107,1,30.89,360.22,76.35,204.10,0.84,-1,-1,-1
107,23,642.31,365.91,40.15,136.16,0.84,-1,-1,-1
107,11,1000.03,327.36,99.98,300.35,0.41,-1,-1,-1
107,28,654.63,364.31,47.01,127.10,0.84,-1,-1,-1
108,2,738.93,292.47,155.36,443.13,0.94,-1,-1,-1
108,9,373.29,202.24,284.11,747.70,0.90,-1,-1,-1
108,4,690.23,370.75,48.02,143.21,0.90,-1,-1,-1
108,21,388.84,356.37,56.00,175.78,0.75,-1,-1,-1
108,24,1063.75,333.80,187.44,328.81,0.91,-1,-1,-1
108,25,1240.79,347.94,69.01,210.03,0.36,-1,-1,-1
108,18,724.01,384.82,21.71,60.05,0.41,-1,-1,-1
108,1,23.74,360.97,77.99,204.04,0.84,-1,-1,-1
108,23,639.30,365.77,38.83,136.36,0.85,-1,-1,-1
108,11,1001.09,326.31,103.03,304.65,0.58,-1,-1,-1
108,28,650.32,363.08,46.18,130.16,0.85,-1,-1,-1
109,2,737.37,292.12,149.17,444.37,0.94,-1,-1,-1
109,9,357.29,190.61,295.43,787.37,0.89,-1,-1,-1
109,4,690.16,370.96,48.47,141.06,0.91,-1,-1,-1
109,21,388.42,351.70,65.99,181.75,0.26,-1,-1,-1
109,24,1052.84,335.50,192.65,329.51,0.92,-1,-1,-1
109,25,1244.02,347.58,69.52,225.41,0.16,-1,-1,-1
109,18,724.24,385.00,20.40,58.31,0.36,-1,-1,-1
109,1,16.49,364.23,78.82,201.53,0.82,-1,-1,-1
109,23,636.57,366.27,38.38,135.64,0.86,-1,-1,-1
109,11,1003.82,325.57,99.33,305.57,0.67,-1,-1,-1
109,28,649.45,365.85,40.85,126.99,0.77,-1,-1,-1
110,2,735.00,292.19,142.58,447.70,0.94,-1,-1,-1
110,9,341.76,187.45,305.44,815.18,0.89,-1,-1,-1
110,4,689.53,371.65,48.04,139.49,0.91,-1,-1,-1
110,21,387.83,356.77,68.67,178.50,0.15,-1,-1,-1
110,24,1049.23,337.23,187.68,333.87,0.91,-1,-1,-1
110,18,724.02,386.14,18.69,57.07,0.49,-1,-1,-1
110,1,8.05,371.63,77.35,193.37,0.80,-1,-1,-1
110,23,633.23,366.77,40.13,135.49,0.87,-1,-1,-1
110,11,1004.80,325.51,100.29,302.88,0.76,-1,-1,-1
110,28,643.93,365.17,37.90,122.44,0.78,-1,-1,-1
111,2,733.99,292.59,137.68,450.06,0.94,-1,-1,-1
111,9,324.71,178.54,317.68,846.92,0.88,-1,-1,-1
111,4,689.14,371.80,49.05,140.67,0.91,-1,-1,-1
111,24,1050.47,339.56,180.68,338.33,0.88,-1,-1,-1
111,18,724.06,386.88,17.45,55.41,0.13,-1,-1,-1
111,1,-3.65,353.12,83.04,210.45,0.80,-1,-1,-1
111,23,619.28,367.90,52.82,138.48,0.90,-1,-1,-1
111,11,1005.18,326.03,100.61,306.40,0.73,-1,-1,-1
111,28,638.80,364.14,37.93,123.99,0.77,-1,-1,-1
112,2,733.93,292.67,137.84,455.65,0.93,-1,-1,-1
112,9,306.70,157.02,331.56,911.44,0.87,-1,-1,-1
112,4,689.24,371.76,49.44,141.14,0.91,-1,-1,-1
112,24,1048.83,340.92,173.10,336.47,0.90,-1,-1,-1
112,1,-6.10,353.22,77.37,206.37,0.71,-1,-1,-1
112,23,614.17,369.11,56.73,138.75,0.89,-1,-1,-1
112,11,1005.87,326.44,99.57,310.07,0.82,-1,-1,-1
112,28,635.34,363.40,38.01,132.23,0.72,-1,-1,-1
112,19,1111.74,340.55,118.69,290.75,0.60,-1,-1,-1
113,2,733.36,292.72,137.94,460.50,0.93,-1,-1,-1
113,9,286.88,142.22,347.94,950.00,0.85,-1,-1,-1
113,4,689.32,371.87,48.39,141.14,0.91,-1,-1,-1
113,24,1053.16,341.40,154.48,337.93,0.87,-1,-1,-1
113,1,-9.98,351.65,72.60,205.09,0.50,-1,-1,-1
113,23,607.75,367.76,62.33,142.05,0.89,-1,-1,-1
113,11,1006.63,326.59,100.38,315.44,0.72,-1,-1,-1
113,28,630.21,364.04,41.33,132.95,0.70,-1,-1,-1
113,19,1108.86,337.89,127.55,295.62,0.45,-1,-1,-1
114,2,732.89,291.90,137.40,466.61,0.93,-1,-1,-1
114,9,264.31,132.51,365.26,993.68,0.84,-1,-1,-1
114,4,689.37,372.06,47.97,141.27,0.90,-1,-1,-1
114,24,1050.13,340.41,154.69,340.16,0.84,-1,-1,-1
114,1,-11.33,373.55,62.23,175.56,0.69,-1,-1,-1
114,23,606.11,369.76,63.45,138.70,0.87,-1,-1,-1
114,11,1011.62,326.26,97.08,316.94,0.71,-1,-1,-1
114,28,624.58,364.16,45.50,133.91,0.73,-1,-1,-1
114,19,1104.20,338.32,136.69,310.11,0.64,-1,-1,-1
115,2,732.45,291.16,139.66,477.27,0.93,-1,-1,-1
115,9,237.07,115.73,384.48,1028.11,0.79,-1,-1,-1
115,4,689.38,372.44,49.01,141.64,0.90,-1,-1,-1
115,24,1046.75,339.44,146.29,343.36,0.85,-1,-1,-1
115,1,-16.07,387.27,56.46,150.97,0.11,-1,-1,-1
115,23,603.92,370.83,64.96,137.37,0.90,-1,-1,-1
115,11,1015.30,327.20,98.25,314.93,0.42,-1,-1,-1
115,28,620.21,365.11,47.08,132.42,0.17,-1,-1,-1
115,19,1098.39,335.75,145.92,331.37,0.50,-1,-1,-1
116,2,732.31,291.38,140.57,479.34,0.92,-1,-1,-1
116,9,207.10,94.71,406.70,1066.12,0.81,-1,-1,-1
116,4,689.41,372.76,49.40,141.44,0.90,-1,-1,-1
116,24,1045.02,337.88,135.76,347.51,0.84,-1,-1,-1
116,1,-26.11,351.82,64.58,191.83,0.19,-1,-1,-1
116,23,599.51,370.97,68.38,135.77,0.90,-1,-1,-1
116,11,1020.73,326.84,102.29,318.72,0.52,-1,-1,-1
116,19,1097.61,334.58,150.71,341.17,0.51,-1,-1,-1
117,2,732.31,287.57,141.60,484.15,0.92,-1,-1,-1
117,9,173.78,67.12,430.34,1121.64,0.74,-1,-1,-1
117,4,689.74,372.67,49.57,140.94,0.90,-1,-1,-1
117,24,1040.90,337.32,128.30,348.91,0.83,-1,-1,-1
117,23,594.19,369.61,73.11,136.22,0.91,-1,-1,-1
117,11,1022.78,325.44,103.86,324.85,0.51,-1,-1,-1
117,19,1108.66,338.05,143.53,334.53,0.59,-1,-1,-1
118,2,732.67,284.19,143.78,491.26,0.92,-1,-1,-1
118,9,137.81,31.70,459.48,1251.62,0.75,-1,-1,-1
118,4,689.90,372.74,49.62,140.29,0.90,-1,-1,-1
118,24,1033.97,334.72,124.53,354.08,0.82,-1,-1,-1
118,23,591.36,369.35,73.26,136.37,0.90,-1,-1,-1
118,11,1027.03,325.77,102.07,322.96,0.35,-1,-1,-1
118,19,1114.86,337.96,140.34,323.34,0.77,-1,-1,-1
119,2,733.06,282.56,146.09,496.17,0.92,-1,-1,-1
119,9,77.74,11.60,507.86,1338.18,0.74,-1,-1,-1
119,4,689.93,372.88,47.94,139.77,0.91,-1,-1,-1
119,24,1026.17,328.49,122.30,361.80,0.87,-1,-1,-1
119,23,588.89,367.33,71.03,139.12,0.91,-1,-1,-1
119,19,1116.71,336.93,142.79,332.05,0.61,-1,-1,-1
120,2,733.80,279.04,147.51,500.22,0.92,-1,-1,-1
120,9,20.55,-31.55,548.72,1403.49,0.63,-1,-1,-1
120,4,690.22,372.79,46.66,139.43,0.91,-1,-1,-1
120,24,1016.71,322.64,129.04,371.77,0.87,-1,-1,-1
120,23,588.39,367.01,65.92,139.11,0.88,-1,-1,-1
120,19,1120.24,336.00,144.79,328.75,0.78,-1,-1,-1
121,2,734.54,275.08,148.44,506.11,0.91,-1,-1,-1
121,9,-28.76,-74.03,583.61,1473.76,0.52,-1,-1,-1
121,4,691.67,372.55,44.92,139.70,0.90,-1,-1,-1
121,24,1003.25,322.39,142.12,372.57,0.90,-1,-1,-1
121,23,591.32,365.04,54.72,140.51,0.82,-1,-1,-1
121,19,1125.55,334.70,146.48,322.58,0.85,-1,-1,-1
121,28,601.31,364.45,62.88,137.15,0.86,-1,-1,-1
122,2,735.69,271.57,148.83,510.75,0.90,-1,-1,-1
122,9,-81.33,-91.94,614.16,1540.89,0.64,-1,-1,-1
122,4,692.46,372.05,44.29,139.42,0.90,-1,-1,-1
122,24,993.78,322.71,152.87,374.03,0.90,-1,-1,-1
122,23,589.17,363.15,47.81,142.57,0.81,-1,-1,-1
122,19,1128.82,333.35,149.45,340.86,0.82,-1,-1,-1
122,28,598.30,365.99,65.25,136.20,0.80,-1,-1,-1
123,2,735.83,267.89,148.22,514.04,0.89,-1,-1,-1
123,9,-145.20,-113.17,643.62,1598.67,0.49,-1,-1,-1
123,4,693.04,371.91,44.65,138.67,0.89,-1,-1,-1
123,24,982.04,323.16,163.91,376.50,0.89,-1,-1,-1
123,23,586.71,362.48,44.20,144.18,0.80,-1,-1,-1
123,19,1135.04,332.55,145.71,328.33,0.82,-1,-1,-1
123,28,591.55,364.58,68.96,137.78,0.83,-1,-1,-1
124,2,736.16,266.00,147.42,515.18,0.87,-1,-1,-1
124,9,-213.45,-128.49,673.71,1648.37,0.35,-1,-1,-1
124,4,693.52,370.86,45.40,139.76,0.88,-1,-1,-1
124,24,970.75,325.05,176.28,371.61,0.88,-1,-1,-1
124,23,582.13,361.86,45.01,148.49,0.83,-1,-1,-1
124,19,1139.15,332.00,146.52,330.93,0.87,-1,-1,-1
124,28,587.23,364.86,70.97,139.70,0.78,-1,-1,-1
124,29,481.50,382.50,21.60,54.45,0.73,-1,-1,-1
124,21,434.32,359.84,57.00,176.59,0.89,-1,-1,-1
125,2,736.90,262.83,148.24,531.87,0.91,-1,-1,-1
125,9,-223.33,-114.31,639.57,1618.93,0.24,-1,-1,-1
125,4,695.20,370.01,45.68,141.52,0.89,-1,-1,-1
125,24,963.08,325.84,183.34,377.91,0.89,-1,-1,-1
125,23,576.97,362.63,45.28,148.49,0.86,-1,-1,-1
125,19,1144.74,329.17,140.81,330.04,0.89,-1,-1,-1
125,28,585.08,364.34,67.13,139.80,0.85,-1,-1,-1
125,29,482.20,382.35,20.90,56.28,0.77,-1,-1,-1
125,21,443.59,359.20,51.99,177.53,0.90,-1,-1,-1
126,2,737.85,260.48,151.55,538.15,0.89,-1,-1,-1
126,9,-327.35,-133.90,702.32,1722.33,0.12,-1,-1,-1
126,4,695.88,368.93,46.40,142.65,0.90,-1,-1,-1
126,24,959.25,327.47,198.70,380.13,0.91,-1,-1,-1
126,23,571.91,361.90,47.90,148.91,0.89,-1,-1,-1
126,19,1146.86,328.08,143.35,332.08,0.86,-1,-1,-1
126,28,583.89,359.67,60.17,145.78,0.84,-1,-1,-1
126,29,483.06,381.97,20.77,55.28,0.51,-1,-1,-1
126,21,446.29,359.12,53.74,179.52,0.90,-1,-1,-1
127,2,737.83,258.00,153.80,543.88,0.88,-1,-1,-1
127,4,696.32,368.17,47.22,143.22,0.90,-1,-1,-1
127,24,958.33,328.73,210.16,382.20,0.91,-1,-1,-1
127,23,563.19,362.28,53.01,149.62,0.88,-1,-1,-1
127,19,1152.17,328.07,139.40,333.53,0.87,-1,-1,-1
127,28,579.90,357.97,54.90,147.43,0.72,-1,-1,-1
127,29,482.94,380.26,22.12,56.67,0.17,-1,-1,-1
127,21,447.22,358.95,59.66,179.82,0.91,-1,-1,-1
128,2,738.15,256.59,156.99,550.61,0.89,-1,-1,-1
128,4,696.50,368.08,48.13,142.99,0.90,-1,-1,-1
128,24,958.81,329.27,213.51,386.46,0.91,-1,-1,-1
128,23,554.82,359.97,61.29,153.57,0.88,-1,-1,-1
128,19,1154.68,328.30,140.23,340.42,0.85,-1,-1,-1
128,28,574.93,355.75,51.76,151.71,0.43,-1,-1,-1
128,29,483.24,378.26,23.20,63.13,0.36,-1,-1,-1
128,21,447.40,359.82,72.53,179.94,0.94,-1,-1,-1
129,2,740.03,256.05,157.54,554.06,0.88,-1,-1,-1
129,4,697.12,367.84,48.45,144.09,0.91,-1,-1,-1
129,24,960.45,330.17,215.77,391.57,0.90,-1,-1,-1
129,23,545.14,358.43,70.10,156.66,0.91,-1,-1,-1
129,19,1159.10,328.53,136.90,343.00,0.85,-1,-1,-1
129,21,446.48,360.50,86.44,180.28,0.95,-1,-1,-1
129,30,514.80,387.22,29.70,71.10,0.76,-1,-1,-1
130,2,741.87,256.32,157.72,556.89,0.89,-1,-1,-1
130,4,698.49,368.13,47.98,143.71,0.91,-1,-1,-1
130,24,964.07,331.01,215.30,396.81,0.89,-1,-1,-1
130,23,537.69,360.87,77.54,155.26,0.89,-1,-1,-1
130,19,1165.24,328.22,130.78,349.10,0.85,-1,-1,-1
130,21,445.12,361.74,96.98,180.20,0.95,-1,-1,-1
130,30,515.16,387.47,29.71,70.07,0.76,-1,-1,-1
130,11,1071.84,311.22,125.61,372.70,0.72,-1,-1,-1
130,28,567.42,355.43,50.58,155.32,0.76,-1,-1,-1
131,2,742.50,255.54,160.14,561.92,0.89,-1,-1,-1
131,4,699.23,368.63,47.80,142.21,0.91,-1,-1,-1
131,24,969.17,330.22,199.80,399.17,0.92,-1,-1,-1
131,23,534.13,360.75,80.04,158.07,0.90,-1,-1,-1
131,19,1169.78,327.47,127.28,357.25,0.85,-1,-1,-1
131,21,444.37,362.29,102.50,180.32,0.95,-1,-1,-1
131,30,514.85,387.84,29.72,70.58,0.75,-1,-1,-1
131,11,1073.15,310.60,125.14,376.84,0.65,-1,-1,-1
131,28,563.67,354.35,51.70,158.67,0.76,-1,-1,-1
132,2,742.43,254.72,162.23,565.96,0.88,-1,-1,-1
132,4,700.10,368.68,47.14,141.77,0.91,-1,-1,-1
132,24,971.48,330.05,188.60,401.81,0.92,-1,-1,-1
132,23,529.54,361.30,84.38,159.96,0.93,-1,-1,-1
132,19,1175.51,327.16,121.17,362.59,0.85,-1,-1,-1
132,21,443.56,362.95,110.12,179.89,0.94,-1,-1,-1
132,30,515.48,387.95,29.01,70.71,0.74,-1,-1,-1
132,11,1076.48,310.37,128.48,380.60,0.72,-1,-1,-1
132,28,556.74,353.83,57.50,159.10,0.87,-1,-1,-1
133,2,743.52,254.69,162.48,567.25,0.89,-1,-1,-1
133,4,699.78,368.18,47.50,142.64,0.90,-1,-1,-1
133,24,971.85,328.39,174.72,408.55,0.89,-1,-1,-1
133,23,527.53,361.78,83.82,160.61,0.92,-1,-1,-1
133,19,1180.44,326.77,116.56,364.92,0.85,-1,-1,-1
133,21,443.87,362.86,113.29,179.40,0.95,-1,-1,-1
133,30,517.05,388.78,26.74,69.71,0.72,-1,-1,-1
133,11,1079.36,310.02,129.76,386.73,0.66,-1,-1,-1
133,28,552.18,355.36,59.64,156.86,0.86,-1,-1,-1
133,31,429.30,383.40,28.35,85.50,0.76,-1,-1,-1
133,32,457.20,381.37,25.20,80.77,0.72,-1,-1,-1
134,2,743.22,253.01,162.36,573.93,0.87,-1,-1,-1
134,4,699.53,368.01,48.19,142.34,0.91,-1,-1,-1
134,24,968.93,326.95,166.94,413.29,0.89,-1,-1,-1
134,23,529.50,361.94,79.36,156.35,0.91,-1,-1,-1
134,19,1186.14,326.03,114.87,367.51,0.82,-1,-1,-1
134,21,444.01,363.21,115.90,179.33,0.95,-1,-1,-1
134,30,516.46,388.68,27.40,71.34,0.70,-1,-1,-1
134,11,1081.30,308.11,132.41,392.84,0.71,-1,-1,-1
134,31,429.74,383.37,29.43,86.62,0.77,-1,-1,-1
134,32,456.57,380.63,26.46,85.85,0.75,-1,-1,-1
134,33,600.30,381.60,26.10,72.00,0.74,-1,-1,-1
135,2,744.87,249.85,163.76,581.98,0.89,-1,-1,-1
135,4,699.42,366.95,49.72,143.80,0.90,-1,-1,-1
135,24,965.99,325.29,152.12,414.62,0.87,-1,-1,-1
135,23,529.25,361.21,76.42,156.68,0.90,-1,-1,-1
135,19,1191.67,323.10,110.86,370.38,0.80,-1,-1,-1
135,21,443.44,362.85,116.55,180.44,0.94,-1,-1,-1
135,30,517.06,388.44,27.00,70.03,0.57,-1,-1,-1
135,11,1083.69,305.35,132.44,395.88,0.51,-1,-1,-1
135,31,431.94,382.83,27.62,86.36,0.74,-1,-1,-1
135,32,457.72,381.14,25.54,84.82,0.66,-1,-1,-1
135,33,599.34,382.44,26.13,70.98,0.74,-1,-1,-1
136,2,746.50,245.37,163.58,578.61,0.89,-1,-1,-1
136,4,699.81,366.73,49.68,144.15,0.91,-1,-1,-1
136,24,959.18,321.46,161.91,422.53,0.86,-1,-1,-1
136,23,526.86,361.10,72.22,155.68,0.88,-1,-1,-1
136,19,1196.22,321.91,109.43,374.32,0.75,-1,-1,-1
136,21,446.38,361.67,113.29,181.24,0.94,-1,-1,-1
136,30,516.54,386.46,28.15,73.29,0.14,-1,-1,-1
136,11,1084.76,304.09,134.67,396.16,0.27,-1,-1,-1
136,31,434.67,383.01,27.69,85.86,0.79,-1,-1,-1
136,32,458.27,378.19,26.79,87.90,0.77,-1,-1,-1
136,33,598.76,381.72,26.13,71.12,0.80,-1,-1,-1
136,28,538.06,356.77,69.48,151.95,0.89,-1,-1,-1
137,2,747.73,239.92,166.56,586.26,0.87,-1,-1,-1
137,4,699.69,366.74,49.68,144.74,0.90,-1,-1,-1
137,24,952.22,318.15,172.42,440.21,0.86,-1,-1,-1
137,23,524.06,359.55,68.19,157.68,0.89,-1,-1,-1
137,19,1202.73,318.84,106.62,376.81,0.77,-1,-1,-1
137,21,452.72,361.19,107.20,180.37,0.94,-1,-1,-1
137,30,518.20,384.21,26.12,72.01,0.10,-1,-1,-1
137,11,1088.73,302.04,133.21,395.01,0.47,-1,-1,-1
137,31,437.12,382.22,25.71,82.83,0.72,-1,-1,-1
137,32,458.59,376.74,29.01,88.72,0.71,-1,-1,-1
137,33,598.55,381.48,26.13,70.80,0.80,-1,-1,-1
137,28,536.38,355.61,70.94,152.81,0.89,-1,-1,-1
138,2,748.47,232.64,174.30,600.99,0.87,-1,-1,-1
138,4,700.19,366.92,49.04,144.67,0.90,-1,-1,-1
138,24,944.96,316.85,186.93,442.21,0.88,-1,-1,-1
138,23,521.97,358.19,62.95,158.14,0.88,-1,-1,-1
138,19,1204.84,316.51,106.84,367.02,0.73,-1,-1,-1
138,21,461.79,359.76,98.50,179.60,0.93,-1,-1,-1
138,11,1093.66,298.30,149.08,399.80,0.88,-1,-1,-1
138,31,438.45,381.71,26.46,86.87,0.82,-1,-1,-1
138,32,459.91,377.99,29.12,87.02,0.84,-1,-1,-1
138,33,598.13,381.37,26.79,70.01,0.77,-1,-1,-1
138,28,534.38,355.17,72.01,153.86,0.90,-1,-1,-1
138,34,673.20,389.25,24.30,56.70,0.81,-1,-1,-1
138,35,395.77,381.60,30.15,89.10,0.81,-1,-1,-1
138,29,490.45,380.57,19.89,53.83,0.64,-1,-1,-1
139,2,748.75,227.41,180.23,611.30,0.87,-1,-1,-1
139,4,700.69,367.02,48.22,143.92,0.90,-1,-1,-1
139,24,934.27,315.48,203.00,449.48,0.89,-1,-1,-1
139,23,517.98,357.43,55.45,159.36,0.79,-1,-1,-1
139,19,1208.63,313.97,105.84,376.36,0.69,-1,-1,-1
139,21,471.77,358.22,89.00,180.25,0.92,-1,-1,-1
139,11,1099.05,295.10,153.85,404.41,0.85,-1,-1,-1
139,31,439.74,381.30,26.07,87.12,0.81,-1,-1,-1
139,32,459.41,376.81,32.23,87.66,0.83,-1,-1,-1
139,33,597.03,380.75,27.01,70.43,0.81,-1,-1,-1
139,28,533.69,352.81,69.53,155.78,0.88,-1,-1,-1
139,34,672.25,387.00,26.49,58.91,0.74,-1,-1,-1
139,35,394.91,380.44,31.98,88.47,0.80,-1,-1,-1
139,29,491.32,380.27,21.12,54.10,0.60,-1,-1,-1
140,2,750.88,219.30,180.99,620.62,0.86,-1,-1,-1
140,4,700.57,367.00,48.50,143.74,0.90,-1,-1,-1
140,24,918.70,313.47,221.82,446.54,0.87,-1,-1,-1
140,23,512.38,356.80,50.83,161.68,0.72,-1,-1,-1
140,19,1215.81,311.08,103.09,369.03,0.72,-1,-1,-1
140,21,482.20,356.69,77.31,180.88,0.90,-1,-1,-1
140,11,1103.87,291.52,156.79,409.04,0.81,-1,-1,-1
140,31,441.30,380.62,25.16,86.55,0.80,-1,-1,-1
140,32,460.19,377.42,33.93,86.60,0.84,-1,-1,-1
140,33,595.43,380.45,27.08,70.56,0.83,-1,-1,-1
140,28,528.94,353.05,70.26,157.20,0.88,-1,-1,-1
140,34,672.14,384.19,27.58,61.40,0.81,-1,-1,-1
140,35,395.29,380.60,30.64,88.34,0.79,-1,-1,-1
140,29,492.26,379.94,21.41,54.11,0.79,-1,-1,-1
141,2,750.14,215.93,186.00,637.36,0.84,-1,-1,-1
141,4,700.14,367.01,49.15,143.49,0.90,-1,-1,-1
141,24,905.41,312.38,234.43,445.09,0.88,-1,-1,-1
141,19,1221.70,308.53,99.60,355.81,0.60,-1,-1,-1
141,21,490.79,354.00,67.91,183.03,0.89,-1,-1,-1
141,11,1107.78,288.12,160.02,417.10,0.84,-1,-1,-1
141,31,442.37,380.01,26.12,83.99,0.80,-1,-1,-1
141,32,459.88,378.54,36.86,85.41,0.87,-1,-1,-1
141,33,594.83,380.01,26.44,71.23,0.83,-1,-1,-1
141,28,524.57,352.69,71.04,158.88,0.88,-1,-1,-1
141,34,671.28,382.15,26.59,63.60,0.82,-1,-1,-1
141,35,394.77,380.20,31.55,88.07,0.82,-1,-1,-1
141,29,492.86,380.23,21.51,54.74,0.78,-1,-1,-1
142,2,753.14,211.59,191.78,657.85,0.85,-1,-1,-1
142,4,700.67,367.12,48.84,142.67,0.90,-1,-1,-1
142,24,896.12,311.17,240.93,455.84,0.87,-1,-1,-1
142,19,1227.51,307.79,93.58,344.74,0.53,-1,-1,-1
142,21,496.36,352.10,62.96,183.56,0.90,-1,-1,-1
142,11,1114.01,285.87,157.80,421.87,0.68,-1,-1,-1
142,31,443.68,379.49,25.86,85.55,0.83,-1,-1,-1
142,32,459.81,378.80,38.57,84.83,0.88,-1,-1,-1
142,33,594.73,379.67,25.60,71.48,0.83,-1,-1,-1
142,28,521.63,350.46,66.66,162.19,0.85,-1,-1,-1
142,34,672.07,382.49,23.51,62.62,0.77,-1,-1,-1
142,35,395.66,379.55,31.86,89.18,0.81,-1,-1,-1
142,29,494.02,379.86,20.35,55.31,0.77,-1,-1,-1
143,2,754.25,207.90,193.24,666.06,0.85,-1,-1,-1
143,4,700.76,366.51,48.69,142.41,0.89,-1,-1,-1
143,24,890.90,310.14,242.13,461.16,0.87,-1,-1,-1
143,19,1229.38,305.23,92.72,332.28,0.32,-1,-1,-1
143,21,507.57,349.80,54.28,186.20,0.84,-1,-1,-1
143,11,1121.06,283.93,161.43,427.85,0.76,-1,-1,-1
143,31,444.54,378.44,26.38,86.90,0.83,-1,-1,-1
143,32,459.73,378.94,39.92,85.12,0.88,-1,-1,-1
143,33,593.99,379.33,25.91,71.60,0.83,-1,-1,-1
143,28,523.00,359.26,56.98,151.70,0.63,-1,-1,-1
143,34,671.56,383.63,22.51,60.57,0.77,-1,-1,-1
143,35,392.40,382.34,33.25,86.48,0.76,-1,-1,-1
143,29,493.95,379.16,21.76,56.47,0.75,-1,-1,-1
144,2,753.54,201.46,200.60,687.71,0.84,-1,-1,-1
144,4,700.54,365.92,49.20,142.30,0.88,-1,-1,-1
144,24,890.88,309.02,236.45,476.42,0.87,-1,-1,-1
144,21,489.58,350.73,71.29,178.20,0.87,-1,-1,-1
144,11,1127.73,281.80,161.47,439.39,0.72,-1,-1,-1
144,31,446.55,378.24,26.11,84.99,0.83,-1,-1,-1
144,32,460.07,379.33,40.66,84.46,0.87,-1,-1,-1
144,33,593.20,379.42,25.39,70.72,0.79,-1,-1,-1
144,28,518.49,353.79,50.09,175.27,0.85,-1,-1,-1
144,34,669.45,385.25,22.24,59.48,0.79,-1,-1,-1
144,35,392.15,381.37,35.26,86.96,0.64,-1,-1,-1
144,29,495.18,378.94,20.46,56.31,0.73,-1,-1,-1
145,2,751.62,193.86,211.40,710.61,0.82,-1,-1,-1
145,4,700.95,366.11,48.84,140.55,0.88,-1,-1,-1
145,24,895.11,309.57,224.70,477.30,0.88,-1,-1,-1
145,21,477.16,351.73,80.83,175.66,0.88,-1,-1,-1
145,11,1133.99,280.29,154.46,441.70,0.70,-1,-1,-1
145,31,447.84,377.96,27.87,86.65,0.86,-1,-1,-1
145,32,466.11,379.53,31.83,75.68,0.72,-1,-1,-1
145,33,593.19,379.62,24.61,71.26,0.82,-1,-1,-1
145,28,517.11,352.57,59.54,183.56,0.92,-1,-1,-1
145,34,666.13,384.85,24.79,60.34,0.80,-1,-1,-1
145,35,394.65,381.43,34.20,86.80,0.72,-1,-1,-1
145,29,495.59,379.21,19.35,55.92,0.21,-1,-1,-1
146,2,750.52,187.88,223.03,730.06,0.80,-1,-1,-1
146,4,701.30,366.30,49.30,139.20,0.88,-1,-1,-1
146,24,896.14,308.30,221.20,477.88,0.85,-1,-1,-1
146,21,466.50,352.21,90.03,174.96,0.90,-1,-1,-1
146,11,1138.35,280.32,157.63,444.91,0.59,-1,-1,-1
146,31,448.25,377.96,29.54,87.74,0.86,-1,-1,-1
146,32,469.39,379.53,29.15,76.82,0.71,-1,-1,-1
146,33,592.15,379.35,26.80,72.40,0.80,-1,-1,-1
146,28,516.94,353.59,71.05,185.34,0.94,-1,-1,-1
146,34,663.40,386.37,27.45,58.50,0.27,-1,-1,-1
146,35,396.22,381.99,33.13,86.16,0.61,-1,-1,-1
147,2,752.25,186.03,222.19,749.28,0.77,-1,-1,-1
147,4,701.88,365.75,49.50,139.65,0.90,-1,-1,-1
147,24,896.00,307.79,207.08,478.63,0.84,-1,-1,-1
147,21,459.13,354.34,94.37,174.62,0.92,-1,-1,-1
147,11,1146.06,279.88,154.12,450.38,0.41,-1,-1,-1
147,31,448.44,377.52,33.70,88.33,0.84,-1,-1,-1
147,32,471.44,379.68,27.67,76.32,0.72,-1,-1,-1
147,33,591.33,379.09,28.17,73.14,0.79,-1,-1,-1
147,28,517.85,354.42,82.33,187.29,0.93,-1,-1,-1
147,34,659.62,386.77,30.24,58.14,0.86,-1,-1,-1
147,35,396.69,381.88,34.57,87.82,0.71,-1,-1,-1
148,2,753.10,182.84,236.53,764.79,0.76,-1,-1,-1
148,4,701.73,365.51,49.52,139.41,0.90,-1,-1,-1
148,24,896.01,306.78,191.21,470.90,0.83,-1,-1,-1
148,21,479.70,350.14,73.10,168.81,0.74,-1,-1,-1
148,11,1152.83,279.56,150.09,453.37,0.38,-1,-1,-1
148,31,449.09,377.45,34.26,88.61,0.82,-1,-1,-1
148,32,473.55,379.36,25.88,78.56,0.70,-1,-1,-1
148,33,591.06,379.24,29.26,73.05,0.81,-1,-1,-1
148,28,517.29,355.44,94.64,187.62,0.94,-1,-1,-1
148,34,657.26,387.46,31.87,57.67,0.85,-1,-1,-1
148,35,399.19,381.46,34.75,86.53,0.47,-1,-1,-1
148,23,452.39,354.66,98.39,177.72,0.93,-1,-1,-1
149,2,753.43,186.36,240.74,778.09,0.80,-1,-1,-1
149,4,702.57,365.51,49.52,140.23,0.90,-1,-1,-1
149,24,894.70,306.53,179.51,463.56,0.81,-1,-1,-1
149,21,458.53,353.85,94.24,174.56,0.91,-1,-1,-1
149,11,1159.97,278.40,152.16,463.76,0.27,-1,-1,-1
149,31,451.19,377.83,32.58,86.02,0.82,-1,-1,-1
149,33,591.29,379.39,27.92,73.00,0.78,-1,-1,-1
149,28,516.85,355.63,104.09,189.40,0.93,-1,-1,-1
149,34,655.82,391.47,33.07,53.83,0.57,-1,-1,-1
149,35,400.75,381.38,34.80,87.27,0.49,-1,-1,-1
149,23,464.50,350.38,86.93,171.19,0.75,-1,-1,-1
