0,1,226.35,392.85,55.80,67.50,0.88,-1,-1,-1
0,2,34.65,390.37,53.33,85.73,0.87,-1,-1,-1
0,3,1033.20,389.02,82.80,153.23,0.86,-1,-1,-1
0,4,96.75,377.77,65.92,94.72,0.86,-1,-1,-1
0,5,398.02,370.80,27.00,69.75,0.84,-1,-1,-1
0,6,317.47,365.85,43.65,100.80,0.84,-1,-1,-1
0,7,345.60,372.82,28.80,74.25,0.83,-1,-1,-1
0,8,382.27,376.65,24.30,67.05,0.75,-1,-1,-1
0,9,362.02,375.97,24.30,67.05,0.72,-1,-1,-1
1,1,227.62,393.29,56.61,67.92,0.88,-1,-1,-1
1,2,34.62,390.23,53.64,86.35,0.87,-1,-1,-1
1,3,1036.76,388.48,84.40,155.44,0.85,-1,-1,-1
1,4,95.67,378.02,68.05,94.96,0.86,-1,-1,-1
1,5,398.58,370.45,27.79,70.56,0.85,-1,-1,-1
1,6,318.98,367.45,42.89,96.94,0.76,-1,-1,-1
1,7,346.72,372.67,29.20,73.89,0.83,-1,-1,-1
1,8,383.02,376.30,25.09,67.86,0.77,-1,-1,-1
1,9,362.96,375.63,24.70,67.47,0.73,-1,-1,-1
1,10,1217.70,377.55,37.80,90.45,0.83,-1,-1,-1
2,1,229.51,393.45,55.62,69.04,0.86,-1,-1,-1
2,2,35.15,390.48,53.27,86.62,0.86,-1,-1,-1
2,3,1040.37,389.10,86.08,155.81,0.88,-1,-1,-1
2,4,97.97,378.50,67.43,95.35,0.85,-1,-1,-1
2,5,400.09,370.98,27.94,71.05,0.82,-1,-1,-1
2,6,319.94,367.97,42.77,98.59,0.69,-1,-1,-1
2,7,346.76,373.07,31.02,74.53,0.84,-1,-1,-1
2,8,384.39,376.66,26.27,68.00,0.61,-1,-1,-1
2,9,365.40,377.04,24.43,66.84,0.74,-1,-1,-1
2,10,1222.08,377.95,39.27,91.21,0.82,-1,-1,-1
3,1,229.28,393.39,56.33,69.08,0.87,-1,-1,-1
3,2,35.45,390.08,53.48,87.42,0.86,-1,-1,-1
3,3,1044.14,389.01,87.95,158.01,0.90,-1,-1,-1
3,4,99.36,378.00,67.19,96.36,0.85,-1,-1,-1
3,5,401.87,371.77,25.57,69.85,0.76,-1,-1,-1
3,6,319.62,365.44,43.77,101.42,0.68,-1,-1,-1
3,7,347.02,372.77,31.94,74.76,0.83,-1,-1,-1
3,8,385.77,377.22,25.98,67.36,0.71,-1,-1,-1
3,9,366.78,376.72,23.98,67.34,0.75,-1,-1,-1
3,10,1226.76,378.47,38.18,91.76,0.83,-1,-1,-1
4,1,229.65,393.58,57.32,69.22,0.89,-1,-1,-1
4,2,36.18,390.49,52.82,87.18,0.86,-1,-1,-1
4,3,1050.52,390.17,87.22,157.55,0.85,-1,-1,-1
4,4,98.17,377.72,67.61,97.18,0.88,-1,-1,-1
4,5,404.21,370.71,23.06,70.11,0.43,-1,-1,-1
4,6,319.58,366.94,34.87,98.40,0.38,-1,-1,-1
4,7,345.89,373.37,34.15,73.84,0.82,-1,-1,-1
4,8,386.94,372.59,26.49,72.16,0.60,-1,-1,-1
4,9,368.25,376.47,23.85,67.19,0.69,-1,-1,-1
4,10,1231.42,377.75,37.80,93.14,0.83,-1,-1,-1
5,1,230.94,394.04,56.98,68.91,0.88,-1,-1,-1
5,2,36.48,391.69,53.63,86.72,0.85,-1,-1,-1
5,3,1056.16,391.29,86.85,158.57,0.87,-1,-1,-1
5,4,97.07,378.51,69.14,97.56,0.90,-1,-1,-1
5,5,401.38,371.09,28.22,71.14,0.71,-1,-1,-1
5,6,319.91,368.41,30.63,95.75,0.36,-1,-1,-1
5,7,349.66,374.31,31.18,72.83,0.85,-1,-1,-1
5,8,387.61,369.61,26.96,75.91,0.78,-1,-1,-1
5,9,368.84,376.13,24.13,67.76,0.71,-1,-1,-1
5,10,1235.06,378.60,39.06,92.51,0.84,-1,-1,-1
6,1,232.10,394.66,56.21,69.26,0.87,-1,-1,-1
6,2,36.92,391.91,55.07,87.02,0.85,-1,-1,-1
6,3,1059.12,393.00,89.20,159.52,0.90,-1,-1,-1
6,4,96.90,379.24,69.54,97.82,0.91,-1,-1,-1
6,5,401.75,371.39,27.87,71.82,0.38,-1,-1,-1
6,6,319.25,367.78,40.18,97.57,0.73,-1,-1,-1
6,7,352.05,374.46,29.90,73.13,0.86,-1,-1,-1
6,8,389.30,372.53,27.10,73.58,0.64,-1,-1,-1
6,9,369.88,376.66,24.54,67.95,0.64,-1,-1,-1
6,10,1239.26,379.13,36.88,93.09,0.68,-1,-1,-1
7,1,233.13,394.44,56.24,70.28,0.89,-1,-1,-1
7,2,37.82,392.06,55.37,87.25,0.85,-1,-1,-1
7,3,1063.05,393.86,91.26,160.38,0.90,-1,-1,-1
7,4,98.09,379.88,68.78,97.39,0.91,-1,-1,-1
7,5,402.01,370.24,27.69,72.65,0.65,-1,-1,-1
7,6,319.23,367.26,42.29,98.35,0.72,-1,-1,-1
7,7,354.07,374.51,29.46,73.54,0.87,-1,-1,-1
7,8,390.62,376.84,27.15,69.43,0.63,-1,-1,-1
7,9,371.27,376.22,24.70,69.23,0.74,-1,-1,-1
7,10,1244.28,380.05,36.12,92.44,0.81,-1,-1,-1
8,1,233.91,394.58,55.96,70.36,0.89,-1,-1,-1
8,2,38.24,392.48,55.26,86.89,0.83,-1,-1,-1
8,3,1067.46,394.24,93.22,160.56,0.91,-1,-1,-1
8,4,98.34,380.02,68.92,97.85,0.91,-1,-1,-1
8,5,402.58,370.20,26.08,72.05,0.51,-1,-1,-1
8,6,319.19,366.84,43.77,100.06,0.73,-1,-1,-1
8,7,355.07,374.13,30.25,73.71,0.87,-1,-1,-1
8,8,392.31,377.92,26.85,68.80,0.66,-1,-1,-1
8,9,372.21,376.74,25.07,68.49,0.70,-1,-1,-1
8,10,1248.48,380.48,35.89,92.69,0.86,-1,-1,-1
8,11,627.75,382.27,25.20,62.10,0.72,-1,-1,-1
9,1,235.31,394.39,55.83,70.95,0.91,-1,-1,-1
9,2,39.17,391.92,54.57,87.80,0.83,-1,-1,-1
9,3,1072.36,394.73,93.88,161.76,0.91,-1,-1,-1
9,4,98.87,379.97,69.25,98.13,0.91,-1,-1,-1
9,5,404.99,369.66,24.83,72.70,0.20,-1,-1,-1
9,6,319.25,366.91,45.18,101.71,0.78,-1,-1,-1
9,7,356.05,374.67,30.82,73.14,0.87,-1,-1,-1
9,8,394.14,375.28,27.02,71.63,0.64,-1,-1,-1
9,9,374.06,376.86,24.89,68.48,0.77,-1,-1,-1
9,10,1251.42,380.39,35.82,93.36,0.86,-1,-1,-1
9,11,628.88,382.40,25.22,61.79,0.67,-1,-1,-1
10,1,236.18,394.78,55.49,71.32,0.90,-1,-1,-1
10,2,39.52,391.89,54.54,87.98,0.84,-1,-1,-1
10,3,1077.06,395.17,94.10,162.79,0.91,-1,-1,-1
10,4,99.42,380.27,69.22,97.92,0.90,-1,-1,-1
10,5,404.37,370.38,24.09,71.72,0.27,-1,-1,-1
10,6,319.20,367.11,46.00,101.27,0.82,-1,-1,-1
10,7,357.21,374.72,30.74,72.94,0.88,-1,-1,-1
10,8,395.32,374.04,27.38,73.25,0.56,-1,-1,-1
10,9,375.71,377.07,24.52,68.48,0.69,-1,-1,-1
10,10,1255.43,380.64,34.58,93.30,0.84,-1,-1,-1
10,11,629.84,382.62,23.84,59.65,0.44,-1,-1,-1
11,1,236.90,394.50,55.67,71.42,0.89,-1,-1,-1
11,2,39.60,391.30,55.67,88.77,0.82,-1,-1,-1
11,3,1082.78,395.30,94.12,163.25,0.93,-1,-1,-1
11,4,100.08,380.11,68.73,97.95,0.90,-1,-1,-1
11,6,319.59,366.91,45.97,101.21,0.83,-1,-1,-1
11,7,358.45,374.92,31.00,72.55,0.89,-1,-1,-1
11,8,396.85,373.15,27.81,73.53,0.73,-1,-1,-1
11,9,376.06,377.31,25.29,68.45,0.72,-1,-1,-1
11,10,1260.31,380.86,32.90,92.03,0.51,-1,-1,-1
11,11,630.28,381.99,24.09,61.77,0.52,-1,-1,-1
12,1,237.35,394.63,56.04,71.15,0.89,-1,-1,-1
12,2,39.70,390.88,55.68,89.52,0.83,-1,-1,-1
12,3,1087.76,394.77,95.30,164.45,0.92,-1,-1,-1
12,4,100.60,379.99,68.40,97.96,0.90,-1,-1,-1
12,6,319.67,366.93,46.53,99.22,0.84,-1,-1,-1
12,7,359.10,375.07,31.09,72.42,0.88,-1,-1,-1
12,8,398.20,372.31,27.67,74.21,0.72,-1,-1,-1
12,9,377.13,377.04,25.28,68.74,0.73,-1,-1,-1
12,10,1265.64,379.91,32.34,93.08,0.32,-1,-1,-1
12,11,629.98,381.90,25.55,62.43,0.74,-1,-1,-1
13,1,237.63,394.83,56.79,71.49,0.89,-1,-1,-1
13,2,39.84,390.41,53.97,89.49,0.84,-1,-1,-1
13,3,1093.04,394.58,95.70,166.07,0.90,-1,-1,-1
13,4,101.03,379.18,68.54,98.41,0.89,-1,-1,-1
13,6,319.54,366.94,46.70,99.98,0.74,-1,-1,-1
13,7,360.19,374.82,31.12,72.98,0.88,-1,-1,-1
13,8,399.25,371.57,28.20,74.75,0.70,-1,-1,-1
13,9,377.62,377.09,26.16,68.85,0.70,-1,-1,-1
13,11,630.47,381.73,24.75,61.34,0.23,-1,-1,-1
14,1,238.18,394.63,56.77,71.62,0.90,-1,-1,-1
14,2,39.19,390.42,54.45,89.03,0.81,-1,-1,-1
14,3,1096.71,394.84,98.22,166.69,0.91,-1,-1,-1
14,4,101.00,378.90,68.79,98.59,0.89,-1,-1,-1
14,6,319.98,368.02,46.45,99.22,0.82,-1,-1,-1
14,7,360.77,374.30,31.13,73.21,0.88,-1,-1,-1
14,8,399.97,374.17,28.40,71.96,0.72,-1,-1,-1
14,9,379.02,377.28,25.90,68.00,0.69,-1,-1,-1
14,11,631.54,381.70,25.09,59.98,0.57,-1,-1,-1
15,1,238.88,394.22,56.77,71.94,0.90,-1,-1,-1
15,2,39.04,389.52,54.04,89.73,0.83,-1,-1,-1
15,3,1101.43,394.02,100.33,167.29,0.90,-1,-1,-1
15,4,101.22,378.48,68.88,98.62,0.90,-1,-1,-1
15,6,319.91,368.10,46.93,99.81,0.82,-1,-1,-1
15,7,361.74,373.91,31.73,73.58,0.88,-1,-1,-1
15,8,401.12,375.76,27.87,70.24,0.73,-1,-1,-1
15,9,381.94,377.01,24.31,67.96,0.74,-1,-1,-1
15,11,630.65,381.78,27.07,62.35,0.79,-1,-1,-1
15,12,672.30,370.35,26.10,77.85,0.78,-1,-1,-1
16,1,239.12,393.20,56.77,72.38,0.89,-1,-1,-1
16,2,38.35,389.19,54.18,90.02,0.82,-1,-1,-1
16,3,1107.92,392.82,99.93,168.89,0.93,-1,-1,-1
16,4,100.98,377.89,69.18,99.12,0.89,-1,-1,-1
16,6,320.20,367.86,45.90,98.57,0.80,-1,-1,-1
16,7,361.96,373.20,32.25,74.05,0.87,-1,-1,-1
16,8,401.87,376.85,28.56,68.71,0.53,-1,-1,-1
16,9,382.14,376.35,24.60,68.27,0.69,-1,-1,-1
16,11,629.99,380.96,30.76,67.17,0.73,-1,-1,-1
16,12,673.41,369.76,26.13,76.48,0.73,-1,-1,-1
17,1,239.38,393.16,56.72,72.18,0.89,-1,-1,-1
17,2,38.18,389.42,54.42,89.75,0.82,-1,-1,-1
17,3,1112.67,391.79,100.83,169.92,0.89,-1,-1,-1
17,4,100.93,377.58,69.42,99.36,0.89,-1,-1,-1
17,6,320.60,367.38,46.04,98.47,0.79,-1,-1,-1
17,7,363.44,373.15,31.82,73.86,0.88,-1,-1,-1
17,8,402.61,378.37,29.67,66.88,0.61,-1,-1,-1
17,9,383.15,376.16,24.09,68.03,0.70,-1,-1,-1
17,11,629.59,380.85,32.14,69.77,0.79,-1,-1,-1
17,12,673.57,369.14,26.83,74.44,0.64,-1,-1,-1
18,1,239.30,393.23,57.34,71.83,0.89,-1,-1,-1
18,2,37.63,389.15,54.77,90.13,0.81,-1,-1,-1
18,3,1118.98,391.57,101.21,170.81,0.87,-1,-1,-1
18,4,100.71,377.69,69.59,99.65,0.90,-1,-1,-1
18,6,320.80,369.05,46.70,99.10,0.81,-1,-1,-1
18,7,364.34,373.34,31.97,73.54,0.88,-1,-1,-1
18,8,403.70,378.37,28.36,66.55,0.51,-1,-1,-1
18,9,385.08,374.35,23.92,69.78,0.57,-1,-1,-1
18,11,630.54,380.55,32.11,70.19,0.78,-1,-1,-1
18,12,674.34,369.14,27.06,75.20,0.60,-1,-1,-1
19,1,239.18,393.73,57.87,71.26,0.90,-1,-1,-1
19,2,36.42,389.07,55.20,89.99,0.73,-1,-1,-1
19,3,1142.45,391.71,84.73,171.88,0.87,-1,-1,-1
19,4,100.12,377.45,69.77,98.87,0.89,-1,-1,-1
19,6,320.07,369.55,47.54,98.60,0.83,-1,-1,-1
19,7,365.19,373.74,31.43,73.12,0.89,-1,-1,-1
19,8,404.62,378.53,27.21,66.46,0.66,-1,-1,-1
19,9,385.71,374.30,23.86,70.14,0.69,-1,-1,-1
19,11,633.09,380.48,29.11,67.04,0.13,-1,-1,-1
19,12,673.03,367.48,28.45,75.82,0.41,-1,-1,-1
19,13,1188.90,375.52,37.80,90.67,0.77,-1,-1,-1
20,1,239.39,394.19,58.07,71.21,0.90,-1,-1,-1
20,2,34.70,389.29,55.38,90.69,0.74,-1,-1,-1
20,3,1154.61,391.42,79.27,174.08,0.87,-1,-1,-1
20,4,99.40,377.77,69.83,96.80,0.87,-1,-1,-1
20,6,319.33,369.11,48.13,99.49,0.85,-1,-1,-1
20,7,365.46,374.03,31.21,73.28,0.89,-1,-1,-1
20,8,405.37,378.88,26.16,66.76,0.65,-1,-1,-1
20,9,386.04,374.43,24.13,70.88,0.76,-1,-1,-1
20,11,634.14,379.57,26.61,66.67,0.30,-1,-1,-1
20,12,672.91,366.94,29.53,76.04,0.58,-1,-1,-1
20,13,1194.12,376.33,36.41,94.01,0.80,-1,-1,-1
21,1,239.73,394.35,57.82,71.95,0.88,-1,-1,-1
21,2,34.18,389.91,55.87,91.42,0.75,-1,-1,-1
21,3,1163.48,393.30,77.47,175.95,0.86,-1,-1,-1
21,4,98.58,378.44,69.83,97.69,0.90,-1,-1,-1
21,6,319.33,368.94,48.31,101.77,0.85,-1,-1,-1
21,7,366.28,374.15,30.81,73.66,0.89,-1,-1,-1
21,8,406.06,378.56,25.77,67.49,0.77,-1,-1,-1
21,9,386.71,375.10,23.92,70.87,0.79,-1,-1,-1
21,11,636.36,380.66,23.81,63.23,0.11,-1,-1,-1
21,12,673.78,368.56,29.26,76.75,0.53,-1,-1,-1
21,13,1195.99,376.25,38.94,97.25,0.80,-1,-1,-1
22,1,239.95,394.63,58.32,71.93,0.89,-1,-1,-1
22,2,34.52,390.23,55.59,91.83,0.81,-1,-1,-1
22,3,1168.24,393.60,79.40,178.10,0.87,-1,-1,-1
22,4,98.57,379.37,69.86,97.87,0.89,-1,-1,-1
22,6,319.29,369.09,48.37,102.63,0.85,-1,-1,-1
22,7,367.10,374.26,30.96,74.10,0.89,-1,-1,-1
22,8,406.52,378.80,26.24,68.08,0.74,-1,-1,-1
22,9,387.78,375.28,23.85,71.15,0.81,-1,-1,-1
22,11,637.53,381.58,23.44,61.89,0.11,-1,-1,-1
22,12,675.11,370.93,29.12,75.12,0.76,-1,-1,-1
22,13,1199.02,376.87,38.40,97.13,0.75,-1,-1,-1
23,1,240.21,394.78,58.51,72.02,0.88,-1,-1,-1
23,2,34.06,390.76,57.00,91.77,0.75,-1,-1,-1
23,3,1176.30,394.81,80.15,178.79,0.86,-1,-1,-1
23,4,98.51,379.52,70.47,98.33,0.89,-1,-1,-1
23,6,319.75,369.62,48.09,101.71,0.85,-1,-1,-1
23,7,368.12,374.32,31.03,74.22,0.89,-1,-1,-1
23,8,407.09,375.59,26.73,71.86,0.71,-1,-1,-1
23,9,389.33,375.66,22.93,71.21,0.78,-1,-1,-1
23,12,676.54,372.21,29.05,73.23,0.77,-1,-1,-1
23,13,1203.02,376.94,40.81,92.39,0.56,-1,-1,-1
24,1,240.72,394.84,59.17,72.66,0.89,-1,-1,-1
24,2,32.45,390.65,59.28,92.66,0.74,-1,-1,-1
24,3,1180.32,395.95,82.89,180.23,0.84,-1,-1,-1
24,4,99.00,379.86,70.22,99.72,0.90,-1,-1,-1
24,6,320.36,369.68,47.97,102.41,0.84,-1,-1,-1
24,7,369.37,374.20,31.36,74.89,0.88,-1,-1,-1
24,8,408.17,374.72,27.21,72.70,0.70,-1,-1,-1
24,9,389.70,375.83,23.51,71.54,0.79,-1,-1,-1
24,12,678.92,373.01,27.79,71.95,0.78,-1,-1,-1
24,13,1208.19,377.57,40.32,89.27,0.67,-1,-1,-1
25,1,241.53,395.50,58.22,72.59,0.87,-1,-1,-1
25,2,32.58,391.38,59.46,93.11,0.62,-1,-1,-1
25,3,1188.61,396.89,81.52,182.33,0.86,-1,-1,-1
25,4,98.92,380.32,71.11,100.23,0.88,-1,-1,-1
25,6,320.17,369.59,48.19,104.88,0.83,-1,-1,-1
25,7,370.71,374.50,31.17,75.41,0.87,-1,-1,-1
25,8,409.29,371.92,27.68,75.65,0.74,-1,-1,-1
25,9,389.53,376.08,24.60,71.64,0.76,-1,-1,-1
25,12,679.71,372.56,29.14,73.98,0.71,-1,-1,-1
25,13,1213.51,378.33,40.04,94.65,0.68,-1,-1,-1
26,1,242.17,396.79,59.94,71.52,0.88,-1,-1,-1
26,2,25.73,391.06,65.08,93.87,0.72,-1,-1,-1
26,3,1176.33,397.68,101.60,184.13,0.87,-1,-1,-1
26,4,99.50,381.23,70.88,100.26,0.90,-1,-1,-1
26,6,320.89,369.12,47.97,107.13,0.83,-1,-1,-1
26,7,371.98,375.21,31.10,75.61,0.88,-1,-1,-1
26,8,410.64,374.23,28.16,73.84,0.63,-1,-1,-1
26,9,391.70,376.93,24.13,71.37,0.57,-1,-1,-1
26,12,681.54,373.00,27.83,74.11,0.45,-1,-1,-1
26,13,1219.05,380.45,41.16,81.96,0.19,-1,-1,-1
27,1,242.68,397.35,59.10,71.24,0.85,-1,-1,-1
27,2,30.91,392.52,60.28,92.79,0.59,-1,-1,-1
27,3,1188.34,398.40,98.64,185.91,0.78,-1,-1,-1
27,4,100.61,381.66,70.49,101.00,0.91,-1,-1,-1
27,6,321.59,369.74,47.88,106.19,0.83,-1,-1,-1
27,7,373.45,375.55,31.08,75.67,0.88,-1,-1,-1
27,8,413.45,377.77,26.56,70.09,0.71,-1,-1,-1
27,9,394.12,377.61,23.95,70.66,0.63,-1,-1,-1
27,12,683.66,372.73,27.91,74.77,0.78,-1,-1,-1
27,11,640.97,383.41,27.60,65.49,0.66,-1,-1,-1
28,1,243.77,397.68,60.28,72.19,0.87,-1,-1,-1
28,2,25.99,392.36,64.88,93.12,0.66,-1,-1,-1
28,3,1203.35,398.89,99.52,186.70,0.80,-1,-1,-1
28,4,101.62,381.69,70.52,101.12,0.92,-1,-1,-1
28,6,322.62,370.24,47.27,105.20,0.83,-1,-1,-1
28,7,375.04,375.92,31.39,75.39,0.89,-1,-1,-1
28,8,414.67,378.46,26.87,69.56,0.60,-1,-1,-1
28,9,396.67,377.67,23.00,70.38,0.73,-1,-1,-1
28,12,685.99,374.02,27.96,73.21,0.82,-1,-1,-1
28,11,642.75,383.10,26.25,65.50,0.66,-1,-1,-1
29,1,245.40,397.75,60.68,72.08,0.88,-1,-1,-1
29,2,33.44,392.36,60.91,92.90,0.66,-1,-1,-1
29,3,1209.94,398.71,104.43,187.49,0.54,-1,-1,-1
29,4,102.84,381.47,70.94,101.42,0.91,-1,-1,-1
29,6,323.77,369.95,47.30,105.98,0.82,-1,-1,-1
29,7,376.50,375.74,31.78,75.56,0.88,-1,-1,-1
29,8,416.57,378.70,27.25,69.35,0.56,-1,-1,-1
29,9,397.40,376.91,23.54,71.16,0.64,-1,-1,-1
29,12,687.45,372.57,28.55,74.13,0.79,-1,-1,-1
29,11,643.75,382.41,26.88,65.49,0.63,-1,-1,-1
30,1,247.14,397.50,61.43,72.03,0.89,-1,-1,-1
30,2,30.58,392.25,64.57,92.97,0.64,-1,-1,-1
30,3,1224.47,398.29,99.36,188.91,0.71,-1,-1,-1
30,4,103.71,381.56,71.36,100.49,0.90,-1,-1,-1
30,6,324.60,368.97,48.21,108.34,0.82,-1,-1,-1
30,7,378.45,375.24,31.63,76.21,0.88,-1,-1,-1
30,8,418.10,377.29,28.00,71.09,0.63,-1,-1,-1
30,9,399.70,376.65,23.44,71.15,0.70,-1,-1,-1
30,12,689.42,372.47,27.58,73.57,0.79,-1,-1,-1
30,11,645.57,382.45,25.93,63.98,0.61,-1,-1,-1
31,1,248.65,397.12,61.15,72.94,0.87,-1,-1,-1
31,2,35.33,392.70,61.63,92.58,0.67,-1,-1,-1
31,3,1220.74,396.67,100.84,186.99,0.13,-1,-1,-1
31,4,104.61,381.33,71.64,100.47,0.90,-1,-1,-1
31,6,325.23,369.04,48.89,108.53,0.69,-1,-1,-1
31,7,380.25,374.90,31.60,76.50,0.87,-1,-1,-1
31,8,420.05,378.54,27.72,69.68,0.68,-1,-1,-1
31,9,403.28,377.45,23.43,70.29,0.42,-1,-1,-1
31,12,691.39,371.19,27.23,74.30,0.52,-1,-1,-1
31,11,646.88,380.34,25.56,67.03,0.18,-1,-1,-1
32,1,250.28,396.71,60.97,73.09,0.87,-1,-1,-1
32,2,39.02,392.25,59.27,92.51,0.69,-1,-1,-1
32,3,1238.65,394.10,88.27,204.27,0.36,-1,-1,-1
32,4,106.47,381.10,71.62,100.69,0.89,-1,-1,-1
32,6,326.03,368.84,49.37,109.54,0.79,-1,-1,-1
32,7,382.61,374.40,31.54,76.84,0.88,-1,-1,-1
32,8,422.43,378.37,27.56,69.69,0.64,-1,-1,-1
32,9,405.99,377.23,23.39,70.20,0.49,-1,-1,-1
32,12,692.81,373.11,27.66,72.13,0.77,-1,-1,-1
32,11,648.11,381.02,25.38,67.51,0.50,-1,-1,-1
33,1,251.91,396.40,61.48,73.28,0.90,-1,-1,-1
33,2,42.40,391.33,57.39,93.53,0.81,-1,-1,-1
33,3,1225.79,392.67,104.37,195.49,0.25,-1,-1,-1
33,4,107.92,380.41,72.65,101.96,0.90,-1,-1,-1
33,6,326.32,367.59,50.13,103.67,0.67,-1,-1,-1
33,7,384.79,374.37,31.22,76.36,0.88,-1,-1,-1
33,8,424.32,377.85,28.39,69.99,0.63,-1,-1,-1
33,9,408.28,376.10,23.67,71.37,0.45,-1,-1,-1
33,12,693.86,372.95,27.82,72.52,0.65,-1,-1,-1
34,1,253.78,396.08,61.70,73.68,0.90,-1,-1,-1
34,2,44.47,390.51,56.59,94.25,0.83,-1,-1,-1
34,4,109.24,379.66,73.05,101.89,0.90,-1,-1,-1
34,6,326.85,368.09,50.75,101.11,0.80,-1,-1,-1
34,7,386.76,374.12,31.12,76.51,0.88,-1,-1,-1
34,8,426.95,378.76,27.55,68.94,0.65,-1,-1,-1
34,9,410.76,374.55,23.51,72.43,0.37,-1,-1,-1
34,12,694.70,372.31,28.50,73.61,0.79,-1,-1,-1
35,1,255.15,396.07,61.81,74.15,0.88,-1,-1,-1
35,2,44.90,390.46,55.85,94.40,0.77,-1,-1,-1
35,4,110.42,379.04,72.99,103.23,0.91,-1,-1,-1
35,6,325.99,365.35,53.36,105.08,0.76,-1,-1,-1
35,7,388.65,374.14,31.40,76.59,0.88,-1,-1,-1
35,8,429.10,378.61,26.62,69.17,0.70,-1,-1,-1
35,9,411.78,375.40,24.35,71.68,0.64,-1,-1,-1
35,12,696.60,372.17,28.17,74.05,0.74,-1,-1,-1
36,1,257.06,396.08,61.50,74.00,0.89,-1,-1,-1
36,2,46.95,390.74,54.35,94.41,0.81,-1,-1,-1
36,4,111.80,378.81,73.32,103.38,0.90,-1,-1,-1
36,6,326.30,363.21,54.59,109.14,0.82,-1,-1,-1
36,7,390.38,374.34,31.48,76.88,0.87,-1,-1,-1
36,8,430.89,378.59,26.55,69.53,0.47,-1,-1,-1
36,9,411.54,375.02,25.53,72.24,0.70,-1,-1,-1
36,12,697.86,373.09,28.62,74.19,0.75,-1,-1,-1
37,1,258.43,396.39,60.17,73.33,0.85,-1,-1,-1
37,2,48.26,390.38,54.80,94.85,0.80,-1,-1,-1
37,4,113.17,378.58,73.09,103.88,0.91,-1,-1,-1
37,6,326.21,362.58,54.75,112.30,0.81,-1,-1,-1
37,7,392.86,374.44,31.50,76.68,0.88,-1,-1,-1
37,8,431.75,379.20,28.03,69.38,0.60,-1,-1,-1
37,9,413.26,375.37,25.09,72.15,0.62,-1,-1,-1
37,12,698.54,372.28,29.37,76.34,0.79,-1,-1,-1
37,14,194.85,375.07,34.43,96.52,0.71,-1,-1,-1
37,11,655.41,382.84,26.12,68.90,0.77,-1,-1,-1
38,1,259.96,395.97,59.68,73.86,0.85,-1,-1,-1
38,2,49.39,391.06,53.79,94.16,0.82,-1,-1,-1
38,4,115.06,378.70,72.31,104.10,0.90,-1,-1,-1
38,6,326.19,361.96,55.09,113.55,0.84,-1,-1,-1
38,7,394.39,373.93,31.52,77.23,0.88,-1,-1,-1
38,8,433.88,378.74,27.55,69.34,0.57,-1,-1,-1
38,9,415.55,375.42,25.52,71.83,0.65,-1,-1,-1
38,12,700.56,372.79,28.48,76.87,0.84,-1,-1,-1
38,14,197.02,375.37,32.86,95.74,0.67,-1,-1,-1
38,11,654.85,382.81,28.03,70.85,0.67,-1,-1,-1
39,1,261.04,395.95,60.98,74.66,0.89,-1,-1,-1
39,2,47.91,390.95,56.82,94.64,0.72,-1,-1,-1
39,4,116.31,378.85,71.98,105.08,0.90,-1,-1,-1
39,6,326.29,362.64,55.47,114.44,0.87,-1,-1,-1
39,7,396.35,374.21,31.20,77.14,0.88,-1,-1,-1
39,8,435.32,378.58,28.09,69.93,0.64,-1,-1,-1
39,9,416.91,376.06,24.76,71.41,0.64,-1,-1,-1
39,12,701.51,373.22,29.31,77.07,0.79,-1,-1,-1
39,14,199.63,375.35,31.84,95.79,0.50,-1,-1,-1
39,11,657.29,383.33,28.65,69.14,0.60,-1,-1,-1
40,1,262.61,397.01,60.25,74.91,0.88,-1,-1,-1
40,2,49.75,390.96,55.22,96.41,0.83,-1,-1,-1
40,4,117.57,380.00,72.58,105.08,0.91,-1,-1,-1
40,6,325.12,363.11,56.76,116.17,0.84,-1,-1,-1
40,7,398.03,375.09,31.38,76.76,0.89,-1,-1,-1
40,8,437.68,373.61,28.43,75.80,0.72,-1,-1,-1
40,9,418.05,376.91,25.97,71.22,0.74,-1,-1,-1
40,12,702.24,374.56,29.60,74.71,0.83,-1,-1,-1
40,14,201.35,376.07,31.85,93.60,0.41,-1,-1,-1
40,11,657.75,383.65,27.70,70.83,0.70,-1,-1,-1
41,1,264.22,397.75,59.99,75.19,0.90,-1,-1,-1
41,2,51.27,392.02,53.88,96.82,0.74,-1,-1,-1
41,4,117.80,380.91,72.83,104.82,0.90,-1,-1,-1
41,6,321.76,363.48,60.19,117.45,0.90,-1,-1,-1
41,7,400.01,374.71,31.45,77.55,0.90,-1,-1,-1
41,8,439.50,377.91,28.12,71.92,0.76,-1,-1,-1
41,9,419.54,376.83,25.53,71.78,0.75,-1,-1,-1
41,12,701.34,374.82,32.09,76.25,0.81,-1,-1,-1
41,14,203.36,376.50,30.16,95.34,0.48,-1,-1,-1
41,11,660.00,383.69,26.11,70.00,0.51,-1,-1,-1
42,1,264.96,397.99,60.49,74.80,0.88,-1,-1,-1
42,2,51.76,392.15,53.92,97.36,0.73,-1,-1,-1
42,4,118.38,381.11,73.06,105.25,0.89,-1,-1,-1
42,6,322.08,364.78,59.46,116.51,0.89,-1,-1,-1
42,7,401.72,375.11,30.89,77.21,0.90,-1,-1,-1
42,8,441.73,376.92,27.55,73.26,0.67,-1,-1,-1
42,9,420.62,376.44,25.65,72.55,0.77,-1,-1,-1
42,12,702.58,375.09,32.45,76.48,0.73,-1,-1,-1
42,14,204.62,376.16,29.30,95.23,0.38,-1,-1,-1
42,11,660.99,383.13,27.34,71.12,0.55,-1,-1,-1
43,1,266.01,398.63,60.34,73.11,0.86,-1,-1,-1
43,2,52.58,392.45,53.47,97.49,0.75,-1,-1,-1
43,4,118.94,381.59,74.01,105.49,0.89,-1,-1,-1
43,6,323.16,365.57,57.60,116.04,0.90,-1,-1,-1
43,7,403.05,375.53,31.26,77.04,0.89,-1,-1,-1
43,8,442.93,377.41,27.77,73.11,0.66,-1,-1,-1
43,9,422.75,376.26,25.08,72.80,0.71,-1,-1,-1
43,12,704.05,375.46,32.55,77.12,0.81,-1,-1,-1
43,14,206.26,376.33,29.46,97.07,0.40,-1,-1,-1
43,11,661.49,383.33,28.34,70.90,0.65,-1,-1,-1
44,1,267.22,399.37,60.61,72.04,0.86,-1,-1,-1
44,2,53.51,393.80,52.56,96.97,0.77,-1,-1,-1
44,4,119.55,381.96,74.68,106.36,0.88,-1,-1,-1
44,6,325.23,366.21,54.48,115.87,0.88,-1,-1,-1
44,7,403.94,376.03,31.71,77.29,0.90,-1,-1,-1
44,8,444.24,376.61,28.46,74.56,0.69,-1,-1,-1
44,9,423.36,376.69,25.47,73.21,0.70,-1,-1,-1
44,12,702.94,375.49,34.94,77.38,0.81,-1,-1,-1
44,14,206.93,376.59,29.63,97.58,0.52,-1,-1,-1
44,11,662.62,383.75,26.97,72.02,0.64,-1,-1,-1
45,1,267.50,399.94,61.65,72.29,0.87,-1,-1,-1
45,2,52.94,393.57,52.59,97.87,0.78,-1,-1,-1
45,4,119.29,382.25,74.83,106.89,0.90,-1,-1,-1
45,6,323.05,367.47,56.36,115.41,0.90,-1,-1,-1
45,7,404.93,375.60,31.60,78.04,0.89,-1,-1,-1
45,8,445.41,377.77,28.44,73.66,0.67,-1,-1,-1
45,9,423.97,377.12,26.23,73.11,0.61,-1,-1,-1
45,12,705.69,375.75,34.14,76.62,0.84,-1,-1,-1
45,14,207.82,376.36,30.28,98.43,0.30,-1,-1,-1
45,11,663.92,384.47,26.43,71.29,0.69,-1,-1,-1
45,15,883.80,351.90,46.80,142.65,0.75,-1,-1,-1
46,1,268.45,399.99,61.67,72.91,0.88,-1,-1,-1
46,2,53.70,393.47,52.71,97.93,0.78,-1,-1,-1
46,4,119.78,382.36,75.69,106.80,0.90,-1,-1,-1
46,6,323.07,367.53,56.08,115.38,0.88,-1,-1,-1
46,7,406.42,375.00,31.83,78.52,0.89,-1,-1,-1
46,8,446.61,378.54,28.69,72.61,0.75,-1,-1,-1
46,9,425.73,376.71,25.89,73.28,0.77,-1,-1,-1
46,12,707.57,373.61,34.32,79.24,0.78,-1,-1,-1
46,14,209.48,376.15,31.11,98.92,0.29,-1,-1,-1
46,11,664.93,384.15,26.20,71.81,0.71,-1,-1,-1
46,15,884.82,352.99,45.05,138.79,0.76,-1,-1,-1
47,1,269.55,400.11,61.67,73.30,0.87,-1,-1,-1
47,2,54.38,392.65,53.17,98.69,0.82,-1,-1,-1
47,4,120.26,382.36,75.56,106.76,0.90,-1,-1,-1
47,6,322.68,366.17,56.86,117.29,0.90,-1,-1,-1
47,7,407.71,374.73,31.91,78.70,0.89,-1,-1,-1
47,8,447.95,377.89,28.64,73.41,0.71,-1,-1,-1
47,9,426.55,376.66,26.06,73.04,0.65,-1,-1,-1
47,12,708.75,374.68,33.79,77.84,0.83,-1,-1,-1
47,14,211.06,376.04,30.74,98.78,0.47,-1,-1,-1
47,11,665.18,383.98,28.53,72.00,0.76,-1,-1,-1
47,15,884.68,351.93,47.88,145.59,0.75,-1,-1,-1
48,1,270.24,399.93,62.02,73.78,0.88,-1,-1,-1
48,2,54.54,393.21,53.36,98.28,0.84,-1,-1,-1
48,4,120.94,382.16,75.12,107.08,0.90,-1,-1,-1
48,6,324.22,367.94,55.12,115.83,0.88,-1,-1,-1
48,7,408.69,374.98,31.98,78.50,0.89,-1,-1,-1
48,8,449.12,378.88,28.80,72.55,0.71,-1,-1,-1
48,9,427.51,376.84,26.44,73.29,0.72,-1,-1,-1
48,12,709.90,374.80,33.01,78.51,0.83,-1,-1,-1
48,14,211.11,375.62,31.10,99.22,0.27,-1,-1,-1
48,11,666.81,384.22,28.24,71.20,0.62,-1,-1,-1
48,15,883.50,351.19,49.85,144.75,0.69,-1,-1,-1
49,1,270.49,399.42,60.67,74.11,0.87,-1,-1,-1
49,2,54.11,392.84,53.92,98.41,0.85,-1,-1,-1
49,4,120.21,381.50,75.85,107.80,0.89,-1,-1,-1
49,6,324.26,366.67,53.54,116.60,0.86,-1,-1,-1
49,7,409.49,374.03,32.31,79.63,0.90,-1,-1,-1
49,8,450.15,377.46,29.01,73.72,0.74,-1,-1,-1
49,9,428.17,376.16,26.89,74.28,0.78,-1,-1,-1
49,12,710.82,374.38,30.32,79.95,0.79,-1,-1,-1
49,14,211.40,375.18,31.54,99.68,0.34,-1,-1,-1
49,11,667.65,384.44,27.52,69.39,0.62,-1,-1,-1
49,15,885.88,350.65,46.80,144.83,0.70,-1,-1,-1
50,1,270.00,398.37,61.35,75.60,0.89,-1,-1,-1
50,2,53.34,392.13,54.23,98.92,0.83,-1,-1,-1
50,4,119.13,380.68,76.71,108.82,0.88,-1,-1,-1
50,6,323.76,365.65,52.94,117.94,0.89,-1,-1,-1
50,7,409.67,373.29,32.72,80.35,0.89,-1,-1,-1
50,8,450.56,371.63,30.12,79.52,0.76,-1,-1,-1
50,9,428.90,375.82,26.75,74.36,0.74,-1,-1,-1
50,12,711.40,374.01,28.64,79.02,0.56,-1,-1,-1
50,14,211.52,374.16,31.85,100.00,0.13,-1,-1,-1
50,11,669.69,384.77,26.63,69.32,0.71,-1,-1,-1
50,15,887.29,351.28,44.90,139.08,0.74,-1,-1,-1
51,1,270.04,397.88,61.31,76.28,0.89,-1,-1,-1
51,2,53.11,391.80,53.66,98.93,0.83,-1,-1,-1
51,4,118.31,380.01,78.22,109.32,0.87,-1,-1,-1
51,6,323.20,364.43,52.73,119.59,0.89,-1,-1,-1
51,7,410.22,372.91,32.88,80.60,0.89,-1,-1,-1
51,8,452.07,369.93,29.81,80.79,0.74,-1,-1,-1
51,9,429.35,375.58,27.29,74.37,0.72,-1,-1,-1
51,12,711.60,373.58,28.68,79.23,0.81,-1,-1,-1
51,14,211.55,373.70,31.90,99.93,0.12,-1,-1,-1
51,11,670.15,384.45,26.90,70.19,0.77,-1,-1,-1
51,15,888.02,350.23,44.60,137.65,0.75,-1,-1,-1
52,1,269.68,397.82,61.30,76.27,0.88,-1,-1,-1
52,2,51.68,391.92,54.21,98.82,0.81,-1,-1,-1
52,4,118.32,379.56,76.29,109.54,0.89,-1,-1,-1
52,6,322.69,365.12,52.07,119.22,0.87,-1,-1,-1
52,7,410.69,372.74,32.94,81.01,0.89,-1,-1,-1
52,8,452.18,370.44,30.28,80.71,0.70,-1,-1,-1
52,9,430.24,375.47,26.90,74.69,0.72,-1,-1,-1
52,12,712.23,372.97,28.10,79.04,0.81,-1,-1,-1
52,14,211.16,373.64,31.62,100.83,0.13,-1,-1,-1
52,11,670.55,384.61,27.01,68.75,0.70,-1,-1,-1
52,15,885.71,349.66,47.69,136.30,0.29,-1,-1,-1
53,1,269.95,397.64,60.89,76.48,0.88,-1,-1,-1
53,2,50.80,391.29,55.13,99.41,0.82,-1,-1,-1
53,4,117.68,378.90,76.28,110.39,0.91,-1,-1,-1
53,6,320.46,364.71,52.32,119.51,0.88,-1,-1,-1
53,7,411.23,372.63,32.59,80.77,0.89,-1,-1,-1
53,8,452.68,371.07,29.93,79.95,0.70,-1,-1,-1
53,9,430.48,375.23,27.58,75.02,0.75,-1,-1,-1
53,12,711.86,373.25,28.44,79.76,0.67,-1,-1,-1
53,11,670.43,384.85,26.98,67.22,0.61,-1,-1,-1
54,1,269.75,397.49,61.14,76.92,0.88,-1,-1,-1
54,2,49.35,391.03,55.82,100.33,0.83,-1,-1,-1
54,4,116.88,378.60,75.95,111.12,0.91,-1,-1,-1
54,6,319.12,364.26,53.43,121.09,0.88,-1,-1,-1
54,7,411.75,372.57,32.82,80.76,0.89,-1,-1,-1
54,8,453.37,372.35,29.41,78.84,0.73,-1,-1,-1
54,9,430.76,374.97,27.89,75.53,0.76,-1,-1,-1
54,12,712.74,372.64,28.03,80.12,0.50,-1,-1,-1
54,11,670.15,384.68,28.23,68.87,0.64,-1,-1,-1
55,1,268.49,397.73,62.08,77.05,0.88,-1,-1,-1
55,2,47.99,391.19,55.26,101.21,0.84,-1,-1,-1
55,4,116.26,378.17,75.45,112.21,0.90,-1,-1,-1
55,6,319.09,366.95,51.40,118.47,0.83,-1,-1,-1
55,7,411.84,372.60,33.16,81.30,0.90,-1,-1,-1
55,8,453.36,369.61,29.78,81.64,0.80,-1,-1,-1
55,9,431.20,375.36,27.07,75.07,0.77,-1,-1,-1
55,12,713.56,372.51,26.64,79.90,0.51,-1,-1,-1
55,11,670.53,384.85,28.66,69.43,0.49,-1,-1,-1
56,1,267.35,398.47,62.76,77.13,0.88,-1,-1,-1
56,2,45.89,391.74,53.87,100.55,0.85,-1,-1,-1
56,4,114.81,377.61,76.53,113.42,0.90,-1,-1,-1
56,6,318.35,366.37,51.26,120.36,0.83,-1,-1,-1
56,7,411.87,373.11,33.30,81.25,0.90,-1,-1,-1
56,8,453.66,368.67,30.81,83.01,0.80,-1,-1,-1
56,9,431.38,375.12,27.06,75.53,0.80,-1,-1,-1
56,12,714.03,373.74,26.14,78.36,0.72,-1,-1,-1
56,11,672.29,384.85,27.06,69.68,0.61,-1,-1,-1
57,1,267.16,398.91,62.66,78.45,0.89,-1,-1,-1
57,2,44.46,392.83,53.89,101.42,0.83,-1,-1,-1
57,4,113.61,377.26,76.98,114.53,0.89,-1,-1,-1
57,6,316.49,366.19,52.68,121.58,0.85,-1,-1,-1
57,7,412.16,373.51,33.32,81.16,0.90,-1,-1,-1
57,8,454.17,368.38,31.76,84.04,0.78,-1,-1,-1
57,9,432.00,375.23,26.73,75.35,0.74,-1,-1,-1
57,12,714.43,375.34,26.57,77.72,0.81,-1,-1,-1
57,11,672.33,384.75,27.61,71.83,0.66,-1,-1,-1
58,1,266.95,399.31,62.09,78.85,0.89,-1,-1,-1
58,2,42.93,393.07,54.05,102.12,0.83,-1,-1,-1
58,4,112.29,376.93,78.28,115.92,0.88,-1,-1,-1
58,6,315.28,366.17,53.27,122.13,0.86,-1,-1,-1
58,7,412.83,373.99,33.07,81.19,0.89,-1,-1,-1
58,8,454.38,368.76,32.89,84.49,0.78,-1,-1,-1
58,9,432.67,376.05,26.64,75.04,0.72,-1,-1,-1
58,12,715.58,375.76,26.77,77.25,0.82,-1,-1,-1
58,11,673.31,384.72,27.84,71.81,0.59,-1,-1,-1
59,1,267.03,399.46,60.85,78.27,0.89,-1,-1,-1
59,2,41.80,393.13,56.56,102.20,0.84,-1,-1,-1
59,4,112.02,376.23,79.81,116.53,0.88,-1,-1,-1
59,6,314.49,364.87,53.70,123.76,0.87,-1,-1,-1
59,7,413.28,373.79,32.90,81.36,0.89,-1,-1,-1
59,8,455.01,368.85,31.94,84.78,0.80,-1,-1,-1
59,9,432.94,376.13,26.85,75.09,0.76,-1,-1,-1
59,12,716.01,375.86,25.59,77.55,0.82,-1,-1,-1
59,11,673.74,384.48,27.87,71.07,0.63,-1,-1,-1
60,1,267.02,399.95,60.14,78.38,0.87,-1,-1,-1
60,2,40.52,393.76,56.41,103.62,0.84,-1,-1,-1
60,4,111.78,377.32,77.63,115.31,0.87,-1,-1,-1
60,6,313.60,366.28,53.61,123.53,0.84,-1,-1,-1
60,7,414.07,374.11,32.57,81.77,0.90,-1,-1,-1
60,8,455.45,369.45,31.12,84.61,0.81,-1,-1,-1
60,9,434.12,376.26,26.35,75.75,0.74,-1,-1,-1
60,12,716.69,375.65,25.81,77.72,0.81,-1,-1,-1
60,11,674.99,384.46,27.31,72.93,0.69,-1,-1,-1
61,1,266.75,400.59,59.83,79.26,0.88,-1,-1,-1
61,2,39.56,394.29,57.43,103.93,0.85,-1,-1,-1
61,4,113.80,378.51,74.14,115.95,0.86,-1,-1,-1
61,6,312.11,365.82,53.52,125.43,0.87,-1,-1,-1
61,7,414.43,374.14,32.11,81.87,0.90,-1,-1,-1
61,8,455.65,369.60,30.93,84.77,0.80,-1,-1,-1
61,9,434.31,376.51,26.44,76.55,0.76,-1,-1,-1
61,12,716.67,375.51,26.48,78.34,0.82,-1,-1,-1
61,11,674.91,384.23,27.07,72.38,0.59,-1,-1,-1
62,1,266.34,401.07,59.83,79.85,0.88,-1,-1,-1
62,2,38.48,394.75,56.80,104.05,0.86,-1,-1,-1
62,4,112.66,378.89,74.34,116.79,0.86,-1,-1,-1
62,6,311.35,366.12,53.59,126.17,0.86,-1,-1,-1
62,7,414.92,374.18,32.00,82.02,0.90,-1,-1,-1
62,8,455.85,370.43,30.92,84.05,0.81,-1,-1,-1
62,9,434.77,376.78,26.53,76.96,0.77,-1,-1,-1
62,12,717.50,375.29,26.19,78.39,0.81,-1,-1,-1
62,11,675.65,384.15,27.64,71.97,0.63,-1,-1,-1
63,1,266.40,401.09,59.45,79.66,0.88,-1,-1,-1
63,2,38.31,394.90,56.09,104.39,0.86,-1,-1,-1
63,4,111.97,378.00,78.68,118.13,0.84,-1,-1,-1
63,6,310.95,366.14,53.54,127.16,0.87,-1,-1,-1
63,7,415.25,374.09,32.52,81.97,0.89,-1,-1,-1
63,8,456.01,370.22,31.31,84.24,0.75,-1,-1,-1
63,9,435.96,377.07,25.77,76.41,0.70,-1,-1,-1
63,12,717.40,375.42,26.04,78.31,0.66,-1,-1,-1
63,11,675.88,384.33,27.21,70.82,0.29,-1,-1,-1
64,1,266.55,400.89,59.01,79.70,0.88,-1,-1,-1
64,2,37.84,394.63,56.19,105.66,0.85,-1,-1,-1
64,4,112.56,378.83,77.77,117.39,0.83,-1,-1,-1
64,6,310.80,366.09,53.22,127.16,0.88,-1,-1,-1
64,7,415.73,373.83,32.42,82.22,0.90,-1,-1,-1
64,8,456.57,370.08,31.31,84.26,0.77,-1,-1,-1
64,9,436.46,376.66,26.10,76.77,0.75,-1,-1,-1
64,12,717.66,375.65,25.40,77.36,0.66,-1,-1,-1
64,11,677.47,384.89,25.84,67.95,0.25,-1,-1,-1
65,1,266.41,400.60,59.44,80.74,0.88,-1,-1,-1
65,2,36.42,393.55,57.72,106.71,0.84,-1,-1,-1
65,4,110.12,378.49,78.90,117.97,0.85,-1,-1,-1
65,6,309.83,364.24,54.28,129.21,0.88,-1,-1,-1
65,7,416.13,373.86,32.67,82.60,0.89,-1,-1,-1
65,8,457.45,369.86,31.44,84.55,0.78,-1,-1,-1
65,9,434.91,375.58,28.15,78.09,0.77,-1,-1,-1
65,12,717.95,374.70,26.37,77.60,0.63,-1,-1,-1
65,11,677.96,384.81,25.32,67.18,0.25,-1,-1,-1
66,1,265.81,400.47,59.06,81.32,0.87,-1,-1,-1
66,2,34.87,393.46,58.84,107.00,0.84,-1,-1,-1
66,4,108.15,378.36,81.13,118.38,0.85,-1,-1,-1
66,6,307.77,362.76,55.62,130.92,0.90,-1,-1,-1
66,7,416.40,373.66,33.09,83.08,0.89,-1,-1,-1
66,8,458.36,368.81,32.11,85.59,0.79,-1,-1,-1
66,9,434.91,374.81,28.65,78.92,0.73,-1,-1,-1
66,12,718.81,374.37,26.76,78.33,0.73,-1,-1,-1
66,11,677.04,384.81,25.17,64.83,0.55,-1,-1,-1
67,1,265.85,399.73,59.20,82.11,0.86,-1,-1,-1
67,2,33.56,392.70,59.40,107.67,0.83,-1,-1,-1
67,4,106.51,377.60,86.84,119.10,0.84,-1,-1,-1
67,6,306.70,362.56,56.10,131.08,0.88,-1,-1,-1
67,7,417.02,373.51,33.54,83.25,0.89,-1,-1,-1
67,8,459.37,366.88,34.72,87.74,0.81,-1,-1,-1
67,9,436.02,374.60,28.97,79.51,0.78,-1,-1,-1
67,12,719.17,374.06,26.29,78.90,0.72,-1,-1,-1
67,11,677.95,384.94,23.89,60.91,0.43,-1,-1,-1
68,1,265.57,399.18,59.26,83.01,0.86,-1,-1,-1
68,2,32.40,392.11,63.80,108.23,0.82,-1,-1,-1
68,4,104.61,377.17,90.25,119.83,0.85,-1,-1,-1
68,6,305.58,360.90,56.56,133.07,0.88,-1,-1,-1
68,7,417.55,373.21,33.69,83.62,0.89,-1,-1,-1
68,8,459.77,367.38,33.23,87.38,0.82,-1,-1,-1
68,9,436.16,374.72,28.93,79.44,0.79,-1,-1,-1
68,12,718.90,373.89,27.92,80.02,0.70,-1,-1,-1
68,11,677.56,384.76,24.66,62.01,0.61,-1,-1,-1
69,1,265.65,398.96,54.82,79.93,0.82,-1,-1,-1
69,2,31.05,391.62,64.24,108.87,0.81,-1,-1,-1
69,4,103.81,376.14,89.42,121.13,0.85,-1,-1,-1
69,6,304.64,359.52,56.75,134.39,0.88,-1,-1,-1
69,7,418.24,373.05,33.77,83.46,0.90,-1,-1,-1
69,8,460.39,367.55,32.76,87.51,0.81,-1,-1,-1
69,9,438.03,374.88,27.73,79.10,0.78,-1,-1,-1
69,12,716.85,372.99,31.46,81.34,0.79,-1,-1,-1
69,11,677.51,384.29,24.95,62.42,0.46,-1,-1,-1
69,16,845.10,366.07,38.70,106.88,0.84,-1,-1,-1
70,1,265.30,398.86,53.42,82.33,0.80,-1,-1,-1
70,2,30.46,391.27,62.45,109.81,0.82,-1,-1,-1
70,4,103.66,375.59,92.39,122.32,0.85,-1,-1,-1
70,6,303.94,358.85,57.40,135.57,0.89,-1,-1,-1
70,7,419.56,372.98,33.19,83.37,0.89,-1,-1,-1
70,8,461.54,367.02,32.57,87.82,0.82,-1,-1,-1
70,9,439.52,374.94,27.41,78.95,0.79,-1,-1,-1
70,12,716.33,372.49,32.79,81.82,0.83,-1,-1,-1
70,11,678.36,384.11,25.06,61.98,0.53,-1,-1,-1
70,16,847.06,366.45,38.74,106.25,0.75,-1,-1,-1
71,1,264.45,398.79,54.81,84.82,0.82,-1,-1,-1
71,2,30.03,391.15,62.63,109.71,0.82,-1,-1,-1
71,4,102.84,375.38,91.63,121.71,0.85,-1,-1,-1
71,6,303.31,358.57,58.55,136.44,0.89,-1,-1,-1
71,7,420.10,372.75,33.58,84.23,0.88,-1,-1,-1
71,8,462.31,367.06,33.11,88.23,0.82,-1,-1,-1
71,9,440.26,375.19,27.45,78.89,0.79,-1,-1,-1
71,12,715.93,372.20,35.06,82.58,0.81,-1,-1,-1
71,11,679.06,384.24,26.32,64.28,0.52,-1,-1,-1
71,16,848.66,365.67,40.85,108.76,0.82,-1,-1,-1
72,1,264.42,399.04,56.81,87.23,0.86,-1,-1,-1
72,2,28.56,391.66,63.93,108.45,0.80,-1,-1,-1
72,4,102.76,376.17,86.37,122.04,0.85,-1,-1,-1
72,6,302.48,357.89,58.66,142.05,0.90,-1,-1,-1
72,7,418.89,372.81,35.20,84.55,0.88,-1,-1,-1
72,8,463.41,367.99,32.70,87.76,0.80,-1,-1,-1
72,9,441.06,375.00,28.06,79.75,0.78,-1,-1,-1
72,12,717.97,372.44,31.94,82.55,0.73,-1,-1,-1
72,11,678.65,383.13,26.19,66.01,0.46,-1,-1,-1
72,16,852.61,364.04,46.31,109.20,0.69,-1,-1,-1
72,17,898.20,393.52,18.00,45.90,0.73,-1,-1,-1
73,1,264.06,399.45,57.31,87.63,0.86,-1,-1,-1
73,2,27.21,392.00,65.92,107.90,0.81,-1,-1,-1
73,4,101.41,375.86,87.24,123.15,0.85,-1,-1,-1
73,6,301.73,357.77,59.32,144.13,0.90,-1,-1,-1
73,7,419.82,373.14,34.95,84.73,0.88,-1,-1,-1
73,8,463.46,367.31,32.56,88.54,0.81,-1,-1,-1
73,9,441.29,375.23,28.59,79.54,0.79,-1,-1,-1
73,12,719.60,372.41,30.59,83.20,0.74,-1,-1,-1
73,11,679.51,383.33,25.56,63.19,0.46,-1,-1,-1
73,16,855.10,364.39,51.29,110.83,0.60,-1,-1,-1
73,17,900.44,393.28,18.03,46.32,0.63,-1,-1,-1
74,1,265.27,400.01,57.74,84.83,0.78,-1,-1,-1
74,2,26.65,392.39,64.18,109.34,0.83,-1,-1,-1
74,4,100.35,375.74,83.82,123.99,0.89,-1,-1,-1
74,6,300.38,359.23,59.77,139.68,0.84,-1,-1,-1
74,7,419.80,373.12,35.68,84.98,0.89,-1,-1,-1
74,8,463.64,366.92,30.06,89.00,0.83,-1,-1,-1
74,9,441.26,375.76,29.05,79.04,0.81,-1,-1,-1
74,12,720.96,373.01,29.44,82.43,0.75,-1,-1,-1
74,11,679.43,383.71,25.28,61.40,0.59,-1,-1,-1
74,16,856.19,364.72,50.59,110.05,0.79,-1,-1,-1
74,17,902.66,393.42,20.80,46.73,0.57,-1,-1,-1
75,1,264.97,401.03,54.93,82.99,0.80,-1,-1,-1
75,2,25.14,393.78,62.52,109.01,0.82,-1,-1,-1
75,4,99.95,375.89,81.34,123.88,0.89,-1,-1,-1
75,6,299.31,360.32,59.94,143.16,0.85,-1,-1,-1
75,7,420.55,373.01,35.67,85.69,0.88,-1,-1,-1
75,8,464.33,367.58,29.72,88.89,0.83,-1,-1,-1
75,9,441.41,375.87,29.38,79.48,0.81,-1,-1,-1
75,12,721.26,374.50,29.02,82.45,0.57,-1,-1,-1
75,11,679.49,384.37,23.38,58.04,0.50,-1,-1,-1
75,16,860.60,365.71,50.05,111.19,0.79,-1,-1,-1
75,17,905.04,394.34,17.21,45.81,0.65,-1,-1,-1
76,1,264.97,401.11,51.74,82.90,0.76,-1,-1,-1
76,2,24.09,394.03,61.92,109.18,0.84,-1,-1,-1
76,4,99.31,375.67,80.45,124.72,0.90,-1,-1,-1
76,6,296.82,360.43,60.90,145.32,0.87,-1,-1,-1
76,7,421.25,373.56,35.66,85.66,0.89,-1,-1,-1
76,8,464.84,367.52,30.23,89.44,0.83,-1,-1,-1
76,9,442.17,376.19,29.36,79.64,0.80,-1,-1,-1
76,12,722.29,375.32,28.27,82.16,0.54,-1,-1,-1
76,11,679.52,384.11,23.92,60.54,0.64,-1,-1,-1
76,16,862.49,365.86,49.12,115.77,0.79,-1,-1,-1
76,17,907.30,394.21,16.32,45.84,0.67,-1,-1,-1
76,18,908.10,349.42,45.00,168.97,0.79,-1,-1,-1
77,1,264.37,401.84,49.33,82.69,0.77,-1,-1,-1
77,2,24.04,394.66,61.79,110.08,0.85,-1,-1,-1
77,4,99.31,375.55,79.91,125.86,0.90,-1,-1,-1
77,6,295.19,360.01,62.40,145.60,0.86,-1,-1,-1
77,7,422.95,373.14,35.04,86.50,0.89,-1,-1,-1
77,8,466.02,368.96,29.81,88.12,0.82,-1,-1,-1
77,9,443.59,376.73,28.88,79.97,0.82,-1,-1,-1
77,12,721.44,375.15,29.80,81.71,0.67,-1,-1,-1
77,11,679.84,383.71,24.69,62.59,0.71,-1,-1,-1
77,16,864.84,366.22,50.48,116.44,0.83,-1,-1,-1
77,17,909.14,394.47,16.08,45.51,0.74,-1,-1,-1
77,18,910.03,348.99,49.35,171.79,0.81,-1,-1,-1
78,1,265.04,402.48,48.53,79.80,0.75,-1,-1,-1
78,2,22.54,395.56,63.16,110.33,0.82,-1,-1,-1
78,4,98.99,375.88,82.90,125.90,0.90,-1,-1,-1
78,6,288.67,360.94,67.99,142.49,0.91,-1,-1,-1
78,7,424.04,374.23,34.22,85.96,0.88,-1,-1,-1
78,8,466.93,376.62,29.67,81.05,0.81,-1,-1,-1
78,9,445.78,377.59,27.21,80.72,0.83,-1,-1,-1
78,12,722.34,377.54,30.37,81.58,0.67,-1,-1,-1
78,11,678.18,384.07,27.38,67.87,0.67,-1,-1,-1
78,16,866.95,367.01,52.16,112.91,0.87,-1,-1,-1
78,17,910.06,395.37,16.37,46.39,0.63,-1,-1,-1
78,18,909.64,350.11,54.58,173.46,0.81,-1,-1,-1
79,1,265.77,402.95,46.12,77.31,0.71,-1,-1,-1
79,2,21.87,396.14,63.82,110.81,0.83,-1,-1,-1
79,4,98.65,375.80,83.57,127.33,0.91,-1,-1,-1
79,6,285.39,361.26,70.64,141.33,0.90,-1,-1,-1
79,7,424.70,374.44,34.19,86.61,0.88,-1,-1,-1
79,8,467.80,379.63,29.01,78.62,0.80,-1,-1,-1
79,9,446.85,377.85,26.56,81.27,0.82,-1,-1,-1
79,12,722.54,377.77,30.57,82.09,0.71,-1,-1,-1
79,11,678.00,384.58,28.37,68.09,0.66,-1,-1,-1
79,16,868.63,368.16,52.13,110.68,0.85,-1,-1,-1
79,17,911.04,395.48,16.16,47.00,0.61,-1,-1,-1
79,18,909.39,350.42,57.44,174.06,0.84,-1,-1,-1
80,1,265.17,403.14,44.34,78.99,0.50,-1,-1,-1
80,2,21.14,396.19,64.05,111.86,0.83,-1,-1,-1
80,4,98.05,375.19,83.35,128.28,0.90,-1,-1,-1
80,6,279.74,385.04,67.02,117.67,0.77,-1,-1,-1
80,7,425.27,375.15,33.87,86.09,0.88,-1,-1,-1
80,8,468.74,380.70,28.77,77.78,0.80,-1,-1,-1
80,9,447.56,377.98,26.33,81.45,0.83,-1,-1,-1
80,12,722.31,377.75,31.22,87.64,0.30,-1,-1,-1
80,11,678.53,384.69,29.33,71.68,0.55,-1,-1,-1
80,16,869.46,368.66,52.03,111.21,0.82,-1,-1,-1
80,17,912.84,394.98,17.04,46.90,0.53,-1,-1,-1
80,18,910.16,350.94,59.88,176.35,0.86,-1,-1,-1
81,1,265.74,401.88,44.41,79.75,0.32,-1,-1,-1
81,2,20.13,395.87,65.65,112.68,0.82,-1,-1,-1
81,4,97.82,375.50,84.50,129.63,0.91,-1,-1,-1
81,6,276.84,370.30,71.49,132.12,0.65,-1,-1,-1
81,7,425.91,375.25,34.08,86.32,0.88,-1,-1,-1
81,8,469.97,380.72,28.11,77.81,0.79,-1,-1,-1
81,9,448.39,378.00,26.27,81.51,0.83,-1,-1,-1
81,12,718.69,378.65,35.03,88.97,0.74,-1,-1,-1
81,11,679.04,385.07,29.72,68.96,0.60,-1,-1,-1
81,16,870.60,369.15,52.56,110.32,0.81,-1,-1,-1
81,17,914.06,395.25,16.76,46.86,0.65,-1,-1,-1
81,18,911.67,349.84,64.41,177.87,0.67,-1,-1,-1
82,2,19.87,395.88,65.62,112.70,0.81,-1,-1,-1
82,4,97.73,375.18,79.87,130.44,0.92,-1,-1,-1
82,6,276.72,367.68,72.52,134.85,0.70,-1,-1,-1
82,7,426.79,375.50,34.60,86.12,0.89,-1,-1,-1
82,8,470.78,380.46,28.47,78.17,0.78,-1,-1,-1
82,9,448.74,377.32,27.45,82.73,0.82,-1,-1,-1
82,12,718.29,377.34,35.87,91.38,0.70,-1,-1,-1
82,11,679.34,385.19,30.43,71.72,0.66,-1,-1,-1
82,16,871.96,368.86,52.41,111.36,0.84,-1,-1,-1
82,17,915.45,395.50,17.57,46.54,0.43,-1,-1,-1
82,18,912.92,349.75,63.00,178.35,0.84,-1,-1,-1
82,19,418.50,374.17,30.15,78.75,0.75,-1,-1,-1
83,2,18.19,395.70,66.95,113.13,0.74,-1,-1,-1
83,4,97.47,375.34,77.14,130.72,0.93,-1,-1,-1
83,6,276.67,364.09,72.29,139.35,0.54,-1,-1,-1
83,7,426.85,375.13,34.93,86.48,0.89,-1,-1,-1
83,8,471.24,380.47,29.81,77.73,0.78,-1,-1,-1
83,9,448.74,377.35,28.48,82.88,0.82,-1,-1,-1
83,12,718.30,376.54,36.76,93.74,0.73,-1,-1,-1
83,11,679.92,385.67,29.52,70.96,0.40,-1,-1,-1
83,16,873.76,368.46,52.59,112.33,0.84,-1,-1,-1
83,17,916.68,395.30,18.75,47.02,0.22,-1,-1,-1
83,18,913.82,349.59,67.07,179.23,0.87,-1,-1,-1
83,19,419.11,374.91,29.45,78.81,0.68,-1,-1,-1
84,2,16.91,396.45,66.77,112.09,0.80,-1,-1,-1
84,4,96.54,374.60,76.77,131.24,0.93,-1,-1,-1
84,6,277.60,363.69,71.25,139.42,0.85,-1,-1,-1
84,7,427.11,374.78,35.05,86.76,0.89,-1,-1,-1
84,8,471.94,380.39,29.71,77.58,0.78,-1,-1,-1
84,9,448.97,377.60,28.86,82.32,0.82,-1,-1,-1
84,12,718.54,375.89,37.07,93.73,0.80,-1,-1,-1
84,11,680.39,385.07,30.32,74.63,0.50,-1,-1,-1
84,16,875.19,367.96,48.46,113.28,0.82,-1,-1,-1
84,17,917.90,395.34,18.32,47.20,0.43,-1,-1,-1
84,18,914.64,348.88,64.41,181.33,0.85,-1,-1,-1
84,19,418.68,375.53,27.92,77.43,0.75,-1,-1,-1
85,2,15.41,396.97,65.42,112.63,0.76,-1,-1,-1
85,4,95.02,373.77,76.00,132.52,0.93,-1,-1,-1
85,6,276.97,363.24,68.55,140.52,0.80,-1,-1,-1
85,7,427.42,374.27,34.86,87.35,0.89,-1,-1,-1
85,8,472.15,380.99,29.73,77.00,0.80,-1,-1,-1
85,9,449.58,377.77,28.47,82.15,0.81,-1,-1,-1
85,12,719.69,375.45,37.24,93.59,0.82,-1,-1,-1
85,11,681.28,384.23,30.67,76.62,0.59,-1,-1,-1
85,16,876.20,367.22,46.26,114.14,0.81,-1,-1,-1
85,17,920.11,394.65,17.87,47.59,0.43,-1,-1,-1
85,18,917.32,348.20,60.56,182.14,0.87,-1,-1,-1
85,19,419.02,375.96,27.43,76.97,0.72,-1,-1,-1
86,2,13.40,397.22,65.84,112.02,0.78,-1,-1,-1
86,4,93.41,372.81,76.58,134.10,0.92,-1,-1,-1
86,6,274.31,367.07,65.30,137.72,0.50,-1,-1,-1
86,7,427.91,374.53,34.74,86.78,0.89,-1,-1,-1
86,8,472.28,380.44,29.70,77.37,0.77,-1,-1,-1
86,9,450.03,377.53,28.73,82.03,0.82,-1,-1,-1
86,12,720.65,374.45,35.48,94.04,0.66,-1,-1,-1
86,11,683.04,384.24,28.40,71.92,0.50,-1,-1,-1
86,16,878.79,366.58,49.70,114.84,0.83,-1,-1,-1
86,17,920.97,394.33,17.97,47.70,0.24,-1,-1,-1
86,18,919.62,347.45,58.61,182.90,0.86,-1,-1,-1
86,19,419.36,375.38,25.92,77.51,0.81,-1,-1,-1
87,2,2.10,396.33,73.02,113.60,0.74,-1,-1,-1
87,4,91.78,371.50,76.07,134.69,0.91,-1,-1,-1
87,6,272.35,367.00,65.29,137.55,0.55,-1,-1,-1
87,7,428.12,374.57,34.55,86.57,0.90,-1,-1,-1
87,8,472.49,380.17,29.69,77.53,0.78,-1,-1,-1
87,9,450.81,377.39,28.07,81.99,0.82,-1,-1,-1
87,12,721.56,374.03,33.56,91.83,0.66,-1,-1,-1
87,11,683.96,384.23,25.65,66.38,0.43,-1,-1,-1
87,16,880.80,366.32,48.56,116.29,0.82,-1,-1,-1
87,17,921.78,393.89,18.01,48.05,0.40,-1,-1,-1
87,18,921.28,346.86,58.16,183.77,0.87,-1,-1,-1
87,19,419.37,374.96,25.15,77.39,0.81,-1,-1,-1
88,2,-5.63,395.67,78.00,115.53,0.70,-1,-1,-1
88,4,88.58,370.25,78.02,136.10,0.90,-1,-1,-1
88,6,270.30,363.95,67.70,140.63,0.44,-1,-1,-1
88,7,428.02,374.85,34.93,86.95,0.88,-1,-1,-1
88,8,472.25,379.86,30.89,78.23,0.76,-1,-1,-1
88,9,451.38,377.15,29.03,82.59,0.81,-1,-1,-1
88,12,721.65,374.74,32.83,89.61,0.66,-1,-1,-1
88,11,684.01,383.73,27.15,68.01,0.49,-1,-1,-1
88,16,881.87,365.73,51.40,117.14,0.82,-1,-1,-1
88,17,923.31,393.68,18.03,48.48,0.24,-1,-1,-1
88,18,921.91,346.44,59.20,184.08,0.88,-1,-1,-1
88,19,418.86,374.75,26.28,77.69,0.76,-1,-1,-1
89,2,-11.32,395.02,81.74,116.10,0.70,-1,-1,-1
89,4,88.74,369.24,76.38,137.48,0.90,-1,-1,-1
89,6,268.15,362.26,68.89,142.65,0.55,-1,-1,-1
89,7,427.87,375.15,35.07,86.94,0.89,-1,-1,-1
89,8,472.34,379.62,31.34,78.50,0.79,-1,-1,-1
89,9,451.33,377.09,29.53,83.10,0.82,-1,-1,-1
89,12,721.88,375.65,31.96,89.36,0.71,-1,-1,-1
89,11,684.51,383.88,27.05,67.08,0.52,-1,-1,-1
89,16,883.30,365.69,50.09,116.10,0.80,-1,-1,-1
89,17,924.32,393.94,18.03,48.34,0.18,-1,-1,-1
89,18,922.00,346.03,59.57,184.15,0.89,-1,-1,-1
89,19,418.60,375.17,26.35,77.17,0.74,-1,-1,-1
90,2,-11.49,395.00,79.51,117.16,0.74,-1,-1,-1
90,4,83.79,368.82,79.48,139.42,0.90,-1,-1,-1
90,6,266.65,364.72,67.80,140.25,0.28,-1,-1,-1
90,7,428.02,375.26,34.95,86.90,0.90,-1,-1,-1
90,8,473.00,379.07,31.48,79.18,0.82,-1,-1,-1
90,9,451.64,377.08,29.69,82.37,0.84,-1,-1,-1
90,12,722.24,376.34,31.61,89.23,0.65,-1,-1,-1
90,11,684.07,383.08,28.80,72.14,0.51,-1,-1,-1
90,16,883.97,365.61,50.40,119.67,0.80,-1,-1,-1
90,17,925.13,393.81,18.02,48.86,0.39,-1,-1,-1
90,18,921.87,345.67,60.83,185.57,0.88,-1,-1,-1
90,19,418.42,375.31,24.20,77.27,0.82,-1,-1,-1
91,2,-12.25,394.99,80.25,116.69,0.79,-1,-1,-1
91,4,79.97,368.38,81.39,139.88,0.90,-1,-1,-1
91,6,265.47,366.41,67.70,138.29,0.53,-1,-1,-1
91,7,428.18,375.26,35.07,86.92,0.90,-1,-1,-1
91,8,473.22,378.82,31.55,79.47,0.81,-1,-1,-1
91,9,452.16,377.04,29.32,82.11,0.84,-1,-1,-1
91,12,723.05,376.84,30.90,88.01,0.75,-1,-1,-1
91,11,683.95,383.17,29.46,70.21,0.56,-1,-1,-1
91,16,884.59,365.66,46.07,121.47,0.79,-1,-1,-1
91,17,925.53,393.11,19.22,49.96,0.60,-1,-1,-1
91,18,923.11,345.17,61.32,186.43,0.88,-1,-1,-1
91,19,418.49,375.32,23.12,77.65,0.82,-1,-1,-1
92,2,-9.13,394.37,74.57,118.17,0.72,-1,-1,-1
92,4,79.99,367.75,79.83,141.54,0.89,-1,-1,-1
92,6,262.90,366.11,68.87,142.24,0.25,-1,-1,-1
92,7,428.19,375.38,35.12,87.25,0.90,-1,-1,-1
92,8,472.97,379.14,30.99,79.62,0.79,-1,-1,-1
92,9,452.76,377.30,29.03,82.04,0.84,-1,-1,-1
92,12,721.89,377.60,31.25,93.14,0.55,-1,-1,-1
92,11,682.77,382.61,33.84,78.88,0.75,-1,-1,-1
92,16,885.77,365.38,46.53,126.76,0.79,-1,-1,-1
92,17,926.38,392.84,19.67,50.68,0.61,-1,-1,-1
92,18,925.48,344.38,61.49,188.43,0.88,-1,-1,-1
92,19,417.37,375.59,23.75,78.43,0.81,-1,-1,-1
93,2,-7.47,395.28,68.00,119.35,0.26,-1,-1,-1
93,4,79.06,368.11,78.63,142.46,0.89,-1,-1,-1
93,6,258.83,366.45,67.74,144.46,0.29,-1,-1,-1
93,7,428.13,375.58,34.65,87.59,0.89,-1,-1,-1
93,8,472.62,378.82,31.93,81.10,0.80,-1,-1,-1
93,9,452.59,378.00,29.33,81.64,0.84,-1,-1,-1
93,12,722.80,378.07,30.75,93.18,0.73,-1,-1,-1
93,11,682.18,383.03,36.56,83.22,0.74,-1,-1,-1
93,16,886.46,365.64,51.47,125.27,0.81,-1,-1,-1
93,17,927.47,393.23,18.64,50.90,0.63,-1,-1,-1
93,18,924.80,344.61,63.85,190.18,0.87,-1,-1,-1
93,19,416.00,376.28,24.57,78.35,0.78,-1,-1,-1
94,2,-10.02,395.27,67.02,121.09,0.19,-1,-1,-1
94,4,77.94,367.31,77.33,144.99,0.91,-1,-1,-1
94,6,256.33,367.57,65.23,145.88,0.64,-1,-1,-1
94,7,427.81,375.50,34.79,88.25,0.89,-1,-1,-1
94,8,472.82,380.33,31.11,80.55,0.78,-1,-1,-1
94,9,451.66,377.96,30.05,83.96,0.82,-1,-1,-1
94,12,724.04,378.28,29.98,91.18,0.55,-1,-1,-1
94,11,683.05,383.25,36.55,81.58,0.56,-1,-1,-1
94,16,887.73,366.10,46.93,127.42,0.81,-1,-1,-1
94,17,928.92,394.36,18.23,49.84,0.62,-1,-1,-1
94,18,925.59,345.21,67.09,191.72,0.85,-1,-1,-1
94,19,415.36,376.83,24.89,78.39,0.79,-1,-1,-1
95,4,74.53,367.75,79.60,145.22,0.90,-1,-1,-1
95,6,253.94,366.60,66.41,147.47,0.50,-1,-1,-1
95,7,427.41,375.36,34.85,88.58,0.89,-1,-1,-1
95,8,472.89,380.18,30.79,81.32,0.73,-1,-1,-1
95,9,451.45,377.68,29.88,85.07,0.81,-1,-1,-1
95,12,724.65,377.85,29.71,94.38,0.75,-1,-1,-1
95,11,682.99,382.85,37.08,81.79,0.55,-1,-1,-1
95,16,888.77,365.90,44.68,129.28,0.81,-1,-1,-1
95,17,929.75,394.09,18.08,49.98,0.70,-1,-1,-1
95,18,927.32,346.26,66.00,190.65,0.87,-1,-1,-1
95,19,414.86,376.32,25.93,79.25,0.79,-1,-1,-1
96,4,73.44,366.83,79.46,146.88,0.90,-1,-1,-1
96,6,250.34,368.41,67.39,146.70,0.82,-1,-1,-1
96,7,427.42,375.44,34.99,88.84,0.88,-1,-1,-1
96,8,473.52,380.27,30.64,81.45,0.71,-1,-1,-1
96,9,451.37,377.72,29.78,85.32,0.80,-1,-1,-1
96,12,725.13,377.59,29.59,94.51,0.69,-1,-1,-1
96,11,682.93,383.18,36.65,78.44,0.29,-1,-1,-1
96,16,889.65,366.20,42.61,125.52,0.83,-1,-1,-1
96,17,930.54,394.23,18.01,49.72,0.69,-1,-1,-1
96,18,927.30,345.72,67.83,192.41,0.88,-1,-1,-1
96,19,413.51,376.56,26.60,80.76,0.76,-1,-1,-1
97,4,72.42,367.81,78.95,147.14,0.90,-1,-1,-1
97,6,248.81,366.85,66.86,150.80,0.80,-1,-1,-1
97,7,427.29,375.59,35.49,89.21,0.88,-1,-1,-1
97,8,473.75,380.12,30.59,82.07,0.71,-1,-1,-1
97,9,451.94,378.30,28.54,84.94,0.79,-1,-1,-1
97,12,726.17,377.15,28.35,87.83,0.26,-1,-1,-1
97,11,682.58,383.42,37.62,78.57,0.45,-1,-1,-1
97,16,890.16,366.42,40.96,126.07,0.83,-1,-1,-1
97,17,931.32,394.97,17.99,49.60,0.73,-1,-1,-1
97,18,927.77,346.22,68.49,192.70,0.87,-1,-1,-1
97,19,412.73,377.65,26.56,80.41,0.75,-1,-1,-1
98,4,60.92,367.05,88.61,149.88,0.89,-1,-1,-1
98,6,243.26,361.71,70.28,157.47,0.85,-1,-1,-1
98,7,427.27,376.54,35.70,89.35,0.89,-1,-1,-1
98,8,472.98,374.54,31.78,88.10,0.77,-1,-1,-1
98,9,447.19,378.51,33.39,84.79,0.82,-1,-1,-1
98,12,725.70,377.07,30.37,93.65,0.75,-1,-1,-1
98,11,682.82,382.44,38.57,82.61,0.13,-1,-1,-1
98,16,890.39,367.05,41.65,128.34,0.81,-1,-1,-1
98,17,932.29,395.19,17.99,49.26,0.70,-1,-1,-1
98,18,930.39,345.75,67.56,193.39,0.88,-1,-1,-1
98,19,409.95,376.26,27.75,82.07,0.85,-1,-1,-1
98,20,987.30,395.10,25.20,68.40,0.78,-1,-1,-1
99,4,53.93,366.63,94.14,150.59,0.91,-1,-1,-1
99,6,240.02,359.31,72.42,160.87,0.86,-1,-1,-1
99,7,427.21,376.59,36.07,89.55,0.88,-1,-1,-1
99,8,473.21,372.32,31.63,90.63,0.78,-1,-1,-1
99,9,446.46,378.73,34.09,84.73,0.82,-1,-1,-1
99,12,725.48,376.90,31.08,95.38,0.68,-1,-1,-1
99,16,891.30,366.54,42.21,131.83,0.84,-1,-1,-1
99,17,932.56,394.97,17.99,49.43,0.75,-1,-1,-1
99,18,930.13,345.13,70.73,194.81,0.89,-1,-1,-1
99,19,408.87,376.03,28.19,82.39,0.84,-1,-1,-1
99,20,988.36,394.63,25.22,68.99,0.80,-1,-1,-1
100,4,50.34,365.42,96.34,152.13,0.91,-1,-1,-1
100,6,236.42,358.22,73.52,163.14,0.86,-1,-1,-1
100,7,427.22,376.28,36.20,90.20,0.88,-1,-1,-1
100,8,473.04,371.57,31.57,91.45,0.80,-1,-1,-1
100,9,445.49,378.63,35.08,84.54,0.81,-1,-1,-1
100,12,725.11,376.21,31.36,96.92,0.72,-1,-1,-1
100,16,891.92,366.59,42.14,130.19,0.84,-1,-1,-1
100,17,932.64,394.99,19.19,48.89,0.78,-1,-1,-1
100,18,931.18,344.41,71.89,196.04,0.89,-1,-1,-1
100,19,408.22,375.91,28.35,82.19,0.84,-1,-1,-1
100,20,990.01,394.70,25.22,68.60,0.80,-1,-1,-1
101,4,47.36,364.45,97.66,153.69,0.90,-1,-1,-1
101,6,235.05,358.04,73.62,163.93,0.84,-1,-1,-1
101,7,427.11,376.24,36.39,89.99,0.89,-1,-1,-1
101,8,472.70,370.95,31.53,92.30,0.77,-1,-1,-1
101,9,446.33,378.37,33.99,84.91,0.80,-1,-1,-1
101,12,725.25,376.03,31.46,94.67,0.72,-1,-1,-1
101,16,892.99,366.27,41.82,132.16,0.85,-1,-1,-1
101,17,933.20,394.50,19.62,48.98,0.77,-1,-1,-1
101,18,932.12,343.80,72.29,196.74,0.89,-1,-1,-1
101,19,406.86,376.39,29.29,81.79,0.82,-1,-1,-1
101,20,993.15,394.65,23.81,68.43,0.71,-1,-1,-1
102,4,44.72,364.38,98.28,153.96,0.90,-1,-1,-1
102,6,232.67,357.55,77.47,165.79,0.85,-1,-1,-1
102,7,427.04,376.21,35.87,90.20,0.89,-1,-1,-1
102,8,472.84,370.87,30.92,91.87,0.81,-1,-1,-1
102,9,445.91,378.27,34.26,84.74,0.81,-1,-1,-1
102,12,725.59,375.67,32.09,97.06,0.70,-1,-1,-1
102,16,893.95,365.70,42.92,130.07,0.86,-1,-1,-1
102,17,933.97,394.47,19.79,49.32,0.73,-1,-1,-1
102,18,933.63,343.14,71.23,197.73,0.89,-1,-1,-1
102,19,406.34,375.97,29.35,81.93,0.83,-1,-1,-1
102,20,994.68,394.98,24.76,68.72,0.81,-1,-1,-1
102,2,-16.52,399.95,58.39,121.88,0.69,-1,-1,-1
103,4,42.33,363.56,99.01,155.22,0.91,-1,-1,-1
103,6,231.06,357.59,77.19,166.32,0.81,-1,-1,-1
103,7,427.01,375.95,35.68,90.58,0.89,-1,-1,-1
103,8,472.90,370.76,30.70,91.82,0.80,-1,-1,-1
103,9,446.80,377.97,33.63,84.99,0.81,-1,-1,-1
103,12,725.18,375.25,33.52,99.14,0.66,-1,-1,-1
103,16,895.27,365.49,44.84,129.54,0.83,-1,-1,-1
103,17,934.94,394.45,19.86,49.45,0.53,-1,-1,-1
103,18,936.65,342.28,68.44,196.91,0.89,-1,-1,-1
103,19,405.72,375.10,29.67,82.59,0.81,-1,-1,-1
103,20,996.48,394.90,25.07,68.99,0.72,-1,-1,-1
103,2,-18.35,399.40,52.94,122.94,0.18,-1,-1,-1
104,4,36.20,363.02,102.52,155.95,0.89,-1,-1,-1
104,6,228.80,357.09,76.37,168.22,0.83,-1,-1,-1
104,7,426.48,375.59,36.35,91.02,0.89,-1,-1,-1
104,8,473.15,370.35,30.62,92.22,0.82,-1,-1,-1
104,9,447.24,377.91,32.93,85.08,0.81,-1,-1,-1
104,12,725.53,375.74,33.47,98.43,0.55,-1,-1,-1
104,16,895.96,365.16,44.68,131.40,0.85,-1,-1,-1
104,17,935.80,394.79,19.87,48.60,0.49,-1,-1,-1
104,18,936.49,341.58,68.54,196.41,0.89,-1,-1,-1
104,19,405.16,375.13,29.48,82.53,0.78,-1,-1,-1
104,20,997.56,394.27,25.18,70.35,0.56,-1,-1,-1
105,4,33.91,362.26,102.30,157.35,0.90,-1,-1,-1
105,6,227.04,356.78,75.13,169.01,0.86,-1,-1,-1
105,7,426.01,375.32,36.89,91.01,0.89,-1,-1,-1
105,8,472.66,369.92,31.79,92.33,0.84,-1,-1,-1
105,9,448.33,377.89,32.04,85.09,0.80,-1,-1,-1
105,12,725.06,375.64,32.26,96.63,0.40,-1,-1,-1
105,16,896.73,365.04,44.02,128.81,0.86,-1,-1,-1
105,17,936.05,394.17,21.06,50.08,0.33,-1,-1,-1
105,18,936.95,340.89,66.17,196.02,0.89,-1,-1,-1
105,19,404.69,375.59,29.40,82.48,0.81,-1,-1,-1
105,20,999.04,394.66,25.21,69.27,0.25,-1,-1,-1
106,4,32.51,361.86,100.95,157.15,0.92,-1,-1,-1
106,6,223.52,357.03,75.68,170.18,0.88,-1,-1,-1
106,7,425.60,376.32,36.65,89.98,0.90,-1,-1,-1
106,8,472.40,370.59,32.22,92.22,0.84,-1,-1,-1
106,9,446.87,378.24,32.91,84.82,0.83,-1,-1,-1
106,12,724.27,375.24,32.38,98.79,0.55,-1,-1,-1
106,16,898.22,364.80,44.36,131.41,0.85,-1,-1,-1
106,17,936.75,393.75,21.50,51.23,0.30,-1,-1,-1
106,18,937.12,340.44,64.04,197.39,0.89,-1,-1,-1
106,19,404.17,376.13,29.36,82.78,0.77,-1,-1,-1
106,20,1002.63,397.53,25.22,64.99,0.35,-1,-1,-1
106,11,677.44,384.97,26.81,62.81,0.71,-1,-1,-1
107,4,30.81,361.97,100.09,157.75,0.92,-1,-1,-1
107,6,220.90,357.07,75.80,171.89,0.87,-1,-1,-1
107,7,425.03,376.90,36.71,89.43,0.90,-1,-1,-1
107,8,472.03,370.91,32.39,92.45,0.84,-1,-1,-1
107,9,445.91,378.43,33.68,84.70,0.83,-1,-1,-1
107,12,725.18,374.82,31.83,97.50,0.33,-1,-1,-1
107,16,899.94,364.87,43.91,132.51,0.87,-1,-1,-1
107,17,938.17,393.90,20.50,50.48,0.38,-1,-1,-1
107,18,937.76,339.85,62.05,201.00,0.89,-1,-1,-1
107,19,403.13,376.68,29.94,82.58,0.76,-1,-1,-1
107,20,1004.47,397.94,24.00,64.04,0.20,-1,-1,-1
107,11,677.87,385.24,25.34,58.77,0.73,-1,-1,-1
108,4,29.49,362.37,99.28,158.81,0.91,-1,-1,-1
108,6,217.51,357.29,74.04,173.49,0.85,-1,-1,-1
108,7,424.53,377.16,36.72,89.21,0.89,-1,-1,-1
108,8,470.40,371.54,33.04,93.24,0.85,-1,-1,-1
108,9,442.15,378.84,36.76,84.95,0.84,-1,-1,-1
108,12,723.69,375.02,31.02,93.38,0.69,-1,-1,-1
108,16,901.39,364.66,45.82,136.74,0.88,-1,-1,-1
108,17,939.23,394.45,20.08,49.87,0.27,-1,-1,-1
108,18,939.12,339.99,60.10,202.61,0.90,-1,-1,-1
108,19,402.18,377.08,30.15,82.78,0.75,-1,-1,-1
108,20,1006.21,397.95,23.54,62.80,0.18,-1,-1,-1
108,11,675.93,385.36,26.91,64.16,0.63,-1,-1,-1
109,4,24.23,362.98,102.08,158.43,0.91,-1,-1,-1
109,6,215.48,357.82,73.36,173.59,0.87,-1,-1,-1
109,7,423.79,377.51,36.58,89.12,0.90,-1,-1,-1
109,8,470.42,371.89,32.70,93.37,0.84,-1,-1,-1
109,9,441.92,379.10,36.49,84.88,0.83,-1,-1,-1
109,12,723.18,375.48,30.12,92.56,0.66,-1,-1,-1
109,16,902.52,364.79,46.54,138.02,0.89,-1,-1,-1
109,17,940.84,394.72,18.73,49.94,0.41,-1,-1,-1
109,18,938.39,339.38,61.88,205.56,0.88,-1,-1,-1
109,19,402.47,377.19,29.34,82.85,0.77,-1,-1,-1
109,20,1008.01,397.67,22.16,64.85,0.37,-1,-1,-1
109,11,676.25,385.35,26.20,62.87,0.71,-1,-1,-1
110,4,19.67,362.70,103.81,160.05,0.91,-1,-1,-1
110,6,211.95,358.11,75.13,174.19,0.88,-1,-1,-1
110,7,422.98,378.33,37.12,88.80,0.90,-1,-1,-1
110,8,470.05,372.58,32.56,93.26,0.81,-1,-1,-1
110,9,443.11,379.74,35.02,84.72,0.82,-1,-1,-1
110,12,722.64,376.22,29.17,87.91,0.71,-1,-1,-1
110,16,902.58,364.97,47.10,138.49,0.87,-1,-1,-1
110,17,941.37,394.95,19.44,50.26,0.26,-1,-1,-1
110,18,939.88,339.88,61.33,203.70,0.88,-1,-1,-1
110,19,401.49,377.61,29.92,83.77,0.78,-1,-1,-1
110,11,676.37,385.74,25.34,61.80,0.70,-1,-1,-1
111,4,15.80,363.06,103.88,162.22,0.90,-1,-1,-1
111,6,208.41,358.11,75.82,176.24,0.85,-1,-1,-1
111,7,422.03,379.10,37.30,89.41,0.90,-1,-1,-1
111,8,469.40,372.88,32.48,93.47,0.83,-1,-1,-1
111,9,443.09,379.70,34.11,85.83,0.83,-1,-1,-1
111,12,721.83,378.07,28.82,88.30,0.47,-1,-1,-1
111,16,903.69,365.70,47.29,139.48,0.87,-1,-1,-1
111,17,941.47,395.39,19.68,49.78,0.46,-1,-1,-1
111,18,939.74,340.61,63.52,210.48,0.87,-1,-1,-1
111,19,400.19,377.94,29.52,83.94,0.81,-1,-1,-1
111,11,676.45,386.21,25.68,63.89,0.69,-1,-1,-1
112,4,13.11,364.85,104.14,161.30,0.91,-1,-1,-1
112,6,205.63,357.57,73.68,179.54,0.89,-1,-1,-1
112,7,421.09,379.48,37.07,89.82,0.91,-1,-1,-1
112,8,469.03,373.84,31.84,93.27,0.86,-1,-1,-1
112,9,443.42,379.93,32.71,86.27,0.85,-1,-1,-1
112,12,719.97,377.22,28.70,83.80,0.61,-1,-1,-1
112,16,904.36,366.61,47.04,139.57,0.87,-1,-1,-1
112,17,942.06,395.44,19.77,49.90,0.49,-1,-1,-1
112,18,940.27,341.95,64.31,210.26,0.87,-1,-1,-1
112,19,397.94,377.56,29.96,84.47,0.81,-1,-1,-1
112,11,676.72,386.98,25.81,64.98,0.68,-1,-1,-1
113,4,11.88,366.79,102.33,160.56,0.90,-1,-1,-1
113,6,201.73,357.69,74.68,181.00,0.90,-1,-1,-1
113,7,420.00,379.58,36.98,90.25,0.91,-1,-1,-1
113,8,468.30,373.87,32.22,93.16,0.86,-1,-1,-1
113,9,444.17,380.57,31.28,86.12,0.83,-1,-1,-1
113,12,718.95,377.87,28.07,85.21,0.69,-1,-1,-1
113,16,905.09,367.12,46.95,139.24,0.87,-1,-1,-1
113,17,941.58,395.62,19.81,49.94,0.49,-1,-1,-1
113,18,940.35,342.64,64.65,207.68,0.88,-1,-1,-1
113,19,396.67,377.83,29.83,85.09,0.79,-1,-1,-1
113,11,675.56,387.17,27.10,67.49,0.71,-1,-1,-1
114,4,8.44,368.69,102.86,159.96,0.93,-1,-1,-1
114,6,194.25,357.29,77.72,181.95,0.89,-1,-1,-1
114,7,418.71,380.20,36.95,90.12,0.91,-1,-1,-1
114,8,466.83,374.17,32.95,94.60,0.85,-1,-1,-1
114,9,439.86,380.51,34.12,86.95,0.83,-1,-1,-1
114,12,718.30,380.21,27.24,82.12,0.69,-1,-1,-1
114,16,905.64,367.92,46.61,138.49,0.87,-1,-1,-1
114,17,942.58,395.85,18.62,49.96,0.46,-1,-1,-1
114,18,939.77,343.82,65.96,209.34,0.88,-1,-1,-1
114,19,394.58,377.77,29.48,85.47,0.82,-1,-1,-1
114,11,673.65,387.10,29.37,69.92,0.71,-1,-1,-1
115,4,5.03,370.40,101.62,159.51,0.92,-1,-1,-1
115,6,188.71,357.11,80.81,184.27,0.87,-1,-1,-1
115,7,418.08,380.53,36.32,90.48,0.90,-1,-1,-1
115,8,465.52,374.40,33.21,94.95,0.87,-1,-1,-1
115,9,436.70,381.18,36.56,86.78,0.84,-1,-1,-1
115,12,717.84,378.29,26.94,84.04,0.48,-1,-1,-1
115,16,905.81,368.77,48.85,138.73,0.87,-1,-1,-1
115,17,942.94,396.04,18.16,49.95,0.57,-1,-1,-1
115,18,941.30,343.93,64.06,210.77,0.87,-1,-1,-1
115,19,392.63,378.15,28.73,85.13,0.83,-1,-1,-1
115,11,672.69,387.17,27.89,68.17,0.41,-1,-1,-1
116,4,2.50,371.10,100.02,160.16,0.93,-1,-1,-1
116,6,182.73,357.99,82.67,184.76,0.88,-1,-1,-1
116,7,416.72,380.29,36.70,91.56,0.90,-1,-1,-1
116,8,463.62,373.98,33.91,95.57,0.86,-1,-1,-1
116,9,434.23,381.53,37.67,86.91,0.84,-1,-1,-1
116,12,716.39,378.16,26.86,83.29,0.62,-1,-1,-1
116,16,905.55,369.36,49.98,139.47,0.86,-1,-1,-1
116,17,942.45,396.40,19.22,49.97,0.52,-1,-1,-1
116,18,940.70,344.08,63.34,213.61,0.86,-1,-1,-1
116,19,388.83,377.79,31.18,86.07,0.85,-1,-1,-1
116,11,672.55,388.64,25.47,61.21,0.62,-1,-1,-1
117,4,-2.69,371.88,101.67,159.46,0.91,-1,-1,-1
117,6,176.39,357.55,85.48,184.40,0.89,-1,-1,-1
117,7,414.72,380.28,37.43,92.10,0.91,-1,-1,-1
117,8,463.33,374.64,32.99,94.58,0.86,-1,-1,-1
117,9,433.12,381.43,37.79,86.79,0.84,-1,-1,-1
117,12,715.34,378.18,26.84,83.18,0.40,-1,-1,-1
117,16,906.05,369.64,50.41,140.45,0.85,-1,-1,-1
117,17,941.70,396.29,19.60,49.67,0.37,-1,-1,-1
117,18,939.89,344.35,64.27,212.53,0.86,-1,-1,-1
117,19,387.12,376.69,31.76,87.00,0.81,-1,-1,-1
117,11,672.94,389.28,23.95,57.58,0.43,-1,-1,-1
117,21,219.49,396.67,71.89,112.72,0.72,-1,-1,-1
118,4,-8.39,372.50,104.59,160.50,0.89,-1,-1,-1
118,6,169.18,357.00,91.24,186.54,0.89,-1,-1,-1
118,7,413.31,379.59,37.99,93.16,0.90,-1,-1,-1
118,8,461.82,375.12,33.20,94.46,0.84,-1,-1,-1
118,9,431.19,380.72,39.13,87.91,0.85,-1,-1,-1
118,12,714.68,377.08,26.23,82.69,0.66,-1,-1,-1
118,16,906.17,369.25,51.71,141.51,0.85,-1,-1,-1
118,17,941.92,395.31,19.74,50.74,0.18,-1,-1,-1
118,18,939.52,343.68,64.58,219.32,0.87,-1,-1,-1
118,19,384.99,376.78,30.20,86.14,0.82,-1,-1,-1
118,11,671.86,389.12,24.66,59.14,0.52,-1,-1,-1
119,4,-12.17,373.55,104.46,160.39,0.90,-1,-1,-1
119,6,163.26,357.16,93.01,187.27,0.90,-1,-1,-1
119,7,411.97,379.65,38.20,93.25,0.90,-1,-1,-1
119,8,460.13,375.03,33.29,95.29,0.85,-1,-1,-1
119,9,430.23,380.92,38.47,88.16,0.85,-1,-1,-1
119,12,712.66,377.41,27.24,84.49,0.78,-1,-1,-1
119,16,906.46,368.75,50.16,141.87,0.83,-1,-1,-1
119,18,939.94,343.08,63.54,219.73,0.87,-1,-1,-1
119,19,382.79,375.82,29.59,88.02,0.83,-1,-1,-1
119,11,670.59,388.90,24.31,62.70,0.39,-1,-1,-1
120,4,-12.59,374.34,99.63,160.21,0.89,-1,-1,-1
120,6,157.60,357.35,93.72,187.37,0.90,-1,-1,-1
120,7,410.39,380.10,37.68,93.12,0.90,-1,-1,-1
120,8,458.42,376.90,37.04,93.96,0.82,-1,-1,-1
120,9,427.94,380.68,38.62,88.85,0.87,-1,-1,-1
120,12,710.40,377.09,28.20,82.93,0.77,-1,-1,-1
120,16,906.23,368.27,49.22,143.47,0.82,-1,-1,-1
120,18,939.48,341.68,60.73,225.47,0.88,-1,-1,-1
120,19,380.48,376.48,28.75,87.39,0.82,-1,-1,-1
120,11,669.49,388.80,24.20,61.96,0.41,-1,-1,-1
120,22,768.15,404.77,31.50,35.55,0.79,-1,-1,-1
121,4,-11.85,374.81,94.15,159.88,0.89,-1,-1,-1
121,6,150.00,356.75,95.18,189.19,0.89,-1,-1,-1
121,7,408.03,380.07,37.78,92.95,0.90,-1,-1,-1
121,8,456.46,375.33,37.56,95.42,0.84,-1,-1,-1
121,9,426.36,380.39,38.37,88.98,0.86,-1,-1,-1
121,12,708.90,376.35,27.39,82.69,0.61,-1,-1,-1
121,16,905.81,368.09,47.95,142.92,0.64,-1,-1,-1
121,18,939.30,341.14,59.67,225.01,0.88,-1,-1,-1
121,19,376.81,376.84,29.96,87.30,0.83,-1,-1,-1
121,11,665.08,388.00,29.02,65.30,0.60,-1,-1,-1
121,22,767.92,404.61,30.80,35.94,0.79,-1,-1,-1
122,4,-14.99,375.27,92.89,161.04,0.89,-1,-1,-1
122,6,140.12,355.62,99.37,193.49,0.87,-1,-1,-1
122,7,405.10,380.42,38.12,92.84,0.88,-1,-1,-1
122,8,454.70,374.92,35.57,95.49,0.84,-1,-1,-1
122,9,423.88,381.08,39.01,88.55,0.85,-1,-1,-1
122,12,708.04,376.97,26.49,82.60,0.53,-1,-1,-1
122,16,905.84,367.51,47.19,141.89,0.77,-1,-1,-1
122,18,937.91,340.30,60.55,224.99,0.88,-1,-1,-1
122,19,373.86,377.49,28.34,87.09,0.85,-1,-1,-1
122,11,664.24,387.53,27.91,66.81,0.29,-1,-1,-1
122,22,766.73,404.72,30.67,35.67,0.73,-1,-1,-1
123,4,-18.85,378.31,91.23,158.93,0.88,-1,-1,-1
123,6,133.16,355.40,100.07,194.62,0.89,-1,-1,-1
123,7,402.73,380.60,38.84,92.79,0.90,-1,-1,-1
123,8,453.83,374.83,33.54,95.80,0.85,-1,-1,-1
123,9,424.63,381.25,36.00,88.82,0.84,-1,-1,-1
123,12,704.16,376.98,28.59,84.97,0.75,-1,-1,-1
123,16,881.14,363.96,71.62,147.87,0.73,-1,-1,-1
123,18,936.80,339.47,60.88,225.79,0.87,-1,-1,-1
123,19,370.78,377.50,28.61,87.59,0.86,-1,-1,-1
123,11,661.98,387.13,27.98,68.85,0.60,-1,-1,-1
123,22,765.77,404.80,30.61,35.56,0.59,-1,-1,-1
124,4,-22.36,379.99,89.97,157.94,0.86,-1,-1,-1
124,6,125.59,355.43,101.74,197.04,0.91,-1,-1,-1
124,7,400.13,380.44,39.12,93.36,0.88,-1,-1,-1
124,8,450.71,374.71,35.07,96.35,0.87,-1,-1,-1
124,9,420.06,381.38,38.46,88.91,0.87,-1,-1,-1
124,12,702.17,377.46,29.34,81.71,0.72,-1,-1,-1
124,16,893.28,365.87,58.75,145.09,0.63,-1,-1,-1
124,18,934.00,338.58,63.43,227.80,0.87,-1,-1,-1
124,19,367.50,377.72,27.52,87.61,0.85,-1,-1,-1
124,11,661.18,387.30,25.64,65.52,0.42,-1,-1,-1
124,22,763.51,404.49,31.95,36.21,0.63,-1,-1,-1
125,4,-26.29,381.56,88.48,156.91,0.86,-1,-1,-1
125,6,120.08,356.12,100.30,198.16,0.91,-1,-1,-1
125,7,397.18,380.96,39.51,93.31,0.89,-1,-1,-1
125,8,448.18,374.52,35.75,96.73,0.86,-1,-1,-1
125,9,417.31,381.42,39.02,89.87,0.86,-1,-1,-1
125,12,701.19,377.84,28.45,77.76,0.64,-1,-1,-1
125,16,875.77,364.93,77.33,149.08,0.69,-1,-1,-1
125,18,932.48,338.04,64.37,232.46,0.86,-1,-1,-1
125,19,364.00,377.79,26.80,88.84,0.86,-1,-1,-1
125,11,657.62,387.27,26.55,66.91,0.56,-1,-1,-1
125,22,762.50,404.60,32.39,36.43,0.68,-1,-1,-1
126,4,-32.45,379.47,88.41,160.31,0.83,-1,-1,-1
126,6,109.04,356.34,101.55,202.41,0.90,-1,-1,-1
126,7,394.06,379.97,39.93,94.50,0.89,-1,-1,-1
126,8,446.12,374.46,35.85,97.49,0.86,-1,-1,-1
126,9,413.54,380.85,39.81,91.13,0.87,-1,-1,-1
126,12,699.64,378.20,26.89,72.98,0.55,-1,-1,-1
126,16,869.52,364.54,84.82,152.80,0.80,-1,-1,-1
126,18,931.30,337.80,63.51,237.62,0.86,-1,-1,-1
126,19,359.35,378.55,28.37,87.98,0.85,-1,-1,-1
126,11,655.38,387.76,26.27,64.77,0.30,-1,-1,-1
126,22,761.83,405.17,31.90,35.25,0.60,-1,-1,-1
126,23,589.05,380.92,18.90,55.80,0.71,-1,-1,-1
127,4,-35.95,376.22,86.08,165.25,0.74,-1,-1,-1
127,6,99.92,356.78,103.17,204.81,0.88,-1,-1,-1
127,7,390.40,379.30,40.69,96.10,0.89,-1,-1,-1
127,8,443.43,374.73,36.62,97.74,0.85,-1,-1,-1
127,9,410.95,380.63,39.81,92.47,0.86,-1,-1,-1
127,12,696.93,379.06,28.14,80.27,0.70,-1,-1,-1
127,16,866.20,365.20,88.01,152.99,0.76,-1,-1,-1
127,18,930.15,338.10,61.99,237.28,0.87,-1,-1,-1
127,19,355.30,378.40,28.05,88.96,0.87,-1,-1,-1
127,11,652.73,387.61,26.76,69.93,0.65,-1,-1,-1
127,22,759.36,405.16,32.32,35.75,0.75,-1,-1,-1
128,6,95.00,356.26,99.45,204.25,0.89,-1,-1,-1
128,7,386.94,378.64,41.24,97.40,0.88,-1,-1,-1
128,8,440.45,377.71,36.16,95.55,0.84,-1,-1,-1
128,9,409.52,380.74,38.30,92.48,0.85,-1,-1,-1
128,12,694.86,380.28,26.80,76.55,0.53,-1,-1,-1
128,16,864.14,362.56,91.13,160.33,0.79,-1,-1,-1
128,18,927.34,337.99,62.60,239.01,0.86,-1,-1,-1
128,19,351.43,378.53,28.51,90.32,0.86,-1,-1,-1
128,11,650.12,388.17,26.34,67.70,0.26,-1,-1,-1
128,22,757.65,405.32,31.84,35.61,0.63,-1,-1,-1
128,24,1218.60,391.05,28.80,81.90,0.82,-1,-1,-1
129,6,62.35,354.92,126.27,207.38,0.84,-1,-1,-1
129,7,383.76,377.99,42.04,98.49,0.88,-1,-1,-1
129,8,437.45,375.58,35.52,98.18,0.87,-1,-1,-1
129,9,406.83,380.82,38.00,92.93,0.84,-1,-1,-1
129,12,693.95,378.37,24.45,69.00,0.44,-1,-1,-1
129,16,864.35,362.93,90.89,163.40,0.79,-1,-1,-1
129,18,924.66,338.02,64.03,241.28,0.87,-1,-1,-1
129,19,347.68,378.32,28.39,91.29,0.88,-1,-1,-1
129,11,647.46,388.45,26.18,66.18,0.31,-1,-1,-1
129,22,755.62,406.07,32.26,34.95,0.68,-1,-1,-1
129,24,1218.49,390.45,28.81,83.04,0.70,-1,-1,-1
130,6,60.82,354.32,118.02,208.68,0.79,-1,-1,-1
130,7,381.01,377.51,42.07,99.12,0.89,-1,-1,-1
130,8,434.86,374.97,35.15,98.34,0.86,-1,-1,-1
130,9,403.18,380.75,39.41,92.59,0.87,-1,-1,-1
130,12,691.52,378.52,25.48,74.70,0.72,-1,-1,-1
130,16,863.95,363.09,93.27,163.39,0.79,-1,-1,-1
130,18,922.67,337.13,64.64,242.69,0.87,-1,-1,-1
130,19,342.66,378.16,30.47,92.04,0.87,-1,-1,-1
130,11,645.06,389.39,26.14,64.66,0.51,-1,-1,-1
130,22,754.88,405.76,32.42,34.99,0.64,-1,-1,-1
130,24,1218.47,390.14,28.83,82.55,0.52,-1,-1,-1
131,6,61.27,353.49,109.34,210.02,0.84,-1,-1,-1
131,7,378.32,378.04,42.34,98.67,0.90,-1,-1,-1
131,8,431.51,373.83,34.84,99.06,0.86,-1,-1,-1
131,9,399.88,380.41,40.51,92.80,0.86,-1,-1,-1
131,12,690.02,378.04,25.22,76.60,0.61,-1,-1,-1
131,16,861.90,362.28,97.82,167.40,0.77,-1,-1,-1
131,18,921.44,336.65,64.82,246.26,0.87,-1,-1,-1
131,19,338.10,377.76,31.80,92.37,0.86,-1,-1,-1
131,11,643.84,389.96,24.91,62.93,0.56,-1,-1,-1
131,22,753.10,405.30,32.47,35.34,0.71,-1,-1,-1
131,24,1219.34,390.24,27.41,83.10,0.48,-1,-1,-1
132,6,46.48,353.63,113.25,214.04,0.68,-1,-1,-1
132,7,375.15,378.74,42.43,98.79,0.89,-1,-1,-1
132,8,428.68,375.23,35.62,99.18,0.86,-1,-1,-1
132,9,397.19,381.66,40.03,92.29,0.86,-1,-1,-1
132,12,688.51,379.42,24.52,69.94,0.70,-1,-1,-1
132,16,858.48,361.94,100.95,163.65,0.73,-1,-1,-1
132,18,919.73,336.74,64.85,248.48,0.86,-1,-1,-1
132,19,332.77,378.54,32.88,92.63,0.87,-1,-1,-1
132,11,641.52,391.29,23.83,59.27,0.48,-1,-1,-1
132,22,752.04,405.81,31.88,35.48,0.72,-1,-1,-1
132,24,1217.44,391.31,31.14,82.43,0.70,-1,-1,-1
133,6,30.11,353.62,124.07,215.44,0.58,-1,-1,-1
133,7,372.40,379.79,41.55,98.19,0.88,-1,-1,-1
133,8,426.34,375.06,35.60,100.07,0.85,-1,-1,-1
133,9,394.49,381.13,40.13,93.24,0.84,-1,-1,-1
133,12,686.56,379.65,23.66,67.32,0.61,-1,-1,-1
133,16,855.49,357.21,103.22,166.78,0.76,-1,-1,-1
133,18,918.52,336.64,63.67,249.17,0.86,-1,-1,-1
133,19,327.05,378.73,34.46,93.87,0.88,-1,-1,-1
133,11,638.69,391.32,24.68,62.53,0.40,-1,-1,-1
133,22,749.92,405.84,32.25,35.82,0.63,-1,-1,-1
133,24,1217.38,392.29,31.02,81.69,0.67,-1,-1,-1
133,25,1119.60,386.55,48.60,116.10,0.80,-1,-1,-1
134,6,29.32,353.16,118.01,216.49,0.83,-1,-1,-1
134,7,368.07,380.48,43.00,97.79,0.88,-1,-1,-1
134,8,422.75,380.77,34.99,94.46,0.71,-1,-1,-1
134,9,390.33,381.66,42.23,93.29,0.86,-1,-1,-1
134,12,684.73,378.98,23.98,68.59,0.68,-1,-1,-1
134,16,855.29,359.72,102.57,165.55,0.78,-1,-1,-1
134,18,917.24,336.32,64.10,252.45,0.86,-1,-1,-1
134,19,322.95,379.22,35.05,91.96,0.87,-1,-1,-1
134,11,637.14,391.78,23.78,59.21,0.38,-1,-1,-1
134,22,748.00,406.01,32.98,35.35,0.68,-1,-1,-1
134,24,1216.79,392.01,35.91,83.20,0.47,-1,-1,-1
134,25,1129.52,387.35,35.66,88.11,0.70,-1,-1,-1
135,6,24.91,352.07,113.13,218.65,0.82,-1,-1,-1
135,7,365.94,381.02,42.65,97.95,0.90,-1,-1,-1
135,8,420.46,377.95,35.37,97.62,0.81,-1,-1,-1
135,9,388.38,382.14,40.68,92.73,0.84,-1,-1,-1
135,12,682.08,378.12,24.70,69.69,0.64,-1,-1,-1
135,16,851.69,357.90,105.97,166.09,0.65,-1,-1,-1
135,18,916.65,336.49,64.57,254.57,0.86,-1,-1,-1
135,19,318.86,379.40,34.98,93.02,0.89,-1,-1,-1
135,11,633.70,390.71,24.06,59.78,0.19,-1,-1,-1
135,22,746.52,405.91,33.26,35.48,0.68,-1,-1,-1
135,24,1217.34,392.05,36.49,82.98,0.80,-1,-1,-1
135,25,1131.73,386.74,34.44,94.65,0.69,-1,-1,-1
136,6,16.15,351.80,112.04,220.43,0.85,-1,-1,-1
136,7,363.26,381.65,42.50,97.26,0.90,-1,-1,-1
136,8,417.54,375.72,36.10,100.22,0.85,-1,-1,-1
136,9,387.13,382.75,38.54,92.35,0.83,-1,-1,-1
136,12,680.19,377.93,23.79,67.72,0.31,-1,-1,-1
136,16,850.00,358.99,106.35,164.46,0.66,-1,-1,-1
136,18,916.69,336.54,62.66,254.72,0.86,-1,-1,-1
136,19,315.61,379.43,34.05,93.10,0.87,-1,-1,-1
136,11,630.64,390.00,25.37,62.70,0.37,-1,-1,-1
136,22,745.05,405.71,32.76,35.53,0.66,-1,-1,-1
136,24,1216.31,392.19,38.99,81.80,0.21,-1,-1,-1
136,25,1131.51,386.20,34.13,85.83,0.62,-1,-1,-1
137,6,6.87,351.10,113.78,221.91,0.85,-1,-1,-1
137,7,360.61,381.23,43.04,97.27,0.90,-1,-1,-1
137,8,414.80,374.96,36.08,101.06,0.84,-1,-1,-1
137,9,383.34,382.63,40.17,92.19,0.88,-1,-1,-1
137,12,678.24,376.27,24.06,67.92,0.59,-1,-1,-1
137,16,848.19,355.61,110.16,171.08,0.64,-1,-1,-1
137,18,916.04,335.44,62.85,254.81,0.85,-1,-1,-1
137,19,312.21,379.40,34.27,93.11,0.88,-1,-1,-1
137,11,629.45,389.36,24.68,62.90,0.41,-1,-1,-1
137,22,744.14,405.39,32.56,35.55,0.65,-1,-1,-1
137,24,1216.67,392.58,39.92,80.91,0.24,-1,-1,-1
137,25,1130.81,383.27,38.31,110.29,0.81,-1,-1,-1
138,6,-3.45,350.14,116.44,224.03,0.86,-1,-1,-1
138,7,358.35,380.81,42.34,97.58,0.88,-1,-1,-1
138,8,412.35,374.28,35.77,101.51,0.83,-1,-1,-1
138,9,381.12,382.78,40.15,91.68,0.84,-1,-1,-1
138,12,676.07,375.28,24.76,72.85,0.70,-1,-1,-1
138,16,874.09,364.09,79.82,159.77,0.64,-1,-1,-1
138,18,914.33,334.97,63.81,255.82,0.86,-1,-1,-1
138,19,308.23,378.68,34.34,94.15,0.86,-1,-1,-1
138,11,628.50,389.33,25.01,60.30,0.22,-1,-1,-1
138,22,742.03,405.50,33.08,35.85,0.48,-1,-1,-1
138,24,1216.80,392.65,39.06,80.44,0.63,-1,-1,-1
138,25,1133.75,381.88,38.32,117.45,0.84,-1,-1,-1
138,26,119.02,418.05,84.82,100.80,0.80,-1,-1,-1
139,6,-14.84,348.34,120.77,227.12,0.84,-1,-1,-1
139,7,355.58,380.71,42.35,97.98,0.88,-1,-1,-1
139,8,409.63,374.23,35.63,101.81,0.83,-1,-1,-1
139,9,379.09,381.98,39.82,92.68,0.82,-1,-1,-1
139,12,673.71,375.58,25.61,72.30,0.65,-1,-1,-1
139,16,884.14,367.18,68.33,156.19,0.49,-1,-1,-1
139,18,912.69,334.16,64.44,256.85,0.84,-1,-1,-1
139,19,304.84,378.16,34.34,94.52,0.86,-1,-1,-1
139,11,625.41,388.78,25.72,62.94,0.45,-1,-1,-1
139,22,740.86,405.31,33.27,35.97,0.59,-1,-1,-1
139,24,1215.49,392.77,39.82,81.80,0.55,-1,-1,-1
139,25,1135.33,381.19,39.48,118.94,0.84,-1,-1,-1
140,6,-22.20,348.28,120.45,231.21,0.43,-1,-1,-1
140,7,352.67,380.23,43.85,98.88,0.89,-1,-1,-1
140,8,406.74,374.08,37.08,102.35,0.83,-1,-1,-1
140,9,374.37,382.00,41.20,93.35,0.86,-1,-1,-1
140,12,671.40,375.28,25.94,75.67,0.73,-1,-1,-1
140,16,883.19,369.20,68.88,156.40,0.51,-1,-1,-1
140,18,910.95,333.41,64.70,258.84,0.85,-1,-1,-1
140,19,301.44,377.38,33.15,94.66,0.85,-1,-1,-1
140,11,622.23,387.56,26.58,68.32,0.24,-1,-1,-1
140,22,739.58,405.39,33.34,35.71,0.42,-1,-1,-1
140,24,1215.04,393.39,40.08,82.01,0.21,-1,-1,-1
140,25,1135.30,381.13,43.55,117.42,0.79,-1,-1,-1
140,27,107.66,417.60,86.40,102.60,0.79,-1,-1,-1
140,28,560.25,379.80,26.10,74.70,0.72,-1,-1,-1
141,6,-28.62,356.97,119.68,226.72,0.74,-1,-1,-1
141,7,349.74,380.26,42.94,99.03,0.89,-1,-1,-1
141,8,404.39,374.23,37.04,101.47,0.82,-1,-1,-1
141,9,372.23,382.35,39.95,92.67,0.85,-1,-1,-1
141,12,667.70,375.89,27.25,75.72,0.56,-1,-1,-1
141,16,884.76,368.51,66.57,155.99,0.77,-1,-1,-1
141,18,910.02,331.75,63.94,254.57,0.88,-1,-1,-1
141,19,298.09,377.46,30.59,95.26,0.85,-1,-1,-1
141,11,619.41,386.81,28.08,69.46,0.32,-1,-1,-1
141,22,738.31,405.69,32.76,35.60,0.62,-1,-1,-1
141,24,1217.15,392.27,37.79,81.76,0.40,-1,-1,-1
141,25,1136.38,381.35,46.21,117.35,0.89,-1,-1,-1
141,28,557.94,379.63,26.84,72.95,0.68,-1,-1,-1
142,6,-30.98,361.70,114.54,224.43,0.67,-1,-1,-1
142,7,346.66,380.40,43.46,99.28,0.90,-1,-1,-1
142,8,401.25,373.99,35.82,101.77,0.83,-1,-1,-1
142,9,368.87,382.02,40.64,93.51,0.88,-1,-1,-1
142,12,666.06,376.36,27.16,73.40,0.48,-1,-1,-1
142,16,886.01,367.45,63.92,156.53,0.80,-1,-1,-1
142,18,908.96,330.80,64.50,254.93,0.89,-1,-1,-1
142,19,293.67,377.17,30.22,97.01,0.86,-1,-1,-1
142,11,617.21,387.46,28.07,69.93,0.18,-1,-1,-1
142,22,737.32,405.61,31.94,35.58,0.51,-1,-1,-1
142,24,1218.86,391.93,36.82,82.47,0.54,-1,-1,-1
142,25,1137.01,382.72,50.69,117.92,0.89,-1,-1,-1
142,28,555.63,379.10,26.97,73.34,0.49,-1,-1,-1
143,6,-46.30,362.25,118.20,226.41,0.39,-1,-1,-1
143,7,342.84,380.89,42.73,99.19,0.88,-1,-1,-1
143,8,397.84,373.91,37.43,101.83,0.87,-1,-1,-1
143,9,366.73,382.04,39.68,93.64,0.88,-1,-1,-1
143,12,663.72,377.03,26.50,71.28,0.72,-1,-1,-1
143,16,885.98,365.89,63.97,160.58,0.71,-1,-1,-1
143,18,907.00,330.25,65.55,258.23,0.86,-1,-1,-1
143,19,288.96,376.90,30.08,98.07,0.88,-1,-1,-1
143,11,614.37,387.15,29.21,69.77,0.38,-1,-1,-1
143,22,735.14,406.20,32.22,34.97,0.36,-1,-1,-1
143,24,1221.67,391.71,36.42,83.46,0.77,-1,-1,-1
143,25,1137.02,382.76,52.38,119.42,0.90,-1,-1,-1
143,28,553.75,379.62,24.91,69.56,0.61,-1,-1,-1
144,6,-54.68,361.86,116.18,230.23,0.37,-1,-1,-1
144,7,338.78,380.04,44.29,100.84,0.89,-1,-1,-1
144,8,394.99,373.88,37.46,102.81,0.86,-1,-1,-1
144,9,362.87,381.16,40.25,95.23,0.86,-1,-1,-1
144,12,662.03,376.35,25.67,69.32,0.57,-1,-1,-1
144,16,885.15,363.62,65.65,163.52,0.72,-1,-1,-1
144,18,904.99,329.83,66.31,260.64,0.84,-1,-1,-1
144,19,283.82,376.82,30.67,97.92,0.86,-1,-1,-1
144,11,611.87,387.47,29.67,66.47,0.46,-1,-1,-1
144,22,733.54,405.79,32.95,35.66,0.45,-1,-1,-1
144,24,1225.48,392.15,33.88,83.29,0.73,-1,-1,-1
144,25,1137.33,382.56,53.02,120.37,0.89,-1,-1,-1
144,28,550.19,379.79,26.38,72.91,0.66,-1,-1,-1
145,7,334.92,380.35,45.72,100.94,0.90,-1,-1,-1
145,8,392.00,374.22,38.03,104.43,0.84,-1,-1,-1
145,9,359.81,382.35,40.43,95.02,0.88,-1,-1,-1
145,12,658.68,375.96,26.55,73.11,0.61,-1,-1,-1
145,16,883.38,365.29,64.44,162.75,0.52,-1,-1,-1
145,18,901.64,330.78,68.94,263.70,0.83,-1,-1,-1
145,19,278.28,377.73,31.78,97.03,0.87,-1,-1,-1
145,11,609.45,388.06,29.81,72.52,0.38,-1,-1,-1
145,22,732.54,404.61,32.61,37.38,0.35,-1,-1,-1
145,24,1225.84,392.01,34.10,84.21,0.77,-1,-1,-1
145,25,1136.43,382.07,54.32,122.28,0.86,-1,-1,-1
145,28,547.19,380.15,26.81,71.33,0.48,-1,-1,-1
146,7,331.49,380.92,45.39,101.57,0.90,-1,-1,-1
146,8,388.75,374.64,38.85,104.89,0.84,-1,-1,-1
146,9,356.38,382.21,40.81,95.97,0.85,-1,-1,-1
146,12,655.15,377.59,28.05,84.20,0.57,-1,-1,-1
146,16,881.80,370.36,64.36,152.74,0.39,-1,-1,-1
146,18,893.71,333.22,75.51,263.47,0.82,-1,-1,-1
146,19,273.51,379.27,31.61,95.04,0.87,-1,-1,-1
146,11,607.15,388.58,29.86,73.37,0.52,-1,-1,-1
146,22,730.46,406.64,32.48,36.27,0.35,-1,-1,-1
146,24,1224.79,392.94,32.98,83.66,0.80,-1,-1,-1
146,25,1134.94,385.37,55.94,118.92,0.89,-1,-1,-1
146,28,545.02,381.32,25.71,68.83,0.28,-1,-1,-1
147,7,328.33,381.77,44.07,101.96,0.89,-1,-1,-1
147,8,384.46,375.45,40.34,104.31,0.84,-1,-1,-1
147,9,352.32,382.95,41.85,96.03,0.87,-1,-1,-1
147,12,652.97,380.93,26.30,76.82,0.62,-1,-1,-1
147,16,880.32,372.45,62.87,146.14,0.42,-1,-1,-1
147,18,894.72,335.62,73.46,265.34,0.85,-1,-1,-1
147,19,268.99,379.90,31.26,92.33,0.86,-1,-1,-1
147,11,605.46,389.25,29.29,70.17,0.73,-1,-1,-1
147,22,727.64,406.11,33.04,37.32,0.37,-1,-1,-1
147,24,1225.02,393.14,32.56,91.53,0.75,-1,-1,-1
147,25,1134.39,387.27,56.54,116.99,0.89,-1,-1,-1
147,28,544.09,382.72,24.04,64.15,0.43,-1,-1,-1
148,7,324.85,381.91,44.43,102.66,0.88,-1,-1,-1
148,8,382.58,375.86,39.71,103.46,0.83,-1,-1,-1
148,9,349.23,382.59,41.33,97.36,0.85,-1,-1,-1
148,12,649.93,381.56,26.78,76.77,0.58,-1,-1,-1
148,16,878.56,372.27,62.95,148.21,0.59,-1,-1,-1
148,18,894.12,336.54,72.49,268.76,0.85,-1,-1,-1
148,19,264.46,379.48,31.41,92.96,0.87,-1,-1,-1
148,11,603.20,389.03,29.63,74.25,0.35,-1,-1,-1
148,22,726.08,406.20,33.23,37.40,0.31,-1,-1,-1
148,24,1225.01,393.53,32.40,90.49,0.43,-1,-1,-1
148,25,1134.10,388.60,56.68,116.30,0.90,-1,-1,-1
148,28,539.18,380.95,29.87,74.81,0.20,-1,-1,-1
149,7,321.00,381.91,44.84,103.21,0.90,-1,-1,-1
149,8,379.50,375.98,39.43,103.72,0.83,-1,-1,-1
149,9,344.78,383.15,42.01,97.40,0.87,-1,-1,-1
149,12,646.64,381.49,26.94,75.85,0.65,-1,-1,-1
149,16,877.15,378.25,59.34,142.66,0.30,-1,-1,-1
149,18,893.80,337.05,70.86,268.96,0.84,-1,-1,-1
149,19,259.53,380.02,31.45,92.74,0.84,-1,-1,-1
149,11,601.09,389.38,28.56,71.64,0.66,-1,-1,-1
149,22,724.20,406.39,31.51,36.54,0.27,-1,-1,-1
149,24,1222.97,393.61,33.54,91.03,0.65,-1,-1,-1
149,25,1132.61,388.41,56.64,116.42,0.91,-1,-1,-1
