0,1,571.50,296.77,226.80,586.12,0.94,-1,-1,-1
0,2,187.87,333.67,79.65,208.12,0.91,-1,-1,-1
0,3,305.55,358.20,80.10,174.15,0.90,-1,-1,-1
0,4,102.15,337.72,71.10,213.53,0.90,-1,-1,-1
0,5,829.80,240.07,239.40,728.32,0.89,-1,-1,-1
0,6,235.80,351.45,56.25,165.15,0.88,-1,-1,-1
0,7,585.90,384.75,25.20,81.00,0.84,-1,-1,-1
0,8,515.70,378.45,31.50,76.95,0.82,-1,-1,-1
0,9,497.70,379.80,22.50,70.65,0.72,-1,-1,-1
0,10,759.15,382.72,24.30,64.80,0.71,-1,-1,-1
0,11,557.55,382.50,27.00,77.85,0.71,-1,-1,-1
1,1,575.74,296.80,223.83,586.51,0.93,-1,-1,-1
1,2,184.93,333.54,80.58,209.63,0.91,-1,-1,-1
1,3,306.49,359.25,75.86,174.07,0.90,-1,-1,-1
1,4,98.66,337.98,71.73,215.03,0.90,-1,-1,-1
1,5,825.62,240.07,239.17,735.05,0.90,-1,-1,-1
1,6,231.81,352.88,56.29,164.28,0.87,-1,-1,-1
1,7,585.85,385.03,25.22,80.47,0.84,-1,-1,-1
1,8,515.60,378.73,31.52,76.22,0.81,-1,-1,-1
1,9,497.20,379.88,22.52,70.70,0.76,-1,-1,-1
1,10,758.43,383.59,25.10,64.45,0.74,-1,-1,-1
1,11,557.09,382.39,27.02,78.88,0.65,-1,-1,-1
1,12,509.85,379.12,21.60,71.10,0.70,-1,-1,-1
2,1,578.90,298.70,220.47,584.99,0.93,-1,-1,-1
2,2,181.84,333.29,83.80,211.11,0.90,-1,-1,-1
2,3,300.17,359.21,79.44,175.64,0.91,-1,-1,-1
2,4,94.73,336.40,72.32,217.92,0.90,-1,-1,-1
2,5,820.63,240.03,240.52,738.31,0.91,-1,-1,-1
2,6,224.67,351.85,60.77,166.07,0.86,-1,-1,-1
2,7,585.10,385.04,25.92,80.73,0.84,-1,-1,-1
2,8,516.95,378.74,30.12,75.03,0.82,-1,-1,-1
2,9,497.08,379.86,21.81,70.70,0.73,-1,-1,-1
2,10,757.92,383.35,24.54,65.10,0.73,-1,-1,-1
2,11,556.62,382.33,26.32,79.40,0.70,-1,-1,-1
2,12,508.98,379.19,21.62,70.43,0.69,-1,-1,-1
3,1,583.66,299.49,216.65,585.23,0.93,-1,-1,-1
3,2,179.08,333.56,84.20,212.54,0.91,-1,-1,-1
3,3,295.80,359.52,80.19,177.12,0.91,-1,-1,-1
3,4,91.01,336.23,73.20,219.10,0.90,-1,-1,-1
3,5,815.00,239.72,239.50,739.39,0.91,-1,-1,-1
3,6,217.25,352.53,64.49,165.57,0.86,-1,-1,-1
3,7,584.89,384.86,26.13,81.31,0.84,-1,-1,-1
3,8,516.73,378.38,30.38,75.36,0.83,-1,-1,-1
3,9,496.76,380.02,22.29,71.03,0.66,-1,-1,-1
3,10,757.41,383.78,25.03,64.60,0.74,-1,-1,-1
3,11,556.52,382.31,26.09,79.19,0.72,-1,-1,-1
3,12,508.43,379.22,21.62,70.66,0.69,-1,-1,-1
4,1,586.36,300.52,215.55,587.17,0.93,-1,-1,-1
4,2,177.27,333.64,83.24,212.95,0.92,-1,-1,-1
4,3,295.01,359.43,77.40,179.38,0.90,-1,-1,-1
4,4,86.56,335.87,73.58,220.39,0.89,-1,-1,-1
4,5,810.01,237.62,239.12,732.30,0.91,-1,-1,-1
4,6,211.40,354.92,66.73,163.55,0.86,-1,-1,-1
4,7,584.50,384.80,26.18,81.83,0.84,-1,-1,-1
4,8,516.62,377.93,30.47,75.49,0.82,-1,-1,-1
4,9,496.65,379.89,23.10,71.47,0.68,-1,-1,-1
4,10,756.92,383.91,25.84,65.10,0.76,-1,-1,-1
4,11,556.50,382.30,26.03,79.77,0.73,-1,-1,-1
4,12,508.67,379.01,22.31,71.41,0.62,-1,-1,-1
5,1,587.80,301.91,215.87,592.31,0.93,-1,-1,-1
5,2,174.00,333.75,89.19,212.79,0.92,-1,-1,-1
5,3,294.79,359.47,74.39,180.52,0.90,-1,-1,-1
5,4,82.99,334.88,73.53,222.77,0.89,-1,-1,-1
5,5,804.95,233.99,241.79,739.61,0.91,-1,-1,-1
5,6,203.36,347.82,72.66,171.90,0.79,-1,-1,-1
5,7,584.11,384.70,26.17,81.97,0.84,-1,-1,-1
5,8,516.97,377.70,30.51,75.85,0.85,-1,-1,-1
5,9,496.39,379.77,22.10,70.94,0.67,-1,-1,-1
5,10,757.08,384.04,25.47,64.92,0.74,-1,-1,-1
5,11,556.23,382.38,26.01,79.12,0.75,-1,-1,-1
5,12,508.50,379.38,21.19,70.94,0.73,-1,-1,-1
5,13,541.80,382.05,20.70,54.90,0.71,-1,-1,-1
6,1,589.17,304.23,215.55,591.66,0.93,-1,-1,-1
6,2,171.43,333.04,88.59,213.53,0.91,-1,-1,-1
6,3,290.96,358.73,75.69,183.87,0.89,-1,-1,-1
6,4,78.13,334.30,76.21,223.58,0.88,-1,-1,-1
6,5,800.33,232.40,244.12,736.28,0.91,-1,-1,-1
6,6,197.91,344.82,75.93,175.39,0.83,-1,-1,-1
6,7,583.42,384.51,26.81,82.17,0.84,-1,-1,-1
6,8,517.45,377.64,30.54,76.30,0.86,-1,-1,-1
6,9,496.02,379.74,22.37,70.76,0.61,-1,-1,-1
6,10,757.26,384.53,25.33,63.91,0.73,-1,-1,-1
6,11,555.88,382.26,26.03,79.36,0.73,-1,-1,-1
6,12,508.50,379.67,20.80,70.78,0.72,-1,-1,-1
6,13,542.08,381.89,19.99,56.38,0.72,-1,-1,-1
7,1,590.09,304.61,215.48,591.68,0.93,-1,-1,-1
7,2,168.52,332.82,89.30,213.93,0.92,-1,-1,-1
7,3,290.28,357.42,74.89,186.25,0.89,-1,-1,-1
7,4,75.02,333.68,77.71,224.12,0.90,-1,-1,-1
7,5,796.32,225.90,246.13,735.98,0.91,-1,-1,-1
7,6,193.22,345.63,78.01,173.40,0.82,-1,-1,-1
7,7,583.42,383.89,26.41,82.70,0.85,-1,-1,-1
7,8,517.22,377.23,31.18,76.47,0.86,-1,-1,-1
7,9,495.83,379.79,21.84,70.07,0.69,-1,-1,-1
7,10,757.57,384.62,24.65,63.24,0.72,-1,-1,-1
7,11,555.70,381.81,26.04,79.45,0.75,-1,-1,-1
7,12,508.43,379.52,20.67,70.40,0.74,-1,-1,-1
7,13,541.37,381.44,20.56,57.36,0.74,-1,-1,-1
8,1,590.27,303.80,216.06,593.13,0.93,-1,-1,-1
8,2,166.02,332.27,91.00,214.79,0.93,-1,-1,-1
8,3,288.90,357.39,74.91,186.90,0.90,-1,-1,-1
8,4,70.58,332.85,79.30,225.15,0.89,-1,-1,-1
8,5,793.15,221.82,247.34,737.65,0.91,-1,-1,-1
8,6,189.27,340.79,79.84,178.05,0.83,-1,-1,-1
8,7,583.08,383.53,26.85,83.33,0.85,-1,-1,-1
8,8,517.08,376.94,31.40,76.22,0.87,-1,-1,-1
8,9,495.73,379.36,21.64,70.44,0.70,-1,-1,-1
8,10,757.62,384.52,24.39,63.31,0.72,-1,-1,-1
8,11,555.59,381.67,26.04,79.16,0.77,-1,-1,-1
8,12,508.37,379.31,20.63,70.25,0.75,-1,-1,-1
8,13,541.51,381.49,20.04,56.98,0.71,-1,-1,-1
9,1,590.29,301.32,216.41,591.55,0.93,-1,-1,-1
9,2,164.56,331.98,94.32,215.26,0.90,-1,-1,-1
9,3,277.11,356.85,84.19,188.58,0.88,-1,-1,-1
9,4,65.87,330.20,81.25,227.63,0.87,-1,-1,-1
9,5,790.40,217.49,249.08,742.45,0.91,-1,-1,-1
9,6,184.57,338.21,81.35,180.62,0.74,-1,-1,-1
9,7,582.72,383.27,27.02,83.72,0.87,-1,-1,-1
9,8,516.75,376.72,31.50,75.82,0.86,-1,-1,-1
9,9,495.43,379.07,21.58,70.58,0.61,-1,-1,-1
9,10,758.03,383.86,24.31,63.66,0.73,-1,-1,-1
9,11,555.29,381.33,26.06,78.91,0.74,-1,-1,-1
9,12,508.08,379.11,20.63,70.52,0.72,-1,-1,-1
9,13,540.96,381.69,19.85,57.16,0.72,-1,-1,-1
10,1,589.90,298.53,215.40,591.58,0.93,-1,-1,-1
10,2,161.88,330.07,93.85,217.84,0.91,-1,-1,-1
10,3,279.10,355.44,79.09,191.58,0.87,-1,-1,-1
10,4,60.29,328.35,83.23,229.73,0.88,-1,-1,-1
10,5,788.33,210.06,250.95,751.38,0.91,-1,-1,-1
10,6,181.19,344.79,81.18,174.35,0.63,-1,-1,-1
10,7,581.67,382.87,27.08,84.15,0.87,-1,-1,-1
10,8,516.00,376.03,32.14,76.90,0.86,-1,-1,-1
10,9,494.38,378.66,21.57,70.64,0.45,-1,-1,-1
10,10,758.49,383.59,24.29,63.50,0.73,-1,-1,-1
10,11,554.26,381.05,26.68,78.82,0.78,-1,-1,-1
10,12,506.41,378.41,21.26,70.63,0.69,-1,-1,-1
10,13,539.79,381.59,20.46,57.22,0.75,-1,-1,-1
11,1,588.16,295.11,215.02,591.02,0.93,-1,-1,-1
11,2,160.03,328.47,93.27,219.41,0.90,-1,-1,-1
11,3,275.05,353.30,81.12,194.30,0.90,-1,-1,-1
11,4,56.55,327.39,84.38,231.08,0.89,-1,-1,-1
11,5,787.43,208.35,250.65,748.42,0.91,-1,-1,-1
11,6,178.23,338.61,77.67,180.06,0.41,-1,-1,-1
11,7,581.58,382.48,27.09,84.61,0.86,-1,-1,-1
11,8,515.70,375.67,31.77,77.00,0.86,-1,-1,-1
11,9,493.08,378.70,21.57,70.37,0.65,-1,-1,-1
11,10,758.35,383.25,24.28,63.45,0.74,-1,-1,-1
11,11,553.87,381.00,26.31,78.80,0.78,-1,-1,-1
11,12,505.49,377.89,21.49,70.97,0.73,-1,-1,-1
11,13,539.08,381.43,20.66,57.55,0.78,-1,-1,-1
12,1,584.40,292.64,216.06,589.56,0.93,-1,-1,-1
12,2,158.15,328.79,92.52,219.44,0.91,-1,-1,-1
12,3,271.45,352.50,82.12,195.65,0.88,-1,-1,-1
12,4,50.27,326.62,87.62,233.55,0.88,-1,-1,-1
12,5,785.95,205.34,252.81,753.31,0.91,-1,-1,-1
12,6,179.93,337.42,70.05,179.98,0.32,-1,-1,-1
12,7,581.22,382.77,27.08,84.74,0.85,-1,-1,-1
12,8,515.56,375.84,31.02,76.41,0.85,-1,-1,-1
12,9,492.59,379.01,20.96,69.94,0.67,-1,-1,-1
12,10,757.89,382.50,24.27,64.02,0.74,-1,-1,-1
12,11,553.70,380.97,26.16,79.07,0.78,-1,-1,-1
12,12,504.84,377.98,21.57,70.78,0.74,-1,-1,-1
12,13,538.82,381.80,20.10,56.40,0.77,-1,-1,-1
13,1,579.16,290.87,219.54,588.39,0.93,-1,-1,-1
13,2,157.04,328.25,91.47,220.16,0.92,-1,-1,-1
13,3,269.25,351.39,82.79,198.47,0.90,-1,-1,-1
13,4,46.85,326.16,87.02,234.43,0.90,-1,-1,-1
13,5,785.30,206.00,253.37,751.02,0.90,-1,-1,-1
13,6,166.74,339.36,66.51,181.22,0.18,-1,-1,-1
13,7,580.90,383.08,27.08,84.33,0.85,-1,-1,-1
13,8,515.62,375.65,30.74,77.39,0.85,-1,-1,-1
13,9,491.93,379.02,21.35,69.79,0.65,-1,-1,-1
13,10,757.84,382.39,24.28,64.24,0.74,-1,-1,-1
13,11,553.46,380.85,26.11,79.17,0.79,-1,-1,-1
13,12,504.41,377.91,21.61,70.71,0.75,-1,-1,-1
13,13,538.55,381.96,19.90,55.97,0.77,-1,-1,-1
14,1,573.34,286.98,222.17,589.78,0.93,-1,-1,-1
14,2,156.37,327.12,91.01,221.66,0.90,-1,-1,-1
14,3,260.58,350.35,90.21,200.41,0.91,-1,-1,-1
14,4,40.29,325.08,89.15,235.96,0.89,-1,-1,-1
14,5,785.27,204.28,255.46,758.86,0.91,-1,-1,-1
14,7,580.83,382.68,27.09,84.33,0.85,-1,-1,-1
14,8,515.35,375.37,30.65,78.37,0.84,-1,-1,-1
14,9,491.40,378.81,21.51,70.05,0.69,-1,-1,-1
14,10,757.30,382.27,24.90,64.04,0.74,-1,-1,-1
14,11,552.19,379.99,27.32,80.58,0.78,-1,-1,-1
14,12,503.68,377.67,22.23,71.30,0.75,-1,-1,-1
14,13,538.18,381.79,19.83,56.14,0.75,-1,-1,-1
15,1,565.50,283.13,226.12,593.45,0.93,-1,-1,-1
15,2,154.41,326.49,89.83,221.50,0.91,-1,-1,-1
15,3,259.76,348.14,88.64,202.91,0.89,-1,-1,-1
15,4,32.86,323.43,91.71,238.62,0.88,-1,-1,-1
15,5,786.03,206.55,256.77,767.45,0.91,-1,-1,-1
15,7,580.83,382.52,27.68,84.34,0.85,-1,-1,-1
15,8,515.55,375.25,30.62,78.76,0.85,-1,-1,-1
15,9,490.61,378.41,22.17,69.87,0.63,-1,-1,-1
15,10,757.44,381.49,25.13,64.58,0.72,-1,-1,-1
15,11,551.44,378.76,27.76,81.87,0.80,-1,-1,-1
15,12,503.11,377.26,22.46,72.44,0.75,-1,-1,-1
15,13,538.06,381.25,19.81,57.14,0.72,-1,-1,-1
16,1,556.52,281.37,231.02,600.93,0.94,-1,-1,-1
16,2,152.26,325.81,90.14,222.15,0.91,-1,-1,-1
16,3,258.84,346.59,86.96,205.13,0.89,-1,-1,-1
16,4,30.18,322.64,88.67,240.62,0.90,-1,-1,-1
16,5,786.60,211.35,257.33,768.06,0.91,-1,-1,-1
16,7,579.81,382.69,27.88,84.78,0.85,-1,-1,-1
16,8,515.20,375.58,29.99,78.30,0.85,-1,-1,-1
16,9,489.61,378.46,21.81,68.90,0.59,-1,-1,-1
16,10,757.06,381.31,25.20,64.48,0.74,-1,-1,-1
16,11,550.15,378.67,27.90,81.76,0.80,-1,-1,-1
16,12,502.49,377.32,21.93,72.27,0.75,-1,-1,-1
16,13,537.61,380.81,19.79,58.11,0.72,-1,-1,-1
17,1,548.45,280.74,234.06,602.15,0.93,-1,-1,-1
17,2,149.64,324.72,88.97,223.32,0.89,-1,-1,-1
17,3,255.60,344.72,87.18,208.47,0.89,-1,-1,-1
17,4,25.88,322.60,86.94,242.41,0.89,-1,-1,-1
17,5,787.10,215.32,258.44,765.93,0.91,-1,-1,-1
17,7,578.85,382.85,27.96,84.31,0.83,-1,-1,-1
17,8,514.80,376.41,29.76,76.58,0.85,-1,-1,-1
17,9,488.99,378.44,21.67,69.42,0.49,-1,-1,-1
17,10,756.86,381.60,25.82,64.42,0.74,-1,-1,-1
17,11,549.39,379.04,28.55,81.66,0.81,-1,-1,-1
17,12,501.71,377.60,21.73,71.86,0.76,-1,-1,-1
17,13,536.57,380.59,19.79,58.15,0.71,-1,-1,-1
17,6,138.45,340.03,60.83,184.46,0.72,-1,-1,-1
18,1,541.61,281.10,235.19,605.61,0.93,-1,-1,-1
18,2,144.78,324.42,90.48,223.90,0.89,-1,-1,-1
18,3,254.60,343.54,85.16,210.73,0.89,-1,-1,-1
18,4,21.40,321.52,84.98,245.57,0.88,-1,-1,-1
18,5,788.86,218.30,259.13,762.40,0.91,-1,-1,-1
18,7,578.19,383.01,27.39,78.58,0.83,-1,-1,-1
18,8,514.34,376.68,29.68,75.33,0.85,-1,-1,-1
18,9,488.77,378.54,21.62,69.93,0.61,-1,-1,-1
18,10,756.50,382.13,27.24,63.50,0.71,-1,-1,-1
18,11,549.11,379.29,28.21,81.03,0.83,-1,-1,-1
18,12,501.13,377.66,21.05,71.11,0.73,-1,-1,-1
18,13,535.89,380.76,19.18,57.56,0.71,-1,-1,-1
18,6,123.56,339.06,67.49,188.63,0.72,-1,-1,-1
19,1,535.95,281.92,236.78,610.55,0.93,-1,-1,-1
19,2,143.00,324.69,87.77,223.62,0.89,-1,-1,-1
19,3,255.08,342.59,81.96,213.42,0.89,-1,-1,-1
19,4,16.73,321.06,84.81,248.17,0.88,-1,-1,-1
19,5,791.15,219.62,258.48,763.63,0.90,-1,-1,-1
19,7,578.66,383.26,26.56,74.53,0.77,-1,-1,-1
19,8,514.57,376.66,29.05,76.07,0.84,-1,-1,-1
19,9,488.21,378.47,22.21,71.01,0.67,-1,-1,-1
19,10,756.75,382.35,28.36,63.15,0.71,-1,-1,-1
19,11,548.83,378.83,26.87,82.13,0.79,-1,-1,-1
19,12,501.04,377.72,20.80,71.72,0.73,-1,-1,-1
19,13,535.14,380.71,18.96,58.23,0.60,-1,-1,-1
19,6,107.16,344.60,78.78,184.38,0.60,-1,-1,-1
20,1,531.59,285.35,238.41,614.66,0.93,-1,-1,-1
20,2,141.94,324.70,85.91,225.40,0.87,-1,-1,-1
20,3,250.15,341.43,84.35,216.70,0.89,-1,-1,-1
20,4,13.02,321.39,84.32,249.21,0.88,-1,-1,-1
20,5,794.75,217.71,257.16,771.87,0.90,-1,-1,-1
20,7,578.87,383.59,25.63,69.07,0.73,-1,-1,-1
20,8,514.08,377.19,29.42,75.44,0.85,-1,-1,-1
20,9,487.74,378.22,22.41,72.01,0.69,-1,-1,-1
20,10,757.12,382.54,28.19,62.71,0.71,-1,-1,-1
20,11,548.16,378.74,26.95,83.12,0.80,-1,-1,-1
20,12,500.44,377.82,20.70,71.34,0.73,-1,-1,-1
20,13,534.90,380.62,18.88,58.77,0.66,-1,-1,-1
20,6,90.10,347.07,87.58,183.58,0.80,-1,-1,-1
21,1,528.00,288.77,238.33,611.20,0.93,-1,-1,-1
21,2,140.46,324.72,85.21,226.87,0.89,-1,-1,-1
21,3,239.28,339.85,93.22,219.27,0.90,-1,-1,-1
21,4,8.13,321.11,84.55,251.38,0.87,-1,-1,-1
21,5,796.96,217.90,257.48,772.00,0.90,-1,-1,-1
21,7,578.34,383.52,26.51,67.47,0.68,-1,-1,-1
21,8,513.61,377.20,29.56,74.88,0.85,-1,-1,-1
21,9,487.30,378.40,22.49,71.47,0.55,-1,-1,-1
21,10,757.50,382.72,27.51,62.54,0.72,-1,-1,-1
21,11,547.33,378.69,26.97,84.05,0.79,-1,-1,-1
21,12,499.94,377.69,20.66,69.97,0.71,-1,-1,-1
21,13,534.53,380.86,18.85,57.75,0.60,-1,-1,-1
21,6,72.52,348.72,100.53,184.57,0.83,-1,-1,-1
22,1,524.72,292.44,239.05,616.59,0.93,-1,-1,-1
22,2,138.26,324.80,84.74,227.18,0.91,-1,-1,-1
22,3,236.87,339.02,92.87,222.32,0.91,-1,-1,-1
22,4,1.65,321.10,85.10,252.52,0.87,-1,-1,-1
22,5,797.90,213.55,257.82,771.20,0.90,-1,-1,-1
22,7,578.20,383.49,26.25,67.92,0.65,-1,-1,-1
22,8,512.85,376.91,29.64,75.31,0.85,-1,-1,-1
22,9,486.86,378.63,22.53,71.88,0.67,-1,-1,-1
22,10,757.18,383.36,28.46,62.20,0.74,-1,-1,-1
22,11,546.47,378.67,27.61,84.42,0.79,-1,-1,-1
22,12,499.19,378.40,21.28,69.49,0.69,-1,-1,-1
22,13,534.44,380.80,18.25,57.98,0.36,-1,-1,-1
22,6,56.25,348.19,112.09,186.78,0.82,-1,-1,-1
23,1,522.44,293.73,239.03,613.61,0.93,-1,-1,-1
23,2,136.46,324.05,85.25,227.79,0.92,-1,-1,-1
23,3,234.90,338.12,92.24,225.55,0.91,-1,-1,-1
23,4,-1.70,320.01,84.27,254.00,0.88,-1,-1,-1
23,5,798.77,209.38,258.84,765.35,0.90,-1,-1,-1
23,7,577.82,383.07,26.13,67.81,0.66,-1,-1,-1
23,8,512.26,376.83,29.64,75.45,0.85,-1,-1,-1
23,9,486.11,378.29,22.52,72.30,0.73,-1,-1,-1
23,10,757.24,383.23,28.19,62.06,0.76,-1,-1,-1
23,11,545.84,378.56,27.22,83.93,0.81,-1,-1,-1
23,12,498.02,377.78,21.48,70.80,0.73,-1,-1,-1
23,13,534.40,380.21,18.02,58.95,0.30,-1,-1,-1
23,6,43.59,340.45,122.09,196.33,0.86,-1,-1,-1
24,1,520.60,293.31,239.08,611.42,0.93,-1,-1,-1
24,2,133.78,322.48,86.99,229.80,0.92,-1,-1,-1
24,3,232.25,336.81,91.70,228.49,0.89,-1,-1,-1
24,4,-4.30,320.11,82.07,252.74,0.87,-1,-1,-1
24,5,798.60,202.86,260.50,772.16,0.90,-1,-1,-1
24,7,578.07,382.62,25.49,65.69,0.56,-1,-1,-1
24,8,512.42,375.91,29.06,76.72,0.85,-1,-1,-1
24,9,485.32,377.73,22.53,72.76,0.76,-1,-1,-1
24,10,757.97,382.71,28.08,62.33,0.75,-1,-1,-1
24,11,545.41,377.33,27.08,87.47,0.77,-1,-1,-1
24,12,497.67,376.82,21.57,72.49,0.76,-1,-1,-1
24,13,534.18,380.00,18.55,59.61,0.23,-1,-1,-1
24,6,36.55,336.70,126.18,201.23,0.90,-1,-1,-1
25,1,519.44,292.12,239.06,611.58,0.93,-1,-1,-1
25,2,130.16,321.95,90.03,229.93,0.92,-1,-1,-1
25,3,225.72,335.80,95.62,229.51,0.89,-1,-1,-1
25,4,-6.40,317.39,78.80,254.72,0.86,-1,-1,-1
25,5,798.81,195.88,261.41,779.88,0.89,-1,-1,-1
25,7,578.17,382.66,25.26,68.67,0.60,-1,-1,-1
25,8,512.18,374.71,28.84,77.49,0.84,-1,-1,-1
25,9,484.74,377.55,22.53,72.04,0.52,-1,-1,-1
25,10,758.83,381.80,28.63,62.73,0.79,-1,-1,-1
25,11,544.66,376.77,27.63,90.68,0.79,-1,-1,-1
25,12,496.95,376.34,22.20,72.53,0.74,-1,-1,-1
25,13,534.39,379.52,18.75,60.15,0.15,-1,-1,-1
25,6,31.80,335.30,126.30,203.37,0.91,-1,-1,-1
26,1,518.87,287.55,238.30,616.23,0.93,-1,-1,-1
26,2,126.71,320.92,91.42,231.08,0.93,-1,-1,-1
26,3,220.68,335.21,98.19,231.22,0.92,-1,-1,-1
26,4,-8.24,315.53,75.58,257.42,0.88,-1,-1,-1
26,5,799.43,192.25,261.59,786.70,0.90,-1,-1,-1
26,7,576.70,381.98,26.37,73.31,0.25,-1,-1,-1
26,8,511.52,373.72,29.36,77.17,0.85,-1,-1,-1
26,9,483.97,376.80,22.51,71.73,0.66,-1,-1,-1
26,10,759.40,380.94,28.81,63.47,0.74,-1,-1,-1
26,11,544.11,378.22,26.63,80.92,0.73,-1,-1,-1
26,12,496.43,375.78,22.42,72.52,0.76,-1,-1,-1
26,13,534.50,379.09,18.22,59.14,0.24,-1,-1,-1
26,6,28.01,334.22,123.93,203.78,0.91,-1,-1,-1
27,1,517.84,282.62,239.80,622.72,0.93,-1,-1,-1
27,2,123.42,320.02,92.84,232.08,0.92,-1,-1,-1
27,3,217.35,334.50,99.74,233.86,0.90,-1,-1,-1
27,4,-10.85,314.48,73.82,257.36,0.86,-1,-1,-1
27,5,800.23,190.26,262.86,792.93,0.90,-1,-1,-1
27,7,575.84,381.34,25.60,74.19,0.12,-1,-1,-1
27,8,510.95,373.42,29.55,77.64,0.85,-1,-1,-1
27,9,483.36,376.58,22.51,71.62,0.71,-1,-1,-1
27,10,759.88,380.67,28.29,63.45,0.76,-1,-1,-1
27,11,543.29,376.74,28.06,86.78,0.71,-1,-1,-1
27,12,496.51,375.33,21.91,72.51,0.78,-1,-1,-1
27,13,534.22,379.30,18.03,58.15,0.20,-1,-1,-1
27,6,25.29,332.44,121.57,206.22,0.91,-1,-1,-1
28,1,516.98,278.38,239.86,629.94,0.93,-1,-1,-1
28,2,120.29,318.85,95.04,234.24,0.93,-1,-1,-1
28,3,212.00,333.71,103.05,236.57,0.91,-1,-1,-1
28,4,-12.84,314.18,71.07,257.59,0.87,-1,-1,-1
28,5,800.86,187.61,264.34,797.81,0.90,-1,-1,-1
28,8,510.16,373.16,30.24,78.12,0.85,-1,-1,-1
28,9,483.17,376.06,22.52,71.88,0.67,-1,-1,-1
28,10,760.11,380.70,28.68,63.15,0.80,-1,-1,-1
28,11,543.03,376.09,28.59,83.20,0.62,-1,-1,-1
28,12,496.58,374.88,22.33,73.11,0.76,-1,-1,-1
28,13,533.54,379.24,18.58,58.98,0.21,-1,-1,-1
28,6,21.03,328.61,118.95,210.06,0.92,-1,-1,-1
29,1,515.87,273.99,239.24,630.98,0.92,-1,-1,-1
29,2,117.41,317.54,95.12,235.62,0.92,-1,-1,-1
29,3,210.71,332.85,103.04,241.36,0.92,-1,-1,-1
29,4,-15.58,313.51,68.79,257.93,0.85,-1,-1,-1
29,5,800.49,184.92,264.86,804.90,0.90,-1,-1,-1
29,8,509.58,372.79,30.50,78.29,0.85,-1,-1,-1
29,9,482.82,375.73,22.52,72.28,0.66,-1,-1,-1
29,10,760.49,379.82,27.64,63.94,0.75,-1,-1,-1
29,11,543.54,376.00,27.61,78.11,0.27,-1,-1,-1
29,12,495.73,374.72,22.48,73.33,0.75,-1,-1,-1
29,6,16.84,326.88,114.07,211.16,0.92,-1,-1,-1
30,1,514.64,270.53,237.68,632.96,0.93,-1,-1,-1
30,2,113.87,316.80,94.33,236.72,0.92,-1,-1,-1
30,3,207.56,331.72,104.99,246.36,0.92,-1,-1,-1
30,4,-18.68,312.40,68.10,260.10,0.83,-1,-1,-1
30,5,800.05,184.73,265.19,810.48,0.90,-1,-1,-1
30,8,509.05,372.75,31.18,79.55,0.85,-1,-1,-1
30,9,482.68,375.70,22.51,72.73,0.70,-1,-1,-1
30,10,761.20,380.09,26.61,63.64,0.75,-1,-1,-1
30,11,543.44,375.47,27.81,78.99,0.32,-1,-1,-1
30,12,495.40,374.76,22.52,73.41,0.71,-1,-1,-1
30,6,14.54,325.69,104.60,212.71,0.91,-1,-1,-1
31,1,513.66,267.16,237.10,635.47,0.93,-1,-1,-1
31,2,110.78,316.21,92.98,238.01,0.93,-1,-1,-1
31,3,204.95,331.29,106.87,250.85,0.93,-1,-1,-1
31,4,-21.64,311.08,68.29,261.49,0.81,-1,-1,-1
31,5,797.79,183.07,267.39,819.51,0.90,-1,-1,-1
31,8,508.83,372.27,31.43,79.14,0.85,-1,-1,-1
31,9,481.72,375.38,23.10,72.90,0.72,-1,-1,-1
31,10,761.44,378.53,26.23,65.63,0.76,-1,-1,-1
31,11,543.39,375.57,26.69,76.61,0.29,-1,-1,-1
31,12,494.66,375.06,22.53,72.54,0.72,-1,-1,-1
31,6,10.97,323.62,94.80,214.88,0.92,-1,-1,-1
32,1,512.67,264.46,235.69,636.38,0.93,-1,-1,-1
32,2,107.20,316.17,92.15,238.92,0.93,-1,-1,-1
32,3,203.65,331.74,107.55,253.09,0.92,-1,-1,-1
32,4,-28.54,310.03,72.37,259.29,0.79,-1,-1,-1
32,5,794.77,183.55,267.92,820.04,0.90,-1,-1,-1
32,8,508.07,371.81,31.53,79.57,0.84,-1,-1,-1
32,9,481.27,374.81,23.33,73.86,0.75,-1,-1,-1
32,10,761.45,377.80,26.10,66.37,0.76,-1,-1,-1
32,11,542.39,374.86,26.27,75.43,0.19,-1,-1,-1
32,12,494.30,374.88,22.54,73.12,0.71,-1,-1,-1
32,6,4.72,319.03,84.05,221.26,0.88,-1,-1,-1
33,1,513.70,264.72,233.90,634.03,0.93,-1,-1,-1
33,2,104.63,316.94,92.11,240.18,0.94,-1,-1,-1
33,3,198.94,331.68,111.56,256.39,0.92,-1,-1,-1
33,4,-34.78,309.84,77.07,261.15,0.74,-1,-1,-1
33,5,790.37,189.96,269.51,833.62,0.89,-1,-1,-1
33,8,507.61,372.37,31.55,79.99,0.84,-1,-1,-1
33,9,481.25,375.19,22.81,73.89,0.72,-1,-1,-1
33,10,761.77,378.41,26.05,66.32,0.74,-1,-1,-1
33,11,542.14,375.33,26.71,76.52,0.15,-1,-1,-1
33,12,493.41,375.10,23.13,73.90,0.70,-1,-1,-1
33,6,-1.63,319.56,75.00,223.70,0.88,-1,-1,-1
34,1,515.45,267.30,231.40,631.14,0.93,-1,-1,-1
34,2,102.59,317.55,92.97,241.46,0.94,-1,-1,-1
34,3,195.50,332.86,114.48,258.67,0.92,-1,-1,-1
34,4,-42.59,311.76,82.26,264.89,0.69,-1,-1,-1
34,5,786.37,194.22,271.24,838.42,0.89,-1,-1,-1
34,8,507.84,373.17,31.55,79.24,0.84,-1,-1,-1
34,9,481.05,375.77,22.61,73.58,0.75,-1,-1,-1
34,10,762.22,378.92,25.43,65.98,0.73,-1,-1,-1
34,11,542.14,376.71,26.28,75.72,0.18,-1,-1,-1
34,12,493.48,375.62,22.75,74.17,0.75,-1,-1,-1
34,6,-9.45,320.44,73.15,228.60,0.83,-1,-1,-1
35,1,517.55,270.66,229.51,627.92,0.93,-1,-1,-1
35,2,101.14,319.03,93.53,241.73,0.93,-1,-1,-1
35,3,192.67,333.08,116.84,261.33,0.92,-1,-1,-1
35,4,-48.00,314.64,86.09,266.41,0.69,-1,-1,-1
35,5,781.65,196.76,273.05,831.75,0.89,-1,-1,-1
35,8,507.54,373.93,31.58,79.28,0.84,-1,-1,-1
35,9,480.58,376.45,22.55,74.09,0.71,-1,-1,-1
35,10,762.42,379.53,25.23,65.58,0.77,-1,-1,-1
35,11,542.08,377.98,25.54,73.67,0.20,-1,-1,-1
35,12,493.41,376.27,22.63,75.20,0.75,-1,-1,-1
35,6,-16.51,320.88,71.11,230.23,0.67,-1,-1,-1
36,1,518.43,274.56,229.80,626.59,0.92,-1,-1,-1
36,2,98.35,319.36,94.68,242.95,0.93,-1,-1,-1
36,3,189.02,332.81,118.76,263.55,0.93,-1,-1,-1
36,5,776.94,201.47,272.80,821.59,0.88,-1,-1,-1
36,8,507.76,374.38,30.36,79.58,0.84,-1,-1,-1
36,9,480.44,376.87,22.51,74.27,0.72,-1,-1,-1
36,10,763.35,380.16,24.53,65.71,0.72,-1,-1,-1
36,11,541.17,380.46,24.64,69.57,0.27,-1,-1,-1
36,12,492.83,376.23,22.55,75.87,0.75,-1,-1,-1
36,6,-40.88,317.04,87.08,250.40,0.76,-1,-1,-1
37,1,519.41,279.14,228.32,622.58,0.93,-1,-1,-1
37,2,95.67,319.25,96.03,245.14,0.93,-1,-1,-1
37,3,184.54,331.43,121.56,267.65,0.92,-1,-1,-1
37,5,772.55,199.95,274.40,830.27,0.89,-1,-1,-1
37,8,507.90,375.09,29.92,78.79,0.84,-1,-1,-1
37,9,480.15,377.72,22.51,73.73,0.77,-1,-1,-1
37,10,764.04,380.71,24.30,65.75,0.65,-1,-1,-1
37,11,540.59,381.76,25.56,68.40,0.31,-1,-1,-1
37,12,492.67,376.61,21.94,75.52,0.75,-1,-1,-1
37,6,-47.54,318.53,84.96,248.53,0.73,-1,-1,-1
38,1,519.79,283.25,228.28,625.13,0.92,-1,-1,-1
38,2,93.10,319.16,97.12,245.88,0.93,-1,-1,-1
38,3,183.00,331.45,119.91,269.65,0.92,-1,-1,-1
38,5,767.03,197.32,277.51,834.73,0.89,-1,-1,-1
38,8,507.05,375.32,30.35,79.06,0.85,-1,-1,-1
38,9,479.75,377.85,22.50,74.10,0.79,-1,-1,-1
38,10,764.50,382.69,23.61,60.08,0.32,-1,-1,-1
38,11,540.37,382.47,27.07,68.62,0.50,-1,-1,-1
38,12,492.62,376.85,21.70,74.75,0.75,-1,-1,-1
38,6,-54.50,319.72,84.06,255.37,0.54,-1,-1,-1
39,1,519.29,289.83,228.23,622.24,0.92,-1,-1,-1
39,2,89.84,318.75,98.68,246.73,0.93,-1,-1,-1
39,3,180.85,331.27,119.73,273.13,0.93,-1,-1,-1
39,5,761.73,193.34,279.45,847.67,0.89,-1,-1,-1
39,8,506.97,375.67,29.90,78.27,0.85,-1,-1,-1
39,9,478.95,377.86,22.49,73.94,0.82,-1,-1,-1
39,10,764.60,384.38,20.30,52.93,0.33,-1,-1,-1
39,11,539.94,381.93,27.63,70.87,0.62,-1,-1,-1
39,12,492.25,377.07,21.61,73.86,0.75,-1,-1,-1
39,6,-55.79,327.09,78.66,243.34,0.51,-1,-1,-1
40,1,520.43,293.83,228.22,624.28,0.92,-1,-1,-1
40,2,87.79,317.91,99.09,247.00,0.92,-1,-1,-1
40,3,178.36,329.49,119.59,276.85,0.92,-1,-1,-1
40,5,758.14,193.08,280.12,842.79,0.89,-1,-1,-1
40,8,507.36,376.15,29.73,77.07,0.85,-1,-1,-1
40,9,478.47,377.62,22.49,73.87,0.80,-1,-1,-1
40,10,765.02,385.21,16.50,43.69,0.26,-1,-1,-1
40,11,539.60,380.58,27.85,73.21,0.66,-1,-1,-1
40,12,492.23,376.90,21.57,74.42,0.77,-1,-1,-1
40,6,-66.97,339.86,85.57,244.57,0.28,-1,-1,-1
41,1,521.49,296.71,229.73,621.15,0.92,-1,-1,-1
41,2,85.78,317.08,99.06,247.77,0.93,-1,-1,-1
41,3,177.22,328.60,117.27,281.24,0.91,-1,-1,-1
41,5,756.72,189.40,289.92,832.64,0.89,-1,-1,-1
41,8,507.56,375.87,30.91,77.26,0.85,-1,-1,-1
41,9,478.03,377.53,22.52,74.18,0.82,-1,-1,-1
41,11,539.25,380.20,27.37,73.26,0.67,-1,-1,-1
41,12,491.96,376.53,22.19,74.96,0.77,-1,-1,-1
42,1,520.95,295.43,233.02,622.84,0.92,-1,-1,-1
42,2,83.96,316.29,98.75,246.14,0.93,-1,-1,-1
42,3,172.27,327.37,118.12,286.37,0.91,-1,-1,-1
42,5,753.78,186.14,285.56,821.87,0.90,-1,-1,-1
42,8,506.98,375.06,31.90,79.10,0.85,-1,-1,-1
42,9,477.24,376.93,23.10,74.85,0.81,-1,-1,-1
42,11,539.05,379.79,27.15,72.66,0.65,-1,-1,-1
42,12,491.53,376.29,22.40,75.13,0.76,-1,-1,-1
43,1,519.83,291.17,234.93,628.70,0.92,-1,-1,-1
43,2,81.24,314.29,98.79,246.06,0.93,-1,-1,-1
43,3,169.00,326.25,117.56,292.18,0.92,-1,-1,-1
43,5,750.34,180.15,284.46,826.16,0.90,-1,-1,-1
43,8,506.74,374.78,32.29,80.38,0.85,-1,-1,-1
43,9,476.34,376.59,23.91,75.70,0.81,-1,-1,-1
43,11,538.97,378.47,28.26,76.03,0.64,-1,-1,-1
43,12,491.05,375.93,22.48,75.78,0.75,-1,-1,-1
43,14,356.85,360.00,46.80,139.05,0.75,-1,-1,-1
44,1,517.92,286.04,236.23,632.32,0.92,-1,-1,-1
44,2,77.52,313.18,100.12,246.34,0.93,-1,-1,-1
44,3,163.39,325.62,120.58,296.53,0.91,-1,-1,-1
44,5,747.41,175.82,285.15,830.52,0.90,-1,-1,-1
44,8,506.95,374.33,31.84,79.10,0.84,-1,-1,-1
44,9,476.30,375.67,23.63,76.61,0.80,-1,-1,-1
44,11,538.65,376.75,28.67,77.58,0.56,-1,-1,-1
44,12,490.28,375.00,22.51,76.33,0.77,-1,-1,-1
44,14,355.66,359.74,46.83,137.56,0.73,-1,-1,-1
45,1,515.14,280.59,237.95,635.33,0.92,-1,-1,-1
45,2,72.21,312.49,102.70,247.72,0.93,-1,-1,-1
45,3,158.34,324.97,122.30,300.36,0.90,-1,-1,-1
45,5,745.18,172.55,285.45,834.96,0.90,-1,-1,-1
45,8,507.36,373.80,31.07,78.88,0.84,-1,-1,-1
45,9,476.34,375.86,22.93,76.05,0.80,-1,-1,-1
45,11,539.16,375.58,27.06,74.92,0.26,-1,-1,-1
45,12,490.03,374.44,22.53,77.41,0.76,-1,-1,-1
45,14,353.32,359.04,48.59,140.41,0.75,-1,-1,-1
45,15,406.35,362.02,44.55,132.07,0.73,-1,-1,-1
46,1,509.91,275.59,240.85,638.84,0.93,-1,-1,-1
46,2,68.55,311.32,103.03,249.12,0.93,-1,-1,-1
46,3,151.71,323.40,125.75,305.39,0.90,-1,-1,-1
46,5,742.66,171.02,285.37,840.06,0.90,-1,-1,-1
46,8,506.58,373.79,31.36,78.80,0.84,-1,-1,-1
46,9,475.73,375.67,23.24,76.42,0.81,-1,-1,-1
46,11,539.02,374.89,27.02,76.27,0.18,-1,-1,-1
46,12,489.61,373.97,22.52,78.40,0.76,-1,-1,-1
46,14,354.71,358.64,47.08,139.74,0.69,-1,-1,-1
47,1,503.45,272.55,247.35,642.72,0.92,-1,-1,-1
47,2,63.76,309.60,103.94,251.35,0.93,-1,-1,-1
47,3,151.39,322.12,121.87,310.38,0.90,-1,-1,-1
47,5,740.94,171.25,287.49,846.22,0.89,-1,-1,-1
47,8,507.13,373.69,30.29,77.89,0.83,-1,-1,-1
47,9,475.15,375.65,23.37,76.28,0.80,-1,-1,-1
47,12,488.80,374.74,23.12,76.72,0.76,-1,-1,-1
47,14,353.88,358.91,45.84,135.04,0.63,-1,-1,-1
48,1,495.41,270.59,256.28,650.31,0.92,-1,-1,-1
48,2,58.54,310.53,104.90,250.94,0.94,-1,-1,-1
48,3,132.76,322.03,137.21,315.93,0.88,-1,-1,-1
48,5,738.54,171.01,290.66,854.18,0.89,-1,-1,-1
48,8,507.02,373.24,30.48,79.05,0.83,-1,-1,-1
48,9,474.03,375.25,24.01,77.40,0.78,-1,-1,-1
48,12,487.89,374.79,23.34,77.54,0.76,-1,-1,-1
48,14,354.48,359.05,43.79,132.12,0.67,-1,-1,-1
48,16,396.90,353.70,54.90,140.85,0.80,-1,-1,-1
49,1,486.59,267.20,261.35,655.08,0.93,-1,-1,-1
49,2,54.67,310.27,104.68,252.20,0.94,-1,-1,-1
49,3,123.43,321.53,142.41,321.54,0.89,-1,-1,-1
49,5,737.75,172.76,290.56,855.77,0.89,-1,-1,-1
49,8,506.42,372.74,31.14,79.46,0.82,-1,-1,-1
49,9,473.08,374.46,24.24,77.80,0.76,-1,-1,-1
49,12,487.31,374.61,23.42,78.13,0.75,-1,-1,-1
49,14,351.50,359.07,45.76,131.83,0.70,-1,-1,-1
49,16,396.60,352.79,53.86,142.24,0.83,-1,-1,-1
50,1,477.03,266.39,267.20,658.99,0.92,-1,-1,-1
50,2,49.81,310.22,104.66,253.29,0.94,-1,-1,-1
50,3,110.91,321.42,150.17,328.30,0.91,-1,-1,-1
50,5,736.64,175.30,291.19,860.71,0.89,-1,-1,-1
50,8,506.42,372.84,30.19,79.04,0.81,-1,-1,-1
50,9,472.35,374.44,24.31,77.95,0.77,-1,-1,-1
50,12,486.72,374.09,24.02,79.54,0.75,-1,-1,-1
50,14,349.81,358.68,46.70,131.97,0.66,-1,-1,-1
50,16,396.08,352.68,52.25,143.25,0.79,-1,-1,-1
51,1,468.57,267.45,273.00,663.09,0.92,-1,-1,-1
51,2,44.38,310.60,105.77,254.81,0.93,-1,-1,-1
51,3,108.02,319.98,149.90,335.39,0.91,-1,-1,-1
51,5,737.26,179.07,290.05,857.13,0.89,-1,-1,-1
51,8,505.93,372.55,29.83,78.86,0.79,-1,-1,-1
51,9,472.21,374.57,24.35,78.29,0.77,-1,-1,-1
51,12,486.62,374.17,23.67,80.05,0.75,-1,-1,-1
51,14,348.89,358.39,47.08,131.27,0.51,-1,-1,-1
51,16,395.47,352.80,52.44,143.66,0.79,-1,-1,-1
52,1,462.01,269.60,275.92,667.64,0.92,-1,-1,-1
52,2,38.43,311.38,107.89,254.90,0.93,-1,-1,-1
52,3,102.46,317.14,153.63,342.20,0.91,-1,-1,-1
52,5,738.25,179.78,289.82,853.39,0.89,-1,-1,-1
52,8,505.56,372.97,30.33,78.49,0.80,-1,-1,-1
52,9,471.98,374.85,24.38,78.70,0.79,-1,-1,-1
52,12,486.42,374.42,24.15,80.83,0.76,-1,-1,-1
52,14,349.45,359.00,45.73,131.06,0.62,-1,-1,-1
52,16,395.57,353.91,51.19,143.06,0.84,-1,-1,-1
53,1,456.21,271.25,278.48,670.92,0.92,-1,-1,-1
53,2,34.62,311.09,107.40,256.61,0.93,-1,-1,-1
53,3,93.04,314.74,159.54,348.26,0.92,-1,-1,-1
53,5,739.04,177.44,289.91,860.63,0.89,-1,-1,-1
53,8,505.38,373.35,30.51,78.07,0.81,-1,-1,-1
53,9,471.57,374.88,24.38,78.86,0.78,-1,-1,-1
53,12,486.02,374.74,24.31,80.83,0.74,-1,-1,-1
53,14,348.87,359.28,45.21,130.91,0.67,-1,-1,-1
53,16,395.10,355.01,50.46,142.05,0.82,-1,-1,-1
54,1,451.83,274.98,279.89,673.61,0.92,-1,-1,-1
54,2,27.28,311.68,110.92,259.82,0.91,-1,-1,-1
54,3,85.26,313.81,164.14,352.51,0.92,-1,-1,-1
54,5,739.05,178.03,293.16,871.20,0.89,-1,-1,-1
54,8,505.05,373.56,31.17,77.59,0.80,-1,-1,-1
54,9,471.17,374.96,24.37,79.48,0.79,-1,-1,-1
54,12,485.61,374.78,23.78,80.19,0.75,-1,-1,-1
54,14,349.53,358.38,44.10,132.82,0.67,-1,-1,-1
54,16,394.36,355.75,50.24,141.97,0.83,-1,-1,-1
55,1,448.62,282.46,280.31,677.33,0.92,-1,-1,-1
55,2,23.99,312.32,109.42,259.06,0.92,-1,-1,-1
55,3,76.89,309.63,168.98,360.99,0.94,-1,-1,-1
55,5,739.17,181.19,294.34,864.99,0.89,-1,-1,-1
55,8,505.00,374.04,31.42,75.31,0.81,-1,-1,-1
55,9,470.81,374.94,24.36,80.89,0.80,-1,-1,-1
55,12,485.54,375.05,23.56,79.33,0.75,-1,-1,-1
55,14,349.40,357.41,44.31,135.36,0.64,-1,-1,-1
55,16,393.71,356.58,50.51,141.94,0.84,-1,-1,-1
56,1,445.35,289.06,281.10,676.57,0.92,-1,-1,-1
56,2,19.15,312.03,110.53,261.86,0.92,-1,-1,-1
56,3,65.96,306.80,175.73,367.60,0.90,-1,-1,-1
56,5,739.56,179.18,296.85,874.62,0.89,-1,-1,-1
56,8,505.57,374.14,30.92,74.76,0.80,-1,-1,-1
56,9,470.09,374.71,24.95,81.71,0.81,-1,-1,-1
56,12,485.23,374.91,23.48,78.40,0.76,-1,-1,-1
56,14,349.67,357.56,42.89,136.02,0.67,-1,-1,-1
56,16,393.65,357.08,50.32,141.01,0.83,-1,-1,-1
57,1,444.27,292.31,278.80,672.84,0.91,-1,-1,-1
57,2,14.48,311.15,110.88,264.06,0.92,-1,-1,-1
57,3,58.65,303.68,179.45,374.77,0.92,-1,-1,-1
57,5,740.63,179.41,298.49,872.29,0.89,-1,-1,-1
57,8,506.08,374.36,30.11,73.67,0.81,-1,-1,-1
57,9,469.82,374.35,25.16,81.71,0.80,-1,-1,-1
57,12,485.10,374.74,23.43,78.04,0.75,-1,-1,-1
57,14,348.40,358.24,42.96,135.51,0.68,-1,-1,-1
57,16,393.80,356.65,50.24,141.43,0.84,-1,-1,-1
58,1,443.74,294.28,275.70,666.32,0.92,-1,-1,-1
58,2,10.31,310.06,111.82,266.89,0.92,-1,-1,-1
58,3,34.35,301.91,200.09,380.09,0.91,-1,-1,-1
58,5,742.37,178.17,298.03,867.76,0.89,-1,-1,-1
58,8,506.43,374.48,29.82,73.27,0.81,-1,-1,-1
58,9,469.89,374.26,25.25,81.68,0.78,-1,-1,-1
58,12,484.93,374.42,24.03,80.30,0.74,-1,-1,-1
58,14,347.97,359.02,42.41,134.56,0.67,-1,-1,-1
58,16,393.26,356.54,51.17,141.28,0.81,-1,-1,-1
59,1,442.52,293.60,273.00,662.81,0.92,-1,-1,-1
59,2,6.60,308.98,111.21,266.47,0.92,-1,-1,-1
59,3,36.62,299.76,193.42,385.49,0.94,-1,-1,-1
59,5,744.45,172.65,299.16,878.91,0.89,-1,-1,-1
59,8,507.02,374.83,29.10,72.55,0.81,-1,-1,-1
59,9,469.79,374.08,25.26,81.95,0.77,-1,-1,-1
59,12,484.73,374.30,24.23,82.33,0.73,-1,-1,-1
59,14,346.61,358.55,41.90,135.26,0.56,-1,-1,-1
59,16,392.48,356.01,52.11,142.31,0.75,-1,-1,-1
60,1,441.31,289.97,267.56,667.67,0.92,-1,-1,-1
60,2,1.07,307.59,112.31,268.59,0.91,-1,-1,-1
60,3,12.19,297.15,212.46,390.82,0.92,-1,-1,-1
60,5,747.88,166.20,300.83,901.01,0.89,-1,-1,-1
60,8,507.19,374.78,28.21,71.38,0.78,-1,-1,-1
60,9,469.74,373.84,25.24,81.73,0.80,-1,-1,-1
60,12,484.64,374.08,23.70,80.42,0.73,-1,-1,-1
60,14,345.83,357.73,42.00,135.50,0.26,-1,-1,-1
60,16,391.15,355.02,54.53,141.91,0.51,-1,-1,-1
61,1,441.29,283.68,261.08,670.63,0.91,-1,-1,-1
61,2,-4.23,305.69,114.44,271.70,0.90,-1,-1,-1
61,3,-2.84,295.84,221.02,398.10,0.92,-1,-1,-1
61,5,751.24,165.68,300.88,899.02,0.89,-1,-1,-1
61,8,507.51,374.51,27.26,70.67,0.71,-1,-1,-1
61,9,469.39,373.34,25.21,81.63,0.81,-1,-1,-1
61,12,484.27,373.60,24.07,80.85,0.72,-1,-1,-1
61,14,346.00,357.73,40.81,135.44,0.31,-1,-1,-1
61,16,390.79,353.91,55.99,140.85,0.65,-1,-1,-1
62,1,440.79,277.95,256.50,676.46,0.92,-1,-1,-1
62,2,-8.39,304.31,114.76,270.82,0.89,-1,-1,-1
62,3,-10.14,292.23,223.63,412.35,0.95,-1,-1,-1
62,5,754.63,166.72,302.08,899.43,0.89,-1,-1,-1
62,8,507.04,374.51,26.96,70.14,0.64,-1,-1,-1
62,9,468.99,373.28,25.82,82.19,0.81,-1,-1,-1
62,12,484.16,373.68,24.23,80.43,0.70,-1,-1,-1
62,14,343.62,356.84,41.96,136.19,0.30,-1,-1,-1
62,16,390.37,353.48,57.18,140.04,0.62,-1,-1,-1
63,1,440.66,276.14,252.64,679.21,0.92,-1,-1,-1
63,2,-11.87,302.46,114.65,273.52,0.86,-1,-1,-1
63,3,-10.16,288.99,217.63,425.40,0.93,-1,-1,-1
63,5,757.75,166.08,303.38,905.65,0.89,-1,-1,-1
63,8,507.16,374.45,26.27,70.00,0.54,-1,-1,-1
63,9,468.82,373.36,26.66,82.73,0.82,-1,-1,-1
63,12,484.11,373.37,24.91,81.79,0.69,-1,-1,-1
63,14,340.74,356.17,44.21,136.98,0.19,-1,-1,-1
63,16,389.41,353.42,59.73,139.80,0.51,-1,-1,-1
64,1,440.09,272.05,251.78,676.43,0.92,-1,-1,-1
64,2,-14.77,301.56,113.62,272.47,0.85,-1,-1,-1
64,3,-10.75,286.97,210.67,434.45,0.91,-1,-1,-1
64,5,759.83,166.51,303.42,904.91,0.89,-1,-1,-1
64,8,507.17,374.15,26.64,75.72,0.14,-1,-1,-1
64,9,468.44,373.12,26.97,82.64,0.76,-1,-1,-1
64,12,484.36,372.83,25.15,81.42,0.59,-1,-1,-1
64,14,339.78,353.98,43.87,139.09,0.36,-1,-1,-1
64,16,390.18,352.65,59.51,140.35,0.53,-1,-1,-1
65,1,440.85,269.61,251.70,672.94,0.91,-1,-1,-1
65,2,-17.68,299.82,109.65,273.43,0.85,-1,-1,-1
65,3,-12.16,286.18,206.72,442.49,0.91,-1,-1,-1
65,5,760.93,167.51,304.54,911.12,0.88,-1,-1,-1
65,8,506.88,373.75,26.80,78.70,0.15,-1,-1,-1
65,9,468.60,372.88,26.51,82.32,0.76,-1,-1,-1
65,12,484.18,372.63,25.26,83.08,0.64,-1,-1,-1
65,14,339.27,354.07,42.57,138.88,0.25,-1,-1,-1
65,16,390.49,352.53,59.73,140.60,0.60,-1,-1,-1
66,1,445.07,268.91,249.78,669.54,0.92,-1,-1,-1
66,2,-21.26,299.49,105.94,275.29,0.83,-1,-1,-1
66,3,-15.43,285.95,204.40,452.95,0.92,-1,-1,-1
66,5,761.42,167.85,303.86,919.29,0.88,-1,-1,-1
66,9,468.59,372.64,26.30,81.26,0.74,-1,-1,-1
66,12,483.43,372.26,26.47,84.26,0.47,-1,-1,-1
66,14,337.73,353.82,42.05,140.08,0.33,-1,-1,-1
66,16,390.72,353.08,59.76,139.90,0.71,-1,-1,-1
67,1,450.69,268.58,246.85,668.19,0.92,-1,-1,-1
67,2,-23.28,297.59,99.18,274.15,0.71,-1,-1,-1
67,3,-22.74,283.58,205.76,470.71,0.88,-1,-1,-1
67,5,761.30,174.65,304.08,922.49,0.88,-1,-1,-1
67,9,468.38,372.13,26.24,81.45,0.73,-1,-1,-1
67,12,482.94,371.70,26.94,84.69,0.56,-1,-1,-1
67,14,337.42,354.98,41.00,138.57,0.37,-1,-1,-1
67,16,391.19,353.94,59.48,138.88,0.76,-1,-1,-1
68,1,454.71,266.91,245.49,673.92,0.92,-1,-1,-1
68,2,-24.68,296.80,91.81,270.60,0.52,-1,-1,-1
68,3,-27.79,280.44,204.35,482.30,0.89,-1,-1,-1
68,5,759.97,175.98,304.90,927.70,0.88,-1,-1,-1
68,9,468.33,372.42,26.17,80.29,0.74,-1,-1,-1
68,12,483.06,371.67,26.49,83.92,0.61,-1,-1,-1
68,14,337.13,355.88,39.63,137.79,0.32,-1,-1,-1
68,16,389.80,354.73,61.67,138.01,0.60,-1,-1,-1
69,1,457.29,267.90,246.91,677.37,0.92,-1,-1,-1
69,2,-23.17,296.68,83.55,238.21,0.59,-1,-1,-1
69,3,-32.05,278.69,201.09,489.44,0.87,-1,-1,-1
69,5,759.25,180.69,304.95,917.38,0.88,-1,-1,-1
69,9,468.22,372.59,26.75,80.74,0.76,-1,-1,-1
69,12,483.62,372.02,25.71,82.69,0.64,-1,-1,-1
69,14,335.91,356.30,39.47,138.35,0.27,-1,-1,-1
69,16,389.07,355.09,63.06,137.67,0.57,-1,-1,-1
70,1,458.95,270.14,251.33,687.91,0.91,-1,-1,-1
70,3,-39.85,276.18,201.13,508.74,0.85,-1,-1,-1
70,5,758.31,182.08,307.06,921.18,0.88,-1,-1,-1
70,9,468.03,372.59,26.99,81.54,0.77,-1,-1,-1
70,12,483.69,372.23,26.03,82.25,0.70,-1,-1,-1
70,14,335.72,366.42,39.77,130.55,0.40,-1,-1,-1
70,16,388.30,356.65,63.05,136.56,0.65,-1,-1,-1
71,1,461.07,277.69,254.55,687.17,0.92,-1,-1,-1
71,3,-39.94,275.00,179.39,507.16,0.84,-1,-1,-1
71,5,757.21,182.67,308.67,922.02,0.89,-1,-1,-1
71,9,467.97,372.67,27.05,82.10,0.80,-1,-1,-1
71,12,483.72,372.25,25.52,82.04,0.74,-1,-1,-1
71,14,335.48,370.04,41.36,125.18,0.20,-1,-1,-1
71,16,388.52,357.60,62.95,136.55,0.70,-1,-1,-1
71,8,508.37,372.24,29.55,74.79,0.74,-1,-1,-1
72,1,463.60,283.53,256.93,692.12,0.91,-1,-1,-1
72,3,-52.31,269.90,190.20,526.51,0.84,-1,-1,-1
72,5,757.02,182.23,310.70,916.78,0.88,-1,-1,-1
72,9,467.92,372.51,27.06,83.49,0.78,-1,-1,-1
72,12,483.70,371.61,25.32,84.05,0.72,-1,-1,-1
72,14,333.60,370.79,41.35,126.19,0.23,-1,-1,-1
72,16,389.48,358.65,62.58,136.10,0.74,-1,-1,-1
72,8,507.87,372.04,31.57,76.92,0.72,-1,-1,-1
73,1,466.40,286.75,259.07,701.77,0.90,-1,-1,-1
73,3,-67.15,268.33,198.34,541.18,0.84,-1,-1,-1
73,5,757.62,177.21,313.86,931.43,0.88,-1,-1,-1
73,9,468.61,372.44,26.46,84.01,0.79,-1,-1,-1
73,12,483.49,371.67,25.85,85.38,0.73,-1,-1,-1
73,14,332.27,369.20,41.65,129.00,0.29,-1,-1,-1
73,16,390.41,358.87,62.43,135.79,0.70,-1,-1,-1
73,8,508.37,371.98,32.28,77.85,0.77,-1,-1,-1
74,1,468.62,288.67,261.76,711.90,0.90,-1,-1,-1
74,3,-81.37,262.72,207.03,562.55,0.83,-1,-1,-1
74,5,759.72,174.37,315.16,937.39,0.88,-1,-1,-1
74,9,468.59,372.44,26.85,84.21,0.77,-1,-1,-1
74,12,483.45,371.56,26.05,85.60,0.72,-1,-1,-1
74,14,330.89,369.79,42.39,129.80,0.19,-1,-1,-1
74,16,391.95,358.65,60.88,136.03,0.67,-1,-1,-1
74,8,508.89,371.98,31.98,78.51,0.78,-1,-1,-1
75,1,471.15,290.18,262.62,712.75,0.90,-1,-1,-1
75,3,-94.59,258.45,207.73,571.52,0.75,-1,-1,-1
75,5,761.62,165.70,318.99,959.36,0.88,-1,-1,-1
75,9,468.24,372.22,26.97,83.67,0.78,-1,-1,-1
75,12,483.08,371.32,26.11,84.77,0.74,-1,-1,-1
75,14,330.22,366.60,41.75,131.77,0.34,-1,-1,-1
75,16,390.55,357.28,63.56,137.46,0.78,-1,-1,-1
75,8,509.03,371.92,32.41,77.85,0.77,-1,-1,-1
76,1,473.24,289.52,263.46,709.28,0.90,-1,-1,-1
76,3,-98.95,252.74,200.09,558.83,0.68,-1,-1,-1
76,5,764.67,159.79,320.31,972.45,0.89,-1,-1,-1
76,9,468.10,371.54,27.01,84.05,0.79,-1,-1,-1
76,12,482.93,371.06,26.13,85.03,0.75,-1,-1,-1
76,14,331.22,369.67,39.39,127.88,0.44,-1,-1,-1
76,16,390.18,356.29,64.82,137.55,0.79,-1,-1,-1
76,8,508.77,372.19,32.55,77.29,0.78,-1,-1,-1
77,1,473.96,289.47,263.10,699.08,0.91,-1,-1,-1
77,3,-106.73,244.83,192.26,545.63,0.54,-1,-1,-1
77,5,767.23,159.64,322.76,970.30,0.90,-1,-1,-1
77,9,468.03,370.63,27.01,84.47,0.79,-1,-1,-1
77,12,482.86,370.48,26.12,85.40,0.75,-1,-1,-1
77,14,329.66,368.96,40.02,129.11,0.37,-1,-1,-1
77,16,391.22,354.81,64.09,138.02,0.75,-1,-1,-1
77,8,508.94,371.80,31.99,77.66,0.77,-1,-1,-1
78,1,472.66,291.14,264.35,690.78,0.91,-1,-1,-1
78,3,-98.89,246.21,166.33,487.47,0.12,-1,-1,-1
78,5,769.18,159.63,325.40,970.85,0.89,-1,-1,-1
78,9,467.70,370.41,27.63,84.65,0.75,-1,-1,-1
78,12,482.54,370.07,26.74,85.87,0.72,-1,-1,-1
78,14,325.45,365.81,41.79,133.82,0.30,-1,-1,-1
78,16,391.28,353.63,64.13,138.71,0.75,-1,-1,-1
78,8,508.72,371.61,32.38,79.33,0.71,-1,-1,-1
79,1,468.79,279.84,267.19,706.75,0.92,-1,-1,-1
79,5,771.32,158.18,327.84,968.82,0.88,-1,-1,-1
79,9,467.83,369.88,27.27,85.32,0.79,-1,-1,-1
79,12,481.78,369.48,27.56,87.83,0.73,-1,-1,-1
79,14,322.52,358.25,43.92,141.65,0.27,-1,-1,-1
79,16,391.09,352.58,65.02,140.17,0.81,-1,-1,-1
79,8,508.87,371.09,32.52,81.14,0.75,-1,-1,-1
80,1,464.31,271.30,270.95,717.84,0.92,-1,-1,-1
80,5,775.83,157.16,329.25,975.19,0.89,-1,-1,-1
80,9,467.26,369.32,27.10,85.82,0.74,-1,-1,-1
80,12,481.47,369.04,27.83,89.11,0.72,-1,-1,-1
80,14,311.39,354.29,48.50,146.73,0.50,-1,-1,-1
80,16,391.05,351.82,65.29,140.37,0.77,-1,-1,-1
80,8,509.78,370.97,31.34,79.42,0.69,-1,-1,-1
81,1,459.34,266.06,275.60,721.98,0.92,-1,-1,-1
81,5,781.48,159.75,329.22,968.94,0.89,-1,-1,-1
81,9,467.08,369.24,27.66,86.33,0.73,-1,-1,-1
81,12,481.39,368.70,28.56,90.21,0.69,-1,-1,-1
81,14,307.24,352.16,50.01,149.78,0.57,-1,-1,-1
81,16,391.45,351.08,64.85,141.39,0.79,-1,-1,-1
81,8,510.17,371.05,31.51,77.86,0.53,-1,-1,-1
82,1,452.46,261.19,283.07,733.63,0.92,-1,-1,-1
82,5,786.18,158.46,331.17,977.84,0.89,-1,-1,-1
82,9,466.91,368.53,27.86,87.42,0.75,-1,-1,-1
82,12,481.26,368.79,28.24,90.03,0.67,-1,-1,-1
82,14,306.42,350.96,49.71,151.66,0.56,-1,-1,-1
82,16,392.99,351.16,62.56,141.19,0.70,-1,-1,-1
82,8,510.51,370.84,30.97,78.79,0.49,-1,-1,-1
83,1,447.64,259.98,286.99,734.76,0.92,-1,-1,-1
83,5,793.28,158.89,331.81,986.44,0.87,-1,-1,-1
83,9,466.99,368.97,27.34,86.61,0.74,-1,-1,-1
83,12,481.65,368.04,28.09,90.21,0.72,-1,-1,-1
83,14,306.41,349.92,48.38,153.17,0.57,-1,-1,-1
83,16,393.28,351.17,62.57,141.35,0.69,-1,-1,-1
83,8,511.36,370.72,31.35,79.11,0.53,-1,-1,-1
83,17,787.95,380.02,33.30,65.25,0.80,-1,-1,-1
84,1,445.54,263.95,286.02,738.63,0.91,-1,-1,-1
84,5,799.68,156.83,333.83,992.14,0.87,-1,-1,-1
84,9,466.26,368.91,27.71,86.89,0.76,-1,-1,-1
84,12,481.34,367.53,28.01,91.17,0.74,-1,-1,-1
84,14,305.44,350.15,48.68,154.01,0.55,-1,-1,-1
84,16,392.75,351.52,61.65,140.85,0.61,-1,-1,-1
84,8,511.50,370.60,31.47,78.05,0.70,-1,-1,-1
84,17,789.53,379.95,32.60,65.34,0.69,-1,-1,-1
85,1,443.73,268.66,286.63,741.32,0.91,-1,-1,-1
85,5,809.27,164.22,332.79,983.79,0.86,-1,-1,-1
85,9,466.17,369.67,27.90,86.70,0.77,-1,-1,-1
85,12,480.82,367.97,28.03,90.93,0.74,-1,-1,-1
85,14,308.51,352.62,47.40,152.67,0.28,-1,-1,-1
85,16,392.55,352.63,61.39,141.24,0.74,-1,-1,-1
85,8,512.04,371.01,32.16,78.84,0.80,-1,-1,-1
85,17,791.08,380.77,31.80,65.37,0.65,-1,-1,-1
86,1,445.25,275.99,284.12,741.95,0.91,-1,-1,-1
86,5,817.30,170.15,342.73,979.51,0.86,-1,-1,-1
86,9,466.19,369.86,27.35,86.53,0.78,-1,-1,-1
86,12,480.96,368.19,28.00,91.03,0.75,-1,-1,-1
86,14,310.89,355.15,45.34,150.90,0.26,-1,-1,-1
86,16,392.73,353.26,60.63,141.56,0.79,-1,-1,-1
86,8,512.53,371.36,32.39,80.86,0.81,-1,-1,-1
86,17,792.34,380.51,32.92,65.65,0.72,-1,-1,-1
86,18,768.60,398.70,18.90,45.00,0.72,-1,-1,-1
87,1,445.56,279.70,284.38,747.31,0.91,-1,-1,-1
87,5,825.32,165.03,348.00,998.58,0.85,-1,-1,-1
87,9,465.87,370.15,27.74,86.50,0.76,-1,-1,-1
87,12,481.29,368.50,27.99,91.68,0.75,-1,-1,-1
87,14,310.25,355.89,46.38,150.39,0.10,-1,-1,-1
87,16,392.58,353.71,60.98,141.73,0.83,-1,-1,-1
87,8,512.69,371.42,31.88,80.76,0.83,-1,-1,-1
87,17,792.76,380.87,33.28,65.41,0.68,-1,-1,-1
87,18,768.79,398.67,19.64,46.13,0.69,-1,-1,-1
88,1,445.04,282.91,286.83,749.77,0.90,-1,-1,-1
88,5,833.01,166.16,337.95,1003.21,0.84,-1,-1,-1
88,9,465.81,370.14,27.87,87.08,0.77,-1,-1,-1
88,12,481.48,368.80,27.97,91.91,0.77,-1,-1,-1
88,16,392.58,354.19,61.09,141.79,0.82,-1,-1,-1
88,8,513.09,371.47,31.67,82.49,0.83,-1,-1,-1
88,17,793.49,381.20,34.02,65.64,0.68,-1,-1,-1
88,18,769.24,398.92,19.79,46.36,0.72,-1,-1,-1
89,1,446.20,285.75,286.89,746.26,0.89,-1,-1,-1
89,5,840.06,167.82,329.94,1009.78,0.87,-1,-1,-1
89,9,465.17,370.11,28.51,87.85,0.77,-1,-1,-1
89,12,481.51,368.90,27.95,91.65,0.75,-1,-1,-1
89,16,394.37,354.95,59.62,141.45,0.81,-1,-1,-1
89,8,513.47,371.62,31.58,81.92,0.83,-1,-1,-1
89,17,793.89,381.43,34.26,65.38,0.74,-1,-1,-1
89,18,769.52,398.87,19.82,46.74,0.64,-1,-1,-1
90,1,449.05,297.55,285.62,732.84,0.90,-1,-1,-1
90,5,845.84,168.33,327.14,1009.31,0.86,-1,-1,-1
90,9,464.91,370.14,28.74,87.85,0.78,-1,-1,-1
90,12,481.51,369.12,27.94,90.35,0.75,-1,-1,-1
90,16,396.37,354.51,58.76,142.84,0.86,-1,-1,-1
90,8,513.89,371.41,31.53,81.40,0.84,-1,-1,-1
90,17,794.33,381.43,34.95,65.29,0.69,-1,-1,-1
90,18,769.60,398.94,19.82,46.86,0.59,-1,-1,-1
91,1,453.23,302.33,283.20,727.04,0.91,-1,-1,-1
91,5,853.47,168.19,325.69,1006.62,0.85,-1,-1,-1
91,9,465.19,370.06,28.81,88.12,0.77,-1,-1,-1
91,12,481.57,369.12,27.92,90.13,0.76,-1,-1,-1
91,16,397.94,354.25,57.83,142.73,0.83,-1,-1,-1
91,8,514.09,371.24,31.51,81.77,0.83,-1,-1,-1
91,17,795.66,381.51,33.34,64.93,0.57,-1,-1,-1
91,18,769.60,399.22,19.81,46.87,0.47,-1,-1,-1
92,1,457.08,300.64,283.15,727.79,0.90,-1,-1,-1
92,5,861.96,174.25,319.63,992.35,0.85,-1,-1,-1
92,9,465.34,369.98,28.85,88.24,0.77,-1,-1,-1
92,12,481.94,369.07,27.92,89.47,0.75,-1,-1,-1
92,16,398.66,353.50,57.53,143.61,0.84,-1,-1,-1
92,8,514.50,370.98,31.51,82.22,0.83,-1,-1,-1
92,17,796.57,381.32,32.10,64.82,0.34,-1,-1,-1
92,18,770.65,399.42,19.18,46.56,0.51,-1,-1,-1
93,1,461.65,293.52,284.00,733.16,0.90,-1,-1,-1
93,5,868.79,164.80,324.73,1010.53,0.83,-1,-1,-1
93,9,465.96,370.00,28.84,87.98,0.76,-1,-1,-1
93,12,482.34,368.80,27.91,89.82,0.77,-1,-1,-1
93,16,399.17,352.81,58.01,142.15,0.84,-1,-1,-1
93,8,514.91,370.79,32.09,82.98,0.82,-1,-1,-1
93,17,797.74,381.36,30.40,63.87,0.18,-1,-1,-1
93,18,771.27,399.29,18.95,45.81,0.44,-1,-1,-1
94,1,467.51,294.22,284.14,730.96,0.91,-1,-1,-1
94,5,878.18,163.44,326.42,1011.91,0.82,-1,-1,-1
94,9,465.88,370.00,28.82,87.25,0.72,-1,-1,-1
94,12,482.17,368.25,27.88,90.52,0.76,-1,-1,-1
94,16,399.64,352.09,57.87,141.40,0.83,-1,-1,-1
94,8,515.01,370.56,32.88,84.72,0.82,-1,-1,-1
94,17,798.95,380.18,28.52,65.03,0.20,-1,-1,-1
94,18,771.05,399.25,19.48,45.22,0.37,-1,-1,-1
95,1,473.79,290.42,286.01,734.34,0.92,-1,-1,-1
95,5,887.19,160.26,330.41,1014.66,0.83,-1,-1,-1
95,9,466.38,369.59,28.21,87.00,0.77,-1,-1,-1
95,12,482.64,367.93,27.27,91.70,0.77,-1,-1,-1
95,16,401.36,351.26,59.05,140.86,0.87,-1,-1,-1
95,8,515.28,370.22,33.18,85.39,0.82,-1,-1,-1
95,17,799.35,379.96,27.89,65.18,0.33,-1,-1,-1
95,18,771.27,399.30,19.68,45.64,0.32,-1,-1,-1
96,1,480.39,283.86,289.17,732.32,0.91,-1,-1,-1
96,5,896.14,160.79,331.73,1005.50,0.81,-1,-1,-1
96,9,467.31,369.26,27.39,86.91,0.76,-1,-1,-1
96,12,483.24,367.49,27.05,92.44,0.77,-1,-1,-1
96,16,402.70,350.93,61.00,140.36,0.88,-1,-1,-1
96,8,515.80,369.92,33.30,84.74,0.82,-1,-1,-1
96,17,799.91,379.22,27.70,65.53,0.29,-1,-1,-1
96,18,772.40,399.71,19.15,44.58,0.19,-1,-1,-1
97,1,488.67,276.69,292.14,738.09,0.92,-1,-1,-1
97,5,903.33,158.74,336.42,1011.45,0.81,-1,-1,-1
97,9,467.27,368.97,27.69,88.36,0.71,-1,-1,-1
97,12,483.39,367.30,26.98,92.71,0.76,-1,-1,-1
97,16,403.11,350.95,63.21,140.47,0.87,-1,-1,-1
97,8,516.51,370.08,32.75,83.58,0.80,-1,-1,-1
97,17,800.61,379.50,27.65,65.06,0.45,-1,-1,-1
97,18,773.04,399.96,18.96,44.18,0.27,-1,-1,-1
97,19,754.20,377.55,27.00,68.40,0.71,-1,-1,-1
98,1,496.79,270.17,295.18,738.84,0.92,-1,-1,-1
98,5,909.45,163.59,338.39,1004.53,0.82,-1,-1,-1
98,9,467.60,368.89,27.82,87.72,0.73,-1,-1,-1
98,12,483.79,367.12,26.97,93.41,0.74,-1,-1,-1
98,16,404.88,351.00,62.77,140.54,0.87,-1,-1,-1
98,8,517.41,369.86,32.55,85.83,0.78,-1,-1,-1
98,17,801.25,379.60,28.29,65.19,0.82,-1,-1,-1
98,18,773.96,399.73,18.90,44.05,0.44,-1,-1,-1
98,19,754.78,377.57,25.58,69.19,0.65,-1,-1,-1
99,1,505.99,265.54,298.06,742.05,0.91,-1,-1,-1
99,5,912.96,165.05,338.79,1014.38,0.84,-1,-1,-1
99,9,468.32,368.89,27.27,88.07,0.76,-1,-1,-1
99,12,484.23,366.94,26.97,94.55,0.73,-1,-1,-1
99,16,406.73,351.65,61.98,140.12,0.86,-1,-1,-1
99,8,518.04,370.27,33.07,86.66,0.79,-1,-1,-1
99,17,801.75,380.42,28.53,65.23,0.77,-1,-1,-1
99,18,774.88,399.81,18.88,44.31,0.55,-1,-1,-1
99,19,756.69,377.35,25.30,70.39,0.12,-1,-1,-1
100,1,516.10,262.59,298.61,751.06,0.91,-1,-1,-1
100,5,915.21,159.52,340.21,1028.86,0.85,-1,-1,-1
100,9,468.84,368.84,27.68,88.21,0.77,-1,-1,-1
100,12,484.95,366.67,26.38,94.39,0.75,-1,-1,-1
100,16,407.78,352.15,62.14,140.27,0.87,-1,-1,-1
100,8,518.81,370.66,32.68,85.48,0.81,-1,-1,-1
100,17,802.51,380.95,28.04,64.96,0.73,-1,-1,-1
100,18,775.80,399.31,18.88,45.93,0.55,-1,-1,-1
100,19,756.47,374.73,26.63,77.37,0.58,-1,-1,-1
101,1,526.66,261.14,298.15,757.54,0.91,-1,-1,-1
101,5,915.40,155.73,343.05,1042.96,0.87,-1,-1,-1
101,9,469.03,369.19,28.42,88.28,0.75,-1,-1,-1
101,12,485.51,366.64,26.16,93.75,0.75,-1,-1,-1
101,16,408.87,352.54,61.75,139.95,0.86,-1,-1,-1
101,8,519.40,371.48,32.52,86.54,0.82,-1,-1,-1
101,17,804.07,381.86,27.26,64.28,0.58,-1,-1,-1
101,18,776.52,398.95,18.88,45.66,0.69,-1,-1,-1
101,19,757.75,378.31,24.38,69.70,0.15,-1,-1,-1
101,20,540.45,369.45,36.00,108.45,0.74,-1,-1,-1
102,1,533.86,269.18,300.59,751.45,0.91,-1,-1,-1
102,5,915.93,156.09,347.16,1039.74,0.87,-1,-1,-1
102,9,469.26,369.66,27.55,89.50,0.74,-1,-1,-1
102,12,485.58,367.26,26.12,93.18,0.77,-1,-1,-1
102,16,410.15,354.10,61.49,139.80,0.86,-1,-1,-1
102,8,519.47,372.40,32.50,85.72,0.84,-1,-1,-1
102,17,804.79,382.26,27.00,64.31,0.75,-1,-1,-1
102,18,777.24,399.16,18.90,46.15,0.43,-1,-1,-1
102,19,758.68,376.10,25.61,70.11,0.48,-1,-1,-1
102,20,540.41,369.84,36.77,113.45,0.82,-1,-1,-1
103,1,543.01,278.80,301.47,748.27,0.89,-1,-1,-1
103,5,915.58,157.18,353.13,1035.80,0.88,-1,-1,-1
103,9,468.26,370.45,29.02,89.32,0.78,-1,-1,-1
103,12,486.02,367.66,26.11,93.22,0.78,-1,-1,-1
103,16,411.19,355.16,63.63,139.84,0.88,-1,-1,-1
103,8,519.29,373.06,33.68,87.91,0.85,-1,-1,-1
103,17,805.04,382.67,27.53,64.61,0.81,-1,-1,-1
103,18,778.11,399.36,18.91,46.91,0.42,-1,-1,-1
103,19,758.05,375.39,27.26,69.57,0.49,-1,-1,-1
103,20,541.50,370.00,36.25,114.75,0.82,-1,-1,-1
104,1,549.47,282.33,304.44,757.73,0.90,-1,-1,-1
104,5,915.16,155.55,359.72,1039.15,0.88,-1,-1,-1
104,9,468.71,370.60,28.94,89.53,0.75,-1,-1,-1
104,12,486.41,367.67,26.08,95.16,0.77,-1,-1,-1
104,16,411.20,355.53,64.67,140.30,0.88,-1,-1,-1
104,8,519.14,372.87,34.09,90.18,0.86,-1,-1,-1
104,17,805.27,382.75,27.71,64.71,0.83,-1,-1,-1
104,18,778.58,399.66,18.90,45.99,0.44,-1,-1,-1
104,19,758.28,375.41,27.22,69.37,0.57,-1,-1,-1
104,20,542.87,370.02,33.89,110.44,0.84,-1,-1,-1
104,21,582.30,375.30,33.30,88.65,0.79,-1,-1,-1
105,1,556.71,287.84,305.65,759.45,0.89,-1,-1,-1
105,5,914.90,147.33,368.23,1056.93,0.87,-1,-1,-1
105,9,469.13,370.87,28.32,90.51,0.76,-1,-1,-1
105,12,486.50,367.60,26.08,94.72,0.77,-1,-1,-1
105,16,410.37,355.43,66.71,140.66,0.87,-1,-1,-1
105,8,519.33,372.85,34.26,91.79,0.85,-1,-1,-1
105,17,805.67,382.82,28.40,64.77,0.84,-1,-1,-1
105,18,779.06,399.67,18.90,44.44,0.62,-1,-1,-1
105,19,758.69,375.50,27.19,68.69,0.51,-1,-1,-1
105,20,542.89,370.29,35.32,107.99,0.84,-1,-1,-1
105,21,581.59,375.98,34.07,91.09,0.80,-1,-1,-1
106,1,561.89,292.30,306.51,767.01,0.88,-1,-1,-1
106,5,918.12,153.24,371.21,1041.31,0.85,-1,-1,-1
106,9,469.31,371.09,28.06,90.71,0.74,-1,-1,-1
106,12,486.84,367.70,25.48,92.26,0.76,-1,-1,-1
106,16,413.14,355.06,64.66,141.06,0.89,-1,-1,-1
106,8,519.10,372.82,34.89,90.88,0.86,-1,-1,-1
106,17,806.03,382.55,29.84,65.07,0.66,-1,-1,-1
106,18,779.46,400.58,18.30,44.76,0.28,-1,-1,-1
106,19,758.77,374.79,27.76,68.43,0.30,-1,-1,-1
106,20,542.88,372.02,35.09,105.26,0.85,-1,-1,-1
106,21,582.13,375.28,33.52,97.59,0.84,-1,-1,-1
107,1,567.73,296.24,306.07,764.97,0.89,-1,-1,-1
107,5,921.21,155.25,372.99,1034.14,0.86,-1,-1,-1
107,9,469.63,371.54,27.95,90.61,0.75,-1,-1,-1
107,12,487.22,367.65,25.24,92.83,0.75,-1,-1,-1
107,16,414.45,354.67,64.10,141.35,0.90,-1,-1,-1
107,8,518.95,372.72,35.11,90.19,0.86,-1,-1,-1
107,17,806.65,382.53,30.37,65.18,0.54,-1,-1,-1
107,18,779.81,400.70,18.06,45.48,0.26,-1,-1,-1
107,19,758.72,374.95,27.95,67.42,0.12,-1,-1,-1
107,20,543.13,372.53,35.01,104.76,0.84,-1,-1,-1
107,21,579.81,375.09,37.55,110.76,0.87,-1,-1,-1
108,1,572.37,295.53,307.12,762.88,0.89,-1,-1,-1
108,5,926.23,149.35,372.73,1049.14,0.86,-1,-1,-1
108,9,469.70,370.92,27.92,91.05,0.74,-1,-1,-1
108,12,487.00,367.75,25.77,94.42,0.77,-1,-1,-1
108,16,417.38,354.92,63.15,140.77,0.91,-1,-1,-1
108,8,519.45,372.19,34.60,90.39,0.85,-1,-1,-1
108,17,806.35,382.21,32.94,65.85,0.84,-1,-1,-1
108,18,779.97,400.88,17.99,45.17,0.63,-1,-1,-1
108,19,758.74,376.55,28.02,68.62,0.65,-1,-1,-1
108,20,542.86,372.18,35.64,106.45,0.84,-1,-1,-1
108,21,579.71,375.00,38.17,115.26,0.88,-1,-1,-1
109,1,576.87,295.72,302.30,753.97,0.89,-1,-1,-1
109,5,932.06,151.72,373.18,1042.68,0.83,-1,-1,-1
109,9,469.76,370.38,27.86,91.62,0.75,-1,-1,-1
109,12,486.94,367.50,25.92,95.12,0.78,-1,-1,-1
109,16,418.66,354.56,63.17,139.30,0.91,-1,-1,-1
109,8,519.35,371.56,34.95,92.80,0.86,-1,-1,-1
109,17,806.67,382.03,33.29,66.07,0.78,-1,-1,-1
109,18,779.59,400.28,18.54,47.44,0.40,-1,-1,-1
109,19,758.93,375.87,28.00,69.03,0.44,-1,-1,-1
109,20,543.07,371.78,35.20,107.83,0.83,-1,-1,-1
109,21,580.36,375.18,37.60,116.15,0.87,-1,-1,-1
110,1,579.24,291.35,301.55,756.06,0.90,-1,-1,-1
110,5,935.93,142.21,383.84,1057.06,0.81,-1,-1,-1
110,9,469.22,370.13,27.84,91.22,0.76,-1,-1,-1
110,12,487.26,366.90,25.98,95.52,0.77,-1,-1,-1
110,16,419.29,354.37,63.90,138.44,0.89,-1,-1,-1
110,8,519.64,370.82,34.47,92.36,0.85,-1,-1,-1
110,17,807.09,382.39,33.99,64.66,0.47,-1,-1,-1
110,19,759.92,376.05,27.97,69.79,0.20,-1,-1,-1
110,20,543.48,371.89,35.04,107.44,0.84,-1,-1,-1
110,21,581.29,375.07,36.68,115.04,0.89,-1,-1,-1
111,1,582.55,285.15,296.59,757.21,0.91,-1,-1,-1
111,5,943.72,142.72,382.05,1048.87,0.82,-1,-1,-1
111,9,468.34,370.02,29.04,90.46,0.81,-1,-1,-1
111,12,487.30,366.82,26.01,94.63,0.77,-1,-1,-1
111,16,417.77,350.68,66.43,141.74,0.89,-1,-1,-1
111,8,519.69,370.08,34.89,93.51,0.86,-1,-1,-1
111,17,808.09,382.32,34.84,65.03,0.79,-1,-1,-1
111,19,759.06,374.88,27.96,74.88,0.13,-1,-1,-1
111,20,543.87,373.43,35.00,105.50,0.83,-1,-1,-1
111,21,581.28,374.40,36.96,115.27,0.89,-1,-1,-1
112,1,581.13,276.77,301.13,770.46,0.90,-1,-1,-1
112,5,950.83,143.46,382.08,1044.96,0.83,-1,-1,-1
112,9,467.98,369.26,29.46,90.79,0.78,-1,-1,-1
112,12,487.28,366.53,26.00,94.90,0.76,-1,-1,-1
112,16,419.48,350.06,64.98,142.28,0.88,-1,-1,-1
112,8,519.96,369.85,35.02,94.24,0.86,-1,-1,-1
112,17,809.04,381.99,35.14,65.49,0.69,-1,-1,-1
112,20,543.97,373.60,36.19,104.37,0.83,-1,-1,-1
112,21,581.25,374.08,37.62,115.96,0.89,-1,-1,-1
113,1,580.09,271.24,303.61,770.56,0.90,-1,-1,-1
113,5,956.78,142.50,378.75,1025.33,0.82,-1,-1,-1
113,9,467.49,368.71,29.64,91.20,0.76,-1,-1,-1
113,12,487.21,366.30,26.03,95.13,0.76,-1,-1,-1
113,16,421.40,350.18,62.78,141.86,0.83,-1,-1,-1
113,8,520.01,369.63,35.09,94.04,0.85,-1,-1,-1
113,17,810.21,382.09,34.67,63.86,0.69,-1,-1,-1
113,20,543.94,372.73,36.65,104.58,0.85,-1,-1,-1
113,21,581.49,373.65,37.87,116.07,0.89,-1,-1,-1
114,1,578.41,264.68,307.60,775.09,0.90,-1,-1,-1
114,5,965.56,144.52,373.91,1016.85,0.83,-1,-1,-1
114,9,467.68,368.34,29.12,91.67,0.79,-1,-1,-1
114,12,486.95,365.91,26.04,96.13,0.77,-1,-1,-1
114,16,421.84,349.50,63.18,142.15,0.86,-1,-1,-1
114,8,520.10,369.55,35.12,93.65,0.85,-1,-1,-1
114,17,812.56,381.65,31.51,64.46,0.38,-1,-1,-1
114,20,544.01,373.15,36.84,103.95,0.86,-1,-1,-1
114,21,582.27,373.33,37.35,116.14,0.89,-1,-1,-1
115,1,577.06,262.06,311.07,771.04,0.91,-1,-1,-1
115,5,977.66,145.31,368.70,992.03,0.84,-1,-1,-1
115,9,467.78,368.19,28.94,92.14,0.78,-1,-1,-1
115,12,486.88,365.89,26.08,96.20,0.78,-1,-1,-1
115,16,423.63,349.09,61.72,142.85,0.89,-1,-1,-1
115,8,520.75,369.50,33.96,93.34,0.84,-1,-1,-1
115,20,544.35,372.35,36.93,104.81,0.86,-1,-1,-1
115,21,582.60,373.33,37.16,116.05,0.90,-1,-1,-1
116,1,576.34,258.85,311.75,775.65,0.90,-1,-1,-1
116,5,989.84,134.81,363.08,990.42,0.83,-1,-1,-1
116,9,468.01,368.09,28.26,92.63,0.79,-1,-1,-1
116,12,486.13,365.55,26.68,96.68,0.78,-1,-1,-1
116,16,424.74,348.75,60.86,143.45,0.89,-1,-1,-1
116,8,520.89,369.59,33.51,92.93,0.84,-1,-1,-1
116,20,544.37,372.15,36.96,104.87,0.86,-1,-1,-1
116,21,582.63,373.59,37.08,115.50,0.90,-1,-1,-1
117,1,576.33,253.44,312.79,790.57,0.90,-1,-1,-1
117,5,1004.46,126.70,356.44,983.32,0.80,-1,-1,-1
117,9,467.90,367.71,28.04,94.45,0.78,-1,-1,-1
117,12,485.95,365.37,26.94,98.50,0.77,-1,-1,-1
117,16,427.62,349.48,58.18,142.92,0.89,-1,-1,-1
117,8,521.34,369.56,33.37,92.31,0.84,-1,-1,-1
117,20,544.48,372.45,36.99,105.51,0.86,-1,-1,-1
117,21,583.04,373.01,37.07,116.25,0.89,-1,-1,-1
117,22,986.40,344.47,61.20,169.42,0.76,-1,-1,-1
118,1,578.06,249.96,314.36,809.89,0.89,-1,-1,-1
118,5,1019.93,110.88,350.36,1011.64,0.80,-1,-1,-1
118,9,468.19,367.25,27.96,94.97,0.75,-1,-1,-1
118,12,485.62,364.83,27.63,99.47,0.77,-1,-1,-1
118,16,427.45,348.71,58.11,143.60,0.88,-1,-1,-1
118,8,521.83,369.23,33.33,92.51,0.84,-1,-1,-1
118,20,544.84,371.77,37.01,105.47,0.85,-1,-1,-1
118,21,583.52,372.17,37.06,116.92,0.89,-1,-1,-1
118,22,987.58,346.80,59.83,171.63,0.88,-1,-1,-1
119,1,580.36,243.95,317.63,840.84,0.89,-1,-1,-1
119,5,1034.58,102.51,341.27,1027.72,0.81,-1,-1,-1
119,9,467.62,367.56,28.56,95.05,0.75,-1,-1,-1
119,12,485.42,364.95,27.93,99.87,0.77,-1,-1,-1
119,16,427.70,350.99,58.31,142.27,0.90,-1,-1,-1
119,8,522.25,369.13,33.95,95.92,0.82,-1,-1,-1
119,20,545.23,372.73,37.05,104.91,0.85,-1,-1,-1
119,21,584.27,372.46,37.09,116.86,0.89,-1,-1,-1
119,22,988.72,345.82,59.62,174.42,0.71,-1,-1,-1
119,23,628.20,383.85,18.00,50.40,0.72,-1,-1,-1
120,1,584.30,251.21,317.44,844.96,0.88,-1,-1,-1
120,5,1046.99,92.79,341.43,1067.99,0.79,-1,-1,-1
120,9,467.49,368.50,28.78,94.02,0.72,-1,-1,-1
120,12,485.70,365.97,28.03,98.80,0.74,-1,-1,-1
120,16,430.13,353.02,56.71,141.52,0.89,-1,-1,-1
120,8,523.29,369.31,34.76,96.44,0.78,-1,-1,-1
120,20,545.33,372.97,37.04,106.35,0.83,-1,-1,-1
120,21,584.45,373.20,37.68,116.74,0.90,-1,-1,-1
120,22,988.53,346.72,59.48,173.46,0.67,-1,-1,-1
120,23,628.28,384.86,20.19,50.08,0.75,-1,-1,-1
121,1,589.77,258.38,315.66,840.46,0.89,-1,-1,-1
121,5,1052.22,90.45,345.32,1071.07,0.77,-1,-1,-1
121,9,467.17,368.76,28.87,93.42,0.73,-1,-1,-1
121,12,485.57,366.26,28.06,98.19,0.73,-1,-1,-1
121,16,431.15,353.50,56.30,142.47,0.89,-1,-1,-1
121,8,524.07,370.03,34.49,95.69,0.79,-1,-1,-1
121,20,545.48,373.43,37.04,106.56,0.85,-1,-1,-1
121,21,584.67,373.57,37.31,116.92,0.90,-1,-1,-1
121,22,989.32,347.86,58.08,172.70,0.50,-1,-1,-1
121,23,627.60,385.28,21.29,49.71,0.78,-1,-1,-1
122,1,594.73,265.00,313.34,835.89,0.89,-1,-1,-1
122,5,1054.23,107.01,337.96,1021.08,0.78,-1,-1,-1
122,9,466.77,368.10,28.86,93.00,0.55,-1,-1,-1
122,12,484.93,366.22,28.62,96.57,0.71,-1,-1,-1
122,16,431.96,352.76,56.87,143.37,0.89,-1,-1,-1
122,8,524.63,370.16,33.74,94.30,0.77,-1,-1,-1
122,20,545.20,373.31,37.00,107.21,0.84,-1,-1,-1
122,21,584.99,373.43,37.71,117.51,0.89,-1,-1,-1
122,22,990.00,347.60,57.58,173.84,0.76,-1,-1,-1
122,23,626.94,385.28,22.33,49.54,0.80,-1,-1,-1
122,24,301.05,349.42,54.45,168.97,0.70,-1,-1,-1
123,1,597.74,269.96,312.70,828.86,0.88,-1,-1,-1
123,5,1052.31,105.97,346.48,993.72,0.67,-1,-1,-1
123,9,467.53,368.41,27.69,89.57,0.41,-1,-1,-1
123,12,482.64,366.30,30.63,96.59,0.72,-1,-1,-1
123,16,432.51,353.03,57.74,142.72,0.89,-1,-1,-1
123,8,525.46,370.01,33.48,96.50,0.79,-1,-1,-1
123,20,545.73,373.50,36.41,107.64,0.85,-1,-1,-1
123,21,585.46,373.17,37.89,118.03,0.89,-1,-1,-1
123,22,989.75,347.35,58.78,174.75,0.81,-1,-1,-1
123,23,627.13,385.50,22.03,49.16,0.78,-1,-1,-1
123,24,297.35,350.89,57.08,168.33,0.71,-1,-1,-1
123,17,818.68,380.76,28.09,63.61,0.61,-1,-1,-1
124,1,602.89,273.11,309.19,826.01,0.88,-1,-1,-1
124,5,1047.15,98.90,355.36,1040.57,0.64,-1,-1,-1
124,9,468.07,368.69,27.21,89.79,0.22,-1,-1,-1
124,12,483.73,367.11,29.62,94.94,0.60,-1,-1,-1
124,16,430.96,352.83,59.99,141.56,0.87,-1,-1,-1
124,8,525.98,370.43,33.36,97.16,0.78,-1,-1,-1
124,20,545.85,374.21,36.15,107.51,0.84,-1,-1,-1
124,21,585.85,373.57,37.92,118.34,0.90,-1,-1,-1
124,22,987.04,347.71,62.93,175.99,0.22,-1,-1,-1
124,23,626.83,385.11,22.50,50.36,0.81,-1,-1,-1
124,24,295.79,351.91,52.79,169.29,0.66,-1,-1,-1
124,17,819.19,380.84,27.24,62.26,0.56,-1,-1,-1
125,1,609.80,269.04,305.27,831.16,0.89,-1,-1,-1
125,5,1043.47,101.08,350.22,1047.37,0.66,-1,-1,-1
125,9,468.33,368.60,27.02,90.43,0.30,-1,-1,-1
125,12,484.55,367.21,28.57,94.56,0.68,-1,-1,-1
125,16,428.96,352.55,63.17,140.74,0.86,-1,-1,-1
125,8,526.18,370.39,33.30,98.23,0.77,-1,-1,-1
125,20,545.90,374.11,36.64,107.54,0.83,-1,-1,-1
125,21,586.27,373.36,37.90,118.79,0.89,-1,-1,-1
125,22,984.61,348.11,66.79,176.15,0.10,-1,-1,-1
125,23,627.33,384.47,22.01,50.11,0.81,-1,-1,-1
125,24,294.27,347.46,54.51,174.33,0.66,-1,-1,-1
126,1,615.57,268.27,304.68,825.99,0.89,-1,-1,-1
126,5,1044.72,107.52,347.80,1032.45,0.66,-1,-1,-1
126,9,469.04,367.63,26.32,92.16,0.22,-1,-1,-1
126,12,484.88,366.16,28.73,98.94,0.66,-1,-1,-1
126,16,433.48,351.80,59.63,140.87,0.79,-1,-1,-1
126,8,527.14,368.57,33.84,102.31,0.77,-1,-1,-1
126,20,546.80,374.05,35.58,107.98,0.83,-1,-1,-1
126,21,586.70,372.99,37.84,119.06,0.89,-1,-1,-1
126,22,981.21,348.54,71.73,174.93,0.37,-1,-1,-1
126,23,627.82,384.13,21.78,50.01,0.82,-1,-1,-1
126,24,293.09,345.69,55.66,175.33,0.71,-1,-1,-1
127,1,622.24,258.61,306.66,834.00,0.90,-1,-1,-1
127,5,1050.70,118.97,330.17,973.46,0.67,-1,-1,-1
127,9,466.37,364.69,30.96,103.85,0.13,-1,-1,-1
127,12,483.94,365.12,30.59,104.11,0.69,-1,-1,-1
127,16,436.72,350.87,58.36,141.56,0.83,-1,-1,-1
127,8,527.62,368.26,34.05,101.96,0.77,-1,-1,-1
127,20,547.88,373.67,34.58,108.17,0.85,-1,-1,-1
127,21,587.60,371.90,38.42,120.35,0.88,-1,-1,-1
127,22,977.86,349.26,74.78,173.89,0.82,-1,-1,-1
127,23,628.78,383.82,21.70,50.29,0.84,-1,-1,-1
127,24,292.03,344.98,56.41,176.05,0.79,-1,-1,-1
127,25,561.15,373.72,29.70,94.73,0.71,-1,-1,-1
128,1,627.92,247.24,310.04,844.70,0.90,-1,-1,-1
128,5,1058.88,129.85,327.21,941.61,0.69,-1,-1,-1
128,12,485.96,364.10,28.34,97.34,0.56,-1,-1,-1
128,16,439.56,350.79,57.74,141.23,0.86,-1,-1,-1
128,8,528.70,368.29,32.93,99.85,0.77,-1,-1,-1
128,20,548.29,373.36,34.82,108.39,0.84,-1,-1,-1
128,21,588.55,370.74,38.62,120.97,0.88,-1,-1,-1
128,22,980.69,349.37,71.24,173.07,0.87,-1,-1,-1
128,23,629.15,383.72,21.66,50.39,0.84,-1,-1,-1
128,24,291.12,343.04,56.64,177.96,0.78,-1,-1,-1
128,25,562.23,373.70,28.27,93.41,0.61,-1,-1,-1
129,1,633.02,236.17,316.32,855.88,0.90,-1,-1,-1
129,5,1069.33,133.49,324.95,917.65,0.66,-1,-1,-1
129,12,486.03,363.43,28.63,98.77,0.60,-1,-1,-1
129,16,441.34,350.32,56.90,141.53,0.87,-1,-1,-1
129,8,529.25,368.15,33.10,99.44,0.74,-1,-1,-1
129,20,548.59,372.93,34.30,108.75,0.84,-1,-1,-1
129,21,589.64,369.84,38.08,121.59,0.88,-1,-1,-1
129,22,985.29,349.09,68.48,172.72,0.80,-1,-1,-1
129,23,629.44,383.69,21.63,50.11,0.84,-1,-1,-1
129,24,291.09,341.31,56.39,179.61,0.77,-1,-1,-1
129,25,562.01,373.14,28.69,94.73,0.61,-1,-1,-1
130,1,639.03,227.75,323.73,863.87,0.90,-1,-1,-1
130,5,1078.00,136.76,317.29,918.50,0.69,-1,-1,-1
130,12,486.13,362.65,28.76,98.11,0.57,-1,-1,-1
130,16,443.21,350.08,56.65,141.82,0.88,-1,-1,-1
130,8,529.51,367.28,33.80,101.38,0.74,-1,-1,-1
130,20,549.38,369.39,33.55,112.05,0.80,-1,-1,-1
130,21,590.13,370.46,39.12,121.22,0.88,-1,-1,-1
130,22,987.25,348.17,69.89,173.67,0.86,-1,-1,-1
130,23,629.65,384.03,21.64,49.71,0.83,-1,-1,-1
130,24,289.75,339.32,57.28,182.01,0.73,-1,-1,-1
130,25,561.68,372.31,30.25,98.96,0.67,-1,-1,-1
131,1,646.23,225.04,327.37,861.39,0.90,-1,-1,-1
131,5,1084.16,135.58,315.76,909.70,0.70,-1,-1,-1
131,12,485.55,362.46,29.40,99.68,0.63,-1,-1,-1
131,16,444.72,350.52,57.78,141.23,0.87,-1,-1,-1
131,8,530.19,366.75,33.46,101.84,0.73,-1,-1,-1
131,20,549.96,368.01,33.27,113.16,0.80,-1,-1,-1
131,21,590.91,370.22,39.49,121.39,0.88,-1,-1,-1
131,22,989.89,347.97,71.57,175.59,0.91,-1,-1,-1
131,23,630.35,384.28,21.03,49.28,0.82,-1,-1,-1
131,24,288.33,336.57,58.19,185.30,0.79,-1,-1,-1
131,25,561.59,372.45,30.06,99.30,0.60,-1,-1,-1
132,1,651.08,222.55,335.64,847.10,0.90,-1,-1,-1
132,5,1086.21,131.73,313.97,916.52,0.68,-1,-1,-1
132,12,483.66,361.86,32.00,105.35,0.59,-1,-1,-1
132,16,445.54,350.77,58.02,140.69,0.88,-1,-1,-1
132,8,530.78,366.14,33.32,100.97,0.75,-1,-1,-1
132,20,550.81,367.08,33.78,112.83,0.81,-1,-1,-1
132,21,591.48,370.01,40.20,120.99,0.88,-1,-1,-1
132,22,991.03,347.10,73.32,174.60,0.93,-1,-1,-1
132,23,630.25,383.92,21.40,49.66,0.80,-1,-1,-1
132,24,288.17,333.76,58.49,186.55,0.80,-1,-1,-1
132,25,561.93,371.75,30.58,99.82,0.60,-1,-1,-1
133,1,660.17,221.67,338.69,845.88,0.91,-1,-1,-1
133,5,1083.78,123.84,333.08,928.05,0.62,-1,-1,-1
133,12,479.34,361.88,35.87,109.65,0.61,-1,-1,-1
133,16,444.98,350.98,60.26,140.19,0.88,-1,-1,-1
133,8,530.78,366.17,33.90,100.17,0.75,-1,-1,-1
133,20,551.21,366.98,34.60,113.44,0.81,-1,-1,-1
133,21,592.37,369.26,39.91,121.26,0.89,-1,-1,-1
133,22,991.01,345.53,74.02,174.21,0.90,-1,-1,-1
133,23,631.23,384.15,20.35,48.90,0.82,-1,-1,-1
133,24,288.98,336.68,58.05,183.78,0.73,-1,-1,-1
133,25,563.09,371.43,31.39,101.03,0.68,-1,-1,-1
134,1,666.66,221.10,344.76,843.13,0.91,-1,-1,-1
134,5,1079.63,121.09,347.10,938.35,0.53,-1,-1,-1
134,12,477.05,361.48,38.51,113.16,0.63,-1,-1,-1
134,16,444.85,351.93,61.53,139.71,0.87,-1,-1,-1
134,8,531.11,366.36,33.51,100.26,0.74,-1,-1,-1
134,20,551.71,366.85,34.91,114.06,0.80,-1,-1,-1
134,21,592.49,369.34,40.37,121.62,0.89,-1,-1,-1
134,22,991.19,344.84,71.88,174.11,0.87,-1,-1,-1
134,23,631.73,384.62,19.94,48.68,0.82,-1,-1,-1
134,24,283.58,338.38,62.07,182.07,0.75,-1,-1,-1
134,25,563.92,371.18,31.65,102.74,0.61,-1,-1,-1
135,1,673.57,224.36,350.17,840.59,0.90,-1,-1,-1
135,5,1079.00,91.82,355.11,988.67,0.44,-1,-1,-1
135,12,477.16,361.43,39.59,118.88,0.51,-1,-1,-1
135,16,445.98,352.39,61.02,140.15,0.85,-1,-1,-1
135,8,531.42,366.68,33.99,99.55,0.74,-1,-1,-1
135,20,551.79,366.76,35.65,115.04,0.77,-1,-1,-1
135,21,592.44,369.01,41.16,122.80,0.89,-1,-1,-1
135,22,991.81,343.23,68.64,174.23,0.90,-1,-1,-1
135,23,631.22,385.01,20.42,48.60,0.83,-1,-1,-1
135,24,281.03,338.28,63.58,182.90,0.78,-1,-1,-1
135,25,564.16,370.56,32.36,105.46,0.48,-1,-1,-1
136,1,679.27,224.60,356.18,853.90,0.89,-1,-1,-1
136,5,1074.48,76.25,370.18,987.96,0.12,-1,-1,-1
136,12,478.44,361.73,38.88,119.16,0.52,-1,-1,-1
136,16,448.80,353.01,59.65,140.31,0.86,-1,-1,-1
136,8,532.17,366.79,34.79,102.71,0.70,-1,-1,-1
136,20,552.16,366.28,36.55,118.06,0.77,-1,-1,-1
136,21,592.46,369.32,41.49,123.51,0.88,-1,-1,-1
136,22,992.68,342.66,65.00,173.35,0.91,-1,-1,-1
136,23,631.09,384.96,20.61,49.17,0.84,-1,-1,-1
136,24,278.68,338.16,65.07,184.07,0.78,-1,-1,-1
136,25,563.69,371.22,32.02,106.25,0.34,-1,-1,-1
137,1,684.15,229.78,364.41,858.98,0.89,-1,-1,-1
137,5,1076.60,65.18,419.23,1064.61,0.13,-1,-1,-1
137,12,479.56,362.13,37.99,116.51,0.53,-1,-1,-1
137,16,451.17,353.38,59.60,139.89,0.88,-1,-1,-1
137,8,532.42,366.82,34.51,103.27,0.70,-1,-1,-1
137,20,551.68,367.40,36.32,118.12,0.70,-1,-1,-1
137,21,592.72,369.10,41.62,124.93,0.87,-1,-1,-1
137,22,993.53,342.94,59.98,170.27,0.91,-1,-1,-1
137,23,631.01,384.74,21.29,49.08,0.84,-1,-1,-1
137,24,276.95,337.57,65.65,186.23,0.77,-1,-1,-1
137,25,563.18,370.22,33.09,109.77,0.53,-1,-1,-1
138,1,689.36,230.71,368.58,880.32,0.90,-1,-1,-1
138,5,1079.28,78.31,425.92,1073.84,0.46,-1,-1,-1
138,12,481.40,362.61,36.34,112.77,0.54,-1,-1,-1
138,16,452.83,353.68,60.67,140.52,0.90,-1,-1,-1
138,8,532.64,366.87,34.93,105.90,0.68,-1,-1,-1
138,20,551.29,366.86,37.35,119.20,0.71,-1,-1,-1
138,21,592.88,369.97,41.58,124.89,0.88,-1,-1,-1
138,22,993.51,343.73,58.05,171.71,0.92,-1,-1,-1
138,23,630.71,384.70,21.51,49.00,0.84,-1,-1,-1
138,24,276.62,340.35,65.71,184.30,0.81,-1,-1,-1
138,25,561.91,369.31,32.82,111.98,0.39,-1,-1,-1
139,1,694.13,234.30,375.42,888.20,0.90,-1,-1,-1
139,5,1089.69,94.93,439.91,1113.23,0.36,-1,-1,-1
139,12,482.09,363.09,35.69,115.24,0.29,-1,-1,-1
139,16,453.95,353.48,59.90,141.40,0.90,-1,-1,-1
139,8,532.98,367.48,33.91,103.36,0.70,-1,-1,-1
139,20,551.13,368.15,38.32,117.24,0.74,-1,-1,-1
139,21,593.22,370.76,42.16,125.03,0.87,-1,-1,-1
139,22,993.60,344.63,57.43,171.40,0.92,-1,-1,-1
139,23,630.30,384.54,22.19,49.29,0.84,-1,-1,-1
139,24,275.87,339.76,65.72,186.42,0.79,-1,-1,-1
139,25,565.30,372.38,31.50,104.64,0.23,-1,-1,-1
140,1,697.83,237.42,379.94,894.53,0.90,-1,-1,-1
140,5,1108.10,131.04,418.57,1042.11,0.36,-1,-1,-1
140,12,481.78,363.19,37.23,116.41,0.16,-1,-1,-1
140,16,454.65,353.16,60.79,140.98,0.90,-1,-1,-1
140,8,533.41,367.64,35.32,105.64,0.66,-1,-1,-1
140,20,551.67,367.22,38.69,118.99,0.75,-1,-1,-1
140,21,593.66,371.13,41.77,125.20,0.87,-1,-1,-1
140,22,993.01,345.19,58.47,173.08,0.92,-1,-1,-1
140,23,630.47,384.70,21.86,49.10,0.83,-1,-1,-1
140,24,274.35,340.07,65.98,187.48,0.75,-1,-1,-1
140,25,564.50,371.67,32.19,108.06,0.35,-1,-1,-1
141,1,703.67,238.01,380.40,900.58,0.89,-1,-1,-1
141,5,1132.62,123.18,413.08,1098.46,0.17,-1,-1,-1
141,16,456.94,352.74,58.60,140.56,0.89,-1,-1,-1
141,8,533.14,366.07,35.83,109.31,0.67,-1,-1,-1
141,20,552.34,366.74,38.82,120.70,0.75,-1,-1,-1
141,21,593.39,370.83,42.22,126.63,0.87,-1,-1,-1
141,22,992.78,345.74,60.10,173.77,0.92,-1,-1,-1
141,23,631.32,385.23,21.13,48.74,0.77,-1,-1,-1
141,24,272.29,342.87,66.36,185.81,0.82,-1,-1,-1
141,25,562.29,370.39,33.03,111.81,0.44,-1,-1,-1
142,1,709.54,236.37,381.70,897.77,0.90,-1,-1,-1
142,16,458.54,351.99,58.48,140.83,0.90,-1,-1,-1
142,8,533.33,366.68,36.60,110.23,0.69,-1,-1,-1
142,20,551.41,366.88,38.84,127.97,0.74,-1,-1,-1
142,21,593.58,370.44,42.35,127.57,0.87,-1,-1,-1
142,22,992.02,346.46,60.69,174.30,0.92,-1,-1,-1
142,23,631.64,385.31,20.84,48.90,0.75,-1,-1,-1
142,24,271.20,341.09,66.74,188.40,0.85,-1,-1,-1
142,25,563.24,371.70,33.92,108.91,0.45,-1,-1,-1
143,1,714.82,235.42,380.91,892.80,0.90,-1,-1,-1
143,16,458.73,351.77,59.16,139.23,0.89,-1,-1,-1
143,8,533.47,367.85,34.50,104.43,0.74,-1,-1,-1
143,20,550.82,366.84,39.41,126.55,0.72,-1,-1,-1
143,21,593.98,368.57,41.77,129.78,0.86,-1,-1,-1
143,22,991.58,346.68,62.10,174.41,0.91,-1,-1,-1
143,23,631.47,385.08,21.32,48.95,0.77,-1,-1,-1
143,24,269.11,341.66,68.30,187.62,0.85,-1,-1,-1
143,25,564.85,371.99,33.04,105.08,0.43,-1,-1,-1
144,1,719.66,230.19,383.54,900.79,0.90,-1,-1,-1
144,16,458.11,351.76,62.72,137.95,0.88,-1,-1,-1
144,8,532.87,368.12,34.28,101.42,0.74,-1,-1,-1
144,20,549.11,367.96,40.21,130.43,0.74,-1,-1,-1
144,21,594.74,367.21,41.55,131.25,0.86,-1,-1,-1
144,22,991.03,346.58,63.83,174.99,0.89,-1,-1,-1
144,23,631.45,384.80,21.50,48.99,0.79,-1,-1,-1
144,24,268.97,341.49,67.41,187.38,0.85,-1,-1,-1
144,25,564.28,370.52,33.88,110.94,0.54,-1,-1,-1
145,1,728.34,225.12,373.87,903.54,0.90,-1,-1,-1
145,16,458.46,351.65,63.53,132.24,0.86,-1,-1,-1
145,8,532.81,368.12,33.55,98.97,0.74,-1,-1,-1
145,20,551.56,367.27,38.67,125.43,0.71,-1,-1,-1
145,21,594.57,368.13,42.00,130.46,0.86,-1,-1,-1
145,22,991.27,346.96,64.41,169.70,0.87,-1,-1,-1
145,23,631.88,384.06,21.55,49.91,0.81,-1,-1,-1
145,24,265.88,340.63,69.63,189.23,0.84,-1,-1,-1
145,25,563.62,369.62,34.13,112.03,0.44,-1,-1,-1
146,1,738.03,220.13,366.52,904.23,0.89,-1,-1,-1
146,16,459.54,351.68,63.35,127.95,0.86,-1,-1,-1
146,8,532.01,368.45,33.96,98.06,0.77,-1,-1,-1
146,20,551.75,367.34,38.15,124.55,0.72,-1,-1,-1
146,21,595.52,366.39,41.66,132.19,0.87,-1,-1,-1
146,22,993.31,346.35,64.75,168.71,0.84,-1,-1,-1
146,23,632.79,384.03,21.00,49.65,0.81,-1,-1,-1
146,24,263.98,335.74,70.58,194.35,0.85,-1,-1,-1
146,25,564.40,370.32,34.30,106.61,0.51,-1,-1,-1
147,1,748.23,213.46,355.48,907.41,0.88,-1,-1,-1
147,16,460.32,351.43,62.05,122.97,0.85,-1,-1,-1
147,8,531.77,368.58,32.91,96.16,0.78,-1,-1,-1
147,20,552.76,365.89,39.15,125.02,0.75,-1,-1,-1
147,21,596.49,363.68,41.52,134.80,0.88,-1,-1,-1
147,22,992.66,344.73,64.85,171.11,0.37,-1,-1,-1
147,23,633.43,384.17,20.79,48.92,0.78,-1,-1,-1
147,24,261.78,335.01,72.66,195.67,0.84,-1,-1,-1
147,25,565.33,370.47,33.75,105.13,0.45,-1,-1,-1
148,1,757.61,202.30,345.03,914.98,0.88,-1,-1,-1
148,16,460.70,351.15,60.96,122.12,0.86,-1,-1,-1
148,8,531.26,368.17,31.91,94.20,0.78,-1,-1,-1
148,20,552.75,364.74,39.52,128.55,0.76,-1,-1,-1
148,21,597.08,366.35,41.47,132.19,0.88,-1,-1,-1
148,22,995.07,343.31,64.90,172.46,0.37,-1,-1,-1
148,23,633.63,384.26,20.72,48.69,0.77,-1,-1,-1
148,24,257.59,332.15,75.50,198.23,0.85,-1,-1,-1
148,25,566.20,370.68,33.53,104.53,0.37,-1,-1,-1
149,1,766.24,197.02,338.95,916.49,0.86,-1,-1,-1
149,16,460.52,351.31,61.77,129.05,0.84,-1,-1,-1
149,8,530.48,367.34,32.78,100.67,0.73,-1,-1,-1
149,20,553.35,364.27,39.68,129.12,0.75,-1,-1,-1
149,21,597.01,367.51,42.07,131.13,0.89,-1,-1,-1
149,23,634.02,384.07,20.70,49.50,0.80,-1,-1,-1
149,24,255.45,330.34,76.03,200.92,0.84,-1,-1,-1
149,25,566.24,370.55,34.06,105.80,0.45,-1,-1,-1
