0,1,751.95,365.17,24.30,65.70,0.91,-1,-1,-1
0,2,687.15,350.10,28.80,79.65,0.90,-1,-1,-1
0,3,498.60,350.32,36.00,86.85,0.90,-1,-1,-1
0,4,769.95,349.87,32.40,81.90,0.89,-1,-1,-1
0,5,815.85,357.75,27.00,67.50,0.87,-1,-1,-1
1,1,752.35,364.58,24.30,66.50,0.90,-1,-1,-1
1,2,687.14,349.89,29.59,79.67,0.90,-1,-1,-1
1,3,498.94,350.12,36.01,86.09,0.89,-1,-1,-1
1,4,770.35,349.87,33.19,81.53,0.90,-1,-1,-1
1,5,815.48,357.35,27.01,67.52,0.87,-1,-1,-1
2,1,753.14,364.49,25.01,66.64,0.89,-1,-1,-1
2,2,687.50,349.68,29.03,78.98,0.90,-1,-1,-1
2,3,498.99,349.73,36.01,85.97,0.89,-1,-1,-1
2,4,771.49,349.52,33.32,81.83,0.89,-1,-1,-1
2,5,815.45,357.29,27.01,67.88,0.87,-1,-1,-1
3,1,754.05,364.14,25.23,67.35,0.90,-1,-1,-1
3,2,687.27,349.64,29.52,78.41,0.90,-1,-1,-1
3,3,499.02,349.11,36.01,86.63,0.90,-1,-1,-1
3,4,772.86,348.91,32.67,82.60,0.88,-1,-1,-1
3,5,814.40,357.30,28.38,69.01,0.87,-1,-1,-1
4,1,754.67,363.71,25.95,68.23,0.89,-1,-1,-1
4,2,687.86,349.64,29.03,78.58,0.90,-1,-1,-1
4,3,499.69,348.77,35.35,87.51,0.90,-1,-1,-1
4,4,773.62,349.05,33.12,83.18,0.89,-1,-1,-1
4,5,813.43,357.63,29.47,69.37,0.87,-1,-1,-1
5,1,756.14,363.26,25.54,69.14,0.89,-1,-1,-1
5,2,688.08,349.65,28.84,78.64,0.91,-1,-1,-1
5,3,499.98,348.36,35.12,88.10,0.90,-1,-1,-1
5,4,774.48,348.97,33.26,83.66,0.89,-1,-1,-1
5,5,813.10,357.27,29.83,70.09,0.87,-1,-1,-1
6,1,756.63,363.07,26.01,69.46,0.89,-1,-1,-1
6,2,688.45,349.62,28.80,78.69,0.90,-1,-1,-1
6,3,499.99,348.20,35.06,88.63,0.91,-1,-1,-1
6,4,775.70,348.90,33.32,84.15,0.89,-1,-1,-1
6,5,812.11,357.10,30.56,69.72,0.88,-1,-1,-1
7,1,756.68,363.48,26.77,69.53,0.90,-1,-1,-1
7,2,688.79,349.91,28.78,78.71,0.90,-1,-1,-1
7,3,499.61,348.45,35.04,88.79,0.91,-1,-1,-1
7,4,776.30,349.50,33.33,84.61,0.89,-1,-1,-1
7,5,811.35,357.51,31.40,68.93,0.88,-1,-1,-1
8,1,756.45,363.54,27.65,69.82,0.90,-1,-1,-1
8,2,689.00,350.39,28.77,78.39,0.90,-1,-1,-1
8,3,499.91,348.18,34.42,89.42,0.91,-1,-1,-1
8,4,776.56,349.78,33.95,84.74,0.90,-1,-1,-1
8,5,811.16,357.55,31.69,68.92,0.88,-1,-1,-1
9,1,756.30,363.71,28.55,70.22,0.90,-1,-1,-1
9,2,689.03,350.70,28.77,78.59,0.91,-1,-1,-1
9,3,500.29,347.91,33.58,89.94,0.91,-1,-1,-1
9,4,776.58,350.03,34.77,85.07,0.90,-1,-1,-1
9,5,810.77,357.56,31.77,68.60,0.88,-1,-1,-1
10,1,756.25,364.22,28.89,70.05,0.90,-1,-1,-1
10,2,689.36,350.96,28.78,78.67,0.91,-1,-1,-1
10,3,500.12,347.97,33.91,90.12,0.90,-1,-1,-1
10,4,777.48,350.71,34.47,84.88,0.88,-1,-1,-1
10,5,810.08,357.55,32.97,68.48,0.88,-1,-1,-1
11,1,755.87,364.41,29.59,70.56,0.89,-1,-1,-1
11,2,689.42,351.19,28.78,78.70,0.90,-1,-1,-1
11,3,499.72,348.29,34.03,89.87,0.90,-1,-1,-1
11,4,778.65,351.41,34.35,85.09,0.89,-1,-1,-1
11,5,809.20,357.70,33.99,69.04,0.88,-1,-1,-1
12,1,756.03,365.53,29.83,69.54,0.89,-1,-1,-1
12,2,689.46,351.57,28.78,78.40,0.90,-1,-1,-1
12,3,500.20,348.42,33.48,90.05,0.90,-1,-1,-1
12,4,779.98,352.57,33.09,84.25,0.88,-1,-1,-1
12,5,809.77,357.90,33.19,69.24,0.85,-1,-1,-1
13,1,755.77,366.24,31.09,69.44,0.90,-1,-1,-1
13,2,689.76,351.54,28.78,78.60,0.90,-1,-1,-1
13,3,499.75,348.89,33.89,89.81,0.90,-1,-1,-1
13,4,781.04,353.13,32.00,84.23,0.88,-1,-1,-1
13,5,810.02,358.11,33.43,69.02,0.85,-1,-1,-1
14,1,755.67,366.48,30.97,69.41,0.90,-1,-1,-1
14,2,689.85,351.20,29.38,78.69,0.90,-1,-1,-1
14,3,500.14,348.45,33.45,90.03,0.90,-1,-1,-1
14,4,781.40,352.41,32.22,85.73,0.89,-1,-1,-1
14,5,811.33,358.62,29.97,68.34,0.84,-1,-1,-1
15,1,756.20,366.23,30.90,69.69,0.90,-1,-1,-1
15,2,689.88,351.05,29.61,78.72,0.90,-1,-1,-1
15,3,500.31,347.97,33.29,90.39,0.90,-1,-1,-1
15,4,781.80,351.21,32.90,87.17,0.89,-1,-1,-1
15,5,811.25,358.93,29.79,67.17,0.84,-1,-1,-1
16,1,756.43,365.70,31.45,69.79,0.89,-1,-1,-1
16,2,690.21,350.40,29.10,78.74,0.90,-1,-1,-1
16,3,500.38,348.56,33.84,89.03,0.90,-1,-1,-1
16,4,782.25,350.61,33.16,87.11,0.90,-1,-1,-1
16,5,812.16,358.30,28.53,67.04,0.85,-1,-1,-1
17,1,757.04,364.77,31.63,70.72,0.90,-1,-1,-1
17,2,690.27,349.87,28.89,78.75,0.91,-1,-1,-1
17,3,500.04,348.33,34.64,88.21,0.92,-1,-1,-1
17,4,782.93,350.70,32.65,87.08,0.89,-1,-1,-1
17,5,811.85,358.09,29.27,67.61,0.84,-1,-1,-1
18,1,758.19,364.12,30.52,71.67,0.90,-1,-1,-1
18,2,690.32,349.38,28.83,78.77,0.91,-1,-1,-1
18,3,500.21,347.95,34.36,87.91,0.92,-1,-1,-1
18,4,782.91,350.14,33.07,87.36,0.89,-1,-1,-1
18,5,812.38,358.16,28.95,67.23,0.85,-1,-1,-1
19,1,759.39,363.24,29.48,72.26,0.90,-1,-1,-1
19,2,690.22,349.03,29.41,78.42,0.91,-1,-1,-1
19,3,500.28,347.58,34.86,87.74,0.91,-1,-1,-1
19,4,783.61,349.43,33.24,87.99,0.89,-1,-1,-1
19,5,813.02,357.82,28.24,66.45,0.86,-1,-1,-1
20,1,759.95,362.82,29.67,72.23,0.89,-1,-1,-1
20,2,689.98,348.79,29.62,78.94,0.91,-1,-1,-1
20,3,499.71,347.26,35.63,87.74,0.91,-1,-1,-1
20,4,784.29,349.23,32.70,88.57,0.88,-1,-1,-1
20,5,812.20,357.62,29.18,66.80,0.86,-1,-1,-1
21,1,761.68,362.37,28.54,73.08,0.89,-1,-1,-1
21,2,689.94,348.71,29.70,79.12,0.91,-1,-1,-1
21,3,499.58,347.15,35.92,87.42,0.91,-1,-1,-1
21,4,784.57,349.02,33.09,89.05,0.89,-1,-1,-1
21,5,811.94,357.10,30.11,67.23,0.86,-1,-1,-1
22,1,763.15,361.73,27.50,73.98,0.89,-1,-1,-1
22,2,689.84,348.65,29.73,79.19,0.91,-1,-1,-1
22,3,499.43,346.94,36.03,87.61,0.92,-1,-1,-1
22,4,785.17,348.75,32.65,89.53,0.88,-1,-1,-1
22,5,811.77,356.27,30.47,67.99,0.86,-1,-1,-1
23,1,764.00,361.74,27.12,74.60,0.89,-1,-1,-1
23,2,689.54,349.48,29.73,78.91,0.91,-1,-1,-1
23,3,498.85,347.27,36.65,87.68,0.92,-1,-1,-1
23,4,785.09,348.75,33.07,89.38,0.88,-1,-1,-1
23,5,811.73,356.06,30.01,68.57,0.86,-1,-1,-1
24,1,765.21,361.73,26.38,75.40,0.89,-1,-1,-1
24,2,689.75,349.92,29.14,78.79,0.91,-1,-1,-1
24,3,498.67,347.53,36.88,87.70,0.92,-1,-1,-1
24,4,785.96,348.59,32.63,91.09,0.86,-1,-1,-1
24,5,812.03,355.81,29.83,69.07,0.85,-1,-1,-1
25,1,766.00,362.17,27.33,75.42,0.89,-1,-1,-1
25,2,689.89,350.37,28.91,78.47,0.91,-1,-1,-1
25,3,498.03,347.74,37.55,87.43,0.92,-1,-1,-1
25,4,786.95,348.67,32.47,92.63,0.86,-1,-1,-1
25,5,812.84,356.02,28.56,68.69,0.86,-1,-1,-1
26,1,766.83,362.93,27.08,74.80,0.90,-1,-1,-1
26,2,689.91,350.54,28.83,78.34,0.91,-1,-1,-1
26,3,497.20,348.29,38.39,87.32,0.91,-1,-1,-1
26,4,787.55,348.56,33.01,93.18,0.88,-1,-1,-1
26,5,812.79,355.80,27.48,69.12,0.85,-1,-1,-1
27,1,767.68,363.53,26.99,74.54,0.90,-1,-1,-1
27,2,690.20,350.75,28.79,78.28,0.91,-1,-1,-1
27,3,496.61,348.93,38.70,87.27,0.91,-1,-1,-1
27,4,788.03,348.52,33.20,93.36,0.89,-1,-1,-1
27,5,813.35,356.31,26.47,69.27,0.86,-1,-1,-1
28,1,768.56,363.90,26.35,74.72,0.89,-1,-1,-1
28,2,690.59,350.82,28.18,78.26,0.91,-1,-1,-1
28,3,496.09,349.46,39.39,87.25,0.91,-1,-1,-1
28,4,788.47,348.51,33.27,93.99,0.88,-1,-1,-1
28,5,812.93,356.66,26.72,69.32,0.84,-1,-1,-1
29,1,769.47,364.14,26.12,75.68,0.89,-1,-1,-1
29,2,690.75,350.65,27.95,78.56,0.90,-1,-1,-1
29,3,495.60,349.17,39.65,87.55,0.92,-1,-1,-1
29,4,788.33,348.46,35.09,93.93,0.88,-1,-1,-1
29,5,812.49,356.90,26.82,69.05,0.84,-1,-1,-1
30,1,770.95,364.07,24.83,76.33,0.89,-1,-1,-1
30,2,690.78,350.41,27.87,78.37,0.90,-1,-1,-1
30,3,495.42,349.17,39.72,87.66,0.92,-1,-1,-1
30,4,789.12,347.99,35.17,94.47,0.89,-1,-1,-1
30,5,812.00,357.13,27.47,68.63,0.82,-1,-1,-1
31,1,771.80,364.04,24.98,77.16,0.88,-1,-1,-1
31,2,690.80,349.88,27.85,78.32,0.90,-1,-1,-1
31,3,495.63,349.17,39.16,87.43,0.91,-1,-1,-1
31,4,790.32,348.11,35.20,94.37,0.88,-1,-1,-1
31,5,811.55,357.07,27.72,68.49,0.79,-1,-1,-1
32,1,772.41,363.87,26.25,78.07,0.88,-1,-1,-1
32,2,690.53,348.77,28.45,78.90,0.90,-1,-1,-1
32,3,496.02,348.86,38.93,87.34,0.91,-1,-1,-1
32,4,790.49,347.85,36.39,95.22,0.88,-1,-1,-1
32,5,811.42,358.22,27.82,67.55,0.65,-1,-1,-1
33,1,772.90,363.33,27.31,78.69,0.88,-1,-1,-1
33,2,690.72,348.47,28.67,78.82,0.90,-1,-1,-1
33,3,495.59,348.40,39.43,87.61,0.91,-1,-1,-1
33,4,791.71,347.43,36.24,95.22,0.87,-1,-1,-1
33,5,811.37,357.58,27.86,67.79,0.61,-1,-1,-1
34,1,773.64,362.57,28.30,79.20,0.89,-1,-1,-1
34,2,690.78,348.11,28.75,78.79,0.90,-1,-1,-1
34,3,496.02,348.57,39.02,86.82,0.90,-1,-1,-1
34,4,793.62,347.32,34.99,93.72,0.86,-1,-1,-1
34,5,811.94,356.93,27.28,68.18,0.66,-1,-1,-1
35,1,775.07,361.59,28.68,80.26,0.89,-1,-1,-1
35,2,690.51,348.02,29.38,78.77,0.91,-1,-1,-1
35,3,496.22,347.78,38.85,87.41,0.90,-1,-1,-1
35,4,794.93,346.88,36.29,94.02,0.88,-1,-1,-1
35,5,811.26,355.84,27.66,69.51,0.66,-1,-1,-1
36,1,775.91,360.96,28.81,80.95,0.89,-1,-1,-1
36,2,691.03,348.32,29.02,78.47,0.91,-1,-1,-1
36,3,496.90,347.20,38.18,87.64,0.90,-1,-1,-1
36,4,795.72,345.41,37.35,95.32,0.87,-1,-1,-1
36,5,812.23,355.31,26.61,69.43,0.49,-1,-1,-1
37,1,776.47,360.85,29.45,80.88,0.89,-1,-1,-1
37,2,690.90,348.72,29.48,78.04,0.91,-1,-1,-1
37,3,497.18,346.55,37.93,88.60,0.91,-1,-1,-1
37,4,796.83,344.25,38.92,96.67,0.87,-1,-1,-1
37,5,812.27,354.49,26.82,70.27,0.48,-1,-1,-1
38,1,776.07,360.56,31.45,82.31,0.90,-1,-1,-1
38,2,690.86,349.37,29.64,77.59,0.91,-1,-1,-1
38,3,497.88,346.49,37.23,88.37,0.90,-1,-1,-1
38,4,798.41,345.64,39.51,97.77,0.89,-1,-1,-1
38,5,813.49,355.13,25.70,69.11,0.17,-1,-1,-1
39,1,776.19,360.71,32.21,82.85,0.91,-1,-1,-1
39,2,690.53,349.72,30.30,77.73,0.91,-1,-1,-1
39,3,498.41,345.85,36.38,89.18,0.91,-1,-1,-1
39,4,799.28,346.73,39.15,97.00,0.88,-1,-1,-1
39,5,813.94,355.33,25.29,68.66,0.27,-1,-1,-1
40,1,776.47,361.75,33.06,82.73,0.90,-1,-1,-1
40,2,690.38,350.38,30.54,77.78,0.91,-1,-1,-1
40,3,498.60,345.98,36.06,89.78,0.91,-1,-1,-1
40,4,800.14,347.54,38.98,96.37,0.87,-1,-1,-1
40,5,815.89,357.15,23.92,67.29,0.14,-1,-1,-1
41,1,776.55,362.73,34.54,82.35,0.90,-1,-1,-1
41,2,690.93,350.76,30.04,77.49,0.91,-1,-1,-1
41,3,498.99,346.34,35.35,89.69,0.92,-1,-1,-1
41,4,800.73,346.94,40.09,99.09,0.90,-1,-1,-1
42,1,776.56,363.53,35.69,82.79,0.89,-1,-1,-1
42,2,691.41,350.89,29.85,77.69,0.91,-1,-1,-1
42,3,499.08,346.62,35.10,89.95,0.91,-1,-1,-1
42,4,801.21,347.87,40.51,99.52,0.90,-1,-1,-1
43,1,776.57,364.84,36.12,82.35,0.89,-1,-1,-1
43,2,692.22,351.05,29.17,77.77,0.90,-1,-1,-1
43,3,499.14,346.70,35.01,90.04,0.91,-1,-1,-1
43,4,801.38,348.21,41.82,100.54,0.90,-1,-1,-1
44,1,776.56,365.64,36.84,82.16,0.89,-1,-1,-1
44,2,692.52,351.11,28.92,78.10,0.91,-1,-1,-1
44,3,499.46,347.78,34.39,89.48,0.91,-1,-1,-1
44,4,802.31,349.08,41.73,101.21,0.90,-1,-1,-1
45,1,776.16,366.20,37.68,82.06,0.88,-1,-1,-1
45,2,692.56,351.25,28.82,77.91,0.91,-1,-1,-1
45,3,499.86,347.88,33.56,89.83,0.91,-1,-1,-1
45,4,803.12,349.23,41.66,102.60,0.89,-1,-1,-1
46,1,776.63,366.22,38.56,82.92,0.89,-1,-1,-1
46,2,692.61,350.97,28.79,78.45,0.90,-1,-1,-1
46,3,500.00,348.76,33.27,88.79,0.91,-1,-1,-1
46,4,804.66,349.26,41.03,103.72,0.90,-1,-1,-1
47,1,778.22,366.63,38.90,82.65,0.90,-1,-1,-1
47,2,692.59,350.68,28.78,78.66,0.91,-1,-1,-1
47,3,500.00,348.78,33.18,88.99,0.91,-1,-1,-1
47,4,806.36,349.37,40.19,104.12,0.90,-1,-1,-1
48,1,779.43,366.16,38.99,82.83,0.90,-1,-1,-1
48,2,692.90,350.55,28.78,78.44,0.91,-1,-1,-1
48,3,500.03,348.75,33.15,88.76,0.92,-1,-1,-1
48,4,807.90,348.66,39.85,105.13,0.90,-1,-1,-1
49,1,780.78,365.39,37.84,84.37,0.87,-1,-1,-1
49,2,692.73,350.66,28.78,78.35,0.90,-1,-1,-1
49,3,500.04,348.60,33.16,88.68,0.91,-1,-1,-1
49,4,808.75,347.51,39.13,106.67,0.90,-1,-1,-1
50,1,782.17,363.94,37.37,86.13,0.88,-1,-1,-1
50,2,692.65,350.58,28.79,78.32,0.91,-1,-1,-1
50,3,500.01,347.54,33.78,89.55,0.92,-1,-1,-1
50,4,808.43,346.50,44.26,107.83,0.89,-1,-1,-1
51,1,783.24,363.21,36.58,86.79,0.89,-1,-1,-1
51,2,692.59,350.52,28.79,78.02,0.91,-1,-1,-1
51,3,499.98,347.09,34.01,89.58,0.92,-1,-1,-1
51,4,808.29,345.21,46.67,109.13,0.90,-1,-1,-1
52,1,784.52,362.17,35.68,87.89,0.89,-1,-1,-1
52,2,692.59,350.49,28.79,77.88,0.90,-1,-1,-1
52,3,500.02,346.93,34.11,88.97,0.92,-1,-1,-1
52,4,809.07,343.82,47.63,110.74,0.90,-1,-1,-1
53,1,786.20,361.38,35.32,88.89,0.89,-1,-1,-1
53,2,692.90,350.50,28.19,77.55,0.90,-1,-1,-1
53,3,500.02,346.89,34.74,88.46,0.92,-1,-1,-1
53,4,809.38,342.75,47.39,111.94,0.90,-1,-1,-1
54,1,786.42,361.11,36.39,89.53,0.88,-1,-1,-1
54,2,692.36,350.85,28.57,77.11,0.90,-1,-1,-1
54,3,499.69,346.93,34.98,88.25,0.92,-1,-1,-1
54,4,809.68,342.39,46.68,112.93,0.89,-1,-1,-1
55,1,788.10,361.45,35.61,89.79,0.87,-1,-1,-1
55,2,692.85,350.95,28.13,76.69,0.90,-1,-1,-1
55,3,499.59,346.92,35.08,88.21,0.92,-1,-1,-1
55,4,810.52,342.39,47.57,113.91,0.90,-1,-1,-1
56,1,790.46,361.53,34.10,89.88,0.87,-1,-1,-1
56,2,692.99,350.93,27.96,76.54,0.90,-1,-1,-1
56,3,498.30,346.69,36.31,88.51,0.92,-1,-1,-1
56,4,812.83,342.20,46.72,114.85,0.90,-1,-1,-1
56,6,785.25,364.72,18.00,38.70,0.76,-1,-1,-1
57,1,792.12,363.06,32.90,88.66,0.88,-1,-1,-1
57,2,692.70,350.92,27.88,76.75,0.90,-1,-1,-1
57,3,497.28,346.76,37.33,88.88,0.91,-1,-1,-1
57,4,814.18,342.90,46.33,114.53,0.91,-1,-1,-1
57,6,785.63,364.96,18.00,38.71,0.78,-1,-1,-1
58,1,792.76,364.13,32.48,88.49,0.88,-1,-1,-1
58,2,692.64,350.95,27.86,77.15,0.90,-1,-1,-1
58,3,496.90,347.12,37.73,88.74,0.92,-1,-1,-1
58,4,815.34,344.40,46.18,113.80,0.90,-1,-1,-1
58,6,786.11,365.22,18.01,38.72,0.74,-1,-1,-1
59,1,794.44,364.58,32.33,89.60,0.87,-1,-1,-1
59,2,692.59,350.87,27.86,77.30,0.90,-1,-1,-1
59,3,496.46,347.32,38.46,88.98,0.91,-1,-1,-1
59,4,816.30,344.14,45.52,114.67,0.91,-1,-1,-1
59,6,786.21,365.56,17.31,38.71,0.75,-1,-1,-1
60,1,796.80,365.19,31.08,90.59,0.87,-1,-1,-1
60,2,692.56,350.98,27.86,77.35,0.90,-1,-1,-1
60,3,496.30,347.98,38.72,88.47,0.91,-1,-1,-1
60,4,816.91,344.49,45.24,115.26,0.90,-1,-1,-1
60,6,786.55,365.83,16.39,38.71,0.78,-1,-1,-1
61,1,798.24,365.71,30.01,91.54,0.87,-1,-1,-1
61,2,692.56,350.88,27.86,77.67,0.90,-1,-1,-1
61,3,495.39,348.09,39.40,88.87,0.91,-1,-1,-1
61,4,818.30,344.92,45.13,116.05,0.89,-1,-1,-1
61,6,786.65,365.90,16.13,38.70,0.80,-1,-1,-1
62,1,799.03,365.58,30.26,93.06,0.88,-1,-1,-1
62,2,692.58,350.81,27.87,77.79,0.91,-1,-1,-1
62,3,495.06,348.84,39.07,88.42,0.91,-1,-1,-1
62,4,820.29,345.65,45.68,115.73,0.90,-1,-1,-1
62,6,787.01,365.58,16.07,39.02,0.80,-1,-1,-1
63,1,799.58,365.07,30.96,94.81,0.88,-1,-1,-1
63,2,692.58,350.77,27.86,77.84,0.90,-1,-1,-1
63,3,494.94,348.95,38.91,88.26,0.91,-1,-1,-1
63,4,821.61,345.04,45.88,117.07,0.90,-1,-1,-1
63,6,787.44,365.45,16.06,39.13,0.82,-1,-1,-1
64,1,800.29,364.41,31.23,96.33,0.89,-1,-1,-1
64,2,692.54,350.74,27.87,77.85,0.90,-1,-1,-1
64,3,494.87,349.27,38.85,87.90,0.91,-1,-1,-1
64,4,822.61,344.63,45.95,117.99,0.91,-1,-1,-1
64,6,787.54,365.24,16.07,39.17,0.82,-1,-1,-1
65,1,801.76,363.83,31.35,96.30,0.87,-1,-1,-1
65,2,692.87,350.55,27.88,77.86,0.90,-1,-1,-1
65,3,495.49,349.52,38.23,87.17,0.90,-1,-1,-1
65,4,823.00,342.38,47.16,120.98,0.91,-1,-1,-1
65,6,787.61,364.97,16.09,39.48,0.83,-1,-1,-1
66,1,803.15,362.73,30.80,97.45,0.87,-1,-1,-1
66,2,692.96,350.34,27.88,78.17,0.90,-1,-1,-1
66,3,495.08,349.31,38.58,87.21,0.91,-1,-1,-1
66,4,823.69,341.39,48.21,122.25,0.92,-1,-1,-1
66,6,787.91,364.59,16.11,39.90,0.83,-1,-1,-1
67,1,804.29,361.60,31.20,98.76,0.88,-1,-1,-1
67,2,692.76,350.42,28.48,77.99,0.90,-1,-1,-1
67,3,495.28,348.93,38.12,87.24,0.90,-1,-1,-1
67,4,824.88,339.42,49.18,125.22,0.92,-1,-1,-1
67,6,787.78,364.02,16.73,40.06,0.84,-1,-1,-1
68,1,805.22,360.59,31.36,99.80,0.88,-1,-1,-1
68,2,692.65,350.47,28.70,77.61,0.90,-1,-1,-1
68,3,495.65,347.91,37.93,88.14,0.90,-1,-1,-1
68,4,825.83,337.96,50.13,127.33,0.92,-1,-1,-1
68,6,787.98,363.22,16.96,41.01,0.83,-1,-1,-1
69,1,805.54,360.24,32.01,100.61,0.88,-1,-1,-1
69,2,692.62,350.66,28.78,77.17,0.90,-1,-1,-1
69,3,495.83,347.25,37.86,88.18,0.90,-1,-1,-1
69,4,826.76,337.15,51.06,129.26,0.92,-1,-1,-1
69,6,788.35,363.09,17.05,41.06,0.82,-1,-1,-1
70,1,805.58,360.13,33.44,100.75,0.89,-1,-1,-1
70,2,692.56,350.45,28.81,77.31,0.90,-1,-1,-1
70,3,496.12,347.30,37.83,87.90,0.90,-1,-1,-1
70,4,827.62,335.70,53.15,131.15,0.91,-1,-1,-1
70,6,788.44,363.07,17.08,41.07,0.83,-1,-1,-1
71,1,805.01,360.70,35.74,100.92,0.90,-1,-1,-1
71,2,693.15,350.23,28.23,77.66,0.90,-1,-1,-1
71,3,496.25,346.90,37.82,88.70,0.90,-1,-1,-1
71,4,828.83,334.88,53.95,132.71,0.91,-1,-1,-1
71,6,789.10,363.08,16.50,41.06,0.83,-1,-1,-1
72,1,804.77,362.01,37.77,100.79,0.89,-1,-1,-1
72,2,693.70,350.20,28.00,77.78,0.89,-1,-1,-1
72,3,496.66,346.96,37.21,88.98,0.90,-1,-1,-1
72,4,830.71,335.67,54.23,133.08,0.92,-1,-1,-1
72,6,789.33,363.73,16.28,40.45,0.83,-1,-1,-1
73,1,805.20,363.04,37.99,101.03,0.89,-1,-1,-1
73,2,693.56,349.96,28.52,78.14,0.89,-1,-1,-1
73,3,496.74,346.90,36.99,89.10,0.90,-1,-1,-1
73,4,832.27,335.48,54.90,134.53,0.92,-1,-1,-1
73,6,789.69,364.07,16.20,40.22,0.81,-1,-1,-1
74,1,805.03,364.41,40.37,101.37,0.88,-1,-1,-1
74,2,693.49,350.41,28.71,77.67,0.90,-1,-1,-1
74,3,496.78,347.11,35.70,89.13,0.91,-1,-1,-1
74,4,833.68,336.26,55.71,134.57,0.91,-1,-1,-1
74,6,790.09,364.72,16.77,40.12,0.80,-1,-1,-1
75,1,804.97,365.51,40.71,101.77,0.88,-1,-1,-1
75,2,693.49,350.60,28.79,78.08,0.90,-1,-1,-1
75,3,497.13,347.39,35.23,89.43,0.90,-1,-1,-1
75,4,834.49,338.20,56.60,134.67,0.92,-1,-1,-1
75,6,790.25,365.27,16.99,40.08,0.81,-1,-1,-1
76,1,804.01,366.04,41.39,102.66,0.89,-1,-1,-1
76,2,693.44,350.92,28.81,77.94,0.90,-1,-1,-1
76,3,497.20,348.02,34.45,89.25,0.90,-1,-1,-1
76,4,834.43,339.81,57.49,134.09,0.91,-1,-1,-1
76,6,790.56,365.60,17.07,39.77,0.82,-1,-1,-1
77,1,805.08,366.22,42.21,104.15,0.88,-1,-1,-1
77,2,692.84,351.17,29.41,78.18,0.89,-1,-1,-1
77,3,496.94,348.85,34.79,89.17,0.90,-1,-1,-1
77,4,837.31,341.15,56.06,133.08,0.92,-1,-1,-1
77,6,790.68,365.99,17.69,39.35,0.83,-1,-1,-1
78,1,806.06,365.79,41.92,105.71,0.89,-1,-1,-1
78,2,692.63,351.38,29.63,77.96,0.89,-1,-1,-1
78,3,497.19,349.43,34.31,88.83,0.91,-1,-1,-1
78,4,839.26,341.47,55.46,133.97,0.92,-1,-1,-1
78,6,790.71,366.10,18.51,39.19,0.84,-1,-1,-1
79,1,807.90,365.02,41.20,107.47,0.89,-1,-1,-1
79,2,691.95,351.61,30.31,78.48,0.89,-1,-1,-1
79,3,497.24,350.24,34.15,88.41,0.91,-1,-1,-1
79,4,840.26,341.29,56.41,135.19,0.92,-1,-1,-1
79,6,791.01,366.28,18.82,39.14,0.84,-1,-1,-1
80,1,809.76,364.40,40.31,108.70,0.89,-1,-1,-1
80,2,691.98,351.66,29.98,78.68,0.90,-1,-1,-1
80,3,497.57,350.36,33.50,88.25,0.91,-1,-1,-1
80,4,841.17,340.89,57.35,137.10,0.91,-1,-1,-1
80,6,791.12,366.31,18.94,38.82,0.85,-1,-1,-1
81,1,811.05,363.40,39.95,110.19,0.90,-1,-1,-1
81,2,692.00,351.80,29.84,78.46,0.90,-1,-1,-1
81,3,497.65,350.36,33.27,88.20,0.91,-1,-1,-1
81,4,841.50,340.12,58.87,138.41,0.91,-1,-1,-1
81,6,791.45,366.15,18.98,39.01,0.83,-1,-1,-1
82,1,811.79,361.81,39.80,112.49,0.89,-1,-1,-1
82,2,692.29,351.81,29.19,78.08,0.89,-1,-1,-1
82,3,497.66,350.02,33.19,88.19,0.91,-1,-1,-1
82,4,843.91,338.16,57.68,141.38,0.92,-1,-1,-1
82,6,791.26,365.90,19.57,39.38,0.85,-1,-1,-1
83,1,812.35,360.18,39.74,114.64,0.90,-1,-1,-1
83,2,692.13,351.68,28.94,77.92,0.90,-1,-1,-1
83,3,497.42,349.17,33.18,88.47,0.91,-1,-1,-1
83,4,846.59,336.25,57.18,143.93,0.92,-1,-1,-1
83,6,791.49,365.67,19.21,39.22,0.84,-1,-1,-1
84,1,812.85,359.11,41.50,116.19,0.90,-1,-1,-1
84,2,692.38,351.45,28.24,77.28,0.90,-1,-1,-1
84,3,497.28,348.65,33.78,88.30,0.91,-1,-1,-1
84,4,848.18,334.78,57.58,145.34,0.92,-1,-1,-1
84,6,791.60,365.56,19.06,38.87,0.84,-1,-1,-1
85,1,813.82,358.73,43.91,115.27,0.90,-1,-1,-1
85,2,692.09,351.25,27.99,77.04,0.90,-1,-1,-1
85,3,497.16,347.61,34.02,88.83,0.91,-1,-1,-1
85,4,848.65,333.65,58.91,145.54,0.91,-1,-1,-1
85,6,791.55,365.39,19.00,39.04,0.84,-1,-1,-1
86,1,815.70,358.62,43.10,113.68,0.91,-1,-1,-1
86,2,691.76,350.89,28.50,76.66,0.90,-1,-1,-1
86,3,496.87,346.49,34.12,88.44,0.92,-1,-1,-1
86,4,851.80,333.41,57.05,146.30,0.92,-1,-1,-1
86,6,791.90,365.35,18.38,38.81,0.83,-1,-1,-1
87,1,816.67,358.78,42.13,113.16,0.90,-1,-1,-1
87,2,691.64,350.49,28.09,76.50,0.90,-1,-1,-1
87,3,496.21,345.65,34.74,88.87,0.92,-1,-1,-1
87,4,853.83,333.08,57.48,146.23,0.92,-1,-1,-1
87,6,792.00,365.21,18.13,38.71,0.84,-1,-1,-1
88,1,817.81,359.18,44.13,112.63,0.88,-1,-1,-1
88,2,690.91,349.63,27.94,77.04,0.90,-1,-1,-1
88,3,495.60,345.69,35.57,88.72,0.93,-1,-1,-1
88,4,854.73,332.42,57.64,147.32,0.92,-1,-1,-1
88,6,791.64,364.74,18.04,39.27,0.85,-1,-1,-1
89,1,818.08,359.61,46.04,113.03,0.89,-1,-1,-1
89,2,690.77,349.56,27.89,76.67,0.90,-1,-1,-1
89,3,495.15,345.37,35.90,88.99,0.92,-1,-1,-1
89,4,857.26,331.99,56.52,148.19,0.93,-1,-1,-1
89,6,791.96,364.68,18.01,39.20,0.85,-1,-1,-1
90,1,818.75,359.91,46.78,114.22,0.91,-1,-1,-1
90,2,690.12,348.94,28.48,77.14,0.90,-1,-1,-1
90,3,494.36,345.41,36.61,88.80,0.92,-1,-1,-1
90,4,857.86,331.83,56.69,148.49,0.92,-1,-1,-1
90,6,792.07,364.36,18.01,39.47,0.84,-1,-1,-1
91,1,820.04,360.92,46.43,115.05,0.90,-1,-1,-1
91,2,690.14,349.15,28.09,76.99,0.90,-1,-1,-1
91,3,493.82,345.85,36.86,88.69,0.92,-1,-1,-1
91,4,859.12,332.99,56.12,148.36,0.93,-1,-1,-1
91,6,792.63,364.67,17.39,39.26,0.84,-1,-1,-1
92,1,821.71,362.62,45.67,115.49,0.91,-1,-1,-1
92,2,689.87,349.21,28.54,77.84,0.91,-1,-1,-1
92,3,493.04,346.30,37.53,88.96,0.91,-1,-1,-1
92,4,860.15,333.87,55.30,149.62,0.92,-1,-1,-1
92,6,792.25,365.07,17.77,38.89,0.84,-1,-1,-1
93,1,823.86,362.75,43.60,117.88,0.90,-1,-1,-1
93,2,689.53,349.48,28.72,78.16,0.91,-1,-1,-1
93,3,491.59,347.02,38.97,88.47,0.90,-1,-1,-1
93,4,861.74,334.29,55.61,152.30,0.91,-1,-1,-1
93,6,792.46,365.31,17.91,38.75,0.85,-1,-1,-1
93,7,818.10,359.77,22.50,61.65,0.76,-1,-1,-1
94,1,826.13,362.82,43.38,118.76,0.91,-1,-1,-1
94,2,689.40,350.34,28.78,77.99,0.91,-1,-1,-1
94,3,490.46,347.60,40.09,88.29,0.91,-1,-1,-1
94,4,864.07,335.06,55.72,149.76,0.92,-1,-1,-1
94,6,792.53,365.42,17.97,38.70,0.86,-1,-1,-1
94,7,818.16,360.35,23.95,62.03,0.84,-1,-1,-1
95,1,828.11,362.41,43.89,118.91,0.91,-1,-1,-1
95,2,689.65,350.98,28.80,77.91,0.91,-1,-1,-1
95,3,489.75,347.98,40.51,88.51,0.91,-1,-1,-1
95,4,865.77,335.53,55.76,151.25,0.91,-1,-1,-1
95,6,792.83,365.62,17.99,38.68,0.86,-1,-1,-1
95,7,818.18,360.83,24.22,62.46,0.83,-1,-1,-1
96,1,829.68,361.89,43.49,120.41,0.90,-1,-1,-1
96,2,689.44,351.47,29.40,77.58,0.91,-1,-1,-1
96,3,489.49,348.52,40.07,87.99,0.91,-1,-1,-1
96,4,866.92,335.50,55.18,152.22,0.91,-1,-1,-1
96,6,793.22,365.49,17.99,38.67,0.85,-1,-1,-1
96,7,818.14,360.75,25.01,62.58,0.86,-1,-1,-1
97,1,829.86,360.64,45.12,122.58,0.91,-1,-1,-1
97,2,689.61,351.62,29.04,77.45,0.91,-1,-1,-1
97,3,489.36,348.99,39.29,87.80,0.91,-1,-1,-1
97,4,868.43,334.88,57.36,154.92,0.91,-1,-1,-1
97,6,793.61,365.41,17.40,38.67,0.85,-1,-1,-1
97,7,817.75,361.04,25.25,62.27,0.87,-1,-1,-1
98,1,828.53,359.99,48.65,122.94,0.91,-1,-1,-1
98,2,689.48,351.50,29.49,77.71,0.91,-1,-1,-1
98,3,489.42,349.13,38.98,87.44,0.91,-1,-1,-1
98,4,869.35,334.91,59.63,154.45,0.91,-1,-1,-1
98,6,793.84,365.21,17.17,38.97,0.85,-1,-1,-1
98,7,817.38,360.78,25.95,62.81,0.86,-1,-1,-1
99,1,829.99,359.60,48.28,124.08,0.91,-1,-1,-1
99,2,689.99,351.31,29.07,77.21,0.91,-1,-1,-1
99,3,489.41,348.89,38.86,87.91,0.91,-1,-1,-1
99,4,870.22,333.89,60.50,156.46,0.92,-1,-1,-1
99,6,794.20,364.99,17.10,39.09,0.85,-1,-1,-1
99,7,816.61,360.06,26.81,63.63,0.88,-1,-1,-1
100,1,831.52,359.28,48.09,125.83,0.92,-1,-1,-1
100,2,690.88,350.75,28.90,77.03,0.90,-1,-1,-1
100,3,489.49,348.31,38.81,88.10,0.90,-1,-1,-1
100,4,870.02,331.70,62.59,159.87,0.91,-1,-1,-1
100,6,794.43,364.29,17.67,39.44,0.85,-1,-1,-1
100,7,816.13,359.93,27.72,63.92,0.88,-1,-1,-1
101,1,831.69,359.46,49.77,126.46,0.92,-1,-1,-1
101,2,691.43,350.09,28.84,76.97,0.89,-1,-1,-1
101,3,489.16,347.63,38.78,88.17,0.90,-1,-1,-1
101,4,870.12,329.70,70.66,164.95,0.91,-1,-1,-1
101,6,795.02,364.02,17.29,39.27,0.85,-1,-1,-1
101,7,815.88,359.42,28.04,64.01,0.89,-1,-1,-1
102,1,831.70,360.04,50.96,127.67,0.91,-1,-1,-1
102,2,691.64,349.31,28.81,77.53,0.90,-1,-1,-1
102,3,489.38,347.30,38.17,87.88,0.90,-1,-1,-1
102,4,870.68,328.72,74.25,165.37,0.92,-1,-1,-1
102,6,795.21,363.69,17.15,39.50,0.84,-1,-1,-1
102,7,815.47,358.85,28.72,63.72,0.88,-1,-1,-1
103,1,829.32,360.41,55.50,128.85,0.89,-1,-1,-1
103,2,691.37,348.88,28.81,77.45,0.90,-1,-1,-1
103,3,489.41,347.19,37.34,87.19,0.90,-1,-1,-1
103,4,871.42,327.47,75.70,168.13,0.92,-1,-1,-1
103,6,795.55,363.27,17.10,39.88,0.84,-1,-1,-1
103,7,815.01,358.34,29.57,63.91,0.87,-1,-1,-1
104,1,827.86,360.71,58.91,128.81,0.90,-1,-1,-1
104,2,691.90,348.57,28.20,77.42,0.90,-1,-1,-1
104,3,489.79,346.99,37.02,86.92,0.90,-1,-1,-1
104,4,873.42,327.17,75.05,168.97,0.92,-1,-1,-1
104,6,795.99,363.12,17.08,40.02,0.85,-1,-1,-1
104,7,814.58,358.16,30.45,63.66,0.88,-1,-1,-1
105,1,833.00,361.01,55.71,130.40,0.90,-1,-1,-1
105,2,691.83,348.65,28.58,77.41,0.90,-1,-1,-1
105,3,490.55,346.66,35.71,87.73,0.90,-1,-1,-1
105,4,876.55,327.11,73.57,169.25,0.92,-1,-1,-1
105,6,795.90,363.26,17.67,40.08,0.85,-1,-1,-1
105,7,814.48,357.38,31.36,65.98,0.87,-1,-1,-1
106,1,837.70,360.81,51.92,132.73,0.87,-1,-1,-1
106,2,691.76,348.66,28.72,77.40,0.90,-1,-1,-1
106,3,490.82,346.37,35.22,87.73,0.91,-1,-1,-1
106,4,878.24,327.54,74.11,170.61,0.93,-1,-1,-1
106,6,796.38,363.15,17.89,40.09,0.85,-1,-1,-1
106,7,814.96,356.64,31.10,67.12,0.87,-1,-1,-1
107,1,834.35,360.59,57.69,134.92,0.90,-1,-1,-1
107,2,691.77,348.82,28.77,77.41,0.90,-1,-1,-1
107,3,491.23,346.10,34.44,87.45,0.91,-1,-1,-1
107,4,881.25,327.28,74.87,169.77,0.94,-1,-1,-1
107,6,796.62,362.97,17.98,40.10,0.85,-1,-1,-1
107,7,815.53,357.11,30.97,66.07,0.87,-1,-1,-1
108,1,836.24,360.47,56.84,136.42,0.88,-1,-1,-1
108,2,691.09,349.30,29.38,77.39,0.91,-1,-1,-1
108,3,491.37,346.41,34.16,87.62,0.91,-1,-1,-1
108,4,883.99,328.51,73.34,169.35,0.94,-1,-1,-1
108,6,796.89,363.31,17.41,40.38,0.85,-1,-1,-1
108,7,815.64,358.62,30.30,64.13,0.88,-1,-1,-1
109,1,841.18,360.58,53.50,136.50,0.91,-1,-1,-1
109,2,690.94,350.69,29.61,76.49,0.90,-1,-1,-1
109,3,491.52,347.47,34.07,87.08,0.90,-1,-1,-1
109,4,886.85,329.88,72.72,170.61,0.94,-1,-1,-1
109,6,797.67,364.19,17.80,39.89,0.86,-1,-1,-1
109,7,816.68,359.04,29.43,64.29,0.87,-1,-1,-1
110,1,845.66,360.25,53.36,137.68,0.91,-1,-1,-1
110,2,691.33,351.13,29.11,76.46,0.90,-1,-1,-1
110,3,491.41,347.48,33.45,88.09,0.90,-1,-1,-1
110,4,889.83,331.07,72.16,173.30,0.93,-1,-1,-1
110,6,798.13,364.90,18.53,39.41,0.86,-1,-1,-1
110,7,816.96,359.43,29.09,64.35,0.88,-1,-1,-1
111,1,849.16,360.42,53.30,139.00,0.91,-1,-1,-1
111,2,691.60,351.59,28.91,76.16,0.90,-1,-1,-1
111,3,491.45,347.77,33.23,88.18,0.91,-1,-1,-1
111,4,893.11,332.12,72.23,174.31,0.93,-1,-1,-1
111,6,799.00,365.17,18.22,39.23,0.87,-1,-1,-1
111,7,817.18,360.47,28.95,63.19,0.88,-1,-1,-1
112,1,851.19,360.15,53.27,139.43,0.90,-1,-1,-1
112,2,691.30,351.88,28.84,76.04,0.90,-1,-1,-1
112,3,491.40,348.61,32.57,87.60,0.90,-1,-1,-1
112,4,895.62,332.77,71.34,175.20,0.94,-1,-1,-1
112,6,798.91,365.38,18.69,39.16,0.87,-1,-1,-1
112,7,817.15,358.42,28.90,65.44,0.90,-1,-1,-1
113,1,853.13,360.36,52.66,140.73,0.92,-1,-1,-1
113,2,691.53,352.00,28.22,76.30,0.89,-1,-1,-1
113,3,491.42,348.81,32.34,87.98,0.90,-1,-1,-1
113,4,899.23,332.72,70.70,176.38,0.95,-1,-1,-1
113,6,799.20,365.61,18.87,39.13,0.87,-1,-1,-1
113,7,817.18,357.68,29.47,67.15,0.91,-1,-1,-1
114,1,853.77,359.94,54.20,142.22,0.90,-1,-1,-1
114,2,691.60,351.97,27.98,76.10,0.89,-1,-1,-1
114,3,491.42,348.95,32.26,87.83,0.90,-1,-1,-1
114,4,901.98,331.61,71.34,180.19,0.94,-1,-1,-1
114,6,799.59,365.64,18.34,39.12,0.86,-1,-1,-1
114,7,817.18,357.19,29.68,67.80,0.91,-1,-1,-1
115,1,857.22,359.45,52.42,143.05,0.87,-1,-1,-1
115,2,691.63,351.47,27.90,76.03,0.90,-1,-1,-1
115,3,491.40,349.11,32.25,87.48,0.90,-1,-1,-1
115,4,904.14,330.12,70.38,182.04,0.94,-1,-1,-1
115,6,799.43,365.76,19.33,39.13,0.87,-1,-1,-1
115,7,817.19,356.98,29.75,67.45,0.91,-1,-1,-1
116,1,853.38,359.42,60.73,144.66,0.89,-1,-1,-1
116,2,691.37,350.85,27.87,76.31,0.90,-1,-1,-1
116,3,491.12,348.31,32.86,87.94,0.90,-1,-1,-1
116,4,906.38,328.23,70.32,184.62,0.93,-1,-1,-1
116,6,799.69,365.82,20.27,38.83,0.87,-1,-1,-1
116,7,817.52,356.62,29.78,67.29,0.91,-1,-1,-1
117,1,854.57,359.27,61.98,145.67,0.86,-1,-1,-1
117,2,691.25,350.31,27.86,76.42,0.90,-1,-1,-1
117,3,490.69,347.68,33.09,88.12,0.90,-1,-1,-1
117,4,908.30,326.63,71.47,186.72,0.93,-1,-1,-1
117,6,799.75,365.68,20.63,39.02,0.87,-1,-1,-1
117,7,818.21,356.35,29.18,67.23,0.90,-1,-1,-1
118,1,861.35,359.52,57.24,145.43,0.91,-1,-1,-1
118,2,690.89,349.97,27.87,76.46,0.90,-1,-1,-1
118,3,490.22,347.46,33.19,88.18,0.90,-1,-1,-1
118,4,909.83,325.30,74.57,187.92,0.93,-1,-1,-1
118,6,799.76,365.34,21.35,39.39,0.85,-1,-1,-1
118,7,819.36,356.11,28.35,66.89,0.89,-1,-1,-1
119,1,865.51,359.75,52.83,146.34,0.91,-1,-1,-1
119,2,690.43,349.37,28.47,76.79,0.91,-1,-1,-1
119,3,489.39,346.45,33.83,88.82,0.90,-1,-1,-1
119,4,909.18,322.72,78.08,192.18,0.92,-1,-1,-1
119,6,800.03,364.89,21.04,39.54,0.86,-1,-1,-1
119,7,820.38,355.71,27.44,66.77,0.90,-1,-1,-1
120,1,868.48,359.85,51.18,147.51,0.91,-1,-1,-1
120,2,690.29,349.17,28.69,76.90,0.90,-1,-1,-1
120,3,489.15,345.96,34.07,89.04,0.91,-1,-1,-1
120,4,912.04,321.04,76.80,193.85,0.93,-1,-1,-1
120,6,800.13,364.58,20.90,39.59,0.85,-1,-1,-1
120,7,821.66,355.00,26.49,67.30,0.90,-1,-1,-1
121,1,869.78,359.77,56.08,149.85,0.90,-1,-1,-1
121,2,690.24,349.13,28.78,76.94,0.91,-1,-1,-1
121,3,488.77,345.66,34.17,88.22,0.92,-1,-1,-1
121,4,914.85,319.42,75.07,197.51,0.93,-1,-1,-1
121,6,800.46,364.50,20.25,39.60,0.85,-1,-1,-1
121,7,822.12,355.20,26.15,66.90,0.90,-1,-1,-1
122,1,872.34,359.14,55.79,152.47,0.91,-1,-1,-1
122,2,690.27,349.41,28.82,76.66,0.91,-1,-1,-1
122,3,488.07,345.26,34.80,88.22,0.92,-1,-1,-1
122,4,918.59,318.51,74.69,198.57,0.94,-1,-1,-1
122,6,800.94,364.16,20.00,39.91,0.85,-1,-1,-1
122,7,823.24,355.73,25.44,65.55,0.90,-1,-1,-1
123,1,874.53,358.99,57.70,154.14,0.91,-1,-1,-1
123,2,690.13,349.16,28.82,76.84,0.90,-1,-1,-1
123,3,486.81,344.73,36.20,88.50,0.92,-1,-1,-1
123,4,921.19,318.31,75.40,198.71,0.93,-1,-1,-1
123,6,801.22,363.97,19.29,39.72,0.85,-1,-1,-1
123,7,823.45,355.89,25.17,65.03,0.90,-1,-1,-1
124,1,878.14,358.70,55.78,156.10,0.91,-1,-1,-1
124,2,690.23,349.56,28.82,76.93,0.91,-1,-1,-1
124,3,486.44,344.74,36.16,89.22,0.91,-1,-1,-1
124,4,924.69,319.04,74.49,200.52,0.93,-1,-1,-1
124,6,801.20,364.55,19.63,39.66,0.85,-1,-1,-1
124,7,824.00,356.30,25.09,64.85,0.89,-1,-1,-1
125,1,881.14,359.04,55.59,157.51,0.92,-1,-1,-1
125,2,689.63,350.62,29.41,76.35,0.91,-1,-1,-1
125,3,485.12,345.36,37.31,89.18,0.91,-1,-1,-1
125,4,927.01,320.11,80.08,202.73,0.93,-1,-1,-1
125,6,801.41,364.63,19.16,39.92,0.87,-1,-1,-1
125,7,823.80,357.51,25.07,64.18,0.90,-1,-1,-1
126,1,885.23,357.91,55.50,160.36,0.91,-1,-1,-1
126,2,690.05,350.93,29.04,76.14,0.91,-1,-1,-1
126,3,484.08,345.49,38.32,89.46,0.91,-1,-1,-1
126,4,929.08,320.89,83.28,204.85,0.93,-1,-1,-1
126,6,801.84,364.72,18.37,39.73,0.86,-1,-1,-1
126,7,823.77,358.03,25.08,63.64,0.90,-1,-1,-1
127,1,886.97,356.61,57.55,162.89,0.92,-1,-1,-1
127,2,690.20,351.04,28.90,76.07,0.91,-1,-1,-1
127,3,483.07,345.84,39.28,89.28,0.91,-1,-1,-1
127,4,930.38,321.65,85.68,205.76,0.93,-1,-1,-1
127,6,802.28,364.61,18.08,39.95,0.86,-1,-1,-1
127,7,823.73,358.22,25.09,64.35,0.90,-1,-1,-1
128,1,886.09,355.50,63.30,165.26,0.91,-1,-1,-1
128,2,690.57,350.91,28.84,76.04,0.90,-1,-1,-1
128,3,481.86,346.71,39.64,88.60,0.91,-1,-1,-1
128,4,931.95,321.64,87.73,209.56,0.93,-1,-1,-1
128,6,802.44,364.55,17.98,39.74,0.85,-1,-1,-1
128,7,823.10,358.12,25.70,64.91,0.89,-1,-1,-1
129,1,884.01,354.97,69.46,167.41,0.92,-1,-1,-1
129,2,691.30,350.90,28.22,76.32,0.90,-1,-1,-1
129,3,480.55,347.24,40.93,88.33,0.91,-1,-1,-1
129,4,933.64,321.68,88.50,212.11,0.92,-1,-1,-1
129,6,802.78,364.86,17.95,39.65,0.85,-1,-1,-1
129,7,822.86,358.11,25.34,65.42,0.90,-1,-1,-1
130,1,882.53,355.78,74.70,168.88,0.91,-1,-1,-1
130,2,691.89,350.85,27.98,76.12,0.90,-1,-1,-1
130,3,480.40,347.39,40.83,88.51,0.91,-1,-1,-1
130,4,935.92,321.09,88.73,215.32,0.93,-1,-1,-1
130,6,803.19,364.94,17.94,39.61,0.85,-1,-1,-1
130,7,822.73,357.77,25.80,66.20,0.90,-1,-1,-1
131,1,882.81,355.48,78.21,171.18,0.92,-1,-1,-1
131,2,692.14,350.50,28.50,76.36,0.90,-1,-1,-1
131,3,480.07,347.87,40.19,88.01,0.91,-1,-1,-1
131,4,939.15,319.65,85.27,219.17,0.93,-1,-1,-1
131,6,803.68,365.09,17.94,39.60,0.84,-1,-1,-1
131,7,822.75,357.90,25.98,65.91,0.89,-1,-1,-1
132,1,881.97,356.22,82.12,174.34,0.91,-1,-1,-1
132,2,691.89,350.04,28.70,76.45,0.90,-1,-1,-1
132,3,479.64,348.30,39.92,87.22,0.91,-1,-1,-1
132,4,942.05,318.05,86.26,221.01,0.93,-1,-1,-1
132,6,804.42,364.96,17.35,39.30,0.85,-1,-1,-1
132,7,821.81,357.62,27.24,65.79,0.89,-1,-1,-1
133,1,881.64,356.35,84.76,176.25,0.91,-1,-1,-1
133,2,691.80,349.84,28.77,76.49,0.90,-1,-1,-1
133,3,479.79,348.28,39.21,86.93,0.90,-1,-1,-1
133,4,945.46,315.66,85.43,223.42,0.93,-1,-1,-1
133,6,805.01,364.44,17.13,39.79,0.85,-1,-1,-1
133,7,821.20,356.00,28.29,66.95,0.90,-1,-1,-1
134,1,881.31,357.10,87.76,175.90,0.90,-1,-1,-1
134,2,692.16,349.14,28.80,76.81,0.90,-1,-1,-1
134,3,479.93,347.94,38.94,86.54,0.91,-1,-1,-1
134,4,948.57,313.40,86.28,226.49,0.93,-1,-1,-1
134,6,805.31,363.77,17.66,40.28,0.85,-1,-1,-1
134,7,821.08,354.92,28.70,67.38,0.89,-1,-1,-1
135,1,884.50,357.06,88.97,176.14,0.91,-1,-1,-1
135,2,692.18,349.03,28.84,76.94,0.90,-1,-1,-1
135,3,480.76,347.72,37.67,86.70,0.90,-1,-1,-1
135,4,952.56,310.58,85.49,230.25,0.93,-1,-1,-1
135,6,805.94,364.09,17.28,39.57,0.85,-1,-1,-1
135,7,820.95,354.19,28.88,68.14,0.89,-1,-1,-1
136,1,887.68,356.28,90.11,178.33,0.91,-1,-1,-1
136,2,692.51,349.19,28.81,76.66,0.91,-1,-1,-1
136,3,481.82,346.56,35.92,87.34,0.90,-1,-1,-1
136,4,956.26,308.37,89.80,232.70,0.93,-1,-1,-1
136,6,806.42,363.70,17.12,39.58,0.84,-1,-1,-1
136,7,820.57,354.16,29.49,68.40,0.88,-1,-1,-1
137,1,889.46,355.70,91.07,180.88,0.93,-1,-1,-1
137,2,691.42,349.29,30.00,76.86,0.90,-1,-1,-1
137,3,481.59,345.71,35.90,87.89,0.91,-1,-1,-1
137,4,960.50,306.69,87.89,235.91,0.93,-1,-1,-1
137,6,806.87,363.58,17.06,39.29,0.85,-1,-1,-1
137,7,820.71,353.59,29.71,68.79,0.89,-1,-1,-1
138,1,892.15,354.02,92.24,184.44,0.92,-1,-1,-1
138,2,691.92,349.48,29.85,76.63,0.90,-1,-1,-1
138,3,481.54,345.10,35.89,88.39,0.91,-1,-1,-1
138,4,964.41,305.21,91.85,240.86,0.92,-1,-1,-1
138,6,807.34,363.54,17.05,39.18,0.85,-1,-1,-1
138,7,820.79,353.39,29.79,68.33,0.89,-1,-1,-1
139,1,903.36,354.17,85.95,186.20,0.92,-1,-1,-1
139,2,692.42,349.74,29.78,76.55,0.90,-1,-1,-1
139,3,481.83,344.76,35.29,88.89,0.91,-1,-1,-1
139,4,968.77,304.44,95.64,244.16,0.93,-1,-1,-1
139,6,807.83,363.42,17.04,39.15,0.85,-1,-1,-1
139,7,821.14,353.52,29.81,67.55,0.90,-1,-1,-1
140,1,914.88,353.32,79.72,188.87,0.90,-1,-1,-1
140,2,692.85,349.66,29.76,76.82,0.90,-1,-1,-1
140,3,481.88,344.46,35.08,89.37,0.91,-1,-1,-1
140,4,973.22,303.12,102.89,248.12,0.94,-1,-1,-1
140,6,808.24,363.05,17.05,39.73,0.85,-1,-1,-1
140,7,821.82,354.14,29.81,66.66,0.90,-1,-1,-1
141,1,921.73,352.03,77.05,192.61,0.92,-1,-1,-1
141,2,692.96,349.53,29.74,76.92,0.90,-1,-1,-1
141,3,481.56,344.26,35.01,89.84,0.91,-1,-1,-1
141,4,978.24,304.61,106.80,249.97,0.94,-1,-1,-1
141,6,808.63,362.67,17.05,40.25,0.85,-1,-1,-1
141,7,822.02,354.74,29.80,66.32,0.90,-1,-1,-1
142,1,929.52,350.82,73.61,196.71,0.92,-1,-1,-1
142,2,694.21,349.63,28.53,76.64,0.90,-1,-1,-1
142,3,481.82,344.17,34.38,90.00,0.92,-1,-1,-1
142,4,982.37,307.02,111.70,252.28,0.94,-1,-1,-1
142,6,808.75,362.83,17.65,40.73,0.84,-1,-1,-1
142,7,822.39,355.41,29.78,66.48,0.90,-1,-1,-1
143,1,935.94,349.83,71.14,200.85,0.92,-1,-1,-1
143,2,695.04,349.87,28.08,76.53,0.90,-1,-1,-1
143,3,482.28,344.23,34.16,90.34,0.92,-1,-1,-1
143,4,987.40,307.72,111.30,256.00,0.95,-1,-1,-1
143,6,809.14,363.53,17.88,40.62,0.84,-1,-1,-1
143,7,823.18,355.87,29.18,66.24,0.90,-1,-1,-1
144,1,940.52,349.13,70.28,204.45,0.92,-1,-1,-1
144,2,695.27,349.62,28.52,76.81,0.90,-1,-1,-1
144,3,482.33,343.91,34.10,91.08,0.92,-1,-1,-1
144,4,992.16,309.41,109.90,259.44,0.94,-1,-1,-1
144,6,809.54,363.76,17.97,40.87,0.82,-1,-1,-1
144,7,823.74,356.14,28.95,66.17,0.90,-1,-1,-1
145,1,944.40,347.80,71.21,208.21,0.91,-1,-1,-1
145,2,695.64,349.63,28.09,76.61,0.90,-1,-1,-1
145,3,482.06,344.06,34.08,91.05,0.92,-1,-1,-1
145,4,997.92,308.86,110.44,265.61,0.94,-1,-1,-1
145,6,809.94,364.39,18.00,40.07,0.83,-1,-1,-1
145,7,824.22,356.19,28.86,65.83,0.90,-1,-1,-1
146,1,946.70,348.44,75.13,211.97,0.91,-1,-1,-1
146,2,695.39,349.54,28.51,77.10,0.91,-1,-1,-1
146,3,481.68,344.60,34.06,90.69,0.91,-1,-1,-1
146,4,1002.73,307.47,112.85,271.43,0.94,-1,-1,-1
146,6,809.96,364.70,18.00,40.05,0.83,-1,-1,-1
146,7,824.56,356.13,28.21,66.29,0.90,-1,-1,-1
147,1,949.97,348.61,76.64,216.33,0.91,-1,-1,-1
147,2,695.35,349.47,28.69,77.31,0.91,-1,-1,-1
147,3,481.52,345.54,34.09,89.69,0.91,-1,-1,-1
147,4,1007.55,305.37,114.98,277.45,0.94,-1,-1,-1
147,6,810.37,365.06,17.42,39.75,0.83,-1,-1,-1
147,7,824.81,356.19,27.98,66.78,0.90,-1,-1,-1
148,1,954.01,348.66,76.05,220.26,0.92,-1,-1,-1
148,2,695.32,349.41,28.76,77.69,0.90,-1,-1,-1
148,3,481.14,346.17,34.11,89.01,0.91,-1,-1,-1
148,4,1012.78,303.21,113.42,281.57,0.94,-1,-1,-1
148,6,810.50,365.30,17.80,39.34,0.83,-1,-1,-1
148,7,825.18,355.73,27.91,67.27,0.90,-1,-1,-1
149,1,957.18,349.13,75.81,223.28,0.92,-1,-1,-1
149,2,695.31,349.38,28.79,77.54,0.91,-1,-1,-1
149,3,480.71,346.24,34.12,88.76,0.91,-1,-1,-1
149,4,1019.38,300.21,116.27,285.23,0.94,-1,-1,-1
149,6,810.86,365.53,17.94,39.19,0.84,-1,-1,-1
149,7,825.63,355.11,27.28,67.75,0.89,-1,-1,-1
