0,1,900.00,338.40,100.80,238.05,0.95,-1,-1,-1
0,2,751.50,358.20,78.30,171.45,0.94,-1,-1,-1
0,3,1071.90,357.30,90.00,202.50,0.93,-1,-1,-1
0,4,420.52,205.20,249.07,632.70,0.93,-1,-1,-1
0,5,694.80,375.52,53.10,122.62,0.91,-1,-1,-1
0,6,683.10,384.30,26.10,67.95,0.85,-1,-1,-1
0,7,1018.80,403.87,21.60,49.05,0.82,-1,-1,-1
0,8,323.55,393.52,30.15,67.27,0.82,-1,-1,-1
0,9,999.00,402.30,16.20,43.65,0.73,-1,-1,-1
1,1,901.62,338.28,100.84,240.30,0.95,-1,-1,-1
1,2,753.06,360.23,78.33,171.13,0.94,-1,-1,-1
1,3,1075.15,358.16,94.72,205.71,0.94,-1,-1,-1
1,4,421.17,208.53,249.94,616.37,0.93,-1,-1,-1
1,5,694.77,376.78,53.12,121.90,0.91,-1,-1,-1
1,6,683.07,384.39,25.33,67.98,0.86,-1,-1,-1
1,7,1018.90,403.98,21.61,49.46,0.82,-1,-1,-1
1,8,323.37,393.61,29.77,67.69,0.83,-1,-1,-1
1,9,999.10,401.81,16.21,44.45,0.69,-1,-1,-1
1,10,657.00,387.22,18.00,53.10,0.73,-1,-1,-1
2,1,902.97,338.13,100.49,242.65,0.94,-1,-1,-1
2,2,754.03,361.85,78.34,169.87,0.94,-1,-1,-1
2,3,1079.21,359.59,95.54,207.87,0.93,-1,-1,-1
2,4,423.17,209.28,246.77,625.90,0.93,-1,-1,-1
2,5,693.71,377.74,53.83,121.79,0.92,-1,-1,-1
2,6,683.05,384.79,25.20,67.99,0.87,-1,-1,-1
2,7,1018.96,404.23,21.61,49.89,0.82,-1,-1,-1
2,8,322.41,393.82,29.71,68.30,0.85,-1,-1,-1
2,9,999.85,401.79,16.21,44.94,0.55,-1,-1,-1
2,10,656.58,387.90,18.01,52.41,0.75,-1,-1,-1
3,1,903.64,337.69,102.11,245.39,0.94,-1,-1,-1
3,2,755.27,361.92,76.96,171.55,0.94,-1,-1,-1
3,3,1084.48,360.49,94.36,211.73,0.93,-1,-1,-1
3,4,428.93,211.13,240.21,631.11,0.92,-1,-1,-1
3,5,693.99,378.83,52.00,121.59,0.92,-1,-1,-1
3,6,682.99,385.56,24.48,67.31,0.85,-1,-1,-1
3,7,1018.89,404.26,21.61,50.02,0.82,-1,-1,-1
3,8,322.23,394.36,29.35,68.66,0.85,-1,-1,-1
3,9,1000.00,402.42,16.21,44.40,0.63,-1,-1,-1
3,10,655.71,388.40,18.71,52.64,0.74,-1,-1,-1
3,11,753.30,383.40,21.60,61.20,0.72,-1,-1,-1
4,1,906.14,337.03,102.30,248.66,0.94,-1,-1,-1
4,2,756.33,362.37,76.52,171.60,0.93,-1,-1,-1
4,3,1089.40,361.04,93.90,214.21,0.93,-1,-1,-1
4,4,433.11,211.19,236.20,637.10,0.92,-1,-1,-1
4,5,694.16,379.61,50.70,122.69,0.91,-1,-1,-1
4,6,683.69,386.77,23.58,66.41,0.83,-1,-1,-1
4,7,1019.55,404.21,21.61,50.37,0.84,-1,-1,-1
4,8,321.61,394.68,29.57,68.58,0.84,-1,-1,-1
4,9,1000.05,402.26,16.21,44.87,0.67,-1,-1,-1
4,10,656.19,389.36,18.25,51.64,0.62,-1,-1,-1
4,11,752.17,382.81,22.33,63.05,0.80,-1,-1,-1
5,1,907.58,336.28,102.96,251.70,0.94,-1,-1,-1
5,2,757.64,362.10,75.73,172.53,0.94,-1,-1,-1
5,3,1095.35,359.52,92.42,219.37,0.93,-1,-1,-1
5,4,437.04,210.65,233.04,641.55,0.93,-1,-1,-1
5,5,694.59,378.17,49.64,125.29,0.92,-1,-1,-1
5,6,684.95,386.76,22.65,66.11,0.81,-1,-1,-1
5,7,1019.73,404.12,21.61,50.47,0.84,-1,-1,-1
5,8,321.54,395.20,29.00,67.71,0.81,-1,-1,-1
5,9,1000.66,402.61,16.20,44.37,0.60,-1,-1,-1
5,10,655.41,389.06,18.07,51.99,0.59,-1,-1,-1
5,11,751.96,381.82,23.16,65.81,0.84,-1,-1,-1
5,12,726.75,384.75,20.70,71.10,0.74,-1,-1,-1
6,1,909.91,335.37,103.77,255.77,0.94,-1,-1,-1
6,2,758.38,361.78,74.82,171.71,0.93,-1,-1,-1
6,3,1099.73,359.41,91.88,221.53,0.93,-1,-1,-1
6,4,439.90,212.90,230.78,636.56,0.93,-1,-1,-1
6,5,694.44,378.68,49.31,125.70,0.90,-1,-1,-1
6,6,685.38,386.67,21.71,66.02,0.80,-1,-1,-1
6,7,1020.39,403.59,21.60,50.80,0.87,-1,-1,-1
6,8,320.83,394.65,28.80,68.03,0.85,-1,-1,-1
6,9,1000.84,402.06,16.20,45.13,0.68,-1,-1,-1
6,10,654.54,389.38,18.00,51.78,0.48,-1,-1,-1
6,11,752.26,381.56,23.43,67.76,0.84,-1,-1,-1
6,12,726.35,384.26,21.42,71.50,0.79,-1,-1,-1
6,13,435.37,378.90,36.23,115.65,0.73,-1,-1,-1
7,1,911.93,332.88,104.67,262.69,0.94,-1,-1,-1
7,2,759.52,360.53,73.28,171.58,0.93,-1,-1,-1
7,3,1104.85,357.33,86.70,222.98,0.93,-1,-1,-1
7,4,443.05,213.63,228.76,636.50,0.93,-1,-1,-1
7,5,692.16,376.81,52.39,128.14,0.91,-1,-1,-1
7,6,688.71,386.90,22.08,64.76,0.13,-1,-1,-1
7,7,1020.63,403.52,21.60,50.91,0.84,-1,-1,-1
7,8,319.59,394.73,29.37,67.83,0.82,-1,-1,-1
7,9,1000.28,401.22,17.44,46.63,0.48,-1,-1,-1
7,10,653.91,388.97,18.63,52.36,0.35,-1,-1,-1
7,11,752.02,381.30,24.17,68.33,0.82,-1,-1,-1
7,12,726.59,383.80,21.57,72.28,0.79,-1,-1,-1
7,13,432.27,376.38,39.84,118.24,0.80,-1,-1,-1
8,1,914.07,331.30,105.85,267.70,0.94,-1,-1,-1
8,2,760.45,359.20,72.12,170.61,0.93,-1,-1,-1
8,3,1110.81,355.44,86.09,227.04,0.94,-1,-1,-1
8,4,445.24,214.04,227.49,637.76,0.93,-1,-1,-1
8,5,690.09,375.57,52.85,129.91,0.91,-1,-1,-1
8,6,687.25,387.66,20.34,58.41,0.24,-1,-1,-1
8,7,1020.63,402.97,21.59,51.25,0.75,-1,-1,-1
8,8,318.35,394.14,29.87,68.69,0.83,-1,-1,-1
8,10,654.58,388.23,19.45,53.82,0.40,-1,-1,-1
8,11,751.57,381.28,25.03,69.72,0.83,-1,-1,-1
8,12,725.97,383.49,22.30,73.22,0.81,-1,-1,-1
8,13,430.06,376.07,41.35,117.55,0.88,-1,-1,-1
8,14,422.77,389.92,27.45,75.38,0.77,-1,-1,-1
9,1,917.57,330.41,109.62,272.14,0.94,-1,-1,-1
9,2,761.09,358.39,71.13,170.25,0.94,-1,-1,-1
9,3,1115.87,353.20,87.18,230.85,0.93,-1,-1,-1
9,4,446.68,214.62,227.98,634.95,0.92,-1,-1,-1
9,5,688.16,375.54,53.04,130.09,0.92,-1,-1,-1
9,6,685.72,387.09,21.03,57.40,0.30,-1,-1,-1
9,7,1020.07,402.28,22.81,51.67,0.74,-1,-1,-1
9,8,317.04,394.08,30.37,68.85,0.84,-1,-1,-1
9,11,751.46,381.25,24.70,69.85,0.82,-1,-1,-1
9,12,725.48,383.37,23.20,73.49,0.81,-1,-1,-1
9,13,429.09,375.25,41.90,117.62,0.89,-1,-1,-1
9,14,421.63,389.92,27.82,75.42,0.81,-1,-1,-1
10,1,920.51,329.34,113.38,276.20,0.93,-1,-1,-1
10,2,760.89,357.33,70.21,169.95,0.94,-1,-1,-1
10,3,1121.70,350.24,87.62,233.35,0.93,-1,-1,-1
10,4,447.01,212.69,229.52,640.47,0.91,-1,-1,-1
10,5,685.29,375.23,52.50,130.39,0.92,-1,-1,-1
10,6,684.53,386.88,21.27,58.68,0.16,-1,-1,-1
10,7,1019.77,401.55,23.26,52.41,0.75,-1,-1,-1
10,8,315.33,394.08,30.86,68.89,0.87,-1,-1,-1
10,11,751.05,381.86,23.93,67.66,0.84,-1,-1,-1
10,12,725.26,383.16,23.49,73.54,0.82,-1,-1,-1
10,13,428.16,374.67,42.70,117.31,0.89,-1,-1,-1
10,14,420.62,389.75,27.54,75.27,0.78,-1,-1,-1
11,1,924.29,328.04,116.27,281.73,0.93,-1,-1,-1
11,2,760.86,356.16,69.31,171.21,0.93,-1,-1,-1
11,3,1126.14,346.42,90.25,237.15,0.94,-1,-1,-1
11,4,446.79,214.65,232.02,635.20,0.92,-1,-1,-1
11,5,682.82,374.20,51.70,131.36,0.91,-1,-1,-1
11,7,1019.72,401.23,23.43,52.38,0.62,-1,-1,-1
11,8,313.46,393.62,31.34,69.36,0.87,-1,-1,-1
11,11,751.29,381.90,23.63,66.79,0.83,-1,-1,-1
11,12,724.34,382.43,24.82,74.48,0.83,-1,-1,-1
11,13,427.99,374.32,43.27,117.04,0.89,-1,-1,-1
11,14,419.44,390.03,28.15,74.83,0.83,-1,-1,-1
12,1,926.86,326.81,118.50,287.25,0.93,-1,-1,-1
12,2,760.83,356.01,67.79,171.22,0.92,-1,-1,-1
12,3,1128.83,344.67,98.42,240.40,0.95,-1,-1,-1
12,4,447.54,213.52,234.21,639.03,0.92,-1,-1,-1
12,5,678.33,374.08,55.04,131.84,0.90,-1,-1,-1
12,7,1020.91,400.94,22.29,52.06,0.47,-1,-1,-1
12,8,312.06,393.56,32.11,69.52,0.88,-1,-1,-1
12,11,751.40,382.49,23.51,65.84,0.83,-1,-1,-1
12,12,723.72,382.28,25.89,75.10,0.84,-1,-1,-1
12,13,427.68,374.16,43.12,116.48,0.89,-1,-1,-1
12,14,418.64,390.37,28.68,74.53,0.85,-1,-1,-1
13,1,930.70,326.13,115.78,289.87,0.93,-1,-1,-1
13,2,761.05,356.17,67.28,171.71,0.93,-1,-1,-1
13,3,1130.94,343.68,109.57,246.15,0.95,-1,-1,-1
13,4,447.05,209.64,239.87,643.69,0.91,-1,-1,-1
13,5,679.30,373.64,53.31,132.76,0.90,-1,-1,-1
13,8,310.25,393.72,32.69,69.74,0.85,-1,-1,-1
13,11,751.71,382.59,24.07,67.02,0.80,-1,-1,-1
13,12,723.16,382.28,26.27,75.63,0.83,-1,-1,-1
13,13,427.06,374.29,44.12,116.47,0.88,-1,-1,-1
13,14,417.53,390.49,28.53,74.77,0.78,-1,-1,-1
14,1,936.28,325.53,113.44,294.84,0.94,-1,-1,-1
14,2,760.83,356.77,67.14,171.89,0.93,-1,-1,-1
14,3,1133.41,343.26,121.86,250.59,0.96,-1,-1,-1
14,4,448.02,206.01,243.81,643.59,0.91,-1,-1,-1
14,5,681.04,373.11,51.41,133.37,0.91,-1,-1,-1
14,8,308.60,394.17,33.20,69.67,0.78,-1,-1,-1
14,11,751.85,382.25,24.88,67.74,0.80,-1,-1,-1
14,12,722.09,382.21,26.98,75.49,0.85,-1,-1,-1
14,13,427.04,374.14,44.62,116.63,0.87,-1,-1,-1
14,14,416.60,390.62,28.14,74.39,0.78,-1,-1,-1
15,1,941.26,324.13,112.52,300.86,0.94,-1,-1,-1
15,2,759.51,358.02,68.34,171.94,0.92,-1,-1,-1
15,3,1136.54,344.00,133.49,254.39,0.95,-1,-1,-1
15,4,449.35,204.31,248.72,646.32,0.92,-1,-1,-1
15,5,679.62,372.60,52.51,134.90,0.89,-1,-1,-1
15,8,306.83,395.50,33.68,68.88,0.82,-1,-1,-1
15,11,751.89,382.08,25.18,69.20,0.81,-1,-1,-1
15,12,721.40,382.16,27.82,75.72,0.85,-1,-1,-1
15,13,427.07,374.20,44.48,117.31,0.88,-1,-1,-1
15,14,416.00,390.92,27.68,74.10,0.80,-1,-1,-1
16,1,945.98,323.52,110.95,305.19,0.94,-1,-1,-1
16,2,759.00,359.60,68.21,171.50,0.92,-1,-1,-1
16,3,1139.88,345.38,139.29,255.84,0.94,-1,-1,-1
16,4,452.62,205.12,250.73,642.00,0.91,-1,-1,-1
16,5,679.13,373.21,52.92,136.47,0.90,-1,-1,-1
16,8,304.60,395.17,33.86,70.08,0.80,-1,-1,-1
16,11,752.20,382.36,25.29,69.14,0.81,-1,-1,-1
16,12,720.56,382.34,28.13,76.38,0.86,-1,-1,-1
16,13,427.13,376.12,43.50,116.33,0.89,-1,-1,-1
16,14,415.23,391.85,27.52,73.22,0.80,-1,-1,-1
17,1,951.79,321.71,110.29,314.76,0.93,-1,-1,-1
17,2,759.77,361.39,67.55,171.09,0.92,-1,-1,-1
17,3,1142.09,347.27,151.65,260.25,0.92,-1,-1,-1
17,4,458.77,205.39,250.76,635.18,0.90,-1,-1,-1
17,5,677.60,372.85,55.44,138.89,0.89,-1,-1,-1
17,8,303.95,395.49,33.60,70.48,0.71,-1,-1,-1
17,11,752.39,381.85,25.90,70.55,0.83,-1,-1,-1
17,12,720.34,382.40,27.62,76.88,0.87,-1,-1,-1
17,13,426.95,376.69,43.24,116.22,0.88,-1,-1,-1
17,14,414.76,391.72,27.14,73.80,0.74,-1,-1,-1
18,1,957.51,320.80,112.45,317.30,0.94,-1,-1,-1
18,2,760.03,362.40,67.34,170.73,0.92,-1,-1,-1
18,3,1146.44,347.95,144.25,267.71,0.93,-1,-1,-1
18,4,465.63,204.68,250.18,647.21,0.91,-1,-1,-1
18,5,674.94,371.89,58.73,142.80,0.87,-1,-1,-1
18,8,302.46,395.46,34.09,70.81,0.71,-1,-1,-1
18,11,752.43,381.42,26.13,71.99,0.85,-1,-1,-1
18,12,719.94,381.88,27.99,77.68,0.87,-1,-1,-1
18,13,426.26,377.06,42.99,116.70,0.88,-1,-1,-1
18,14,414.43,391.83,26.71,73.90,0.69,-1,-1,-1
19,1,962.48,319.29,116.78,325.62,0.95,-1,-1,-1
19,2,761.05,362.58,66.67,171.60,0.91,-1,-1,-1
19,3,1151.43,348.62,141.91,274.63,0.93,-1,-1,-1
19,4,470.02,203.71,249.27,658.19,0.92,-1,-1,-1
19,5,672.55,371.64,61.13,143.19,0.64,-1,-1,-1
19,8,301.93,395.27,33.67,71.36,0.87,-1,-1,-1
19,11,752.17,380.48,26.79,73.98,0.86,-1,-1,-1
19,12,719.25,381.65,28.69,78.84,0.87,-1,-1,-1
19,13,426.12,377.16,42.88,116.56,0.87,-1,-1,-1
19,14,413.99,392.28,26.24,73.17,0.58,-1,-1,-1
20,1,967.17,317.54,121.96,327.53,0.94,-1,-1,-1
20,2,764.11,362.46,64.05,172.09,0.90,-1,-1,-1
20,3,1157.91,348.56,142.11,280.10,0.91,-1,-1,-1
20,4,468.83,204.67,255.51,645.60,0.92,-1,-1,-1
20,8,300.39,394.90,33.80,72.16,0.85,-1,-1,-1
20,11,752.06,379.96,27.63,76.19,0.88,-1,-1,-1
20,12,718.98,381.54,28.95,79.27,0.88,-1,-1,-1
20,13,426.34,377.49,42.24,116.51,0.89,-1,-1,-1
20,14,413.51,392.75,26.08,73.22,0.78,-1,-1,-1
21,1,971.75,316.33,128.56,328.63,0.95,-1,-1,-1
21,2,766.15,362.26,62.47,172.42,0.89,-1,-1,-1
21,3,1167.24,347.26,132.72,285.44,0.92,-1,-1,-1
21,4,468.32,201.92,263.08,649.77,0.92,-1,-1,-1
21,8,299.11,394.88,33.54,72.30,0.87,-1,-1,-1
21,11,752.00,379.62,27.93,77.89,0.88,-1,-1,-1
21,12,718.89,381.66,29.03,79.56,0.86,-1,-1,-1
21,13,426.29,377.74,41.84,116.35,0.89,-1,-1,-1
21,14,412.60,391.99,26.94,74.14,0.81,-1,-1,-1
22,1,975.76,313.55,136.84,335.37,0.95,-1,-1,-1
22,2,767.50,361.70,61.31,172.70,0.92,-1,-1,-1
22,3,1179.73,345.44,124.01,289.85,0.90,-1,-1,-1
22,4,467.20,201.46,267.67,645.38,0.93,-1,-1,-1
22,8,297.95,394.83,33.13,72.35,0.88,-1,-1,-1
22,11,752.60,379.61,27.45,77.93,0.87,-1,-1,-1
22,12,719.79,381.68,27.26,79.95,0.81,-1,-1,-1
22,13,426.31,377.03,42.28,116.14,0.89,-1,-1,-1
22,14,412.16,391.80,27.26,74.35,0.78,-1,-1,-1
23,1,979.46,310.78,145.69,340.08,0.95,-1,-1,-1
23,2,767.64,360.13,62.73,171.42,0.88,-1,-1,-1
23,3,1193.20,343.31,116.99,293.69,0.89,-1,-1,-1
23,4,467.32,203.70,274.55,636.98,0.93,-1,-1,-1
23,8,296.44,394.75,33.86,72.64,0.89,-1,-1,-1
23,11,753.11,379.75,27.23,77.30,0.85,-1,-1,-1
23,12,718.95,380.79,27.14,80.95,0.66,-1,-1,-1
23,13,425.63,376.27,43.18,116.50,0.88,-1,-1,-1
23,14,412.97,393.63,26.47,72.77,0.78,-1,-1,-1
24,1,984.35,308.64,152.60,347.24,0.95,-1,-1,-1
24,2,768.33,358.72,63.29,170.83,0.90,-1,-1,-1
24,3,1205.97,338.90,107.09,298.01,0.89,-1,-1,-1
24,4,466.71,204.19,278.97,640.56,0.93,-1,-1,-1
24,8,295.86,394.54,33.54,72.61,0.89,-1,-1,-1
24,11,753.36,380.05,27.15,75.86,0.86,-1,-1,-1
24,12,716.61,382.32,29.50,79.40,0.25,-1,-1,-1
24,13,425.36,375.65,43.83,116.07,0.88,-1,-1,-1
24,14,412.37,391.57,26.49,74.00,0.77,-1,-1,-1
24,15,971.10,383.17,30.60,90.67,0.83,-1,-1,-1
25,1,989.54,307.45,159.80,360.20,0.95,-1,-1,-1
25,2,768.82,357.30,64.12,170.90,0.92,-1,-1,-1
25,3,1214.55,334.33,107.24,304.76,0.81,-1,-1,-1
25,4,466.39,203.18,281.70,643.67,0.93,-1,-1,-1
25,8,294.79,394.45,33.71,72.29,0.88,-1,-1,-1
25,11,753.41,380.17,27.11,75.27,0.85,-1,-1,-1
25,12,713.12,378.14,33.24,83.86,0.10,-1,-1,-1
25,13,425.10,375.25,44.51,115.75,0.88,-1,-1,-1
25,14,413.20,397.19,26.19,68.04,0.73,-1,-1,-1
25,15,970.47,382.84,33.48,91.08,0.83,-1,-1,-1
26,1,993.93,304.41,167.15,375.56,0.95,-1,-1,-1
26,2,767.89,355.59,67.44,172.44,0.91,-1,-1,-1
26,3,1224.86,329.39,103.68,301.45,0.66,-1,-1,-1
26,4,466.87,202.19,284.47,653.30,0.93,-1,-1,-1
26,8,293.87,393.83,33.77,72.76,0.89,-1,-1,-1
26,11,754.13,380.08,26.50,74.75,0.84,-1,-1,-1
26,13,425.22,374.21,44.62,115.66,0.89,-1,-1,-1
26,14,412.08,400.33,27.00,64.82,0.77,-1,-1,-1
26,15,971.17,382.60,38.08,91.69,0.88,-1,-1,-1
26,16,459.90,383.17,26.10,77.62,0.72,-1,-1,-1
27,1,999.17,302.65,174.60,375.68,0.95,-1,-1,-1
27,2,768.48,355.37,69.29,172.83,0.92,-1,-1,-1
27,3,1235.93,325.88,102.46,296.56,0.64,-1,-1,-1
27,4,466.02,201.25,288.48,660.83,0.93,-1,-1,-1
27,8,292.02,393.71,34.11,73.57,0.88,-1,-1,-1
27,11,753.84,380.18,28.07,75.17,0.83,-1,-1,-1
27,13,424.85,373.79,43.78,115.24,0.89,-1,-1,-1
27,14,410.94,400.14,27.60,65.13,0.74,-1,-1,-1
27,15,971.50,382.08,41.05,92.43,0.88,-1,-1,-1
27,16,459.36,382.64,26.83,78.60,0.83,-1,-1,-1
28,1,1005.04,300.99,180.88,381.31,0.95,-1,-1,-1
28,2,770.12,355.30,70.02,174.12,0.93,-1,-1,-1
28,3,1245.61,326.20,104.56,293.40,0.16,-1,-1,-1
28,4,467.14,200.84,291.13,670.43,0.93,-1,-1,-1
28,8,290.26,393.73,34.53,73.85,0.89,-1,-1,-1
28,11,754.60,380.52,28.06,73.81,0.81,-1,-1,-1
28,13,425.82,374.13,42.41,115.81,0.89,-1,-1,-1
28,14,409.99,401.15,27.84,63.58,0.75,-1,-1,-1
28,15,972.75,382.20,40.78,92.28,0.89,-1,-1,-1
28,16,458.91,382.22,27.67,78.79,0.84,-1,-1,-1
28,17,959.40,401.17,18.00,43.20,0.71,-1,-1,-1
29,1,1009.78,299.84,188.84,388.87,0.95,-1,-1,-1
29,2,770.58,355.57,71.42,174.19,0.92,-1,-1,-1
29,4,469.94,202.69,291.85,664.86,0.93,-1,-1,-1
29,8,289.20,393.54,34.96,74.05,0.89,-1,-1,-1
29,11,755.34,380.76,28.03,72.94,0.80,-1,-1,-1
29,13,425.20,374.23,42.61,115.95,0.89,-1,-1,-1
29,14,409.88,400.20,27.90,63.93,0.75,-1,-1,-1
29,15,972.94,382.55,40.46,91.18,0.88,-1,-1,-1
29,16,458.87,382.56,28.62,78.09,0.83,-1,-1,-1
29,17,959.52,401.25,18.00,42.50,0.72,-1,-1,-1
29,9,1004.41,398.70,18.00,49.06,0.64,-1,-1,-1
30,1,1016.70,298.59,194.15,403.27,0.94,-1,-1,-1
30,2,771.35,357.50,73.13,173.03,0.92,-1,-1,-1
30,4,473.92,203.58,290.26,667.55,0.93,-1,-1,-1
30,8,288.40,393.36,35.12,74.26,0.90,-1,-1,-1
30,11,755.93,381.03,28.01,72.61,0.80,-1,-1,-1
30,13,424.54,374.46,43.14,115.87,0.89,-1,-1,-1
30,14,410.01,402.14,27.93,61.82,0.84,-1,-1,-1
30,15,973.02,382.21,40.26,91.27,0.90,-1,-1,-1
30,16,458.57,381.86,29.57,78.88,0.85,-1,-1,-1
30,17,960.28,401.46,18.01,42.02,0.69,-1,-1,-1
30,9,1005.79,398.49,18.00,49.08,0.74,-1,-1,-1
31,1,1022.03,297.76,200.63,416.57,0.95,-1,-1,-1
31,2,771.23,358.56,77.26,172.85,0.93,-1,-1,-1
31,4,478.61,202.31,287.10,671.25,0.93,-1,-1,-1
31,8,287.66,393.28,34.86,74.62,0.90,-1,-1,-1
31,11,756.05,380.39,29.18,74.27,0.80,-1,-1,-1
31,13,424.09,374.39,43.48,115.97,0.88,-1,-1,-1
31,14,409.58,402.51,27.93,61.38,0.83,-1,-1,-1
31,15,973.54,382.26,40.12,91.46,0.88,-1,-1,-1
31,16,458.44,381.30,29.87,79.46,0.85,-1,-1,-1
31,17,960.38,401.67,18.00,42.91,0.70,-1,-1,-1
31,9,1006.12,399.05,18.00,48.78,0.75,-1,-1,-1
32,1,1028.09,297.39,206.60,424.66,0.95,-1,-1,-1
32,2,771.48,360.39,78.87,172.68,0.94,-1,-1,-1
32,4,484.71,201.63,281.24,669.14,0.93,-1,-1,-1
32,8,286.58,393.58,34.78,74.91,0.90,-1,-1,-1
32,11,756.12,380.25,30.21,76.98,0.79,-1,-1,-1
32,13,426.69,376.46,40.22,115.30,0.88,-1,-1,-1
32,14,408.63,398.36,27.65,65.67,0.80,-1,-1,-1
32,15,973.81,383.74,40.05,91.08,0.88,-1,-1,-1
32,16,457.43,380.93,30.58,80.62,0.85,-1,-1,-1
32,17,960.44,402.28,18.01,42.86,0.76,-1,-1,-1
32,9,1006.32,399.48,18.01,48.67,0.73,-1,-1,-1
33,1,1032.58,296.98,211.07,436.21,0.94,-1,-1,-1
33,2,772.13,361.35,78.88,172.29,0.93,-1,-1,-1
33,4,490.55,201.81,276.51,660.88,0.93,-1,-1,-1
33,8,285.82,394.41,34.44,74.86,0.90,-1,-1,-1
33,11,755.83,380.17,31.18,79.46,0.80,-1,-1,-1
33,13,427.75,377.51,38.63,114.13,0.87,-1,-1,-1
33,14,408.16,400.52,27.53,64.13,0.79,-1,-1,-1
33,15,974.46,384.55,39.98,90.93,0.88,-1,-1,-1
33,16,456.96,381.24,30.35,80.55,0.86,-1,-1,-1
33,17,960.41,402.75,18.01,42.50,0.72,-1,-1,-1
33,9,1006.94,399.91,16.81,48.63,0.65,-1,-1,-1
34,1,1035.94,296.34,217.23,443.95,0.94,-1,-1,-1
34,2,772.39,362.91,80.00,171.55,0.93,-1,-1,-1
34,4,498.09,201.43,272.25,664.45,0.92,-1,-1,-1
34,8,285.16,394.55,34.30,75.87,0.90,-1,-1,-1
34,11,756.61,380.31,31.54,79.24,0.84,-1,-1,-1
34,13,428.45,379.09,37.46,111.61,0.87,-1,-1,-1
34,14,407.89,399.98,27.78,65.49,0.78,-1,-1,-1
34,15,974.73,384.88,39.92,91.19,0.86,-1,-1,-1
34,16,456.98,381.82,31.90,80.35,0.87,-1,-1,-1
34,17,960.41,402.93,18.00,42.37,0.69,-1,-1,-1
34,9,1006.56,400.71,17.58,48.61,0.63,-1,-1,-1
35,1,1039.98,295.06,220.67,455.60,0.94,-1,-1,-1
35,2,773.01,364.03,79.82,172.80,0.94,-1,-1,-1
35,4,497.11,200.94,276.10,665.82,0.92,-1,-1,-1
35,8,283.66,395.59,34.55,75.21,0.87,-1,-1,-1
35,11,756.28,379.57,32.25,80.90,0.85,-1,-1,-1
35,13,428.31,379.16,37.36,113.25,0.87,-1,-1,-1
35,14,407.72,402.40,27.28,63.34,0.80,-1,-1,-1
35,15,974.79,384.93,38.67,92.20,0.87,-1,-1,-1
35,16,456.63,382.29,32.46,79.96,0.86,-1,-1,-1
35,17,960.38,403.24,18.00,43.26,0.68,-1,-1,-1
35,9,1007.60,402.01,16.66,47.41,0.70,-1,-1,-1
35,7,1037.65,399.34,23.40,60.27,0.73,-1,-1,-1
36,1,1044.83,292.23,220.68,460.42,0.93,-1,-1,-1
36,2,774.98,364.54,77.95,172.80,0.94,-1,-1,-1
36,4,498.13,200.59,276.34,661.64,0.92,-1,-1,-1
36,8,282.55,395.95,34.64,75.24,0.86,-1,-1,-1
36,11,756.71,378.96,31.34,81.50,0.86,-1,-1,-1
36,13,428.26,379.14,37.04,113.85,0.88,-1,-1,-1
36,14,407.23,402.98,27.39,62.82,0.83,-1,-1,-1
36,15,975.38,385.34,38.18,92.42,0.85,-1,-1,-1
36,16,456.23,382.59,31.46,80.26,0.86,-1,-1,-1
36,17,961.57,403.30,16.77,42.66,0.67,-1,-1,-1
36,9,1008.57,402.59,16.30,46.95,0.66,-1,-1,-1
36,7,1038.51,398.43,23.42,61.62,0.75,-1,-1,-1
37,1,1050.04,288.98,220.48,479.34,0.92,-1,-1,-1
37,2,776.01,364.41,76.59,173.11,0.94,-1,-1,-1
37,4,498.38,200.76,277.62,663.92,0.91,-1,-1,-1
37,8,281.26,395.93,35.27,75.69,0.83,-1,-1,-1
37,11,757.16,378.87,30.97,83.19,0.86,-1,-1,-1
37,13,426.54,379.42,38.62,112.90,0.87,-1,-1,-1
37,14,406.15,403.33,28.03,62.79,0.82,-1,-1,-1
37,15,976.79,385.64,37.98,92.05,0.85,-1,-1,-1
37,16,455.78,383.76,32.24,79.31,0.86,-1,-1,-1
37,17,962.00,403.77,16.31,41.81,0.69,-1,-1,-1
37,9,1008.29,401.59,17.40,48.60,0.57,-1,-1,-1
37,7,1037.59,397.82,24.62,62.39,0.82,-1,-1,-1
38,1,1057.15,286.30,217.86,485.77,0.92,-1,-1,-1
38,2,777.29,363.71,74.86,172.01,0.93,-1,-1,-1
38,4,504.11,201.11,273.88,658.42,0.91,-1,-1,-1
38,8,280.32,395.88,35.50,75.85,0.86,-1,-1,-1
38,11,757.35,378.81,30.81,84.09,0.86,-1,-1,-1
38,13,426.59,379.17,39.20,111.93,0.88,-1,-1,-1
38,14,405.69,403.25,27.97,62.94,0.86,-1,-1,-1
38,15,979.12,386.60,36.69,90.70,0.86,-1,-1,-1
38,16,455.25,384.92,33.25,78.18,0.85,-1,-1,-1
38,17,961.52,403.74,16.16,41.80,0.59,-1,-1,-1
38,9,1008.18,401.33,17.79,48.90,0.48,-1,-1,-1
38,7,1037.82,396.23,26.24,63.84,0.80,-1,-1,-1
38,18,398.25,391.27,23.85,60.30,0.77,-1,-1,-1
39,1,1065.57,282.22,219.01,490.63,0.91,-1,-1,-1
39,2,778.95,362.63,72.38,172.32,0.94,-1,-1,-1
39,4,508.01,200.77,271.21,657.88,0.91,-1,-1,-1
39,8,279.62,395.79,35.58,76.18,0.87,-1,-1,-1
39,11,757.72,378.74,30.73,84.10,0.86,-1,-1,-1
39,13,426.65,378.26,39.42,112.92,0.88,-1,-1,-1
39,14,405.88,403.44,27.34,62.41,0.86,-1,-1,-1
39,15,980.56,386.76,36.20,90.02,0.86,-1,-1,-1
39,16,455.40,385.14,33.62,77.60,0.87,-1,-1,-1
39,17,961.93,404.12,16.11,41.19,0.67,-1,-1,-1
39,9,1008.69,401.02,17.94,49.01,0.51,-1,-1,-1
39,7,1038.43,395.87,25.69,64.07,0.80,-1,-1,-1
39,18,398.28,390.93,23.86,60.32,0.71,-1,-1,-1
40,1,1075.73,278.53,220.56,494.91,0.89,-1,-1,-1
40,2,778.95,360.79,72.08,172.92,0.93,-1,-1,-1
40,4,513.23,199.64,266.69,655.42,0.90,-1,-1,-1
40,8,279.02,395.69,35.02,76.02,0.87,-1,-1,-1
40,11,758.16,378.78,30.71,85.12,0.85,-1,-1,-1
40,13,426.48,377.40,40.26,114.06,0.88,-1,-1,-1
40,14,405.77,403.58,27.71,62.38,0.82,-1,-1,-1
40,15,980.51,386.11,37.24,90.09,0.87,-1,-1,-1
40,16,455.29,384.68,33.01,77.85,0.86,-1,-1,-1
40,17,962.13,403.27,16.11,42.19,0.57,-1,-1,-1
40,9,1008.94,400.07,18.00,49.96,0.47,-1,-1,-1
40,7,1038.73,394.47,26.65,65.33,0.76,-1,-1,-1
40,18,397.71,390.64,24.21,60.69,0.67,-1,-1,-1
41,1,1088.22,272.32,218.59,508.86,0.86,-1,-1,-1
41,2,778.27,358.67,72.54,173.74,0.93,-1,-1,-1
41,4,515.34,197.46,265.50,660.50,0.91,-1,-1,-1
41,8,277.76,395.62,35.08,75.95,0.87,-1,-1,-1
41,11,759.46,379.00,30.08,85.05,0.83,-1,-1,-1
41,13,426.08,375.73,41.74,114.35,0.89,-1,-1,-1
41,14,405.11,404.51,28.13,61.19,0.83,-1,-1,-1
41,15,981.01,384.76,37.61,91.93,0.87,-1,-1,-1
41,16,454.92,384.21,33.93,78.26,0.87,-1,-1,-1
41,17,961.52,401.99,16.11,44.96,0.69,-1,-1,-1
41,9,1009.56,399.81,18.01,50.01,0.58,-1,-1,-1
41,7,1039.93,397.29,25.82,62.27,0.81,-1,-1,-1
41,18,396.19,390.90,25.71,60.09,0.72,-1,-1,-1
42,1,1101.65,266.76,215.35,520.59,0.85,-1,-1,-1
42,2,778.92,357.26,72.13,173.73,0.93,-1,-1,-1
42,4,520.25,199.51,262.73,658.00,0.91,-1,-1,-1
42,8,276.96,395.18,35.11,76.36,0.88,-1,-1,-1
42,11,760.58,378.94,29.24,83.65,0.80,-1,-1,-1
42,13,426.00,374.98,42.02,113.40,0.89,-1,-1,-1
42,14,405.10,403.97,27.70,61.65,0.83,-1,-1,-1
42,15,981.19,383.02,36.56,93.79,0.87,-1,-1,-1
42,16,454.57,383.90,34.26,78.25,0.86,-1,-1,-1
42,17,961.31,401.32,16.12,45.39,0.72,-1,-1,-1
42,9,1009.79,398.79,18.02,50.91,0.62,-1,-1,-1
42,7,1040.39,397.79,25.47,61.32,0.83,-1,-1,-1
42,18,394.99,391.00,26.84,60.22,0.71,-1,-1,-1
43,1,1114.81,262.01,211.62,521.97,0.85,-1,-1,-1
43,2,778.12,356.37,74.38,174.51,0.92,-1,-1,-1
43,4,521.50,197.62,263.53,668.29,0.91,-1,-1,-1
43,8,275.55,394.73,35.41,76.53,0.87,-1,-1,-1
43,11,760.25,378.69,28.32,84.00,0.78,-1,-1,-1
43,13,425.61,374.73,41.37,112.49,0.90,-1,-1,-1
43,14,404.89,402.59,26.93,62.45,0.87,-1,-1,-1
43,15,981.15,382.46,37.37,93.34,0.87,-1,-1,-1
43,16,453.35,383.36,32.60,78.43,0.84,-1,-1,-1
43,17,959.94,401.03,17.33,46.74,0.61,-1,-1,-1
43,9,1009.80,398.37,18.02,51.26,0.56,-1,-1,-1
43,7,1041.08,399.58,24.14,59.48,0.79,-1,-1,-1
43,18,392.69,390.56,26.57,60.94,0.75,-1,-1,-1
44,1,1130.90,256.66,218.60,540.19,0.83,-1,-1,-1
44,2,777.93,355.71,72.28,175.08,0.90,-1,-1,-1
44,4,525.25,196.05,263.97,686.56,0.91,-1,-1,-1
44,8,274.19,394.18,35.54,77.31,0.87,-1,-1,-1
44,11,762.06,378.87,26.17,77.13,0.44,-1,-1,-1
44,13,425.63,374.68,41.14,112.72,0.90,-1,-1,-1
44,14,404.84,401.95,25.75,62.90,0.85,-1,-1,-1
44,15,981.83,382.03,37.67,93.28,0.88,-1,-1,-1
44,16,454.42,386.92,33.90,74.45,0.78,-1,-1,-1
44,17,960.72,400.98,16.61,44.01,0.69,-1,-1,-1
44,9,1009.30,397.83,19.21,51.37,0.67,-1,-1,-1
44,7,1043.24,401.23,23.64,57.57,0.80,-1,-1,-1
44,18,390.03,390.12,26.42,61.17,0.77,-1,-1,-1
45,1,1148.39,251.04,201.08,563.82,0.81,-1,-1,-1
45,2,778.97,355.71,69.64,175.44,0.90,-1,-1,-1
45,4,527.98,194.64,264.70,696.70,0.91,-1,-1,-1
45,8,272.45,393.41,36.47,78.50,0.86,-1,-1,-1
45,13,424.97,375.01,41.93,113.72,0.90,-1,-1,-1
45,14,404.46,401.44,26.22,63.67,0.81,-1,-1,-1
45,15,981.99,381.98,37.78,92.67,0.89,-1,-1,-1
45,16,452.39,383.75,36.13,77.82,0.85,-1,-1,-1
45,17,960.98,400.78,16.32,45.03,0.72,-1,-1,-1
45,9,1010.21,395.96,18.49,53.49,0.68,-1,-1,-1
45,7,1043.34,399.19,24.66,60.22,0.78,-1,-1,-1
45,18,388.61,390.46,26.03,60.94,0.82,-1,-1,-1
45,19,522.90,386.32,28.80,75.38,0.79,-1,-1,-1
46,1,1168.23,247.80,185.49,566.43,0.79,-1,-1,-1
46,2,779.42,356.53,71.12,175.13,0.89,-1,-1,-1
46,4,534.30,194.49,263.32,697.29,0.90,-1,-1,-1
46,8,271.27,393.40,36.83,79.09,0.88,-1,-1,-1
46,13,424.76,376.14,42.83,113.51,0.91,-1,-1,-1
46,14,403.93,399.14,26.41,66.20,0.82,-1,-1,-1
46,15,982.74,382.60,37.83,91.53,0.89,-1,-1,-1
46,16,451.23,383.02,37.42,78.43,0.86,-1,-1,-1
46,17,960.57,400.75,16.22,46.28,0.68,-1,-1,-1
46,9,1010.07,395.16,19.39,54.57,0.71,-1,-1,-1
46,7,1043.47,397.31,25.05,62.36,0.80,-1,-1,-1
46,18,387.59,390.69,25.87,61.16,0.84,-1,-1,-1
46,19,523.46,387.30,28.09,74.52,0.82,-1,-1,-1
47,1,1186.09,244.82,183.60,580.99,0.73,-1,-1,-1
47,2,782.26,357.96,68.09,174.42,0.87,-1,-1,-1
47,4,536.25,194.65,266.43,688.20,0.90,-1,-1,-1
47,8,269.66,393.30,37.84,79.30,0.88,-1,-1,-1
47,13,424.10,376.93,43.76,112.99,0.91,-1,-1,-1
47,14,403.43,400.09,26.78,65.24,0.85,-1,-1,-1
47,15,983.01,382.16,37.85,91.71,0.88,-1,-1,-1
47,16,450.49,382.65,38.48,78.67,0.84,-1,-1,-1
47,17,960.42,400.66,16.19,46.16,0.62,-1,-1,-1
47,9,1010.03,394.48,19.72,54.97,0.68,-1,-1,-1
47,7,1044.68,399.30,24.00,60.53,0.80,-1,-1,-1
47,18,386.36,390.67,26.42,61.24,0.80,-1,-1,-1
47,19,523.90,387.80,27.96,74.01,0.79,-1,-1,-1
48,1,1205.60,244.92,184.26,601.49,0.55,-1,-1,-1
48,2,783.62,359.11,65.73,173.76,0.90,-1,-1,-1
48,4,536.78,193.19,272.44,691.25,0.91,-1,-1,-1
48,8,268.02,393.42,37.06,79.99,0.89,-1,-1,-1
48,13,423.57,378.27,44.85,112.54,0.91,-1,-1,-1
48,14,402.38,400.48,26.63,64.73,0.89,-1,-1,-1
48,15,983.16,382.76,36.67,91.51,0.88,-1,-1,-1
48,16,449.95,382.66,38.17,78.79,0.87,-1,-1,-1
48,17,959.83,401.69,16.18,46.71,0.61,-1,-1,-1
48,9,1011.26,398.53,17.51,51.01,0.45,-1,-1,-1
48,7,1044.60,400.86,24.81,58.92,0.87,-1,-1,-1
48,18,385.22,391.11,26.01,61.28,0.85,-1,-1,-1
48,19,524.77,390.87,26.50,71.02,0.78,-1,-1,-1
49,1,1228.56,270.03,172.39,563.89,0.25,-1,-1,-1
49,2,785.03,360.78,62.43,173.17,0.89,-1,-1,-1
49,4,541.99,191.99,272.85,691.12,0.89,-1,-1,-1
49,8,266.41,393.49,37.03,81.11,0.89,-1,-1,-1
49,13,423.05,378.80,45.98,112.64,0.90,-1,-1,-1
49,14,401.52,400.95,27.17,64.82,0.89,-1,-1,-1
49,15,984.37,383.48,35.00,91.26,0.88,-1,-1,-1
49,16,449.58,383.14,37.70,78.96,0.82,-1,-1,-1
49,17,959.59,402.28,16.18,46.89,0.49,-1,-1,-1
49,9,1011.07,400.49,17.83,49.71,0.35,-1,-1,-1
49,7,1044.52,400.12,26.28,60.42,0.84,-1,-1,-1
49,18,384.38,392.20,26.14,61.28,0.86,-1,-1,-1
49,19,523.73,390.56,26.75,72.35,0.76,-1,-1,-1
50,2,787.02,361.30,62.50,172.88,0.87,-1,-1,-1
50,4,543.59,191.09,276.56,686.41,0.89,-1,-1,-1
50,8,265.25,393.33,36.71,81.94,0.89,-1,-1,-1
50,13,423.24,379.67,44.94,112.20,0.91,-1,-1,-1
50,14,400.57,401.66,27.37,63.93,0.89,-1,-1,-1
50,15,984.71,384.36,34.38,90.99,0.87,-1,-1,-1
50,16,449.55,383.11,37.50,79.74,0.82,-1,-1,-1
50,17,955.83,401.90,19.77,49.30,0.41,-1,-1,-1
50,9,1010.31,400.28,17.94,49.83,0.45,-1,-1,-1
50,7,1044.95,400.58,26.84,58.86,0.84,-1,-1,-1
50,18,384.97,392.83,24.98,60.95,0.83,-1,-1,-1
50,19,523.45,393.63,26.85,69.50,0.83,-1,-1,-1
51,2,788.94,361.29,59.51,174.44,0.86,-1,-1,-1
51,4,545.58,189.65,280.89,683.91,0.88,-1,-1,-1
51,8,263.64,393.63,37.18,82.39,0.88,-1,-1,-1
51,13,424.06,379.91,44.06,110.26,0.90,-1,-1,-1
51,14,400.06,402.16,27.44,63.60,0.88,-1,-1,-1
51,15,984.86,384.96,34.17,90.60,0.88,-1,-1,-1
51,16,449.69,383.03,37.26,79.74,0.80,-1,-1,-1
51,17,954.55,401.74,21.05,50.21,0.43,-1,-1,-1
51,9,1010.67,400.33,17.99,49.89,0.50,-1,-1,-1
51,7,1045.16,400.58,28.22,58.88,0.82,-1,-1,-1
51,18,384.19,392.09,24.83,62.04,0.84,-1,-1,-1
51,19,521.44,389.37,24.33,68.40,0.68,-1,-1,-1
51,20,523.35,394.20,26.10,68.40,0.83,-1,-1,-1
52,2,787.72,361.70,62.15,174.86,0.84,-1,-1,-1
52,4,550.39,189.41,281.25,684.35,0.90,-1,-1,-1
52,8,261.20,393.54,38.53,82.68,0.88,-1,-1,-1
52,13,423.96,379.94,43.26,109.22,0.91,-1,-1,-1
52,14,399.62,402.14,28.06,64.22,0.88,-1,-1,-1
52,15,985.46,385.31,34.09,90.60,0.88,-1,-1,-1
52,16,449.20,383.25,37.74,79.73,0.83,-1,-1,-1
52,17,953.42,401.20,22.70,51.41,0.23,-1,-1,-1
52,9,1011.35,400.92,16.80,49.31,0.43,-1,-1,-1
52,7,1046.92,401.00,27.57,58.58,0.76,-1,-1,-1
52,18,383.52,391.30,24.47,63.03,0.86,-1,-1,-1
52,19,522.06,392.47,26.09,68.71,0.85,-1,-1,-1
52,20,520.34,388.14,24.67,68.08,0.69,-1,-1,-1
53,2,784.86,361.58,64.88,176.81,0.76,-1,-1,-1
53,4,551.46,190.13,284.93,685.56,0.91,-1,-1,-1
53,8,259.37,393.41,39.33,83.23,0.89,-1,-1,-1
53,13,424.17,379.84,43.25,109.61,0.91,-1,-1,-1
53,14,398.83,402.32,28.29,63.71,0.88,-1,-1,-1
53,15,985.04,385.62,35.29,90.76,0.88,-1,-1,-1
53,16,448.68,383.38,37.91,79.72,0.84,-1,-1,-1
53,9,1011.59,401.47,16.35,49.09,0.46,-1,-1,-1
53,7,1049.35,402.54,26.11,57.28,0.76,-1,-1,-1
53,18,382.65,391.19,24.34,63.70,0.86,-1,-1,-1
53,19,520.38,389.22,24.80,68.24,0.69,-1,-1,-1
53,20,521.47,393.09,25.81,68.54,0.86,-1,-1,-1
54,2,781.39,359.74,65.34,176.95,0.46,-1,-1,-1
54,4,557.67,191.16,282.14,688.82,0.92,-1,-1,-1
54,8,257.85,393.65,39.33,84.30,0.87,-1,-1,-1
54,13,423.81,379.03,43.70,111.11,0.89,-1,-1,-1
54,14,397.96,402.53,28.97,63.37,0.85,-1,-1,-1
54,15,984.87,385.72,35.73,91.12,0.88,-1,-1,-1
54,16,448.06,383.58,38.40,79.56,0.83,-1,-1,-1
54,9,1011.66,401.96,16.19,49.02,0.48,-1,-1,-1
54,7,1049.64,401.74,26.75,58.61,0.79,-1,-1,-1
54,18,381.92,390.99,24.29,64.24,0.87,-1,-1,-1
54,19,519.45,388.01,24.96,69.66,0.66,-1,-1,-1
54,20,521.57,394.52,26.86,68.85,0.83,-1,-1,-1
55,2,782.17,362.86,66.11,171.89,0.24,-1,-1,-1
55,4,562.09,191.42,282.75,695.96,0.93,-1,-1,-1
55,8,256.44,393.26,39.91,85.71,0.87,-1,-1,-1
55,13,424.24,378.23,42.81,112.70,0.89,-1,-1,-1
55,14,397.77,402.86,29.21,63.83,0.86,-1,-1,-1
55,15,984.79,385.55,35.90,91.69,0.88,-1,-1,-1
55,16,448.10,384.05,38.13,79.33,0.81,-1,-1,-1
55,9,1011.67,402.08,16.14,49.28,0.51,-1,-1,-1
55,7,1049.72,400.64,26.97,60.87,0.84,-1,-1,-1
55,18,381.21,390.87,24.57,64.41,0.86,-1,-1,-1
55,19,518.62,389.21,25.02,68.35,0.68,-1,-1,-1
55,20,521.66,394.78,27.16,68.92,0.83,-1,-1,-1
56,4,564.82,189.82,284.15,696.17,0.92,-1,-1,-1
56,8,255.03,393.34,41.29,85.64,0.85,-1,-1,-1
56,13,423.48,378.02,43.07,111.99,0.89,-1,-1,-1
56,14,396.66,402.76,30.19,63.86,0.86,-1,-1,-1
56,15,984.79,385.43,37.15,91.32,0.88,-1,-1,-1
56,16,447.52,384.17,38.61,79.25,0.81,-1,-1,-1
56,9,1011.10,401.92,17.34,49.39,0.53,-1,-1,-1
56,7,1050.36,400.33,27.05,61.59,0.86,-1,-1,-1
56,18,379.75,390.92,25.58,64.48,0.86,-1,-1,-1
56,19,518.02,390.84,24.44,67.59,0.72,-1,-1,-1
56,20,522.31,394.55,26.58,69.42,0.84,-1,-1,-1
57,4,565.73,188.88,289.94,708.51,0.93,-1,-1,-1
57,8,253.31,393.17,40.64,85.17,0.87,-1,-1,-1
57,13,423.62,377.15,43.91,111.58,0.87,-1,-1,-1
57,14,396.06,402.69,30.55,63.59,0.86,-1,-1,-1
57,15,984.82,385.86,37.62,90.45,0.89,-1,-1,-1
57,16,447.72,384.03,37.74,79.39,0.80,-1,-1,-1
57,9,1011.53,401.89,16.60,48.85,0.51,-1,-1,-1
57,7,1051.22,399.65,27.07,62.16,0.82,-1,-1,-1
57,18,378.16,390.45,26.83,65.09,0.86,-1,-1,-1
57,19,517.50,393.09,23.01,65.82,0.57,-1,-1,-1
57,20,522.51,393.76,25.70,69.28,0.80,-1,-1,-1
58,4,565.97,187.21,299.20,714.02,0.93,-1,-1,-1
58,8,252.02,392.96,40.66,85.39,0.86,-1,-1,-1
58,13,423.56,376.36,44.07,112.46,0.88,-1,-1,-1
58,14,395.90,402.34,30.97,63.77,0.86,-1,-1,-1
58,15,984.79,385.81,37.80,89.66,0.89,-1,-1,-1
58,16,447.85,384.11,37.39,78.68,0.83,-1,-1,-1
58,9,1011.05,401.36,17.52,48.94,0.36,-1,-1,-1
58,7,1051.48,397.11,28.26,64.88,0.79,-1,-1,-1
58,18,376.45,390.55,27.61,65.01,0.86,-1,-1,-1
58,19,517.06,393.58,23.76,64.57,0.42,-1,-1,-1
58,20,521.32,392.94,27.27,69.36,0.81,-1,-1,-1
58,21,542.25,390.15,19.80,54.45,0.73,-1,-1,-1
59,4,568.56,186.76,302.67,719.80,0.93,-1,-1,-1
59,8,251.21,393.21,39.17,84.88,0.85,-1,-1,-1
59,13,424.81,376.26,43.98,112.36,0.87,-1,-1,-1
59,14,395.35,402.10,31.13,64.00,0.85,-1,-1,-1
59,15,984.76,385.70,37.86,89.53,0.88,-1,-1,-1
59,16,447.70,384.17,37.10,78.42,0.83,-1,-1,-1
59,9,1012.04,401.96,16.67,48.09,0.46,-1,-1,-1
59,7,1052.14,395.34,28.70,66.77,0.80,-1,-1,-1
59,18,374.59,390.34,28.48,65.27,0.86,-1,-1,-1
59,19,518.07,392.25,27.64,67.52,0.81,-1,-1,-1
59,20,518.45,391.88,25.40,67.23,0.42,-1,-1,-1
59,21,542.14,389.97,19.81,54.48,0.75,-1,-1,-1
60,4,571.57,187.53,309.24,728.69,0.92,-1,-1,-1
60,8,251.79,393.65,36.79,84.67,0.78,-1,-1,-1
60,13,425.65,376.71,45.44,112.46,0.86,-1,-1,-1
60,14,395.96,401.59,30.59,63.94,0.84,-1,-1,-1
60,15,986.00,385.07,37.88,90.38,0.88,-1,-1,-1
60,16,447.72,384.53,35.80,77.72,0.75,-1,-1,-1
60,9,1012.50,400.55,17.55,49.27,0.39,-1,-1,-1
60,7,1053.62,398.48,27.69,63.99,0.83,-1,-1,-1
60,18,373.25,390.74,28.23,64.76,0.85,-1,-1,-1
60,19,517.65,391.50,25.63,65.32,0.26,-1,-1,-1
60,20,518.33,391.81,28.39,69.37,0.81,-1,-1,-1
60,21,542.14,391.00,19.12,53.11,0.69,-1,-1,-1
61,4,573.78,186.87,312.82,730.80,0.92,-1,-1,-1
61,8,250.57,392.96,36.81,86.05,0.81,-1,-1,-1
61,13,425.38,377.07,48.32,112.63,0.86,-1,-1,-1
61,14,395.63,401.43,30.36,64.20,0.85,-1,-1,-1
61,15,985.79,384.25,39.06,90.99,0.89,-1,-1,-1
61,16,447.43,385.29,35.30,76.85,0.69,-1,-1,-1
61,9,1013.17,399.45,17.86,50.60,0.56,-1,-1,-1
61,7,1054.07,399.46,28.48,63.14,0.87,-1,-1,-1
61,18,372.19,391.52,28.70,63.95,0.85,-1,-1,-1
61,20,518.28,391.95,29.41,69.37,0.82,-1,-1,-1
61,21,542.19,391.34,18.88,52.62,0.70,-1,-1,-1
62,4,577.45,188.56,317.59,732.39,0.92,-1,-1,-1
62,8,248.26,393.74,37.12,85.25,0.83,-1,-1,-1
62,13,426.22,377.38,46.96,112.58,0.85,-1,-1,-1
62,14,395.30,401.25,29.68,64.17,0.87,-1,-1,-1
62,15,987.53,383.59,38.32,91.69,0.89,-1,-1,-1
62,16,447.58,384.85,34.51,77.31,0.68,-1,-1,-1
62,9,1012.90,398.25,17.98,52.00,0.43,-1,-1,-1
62,7,1054.88,400.53,28.76,62.23,0.87,-1,-1,-1
62,18,371.46,391.84,28.87,63.96,0.83,-1,-1,-1
62,20,518.82,391.89,29.79,69.84,0.81,-1,-1,-1
62,21,541.84,391.44,18.83,52.86,0.70,-1,-1,-1
62,22,580.50,354.37,83.70,222.52,0.76,-1,-1,-1
63,4,580.83,189.39,319.32,736.65,0.92,-1,-1,-1
63,8,247.25,393.75,36.94,85.20,0.84,-1,-1,-1
63,13,427.51,378.23,43.99,111.78,0.84,-1,-1,-1
63,14,395.26,401.32,29.41,63.99,0.86,-1,-1,-1
63,15,988.12,383.27,39.22,91.93,0.90,-1,-1,-1
63,16,448.61,386.91,33.01,75.52,0.46,-1,-1,-1
63,9,1013.30,398.31,18.02,52.22,0.34,-1,-1,-1
63,7,1056.85,401.45,27.68,61.57,0.85,-1,-1,-1
63,18,371.01,391.95,28.04,63.94,0.84,-1,-1,-1
63,20,520.57,392.43,28.73,69.39,0.81,-1,-1,-1
63,21,542.11,392.08,18.16,52.30,0.66,-1,-1,-1
63,22,579.37,351.34,88.05,231.09,0.88,-1,-1,-1
64,4,586.16,185.65,319.44,744.24,0.92,-1,-1,-1
64,8,248.76,399.01,33.59,80.30,0.68,-1,-1,-1
64,13,428.09,378.44,41.80,111.98,0.83,-1,-1,-1
64,14,396.10,401.39,28.12,63.65,0.86,-1,-1,-1
64,15,988.54,383.62,39.57,91.91,0.89,-1,-1,-1
64,16,449.58,385.00,31.87,77.29,0.71,-1,-1,-1
64,9,1014.85,397.92,18.04,52.91,0.39,-1,-1,-1
64,7,1054.80,401.52,32.08,61.34,0.86,-1,-1,-1
64,18,370.22,392.92,28.32,63.06,0.81,-1,-1,-1
64,20,521.86,392.21,28.30,69.69,0.75,-1,-1,-1
64,21,541.89,391.02,17.96,53.74,0.64,-1,-1,-1
64,22,577.80,350.78,88.91,227.34,0.87,-1,-1,-1
65,4,593.64,182.69,314.45,750.20,0.92,-1,-1,-1
65,8,245.39,395.50,35.41,83.87,0.72,-1,-1,-1
65,13,428.40,379.26,41.13,110.68,0.85,-1,-1,-1
65,14,395.95,401.56,27.62,63.66,0.88,-1,-1,-1
65,15,989.05,384.27,39.67,91.73,0.89,-1,-1,-1
65,16,450.50,384.59,30.84,77.64,0.69,-1,-1,-1
65,9,1014.61,397.55,18.03,54.03,0.27,-1,-1,-1
65,7,1056.69,401.75,31.36,61.40,0.86,-1,-1,-1
65,18,369.19,392.52,28.10,63.61,0.82,-1,-1,-1
65,20,522.87,392.43,26.32,68.88,0.82,-1,-1,-1
65,21,541.75,390.50,17.90,54.55,0.72,-1,-1,-1
65,22,576.52,350.76,89.14,235.94,0.90,-1,-1,-1
66,4,601.02,181.03,310.08,750.37,0.92,-1,-1,-1
66,8,243.19,394.01,36.03,85.71,0.78,-1,-1,-1
66,13,428.91,379.59,41.36,111.37,0.87,-1,-1,-1
66,14,395.86,400.91,27.45,64.39,0.84,-1,-1,-1
66,15,990.27,384.78,38.52,91.63,0.84,-1,-1,-1
66,16,450.47,383.87,30.50,78.64,0.78,-1,-1,-1
66,9,1014.36,399.14,18.03,52.67,0.27,-1,-1,-1
66,7,1057.88,400.88,31.02,62.90,0.86,-1,-1,-1
66,18,368.36,393.14,27.12,63.21,0.83,-1,-1,-1
66,20,523.50,392.67,25.55,68.71,0.78,-1,-1,-1
66,21,541.66,390.16,17.89,55.45,0.71,-1,-1,-1
66,22,575.11,351.94,87.86,241.76,0.91,-1,-1,-1
67,4,607.96,182.94,308.39,741.77,0.93,-1,-1,-1
67,8,241.21,393.58,36.27,86.85,0.82,-1,-1,-1
67,13,429.38,379.70,41.91,111.02,0.86,-1,-1,-1
67,14,396.13,400.80,27.69,65.11,0.86,-1,-1,-1
67,15,990.84,385.23,38.07,91.59,0.86,-1,-1,-1
67,16,450.74,383.28,30.24,79.32,0.75,-1,-1,-1
67,9,1014.97,402.12,18.03,49.73,0.62,-1,-1,-1
67,7,1059.03,401.25,30.87,62.71,0.87,-1,-1,-1
67,18,367.63,392.61,27.05,63.95,0.84,-1,-1,-1
67,20,524.16,393.33,24.67,68.04,0.77,-1,-1,-1
67,21,541.76,390.01,17.90,55.77,0.71,-1,-1,-1
67,22,572.54,352.32,90.04,245.53,0.91,-1,-1,-1
68,4,611.22,180.99,310.46,743.66,0.92,-1,-1,-1
68,8,240.61,393.44,34.89,87.60,0.81,-1,-1,-1
68,13,429.54,379.31,44.38,111.38,0.89,-1,-1,-1
68,14,395.78,400.80,27.49,65.40,0.84,-1,-1,-1
68,15,992.27,385.60,37.90,91.75,0.87,-1,-1,-1
68,16,450.24,382.95,30.33,80.04,0.71,-1,-1,-1
68,9,1014.04,400.26,19.22,51.97,0.45,-1,-1,-1
68,7,1060.67,401.00,30.81,63.40,0.84,-1,-1,-1
68,18,365.89,391.70,26.73,65.14,0.84,-1,-1,-1
68,20,523.96,393.46,24.97,67.96,0.76,-1,-1,-1
68,21,541.39,390.30,17.30,55.89,0.46,-1,-1,-1
68,22,568.16,354.82,90.79,245.37,0.90,-1,-1,-1
69,4,613.18,178.48,313.24,746.06,0.91,-1,-1,-1
69,8,240.47,400.89,34.05,80.91,0.76,-1,-1,-1
69,13,429.59,378.98,49.39,111.66,0.89,-1,-1,-1
69,14,395.96,401.81,26.52,64.47,0.87,-1,-1,-1
69,15,993.36,386.48,37.84,91.96,0.89,-1,-1,-1
69,9,1013.67,400.19,19.66,52.48,0.41,-1,-1,-1
69,7,1063.03,400.76,29.58,64.99,0.87,-1,-1,-1
69,18,365.43,391.31,25.70,65.88,0.84,-1,-1,-1
69,20,524.48,393.63,24.47,68.08,0.80,-1,-1,-1
69,21,541.57,389.93,17.09,56.53,0.57,-1,-1,-1
69,22,562.62,354.77,94.75,247.91,0.91,-1,-1,-1
70,4,615.83,176.96,313.94,744.94,0.91,-1,-1,-1
70,8,240.68,403.77,32.84,77.95,0.76,-1,-1,-1
70,13,429.77,378.66,49.16,111.60,0.88,-1,-1,-1
70,14,395.60,402.15,26.77,64.09,0.87,-1,-1,-1
70,15,993.66,386.59,37.81,91.87,0.88,-1,-1,-1
70,9,1014.02,399.64,19.82,53.24,0.41,-1,-1,-1
70,7,1063.79,400.59,29.10,65.86,0.88,-1,-1,-1
70,18,364.28,390.53,25.92,67.03,0.85,-1,-1,-1
70,20,524.98,393.93,24.30,67.07,0.84,-1,-1,-1
70,21,541.03,390.35,17.63,56.15,0.34,-1,-1,-1
70,22,557.67,355.44,98.57,255.23,0.90,-1,-1,-1
71,4,623.24,182.20,310.56,727.34,0.90,-1,-1,-1
71,8,233.79,396.81,37.91,84.54,0.66,-1,-1,-1
71,13,430.13,378.52,50.48,111.29,0.88,-1,-1,-1
71,14,396.09,402.41,25.96,63.81,0.88,-1,-1,-1
71,15,994.38,386.63,36.60,91.54,0.87,-1,-1,-1
71,9,1014.18,398.71,19.88,54.72,0.50,-1,-1,-1
71,7,1065.28,400.98,28.91,65.45,0.85,-1,-1,-1
71,18,363.00,389.63,25.70,67.75,0.87,-1,-1,-1
71,20,525.16,393.57,24.84,67.30,0.84,-1,-1,-1
71,21,541.45,390.35,17.23,55.39,0.15,-1,-1,-1
71,22,555.32,355.96,98.77,261.45,0.91,-1,-1,-1
71,19,516.52,392.79,24.35,62.65,0.64,-1,-1,-1
72,4,628.90,182.13,308.05,733.75,0.90,-1,-1,-1
72,8,230.22,393.63,39.30,87.58,0.67,-1,-1,-1
72,13,430.01,378.46,52.13,111.17,0.90,-1,-1,-1
72,14,396.02,402.65,25.67,63.55,0.88,-1,-1,-1
72,15,995.24,386.76,37.36,91.85,0.88,-1,-1,-1
72,9,1013.66,398.18,21.07,55.26,0.46,-1,-1,-1
72,7,1066.40,400.80,27.64,65.27,0.83,-1,-1,-1
72,18,361.56,388.84,26.53,68.90,0.87,-1,-1,-1
72,20,524.66,392.97,26.24,68.13,0.79,-1,-1,-1
72,21,540.44,390.34,17.09,55.70,0.25,-1,-1,-1
72,22,553.40,354.93,99.38,266.63,0.92,-1,-1,-1
72,19,516.52,392.98,24.29,63.18,0.55,-1,-1,-1
73,4,637.72,180.15,304.39,740.18,0.91,-1,-1,-1
73,8,227.80,392.65,40.29,88.77,0.75,-1,-1,-1
73,13,430.50,377.97,51.30,111.88,0.89,-1,-1,-1
73,14,395.36,402.56,26.17,63.60,0.88,-1,-1,-1
73,15,996.13,386.19,37.64,92.57,0.86,-1,-1,-1
73,9,1013.46,397.67,21.51,56.05,0.35,-1,-1,-1
73,7,1066.77,399.97,28.38,66.24,0.88,-1,-1,-1
73,18,359.83,388.53,26.54,69.32,0.88,-1,-1,-1
73,20,523.86,391.68,27.94,69.79,0.80,-1,-1,-1
73,21,539.45,392.11,17.04,54.31,0.20,-1,-1,-1
73,22,553.07,353.90,98.96,270.84,0.92,-1,-1,-1
73,19,517.09,392.56,24.88,63.65,0.56,-1,-1,-1
74,4,645.69,178.54,299.44,743.94,0.90,-1,-1,-1
74,8,226.83,392.31,40.02,89.20,0.80,-1,-1,-1
74,13,431.22,378.24,47.26,111.68,0.88,-1,-1,-1
74,14,395.08,402.69,26.37,63.47,0.88,-1,-1,-1
74,15,996.46,385.92,36.56,92.23,0.87,-1,-1,-1
74,9,1013.40,397.73,21.68,56.03,0.42,-1,-1,-1
74,7,1067.49,400.05,28.65,66.43,0.89,-1,-1,-1
74,18,358.29,389.02,26.55,68.57,0.88,-1,-1,-1
74,20,524.21,390.75,28.02,70.55,0.78,-1,-1,-1
74,21,538.26,392.48,17.64,53.47,0.30,-1,-1,-1
74,22,552.54,351.72,95.77,275.21,0.92,-1,-1,-1
74,19,517.69,392.26,24.50,65.01,0.51,-1,-1,-1
74,16,448.26,383.08,33.11,81.23,0.67,-1,-1,-1
75,4,650.54,172.68,297.89,754.25,0.90,-1,-1,-1
75,8,223.61,391.41,41.95,90.39,0.86,-1,-1,-1
75,13,431.85,378.45,45.49,111.18,0.89,-1,-1,-1
75,14,394.43,401.94,26.75,63.88,0.87,-1,-1,-1
75,15,997.18,384.94,38.56,93.01,0.89,-1,-1,-1
75,9,1013.41,395.26,22.90,58.09,0.30,-1,-1,-1
75,7,1068.36,400.25,27.56,66.07,0.88,-1,-1,-1
75,18,356.16,389.33,27.15,68.58,0.87,-1,-1,-1
75,20,523.39,389.78,29.21,71.44,0.77,-1,-1,-1
75,21,538.07,391.22,17.86,54.68,0.25,-1,-1,-1
75,22,549.99,349.96,95.10,278.56,0.93,-1,-1,-1
75,19,517.85,390.92,24.35,65.53,0.34,-1,-1,-1
75,16,448.73,383.37,31.54,79.12,0.51,-1,-1,-1
76,4,655.72,175.11,298.49,747.50,0.89,-1,-1,-1
76,8,221.80,391.06,42.01,90.52,0.83,-1,-1,-1
76,13,432.06,378.97,45.14,110.54,0.90,-1,-1,-1
76,14,394.19,400.76,26.59,65.23,0.88,-1,-1,-1
76,15,997.95,384.43,38.10,93.44,0.87,-1,-1,-1
76,9,1013.91,393.91,23.36,59.14,0.42,-1,-1,-1
76,7,1069.17,400.64,27.14,65.61,0.89,-1,-1,-1
76,18,354.66,389.44,27.66,68.26,0.88,-1,-1,-1
76,20,523.64,389.11,29.07,72.36,0.81,-1,-1,-1
76,21,538.00,390.00,17.94,56.02,0.28,-1,-1,-1
76,22,545.51,346.93,96.02,282.61,0.93,-1,-1,-1
76,19,518.20,388.48,26.10,69.28,0.67,-1,-1,-1
76,16,447.54,384.05,34.42,84.44,0.39,-1,-1,-1
77,4,658.68,174.28,301.23,743.74,0.91,-1,-1,-1
77,8,218.86,390.40,42.97,91.15,0.85,-1,-1,-1
77,13,431.97,379.05,44.88,110.46,0.90,-1,-1,-1
77,14,393.20,399.61,27.44,66.18,0.88,-1,-1,-1
77,15,997.13,383.79,40.31,93.77,0.89,-1,-1,-1
77,9,1014.23,393.69,23.53,59.25,0.11,-1,-1,-1
77,7,1070.16,400.49,27.00,65.44,0.87,-1,-1,-1
77,18,352.78,388.63,28.75,69.34,0.88,-1,-1,-1
77,20,523.45,388.45,29.00,73.15,0.70,-1,-1,-1
77,22,537.37,343.74,102.35,287.01,0.93,-1,-1,-1
77,19,517.75,388.47,25.00,68.95,0.30,-1,-1,-1
77,16,446.68,383.01,35.60,88.26,0.51,-1,-1,-1
78,4,664.35,170.26,304.06,749.28,0.91,-1,-1,-1
78,8,216.17,390.16,43.32,91.95,0.88,-1,-1,-1
78,13,431.90,379.07,46.29,110.44,0.91,-1,-1,-1
78,14,392.81,399.02,27.46,66.10,0.89,-1,-1,-1
78,15,997.96,383.40,38.80,93.14,0.88,-1,-1,-1
78,9,1016.07,395.54,22.42,55.72,0.26,-1,-1,-1
78,7,1070.45,400.13,26.95,65.66,0.89,-1,-1,-1
78,18,351.50,388.03,29.16,69.73,0.89,-1,-1,-1
78,20,523.95,388.64,28.38,72.26,0.67,-1,-1,-1
78,22,528.54,341.65,110.52,289.72,0.94,-1,-1,-1
78,19,517.85,386.56,25.75,71.44,0.54,-1,-1,-1
78,16,446.62,385.36,35.47,86.96,0.12,-1,-1,-1
79,4,668.94,169.47,301.27,757.59,0.89,-1,-1,-1
79,8,214.65,390.62,42.20,92.09,0.83,-1,-1,-1
79,13,431.67,379.47,48.15,111.03,0.91,-1,-1,-1
79,14,392.64,399.20,27.47,66.36,0.88,-1,-1,-1
79,15,998.82,383.06,39.38,93.49,0.91,-1,-1,-1
79,7,1071.10,399.80,28.14,66.34,0.88,-1,-1,-1
79,18,349.84,388.65,29.60,69.57,0.87,-1,-1,-1
79,20,523.20,387.50,29.32,74.87,0.54,-1,-1,-1
79,22,519.41,338.62,119.98,295.32,0.93,-1,-1,-1
79,19,517.84,386.10,25.43,71.79,0.52,-1,-1,-1
80,4,673.43,168.78,303.09,766.86,0.91,-1,-1,-1
80,8,213.73,391.34,41.79,92.10,0.78,-1,-1,-1
80,13,431.76,379.42,48.98,111.09,0.91,-1,-1,-1
80,14,392.62,399.07,26.87,66.28,0.88,-1,-1,-1
80,15,999.61,383.07,39.57,93.45,0.90,-1,-1,-1
80,7,1072.37,399.94,27.40,65.98,0.89,-1,-1,-1
80,18,348.57,388.38,29.75,70.08,0.88,-1,-1,-1
80,20,522.93,388.34,26.72,69.38,0.41,-1,-1,-1
80,22,509.09,336.14,131.01,299.76,0.95,-1,-1,-1
80,19,517.85,385.45,25.29,69.51,0.68,-1,-1,-1
81,4,683.96,167.03,302.10,773.75,0.89,-1,-1,-1
81,8,209.94,390.93,43.80,92.84,0.87,-1,-1,-1
81,13,431.52,379.71,47.54,110.24,0.91,-1,-1,-1
81,14,392.35,398.76,26.65,66.26,0.87,-1,-1,-1
81,15,1000.65,383.52,39.65,93.30,0.91,-1,-1,-1
81,7,1073.02,399.40,28.32,66.45,0.88,-1,-1,-1
81,18,347.56,388.47,29.52,70.28,0.87,-1,-1,-1
81,22,500.05,334.21,140.47,309.46,0.95,-1,-1,-1
81,19,517.91,384.80,28.24,74.60,0.69,-1,-1,-1
82,4,688.91,164.82,304.15,772.53,0.89,-1,-1,-1
82,8,207.61,390.99,44.32,93.25,0.82,-1,-1,-1
82,13,431.26,379.57,48.62,109.92,0.92,-1,-1,-1
82,14,391.96,399.45,26.57,65.50,0.87,-1,-1,-1
82,15,1001.61,384.32,39.68,92.94,0.91,-1,-1,-1
82,7,1073.23,399.07,28.66,66.77,0.88,-1,-1,-1
82,18,346.48,389.45,29.13,69.45,0.88,-1,-1,-1
82,22,491.72,332.97,149.30,321.21,0.94,-1,-1,-1
82,19,518.20,385.05,26.46,67.77,0.55,-1,-1,-1
83,4,701.56,164.08,298.59,776.60,0.88,-1,-1,-1
83,8,204.70,391.33,45.60,94.26,0.89,-1,-1,-1
83,13,430.57,379.38,48.11,109.64,0.92,-1,-1,-1
83,14,391.38,400.63,27.14,64.60,0.87,-1,-1,-1
83,15,1001.88,384.66,39.68,93.09,0.91,-1,-1,-1
83,7,1073.19,398.69,29.97,67.47,0.88,-1,-1,-1
83,18,345.85,388.64,28.96,70.60,0.89,-1,-1,-1
83,22,484.00,333.86,157.24,328.33,0.94,-1,-1,-1
84,4,701.36,160.25,309.68,788.64,0.88,-1,-1,-1
84,8,202.30,391.41,46.51,94.32,0.89,-1,-1,-1
84,13,429.94,378.95,48.35,110.13,0.91,-1,-1,-1
84,14,391.11,401.02,27.05,64.26,0.87,-1,-1,-1
84,15,1002.59,384.43,39.67,93.14,0.90,-1,-1,-1
84,7,1073.20,398.34,31.62,68.16,0.88,-1,-1,-1
84,18,345.15,388.15,28.89,71.32,0.89,-1,-1,-1
84,22,476.61,333.78,164.26,332.79,0.95,-1,-1,-1
85,4,708.60,155.21,310.56,797.98,0.85,-1,-1,-1
85,8,200.03,391.55,46.92,94.79,0.87,-1,-1,-1
85,13,429.13,378.60,48.74,110.20,0.92,-1,-1,-1
85,14,390.73,400.68,29.11,64.60,0.85,-1,-1,-1
85,15,1002.97,384.77,39.67,93.02,0.87,-1,-1,-1
85,7,1073.91,396.86,33.42,69.76,0.86,-1,-1,-1
85,18,344.64,387.62,28.57,71.89,0.88,-1,-1,-1
85,22,469.88,333.45,170.37,343.14,0.94,-1,-1,-1
86,4,706.96,156.23,324.44,790.78,0.87,-1,-1,-1
86,8,198.92,391.77,46.39,94.78,0.88,-1,-1,-1
86,13,428.53,378.64,49.16,110.35,0.92,-1,-1,-1
86,14,390.76,400.87,28.12,64.42,0.86,-1,-1,-1
86,15,1004.78,385.38,38.46,93.12,0.81,-1,-1,-1
86,7,1075.22,396.35,32.95,71.23,0.86,-1,-1,-1
86,18,343.92,387.45,28.73,72.38,0.88,-1,-1,-1
86,22,463.96,332.94,174.33,353.16,0.94,-1,-1,-1
87,4,711.44,158.67,323.24,771.94,0.87,-1,-1,-1
87,8,197.87,392.08,46.53,95.80,0.85,-1,-1,-1
87,13,427.98,378.57,49.03,110.57,0.92,-1,-1,-1
87,14,390.30,399.80,28.01,65.85,0.83,-1,-1,-1
87,15,1007.85,384.75,35.59,94.05,0.79,-1,-1,-1
87,7,1078.06,396.64,31.57,71.35,0.87,-1,-1,-1
87,18,343.35,388.04,28.50,72.26,0.88,-1,-1,-1
87,22,458.33,333.42,177.48,362.68,0.95,-1,-1,-1
87,23,701.10,374.62,36.90,118.58,0.72,-1,-1,-1
88,4,713.81,157.06,325.87,774.62,0.89,-1,-1,-1
88,8,196.40,392.27,46.42,96.01,0.87,-1,-1,-1
88,13,427.62,378.32,49.41,110.79,0.92,-1,-1,-1
88,14,390.14,400.67,27.37,65.04,0.85,-1,-1,-1
88,15,1008.27,386.52,36.99,92.60,0.45,-1,-1,-1
88,7,1079.65,396.84,31.01,71.21,0.88,-1,-1,-1
88,18,342.29,388.06,28.71,72.64,0.88,-1,-1,-1
88,22,452.85,332.99,180.27,368.46,0.94,-1,-1,-1
88,23,701.08,375.76,36.92,117.56,0.85,-1,-1,-1
89,4,716.39,150.53,335.66,789.85,0.89,-1,-1,-1
89,8,193.29,392.18,48.65,95.92,0.87,-1,-1,-1
89,13,428.34,378.66,48.80,110.42,0.92,-1,-1,-1
89,14,389.74,400.83,29.22,64.88,0.86,-1,-1,-1
89,7,1081.47,397.05,30.79,70.98,0.88,-1,-1,-1
89,18,341.44,387.60,29.38,73.51,0.87,-1,-1,-1
89,22,446.95,331.23,183.51,375.83,0.94,-1,-1,-1
89,23,700.79,376.14,39.00,117.54,0.88,-1,-1,-1
90,4,718.70,144.44,341.81,797.50,0.89,-1,-1,-1
90,8,190.60,391.93,49.83,96.32,0.88,-1,-1,-1
90,13,428.58,378.61,47.94,110.14,0.91,-1,-1,-1
90,14,389.57,401.30,30.18,64.07,0.86,-1,-1,-1
90,7,1082.08,397.06,31.89,71.63,0.89,-1,-1,-1
90,18,340.52,387.24,29.32,74.28,0.86,-1,-1,-1
90,22,441.49,328.51,186.15,383.16,0.95,-1,-1,-1
90,23,699.97,375.73,41.73,118.38,0.87,-1,-1,-1
91,4,721.76,138.83,345.85,807.55,0.90,-1,-1,-1
91,8,188.86,391.45,49.97,96.73,0.88,-1,-1,-1
91,13,428.89,378.48,46.87,110.01,0.89,-1,-1,-1
91,14,389.44,401.22,28.50,63.61,0.87,-1,-1,-1
91,7,1083.40,397.05,32.29,71.40,0.89,-1,-1,-1
91,18,339.70,388.18,29.59,73.35,0.86,-1,-1,-1
91,22,437.01,325.05,188.19,388.01,0.95,-1,-1,-1
91,23,699.40,373.63,43.90,120.81,0.90,-1,-1,-1
92,4,726.06,138.64,350.14,818.57,0.90,-1,-1,-1
92,8,187.63,390.61,48.42,97.36,0.90,-1,-1,-1
92,13,429.98,378.05,44.84,110.17,0.87,-1,-1,-1
92,14,389.29,400.82,28.13,63.62,0.87,-1,-1,-1
92,7,1085.29,396.80,32.46,71.33,0.88,-1,-1,-1
92,18,338.26,388.18,30.30,73.76,0.88,-1,-1,-1
92,22,432.04,320.57,189.09,394.51,0.95,-1,-1,-1
92,23,698.95,371.69,44.62,122.28,0.90,-1,-1,-1
93,4,729.25,141.58,355.64,811.86,0.90,-1,-1,-1
93,8,186.17,389.41,48.21,97.85,0.90,-1,-1,-1
93,13,433.91,383.13,39.33,90.95,0.76,-1,-1,-1
93,14,389.43,399.48,27.69,64.80,0.87,-1,-1,-1
93,7,1086.95,397.04,32.50,71.57,0.87,-1,-1,-1
93,18,337.80,388.49,30.26,73.29,0.88,-1,-1,-1
93,22,428.75,315.56,187.89,403.81,0.95,-1,-1,-1
93,23,697.51,370.28,45.38,123.81,0.91,-1,-1,-1
94,4,733.87,135.69,361.18,834.06,0.89,-1,-1,-1
94,8,185.42,388.70,46.94,98.01,0.90,-1,-1,-1
94,13,432.67,381.65,41.30,99.14,0.70,-1,-1,-1
94,14,389.37,398.56,27.52,65.39,0.87,-1,-1,-1
94,7,1088.75,396.85,32.51,71.94,0.86,-1,-1,-1
94,18,337.25,388.64,30.24,73.09,0.86,-1,-1,-1
94,22,425.22,311.96,186.25,411.25,0.95,-1,-1,-1
94,23,697.03,369.37,48.02,125.07,0.93,-1,-1,-1
94,24,572.85,390.15,19.80,52.20,0.77,-1,-1,-1
95,4,739.85,136.11,360.42,845.01,0.87,-1,-1,-1
95,8,183.93,387.85,46.65,98.94,0.90,-1,-1,-1
95,13,433.00,382.41,39.35,92.96,0.73,-1,-1,-1
95,14,389.01,397.94,28.65,65.91,0.87,-1,-1,-1
95,7,1091.06,396.86,31.30,72.07,0.85,-1,-1,-1
95,18,336.00,389.31,30.81,72.12,0.85,-1,-1,-1
95,22,421.39,308.18,183.66,417.82,0.95,-1,-1,-1
95,23,695.92,369.43,51.31,126.09,0.93,-1,-1,-1
95,24,572.45,389.63,20.52,52.94,0.83,-1,-1,-1
96,4,745.33,137.91,361.70,853.00,0.88,-1,-1,-1
96,8,181.92,387.35,47.09,100.20,0.90,-1,-1,-1
96,13,433.56,385.09,37.29,87.68,0.48,-1,-1,-1
96,14,388.87,398.10,29.38,65.53,0.87,-1,-1,-1
96,7,1093.96,396.88,29.65,72.13,0.83,-1,-1,-1
96,18,335.37,389.65,31.34,71.77,0.87,-1,-1,-1
96,22,417.16,304.80,179.72,424.36,0.95,-1,-1,-1
96,23,696.78,369.83,53.15,127.67,0.93,-1,-1,-1
96,24,571.73,389.92,21.36,54.48,0.86,-1,-1,-1
96,25,591.75,392.85,19.80,48.60,0.75,-1,-1,-1
97,4,752.22,136.36,362.83,857.90,0.90,-1,-1,-1
97,8,181.06,386.98,46.64,100.48,0.89,-1,-1,-1
97,13,431.91,387.23,33.14,80.53,0.40,-1,-1,-1
97,14,388.88,397.97,29.65,65.81,0.88,-1,-1,-1
97,7,1096.01,396.39,30.25,72.87,0.69,-1,-1,-1
97,18,335.10,388.82,30.93,72.81,0.85,-1,-1,-1
97,22,411.94,302.67,175.07,434.67,0.94,-1,-1,-1
97,23,697.69,369.97,54.95,129.67,0.93,-1,-1,-1
97,24,571.82,389.44,20.95,53.95,0.86,-1,-1,-1
97,25,591.04,392.16,20.53,50.42,0.78,-1,-1,-1
98,4,758.20,140.09,363.08,842.89,0.90,-1,-1,-1
98,8,179.56,386.64,46.76,101.31,0.89,-1,-1,-1
98,13,432.05,389.82,26.72,66.39,0.41,-1,-1,-1
98,14,389.43,398.18,29.44,65.91,0.88,-1,-1,-1
98,7,1098.47,396.23,29.26,73.14,0.37,-1,-1,-1
98,18,333.65,387.43,31.65,74.24,0.89,-1,-1,-1
98,22,403.84,300.00,171.41,448.78,0.93,-1,-1,-1
98,23,698.89,370.62,55.58,129.78,0.93,-1,-1,-1
98,24,571.51,389.42,20.78,52.03,0.86,-1,-1,-1
98,25,590.89,392.01,20.66,52.15,0.80,-1,-1,-1
98,26,756.90,362.25,44.10,132.30,0.86,-1,-1,-1
99,4,763.30,144.65,364.46,830.56,0.90,-1,-1,-1
99,8,178.56,386.60,45.93,101.79,0.88,-1,-1,-1
99,14,389.74,398.47,29.37,66.57,0.87,-1,-1,-1
99,7,1099.50,393.78,30.12,76.96,0.48,-1,-1,-1
99,18,332.61,387.99,31.34,74.80,0.83,-1,-1,-1
99,22,386.82,299.50,176.14,460.25,0.92,-1,-1,-1
99,23,699.44,371.35,56.36,131.30,0.93,-1,-1,-1
99,24,570.78,389.73,21.39,53.39,0.86,-1,-1,-1
99,25,590.85,392.08,21.41,54.12,0.81,-1,-1,-1
99,26,757.73,362.53,44.84,132.57,0.88,-1,-1,-1
99,27,673.20,382.72,28.80,73.80,0.76,-1,-1,-1
100,4,768.23,144.14,362.75,827.64,0.90,-1,-1,-1
100,8,177.61,386.84,45.45,103.09,0.88,-1,-1,-1
100,14,390.11,398.65,29.04,67.22,0.88,-1,-1,-1
100,18,332.07,387.40,30.91,75.71,0.86,-1,-1,-1
100,22,359.76,299.63,192.06,481.37,0.91,-1,-1,-1
100,23,700.21,371.98,56.60,131.32,0.93,-1,-1,-1
100,24,570.57,389.75,21.59,53.51,0.87,-1,-1,-1
100,25,590.85,392.01,21.64,55.02,0.82,-1,-1,-1
100,26,757.88,363.07,46.37,131.73,0.90,-1,-1,-1
100,27,675.05,383.33,27.37,73.47,0.79,-1,-1,-1
100,28,613.80,387.22,18.90,46.35,0.70,-1,-1,-1
100,20,537.23,390.29,24.33,67.54,0.74,-1,-1,-1
101,4,774.82,144.60,360.40,822.34,0.90,-1,-1,-1
101,8,176.02,387.49,45.87,102.38,0.87,-1,-1,-1
101,14,390.07,399.60,27.71,66.28,0.85,-1,-1,-1
101,18,330.98,387.30,30.43,76.19,0.85,-1,-1,-1
101,22,338.90,300.46,203.70,488.34,0.89,-1,-1,-1
101,23,700.05,372.71,57.19,131.74,0.93,-1,-1,-1
101,24,569.73,390.23,21.65,52.93,0.87,-1,-1,-1
101,25,590.71,392.31,21.70,54.00,0.80,-1,-1,-1
101,26,757.77,364.47,47.56,131.95,0.90,-1,-1,-1
101,27,673.90,383.99,29.21,73.41,0.72,-1,-1,-1
101,20,536.12,390.26,25.58,69.08,0.87,-1,-1,-1
101,19,526.96,385.09,23.44,70.21,0.79,-1,-1,-1
102,4,777.97,143.39,363.09,823.74,0.90,-1,-1,-1
102,8,174.24,387.30,45.29,103.17,0.87,-1,-1,-1
102,14,390.46,400.42,25.38,65.20,0.35,-1,-1,-1
102,18,326.79,386.53,33.86,77.43,0.86,-1,-1,-1
102,22,327.85,301.70,209.73,503.69,0.88,-1,-1,-1
102,23,700.51,373.00,57.97,132.50,0.93,-1,-1,-1
102,24,569.30,390.57,21.66,52.73,0.88,-1,-1,-1
102,25,589.89,392.75,23.59,53.26,0.77,-1,-1,-1
102,26,757.59,365.91,48.57,132.40,0.91,-1,-1,-1
102,27,674.37,384.19,31.17,73.74,0.63,-1,-1,-1
102,20,535.68,390.29,27.73,69.86,0.86,-1,-1,-1
102,19,526.14,385.39,24.03,70.88,0.84,-1,-1,-1
103,4,785.61,141.89,361.95,826.24,0.90,-1,-1,-1
103,8,172.35,387.07,45.21,105.34,0.87,-1,-1,-1
103,18,325.51,386.07,32.23,78.60,0.86,-1,-1,-1
103,22,314.84,302.95,219.50,507.34,0.88,-1,-1,-1
103,23,700.83,372.76,58.21,133.30,0.93,-1,-1,-1
103,24,569.06,390.64,21.66,52.96,0.89,-1,-1,-1
103,25,588.89,392.70,24.26,54.20,0.77,-1,-1,-1
103,26,757.70,367.10,48.87,132.36,0.91,-1,-1,-1
103,20,535.40,390.39,29.12,69.84,0.86,-1,-1,-1
103,19,525.56,385.60,24.18,71.98,0.83,-1,-1,-1
104,4,792.83,138.82,362.30,834.44,0.89,-1,-1,-1
104,8,170.40,387.27,45.79,104.38,0.87,-1,-1,-1
104,18,324.23,385.74,34.51,79.47,0.85,-1,-1,-1
104,22,296.89,302.03,236.40,519.73,0.86,-1,-1,-1
104,23,701.29,371.93,58.83,134.90,0.93,-1,-1,-1
104,24,568.73,390.51,21.66,53.34,0.89,-1,-1,-1
104,25,587.37,392.84,23.89,56.36,0.82,-1,-1,-1
104,26,758.40,368.27,48.92,132.49,0.90,-1,-1,-1
104,20,536.48,390.88,28.48,69.22,0.82,-1,-1,-1
104,19,525.06,385.82,24.24,72.09,0.80,-1,-1,-1
105,4,796.22,135.59,364.45,843.06,0.89,-1,-1,-1
105,8,167.89,387.76,46.30,105.01,0.85,-1,-1,-1
105,18,322.63,385.73,34.17,79.05,0.83,-1,-1,-1
105,22,285.56,298.63,247.15,539.72,0.85,-1,-1,-1
105,23,700.28,370.98,60.79,136.65,0.92,-1,-1,-1
105,24,568.32,390.27,21.65,53.79,0.88,-1,-1,-1
105,25,586.19,392.84,23.71,56.24,0.80,-1,-1,-1
105,26,758.63,368.75,48.90,133.00,0.91,-1,-1,-1
105,20,536.28,390.72,28.20,69.58,0.81,-1,-1,-1
105,19,524.86,385.72,24.27,72.41,0.81,-1,-1,-1
106,4,799.69,136.31,368.14,837.22,0.89,-1,-1,-1
106,8,164.64,387.62,46.49,105.82,0.85,-1,-1,-1
106,18,321.92,384.66,32.83,76.93,0.26,-1,-1,-1
106,22,275.43,294.13,253.25,557.60,0.85,-1,-1,-1
106,23,700.18,368.99,62.07,139.49,0.93,-1,-1,-1
106,24,568.19,390.16,21.64,53.65,0.87,-1,-1,-1
106,25,585.78,393.12,22.42,51.94,0.82,-1,-1,-1
106,26,759.63,368.26,48.86,134.10,0.91,-1,-1,-1
106,20,535.90,390.33,27.48,70.01,0.81,-1,-1,-1
106,19,524.78,385.20,24.88,72.82,0.79,-1,-1,-1
107,4,804.97,128.73,370.10,851.76,0.87,-1,-1,-1
107,8,160.40,387.43,48.64,105.96,0.86,-1,-1,-1
107,18,320.50,385.03,29.00,78.66,0.19,-1,-1,-1
107,22,262.90,287.80,256.06,567.17,0.87,-1,-1,-1
107,23,700.15,367.35,61.95,141.72,0.93,-1,-1,-1
107,24,567.55,390.42,21.63,53.00,0.87,-1,-1,-1
107,25,585.35,393.24,21.91,49.94,0.83,-1,-1,-1
107,26,760.60,367.43,49.43,135.11,0.92,-1,-1,-1
107,20,536.33,390.18,26.60,69.58,0.82,-1,-1,-1
107,19,524.45,384.86,25.70,72.96,0.84,-1,-1,-1
107,16,440.81,380.99,41.16,104.14,0.83,-1,-1,-1
108,4,802.94,119.64,375.92,859.38,0.88,-1,-1,-1
108,8,158.82,387.21,48.87,106.76,0.86,-1,-1,-1
108,22,250.46,280.41,252.39,587.46,0.86,-1,-1,-1
108,23,700.73,366.43,59.52,143.73,0.93,-1,-1,-1
108,24,567.30,390.96,21.03,52.46,0.87,-1,-1,-1
108,25,584.89,393.27,21.73,50.79,0.83,-1,-1,-1
108,26,760.66,366.63,50.24,135.95,0.92,-1,-1,-1
108,20,535.54,390.12,27.49,68.82,0.79,-1,-1,-1
108,19,524.87,384.73,26.02,72.13,0.83,-1,-1,-1
108,16,441.15,380.83,40.78,106.19,0.88,-1,-1,-1
109,4,809.96,117.32,369.38,855.15,0.87,-1,-1,-1
109,8,156.57,386.79,47.75,106.74,0.86,-1,-1,-1
109,22,236.58,271.38,238.75,613.02,0.85,-1,-1,-1
109,23,701.53,365.81,56.70,144.44,0.93,-1,-1,-1
109,24,566.91,391.31,20.80,51.96,0.87,-1,-1,-1
109,25,584.12,393.27,22.25,51.09,0.82,-1,-1,-1
109,26,760.94,365.27,50.51,137.29,0.93,-1,-1,-1
109,20,532.86,390.70,30.17,67.62,0.80,-1,-1,-1
109,19,525.33,384.52,26.13,70.60,0.82,-1,-1,-1
109,16,439.78,380.61,42.13,106.17,0.91,-1,-1,-1
109,13,431.63,380.02,31.63,82.72,0.81,-1,-1,-1
110,4,818.82,117.83,369.60,852.89,0.87,-1,-1,-1
110,8,154.21,386.26,47.62,107.19,0.87,-1,-1,-1
110,22,224.24,262.34,218.46,621.59,0.88,-1,-1,-1
110,23,700.98,365.64,54.41,145.00,0.92,-1,-1,-1
110,24,566.21,391.03,20.72,52.09,0.88,-1,-1,-1
110,25,583.88,393.32,22.46,50.62,0.85,-1,-1,-1
110,26,761.40,363.44,50.61,138.26,0.93,-1,-1,-1
110,20,534.16,391.11,28.88,66.60,0.79,-1,-1,-1
110,19,525.80,384.19,25.58,70.64,0.83,-1,-1,-1
110,16,440.73,380.14,41.16,106.61,0.91,-1,-1,-1
110,13,429.97,379.57,33.48,83.56,0.87,-1,-1,-1
110,29,608.85,387.67,18.00,47.70,0.72,-1,-1,-1
111,4,822.46,116.86,373.07,855.90,0.87,-1,-1,-1
111,8,151.70,386.33,48.15,106.70,0.84,-1,-1,-1
111,22,209.92,250.20,212.92,641.57,0.89,-1,-1,-1
111,23,701.64,365.27,51.71,145.98,0.93,-1,-1,-1
111,24,565.66,390.74,20.68,52.42,0.88,-1,-1,-1
111,25,583.22,393.15,23.12,50.73,0.86,-1,-1,-1
111,26,761.49,361.39,50.61,139.59,0.93,-1,-1,-1
111,20,535.93,390.93,26.51,65.90,0.78,-1,-1,-1
111,19,525.70,383.90,25.95,71.23,0.83,-1,-1,-1
111,16,441.17,379.79,41.36,106.55,0.91,-1,-1,-1
111,13,427.24,379.55,36.59,83.36,0.88,-1,-1,-1
111,29,608.44,387.52,18.00,48.08,0.74,-1,-1,-1
112,4,829.63,114.30,372.10,880.78,0.84,-1,-1,-1
112,8,149.90,386.13,48.21,107.11,0.83,-1,-1,-1
112,22,180.49,241.60,226.81,657.15,0.91,-1,-1,-1
112,23,701.29,365.47,51.35,148.70,0.92,-1,-1,-1
112,24,565.46,390.37,20.68,52.86,0.88,-1,-1,-1
112,25,582.68,393.58,22.78,50.18,0.87,-1,-1,-1
112,26,762.44,359.45,50.01,142.19,0.93,-1,-1,-1
112,20,536.58,390.74,26.84,66.57,0.76,-1,-1,-1
112,19,525.63,384.58,26.09,70.57,0.82,-1,-1,-1
112,16,441.44,378.37,41.59,107.87,0.91,-1,-1,-1
112,13,425.70,379.78,37.12,83.09,0.87,-1,-1,-1
112,29,607.66,387.70,18.70,49.55,0.63,-1,-1,-1
113,4,843.47,111.93,374.02,887.90,0.85,-1,-1,-1
113,8,147.53,386.78,47.48,106.80,0.71,-1,-1,-1
113,22,141.22,232.75,256.54,683.38,0.91,-1,-1,-1
113,23,702.09,365.55,50.62,150.56,0.92,-1,-1,-1
113,24,564.54,390.37,20.68,52.72,0.88,-1,-1,-1
113,25,581.93,394.02,22.64,49.38,0.88,-1,-1,-1
113,26,762.80,358.27,50.96,144.46,0.93,-1,-1,-1
113,20,536.54,390.66,26.35,65.92,0.79,-1,-1,-1
113,19,525.05,384.83,26.14,70.31,0.82,-1,-1,-1
113,16,442.34,377.68,42.11,107.30,0.90,-1,-1,-1
113,13,424.00,379.30,38.15,83.81,0.88,-1,-1,-1
113,29,607.10,387.20,19.62,54.86,0.71,-1,-1,-1
113,30,823.95,367.20,65.70,161.55,0.76,-1,-1,-1
113,14,389.22,397.63,31.36,67.70,0.70,-1,-1,-1
114,4,851.42,110.38,384.15,886.84,0.86,-1,-1,-1
114,22,95.16,221.24,297.16,715.64,0.92,-1,-1,-1
114,23,702.98,365.56,50.35,152.07,0.92,-1,-1,-1
114,24,564.23,390.32,20.68,52.66,0.89,-1,-1,-1
114,25,581.69,394.29,21.98,48.77,0.87,-1,-1,-1
114,26,762.59,357.66,52.49,146.29,0.93,-1,-1,-1
114,20,537.74,390.13,25.56,65.38,0.73,-1,-1,-1
114,19,524.85,384.88,26.75,70.20,0.80,-1,-1,-1
114,16,443.16,376.96,41.26,108.07,0.90,-1,-1,-1
114,13,422.83,379.41,38.53,83.73,0.88,-1,-1,-1
114,29,606.61,387.47,19.25,53.39,0.76,-1,-1,-1
114,30,825.45,361.28,65.00,170.08,0.87,-1,-1,-1
114,14,389.08,397.49,31.33,67.78,0.78,-1,-1,-1
115,4,859.45,110.44,393.78,896.32,0.86,-1,-1,-1
115,22,45.02,214.15,341.46,752.96,0.90,-1,-1,-1
115,23,702.96,365.67,50.27,153.45,0.92,-1,-1,-1
115,24,563.52,390.55,20.68,52.33,0.89,-1,-1,-1
115,25,581.31,394.93,21.72,47.94,0.88,-1,-1,-1
115,26,762.75,357.69,53.05,147.66,0.94,-1,-1,-1
115,20,537.87,390.93,24.66,63.67,0.67,-1,-1,-1
115,19,525.94,385.45,25.20,69.86,0.74,-1,-1,-1
115,16,444.38,376.95,40.32,107.88,0.90,-1,-1,-1
115,13,422.26,379.29,38.35,84.23,0.88,-1,-1,-1
115,29,605.81,387.67,19.08,51.31,0.80,-1,-1,-1
115,30,825.37,358.51,65.56,175.45,0.89,-1,-1,-1
115,14,388.76,388.43,33.05,77.19,0.80,-1,-1,-1
116,4,863.78,108.87,407.79,918.39,0.85,-1,-1,-1
116,22,1.98,214.17,379.81,775.40,0.88,-1,-1,-1
116,23,702.71,365.85,51.48,154.06,0.92,-1,-1,-1
116,24,562.75,390.63,21.28,52.50,0.89,-1,-1,-1
116,25,581.26,394.55,20.43,48.25,0.88,-1,-1,-1
116,26,762.86,358.13,53.27,148.86,0.94,-1,-1,-1
116,20,538.27,391.69,24.34,61.52,0.53,-1,-1,-1
116,19,526.44,386.86,23.38,67.32,0.63,-1,-1,-1
116,16,445.05,376.84,40.44,107.33,0.88,-1,-1,-1
116,13,420.98,379.59,38.85,84.07,0.88,-1,-1,-1
116,29,604.98,387.72,19.01,49.22,0.73,-1,-1,-1
116,30,826.05,357.47,66.45,175.92,0.90,-1,-1,-1
116,14,388.73,391.29,31.98,74.77,0.75,-1,-1,-1
117,4,876.07,110.05,405.22,917.51,0.86,-1,-1,-1
117,22,-33.07,211.57,407.27,799.88,0.87,-1,-1,-1
117,23,702.28,365.79,52.53,155.61,0.93,-1,-1,-1
117,24,562.11,390.52,21.51,52.88,0.88,-1,-1,-1
117,25,580.28,394.40,20.56,48.39,0.88,-1,-1,-1
117,26,763.18,359.07,53.93,151.54,0.94,-1,-1,-1
117,20,538.34,391.20,24.85,62.91,0.61,-1,-1,-1
117,19,526.85,387.08,23.95,67.61,0.67,-1,-1,-1
117,16,445.48,377.24,40.48,106.99,0.87,-1,-1,-1
117,13,420.41,379.87,38.44,83.85,0.88,-1,-1,-1
117,29,601.24,387.90,22.10,52.29,0.75,-1,-1,-1
117,30,826.26,357.73,65.37,176.10,0.91,-1,-1,-1
117,14,388.16,391.52,30.93,74.72,0.72,-1,-1,-1
117,18,310.14,383.83,32.31,83.17,0.82,-1,-1,-1
118,4,891.87,109.67,399.19,924.09,0.85,-1,-1,-1
118,22,-40.32,210.95,407.98,826.29,0.84,-1,-1,-1
118,23,702.21,365.11,52.91,157.00,0.94,-1,-1,-1
118,24,562.01,390.24,21.59,53.31,0.88,-1,-1,-1
118,25,580.06,394.11,20.61,48.44,0.88,-1,-1,-1
118,26,763.96,359.96,54.15,153.08,0.94,-1,-1,-1
118,20,538.47,390.49,25.03,64.01,0.55,-1,-1,-1
118,19,527.11,387.22,22.94,66.81,0.47,-1,-1,-1
118,16,446.07,377.02,40.49,106.53,0.88,-1,-1,-1
118,13,420.07,379.91,38.24,83.72,0.88,-1,-1,-1
118,29,599.46,387.58,23.74,54.84,0.81,-1,-1,-1
118,30,827.35,357.66,64.96,175.87,0.92,-1,-1,-1
118,14,388.10,390.07,30.21,75.84,0.74,-1,-1,-1
118,18,310.04,383.65,32.47,83.78,0.86,-1,-1,-1
119,4,906.46,113.02,383.62,906.35,0.87,-1,-1,-1
119,22,-51.32,210.90,409.94,847.48,0.86,-1,-1,-1
119,23,702.43,364.00,53.65,158.65,0.92,-1,-1,-1
119,24,561.66,390.15,21.62,53.17,0.88,-1,-1,-1
119,25,579.97,393.72,20.63,48.76,0.88,-1,-1,-1
119,26,764.19,360.93,55.38,153.31,0.94,-1,-1,-1
119,20,540.57,390.24,24.50,64.43,0.68,-1,-1,-1
119,19,526.86,388.03,22.56,65.92,0.44,-1,-1,-1
119,16,446.26,376.97,39.89,106.93,0.87,-1,-1,-1
119,13,419.96,379.67,38.43,83.93,0.89,-1,-1,-1
119,29,599.04,387.63,24.39,54.59,0.83,-1,-1,-1
119,30,826.69,357.53,66.73,173.97,0.91,-1,-1,-1
119,14,387.92,390.00,30.22,76.09,0.72,-1,-1,-1
119,18,309.72,383.60,31.93,83.68,0.86,-1,-1,-1
120,4,920.64,111.36,373.98,899.30,0.87,-1,-1,-1
120,22,-75.53,203.83,421.43,883.07,0.82,-1,-1,-1
120,23,702.20,362.69,55.11,160.70,0.91,-1,-1,-1
120,24,561.53,389.95,21.03,53.42,0.88,-1,-1,-1
120,25,579.04,394.15,21.24,48.59,0.88,-1,-1,-1
120,26,764.55,361.43,55.84,153.79,0.94,-1,-1,-1
120,20,541.34,389.53,24.91,66.98,0.81,-1,-1,-1
120,19,531.01,387.10,23.04,67.42,0.73,-1,-1,-1
120,16,446.74,376.94,41.01,107.08,0.89,-1,-1,-1
120,13,419.63,380.02,39.07,82.94,0.89,-1,-1,-1
120,29,599.21,387.48,24.03,54.74,0.84,-1,-1,-1
120,30,827.35,357.34,67.35,172.78,0.92,-1,-1,-1
120,14,387.99,392.34,29.93,73.79,0.74,-1,-1,-1
120,18,308.74,384.31,31.71,83.18,0.88,-1,-1,-1
121,4,930.38,100.16,374.07,908.99,0.87,-1,-1,-1
121,22,-112.07,182.43,443.41,945.03,0.75,-1,-1,-1
121,23,701.54,361.31,57.42,162.33,0.89,-1,-1,-1
121,24,561.50,389.73,20.81,53.51,0.87,-1,-1,-1
121,25,578.71,394.01,22.06,48.84,0.87,-1,-1,-1
121,26,764.99,361.62,57.18,154.23,0.94,-1,-1,-1
121,20,542.20,389.70,25.07,67.65,0.78,-1,-1,-1
121,19,533.10,386.60,22.63,67.98,0.71,-1,-1,-1
121,16,447.35,378.28,41.88,105.79,0.89,-1,-1,-1
121,13,419.37,380.17,38.72,82.84,0.88,-1,-1,-1
121,29,599.33,387.12,23.85,55.07,0.84,-1,-1,-1
121,30,826.08,356.82,71.24,172.81,0.93,-1,-1,-1
121,14,387.71,388.94,31.30,76.92,0.79,-1,-1,-1
121,18,308.08,383.69,31.92,83.88,0.87,-1,-1,-1
122,4,942.04,92.42,366.93,914.88,0.85,-1,-1,-1
122,22,-160.29,151.75,472.44,1010.46,0.75,-1,-1,-1
122,23,700.71,359.59,61.21,164.66,0.92,-1,-1,-1
122,24,561.22,389.62,20.72,53.25,0.88,-1,-1,-1
122,25,578.32,393.93,22.38,48.93,0.87,-1,-1,-1
122,26,765.45,361.66,57.67,154.35,0.94,-1,-1,-1
122,20,543.41,389.01,25.13,68.49,0.79,-1,-1,-1
122,19,533.26,385.34,23.69,69.09,0.75,-1,-1,-1
122,16,448.31,378.32,41.17,105.45,0.89,-1,-1,-1
122,13,419.01,379.92,39.15,82.49,0.89,-1,-1,-1
122,29,600.02,386.66,23.16,55.46,0.84,-1,-1,-1
122,30,826.21,356.17,73.25,172.35,0.94,-1,-1,-1
122,14,387.92,388.84,31.52,76.59,0.77,-1,-1,-1
122,18,307.44,383.58,32.29,83.99,0.88,-1,-1,-1
123,4,952.64,87.22,358.16,894.50,0.86,-1,-1,-1
123,22,-188.21,146.03,466.42,1021.67,0.72,-1,-1,-1
123,23,699.51,357.78,65.51,167.26,0.92,-1,-1,-1
123,24,561.41,389.42,20.09,53.15,0.88,-1,-1,-1
123,25,578.17,393.59,22.49,49.27,0.88,-1,-1,-1
123,26,765.59,360.21,59.59,156.43,0.94,-1,-1,-1
123,20,544.72,389.48,25.15,68.21,0.82,-1,-1,-1
123,19,533.29,384.84,24.66,69.52,0.79,-1,-1,-1
123,16,448.64,378.76,41.78,103.98,0.88,-1,-1,-1
123,13,418.88,379.06,39.29,83.39,0.89,-1,-1,-1
123,29,601.80,386.03,21.67,56.18,0.83,-1,-1,-1
123,30,827.12,356.11,74.56,172.03,0.92,-1,-1,-1
123,14,388.72,389.70,30.99,75.24,0.77,-1,-1,-1
123,18,306.03,383.65,32.71,84.17,0.87,-1,-1,-1
123,8,126.62,383.96,46.19,115.86,0.80,-1,-1,-1
124,4,964.19,82.55,359.90,902.77,0.83,-1,-1,-1
124,22,-228.35,96.00,470.79,1128.36,0.52,-1,-1,-1
124,23,700.55,356.05,68.34,169.59,0.93,-1,-1,-1
124,24,561.51,388.58,19.86,53.72,0.86,-1,-1,-1
124,25,578.15,392.40,22.53,50.02,0.87,-1,-1,-1
124,26,766.90,358.45,59.73,157.54,0.93,-1,-1,-1
124,20,546.68,389.34,25.17,67.23,0.86,-1,-1,-1
124,19,534.46,384.34,23.87,70.00,0.79,-1,-1,-1
124,16,450.80,378.90,39.35,100.76,0.87,-1,-1,-1
124,13,419.99,377.83,38.45,84.04,0.89,-1,-1,-1
124,29,602.24,385.77,21.09,56.16,0.83,-1,-1,-1
124,30,827.29,354.88,79.18,173.79,0.94,-1,-1,-1
124,14,388.83,394.35,29.00,69.52,0.82,-1,-1,-1
124,18,304.85,383.06,33.46,84.55,0.87,-1,-1,-1
124,8,123.13,382.93,48.66,116.12,0.85,-1,-1,-1
125,4,975.19,76.25,353.24,911.49,0.85,-1,-1,-1
125,22,-262.23,91.06,435.66,1185.97,0.47,-1,-1,-1
125,23,701.77,355.57,72.27,173.16,0.93,-1,-1,-1
125,24,561.55,387.96,19.77,53.92,0.87,-1,-1,-1
125,25,578.14,391.49,23.13,50.58,0.88,-1,-1,-1
125,26,767.32,356.02,59.73,159.65,0.92,-1,-1,-1
125,20,547.69,388.83,25.17,67.13,0.87,-1,-1,-1
125,19,535.47,383.69,23.54,70.16,0.79,-1,-1,-1
125,16,452.24,379.09,37.78,98.18,0.87,-1,-1,-1
125,13,420.48,377.65,38.10,83.66,0.89,-1,-1,-1
125,29,602.39,385.23,20.86,56.40,0.85,-1,-1,-1
125,30,827.55,354.75,82.03,172.59,0.94,-1,-1,-1
125,14,389.07,395.07,29.14,68.05,0.81,-1,-1,-1
125,18,303.92,382.81,33.44,84.37,0.87,-1,-1,-1
125,8,119.82,381.94,50.87,116.18,0.87,-1,-1,-1
126,4,990.95,73.46,345.96,918.35,0.84,-1,-1,-1
126,23,702.81,355.19,74.91,173.90,0.93,-1,-1,-1
126,24,561.85,387.79,19.74,53.41,0.86,-1,-1,-1
126,25,578.13,391.22,23.35,50.79,0.88,-1,-1,-1
126,26,768.33,352.97,59.69,162.93,0.93,-1,-1,-1
126,20,548.01,388.71,25.16,66.50,0.87,-1,-1,-1
126,19,536.99,383.37,23.42,68.14,0.75,-1,-1,-1
126,16,453.46,377.55,40.11,102.26,0.89,-1,-1,-1
126,13,420.48,377.81,38.85,83.05,0.89,-1,-1,-1
126,29,602.44,384.94,20.77,56.48,0.84,-1,-1,-1
126,30,830.24,354.79,83.09,173.05,0.94,-1,-1,-1
126,14,389.27,392.48,30.08,70.42,0.80,-1,-1,-1
126,18,302.52,382.47,34.59,84.89,0.89,-1,-1,-1
126,8,117.70,381.16,51.12,116.93,0.85,-1,-1,-1
127,4,1006.07,76.54,341.04,908.00,0.82,-1,-1,-1
127,23,704.40,355.10,75.93,177.64,0.93,-1,-1,-1
127,24,561.99,387.78,19.14,54.10,0.82,-1,-1,-1
127,25,578.16,391.01,23.43,50.87,0.88,-1,-1,-1
127,26,770.51,350.23,59.08,165.17,0.93,-1,-1,-1
127,20,549.31,389.30,24.58,66.26,0.86,-1,-1,-1
127,19,537.85,383.75,23.38,67.67,0.70,-1,-1,-1
127,16,455.09,376.74,38.59,102.27,0.89,-1,-1,-1
127,13,423.61,378.23,36.18,82.37,0.90,-1,-1,-1
127,29,602.19,384.73,20.13,56.19,0.84,-1,-1,-1
127,30,831.34,354.70,85.20,172.47,0.94,-1,-1,-1
127,14,388.62,393.68,31.03,69.21,0.85,-1,-1,-1
127,18,301.88,382.55,34.74,84.93,0.89,-1,-1,-1
127,8,117.34,380.66,49.00,117.78,0.81,-1,-1,-1
128,4,1017.88,69.90,340.71,938.13,0.81,-1,-1,-1
128,23,707.09,354.53,76.31,181.36,0.94,-1,-1,-1
128,24,561.78,387.96,19.53,56.14,0.79,-1,-1,-1
128,25,578.23,391.28,23.47,50.60,0.88,-1,-1,-1
128,26,772.86,348.04,59.45,167.75,0.93,-1,-1,-1
128,20,551.00,388.67,24.97,66.77,0.85,-1,-1,-1
128,19,538.77,384.08,23.38,67.81,0.81,-1,-1,-1
128,16,455.39,376.34,40.43,102.43,0.90,-1,-1,-1
128,13,425.47,378.31,35.13,82.10,0.90,-1,-1,-1
128,29,602.15,384.84,19.90,56.07,0.84,-1,-1,-1
128,30,832.97,354.82,87.75,172.10,0.94,-1,-1,-1
128,14,389.86,393.45,30.82,69.20,0.84,-1,-1,-1
128,18,301.83,382.07,34.21,85.54,0.89,-1,-1,-1
128,8,115.13,379.99,50.29,118.98,0.86,-1,-1,-1
128,31,526.95,385.42,19.80,62.10,0.79,-1,-1,-1
129,4,1027.25,71.39,333.39,944.85,0.79,-1,-1,-1
129,23,709.31,355.53,77.54,182.43,0.94,-1,-1,-1
129,24,562.31,388.20,19.68,56.03,0.78,-1,-1,-1
129,25,578.26,391.40,23.47,50.50,0.88,-1,-1,-1
129,26,774.31,346.98,59.56,169.86,0.94,-1,-1,-1
129,20,552.20,388.46,25.11,66.97,0.86,-1,-1,-1
129,19,539.68,384.38,23.37,67.56,0.83,-1,-1,-1
129,16,455.35,375.91,42.70,103.40,0.91,-1,-1,-1
129,13,426.15,378.66,34.75,81.70,0.90,-1,-1,-1
129,29,602.14,384.91,19.81,56.01,0.85,-1,-1,-1
129,30,834.16,355.97,89.25,170.62,0.93,-1,-1,-1
129,14,390.64,393.68,31.01,69.21,0.85,-1,-1,-1
129,18,301.57,382.03,34.28,85.90,0.89,-1,-1,-1
129,8,114.43,380.33,49.01,119.11,0.75,-1,-1,-1
129,31,527.37,385.28,19.80,62.84,0.79,-1,-1,-1
130,4,1042.29,75.32,329.59,941.11,0.75,-1,-1,-1
130,23,710.95,355.20,79.14,183.80,0.93,-1,-1,-1
130,24,562.74,388.30,19.14,54.50,0.74,-1,-1,-1
130,25,578.50,391.15,22.88,50.75,0.87,-1,-1,-1
130,26,777.43,345.87,57.81,174.00,0.93,-1,-1,-1
130,20,553.42,388.38,24.57,67.04,0.87,-1,-1,-1
130,19,540.21,384.94,22.78,66.58,0.82,-1,-1,-1
130,16,455.38,376.04,43.72,103.47,0.90,-1,-1,-1
130,13,427.20,378.79,34.31,81.55,0.91,-1,-1,-1
130,29,602.07,385.23,20.39,55.67,0.85,-1,-1,-1
130,30,839.78,356.55,85.70,169.02,0.93,-1,-1,-1
130,14,390.99,394.05,31.68,68.92,0.87,-1,-1,-1
130,18,301.11,381.13,34.30,87.23,0.88,-1,-1,-1
130,8,112.03,379.72,49.81,118.99,0.84,-1,-1,-1
130,31,527.07,385.08,20.50,63.68,0.80,-1,-1,-1
131,4,1053.49,71.29,348.95,955.92,0.70,-1,-1,-1
131,23,713.90,354.99,78.56,185.31,0.93,-1,-1,-1
131,24,562.89,388.07,18.94,53.90,0.31,-1,-1,-1
131,25,578.60,390.96,22.65,51.15,0.88,-1,-1,-1
131,26,779.20,345.66,58.33,176.00,0.92,-1,-1,-1
131,20,553.83,387.79,25.57,67.67,0.87,-1,-1,-1
131,19,541.56,384.59,22.56,67.43,0.83,-1,-1,-1
131,16,457.67,375.99,40.60,102.48,0.89,-1,-1,-1
131,13,428.45,378.88,32.95,81.81,0.90,-1,-1,-1
131,29,601.46,385.40,21.20,55.84,0.87,-1,-1,-1
131,30,836.03,356.21,90.17,171.46,0.93,-1,-1,-1
131,14,391.97,394.98,32.52,68.08,0.87,-1,-1,-1
131,18,300.77,382.16,33.71,86.40,0.88,-1,-1,-1
131,8,109.04,379.25,50.56,119.54,0.84,-1,-1,-1
131,31,527.64,385.20,20.73,63.26,0.83,-1,-1,-1
132,4,1061.82,77.86,351.18,965.91,0.70,-1,-1,-1
132,23,716.70,354.27,78.83,187.19,0.93,-1,-1,-1
132,25,578.03,390.67,21.95,51.57,0.88,-1,-1,-1
132,26,779.11,345.85,62.07,179.53,0.93,-1,-1,-1
132,20,555.14,387.22,25.34,68.76,0.89,-1,-1,-1
132,19,542.04,384.99,23.08,68.02,0.86,-1,-1,-1
132,16,458.42,375.18,40.99,103.39,0.91,-1,-1,-1
132,13,429.26,378.87,33.37,82.16,0.90,-1,-1,-1
132,29,600.91,386.74,20.91,54.38,0.86,-1,-1,-1
132,30,841.46,356.76,85.39,172.74,0.93,-1,-1,-1
132,14,392.85,397.22,32.82,66.09,0.88,-1,-1,-1
132,18,300.35,382.67,33.17,86.17,0.87,-1,-1,-1
132,8,107.42,379.50,50.41,120.99,0.83,-1,-1,-1
132,31,527.84,385.53,20.78,62.74,0.84,-1,-1,-1
133,4,1068.85,84.26,347.48,960.15,0.68,-1,-1,-1
133,23,717.82,353.82,80.09,189.66,0.93,-1,-1,-1
133,25,577.54,390.52,21.70,52.34,0.88,-1,-1,-1
133,26,780.03,347.22,62.90,182.94,0.93,-1,-1,-1
133,20,556.21,387.26,25.26,69.20,0.88,-1,-1,-1
133,19,542.20,385.84,23.87,68.26,0.84,-1,-1,-1
133,16,459.85,375.58,40.85,103.77,0.91,-1,-1,-1
133,13,430.11,379.56,32.94,82.02,0.90,-1,-1,-1
133,29,600.45,387.95,20.80,53.54,0.87,-1,-1,-1
133,30,845.83,356.76,81.30,174.47,0.93,-1,-1,-1
133,14,393.14,397.40,33.53,66.13,0.88,-1,-1,-1
133,18,299.69,382.82,33.28,86.85,0.88,-1,-1,-1
133,8,104.63,379.71,52.11,121.57,0.87,-1,-1,-1
133,31,528.23,385.55,20.79,63.24,0.84,-1,-1,-1
133,32,1044.00,385.65,36.00,93.60,0.78,-1,-1,-1
134,4,1075.80,77.80,344.91,968.29,0.71,-1,-1,-1
134,23,718.53,352.58,81.72,192.73,0.93,-1,-1,-1
134,25,578.01,390.73,21.01,52.32,0.88,-1,-1,-1
134,26,781.53,348.60,63.20,183.28,0.93,-1,-1,-1
134,20,557.81,387.53,24.04,69.35,0.88,-1,-1,-1
134,19,543.16,386.12,23.59,68.06,0.84,-1,-1,-1
134,16,460.70,375.70,41.39,104.20,0.92,-1,-1,-1
134,13,431.35,379.50,32.19,82.55,0.90,-1,-1,-1
134,29,600.91,388.50,20.16,53.22,0.87,-1,-1,-1
134,30,848.93,357.00,78.22,175.99,0.93,-1,-1,-1
134,14,394.02,397.27,33.50,66.61,0.89,-1,-1,-1
134,18,299.23,382.40,33.32,87.53,0.88,-1,-1,-1
134,8,103.52,379.64,52.20,121.89,0.85,-1,-1,-1
134,31,528.71,385.84,20.78,63.09,0.84,-1,-1,-1
134,32,1044.94,386.06,37.46,93.63,0.80,-1,-1,-1
135,4,1080.42,80.15,352.28,964.26,0.70,-1,-1,-1
135,23,719.04,351.40,85.21,196.06,0.93,-1,-1,-1
135,25,578.46,390.81,20.14,52.31,0.87,-1,-1,-1
135,26,785.30,349.76,60.93,185.41,0.93,-1,-1,-1
135,20,558.62,387.93,23.57,68.52,0.87,-1,-1,-1
135,19,543.75,386.21,23.47,67.99,0.85,-1,-1,-1
135,16,461.39,377.67,42.03,103.04,0.92,-1,-1,-1
135,13,431.88,379.01,32.37,83.21,0.91,-1,-1,-1
135,29,601.07,388.85,19.31,53.11,0.86,-1,-1,-1
135,30,849.69,357.11,76.15,175.40,0.93,-1,-1,-1
135,14,393.85,397.48,34.06,66.81,0.89,-1,-1,-1
135,18,298.27,381.76,34.22,88.53,0.88,-1,-1,-1
135,8,102.44,379.71,52.58,122.16,0.84,-1,-1,-1
135,31,528.83,386.24,20.77,62.73,0.84,-1,-1,-1
135,32,1045.19,386.35,39.10,93.13,0.87,-1,-1,-1
136,4,1090.70,82.52,346.80,941.49,0.76,-1,-1,-1
136,23,716.85,349.78,90.00,200.21,0.93,-1,-1,-1
136,25,578.57,390.98,19.84,52.31,0.86,-1,-1,-1
136,26,786.65,351.53,62.42,186.61,0.93,-1,-1,-1
136,20,559.43,388.23,24.61,68.79,0.87,-1,-1,-1
136,19,544.18,385.78,24.03,68.26,0.86,-1,-1,-1
136,16,463.32,377.96,41.09,103.35,0.91,-1,-1,-1
136,13,431.99,378.67,33.05,84.20,0.90,-1,-1,-1
136,29,600.77,388.65,19.00,53.68,0.86,-1,-1,-1
136,30,851.08,357.58,72.98,174.72,0.92,-1,-1,-1
136,14,394.43,397.40,33.39,67.35,0.85,-1,-1,-1
136,18,296.08,381.82,36.03,88.32,0.87,-1,-1,-1
136,8,100.97,379.75,50.50,123.43,0.81,-1,-1,-1
136,31,528.50,386.37,21.38,62.91,0.85,-1,-1,-1
136,32,1045.14,386.57,41.04,94.17,0.87,-1,-1,-1
137,4,1098.84,87.79,343.52,910.08,0.77,-1,-1,-1
137,23,719.09,349.14,89.54,203.44,0.93,-1,-1,-1
137,25,578.93,391.17,19.13,52.29,0.86,-1,-1,-1
137,26,788.26,352.02,63.56,188.27,0.93,-1,-1,-1
137,20,559.71,388.61,25.59,68.58,0.86,-1,-1,-1
137,19,544.92,385.44,24.23,68.35,0.86,-1,-1,-1
137,16,464.66,379.25,40.72,102.55,0.91,-1,-1,-1
137,13,432.34,379.12,33.02,83.96,0.88,-1,-1,-1
137,29,600.07,388.84,19.49,53.58,0.86,-1,-1,-1
137,30,851.47,357.41,74.89,173.81,0.93,-1,-1,-1
137,14,395.88,397.64,31.92,67.54,0.87,-1,-1,-1
137,18,294.61,381.99,36.72,89.24,0.88,-1,-1,-1
137,8,100.39,381.12,48.93,121.65,0.85,-1,-1,-1
137,31,528.69,386.39,21.59,63.27,0.86,-1,-1,-1
137,32,1046.97,387.24,40.34,93.48,0.89,-1,-1,-1
138,4,1102.75,91.60,335.05,894.75,0.78,-1,-1,-1
138,23,722.01,348.76,86.32,204.47,0.94,-1,-1,-1
138,25,579.07,391.21,18.87,52.28,0.86,-1,-1,-1
138,26,789.42,351.47,65.14,190.47,0.93,-1,-1,-1
138,20,560.96,388.88,24.78,68.50,0.87,-1,-1,-1
138,19,545.47,385.13,24.31,68.69,0.87,-1,-1,-1
138,16,465.71,379.39,40.58,102.85,0.91,-1,-1,-1
138,13,433.04,379.55,32.41,83.56,0.87,-1,-1,-1
138,29,599.82,389.02,19.68,53.55,0.86,-1,-1,-1
138,30,851.89,357.19,75.87,173.63,0.93,-1,-1,-1
138,14,397.31,397.53,30.14,67.78,0.87,-1,-1,-1
138,18,293.76,382.00,37.55,89.58,0.88,-1,-1,-1
138,8,98.69,381.13,48.98,121.69,0.84,-1,-1,-1
138,31,528.75,386.21,21.66,63.10,0.86,-1,-1,-1
138,32,1048.27,387.31,40.00,93.40,0.88,-1,-1,-1
139,4,1108.61,98.53,311.43,853.41,0.81,-1,-1,-1
139,23,723.72,348.90,83.81,207.40,0.93,-1,-1,-1
139,25,579.14,391.51,18.80,51.67,0.83,-1,-1,-1
139,26,790.43,350.20,68.08,192.56,0.92,-1,-1,-1
139,20,562.02,389.11,24.46,67.56,0.84,-1,-1,-1
139,19,545.68,384.84,24.33,68.51,0.85,-1,-1,-1
139,16,466.09,378.97,41.12,103.41,0.90,-1,-1,-1
139,13,433.30,379.70,32.79,83.10,0.88,-1,-1,-1
139,29,599.16,389.06,20.35,53.54,0.85,-1,-1,-1
139,30,852.00,357.07,78.04,173.54,0.92,-1,-1,-1
139,14,398.45,397.76,29.48,67.27,0.86,-1,-1,-1
139,18,292.47,382.44,38.45,89.54,0.89,-1,-1,-1
139,8,94.33,380.84,52.15,123.17,0.83,-1,-1,-1
139,31,528.80,386.12,21.68,63.04,0.86,-1,-1,-1
139,32,1049.32,386.64,41.12,93.69,0.87,-1,-1,-1
140,4,1112.66,96.56,298.89,838.44,0.76,-1,-1,-1
140,23,724.89,348.41,79.21,209.30,0.93,-1,-1,-1
140,25,579.15,391.32,18.77,51.73,0.82,-1,-1,-1
140,26,792.76,347.68,68.59,196.20,0.92,-1,-1,-1
140,20,562.67,389.04,24.94,68.10,0.86,-1,-1,-1
140,19,546.61,384.74,24.33,68.44,0.85,-1,-1,-1
140,16,467.39,379.54,40.72,103.16,0.90,-1,-1,-1
140,13,433.84,380.34,32.78,82.32,0.88,-1,-1,-1
140,29,598.91,388.92,20.59,53.53,0.86,-1,-1,-1
140,30,853.73,356.75,77.66,173.49,0.93,-1,-1,-1
140,14,399.61,398.12,28.33,66.48,0.85,-1,-1,-1
140,18,291.45,382.75,39.35,89.06,0.89,-1,-1,-1
140,8,92.93,380.40,52.10,124.00,0.80,-1,-1,-1
140,31,529.10,386.09,21.68,63.00,0.86,-1,-1,-1
140,32,1048.98,386.58,41.49,93.32,0.85,-1,-1,-1
141,4,1121.32,95.73,302.10,826.58,0.78,-1,-1,-1
141,23,726.55,348.09,76.24,213.08,0.93,-1,-1,-1
141,25,579.17,391.10,18.78,52.06,0.77,-1,-1,-1
141,26,797.51,346.42,70.53,197.29,0.92,-1,-1,-1
141,20,563.79,389.31,24.53,67.42,0.81,-1,-1,-1
141,19,547.84,384.40,23.74,68.13,0.83,-1,-1,-1
141,16,468.74,381.54,41.18,100.71,0.91,-1,-1,-1
141,13,433.85,382.38,32.64,80.25,0.86,-1,-1,-1
141,29,598.26,388.71,21.28,53.84,0.84,-1,-1,-1
141,30,854.74,356.47,75.44,174.26,0.91,-1,-1,-1
141,14,401.21,398.26,26.70,65.60,0.86,-1,-1,-1
141,18,290.45,381.97,40.57,90.08,0.89,-1,-1,-1
141,8,89.89,380.39,53.59,123.29,0.55,-1,-1,-1
141,31,529.22,385.92,21.68,63.31,0.84,-1,-1,-1
141,32,1050.17,384.85,41.61,94.90,0.88,-1,-1,-1
142,4,1128.95,87.71,314.41,833.63,0.77,-1,-1,-1
142,23,727.95,347.70,75.20,218.85,0.94,-1,-1,-1
142,25,579.70,393.74,18.20,49.21,0.68,-1,-1,-1
142,26,800.67,343.45,70.12,200.72,0.93,-1,-1,-1
142,20,564.68,389.61,24.38,67.17,0.81,-1,-1,-1
142,19,548.79,384.62,23.53,67.42,0.82,-1,-1,-1
142,16,469.40,381.89,41.96,99.94,0.92,-1,-1,-1
142,13,433.73,380.33,33.21,80.98,0.84,-1,-1,-1
142,29,598.23,388.82,19.79,53.36,0.83,-1,-1,-1
142,30,857.41,357.26,74.02,173.66,0.92,-1,-1,-1
142,14,400.72,398.07,27.38,65.59,0.87,-1,-1,-1
142,18,288.95,381.91,39.02,90.60,0.88,-1,-1,-1
142,8,85.46,379.91,56.19,124.79,0.82,-1,-1,-1
142,31,528.87,385.76,21.68,63.73,0.85,-1,-1,-1
142,32,1051.76,384.20,40.44,94.57,0.82,-1,-1,-1
143,4,1135.01,88.57,324.68,825.47,0.75,-1,-1,-1
143,23,729.90,347.57,72.92,222.40,0.94,-1,-1,-1
143,25,579.60,393.49,17.97,49.32,0.67,-1,-1,-1
143,26,801.78,340.75,71.61,204.41,0.93,-1,-1,-1
143,20,565.29,389.66,24.30,67.06,0.84,-1,-1,-1
143,19,549.13,384.35,24.02,67.44,0.84,-1,-1,-1
143,16,470.55,381.48,42.21,99.19,0.91,-1,-1,-1
143,13,433.72,379.34,33.09,80.35,0.82,-1,-1,-1
143,29,597.34,388.51,19.78,53.47,0.82,-1,-1,-1
143,30,858.28,357.89,74.04,173.10,0.92,-1,-1,-1
143,14,400.45,397.74,27.60,65.73,0.87,-1,-1,-1
143,18,287.48,382.21,40.71,90.62,0.89,-1,-1,-1
143,8,84.14,379.11,55.89,124.87,0.74,-1,-1,-1
143,31,528.46,385.63,22.25,63.57,0.86,-1,-1,-1
143,32,1051.57,384.04,42.38,95.02,0.87,-1,-1,-1
144,4,1143.51,109.67,315.81,781.09,0.72,-1,-1,-1
144,23,731.47,347.56,71.53,224.84,0.93,-1,-1,-1
144,25,579.55,393.43,17.91,49.37,0.71,-1,-1,-1
144,26,802.72,339.88,73.94,204.74,0.93,-1,-1,-1
144,20,565.77,389.27,23.69,67.62,0.85,-1,-1,-1
144,19,549.22,384.44,24.22,68.05,0.85,-1,-1,-1
144,16,470.92,380.77,42.92,100.13,0.91,-1,-1,-1
144,13,433.83,378.88,31.43,76.82,0.75,-1,-1,-1
144,29,595.21,388.27,20.98,53.51,0.83,-1,-1,-1
144,30,860.06,358.26,73.80,172.44,0.90,-1,-1,-1
144,14,399.99,397.98,28.01,65.79,0.87,-1,-1,-1
144,18,286.47,381.52,40.76,91.51,0.88,-1,-1,-1
144,8,82.38,378.63,55.81,122.81,0.72,-1,-1,-1
144,31,528.58,385.49,22.47,63.81,0.86,-1,-1,-1
144,32,1053.28,384.10,41.90,94.73,0.87,-1,-1,-1
144,33,434.92,389.70,33.52,71.55,0.82,-1,-1,-1
145,4,1153.06,112.83,308.77,770.11,0.62,-1,-1,-1
145,23,732.31,347.01,71.65,227.76,0.93,-1,-1,-1
145,25,579.82,394.47,17.29,48.50,0.55,-1,-1,-1
145,26,805.96,338.29,75.98,209.36,0.92,-1,-1,-1
145,20,566.80,389.59,22.86,66.06,0.76,-1,-1,-1
145,19,549.81,385.24,24.29,65.31,0.80,-1,-1,-1
145,16,472.78,377.68,40.82,102.74,0.89,-1,-1,-1
145,13,433.83,380.25,33.23,78.70,0.85,-1,-1,-1
145,29,593.26,387.76,22.01,53.84,0.82,-1,-1,-1
145,30,860.40,357.68,75.21,172.67,0.92,-1,-1,-1
145,14,399.32,397.93,28.48,65.98,0.87,-1,-1,-1
145,18,285.06,381.71,40.76,91.99,0.88,-1,-1,-1
145,8,79.30,378.31,55.90,122.47,0.76,-1,-1,-1
145,31,528.32,385.30,22.55,64.20,0.84,-1,-1,-1
145,32,1054.56,384.48,40.49,94.33,0.84,-1,-1,-1
146,4,1164.09,123.34,302.58,749.71,0.50,-1,-1,-1
146,23,732.29,345.93,72.92,230.51,0.93,-1,-1,-1
146,25,579.05,394.09,17.68,49.08,0.39,-1,-1,-1
146,26,807.75,337.70,77.89,213.65,0.93,-1,-1,-1
146,20,567.20,389.55,23.16,66.36,0.78,-1,-1,-1
146,19,550.35,385.39,24.91,63.95,0.81,-1,-1,-1
146,16,474.11,376.07,40.59,104.16,0.90,-1,-1,-1
146,13,434.32,380.88,34.60,79.53,0.84,-1,-1,-1
146,29,592.28,387.70,22.98,53.95,0.79,-1,-1,-1
146,30,861.68,357.00,74.55,173.17,0.91,-1,-1,-1
146,14,398.98,397.75,28.95,66.20,0.87,-1,-1,-1
146,18,284.20,381.49,40.15,92.15,0.88,-1,-1,-1
146,8,76.62,377.45,56.28,121.57,0.73,-1,-1,-1
146,31,528.27,385.08,23.17,64.63,0.85,-1,-1,-1
146,32,1054.98,384.31,41.15,94.46,0.86,-1,-1,-1
147,4,1179.35,129.61,278.63,714.90,0.31,-1,-1,-1
147,23,731.61,344.62,74.01,233.26,0.93,-1,-1,-1
147,25,578.41,394.06,17.83,49.31,0.20,-1,-1,-1
147,26,809.23,338.21,80.35,217.75,0.92,-1,-1,-1
147,20,567.25,388.61,23.88,66.78,0.72,-1,-1,-1
147,19,550.76,385.27,24.56,63.17,0.80,-1,-1,-1
147,16,474.79,375.57,41.12,104.27,0.90,-1,-1,-1
147,13,434.27,381.68,34.70,79.27,0.84,-1,-1,-1
147,29,592.14,387.96,22.78,53.70,0.74,-1,-1,-1
147,30,863.59,356.87,71.62,171.16,0.88,-1,-1,-1
147,14,398.75,397.95,29.43,66.29,0.87,-1,-1,-1
147,18,282.92,381.23,40.79,92.65,0.87,-1,-1,-1
147,8,70.75,377.11,59.82,124.53,0.68,-1,-1,-1
147,31,528.18,384.97,23.40,64.80,0.84,-1,-1,-1
147,32,1056.31,384.23,39.01,94.22,0.82,-1,-1,-1
148,4,1193.19,131.47,272.35,715.26,0.27,-1,-1,-1
148,23,730.69,343.92,76.23,236.56,0.93,-1,-1,-1
148,26,810.59,338.38,81.27,222.01,0.92,-1,-1,-1
148,20,567.52,388.49,24.74,67.24,0.77,-1,-1,-1
148,19,550.87,385.45,25.01,63.81,0.81,-1,-1,-1
148,16,474.69,375.04,43.10,104.74,0.90,-1,-1,-1
148,13,433.77,379.98,35.17,81.57,0.87,-1,-1,-1
148,29,592.40,387.99,22.10,53.61,0.76,-1,-1,-1
148,30,866.05,356.59,70.53,172.19,0.88,-1,-1,-1
148,14,399.22,398.11,28.44,66.33,0.86,-1,-1,-1
148,18,281.27,381.08,40.15,93.57,0.88,-1,-1,-1
148,8,67.40,376.94,61.07,127.55,0.77,-1,-1,-1
148,31,527.83,385.17,23.48,64.86,0.85,-1,-1,-1
148,32,1056.14,384.87,40.61,93.53,0.84,-1,-1,-1
149,4,1205.01,184.77,239.56,618.83,0.35,-1,-1,-1
149,23,729.08,341.79,80.01,241.36,0.93,-1,-1,-1
149,26,812.44,339.37,79.25,224.12,0.91,-1,-1,-1
149,20,566.97,388.32,25.66,68.31,0.83,-1,-1,-1
149,19,550.86,385.69,25.18,65.55,0.74,-1,-1,-1
149,16,474.01,376.21,44.43,104.75,0.90,-1,-1,-1
149,13,432.52,379.37,36.67,82.71,0.87,-1,-1,-1
149,29,591.31,388.32,22.42,53.86,0.73,-1,-1,-1
149,30,868.95,356.51,68.63,172.87,0.89,-1,-1,-1
149,14,397.58,397.89,29.56,67.24,0.84,-1,-1,-1
149,18,278.60,382.09,41.37,93.74,0.88,-1,-1,-1
149,8,64.30,377.07,61.75,128.83,0.75,-1,-1,-1
149,31,526.78,385.41,24.09,65.17,0.85,-1,-1,-1
149,32,1057.76,385.58,38.81,93.11,0.86,-1,-1,-1
149,34,1197.90,390.82,41.40,94.27,0.82,-1,-1,-1
